11 9.614580e-008 781.958000 531.419000
9 9.808880e-008 781.958000 531.419000
10 8.880450e-008 744.575303 563.915148
4 2.665920e-007 732.135463 574.728891
9 7.382570e-008 723.713681 582.049803
5 1.698510e-006 625.098708 667.794937
11 3.953060e-008 788.582413 601.743424
10 1.618170e-007 648.542082 503.272501
4 6.056410e-008 661.635003 494.104736
10 1.147740e-007 773.711302 365.977048
10 1.657460e-007 676.500917 476.241066
4 5.239250e-008 659.121399 551.520833
5 1.681690e-007 643.876349 617.555101
9 6.392910e-008 585.619894 601.145037
10 2.197520e-007 631.730374 485.860678
4 1.891680e-008 653.852000 514.034057
10 8.933490e-006 732.621001 471.618413
4 7.137720e-008 702.948866 522.626449
9 8.482670e-008 788.178549 670.248601
11 1.440080e-007 811.593231 638.406041
10 3.074490e-007 783.636897 567.057053
4 7.470830e-007 724.125870 618.788985
5 3.017790e-008 787.312250 642.796266
9 7.430860e-008 880.939811 669.643837
11 3.184340e-008 920.735386 659.496021
10 1.920140e-007 815.344360 550.568093
4 7.818060e-007 776.316137 618.166947
5 2.816830e-008 778.648501 633.821069
9 7.429370e-008 848.943212 570.527689
10 8.551800e-007 764.130315 515.485379
4 8.117620e-008 827.483318 503.170729
9 1.588750e-007 760.652872 665.446569
11 2.577240e-008 708.981951 710.363408
5 1.714790e-007 703.421215 715.197281
2 1.526120e-007 639.307595 822.886407
3 7.956450e-007 863.614874 933.704667
11 9.587190e-008 829.279750 906.481701
9 9.876000e-008 681.945629 825.659563
2 9.051590e-008 672.675017 788.477581
5 6.365920e-007 643.984882 673.584486
4 6.377980e-008 635.387494 670.455284
6 4.706670e-008 443.804918 592.131039
5 3.715350e-008 609.029511 585.386996
4 1.252530e-007 702.612767 578.843192
10 6.213920e-008 706.996126 578.536686
9 6.575400e-008 788.023881 572.870824
10 1.170260e-007 609.768763 486.390920
5 1.559030e-007 563.424267 591.921365
4 2.850590e-008 555.577800 596.451540
6 1.390030e-007 457.818704 602.383893
6 3.773980e-008 295.027080 541.952237
7 2.952690e-008 201.142063 531.249996
7 5.334670e-008 147.324126 505.437977
6 1.325990e-007 356.572226 589.612692
7 6.436440e-008 225.989195 739.247537
8 2.086610e-007 249.340121 794.258857
6 1.911070e-007 315.494162 744.864345
8 1.042790e-007 91.425830 733.305174
7 1.926900e-007 87.292277 729.836715
6 9.483120e-008 277.651783 745.536419
7 2.423340e-007 130.672707 679.451539
8 7.016020e-008 109.907442 756.948222
6 2.873340e-008 252.578208 804.704040
8 2.683990e-006 176.752604 802.720177
7 1.150150e-007 181.064616 651.054187
6 1.737610e-008 176.340859 640.484742
2 8.944510e-008 360.386784 914.270828
8 1.937600e-008 128.692842 936.731369
7 7.539370e-008 135.116501 766.661289
8 4.130240e-007 161.343514 863.282723
8 1.778880e-008 345.883955 859.420100
6 5.848450e-007 395.282199 723.697921
8 4.607170e-008 182.164408 968.673857
6 1.477020e-008 251.109821 948.129206
8 2.432900e-007 126.494214 808.348502
8 2.334430e-008 410.136456 856.167725
2 5.294140e-008 383.944758 793.840085
6 6.242600e-007 331.415110 728.970979
8 3.377650e-008 375.670014 916.056130
2 1.074150e-007 397.323095 935.147388
8 3.753340e-007 139.681691 887.444448
7 1.250330e-007 50.057743 799.138637
8 2.325200e-008 250.456553 725.667790
6 5.801190e-008 260.294821 655.666866
7 1.455360e-006 60.960038 631.610533
8 4.124660e-008 134.805773 720.487469
7 4.539350e-008 172.545763 775.954367
8 8.275030e-007 203.176391 847.721099
6 3.492210e-008 360.372371 909.327720
2 4.823340e-008 379.033243 826.355240
6 3.074130e-006 367.048182 656.370781
7 1.043330e-007 173.958922 593.627214
6 1.129040e-007 358.281258 578.501079
5 2.973710e-007 565.479437 641.455438
10 1.416020e-007 594.792205 505.044438
10 1.993080e-007 632.819236 557.228975
4 2.557800e-008 668.795624 624.890319
5 5.786390e-008 674.678506 635.873377
9 1.454000e-007 678.885798 636.615255
11 5.768130e-008 833.277236 663.839344
10 6.660850e-008 745.532212 621.096029
4 7.089520e-008 829.917668 592.040006
9 1.800760e-008 845.383005 586.714904
11 6.528090e-008 773.469915 678.451139
5 7.811050e-008 743.562987 653.162553
10 1.367630e-007 812.564573 572.870334
4 8.294070e-008 888.195954 648.501212
9 1.096030e-007 849.887816 753.982037
11 9.776680e-007 842.602416 760.315100
3 6.484240e-008 798.466781 798.681395
4 2.125680e-008 886.679648 545.709156
10 2.004780e-006 746.329028 502.629866
5 3.354870e-006 580.214029 676.087686
9 7.842280e-008 539.718444 630.549486
6 3.217100e-008 500.910771 511.112332
10 6.731800e-008 610.355742 557.806216
4 1.976370e-007 694.358280 595.206644
5 5.795190e-008 570.164839 539.912272
2 4.654640e-008 578.484646 681.930182
9 2.383020e-008 628.762674 607.390639
4 5.458970e-008 658.556710 563.219577
10 3.561540e-007 647.918162 538.491949
5 1.666340e-008 567.150547 519.845083
6 1.071440e-007 490.220664 698.976933
2 7.296690e-009 659.245728 767.267105
9 9.146200e-008 662.390124 768.537516
11 1.492230e-007 726.998215 776.261371
4 4.759670e-008 727.342947 776.237266
5 6.481820e-008 754.308445 774.351708
3 1.709380e-007 812.378949 770.291140
9 9.185320e-008 556.254855 758.371946
2 5.395350e-008 506.603410 746.714810
5 2.767930e-007 504.061514 732.299001
6 7.110510e-008 484.461531 621.141948
6 1.413930e-007 358.141789 587.839002
5 3.147790e-008 373.587741 561.923602
6 3.462070e-007 401.709538 627.007990
6 4.121240e-007 336.031234 754.456528
8 7.282040e-009 336.702236 749.682080
6 1.172930e-007 245.561469 751.729138
8 1.015640e-007 241.060385 753.456929
7 4.235190e-008 185.219944 762.139851
8 2.161110e-005 187.781862 835.502490
6 3.485270e-008 160.223789 667.798393
8 7.163740e-008 112.649608 678.682167
7 5.234390e-007 116.407667 668.892094
6 1.522640e-006 328.263009 651.091411
5 3.067520e-007 547.806582 615.981331
9 7.677200e-008 660.002979 621.083998
4 1.334110e-007 702.845803 610.402175
10 1.083070e-007 768.787341 617.967330
11 7.059270e-008 790.206325 692.664178
3 1.513560e-007 802.502921 784.571087
5 7.608560e-008 693.699933 726.719919
9 1.038830e-007 669.540807 642.782257
4 2.823650e-007 712.845495 594.687766
10 4.491480e-007 774.011395 530.783922
11 1.551660e-007 888.636110 734.353652
3 7.005630e-008 874.742725 822.072198
9 2.343240e-008 767.957785 940.335970
2 1.437840e-007 673.454602 852.490552
11 9.543540e-008 686.660744 790.651754
5 2.918860e-008 693.023439 793.222452
4 8.434140e-009 760.963746 820.672139
3 1.961730e-007 843.034756 853.831004
9 3.301190e-008 802.811584 804.729170
11 2.900610e-007 890.066982 814.457514
4 3.249190e-007 809.992837 661.380480
9 2.630130e-007 805.298719 671.004885
5 3.720770e-008 736.858615 810.527238
3 2.141310e-008 703.365113 868.539662
2 1.689170e-007 624.686966 970.658175
5 9.818050e-008 646.495174 820.947453
9 8.443490e-008 613.409629 792.771340
11 2.298680e-008 578.510863 775.750045
2 1.260200e-008 499.670156 737.296793
6 5.557230e-008 474.272884 782.437991
5 1.920300e-006 597.939587 733.487682
9 6.201460e-008 587.142110 665.316086
4 3.124670e-008 582.138798 640.443828
2 8.734130e-008 540.979474 723.200068
6 1.227250e-007 486.878399 669.098636
5 1.179340e-007 476.462901 629.573090
4 2.269210e-007 681.793589 573.393949
9 8.377430e-008 692.849590 560.675473
10 1.773890e-006 744.429270 501.339828
11 1.207630e-007 740.284527 704.113875
5 1.520960e-007 666.961629 761.400104
4 1.731510e-008 657.208662 782.719457
9 1.875230e-007 673.996602 781.250684
2 5.286340e-008 686.654845 780.143218
3 4.121770e-008 794.304587 799.752877
11 1.037500e-007 713.293645 871.146498
9 4.888240e-008 860.056132 851.423083
4 2.039880e-008 664.372247 739.779756
5 4.073420e-007 655.390350 713.694236
10 6.321170e-008 639.138147 644.144124
9 8.881160e-007 687.665945 748.213247
11 2.127800e-007 744.382215 761.716486
3 9.188520e-008 895.091486 745.445161
4 1.030750e-008 897.945478 761.630695
9 5.252300e-008 749.080555 900.336560
11 4.010150e-008 752.826035 901.849835
3 1.214120e-006 899.785690 961.225497
2 4.089330e-008 746.480718 778.419498
5 6.910770e-008 757.006942 692.687856
4 2.582590e-007 758.067782 684.047763
9 1.102890e-007 755.937802 669.160662
11 7.294570e-008 752.052471 670.972430
6 2.919050e-008 432.098871 501.027590
5 5.399310e-007 553.130216 642.077924
9 1.392420e-007 599.069186 768.294436
2 4.480720e-008 684.104866 848.449782
11 7.109820e-008 755.857559 906.554262
3 1.791480e-007 761.796561 861.337779
4 4.614820e-007 736.547688 687.173527
5 6.093310e-008 734.166223 674.921954
9 4.697040e-008 705.442022 527.148769
10 6.026570e-007 704.738664 523.530308
10 6.344680e-008 833.050540 401.307068
4 5.132060e-008 720.856576 531.122482
9 1.240940e-007 802.219743 635.249481
11 5.945730e-008 799.974687 638.706554
5 5.240640e-007 628.611081 773.146191
2 9.453080e-008 554.457650 756.026700
10 4.637240e-007 655.312340 527.729228
4 9.487630e-008 656.193883 521.456902
9 5.188370e-008 657.057106 515.314920
10 2.181640e-007 752.564299 351.301124
4 6.398880e-008 692.317285 474.383167
10 9.484470e-008 604.548146 498.456464
5 7.508900e-008 673.716951 584.559381
4 1.000770e-007 716.903033 580.780998
9 9.892890e-008 767.318604 576.370102
10 5.144490e-008 785.000511 573.920861
6 7.191590e-008 414.153185 529.820507
5 6.936040e-008 597.092307 549.005339
10 2.185180e-007 645.067300 489.761266
4 5.474290e-008 688.584400 436.022224
10 8.476570e-008 769.026323 352.489883
10 1.002820e-007 780.558197 406.034459
10 1.034240e-007 791.360790 406.949180
10 5.474690e-008 798.436078 357.038327
10 1.655780e-007 689.974303 386.281680
10 1.659390e-007 636.017716 529.170334
4 5.873070e-008 590.720026 570.430257
5 1.763990e-007 584.248526 571.688186
6 2.316590e-007 347.877618 589.819367
7 6.621190e-008 181.186143 612.195587
6 1.818300e-007 289.843488 592.266856
7 2.110470e-007 114.097431 569.312037
7 7.912220e-008 78.418899 507.132925
7 2.214670e-007 135.432304 596.562072
6 1.516080e-007 435.438996 594.908652
5 1.091340e-007 474.957383 596.968127
10 8.634160e-008 701.553790 590.150506
4 1.889250e-007 707.608389 590.786857
5 8.666070e-008 735.045939 593.670599
9 1.066230e-007 732.322750 556.961576
10 4.138270e-008 704.001112 380.541267
10 1.682210e-007 743.453885 409.810111
10 8.640930e-008 789.767635 366.038694
4 4.490060e-008 664.106798 493.762044
9 2.220200e-007 736.077452 610.979073
11 3.490690e-008 797.353660 582.405565
10 1.250460e-007 809.838061 541.570872
4 1.000710e-007 688.339090 496.820183
6 1.624280e-007 457.328507 604.130757
5 1.937970e-007 545.285777 641.466406
6 7.744900e-008 370.024596 810.056234
8 2.795920e-007 242.645774 875.260676
2 7.024690e-008 394.246452 913.897452
6 4.968710e-008 234.460828 774.690663
7 1.263920e-007 140.871178 733.021997
8 1.406200e-007 86.618212 708.867097
6 3.318590e-008 394.286428 828.886045
8 3.702860e-008 180.686942 905.161113
7 2.810020e-008 223.832856 736.055336
6 1.643540e-007 271.459104 726.717479
8 2.016120e-007 244.631851 806.687569
6 3.393870e-008 229.962610 814.487348
7 4.651950e-007 120.755905 680.003017
8 9.646640e-008 328.440791 806.432276
6 8.863000e-008 341.855729 783.398760
7 9.817300e-008 51.286262 793.503040
8 1.431360e-007 123.181863 861.801412
6 5.251120e-008 226.039303 832.864960
8 3.962660e-007 208.181914 843.174948
7 2.638360e-008 210.402127 732.915892
6 4.628110e-007 401.801509 732.289975
2 6.404470e-008 349.011513 856.654697
8 1.424510e-008 302.116943 814.465076
7 4.052290e-007 119.407295 656.863089
8 4.043320e-007 128.282399 804.774638
6 9.608780e-009 147.997638 761.750542
7 2.236470e-007 75.214472 739.498563
8 1.257500e-007 269.307442 763.715680
6 6.058700e-008 325.876480 832.931099
7 5.307820e-007 60.212146 668.401175
6 3.496370e-008 173.244154 669.656111
8 7.355560e-008 105.905818 720.399300
7 2.100360e-007 19.218850 788.166763
8 3.110850e-008 60.938175 943.865747
6 5.760940e-008 247.146764 655.908078
7 3.873940e-008 257.236109 653.763524
8 1.794110e-007 241.619966 750.946190
8 4.626910e-008 169.189566 946.498683
8 1.874290e-008 157.198506 977.172998
8 9.580400e-008 211.026089 917.520779
6 1.008900e-007 220.088519 711.770153
8 1.008430e-007 246.464887 931.061259
6 6.211950e-008 304.292123 805.938869
5 1.816970e-008 381.291891 720.946879
8 6.699430e-008 224.354193 762.367161
7 3.610510e-007 63.606243 713.221700
6 1.580220e-007 379.630164 744.659462
8 3.087670e-008 383.887196 742.395941
10 5.120830e-008 566.689289 532.315223
5 6.132490e-008 459.563935 583.513009
6 1.123090e-007 472.093740 570.076495
9 4.132630e-008 680.783712 550.287268
4 1.699570e-007 688.929505 544.792857
10 3.831880e-007 696.968297 539.370619
5 5.120340e-008 703.471693 534.984020
11 1.061110e-007 730.216101 722.469461
4 2.159050e-008 522.687810 514.206935
10 2.424090e-008 512.919097 513.523835
5 3.257170e-008 505.016236 512.971209
6 2.055920e-007 419.255549 622.261338
8 1.664620e-007 293.625618 846.023392
6 1.343340e-007 306.088356 771.424974
8 2.791850e-007 227.719376 801.428549
8 2.228230e-008 267.716334 987.839265
6 6.783280e-008 217.074242 811.966007
8 5.173260e-008 33.942487 729.620823
7 7.520420e-007 24.326276 709.904740
6 5.917680e-008 203.655852 776.410106
8 1.377520e-007 98.871845 903.834184
7 3.571010e-008 28.541124 843.227624
8 5.480780e-008 76.400083 914.180143
6 3.958610e-008 314.851346 826.009712
8 4.752710e-008 319.872902 866.906348
6 1.162870e-007 262.483179 707.574209
8 1.297500e-007 227.464870 733.016341
7 7.161780e-008 148.797019 778.810923
6 4.832500e-008 271.401042 877.781781
8 5.261920e-008 233.430263 888.390372
7 1.116310e-007 65.924593 753.408042
8 1.735370e-008 24.570073 754.245289
7 2.028670e-008 272.896841 706.742562
6 3.231310e-007 283.965541 707.710959
8 2.213800e-008 348.218804 713.332452
7 3.162420e-008 100.322547 868.386408
8 1.091110e-007 147.036047 924.057534
2 2.227810e-008 296.028142 808.446812
6 9.858090e-008 228.666808 738.692076
8 9.271140e-007 168.123517 882.191837
7 1.602200e-007 113.686909 731.981475
8 4.908040e-007 136.654694 834.802258
6 1.344550e-007 261.659402 728.744305
8 4.705640e-008 142.597408 915.087614
2 8.239320e-008 392.627196 865.288300
8 4.074810e-007 207.679040 863.346831
7 5.997850e-008 146.136902 731.369057
6 4.268750e-007 315.298405 761.493392
8 1.011480e-007 313.885601 799.970703
7 1.755230e-007 184.265063 708.426931
6 4.876090e-008 190.127272 693.155268
8 4.927450e-008 191.439939 667.886575
8 2.619380e-008 334.700925 1002.026696
6 1.216300e-007 288.096567 852.396270
8 5.774450e-008 337.657649 770.163010
6 1.246190e-007 258.943727 657.999519
7 1.274840e-008 157.430949 800.765478
8 5.638220e-008 217.626908 950.913357
