11 9.614580e-008 781.958000 531.419000
9 9.808880e-008 781.958000 531.419000
10 8.880450e-008 744.575303 563.915148
4 2.665920e-007 732.135463 574.728891
9 7.382570e-008 723.713681 582.049803
5 1.698510e-006 625.098708 667.794937
11 3.953060e-008 788.582413 601.743424
10 1.618170e-007 648.542082 503.272501
4 6.056410e-008 661.635003 494.104736
10 1.147740e-007 773.711302 365.977048
10 1.657460e-007 676.500917 476.241066
4 5.239250e-008 659.121399 551.520833
5 1.681690e-007 643.876349 617.555101
9 6.392910e-008 585.619894 601.145037
10 2.197520e-007 631.730374 485.860678
4 1.891680e-008 653.852000 514.034057
10 8.933490e-006 732.621001 471.618413
4 7.137720e-008 702.948866 522.626449
9 8.482670e-008 788.178549 670.248601
11 1.440080e-007 811.593231 638.406041
10 3.074490e-007 783.636897 567.057053
4 7.470830e-007 724.125870 618.788985
5 3.017790e-008 787.312250 642.796266
9 7.430860e-008 880.939811 669.643837
11 3.184340e-008 920.735386 659.496021
