4 4.542990e-008 741.794980 566.332035
8 2.031350e-006 629.339410 666.081587
7 1.205650e-007 650.861147 657.386266
3 4.636460e-008 796.949283 598.362999
4 8.700900e-007 783.581118 408.717128
4 1.344710e-007 690.368287 403.083506
8 2.351270e-006 642.847494 622.011608
7 3.249710e-008 578.862332 596.587016
2 2.847930e-007 470.058761 514.685726
10 1.509400e-007 743.390472 86.041541
8 1.620930e-007 653.852000 523.168999
4 9.143050e-008 696.044609 300.109389
4 4.375920e-008 704.373820 525.094543
8 8.223090e-008 748.566803 601.639039
3 4.166790e-008 815.228207 629.842520
8 5.050820e-008 802.523109 647.157958
3 9.506080e-008 917.585459 650.347924
4 1.135870e-007 818.665995 544.814854
8 4.772280e-008 790.068672 623.538344
4 2.661990e-008 741.794166 519.827113
3 3.501270e-008 810.679265 611.122179
8 5.601230e-008 756.372061 669.167820
7 1.427520e-007 636.913893 773.011204
6 5.923430e-008 712.739645 965.774287
3 2.685300e-008 687.532029 848.065141
7 1.065460e-007 683.684256 832.632739
8 5.411150e-007 644.149177 674.067956
2 2.174830e-007 452.723023 570.057728
8 3.974250e-007 561.986654 584.609869
2 6.081220e-009 582.517830 586.406049
3 2.737750e-008 708.194897 531.465430
8 1.431680e-007 474.782954 527.541917
2 2.236170e-007 454.971819 533.222736
11 1.175070e-008 557.974172 182.105112
2 5.989590e-008 583.721274 427.887187
8 4.763820e-007 614.909728 562.196117
7 9.268950e-008 473.195146 644.015352
2 8.288890e-007 441.742580 469.922500
2 1.157360e-007 475.576535 397.228253
11 4.674840e-008 394.652424 262.548977
2 8.347410e-008 520.502786 376.724610
11 8.642600e-008 300.469221 304.730551
11 9.100480e-009 190.072323 179.079891
11 1.374360e-007 219.993982 174.770767
11 4.444020e-008 153.270185 197.779253
11 1.983590e-007 248.446330 146.355440
11 2.892270e-008 201.480691 20.749048
11 1.229710e-007 220.525609 163.703474
2 1.148190e-007 343.091565 426.195071
2 1.658880e-007 294.326710 535.503232
9 1.679900e-007 248.528585 792.346998
5 1.426120e-008 304.284614 779.364325
9 7.126160e-008 271.249083 750.019634
9 1.474590e-007 256.623982 811.785714
9 6.892770e-008 213.431877 700.895270
9 4.026090e-007 321.581527 936.674974
5 1.795320e-006 276.528439 962.686294
9 1.808470e-007 225.896653 809.116188
5 3.581230e-008 226.789533 808.366972
9 2.577410e-007 378.584980 769.573700
5 4.438150e-008 167.553125 974.324232
9 1.613880e-007 277.298797 909.227341
5 4.556940e-008 137.436677 844.139054
9 2.640020e-007 259.011580 869.389755
5 3.719050e-008 359.453037 860.602056
7 3.647700e-008 324.691548 720.668021
9 1.506530e-007 229.145457 866.396479
5 3.582330e-007 321.870973 901.640727
5 1.524950e-007 216.076684 882.859121
9 4.714420e-008 145.730520 850.056099
9 1.156690e-007 214.875940 832.614567
5 3.232310e-007 235.605043 900.416660
9 5.688360e-007 363.653129 905.478215
5 5.421160e-008 378.036068 831.485205
2 5.146810e-007 318.803272 513.268176
2 3.656540e-008 199.711739 529.076787
7 2.207090e-007 572.496964 644.290671
8 4.076640e-007 574.626644 645.151107
8 2.979900e-007 638.854994 568.580517
7 2.053390e-008 762.223581 651.310340
3 1.517350e-007 817.088477 660.984754
8 1.335750e-007 757.216144 617.072959
3 1.474880e-007 774.278820 677.552756
7 4.303390e-008 745.670227 645.813627
4 3.004750e-008 875.234090 635.539434
3 1.559070e-005 855.776156 748.863411
6 1.481620e-007 789.017681 806.895323
4 1.131070e-007 839.849685 470.427738
8 1.153470e-007 674.863825 530.340207
7 1.204080e-007 584.628275 669.290363
2 2.250180e-008 578.188558 543.484430
8 6.445900e-007 680.690935 589.121536
7 4.336430e-007 546.989712 704.690451
8 5.001380e-007 641.037110 589.193209
2 1.520840e-007 483.952641 500.637133
7 2.689500e-007 515.072520 709.017678
8 2.510150e-007 602.522023 744.349370
3 7.016360e-007 822.361912 769.593083
6 4.794850e-008 824.180389 769.465926
7 2.875930e-007 634.985313 721.659489
8 2.049700e-007 628.055812 724.890755
2 1.378730e-008 478.585294 587.816148
2 1.156570e-007 310.931934 576.068127
8 2.312470e-008 378.347027 564.671378
2 1.008140e-007 394.098125 675.064085
7 1.903580e-008 377.086526 772.686585
9 3.042480e-007 358.540762 809.084805
5 2.480120e-008 328.600071 807.332232
9 4.567600e-008 234.897799 755.822584
9 1.295560e-007 311.570297 699.583831
2 3.060330e-007 406.324299 547.362760
7 8.393290e-008 571.042567 643.264128
8 5.668720e-007 578.020568 641.524332
3 2.539340e-007 794.137455 706.373653
6 1.060000e-007 817.335493 787.274797
7 3.231140e-007 643.291630 699.917537
8 2.765240e-007 636.340221 696.221433
4 1.650340e-008 809.781770 580.017949
3 2.267380e-007 868.336012 660.611490
6 7.000390e-008 876.051104 813.811498
7 1.241630e-007 709.006048 799.679850
3 7.564980e-008 819.711886 844.407946
6 4.024670e-007 821.367170 845.076725
8 6.466220e-008 783.706750 750.549903
3 1.430180e-007 845.657751 681.533740
6 4.227060e-008 845.076496 679.845656
7 3.623190e-008 688.339708 894.564416
9 1.230030e-007 495.807807 864.156804
7 7.667070e-007 588.228925 780.489868
8 1.268740e-007 510.041503 742.355246
9 9.522850e-008 454.475489 928.363486
7 1.381510e-006 597.583647 731.240397
8 1.921310e-006 581.634340 630.541900
7 8.780850e-008 478.787223 629.246437
2 9.022860e-008 516.942982 623.884145
8 6.225670e-007 582.937304 614.609507
4 1.345600e-007 785.564597 454.019039
3 1.541290e-007 804.543579 653.909111
8 2.023190e-007 713.809265 724.798653
7 3.707850e-007 665.036543 762.904148
6 4.958240e-008 822.913375 768.221993
3 1.302510e-008 685.380106 865.201628
6 1.117380e-007 737.563401 801.932920
7 4.122840e-008 654.618395 711.452298
8 4.609170e-007 647.102092 689.623203
3 5.112680e-008 698.700718 767.325483
6 3.923970e-008 799.479208 754.951409
3 3.231060e-008 785.130934 914.901885
6 4.087450e-007 791.608816 917.519124
3 9.892130e-008 718.541657 686.598857
8 3.021830e-007 666.573122 710.832304
7 8.409390e-007 594.533638 744.425035
2 6.184720e-008 511.206417 473.567205
10 1.977000e-008 486.918637 196.478168
11 2.200510e-007 408.149682 228.303103
10 1.233740e-007 642.420552 156.872309
11 3.895300e-008 512.971207 291.573315
2 8.241370e-008 295.140265 352.818713
11 3.082890e-007 307.374370 255.819636
2 6.942470e-008 444.429791 333.948005
11 1.752020e-008 411.214880 10.390758
10 1.193260e-008 583.696285 102.460768
2 4.285700e-008 342.068973 331.523295
11 5.558730e-008 338.305833 333.198756
11 6.223340e-008 343.009424 323.004225
2 6.841160e-008 328.392338 305.007913
10 1.268900e-007 598.819650 131.837428
11 5.624360e-008 429.448291 262.748602
2 4.842790e-008 466.408713 287.470695
11 6.753930e-008 475.501301 116.639906
2 8.857330e-008 441.975881 376.230368
11 3.832750e-008 213.157402 337.864284
11 2.329530e-007 276.476818 162.757842
11 6.905980e-008 262.894852 105.519153
11 2.804170e-008 242.468563 162.718601
11 1.320680e-007 254.142304 222.321636
11 2.695230e-008 215.808151 267.517359
11 3.009150e-008 329.038111 292.700389
11 2.796850e-008 520.951246 111.600942
10 1.966140e-007 674.081318 112.908504
11 2.296970e-007 364.013523 133.099301
2 2.276160e-008 255.670647 306.725307
11 2.788110e-008 285.484443 333.849237
10 9.292370e-008 579.443454 178.478156
2 2.033540e-007 404.001784 339.155400
11 4.341500e-008 354.533267 358.238330
8 1.571480e-007 532.597599 585.664922
7 5.394140e-007 565.070802 674.884474
6 2.250490e-007 760.513927 910.324934
3 2.274770e-007 748.145318 764.202636
8 9.384590e-008 729.112329 648.921923
4 3.271290e-007 762.091994 449.177200
4 2.447440e-006 810.164806 412.469232
8 7.399400e-008 736.689141 544.885596
3 1.223790e-007 792.048534 650.911724
7 4.463850e-008 699.279210 789.461045
6 1.533920e-008 609.023319 768.624047
8 2.087460e-007 538.062751 701.262227
4 6.478870e-008 689.361846 352.575043
4 2.911980e-008 770.304374 202.509474
8 1.396280e-007 628.339671 501.800130
2 6.466330e-007 468.542911 479.342257
8 8.277070e-008 772.581346 575.909661
3 3.695750e-008 668.524780 575.953921
2 3.198340e-007 426.436461 535.419727
8 2.026150e-007 609.971444 533.100959
4 1.668680e-007 710.183663 409.349405
4 2.942660e-008 765.487610 251.150245
4 4.269840e-007 812.483512 366.609740
4 6.159110e-007 801.121949 329.058465
4 7.404050e-008 789.063701 296.639730
8 5.535800e-008 657.521510 486.461675
4 6.037300e-008 815.861000 224.798556
4 9.177020e-007 856.199231 359.091328
4 3.692770e-007 733.549559 370.238690
4 3.594660e-008 647.482997 475.229654
8 1.849430e-007 574.857707 573.513573
2 1.094740e-007 415.104229 599.267406
2 2.375010e-008 303.569293 480.736261
2 3.046280e-007 361.022237 563.320619
8 2.163080e-007 478.357602 601.648108
7 2.872650e-008 436.519082 544.062563
2 1.936770e-008 569.353749 576.256014
8 1.411310e-007 729.350356 593.071982
4 1.033710e-007 701.832260 468.410512
4 6.882570e-008 780.091150 323.203981
4 1.960970e-007 889.474065 322.290656
4 1.355360e-007 742.676419 286.709160
8 1.838360e-007 692.321161 556.944241
3 1.037350e-007 803.328882 562.861468
4 2.641780e-007 834.673653 460.337200
8 8.916650e-008 587.472689 523.977910
2 6.720810e-008 458.227941 553.816745
2 5.638440e-007 458.976680 497.053889
2 7.367310e-008 504.802456 624.282254
8 2.853400e-007 529.695891 634.848891
7 1.261690e-007 552.604624 644.573072
9 2.675150e-007 405.301023 793.606496
5 4.832330e-008 258.258640 862.173780
9 7.107930e-008 271.455612 791.161750
9 3.831600e-007 383.908277 809.818555
5 4.214400e-007 316.218997 940.377920
9 3.762190e-008 222.368035 737.801043
5 2.934290e-008 359.461971 841.008919
7 6.200740e-008 402.052941 722.985233
9 8.875190e-008 313.463839 770.088927
9 3.123240e-007 236.587359 831.044318
5 6.791140e-008 295.737599 815.195066
9 6.017190e-007 245.052381 921.002105
5 2.516780e-007 249.879993 924.773899
9 5.606760e-008 222.474265 720.552090
5 3.493180e-008 305.619370 819.858394
9 7.838140e-008 242.084458 722.022221
9 6.611050e-008 150.378149 762.478334
9 9.368260e-007 327.542157 834.781025
5 4.364000e-008 275.694394 777.198139
5 5.386030e-008 198.828004 890.992037
9 2.223160e-007 253.911541 843.364113
