6 1.779110e-007 677.312209 240.100365
3 1.006510e-007 765.182435 310.762465
6 3.110150e-007 542.211444 222.805413
7 1.994990e-007 666.680832 133.974878
3 2.159560e-007 674.865988 128.860243
10 2.063410e-007 737.472153 89.739704
9 2.796870e-007 740.006342 88.156172
6 1.512960e-006 564.429294 245.227779
6 9.245050e-008 726.322184 275.591300
3 3.433060e-007 784.224510 228.703318
5 1.436580e-007 442.213547 596.069861
5 1.431840e-008 571.159001 585.412316
5 7.496640e-008 422.629513 516.273785
6 2.177310e-007 515.288339 247.909888
7 4.426460e-008 556.401392 272.203460
5 1.323730e-007 458.123349 652.717089
5 2.026640e-008 420.020677 440.458123
6 2.511670e-007 503.223985 265.688096
2 3.997070e-008 426.845334 202.872759
6 5.167390e-008 488.216538 137.060234
8 2.987470e-008 515.580583 109.957994
7 2.254480e-007 503.761625 125.642367
2 9.153030e-008 289.246621 305.318716
2 1.544330e-007 164.278782 180.883492
11 2.971450e-008 109.090890 184.742481
2 2.725320e-007 218.458770 197.874007
11 5.378990e-008 224.304128 198.078119
11 1.169190e-007 95.332515 100.840878
2 1.082720e-007 175.970121 201.381953
11 5.973650e-008 179.284282 213.410167
2 4.743390e-008 85.780662 198.114302
11 3.159100e-007 148.487588 98.129869
2 2.463530e-007 220.494274 187.796295
8 2.085230e-007 239.342047 118.758943
11 4.097410e-008 77.022896 187.741228
2 8.166240e-008 123.309503 230.152643
11 1.537940e-006 226.349752 22.058132
8 6.191730e-008 185.472843 26.893873
2 1.961510e-007 224.227484 102.794062
11 2.707250e-007 102.886119 137.900811
8 8.972190e-008 210.038901 176.201021
2 1.946500e-007 153.773243 243.255686
5 3.347380e-008 284.614397 547.030838
5 2.259400e-007 365.403033 597.289233
5 7.678250e-008 323.518724 720.166897
4 2.748330e-007 136.614197 771.222676
5 5.691290e-008 312.945089 720.823801
4 2.295170e-007 107.308457 766.647725
4 4.448340e-008 201.698181 805.342063
5 2.180050e-006 367.611657 681.140115
4 1.054520e-007 101.186205 922.105797
4 6.710450e-008 185.680870 842.861249
5 1.494740e-007 379.808848 766.211110
4 1.029600e-007 189.945351 814.993612
4 4.139320e-007 132.762260 828.849993
5 8.819530e-009 420.042806 838.417733
4 3.074240e-007 31.467443 897.439296
4 8.383260e-008 184.648062 825.300677
5 3.817410e-008 262.708182 638.495398
4 1.169340e-007 214.759376 745.439897
4 2.070890e-007 184.970461 804.830340
5 2.937150e-007 400.780726 714.475344
5 5.615450e-008 327.236548 540.750415
5 2.802770e-008 307.487069 589.297706
6 1.576250e-007 597.014013 305.429259
3 4.710230e-008 587.984750 303.109716
5 2.681510e-008 548.266890 711.260991
5 1.906190e-007 483.768918 666.181324
5 9.883390e-008 499.771146 707.967110
5 1.622600e-007 354.221896 586.861652
5 3.613090e-007 401.077551 630.998162
5 3.564690e-007 344.860947 691.629588
4 1.010080e-007 191.361848 772.534373
5 6.224860e-008 200.888022 768.877540
4 8.471470e-008 185.377072 766.639327
4 1.367870e-007 88.203146 742.367338
5 7.873570e-008 272.301377 647.178301
5 3.928220e-008 477.325925 763.161648
5 2.713250e-008 463.376445 645.596527
5 5.667050e-008 544.100005 587.307388
6 1.339400e-007 482.387777 328.546082
7 6.041250e-008 503.072234 189.951647
2 1.023350e-007 377.032036 226.485199
9 1.493120e-007 605.330174 136.549673
6 2.285240e-007 646.776248 151.634760
10 7.296650e-008 623.604515 152.528265
3 9.209560e-008 618.804670 151.420129
7 6.418260e-008 577.054593 141.781320
2 4.425950e-008 243.375354 351.915240
11 3.403680e-008 278.747587 230.043985
2 1.638430e-008 412.332659 330.007028
6 1.914960e-007 578.715821 287.184452
7 8.793740e-009 517.736441 127.419184
8 4.419980e-007 402.559199 16.193730
9 1.115780e-007 598.418319 69.394548
6 1.606080e-007 556.342366 163.898655
7 3.602220e-008 521.029817 243.211915
5 6.690560e-009 441.805823 480.211070
2 3.805150e-008 317.023985 320.273029
6 6.093940e-008 441.248610 231.717978
7 1.702610e-007 594.432305 152.697756
9 1.978110e-007 670.245490 117.345341
10 2.115340e-008 627.131626 125.301020
3 5.294680e-008 622.139773 126.453493
2 7.411530e-008 425.604704 273.308841
6 6.039280e-008 424.424723 276.550835
7 1.710230e-008 521.190041 179.767834
8 5.241390e-008 428.931510 57.335873
6 3.696730e-007 535.225351 193.083513
2 9.273550e-009 142.424059 339.098669
11 8.049290e-008 143.612278 134.878391
2 1.749160e-007 262.551778 91.120460
8 9.041780e-008 261.583149 86.137348
11 3.529950e-008 232.735387 272.521306
2 1.034570e-007 159.355988 282.131813
11 9.634170e-008 95.923424 180.613960
8 1.935470e-007 264.917884 101.714371
2 5.070060e-007 218.523914 188.969049
11 8.130580e-008 243.426487 161.726640
2 1.329250e-006 250.036122 154.882149
8 3.945980e-007 295.029714 108.289834
11 1.060450e-007 220.786349 162.145793
2 4.221570e-007 225.787745 171.168566
8 2.635290e-008 279.672295 288.261662
11 9.082100e-008 205.619127 219.581912
2 9.673430e-008 207.618224 228.986894
8 2.304270e-008 275.188350 247.749757
2 6.805860e-008 321.615970 315.543376
6 1.789780e-007 512.855751 267.598650
7 2.776130e-007 494.860647 109.776549
9 2.799290e-007 656.030384 121.046388
