10 3.207200e-008 781.958000 531.419000
6 2.588090e-007 676.883987 622.758066
8 8.533750e-008 765.496338 572.917527
10 8.665910e-007 683.669330 541.507103
11 4.400440e-007 708.701657 294.608232
5 3.226650e-006 670.745846 236.460578
10 7.558550e-008 663.935634 404.022919
11 2.265210e-007 725.012921 338.526215
5 5.196340e-008 787.437790 271.584423
6 6.664500e-007 644.131399 616.450346
10 2.160660e-007 636.454519 635.433331
5 1.029010e-007 540.563690 224.237790
11 1.243290e-007 601.876463 174.469003
7 5.357140e-007 741.187628 87.418026
5 1.543270e-007 565.118031 258.369458
11 3.334840e-008 569.135410 335.024482
10 6.965850e-008 634.164661 491.595504
6 2.437330e-008 653.852000 513.599047
5 1.097810e-007 724.608441 276.979049
11 8.102680e-008 786.768850 226.642970
7 7.944910e-008 842.794443 279.656313
10 1.212150e-007 692.292939 504.169842
8 2.802700e-008 776.097409 649.323450
6 3.537890e-008 780.061593 656.189619
10 9.743900e-008 739.891592 605.084109
8 1.277540e-006 872.769040 667.300880
10 1.156740e-007 778.938027 613.625702
6 7.445380e-008 797.473794 616.870770
8 2.211110e-007 854.630266 565.407063
10 9.900710e-009 837.793567 501.166608
8 6.114820e-008 792.605421 634.255523
6 8.504970e-008 724.528393 696.849094
6 2.729860e-007 650.588043 699.892550
10 1.074950e-007 544.020326 637.200251
6 1.323090e-007 581.666442 586.331565
10 9.900620e-008 628.456771 584.028546
8 4.156660e-008 760.432705 554.723324
11 5.547990e-008 557.494342 209.592691
5 1.628440e-007 557.413662 214.214522
10 1.173850e-007 605.941252 477.794173
6 8.322120e-008 587.644532 577.937740
11 7.205150e-008 506.098922 341.266014
5 3.120040e-008 505.696054 345.870942
2 6.132390e-007 238.656276 307.970107
9 1.138170e-007 214.358899 177.381663
4 1.059330e-007 138.082737 182.715239
2 8.700500e-008 130.215381 183.265361
9 1.278300e-007 42.852126 182.448729
4 1.557200e-007 107.491469 193.999182
2 1.055830e-007 201.581641 197.284681
9 4.065330e-008 71.159022 231.141823
4 1.244660e-007 71.225791 244.951467
2 6.727230e-008 59.320500 245.512585
9 1.575480e-007 59.320500 78.735329
4 1.085610e-007 59.320500 66.621128
4 1.149830e-007 171.262285 123.580740
9 4.915020e-007 174.591886 123.813561
4 1.029610e-007 156.474545 212.343828
9 9.585830e-008 156.726993 215.953852
2 2.590170e-007 163.103408 272.882221
4 4.430690e-008 132.601864 284.006555
9 2.924170e-008 134.358586 287.049280
2 7.048870e-007 157.752673 327.568914
9 3.347650e-007 135.253395 46.171277
4 1.874770e-007 57.858381 75.880384
2 6.079010e-008 143.379787 128.552119
9 3.077850e-007 118.328675 143.066403
4 5.973160e-008 195.172522 134.989765
2 5.145090e-007 191.971520 293.491071
3 7.530580e-008 178.498637 573.836100
2 1.170830e-007 183.394405 410.101249
3 2.198440e-008 196.094719 547.833491
2 6.490830e-008 151.973488 451.427295
3 2.266520e-008 74.813262 721.140172
3 8.883290e-008 135.089813 662.966749
3 2.530220e-008 238.582368 653.714423
