3 8.554450e-008 768.066907 419.580298
10 1.435840e-007 672.236399 237.286803
3 1.312290e-007 709.112177 394.738243
4 7.343270e-008 643.720932 618.228296
10 2.457290e-007 537.874904 226.575127
2 2.111600e-007 603.224575 173.626613
10 7.076550e-007 564.137590 239.661816
3 7.016180e-008 653.852000 352.196211
10 1.524140e-007 709.449576 289.254353
3 3.381240e-008 737.582325 468.868285
3 1.099130e-008 899.207786 489.228822
4 8.126880e-007 495.935640 619.698802
8 1.130070e-007 443.900864 591.893561
11 8.182620e-008 447.433671 583.149469
4 3.158160e-006 497.241027 578.945564
8 3.717270e-008 575.426177 585.785632
4 1.718690e-007 537.258144 509.627230
11 6.048310e-008 420.907525 523.180364
10 2.109640e-007 536.089867 207.084728
2 1.937890e-007 557.903234 186.168885
4 6.292710e-008 615.185333 498.556758
8 1.710630e-007 472.772744 644.259227
11 8.541400e-008 459.329357 588.011061
4 1.099340e-007 371.986305 510.196301
10 1.305500e-007 508.709620 252.110566
4 4.332580e-008 469.416587 386.976459
2 3.028830e-007 488.077940 137.208863
10 1.032940e-008 498.627139 132.456098
7 1.842890e-008 209.418357 177.727128
6 2.895440e-008 62.589256 187.994087
6 4.512010e-008 188.695764 196.834724
7 6.041410e-008 223.558931 177.556017
6 2.714870e-006 102.595196 66.672670
7 3.494170e-008 82.414004 161.617662
6 8.105940e-008 180.776381 207.109849
7 4.806670e-008 139.127416 189.281383
6 4.432420e-008 79.370637 201.815130
7 1.168150e-007 136.854270 73.654253
6 8.421940e-008 201.017937 131.211157
7 4.660650e-008 121.361883 157.092886
9 2.700940e-008 150.686449 297.912767
6 9.055570e-008 124.696899 138.996141
7 5.028870e-007 179.645529 75.785093
6 3.767110e-008 243.598734 105.414772
7 2.030310e-007 167.536293 122.975155
