9 5.274120e-008 667.638002 630.795446
7 7.726610e-008 644.959041 659.770865
9 8.626010e-008 717.132799 455.244753
9 2.623730e-008 673.014308 394.287333
9 9.783000e-008 638.703593 636.950347
7 1.518590e-008 584.085268 600.109922
11 2.904150e-007 432.949070 340.098903
4 1.104900e-006 671.029013 131.257843
9 4.069750e-007 633.027360 488.916188
4 5.493100e-008 780.673202 231.579086
9 4.792230e-008 706.773357 529.250662
7 3.742570e-007 789.152294 671.935176
7 1.514570e-007 882.867463 670.196589
7 6.566260e-008 850.390482 569.224566
9 1.128740e-007 725.684700 522.958494
7 1.562820e-007 759.168527 666.736890
7 5.607850e-008 741.062056 886.115129
9 2.472710e-008 572.162368 647.443148
9 2.660570e-008 502.308068 579.388856
7 3.954530e-008 742.360237 576.063852
9 2.315020e-007 532.368824 511.029236
11 4.241250e-007 461.535247 360.230048
9 1.173210e-007 617.254123 503.203346
9 4.134470e-008 453.300760 389.253366
11 2.206540e-007 481.907091 318.449666
11 3.004650e-007 438.583760 190.284844
