8 4.037690e-008 781.958000 531.419000
3 9.115880e-008 747.537970 561.339752
4 2.838020e-008 788.582205 601.743508
3 2.126080e-007 633.038294 514.128372
5 1.212870e-007 766.291008 420.823796
11 7.991660e-008 671.282088 236.757822
10 1.041150e-008 729.256009 268.893225
3 8.587340e-008 821.954228 320.276582
5 1.363540e-007 711.257766 393.782972
11 1.199230e-007 776.800400 282.991511
3 9.079330e-007 718.458413 385.535982
4 1.589230e-008 603.231129 613.023933
10 4.224320e-007 728.957389 95.060301
11 3.401180e-008 748.989686 82.542776
3 1.597810e-007 596.329338 402.461006
5 5.796940e-008 622.266446 463.565046
11 5.191810e-007 774.534781 236.549839
10 1.091980e-007 824.206793 218.858944
5 4.205050e-008 849.381427 301.201337
3 8.206010e-008 873.768218 380.966812
4 3.229470e-008 819.798444 619.075647
8 4.554020e-008 823.038239 611.443119
5 5.533940e-008 777.671287 572.242857
4 1.047910e-008 913.625063 638.846044
3 3.700180e-008 812.142321 556.114186
5 6.784360e-008 803.714525 570.711555
3 8.603420e-008 770.609201 514.226004
5 8.871860e-008 870.943291 494.722916
4 3.819870e-008 692.816229 724.416052
8 3.012670e-008 690.474748 726.451470
4 2.860780e-008 807.999790 901.568856
8 1.445470e-007 804.917547 900.857267
3 1.472210e-008 433.305044 509.336692
3 2.385790e-007 697.059099 526.507427
3 1.164380e-007 558.493141 371.223765
9 8.790460e-009 319.969262 530.545000
6 6.234240e-008 422.790459 207.221077
3 2.831500e-008 485.487430 367.120497
6 2.329070e-007 295.245288 305.004332
6 2.536720e-007 185.013705 179.433612
7 4.441740e-007 57.177901 188.372474
6 2.355830e-008 40.955219 191.675829
7 3.414240e-008 194.516504 197.037976
6 8.130150e-009 77.392534 209.978103
7 1.333400e-007 86.495001 158.355399
6 2.383520e-008 142.001593 160.899707
7 4.101820e-008 164.364723 187.551133
6 9.947580e-008 117.717004 179.675854
7 1.572660e-007 101.258686 189.178065
6 1.245210e-007 208.626535 205.391039
7 1.073380e-008 210.602188 202.461997
6 1.783500e-007 150.058066 296.357470
7 1.148010e-007 107.269580 159.043941
6 6.912790e-008 241.664523 105.861319
7 6.790440e-008 81.196256 146.969189
6 2.381050e-008 127.870053 274.125844
9 4.774200e-008 306.852495 536.184600
2 2.544000e-007 160.680887 607.346424
9 1.959770e-008 71.762200 409.490078
2 2.476970e-008 148.989273 506.885463
9 7.589160e-008 234.492202 483.489640
2 9.344680e-008 275.901119 654.203345
2 3.546390e-007 258.781313 739.005039
9 8.385710e-009 202.618889 786.130867
2 4.663890e-007 236.921960 774.055724
9 1.528120e-007 171.111129 633.808334
2 8.163880e-008 135.406118 826.668959
2 1.328060e-007 272.827292 792.355952
9 1.609670e-007 178.750380 640.996895
2 8.308360e-007 143.035504 756.152435
9 2.447850e-008 145.552290 776.864962
2 3.688830e-008 154.204608 889.034981
2 7.964240e-008 286.155243 750.654654
2 2.540980e-008 108.751629 847.343092
2 5.164340e-008 315.852558 709.752711
9 1.856680e-008 253.560033 799.318247
2 5.769360e-008 50.482707 805.641223
9 1.575890e-007 216.091761 623.480562
2 1.835650e-007 95.943943 629.777135
9 5.526130e-008 25.349379 687.509253
2 1.956970e-007 142.517576 757.911489
2 7.413750e-008 284.950324 860.347964
9 3.166780e-008 227.079260 452.096335
2 3.601060e-008 194.849137 532.128630
6 6.082740e-009 212.404097 457.095059
9 1.006180e-007 206.816086 488.786149
3 1.466510e-007 595.614275 493.288431
5 3.128320e-008 595.963284 245.249350
11 3.129340e-008 587.618148 306.597780
3 8.061460e-008 638.517839 567.946424
4 1.252430e-007 788.140893 655.880381
8 3.799840e-008 791.046484 656.392728
8 7.718800e-008 735.933963 720.139209
4 9.573720e-008 729.995262 700.479536
8 3.210160e-007 799.427153 797.846561
4 6.334120e-007 775.310309 813.988003
5 4.769420e-008 851.036465 466.575774
3 4.441400e-008 760.416433 497.779125
3 7.706110e-008 675.149218 586.654198
3 2.718700e-008 662.294549 541.811034
4 2.826480e-007 726.997987 776.261387
8 8.379480e-007 729.941202 776.055583
9 6.346150e-008 213.856489 495.880575
9 1.140940e-008 331.004618 588.746799
2 1.393580e-008 338.584056 736.292178
2 2.163380e-007 228.437031 758.302545
9 4.031910e-008 190.588270 653.143622
2 1.278210e-006 184.777254 749.463038
9 3.081590e-008 79.564217 792.002648
2 1.056800e-007 100.731725 709.729294
3 6.174610e-008 683.843591 615.139917
8 2.137220e-008 768.337496 616.398537
4 1.063910e-007 790.206262 692.663960
3 4.706490e-008 799.199020 565.451945
4 6.003930e-008 893.317493 704.796844
8 4.096550e-008 870.238934 850.507746
4 3.938550e-008 671.258788 810.591733
8 5.691260e-007 781.826177 829.101115
4 3.961120e-007 833.905259 780.712180
8 4.808460e-008 863.832162 734.315949
4 6.812720e-008 687.921176 895.289334
8 2.831520e-008 629.706663 800.719950
8 2.990430e-008 592.319305 698.003135
3 1.971760e-007 762.855015 480.143429
5 2.992160e-007 797.202237 479.826497
4 1.653120e-007 740.284714 704.113729
8 6.406210e-008 733.620113 709.320695
4 3.955870e-008 728.669687 869.801243
8 3.804680e-007 736.764583 869.093018
8 2.423750e-007 702.697111 766.834786
4 3.675740e-007 759.232964 759.893039
8 7.646040e-008 740.149764 894.531930
4 8.424080e-008 752.825821 901.849748
8 1.014970e-007 755.880472 701.862476
4 7.920640e-008 759.279211 674.181181
3 6.360300e-008 499.082912 438.357992
6 5.680260e-008 407.439410 192.714349
10 1.290270e-007 682.653819 164.693084
11 3.528840e-008 615.486815 150.654138
6 9.215960e-008 333.147546 349.081996
7 4.788030e-008 105.526398 349.509310
6 1.254580e-007 340.794461 285.911199
3 5.647400e-008 584.800349 307.086042
10 2.872550e-008 564.618184 145.310869
6 6.809750e-008 326.507023 348.899041
6 3.804260e-008 317.863663 320.361283
10 7.576460e-008 667.884974 118.446072
11 2.125630e-008 618.689200 127.250130
6 3.341850e-008 408.302732 320.845939
3 2.587490e-008 493.014832 396.851428
6 2.240700e-007 252.967966 337.169541
7 6.342620e-008 133.075525 211.424994
6 6.964510e-007 284.314188 203.077195
7 3.244430e-007 71.041435 156.005892
6 1.004390e-007 171.242850 299.107965
6 3.129500e-007 201.852147 220.324194
7 1.619480e-007 106.354201 214.865332
6 1.730830e-007 159.676761 242.429333
7 2.476910e-008 217.213405 188.871131
6 2.149150e-007 207.676432 154.340190
7 3.535340e-008 95.453582 350.067694
6 1.686530e-007 179.378780 198.663414
6 1.768550e-007 287.917002 286.924284
10 3.444130e-007 698.540686 122.790680
11 4.702420e-008 621.439137 91.639790
6 1.775290e-007 339.625421 231.427667
6 1.190230e-007 356.537608 303.016099
10 3.147450e-008 588.841964 152.655810
6 7.690910e-008 394.839222 361.056814
3 1.881630e-008 536.750624 469.773520
8 6.561020e-008 667.587210 835.073979
4 8.843980e-008 743.494973 896.543186
3 1.001570e-007 702.422565 511.615014
5 3.254500e-007 806.214503 421.606365
11 7.372270e-008 816.840676 306.511208
10 9.199630e-008 766.805045 255.204669
3 7.043230e-008 851.302062 392.405168
5 4.473410e-007 777.056770 428.617168
4 3.820440e-007 725.631727 753.184338
8 1.144790e-007 723.975126 755.735273
3 3.867940e-007 664.527709 462.160331
5 1.641640e-007 678.185295 381.690974
11 1.537430e-007 732.795301 239.426947
10 6.760690e-008 746.728000 232.599864
3 5.322600e-008 757.688182 302.549586
5 7.745260e-008 767.817716 206.171441
11 8.351460e-008 801.008357 346.960462
3 3.675370e-007 572.407072 493.939350
3 1.354080e-007 605.544102 577.053235
3 1.167590e-005 698.738601 423.482853
5 5.240180e-007 740.569336 368.364459
11 3.174780e-007 833.700098 224.955533
10 2.866030e-008 824.083306 260.561106
3 5.392040e-008 766.648235 284.387543
5 2.811610e-007 764.264510 216.123796
11 5.310890e-008 729.040023 351.238774
3 1.169110e-007 779.717340 407.072837
5 8.599430e-007 778.768620 408.244416
11 1.103880e-007 731.299493 269.870982
10 3.121060e-008 802.207928 317.156021
3 3.139970e-008 751.451767 285.880956
5 5.308190e-007 750.357787 284.929976
11 1.986520e-007 863.938845 277.728233
10 4.312800e-008 750.978394 225.011663
5 8.019860e-007 795.994582 309.674825
3 1.683980e-007 829.467719 381.245640
11 1.239890e-007 707.541134 253.277657
5 9.117520e-008 729.305803 243.128570
10 1.337760e-008 815.861000 243.238477
3 6.052900e-008 807.959782 386.349427
11 2.025070e-007 784.816770 257.146059
5 7.859680e-007 835.636615 329.724710
3 8.405360e-008 680.503977 280.826839
10 6.110160e-008 797.428620 300.382101
11 3.583120e-008 850.958682 325.169582
5 8.250150e-006 767.370754 357.255959
3 4.481650e-008 824.245736 295.714623
11 4.572550e-008 681.576165 349.845143
5 1.344270e-007 655.485720 437.579261
2 1.334420e-007 221.881883 572.111906
9 1.407510e-007 158.358487 516.954746
2 1.835210e-008 304.976440 496.759288
9 6.534320e-008 198.735598 486.230367
2 1.175120e-007 164.947741 594.446886
9 1.630010e-007 142.766035 494.627588
2 1.990650e-008 219.463088 476.112471
9 1.487760e-007 161.363917 486.755059
9 1.497530e-007 75.143443 537.360895
9 5.047000e-007 109.614441 605.959108
2 6.774430e-008 161.877963 586.936534
3 4.197530e-008 671.804589 587.023805
5 1.943570e-007 729.694231 370.483361
11 8.309740e-008 856.892991 290.867364
3 6.888720e-007 699.257171 385.583864
5 1.692650e-007 825.092888 293.292630
11 1.517410e-008 708.309502 398.444541
3 4.863740e-008 747.753730 254.222876
10 9.411740e-009 843.006112 280.450803
5 7.927770e-008 909.858772 358.935158
11 3.360900e-008 774.489054 400.321731
3 4.500670e-008 822.621721 318.668948
5 1.065380e-007 664.721054 296.280696
11 8.619420e-008 819.519016 381.857859
3 1.405030e-007 729.285118 454.598998
4 1.715960e-008 792.610588 597.919475
8 1.242580e-008 793.526566 594.923440
5 1.154270e-007 756.872814 475.867341
3 1.976250e-007 743.197261 480.048373
3 8.204450e-008 470.127062 385.856292
2 5.829920e-008 240.347095 870.526107
2 3.772690e-008 113.286672 720.740623
9 1.418910e-007 154.997676 684.518877
2 8.370820e-007 219.054033 741.750521
2 7.179410e-008 318.152565 767.595885
9 1.798530e-008 120.263252 677.685246
2 9.075690e-008 247.230055 828.192618
2 4.158270e-008 126.079823 862.577928
2 5.976260e-008 205.446925 844.753997
2 9.720580e-008 244.947985 726.431711
9 1.530350e-007 116.835895 655.927179
2 1.959240e-007 160.420470 796.163261
9 3.732620e-008 43.322571 729.748261
2 7.942560e-008 300.089252 800.399795
9 3.299820e-008 124.274323 684.373753
2 3.778710e-007 207.073599 633.734436
2 3.263660e-008 43.460587 878.638357
9 1.578900e-008 254.895125 654.261115
2 4.599180e-008 270.637817 650.914906
2 1.621060e-007 200.891512 834.942844
2 2.140290e-008 256.779150 884.312859
2 3.917280e-007 241.344802 772.980024
9 3.775240e-008 265.709573 774.562150
2 6.839550e-008 329.953199 785.890424
2 5.675470e-008 78.391557 731.637248
3 2.748160e-007 617.056586 503.235604
3 1.513350e-007 711.446943 561.536875
4 1.411060e-007 732.677201 734.441460
8 2.118620e-007 732.689492 735.194015
3 4.836780e-008 473.895142 519.498586
2 6.352530e-008 271.565136 869.171698
2 2.364690e-008 366.489834 680.620550
2 3.513690e-008 267.258420 789.622794
9 2.057410e-008 175.045510 710.645093
2 2.836120e-005 199.859384 722.120319
2 8.742000e-008 104.965117 847.925009
2 7.332970e-008 313.286256 813.263275
2 1.527740e-007 272.884488 705.143898
9 2.164020e-008 259.192464 738.239951
2 7.446310e-008 267.641258 834.808134
2 6.568340e-008 78.109192 756.445977
9 5.540110e-008 205.822348 700.874241
2 8.339950e-008 243.720680 704.189951
2 4.128120e-008 135.682185 910.526493
2 6.771420e-008 174.473024 866.476267
2 3.173840e-007 193.338658 802.009669
2 2.231580e-008 103.031259 947.127494
2 4.249170e-007 164.623283 771.013301
9 1.701970e-008 171.611828 821.821234
2 2.445180e-008 306.419864 906.734420
9 2.375060e-008 158.877761 698.251479
2 3.361640e-007 128.334163 726.734017
2 2.257750e-008 295.567342 829.403520
2 9.873070e-008 273.880239 640.198765
9 5.400700e-008 217.203120 707.744353
2 1.143160e-007 245.067764 826.678235
2 1.394880e-007 333.284035 746.719941
2 5.632550e-008 289.101824 823.046230
2 4.823560e-007 188.826305 757.326271
9 1.689000e-008 51.288658 674.685281
2 3.926380e-008 347.655394 839.007679
6 5.019520e-007 315.881214 260.926654
6 1.713440e-008 93.830177 173.694819
7 1.214050e-007 90.803139 171.803324
6 5.226130e-008 209.179345 104.063388
6 1.125170e-008 179.753504 64.612662
6 1.326310e-007 188.454773 199.978692
7 1.688770e-008 192.780301 138.123613
10 6.761170e-008 594.944274 92.642260
6 9.386760e-008 357.466548 293.583252
3 3.017550e-008 537.132388 239.077158
6 5.132420e-008 425.134230 135.492423
6 4.127900e-008 360.225664 368.902932
3 6.770520e-008 738.273244 574.884948
5 4.489990e-008 891.727533 420.988763
4 5.520510e-008 624.897777 767.406632
8 7.253300e-008 622.125935 768.583215
3 4.341220e-008 684.837690 533.687861
4 6.717880e-008 713.541385 776.887558
8 1.979540e-007 716.194367 778.610419
4 1.013130e-007 703.561227 829.833410
8 7.833710e-007 701.090020 828.166559
4 1.882110e-007 780.020063 696.618184
8 5.827190e-008 781.464858 694.115728
3 9.303740e-008 614.649537 524.606354
8 3.256390e-008 680.291408 651.841087
4 3.268610e-007 830.015288 731.578253
8 3.854610e-008 844.727146 656.549128
4 1.095980e-007 829.667624 696.164444
8 7.352180e-008 789.043098 906.437091
4 2.136060e-007 826.771889 876.363963
8 2.559490e-008 676.799819 977.744352
4 6.591440e-008 712.669405 691.608232
8 4.217450e-008 790.657940 632.839783
4 9.854770e-009 583.328498 772.642353
8 2.678990e-007 732.310813 848.546769
4 4.414450e-007 781.612512 722.270684
8 2.989960e-008 666.671897 630.585169
4 2.683360e-008 847.567003 584.296922
3 2.050660e-007 745.904743 454.175427
5 5.988250e-008 769.471119 524.792933
8 3.915520e-007 746.215612 752.561716
4 8.622860e-008 704.327248 820.209939
8 1.103500e-007 701.198000 732.608712
4 1.336010e-008 701.198000 642.952011
3 1.717710e-007 615.705970 496.468981
10 5.029600e-008 571.147825 143.247050
6 5.386020e-008 450.116177 325.149378
6 6.813640e-008 466.504593 235.965020
3 7.193440e-008 547.440374 451.951134
