6 4.617400e-008 699.106792 467.866701
3 1.458010e-007 708.758456 294.683607
6 1.325560e-007 777.464054 364.306226
3 2.498910e-007 783.955335 275.318861
6 1.437340e-007 677.362774 472.507914
9 4.896020e-008 588.566037 603.132230
7 8.284340e-008 449.187547 416.494694
10 1.080760e-007 433.830129 344.243947
3 9.559330e-008 744.270746 85.491486
7 8.497840e-008 564.611156 248.697861
10 2.372200e-008 564.934081 254.859536
6 5.771940e-008 596.334742 402.473738
3 8.671270e-007 770.167110 240.086680
6 1.954590e-008 831.484687 242.663826
6 1.172100e-008 833.085672 502.081735
9 1.261910e-006 646.299727 764.852223
11 2.411310e-007 644.851410 835.337992
4 2.062850e-007 752.003457 957.428480
11 1.673080e-006 689.357167 855.385290
9 1.344340e-007 677.802616 809.043031
7 4.308460e-008 458.818174 477.830538
9 4.055820e-008 689.081421 579.789370
7 1.394150e-006 472.501939 331.882640
10 1.320430e-007 472.996224 330.912553
6 1.267550e-007 593.711311 450.325223
9 1.102090e-007 507.153029 624.409691
7 9.111460e-007 468.640235 351.286541
10 5.374280e-009 499.247756 275.529684
7 3.751590e-007 414.178692 216.456062
10 2.153690e-007 470.482827 156.077301
7 1.590820e-007 540.073583 398.635958
10 1.579780e-007 399.477983 317.462715
7 2.332400e-007 353.308191 315.081779
10 8.766600e-008 272.068714 223.578436
2 1.631560e-007 140.745269 182.529063
2 1.657500e-008 190.255218 196.889178
2 1.023760e-007 102.277122 68.169086
2 1.108700e-007 181.749891 208.270037
2 2.351650e-008 64.705150 210.282250
2 1.195640e-007 242.506832 155.161157
2 4.988740e-007 157.659460 101.077125
2 1.123930e-006 197.970444 115.948883
7 1.300040e-007 336.980742 338.807260
10 6.364960e-009 337.058239 339.915495
5 1.200700e-007 194.958678 590.758824
5 7.182420e-008 190.297533 542.794088
8 3.336790e-008 200.848027 677.149414
5 4.650010e-008 205.062525 689.947404
8 8.499380e-007 195.495930 792.107734
5 9.452530e-008 65.919799 711.903096
8 2.682640e-008 304.594930 726.670640
5 4.088910e-007 131.696072 675.632306
8 2.794360e-006 199.779977 818.765075
5 4.984290e-008 96.312396 794.265570
8 1.235060e-007 245.267204 749.917248
8 6.849270e-008 243.282557 981.880745
5 4.420200e-008 142.329440 785.260766
8 1.324170e-007 108.354206 873.769173
