8 1.021110e-008 737.343177 570.201913
2 5.761000e-007 672.420707 237.388967
2 5.927310e-008 762.744669 314.663677
4 1.335000e-007 452.973588 434.306559
5 4.321250e-008 450.712025 423.666776
2 6.191210e-007 607.610789 170.885811
2 8.475770e-008 568.679110 326.317897
2 1.000590e-007 779.667368 232.393588
8 5.128620e-008 819.265653 620.330833
8 7.936280e-008 919.419564 655.674579
8 2.695480e-007 906.180844 518.990906
8 1.790410e-007 810.776875 610.997246
11 1.204290e-007 645.643301 837.116604
7 3.789910e-008 720.108957 964.207887
9 7.054680e-007 790.052988 949.340778
11 1.015540e-007 685.094120 838.287329
5 5.574350e-008 482.619008 496.061813
4 1.382470e-007 516.534799 412.116425
8 2.812590e-008 774.147131 560.829412
5 5.148560e-008 422.804818 515.570670
4 5.104210e-007 443.634034 432.028519
2 4.211100e-008 557.904524 186.094942
4 1.681620e-008 587.471270 436.309834
4 2.814370e-007 433.428779 474.722474
5 2.205450e-007 368.713133 512.086068
6 8.868540e-008 338.681705 513.696207
4 3.426110e-008 514.565751 244.486945
3 6.869320e-009 423.239644 206.739386
2 3.875900e-008 459.075955 184.942580
4 7.841340e-008 403.771466 258.334520
4 4.146610e-008 202.675518 309.855824
6 4.173080e-008 276.360385 313.738803
3 1.423350e-007 256.292535 208.343564
3 4.644630e-008 81.206525 123.387975
3 1.527580e-007 166.241674 205.573344
3 2.997820e-008 148.438393 97.426375
3 7.437590e-008 69.756489 173.860435
6 2.122870e-008 160.912950 323.224172
3 1.156980e-007 215.244158 34.833632
3 5.281850e-008 118.259014 134.351701
4 1.230010e-007 337.162549 341.407178
5 1.379900e-007 348.183292 499.009306
6 7.558410e-008 349.333595 515.459208
4 3.868400e-008 178.245824 409.285786
5 1.646090e-008 105.900309 397.827262
6 7.414340e-008 89.776197 395.273427
6 1.301380e-006 162.787390 455.363238
5 2.013100e-007 224.957365 477.991287
4 4.670180e-008 285.564540 527.886358
10 1.447050e-007 252.514110 801.736305
5 2.210640e-008 275.592763 724.898570
10 2.081800e-008 84.810078 727.753905
5 4.007620e-008 182.249172 637.427282
6 2.740120e-008 134.075694 666.751476
10 4.804090e-008 90.052697 832.237495
10 2.368070e-007 251.605166 810.587499
6 5.235830e-008 256.787532 657.584004
5 2.798630e-008 260.978344 658.474778
10 5.120340e-008 392.761404 816.198966
10 1.496190e-008 109.406573 800.779454
10 3.541910e-007 192.221097 849.667737
10 6.482770e-008 190.819673 808.772427
10 1.398390e-007 190.088586 1001.172769
10 2.922530e-006 197.734795 895.167734
10 7.220070e-008 251.709576 804.402315
10 2.119710e-008 128.092324 923.330154
10 8.698850e-008 152.134665 818.980633
6 8.276470e-008 227.018350 622.907933
5 2.077610e-008 222.334445 623.153402
10 5.815190e-008 187.107975 737.481603
10 3.377060e-008 257.272470 975.164295
5 1.183730e-007 341.225822 563.630378
6 5.331040e-008 319.130526 517.208101
4 1.377380e-007 338.236210 572.694918
5 1.382990e-007 218.835472 447.895925
6 2.074670e-007 151.550545 413.612620
4 4.290870e-008 213.282461 452.113624
5 4.730990e-008 207.838985 482.985020
6 6.415700e-007 194.311670 559.702009
2 1.164150e-007 596.102529 253.224540
8 6.256710e-008 826.959329 662.725298
8 5.778840e-008 777.939633 673.486994
8 2.808220e-008 859.986932 745.203061
7 1.499270e-008 828.899173 745.397541
8 2.210820e-008 834.047004 472.425785
5 1.356730e-008 473.927631 586.027801
4 5.585220e-008 474.490627 590.613181
5 1.110670e-007 367.318835 552.940945
4 4.106510e-008 283.401307 538.143780
6 2.145010e-007 222.327009 501.381383
5 2.591030e-007 340.101339 583.340961
4 2.181500e-008 443.752064 602.433009
6 6.000880e-008 326.065423 579.457521
5 3.054680e-008 419.513867 514.597004
4 1.114240e-007 419.620839 567.404481
10 7.019270e-008 324.060626 876.756083
10 5.597660e-008 320.112033 723.112093
5 2.097290e-008 326.294262 705.235778
10 2.960180e-007 187.530608 828.307619
6 4.324820e-008 124.867646 722.241819
10 3.048040e-008 104.507582 699.892856
5 4.524800e-008 304.148269 649.405191
4 1.825110e-007 454.025043 491.528755
8 3.176700e-008 779.910887 656.759731
7 3.116840e-008 716.822922 739.014544
8 6.324890e-008 797.973913 563.765719
9 3.158760e-007 840.630500 904.891131
7 3.399750e-007 834.945229 907.664022
11 6.736330e-007 679.164998 961.451854
9 7.436670e-008 851.183790 854.820193
7 2.275030e-007 846.517981 849.988593
8 1.756740e-007 832.719159 643.957419
9 4.456370e-008 687.079699 896.746815
11 1.329180e-007 686.148346 898.359965
11 7.263140e-008 584.289697 778.568575
8 1.177350e-007 802.511197 581.132478
9 6.624930e-008 691.900666 861.283661
11 1.087660e-007 732.313429 869.482451
7 1.033520e-007 808.521488 862.814984
9 5.641380e-008 898.181378 762.968526
7 1.490630e-007 915.022068 858.475272
11 1.485900e-007 751.446781 901.292579
9 4.482910e-007 902.316332 962.247945
7 7.050000e-007 843.114155 928.924587
4 2.356730e-007 493.767353 422.920486
2 4.588640e-008 509.426941 187.384162
4 1.320080e-008 424.710849 173.532449
2 3.374500e-005 680.731780 165.717193
4 2.762490e-007 407.298753 338.660710
5 4.343330e-008 165.725389 350.559986
6 1.401770e-007 164.992860 350.547201
3 1.035350e-007 248.612574 202.910319
4 2.171310e-007 400.901713 328.603504
2 3.009200e-008 554.857934 209.148828
2 1.290580e-007 552.105416 173.414997
4 2.005150e-007 367.207548 320.330860
5 2.690610e-007 375.217089 453.358725
4 6.278670e-007 387.952408 327.727951
2 1.800410e-007 588.220659 155.594306
4 2.176400e-007 399.474699 345.100926
2 9.035840e-008 525.074445 184.922643
4 3.852740e-008 467.994842 386.742703
6 8.150690e-008 161.956523 338.757804
3 7.346930e-008 143.064218 134.434582
4 4.433210e-008 282.334173 192.891007
3 8.771090e-008 234.550046 255.589966
6 4.258930e-008 158.424993 276.857567
4 2.682050e-008 156.343660 273.652607
3 8.964470e-007 262.081856 92.402014
3 3.334920e-007 242.974628 162.194554
4 8.507420e-009 226.917415 201.963206
3 1.222960e-007 212.579638 147.340468
3 2.381170e-007 199.195211 189.359849
4 1.115210e-007 238.498104 325.881297
5 5.822030e-009 341.562771 254.153472
3 7.256820e-008 369.335088 168.679118
4 1.854930e-008 515.647725 287.464787
2 3.944950e-007 652.133151 120.773873
2 1.569910e-007 569.885720 117.624839
3 3.143650e-007 342.886887 169.192134
4 3.681810e-007 333.576289 346.857662
6 6.314360e-008 312.762943 352.248882
5 1.796410e-008 358.453294 297.452526
4 7.020280e-008 389.366898 207.672666
3 5.556170e-008 418.174614 161.924894
2 8.767330e-008 578.685822 112.851665
4 4.732760e-008 414.609662 336.113677
11 6.762930e-008 684.612506 848.860862
9 4.278520e-008 761.393453 858.469467
7 2.110520e-007 761.209476 857.160388
8 3.200890e-008 821.156774 412.269388
2 8.686990e-008 759.223824 240.230638
8 3.702250e-008 783.613069 585.676166
11 5.677000e-008 637.298857 775.151901
2 1.025030e-007 711.564658 294.734700
2 6.444900e-008 787.664672 284.183313
4 1.686080e-007 447.987216 485.243674
5 2.224910e-008 515.118859 532.250026
8 3.952030e-008 755.245976 574.440220
4 2.246730e-007 435.486808 532.062657
5 6.890890e-008 435.952071 532.111556
2 5.674660e-008 837.190287 219.581109
2 4.650580e-008 724.176459 372.304949
2 8.582040e-008 738.806495 249.166161
2 3.504750e-007 745.420134 214.558092
2 1.250960e-007 634.729283 300.829531
2 2.324040e-007 765.338076 255.172628
2 8.481570e-008 790.960277 299.124780
2 5.342340e-008 667.197390 382.479396
5 1.477740e-007 324.589305 586.546424
4 5.667480e-008 239.408313 574.575073
6 9.095750e-007 176.611081 533.975567
5 6.617290e-008 223.220307 572.998102
6 5.676200e-008 303.348920 480.747811
4 5.135720e-008 234.784232 484.341136
5 1.274120e-007 277.883070 592.475623
6 1.262670e-007 119.321828 595.243276
6 1.163460e-005 188.779157 496.038912
5 1.769810e-007 228.023372 468.893745
4 2.682060e-008 160.419851 497.542555
6 3.562720e-007 125.563060 515.302952
5 3.950200e-008 73.246508 541.959529
6 1.087070e-007 81.589464 557.446352
5 6.774240e-007 260.481707 551.047316
4 5.697530e-008 340.978111 554.812394
5 2.953740e-008 486.486644 535.177507
8 3.486290e-008 729.793726 549.616735
2 3.769750e-008 838.551783 301.887797
2 9.021250e-008 752.226147 240.458064
2 1.104920e-007 672.717142 295.298918
8 2.068720e-007 798.523954 578.577699
4 1.015590e-007 473.361476 499.857257
5 1.848870e-008 481.891567 485.660723
4 1.908170e-007 433.121405 442.611375
5 3.616170e-008 379.420040 376.296049
5 1.426540e-007 381.127733 598.045259
10 1.755560e-007 292.035172 846.423457
10 3.890790e-008 167.492472 744.874524
5 4.121570e-008 291.008333 677.144750
10 3.099230e-008 316.716711 939.667111
5 1.742430e-008 294.298280 789.467713
10 1.286300e-007 296.531208 795.602643
10 2.374580e-008 181.869340 747.908449
6 1.679010e-007 116.984368 662.259144
10 4.383940e-008 233.456741 732.851137
10 1.305470e-007 288.919006 955.274917
10 7.908820e-008 163.853706 810.385740
5 4.399660e-008 415.445031 700.148034
10 3.559150e-008 303.199827 816.132586
6 1.832650e-008 130.914584 661.051387
10 2.536120e-007 189.762376 788.301115
10 1.233220e-007 309.794138 811.965558
6 1.180250e-007 206.860749 633.756807
5 3.874580e-009 171.941518 670.637720
10 3.121530e-008 44.781530 916.617663
10 5.563810e-007 255.950517 847.943699
6 4.912630e-008 234.128139 658.675269
5 7.149020e-008 316.382990 641.191480
10 5.872710e-008 191.548559 793.383142
10 9.885690e-008 153.096749 954.905408
10 3.612100e-008 108.140836 984.067636
10 7.148260e-007 244.595823 909.770497
10 1.834900e-007 215.723107 948.101671
10 2.979210e-008 176.012206 747.587568
4 1.735600e-007 432.405403 532.461567
5 1.392820e-007 432.899711 532.374407
5 3.488000e-008 418.378168 623.911460
10 6.815220e-007 270.715649 885.381158
10 1.581740e-008 361.099062 711.192748
10 6.951690e-008 156.923914 981.254027
10 2.135140e-007 171.240930 832.372109
10 4.557670e-008 206.033013 810.403679
10 2.649310e-007 150.865061 858.521924
10 1.080540e-007 322.163525 855.716584
10 8.954270e-008 231.375108 777.040380
10 9.061410e-008 261.883268 768.995354
10 5.689280e-008 143.532452 772.757685
5 6.609560e-008 237.993823 663.171208
6 2.320050e-008 112.863676 692.654644
10 3.124420e-008 77.541893 730.532406
10 1.236430e-007 292.919250 805.227458
10 2.362800e-008 29.048152 878.580249
10 1.427480e-007 262.617249 790.872994
10 2.052920e-008 384.468998 896.754490
10 3.503140e-007 175.910457 836.812424
10 4.981470e-007 223.015634 922.390314
6 3.811690e-008 139.886750 715.960990
10 6.419360e-008 216.511347 803.221936
10 2.137420e-007 265.443946 922.114084
5 9.703070e-008 264.459525 651.426005
10 2.892420e-008 160.199703 775.678809
10 3.263940e-007 155.243340 859.371407
10 4.190030e-008 312.694373 814.065832
10 1.739210e-007 316.004388 865.821982
10 3.679300e-007 267.534316 891.453179
10 4.460990e-007 221.758001 833.110095
10 4.850740e-007 272.876270 841.619202
4 1.155670e-007 452.690517 520.703370
5 2.286660e-008 461.698476 434.998617
3 1.177860e-006 264.009762 159.122948
3 1.817950e-007 173.305941 152.228060
3 4.351880e-007 212.959847 132.190357
3 4.676550e-008 135.501729 44.559653
3 2.691080e-007 195.160814 104.082268
4 2.114380e-007 308.084659 354.811051
5 1.905830e-008 379.999572 359.861748
3 2.985430e-008 475.656794 159.408698
2 2.218930e-007 620.609740 132.175141
2 1.066180e-007 621.329215 113.819087
3 8.447810e-009 505.861081 189.557623
4 2.685610e-007 384.499360 279.324432
2 6.859580e-008 615.665354 307.344836
4 1.001150e-007 469.550190 304.098702
3 1.356070e-007 401.526089 164.646226
4 1.865860e-007 324.934519 310.565605
5 2.912990e-008 396.079274 363.863942
6 1.449260e-008 396.790174 363.764030
4 1.456200e-007 411.972221 305.294126
5 1.031280e-007 412.982375 465.995535
8 4.571330e-008 832.844338 511.660917
11 3.128940e-008 490.152569 823.402020
8 2.663590e-008 730.910855 555.172220
7 3.486290e-008 672.932517 807.255238
11 1.115180e-007 662.322709 805.574820
9 1.301520e-007 770.368334 874.895395
11 1.177990e-007 645.557702 860.084628
9 3.982400e-008 736.384562 779.351641
8 5.877880e-008 811.791127 641.589110
11 1.030710e-008 536.390533 734.066168
8 3.834010e-008 851.910444 752.722149
8 4.167210e-008 816.462160 701.499764
11 2.347300e-007 719.963567 901.094975
9 8.701350e-008 741.524582 937.295909
7 1.338160e-007 742.547977 936.631310
11 4.840320e-007 585.694367 918.251732
11 8.217500e-008 574.484636 814.445847
8 1.005340e-007 806.257937 684.641682
7 1.923540e-008 752.554940 804.761388
11 8.312130e-008 535.816352 838.037441
9 3.862990e-008 738.467944 835.922774
7 4.178520e-008 741.240840 830.237493
8 9.681990e-009 724.001895 765.683463
11 1.047040e-007 639.897939 771.492405
8 7.773090e-008 825.563066 556.133225
11 2.541510e-008 741.673151 832.344418
7 1.109830e-007 823.372142 858.890159
9 2.104810e-007 894.848278 882.114276
8 1.206560e-007 851.810295 637.467069
4 1.750400e-007 434.291240 290.131705
2 3.446230e-007 607.705800 204.089679
2 3.252510e-008 474.536648 68.302488
4 8.256100e-008 458.991016 343.345429
3 7.676600e-009 449.475743 239.471266
2 8.032500e-008 588.876248 227.275055
4 3.006800e-008 550.773364 388.357112
11 8.128320e-007 605.292759 906.950717
11 1.188850e-008 762.478742 782.045129
7 2.629150e-008 730.767213 850.788076
9 6.279280e-008 723.485346 856.898268
2 1.354770e-008 558.468052 345.663461
4 1.398460e-007 439.407383 423.813684
3 3.862480e-007 217.014782 182.752206
6 3.118550e-008 98.294011 259.233262
3 3.553620e-007 239.642767 181.390866
3 1.314030e-007 235.762344 196.257643
4 3.483170e-008 219.691192 195.913081
3 5.303950e-008 156.161171 101.544146
4 5.920240e-007 363.143264 370.863194
5 1.893600e-008 389.758086 375.574946
3 1.035190e-007 342.786308 196.009292
4 1.948090e-007 327.963885 300.208398
3 3.541440e-008 96.559559 172.543374
4 1.097170e-007 314.510641 347.600783
5 5.749800e-008 383.723707 390.850035
4 3.428770e-007 418.489955 459.318100
5 3.180430e-008 467.129993 523.865604
4 7.723490e-008 510.575978 450.997012
3 5.700400e-008 391.504137 208.416966
2 8.784980e-008 542.590631 210.384419
4 2.878520e-007 443.022930 404.435806
5 1.909770e-008 522.201614 513.623356
8 5.301830e-008 747.031232 619.329162
11 2.364990e-007 642.590353 884.460216
9 4.531010e-008 640.127970 886.384050
7 6.399430e-008 809.632732 904.069082
11 8.850660e-008 623.287039 764.263570
5 1.900590e-007 288.216945 571.442362
6 9.808380e-008 225.354353 565.942503
4 4.594870e-008 392.622458 555.056696
3 1.957340e-008 416.188963 130.901086
4 5.736530e-008 448.712339 274.249425
2 8.807980e-008 541.692121 155.241000
3 2.281590e-008 394.751174 250.512675
4 2.589350e-007 391.359167 333.969890
5 1.018190e-008 529.073802 515.486795
8 1.428460e-007 831.897847 636.693085
10 5.039760e-008 364.900375 823.473986
10 1.198780e-007 323.625052 924.640857
6 2.289750e-008 233.980216 687.229050
10 2.190000e-007 255.399786 838.826300
10 3.123930e-008 352.190843 775.051038
10 1.411420e-008 186.919006 679.923287
6 1.535110e-008 259.047520 676.102810
5 4.382510e-008 263.310040 677.086896
4 7.616110e-008 438.574128 525.792632
6 4.002200e-008 362.920299 571.117597
5 2.526420e-007 366.947140 569.408304
8 5.859040e-008 775.790651 514.856302
9 4.769820e-008 743.776303 811.703981
11 2.302830e-007 676.977595 913.777249
9 1.309620e-007 690.812044 906.458698
7 8.306030e-008 713.356476 845.124309
11 6.363830e-008 740.211179 751.471953
9 2.312020e-008 800.000658 759.231510
8 1.569990e-007 821.048563 510.622271
11 3.498050e-008 732.185917 831.837034
9 7.747230e-008 797.707289 837.307241
7 2.943220e-008 773.226541 761.963544
8 2.895620e-008 769.191155 778.429322
11 1.461850e-007 686.456454 872.446916
11 1.029360e-007 659.519558 770.333338
8 6.176200e-008 800.285596 468.292362
8 4.433670e-008 774.032134 639.504417
9 7.452280e-008 784.832714 898.554431
7 6.373390e-008 791.925673 976.296199
11 8.807140e-008 781.198263 976.858401
4 3.584070e-008 540.112000 401.345810
11 4.151130e-008 678.899571 847.546848
7 1.500800e-008 800.273425 829.380577
9 5.459500e-008 802.418833 826.076966
8 9.243520e-009 887.488551 777.946813
8 2.342590e-008 766.529068 541.687344
8 1.083340e-008 790.910723 605.954030
8 6.973970e-008 828.810000 512.016000
8 2.421920e-008 813.320267 587.371844
4 1.432800e-007 512.327974 400.115345
11 6.821850e-008 738.799588 897.890655
7 9.830440e-008 724.792481 968.293789
9 3.991320e-008 728.518524 966.788366
8 9.252470e-008 765.645660 544.161001
8 2.034020e-007 848.128919 663.883374
11 5.769360e-008 597.098717 817.056382
11 7.769010e-008 754.790928 811.510965
7 4.116520e-008 702.972509 836.472001
2 3.397580e-008 819.127144 248.508657
2 3.014450e-008 682.239998 311.926670
8 3.963110e-008 913.392075 428.447467
8 2.979650e-007 870.485829 623.812507
7 1.416970e-007 888.157417 875.866427
9 3.919840e-007 823.457320 930.156107
11 4.773810e-007 699.041774 923.137080
4 2.940790e-007 412.023883 355.010961
3 7.445330e-008 423.558759 175.448457
5 9.162740e-008 368.429451 486.558626
4 8.138120e-008 355.053975 512.809535
11 3.901660e-008 682.567963 762.727667
8 5.977880e-008 873.992618 514.751191
8 3.916260e-008 835.679052 551.497635
8 3.879430e-007 856.687482 578.184142
4 1.702740e-007 458.853159 380.754576
5 5.426420e-008 439.928606 481.380845
11 4.215660e-008 576.428252 853.713917
7 2.649470e-008 742.005797 770.398461
11 1.038010e-007 663.716445 882.963937
8 4.804560e-008 895.580160 746.415151
9 1.105000e-007 696.872832 914.381720
11 1.785270e-007 696.661889 926.466802
7 2.655300e-007 807.980775 958.788406
8 7.041530e-008 874.127259 692.997582
9 4.416420e-008 778.786594 750.351010
7 2.128840e-007 768.166295 927.657230
11 8.083810e-008 768.203473 928.366638
9 5.570090e-007 768.663777 937.149984
11 1.338640e-007 499.223080 893.473772
11 6.967350e-008 611.894581 878.145024
9 2.024810e-007 723.708119 892.231734
7 2.945370e-008 763.257374 841.167489
8 1.353890e-007 834.644774 579.098570
7 6.616880e-008 803.589054 848.548649
9 2.232090e-008 726.931782 851.225730
11 1.306980e-007 662.659924 853.470279
11 1.273160e-005 618.706175 967.934038
7 1.374410e-007 767.171255 968.247173
9 5.381850e-007 775.958787 966.539036
11 4.020500e-007 573.670984 945.013191
11 1.774190e-007 612.807000 838.626443
8 4.194150e-008 793.964819 644.668496
4 3.463490e-008 502.064282 499.088803
11 5.056870e-008 627.673845 824.533831
5 6.832120e-009 467.121846 572.183702
4 4.017340e-008 387.880375 570.280100
4 1.580920e-007 475.308879 356.554247
5 3.899600e-008 373.330568 405.639492
4 1.760790e-007 477.677232 420.304830
10 1.434110e-008 98.089877 767.704190
10 3.918210e-008 298.310571 834.244224
10 1.744810e-007 287.317547 789.054190
10 6.834480e-008 304.550484 792.820886
10 5.140150e-007 248.329287 847.920307
5 2.318720e-007 370.800090 503.420414
4 1.871800e-007 371.159975 493.113641
4 3.490030e-007 359.306751 328.464456
5 6.235630e-008 392.218548 516.421130
4 6.869050e-007 430.829551 402.165548
6 3.321120e-008 311.852489 319.223462
4 5.369840e-007 373.879279 356.995988
5 7.771860e-008 333.062991 384.045366
3 1.342250e-007 309.924010 197.214817
3 5.505580e-008 137.142948 136.444658
4 2.492220e-007 322.016466 306.403518
3 9.628330e-008 361.330143 113.606888
4 4.843670e-008 390.382471 226.590640
2 1.813720e-007 573.985834 221.816765
2 6.135510e-008 483.200083 227.914277
4 3.833530e-008 474.044489 221.295197
3 5.268410e-008 393.213688 186.513597
4 2.276700e-007 477.585526 412.142622
5 3.349640e-008 461.140806 568.600211
4 3.249970e-008 364.850262 570.658610
6 5.203930e-008 298.411361 552.856190
5 8.281260e-007 284.057900 549.010155
5 3.985730e-007 353.265159 552.663764
6 5.976130e-008 353.942290 552.403838
4 9.840370e-008 429.671728 523.334102
10 6.358980e-008 331.365066 911.990105
10 2.789030e-008 372.166674 774.685463
5 2.426780e-007 355.310426 543.074073
4 1.451490e-007 279.856699 518.557527
6 1.676580e-007 278.747764 518.197210
10 4.849030e-008 252.342869 776.229950
5 1.990110e-008 404.330363 644.581799
4 6.769050e-008 483.662547 489.583944
5 5.594210e-008 483.324358 464.394047
4 3.532200e-008 534.974080 313.391749
2 2.682870e-008 472.382468 227.390613
3 8.664260e-008 378.775892 209.820406
4 1.105790e-007 516.179197 442.024697
5 2.599970e-007 389.024565 489.302676
4 1.786490e-007 389.098435 492.688896
4 1.627680e-007 463.170535 353.142321
3 9.388130e-008 414.953785 143.352869
4 4.116960e-008 448.155278 230.487135
2 2.112980e-008 529.422345 256.566521
4 1.120530e-007 263.815044 320.052202
5 1.435740e-008 164.577567 333.999137
6 7.794690e-008 215.647713 332.254998
4 2.961050e-007 469.853060 425.062798
2 3.771450e-008 542.956878 342.345489
11 6.772190e-008 659.041000 749.320141
8 1.205810e-007 813.713033 608.259838
2 1.776750e-008 781.168714 257.166701
2 4.830460e-008 750.763358 347.135106
2 5.877540e-008 833.180296 201.953465
8 5.673580e-007 880.574754 545.238737
4 2.055820e-007 426.782470 467.305273
5 4.007180e-008 440.736561 500.884614
11 5.188870e-008 501.562385 809.196200
7 2.757470e-008 820.994296 788.607673
9 5.530810e-008 825.468560 780.535892
8 1.480760e-007 880.206830 691.007250
4 8.939150e-008 349.514626 544.915848
5 1.501440e-007 349.050636 544.825657
6 1.061060e-008 385.918841 636.198645
10 7.483200e-007 236.258644 920.866245
10 1.142670e-007 112.433360 937.965279
5 5.416170e-008 282.772946 691.119911
10 1.745570e-007 175.274033 811.539850
10 4.809380e-008 163.879240 757.582291
10 1.411750e-007 126.926400 927.841085
10 8.609390e-007 263.921312 856.697529
10 8.196590e-007 239.149124 891.460573
5 1.629340e-008 293.360767 700.167168
10 9.128260e-007 207.175994 835.002772
5 1.809080e-008 405.503151 621.408233
2 1.854200e-007 606.900503 238.037896
4 4.087140e-007 401.883539 372.678855
2 1.334290e-008 503.307070 291.435486
4 1.233840e-007 351.682211 279.845731
3 2.972130e-008 351.150373 280.152788
3 1.700720e-007 250.240535 222.894779
4 7.215770e-008 272.745863 311.046011
3 2.540630e-007 202.286213 108.182502
3 4.356830e-008 55.978938 143.844679
6 2.644250e-008 120.910956 281.296917
3 4.032790e-007 229.300759 91.967684
4 1.306410e-008 147.652659 312.829754
6 4.390500e-008 61.270291 321.908943
3 8.187370e-008 187.792255 207.015085
3 2.146350e-006 269.259612 149.318981
3 6.466810e-008 146.541536 134.534464
4 4.969310e-008 192.226133 318.418188
6 1.355390e-007 122.751456 347.908455
3 3.832710e-007 259.484395 181.644757
3 1.117490e-007 184.478711 222.136783
3 8.644070e-008 208.912532 160.152816
3 4.972550e-008 134.851362 166.846210
3 4.399890e-008 211.035769 181.780885
6 4.485960e-008 244.464063 333.080389
4 5.352380e-007 325.038452 335.894090
3 8.147380e-008 418.265120 167.323467
2 1.760690e-007 598.386559 244.001046
3 4.205160e-008 436.945453 244.453411
4 9.582550e-008 467.566272 320.242460
2 9.841660e-008 586.187046 158.377368
2 1.235790e-007 717.295266 118.648830
2 3.873360e-008 525.313511 220.862290
2 2.149270e-008 506.741088 298.885599
4 1.125930e-006 400.321959 392.329959
5 2.358300e-008 344.853158 336.861158
3 2.267610e-008 282.302977 274.310977
3 2.064240e-007 196.798497 79.808954
3 5.490820e-007 275.174801 168.622294
3 3.305310e-007 197.012020 127.015638
3 1.370160e-007 154.105650 165.184109
3 6.980450e-008 307.586328 284.988194
4 7.546210e-008 277.612998 264.971683
3 1.507970e-007 167.903612 134.599386
3 5.817420e-008 284.930669 264.471941
4 7.790700e-008 226.448065 295.898057
6 8.014610e-008 95.515244 337.317926
3 1.386640e-007 175.436645 141.550797
4 1.897350e-007 375.157797 326.763627
2 1.288420e-007 557.442504 175.714929
2 1.430920e-007 595.487699 114.843104
2 5.109070e-007 657.131015 117.039294
3 2.575530e-008 463.622294 117.617087
2 2.784050e-007 600.659558 79.009650
2 2.221390e-007 624.950432 168.255901
4 3.575680e-008 493.037732 450.002237
5 5.073050e-008 423.874482 581.222248
10 6.185800e-008 338.942757 887.368490
10 1.701760e-008 39.010578 913.170883
10 3.258650e-008 358.250036 781.954782
10 7.748620e-009 318.209182 726.995752
5 1.337050e-006 316.970438 519.329468
6 6.168350e-007 241.931077 501.356352
4 3.281620e-008 238.069929 501.423741
5 3.439990e-008 145.768324 441.344974
6 2.849810e-007 122.557439 447.629045
4 1.968300e-007 268.680982 455.946755
5 1.537980e-008 143.811981 475.583989
6 1.338140e-007 113.379765 381.923433
4 4.411340e-008 189.004423 467.262872
5 1.151080e-007 205.962911 482.004813
6 6.823810e-007 240.370409 511.914956
4 1.594750e-007 452.974404 466.402673
3 4.329160e-008 458.389624 101.362682
2 1.416160e-008 618.183964 30.217408
11 6.290010e-008 728.924193 797.957704
9 1.478560e-008 646.984832 840.365215
11 6.590310e-008 684.569439 796.983994
8 2.610980e-008 749.007393 656.146129
5 3.538210e-008 489.684060 557.997861
4 5.625350e-009 493.718321 560.617742
11 4.848640e-008 735.276745 856.734529
9 1.534250e-007 804.338407 884.637170
7 1.402890e-007 802.503145 890.044331
11 1.127450e-006 579.669955 928.776709
9 3.877670e-007 746.523920 967.298413
7 1.448990e-008 739.223005 934.348215
8 8.384720e-008 828.917667 695.829390
9 1.462980e-007 787.450818 882.074606
7 1.260250e-007 786.707385 883.026159
11 7.311380e-008 715.914007 786.676443
8 6.470950e-008 866.653842 680.813560
9 6.799380e-008 793.134795 830.687642
7 5.803300e-008 793.027333 829.459369
8 3.963450e-008 774.698971 465.974232
7 6.204310e-008 781.845924 888.796096
11 8.092180e-008 813.281546 906.221246
9 2.723490e-007 838.083631 919.969346
7 2.498790e-006 887.304099 941.332142
9 2.850580e-007 846.598819 912.830078
8 1.320940e-007 883.397559 707.066138
11 6.833420e-007 574.336271 950.543185
