6 4.617400e-008 699.106792 467.866701
3 1.458010e-007 708.758456 294.683607
6 1.325560e-007 777.464054 364.306226
3 2.498910e-007 783.955335 275.318861
6 1.437340e-007 677.362774 472.507914
9 4.896020e-008 588.566037 603.132230
7 8.284340e-008 449.187547 416.494694
10 1.080760e-007 433.830129 344.243947
3 9.559330e-008 744.270746 85.491486
7 8.497840e-008 564.611156 248.697861
10 2.372200e-008 564.934081 254.859536
6 5.771940e-008 596.334742 402.473738
3 8.671270e-007 770.167110 240.086680
6 1.954590e-008 831.484687 242.663826
