11 9.614580e-008 781.958000 531.419000
9 9.808880e-008 781.958000 531.419000
10 8.880450e-008 744.575303 563.915148
4 2.665920e-007 732.135463 574.728891
9 7.382570e-008 723.713681 582.049803
5 1.698510e-006 625.098708 667.794937
11 3.953060e-008 788.582413 601.743424
10 1.618170e-007 648.542082 503.272501
4 6.056410e-008 661.635003 494.104736
10 1.147740e-007 773.711302 365.977048
10 1.657460e-007 676.500917 476.241066
4 5.239250e-008 659.121399 551.520833
5 1.681690e-007 643.876349 617.555101
9 6.392910e-008 585.619894 601.145037
10 2.197520e-007 631.730374 485.860678
4 1.891680e-008 653.852000 514.034057
10 8.933490e-006 732.621001 471.618413
4 7.137720e-008 702.948866 522.626449
9 8.482670e-008 788.178549 670.248601
11 1.440080e-007 811.593231 638.406041
10 3.074490e-007 783.636897 567.057053
4 7.470830e-007 724.125870 618.788985
5 3.017790e-008 787.312250 642.796266
9 7.430860e-008 880.939811 669.643837
11 3.184340e-008 920.735386 659.496021
10 1.920140e-007 815.344360 550.568093
4 7.818060e-007 776.316137 618.166947
5 2.816830e-008 778.648501 633.821069
9 7.429370e-008 848.943212 570.527689
10 8.551800e-007 764.130315 515.485379
4 8.117620e-008 827.483318 503.170729
9 1.588750e-007 760.652872 665.446569
11 2.577240e-008 708.981951 710.363408
5 1.714790e-007 703.421215 715.197281
2 1.526120e-007 639.307595 822.886407
3 7.956450e-007 863.614874 933.704667
11 9.587190e-008 829.279750 906.481701
9 9.876000e-008 681.945629 825.659563
2 9.051590e-008 672.675017 788.477581
5 6.365920e-007 643.984882 673.584486
4 6.377980e-008 635.387494 670.455284
6 4.706670e-008 443.804918 592.131039
5 3.715350e-008 609.029511 585.386996
4 1.252530e-007 702.612767 578.843192
10 6.213920e-008 706.996126 578.536686
9 6.575400e-008 788.023881 572.870824
10 1.170260e-007 609.768763 486.390920
5 1.559030e-007 563.424267 591.921365
4 2.850590e-008 555.577800 596.451540
6 1.390030e-007 457.818704 602.383893
6 3.773980e-008 295.027080 541.952237
7 2.952690e-008 201.142063 531.249996
7 5.334670e-008 147.324126 505.437977
6 1.325990e-007 356.572226 589.612692
7 6.436440e-008 225.989195 739.247537
8 2.086610e-007 249.340121 794.258857
6 1.911070e-007 315.494162 744.864345
8 1.042790e-007 91.425830 733.305174
7 1.926900e-007 87.292277 729.836715
6 9.483120e-008 277.651783 745.536419
7 2.423340e-007 130.672707 679.451539
8 7.016020e-008 109.907442 756.948222
6 2.873340e-008 252.578208 804.704040
8 2.683990e-006 176.752604 802.720177
7 1.150150e-007 181.064616 651.054187
6 1.737610e-008 176.340859 640.484742
2 8.944510e-008 360.386784 914.270828
8 1.937600e-008 128.692842 936.731369
7 7.539370e-008 135.116501 766.661289
8 4.130240e-007 161.343514 863.282723
8 1.778880e-008 345.883955 859.420100
6 5.848450e-007 395.282199 723.697921
8 4.607170e-008 182.164408 968.673857
6 1.477020e-008 251.109821 948.129206
8 2.432900e-007 126.494214 808.348502
8 2.334430e-008 410.136456 856.167725
2 5.294140e-008 383.944758 793.840085
6 6.242600e-007 331.415110 728.970979
8 3.377650e-008 375.670014 916.056130
2 1.074150e-007 397.323095 935.147388
8 3.753340e-007 139.681691 887.444448
7 1.250330e-007 50.057743 799.138637
8 2.325200e-008 250.456553 725.667790
6 5.801190e-008 260.294821 655.666866
7 1.455360e-006 60.960038 631.610533
8 4.124660e-008 134.805773 720.487469
7 4.539350e-008 172.545763 775.954367
8 8.275030e-007 203.176391 847.721099
6 3.492210e-008 360.372371 909.327720
2 4.823340e-008 379.033243 826.355240
6 3.074130e-006 367.048182 656.370781
7 1.043330e-007 173.958922 593.627214
6 1.129040e-007 358.281258 578.501079
5 2.973710e-007 565.479437 641.455438
10 1.416020e-007 594.792205 505.044438
10 1.993080e-007 632.819236 557.228975
4 2.557800e-008 668.795624 624.890319
5 5.786390e-008 674.678506 635.873377
9 1.454000e-007 678.885798 636.615255
11 5.768130e-008 833.277236 663.839344
10 6.660850e-008 745.532212 621.096029
4 7.089520e-008 829.917668 592.040006
9 1.800760e-008 845.383005 586.714904
11 6.528090e-008 773.469915 678.451139
5 7.811050e-008 743.562987 653.162553
10 1.367630e-007 812.564573 572.870334
4 8.294070e-008 888.195954 648.501212
9 1.096030e-007 849.887816 753.982037
11 9.776680e-007 842.602416 760.315100
3 6.484240e-008 798.466781 798.681395
4 2.125680e-008 886.679648 545.709156
10 2.004780e-006 746.329028 502.629866
5 3.354870e-006 580.214029 676.087686
9 7.842280e-008 539.718444 630.549486
6 3.217100e-008 500.910771 511.112332
10 6.731800e-008 610.355742 557.806216
4 1.976370e-007 694.358280 595.206644
5 5.795190e-008 570.164839 539.912272
2 4.654640e-008 578.484646 681.930182
9 2.383020e-008 628.762674 607.390639
4 5.458970e-008 658.556710 563.219577
10 3.561540e-007 647.918162 538.491949
5 1.666340e-008 567.150547 519.845083
6 1.071440e-007 490.220664 698.976933
2 7.296690e-009 659.245728 767.267105
9 9.146200e-008 662.390124 768.537516
11 1.492230e-007 726.998215 776.261371
4 4.759670e-008 727.342947 776.237266
5 6.481820e-008 754.308445 774.351708
3 1.709380e-007 812.378949 770.291140
9 9.185320e-008 556.254855 758.371946
2 5.395350e-008 506.603410 746.714810
5 2.767930e-007 504.061514 732.299001
6 7.110510e-008 484.461531 621.141948
6 1.413930e-007 358.141789 587.839002
5 3.147790e-008 373.587741 561.923602
6 3.462070e-007 401.709538 627.007990
6 4.121240e-007 336.031234 754.456528
8 7.282040e-009 336.702236 749.682080
6 1.172930e-007 245.561469 751.729138
8 1.015640e-007 241.060385 753.456929
7 4.235190e-008 185.219944 762.139851
8 2.161110e-005 187.781862 835.502490
6 3.485270e-008 160.223789 667.798393
8 7.163740e-008 112.649608 678.682167
7 5.234390e-007 116.407667 668.892094
6 1.522640e-006 328.263009 651.091411
5 3.067520e-007 547.806582 615.981331
9 7.677200e-008 660.002979 621.083998
4 1.334110e-007 702.845803 610.402175
10 1.083070e-007 768.787341 617.967330
11 7.059270e-008 790.206325 692.664178
3 1.513560e-007 802.502921 784.571087
5 7.608560e-008 693.699933 726.719919
9 1.038830e-007 669.540807 642.782257
4 2.823650e-007 712.845495 594.687766
10 4.491480e-007 774.011395 530.783922
