11 5.237580e-008 723.594828 582.153121
2 1.618950e-007 581.343722 598.260731
8 6.859290e-008 470.258601 515.625900
5 2.802650e-008 467.289784 501.658754
10 4.171170e-008 694.529993 93.915585
11 6.875050e-008 785.607635 665.795646
11 2.842260e-007 891.672900 672.721536
11 5.100880e-007 856.943616 563.324122
11 2.513640e-007 849.144628 561.889020
9 3.622410e-008 645.379886 765.651829
2 2.100160e-008 652.798969 853.188463
9 1.449860e-006 745.556352 887.152715
2 6.888460e-008 644.194183 674.248462
5 7.699950e-008 451.845153 572.230554
8 7.646720e-008 484.448048 491.534733
4 3.654930e-008 410.625939 571.367997
2 1.977180e-007 495.854416 578.824255
5 4.375500e-008 580.297712 586.211821
11 1.683880e-007 785.874573 566.050834
8 4.495660e-008 475.457992 527.348350
2 6.561510e-008 424.053902 510.560826
5 2.592510e-008 424.848793 507.372665
8 5.072940e-008 587.480821 436.331286
2 8.515410e-008 587.250431 578.165275
5 1.382410e-007 463.681931 649.507829
8 3.665110e-008 419.631310 482.688447
4 5.102490e-007 298.849460 552.421876
7 5.552660e-008 332.971808 518.837431
8 6.648070e-008 501.958174 388.596331
8 7.791180e-008 459.259114 315.480509
8 4.642220e-008 364.310495 312.655247
6 8.333730e-008 196.738344 178.613772
6 8.041780e-008 41.365546 184.737869
6 3.692960e-008 70.819453 233.907396
6 1.435600e-007 59.320500 143.488080
6 1.123590e-007 97.680724 118.435571
6 1.117710e-005 149.764007 116.382729
6 1.897490e-007 78.030122 189.485790
6 1.549530e-007 227.711032 20.492162
6 1.335730e-007 101.001815 138.335836
8 6.806570e-008 337.164238 341.431345
4 7.066080e-007 278.215048 550.152007
7 1.531970e-007 276.315330 551.078561
8 2.513400e-008 178.222143 409.282035
4 1.345140e-007 184.871068 538.076946
7 2.996890e-007 183.259957 536.676433
8 3.638340e-008 297.588468 538.338649
4 8.276730e-008 386.837551 615.922063
7 2.264170e-008 388.448664 617.322589
5 1.755890e-007 359.468732 628.654123
2 3.289740e-008 286.233289 651.044479
3 1.660670e-008 218.416117 671.778301
7 8.521580e-008 332.394151 692.850714
5 3.242690e-007 329.246225 679.878009
4 5.169900e-008 306.906394 698.623336
2 5.399730e-008 267.493472 731.694676
3 3.454770e-007 210.309483 779.677698
7 2.070310e-008 133.357220 772.031453
3 7.872960e-008 301.656003 728.728497
4 5.821210e-008 310.176335 722.762501
5 1.711090e-007 312.090991 721.421846
2 5.113410e-008 322.382004 682.958933
7 1.697480e-007 111.240965 751.971468
3 6.554610e-007 211.489402 817.327381
4 2.572510e-008 235.931762 735.541965
5 6.420490e-008 234.671455 733.601268
3 3.219280e-007 230.217061 726.742120
7 2.614280e-007 206.484385 690.197097
2 9.336070e-008 379.821935 742.815222
3 8.173470e-008 42.059755 890.151540
7 8.389590e-008 144.665088 779.176200
3 3.597740e-007 238.615716 798.443623
5 3.281200e-007 390.017415 738.162968
2 1.837670e-007 373.202030 724.041766
7 1.364350e-007 283.942793 751.331068
3 1.667760e-007 275.747428 753.836644
4 3.350600e-008 245.417839 763.109335
3 1.944060e-007 117.995327 824.464215
5 4.477820e-008 400.599195 857.002148
2 6.822490e-008 347.348590 748.647307
7 1.635870e-007 291.057211 696.296000
4 7.003180e-008 288.274923 703.940246
3 1.607160e-007 286.500459 708.815527
3 4.383950e-008 132.985548 924.641304
3 8.089640e-008 95.010775 807.876732
5 5.821790e-008 250.517116 725.236876
7 2.151340e-007 258.011033 671.916404
4 2.934420e-007 221.168251 623.214519
3 5.740060e-008 128.507956 687.262586
7 1.285750e-007 84.185113 704.039704
3 1.583400e-007 225.186100 866.337707
2 4.499470e-008 398.915199 724.072547
5 7.669540e-007 400.579783 715.509098
4 3.376160e-007 340.750830 562.563522
7 2.846560e-008 335.415206 550.579435
8 1.959090e-008 318.758392 516.127347
2 3.716290e-008 325.280108 535.068543
5 1.630030e-008 322.496158 526.983423
7 5.536660e-008 207.208088 441.971490
4 6.495520e-008 204.553270 440.618796
8 4.467800e-009 209.704639 472.404398
4 8.274040e-008 202.287344 514.469845
7 7.336670e-007 188.526287 592.512447
3 2.243430e-008 267.938897 597.703920
2 1.134860e-007 410.606446 578.883414
5 9.436270e-008 418.534821 582.086648
2 6.820370e-008 674.305579 635.252975
11 8.221440e-008 824.476371 662.287474
11 6.051440e-008 769.052100 683.357640
9 4.370100e-008 739.744772 666.478451
11 3.735280e-008 849.757439 754.095371
9 1.802270e-007 797.087067 786.115088
11 1.267920e-008 821.239726 476.835736
2 1.563620e-007 583.466994 671.078573
5 5.531040e-008 522.929491 578.878653
8 2.710270e-008 587.067923 547.437787
2 5.802020e-008 561.500833 536.054815
5 1.291000e-008 531.715560 626.111405
2 1.376750e-007 557.433346 517.601667
8 3.579130e-008 490.135316 502.064531
5 7.639390e-008 471.854267 569.141039
9 1.242770e-007 730.743978 775.999449
11 7.747740e-008 882.643858 761.216977
2 1.355540e-007 570.559444 751.701635
5 1.553820e-007 493.570656 672.802373
8 1.235050e-007 417.390897 561.770144
4 6.550900e-007 276.968484 536.865895
7 4.586930e-008 211.863249 494.586153
5 1.166220e-007 387.829134 595.240974
4 3.695130e-008 444.923955 609.476476
2 2.399790e-007 448.876892 610.462066
8 7.854200e-009 463.196134 614.032295
7 3.755810e-008 300.125448 530.671508
5 7.613210e-008 404.105936 611.877880
4 5.422530e-008 415.701010 538.670193
2 1.542940e-007 416.338329 534.646362
8 7.638150e-008 418.646942 520.070494
3 7.768520e-008 332.111882 782.344288
5 7.592820e-008 336.037090 754.414865
4 8.208520e-008 326.348931 695.356007
2 5.763690e-008 322.529291 697.386947
7 2.830830e-007 286.230343 716.687453
3 3.164990e-007 271.852748 741.636937
5 4.269850e-008 245.522182 751.744219
7 1.065190e-008 188.999376 775.652967
4 1.088200e-007 329.954623 706.640846
2 1.097450e-007 326.229626 705.210967
3 1.058900e-006 183.687523 718.257701
7 2.295210e-008 188.338474 851.441529
4 7.198900e-008 155.799656 674.610929
3 1.250490e-007 71.027672 787.110950
7 2.109750e-006 182.908171 640.927492
4 8.922700e-008 320.811768 650.570384
5 9.228000e-008 357.179415 620.223245
8 2.086060e-008 394.529810 564.848857
2 6.771430e-008 400.454197 556.065568
11 8.607980e-008 780.626919 659.256830
9 1.234090e-007 788.375550 777.059483
11 2.338090e-007 799.516402 565.888787
9 9.410310e-008 815.914382 916.945983
9 2.179170e-007 830.899687 833.815332
11 1.872840e-007 836.770630 655.723720
9 1.652810e-007 728.476091 825.046189
9 1.876940e-007 648.373831 820.408751
2 1.866590e-007 541.581072 757.738150
5 1.990250e-007 479.900324 746.907369
9 8.312840e-008 567.792956 815.045284
2 1.859920e-007 587.123843 665.200755
5 3.220960e-008 592.031469 710.833353
2 6.219590e-007 531.805661 621.795390
11 1.561320e-007 802.100420 573.294001
9 1.057130e-007 687.453203 780.073370
9 9.196560e-008 862.403722 852.371569
2 1.064110e-007 635.532475 636.411666
9 1.525470e-007 752.982626 760.660486
11 1.044410e-007 889.155169 743.940558
9 5.049430e-007 746.802669 899.416233
9 5.793690e-008 758.487554 680.628893
2 1.503580e-007 562.833341 759.207201
5 8.075890e-008 554.109198 682.535829
8 1.093680e-007 497.314355 433.221730
8 1.082500e-007 423.182984 336.428324
6 9.230300e-008 265.343977 217.975330
8 7.966590e-008 400.926236 328.606515
8 4.920490e-008 396.249642 307.400464
4 3.717680e-008 396.477908 498.952963
2 4.191520e-008 435.243710 494.283495
8 7.708420e-008 418.003530 330.886470
8 1.217890e-007 435.807272 317.022214
8 3.736590e-008 483.012889 392.810384
6 7.668870e-007 128.415069 122.571958
6 5.416010e-008 236.539520 236.661384
6 3.162600e-008 96.256030 159.400402
6 6.638220e-008 36.330877 156.108805
6 1.093660e-007 279.401887 124.472952
6 6.003850e-008 240.143483 197.067049
6 1.938340e-008 210.212705 241.192935
8 1.170680e-008 240.367717 272.339342
8 8.150340e-009 517.836305 303.037508
10 2.763780e-008 624.043032 92.691827
8 2.562970e-008 282.390355 322.780171
8 1.420150e-007 370.984341 348.622885
2 5.103800e-007 549.176660 631.215601
5 3.696340e-008 576.262632 705.633830
9 9.285330e-007 672.359164 838.938251
11 1.606090e-007 802.129950 635.387749
9 1.425810e-008 637.160764 775.120020
2 5.850250e-007 503.867205 732.052179
5 7.706030e-008 510.093454 726.446013
8 1.735300e-007 443.834922 482.336190
2 6.328940e-008 460.946943 494.318225
11 4.293190e-008 717.033048 575.107219
2 2.403020e-007 530.611491 561.393252
8 7.090210e-008 415.460312 529.957885
5 1.455540e-008 489.379757 537.726771
2 2.066780e-007 535.455612 581.172547
5 1.004770e-007 369.253772 592.823575
4 3.586730e-007 296.669615 582.622586
8 3.807570e-009 292.932380 582.097354
7 4.486130e-007 224.900410 572.536130
3 1.596020e-008 231.449947 565.323840
4 1.121380e-006 253.496674 544.764938
7 1.031460e-007 302.898655 498.696854
8 6.154900e-008 315.045163 487.370053
4 1.444370e-006 236.060239 593.205632
7 1.491150e-006 167.817928 594.396787
7 1.259580e-007 147.261966 523.000576
4 8.951240e-008 215.251031 478.847821
8 6.612760e-009 172.688334 483.720696
7 1.280260e-008 171.456743 491.918986
4 4.324060e-008 96.306583 530.209850
8 1.904080e-008 154.640019 439.825942
7 9.436430e-008 98.077713 586.004981
4 1.962340e-007 162.037646 586.878414
8 1.072310e-007 326.647194 548.729283
2 6.505710e-007 456.312407 603.768887
5 1.036980e-007 459.399338 605.079211
4 4.676440e-008 384.448371 461.042725
8 2.477500e-008 547.721731 573.982445
2 3.958710e-008 687.813140 588.706336
11 2.293170e-008 722.324815 527.925383
11 5.490690e-008 785.093212 622.507735
2 1.571980e-007 438.791077 558.304148
8 1.036490e-007 476.132217 495.245945
5 2.205600e-008 480.951361 487.225497
2 6.593160e-008 476.145981 495.742032
8 1.386390e-007 473.149706 492.041960
4 1.015140e-007 414.923754 586.131005
5 1.223380e-007 422.187353 589.214221
2 3.303830e-007 555.586694 646.847457
8 3.834210e-008 385.793720 618.255834
7 1.087030e-008 403.333474 694.228714
5 1.383970e-007 402.960331 794.697983
3 6.006920e-008 260.018082 881.929206
5 3.593210e-008 219.600813 768.074578
7 1.001080e-007 140.771320 732.977538
3 6.903750e-008 79.477866 701.953906
4 2.062820e-007 236.375421 665.731443
2 4.778260e-008 395.390852 826.217240
5 4.385150e-008 385.499939 841.434455
3 3.356540e-007 141.614831 834.039049
7 4.767750e-008 244.148799 711.843716
4 6.330600e-008 281.747519 754.984719
5 2.609730e-008 282.570929 757.247022
2 2.462700e-007 376.241103 736.709640
3 1.455510e-007 227.360031 815.351543
7 2.299390e-007 132.293789 674.409268
4 5.113970e-008 113.789387 647.227784
3 4.266750e-008 347.712001 801.268574
2 3.267640e-008 320.889025 773.621759
5 1.167660e-007 317.788329 772.175871
4 6.324450e-008 209.396788 721.631720
7 7.798620e-008 165.247918 713.706120
3 2.845600e-007 140.785371 866.518317
3 4.416610e-007 191.568371 852.766799
5 1.103490e-008 189.629482 853.886219
7 2.250940e-007 250.583147 715.088269
4 9.622390e-008 284.583235 708.479313
2 2.109830e-007 412.391250 683.635918
5 1.851140e-007 385.374105 770.990291
3 2.324480e-007 265.211139 757.634547
7 6.228030e-007 213.047163 690.945109
4 3.513560e-008 196.187060 684.808553
3 6.614850e-007 126.598148 805.225932
7 1.109600e-007 206.358990 783.854063
4 1.006250e-008 215.158742 705.145707
3 1.409710e-007 268.198302 762.393866
5 3.972210e-008 325.848899 832.900468
7 1.570810e-007 213.545009 708.174120
4 1.269360e-007 207.256691 633.715192
3 4.195200e-008 207.358699 633.704471
7 1.199050e-007 93.805523 729.517547
3 5.684000e-008 22.657904 801.001515
7 5.849120e-007 184.728147 669.175550
3 6.029320e-008 187.924115 668.496227
4 2.118790e-007 265.626065 651.980185
5 2.829180e-007 340.547985 636.055057
2 6.424870e-008 314.442030 687.643199
3 1.339200e-007 75.983916 890.353868
3 1.048160e-006 188.118703 814.441715
3 1.390280e-007 241.855884 912.299002
3 4.093990e-007 241.247016 772.725286
5 4.206900e-008 238.590092 765.803802
7 1.253930e-007 232.570223 728.949746
3 6.123540e-008 227.991570 892.124123
5 1.663050e-006 410.439980 723.007838
2 3.718050e-007 423.625045 712.706631
4 3.497180e-008 231.206013 764.461967
7 1.209170e-007 163.916885 743.889666
3 1.717330e-006 160.823265 742.943854
5 1.822170e-007 370.489057 749.519913
2 1.625310e-007 397.381660 678.455045
4 6.679700e-008 398.020453 672.377491
8 1.309790e-007 427.104628 533.396238
5 1.674510e-007 454.220208 589.243431
2 3.024940e-007 466.232008 576.362407
8 2.576100e-008 576.861981 457.726784
8 3.150870e-008 458.823935 547.843576
5 7.814310e-008 424.263203 612.843253
2 3.438870e-007 423.371276 614.520733
4 8.214660e-009 422.868460 615.466399
3 8.068430e-008 297.229434 839.781387
7 6.416910e-008 281.405310 681.406894
5 6.700180e-008 303.641849 760.827892
4 6.839160e-008 304.323256 763.779414
2 1.018450e-007 363.632102 696.827348
3 2.570550e-007 256.666327 775.364521
7 8.290840e-008 247.272846 783.822474
3 5.205270e-007 252.653538 796.125242
5 6.603100e-009 226.627660 807.712594
7 9.746780e-008 178.870867 828.975076
3 5.700020e-008 199.878420 722.392539
4 3.796560e-008 203.134789 768.958856
7 2.143130e-008 205.456208 802.155322
3 2.441790e-007 192.485198 877.253887
3 2.079410e-007 313.319510 813.534103
5 2.695600e-008 321.190725 877.638983
7 2.178510e-008 322.430580 887.736626
3 1.605130e-007 273.020928 704.907576
4 8.833320e-008 229.076034 731.845770
5 2.809440e-008 218.274897 739.693206
7 2.502400e-008 209.628699 745.974997
3 2.224260e-007 267.664559 835.074459
3 4.068920e-007 77.844443 756.379969
7 7.666990e-009 75.908824 755.897369
4 9.665070e-008 216.967719 701.849345
3 1.251810e-007 260.164286 705.628596
7 1.363260e-007 262.231833 705.809485
5 3.391940e-007 335.229391 706.463368
2 5.541910e-008 269.824649 677.343236
3 1.452040e-007 92.426021 858.975671
5 8.087540e-008 298.622064 811.132898
7 8.228940e-008 205.419796 789.880376
4 2.024260e-008 202.435270 797.267333
3 1.691450e-006 198.663501 806.602780
3 2.107930e-007 121.593923 843.497578
7 2.238770e-007 303.644741 683.720335
5 1.517320e-007 327.620768 663.296399
2 4.232660e-008 326.783601 664.939432
4 3.899190e-008 319.232804 679.758707
3 1.164060e-007 168.747916 893.911452
3 5.417390e-008 228.207905 907.371203
7 1.957170e-008 179.292116 848.605738
3 1.062160e-007 302.525764 779.734609
5 1.450970e-007 314.235827 794.962291
3 3.104840e-007 181.648244 715.244019
7 1.640350e-006 201.575291 663.331987
4 1.030010e-007 202.721757 660.345323
3 4.697710e-008 304.937803 910.422987
5 2.933570e-008 283.070040 867.866378
3 3.828900e-008 352.350927 812.835086
2 4.535750e-009 303.441401 670.792506
7 1.703700e-007 297.098956 652.372838
4 8.070090e-008 296.047204 649.318350
5 3.434020e-009 258.916674 658.031760
3 3.443960e-008 192.342112 965.010638
3 5.004680e-007 232.437988 749.536805
7 1.079430e-007 264.831882 752.718841
4 6.049440e-008 265.052864 755.878892
5 1.562770e-007 339.128683 744.574574
2 2.424400e-008 367.077817 813.750664
3 2.917200e-007 274.716542 790.686444
5 5.504630e-008 394.478756 852.642422
2 1.368710e-008 304.733227 880.080346
3 2.626100e-008 306.937685 888.362767
3 5.493630e-006 170.229096 746.151936
7 4.141410e-008 127.156231 720.271137
3 4.635620e-008 362.400638 828.638901
5 9.649270e-008 385.605710 773.971165
2 4.900310e-007 420.850235 690.940248
8 1.376250e-007 459.410096 456.771031
6 1.793610e-007 233.288201 98.828342
6 1.665230e-007 251.381751 135.632599
6 1.718930e-007 199.297344 229.406073
6 7.144930e-007 222.107079 88.687086
6 1.293090e-007 185.999404 176.137993
8 1.144710e-007 334.098762 362.270551
8 4.891500e-008 361.739252 296.357963
8 2.904800e-008 439.554963 321.732895
8 5.538720e-008 314.947604 375.266466
8 3.989880e-008 477.539390 270.431381
2 1.013240e-007 586.757225 558.960015
11 1.255640e-007 861.379608 467.720461
9 3.185110e-008 587.879821 783.119900
2 6.819960e-008 508.934495 816.630371
5 2.698930e-008 560.940433 705.590484
11 1.457970e-007 757.841633 567.730300
2 1.325320e-007 605.320000 674.435002
9 1.008570e-007 781.661762 824.476154
9 1.789950e-007 640.700389 787.433220
11 4.071440e-007 831.988311 596.048759
2 1.109720e-006 517.416060 676.643139
5 6.923240e-007 453.498829 682.885971
2 2.230060e-008 600.438836 568.361406
5 1.300070e-007 540.301335 669.029133
11 5.788700e-008 830.950502 732.481378
11 1.475290e-007 842.943166 690.800811
9 1.944120e-006 722.238738 868.558916
9 3.034300e-007 614.906563 925.535106
9 1.686020e-008 600.308315 788.622344
2 4.912300e-008 631.550887 757.379985
11 1.858490e-007 807.798075 655.255833
9 1.355600e-007 711.343559 779.999073
2 4.203100e-008 549.342210 819.420630
9 4.830650e-007 746.057977 820.360894
11 4.702140e-008 730.270567 760.959673
11 4.504530e-008 830.419693 562.349411
9 4.187860e-007 712.741816 822.944011
11 6.053560e-007 896.956558 646.242615
8 4.200390e-008 441.301433 298.196011
8 4.040210e-008 461.210607 347.896249
8 1.569370e-008 569.733324 571.886884
2 4.699500e-008 600.280524 617.174798
5 3.120560e-008 644.565480 682.829697
2 1.239510e-007 585.185390 654.872789
5 1.230170e-007 510.767190 681.958750
9 1.270000e-006 669.314914 920.015160
9 1.042720e-007 813.743058 764.393536
8 1.470200e-007 475.415045 431.667708
6 4.662290e-007 202.287654 159.183865
6 8.060510e-008 74.473009 191.778192
6 4.513030e-008 271.370100 288.107611
6 1.766930e-006 176.651674 127.035006
6 9.247650e-007 95.214296 87.844642
6 9.159870e-008 210.895263 208.966585
8 1.029480e-006 395.479754 396.928637
8 3.219250e-008 286.730393 273.431144
6 1.380620e-007 160.905268 205.329229
8 3.233570e-007 355.804211 373.403946
4 2.311540e-008 446.285028 594.757024
2 1.297930e-007 439.854869 576.082528
5 6.178440e-008 437.070914 567.997353
8 9.714150e-008 447.509346 497.828129
2 1.336180e-007 471.228000 765.164859
5 1.055840e-007 471.228000 756.959344
8 8.049250e-009 541.237685 627.210041
2 9.437980e-008 512.714880 558.838227
5 9.171760e-008 508.812373 552.034011
8 2.769350e-008 458.803350 320.903954
8 2.546110e-007 429.925831 412.941109
4 1.986300e-008 481.267558 469.726860
2 1.308460e-007 583.035015 565.798706
11 1.916720e-008 724.139996 627.660876
9 6.171210e-008 727.134938 795.285424
9 2.535390e-008 848.040681 785.860532
11 6.437930e-008 825.216767 761.251976
2 2.202590e-007 579.118043 687.760503
5 1.489760e-007 450.195352 611.446939
8 3.493540e-008 361.127892 580.778551
7 2.970250e-007 290.202707 571.616096
4 1.233330e-006 281.931790 570.892472
2 2.263720e-007 410.907017 574.664403
5 1.688320e-007 470.505201 638.575362
8 2.582420e-008 526.456592 308.106230
8 6.842260e-009 424.935159 245.119470
8 3.929570e-008 479.996742 512.914829
2 5.328540e-008 550.749056 516.622723
11 2.231710e-007 851.797139 651.150677
2 8.055600e-008 506.953075 569.891002
5 4.924270e-008 430.757983 590.185222
8 1.158410e-008 378.893597 659.011328
4 1.041170e-007 330.062710 723.811862
7 3.139690e-008 332.895909 783.951723
3 8.441230e-008 378.332801 840.061667
5 5.074820e-008 306.036507 800.285250
2 4.302990e-008 304.644815 799.075467
3 7.755400e-008 266.885645 686.425201
4 7.108730e-008 263.302143 682.582364
7 2.154070e-007 258.179746 677.089262
5 3.109170e-008 247.067760 665.173109
3 9.631020e-007 130.343399 808.379225
7 9.844270e-008 237.933782 737.926679
4 5.151860e-008 308.633072 760.898264
5 1.307520e-007 315.632624 763.172556
3 1.590930e-007 239.355857 725.505939
7 2.965110e-007 205.472903 696.051941
5 2.761690e-008 205.300607 695.902167
4 5.125760e-008 165.131327 654.420415
2 8.348640e-009 364.114184 679.923581
8 4.217770e-008 415.865960 537.363041
4 6.744930e-007 291.984087 600.484110
5 5.650090e-008 285.426462 603.825392
7 1.068610e-007 355.773977 574.151031
2 1.232790e-007 456.078068 531.574470
4 2.923010e-008 456.372724 548.694417
5 2.197540e-008 462.712218 544.255449
8 5.483720e-008 476.980298 534.264817
2 8.363530e-007 531.372425 701.354465
5 2.357620e-008 605.417662 716.011379
2 3.402090e-008 674.164586 654.111248
11 4.772250e-008 813.035993 468.524049
9 6.022020e-008 792.744096 821.716467
2 4.596990e-008 639.608203 816.427362
9 7.464130e-008 539.323321 957.653482
9 5.307090e-008 764.760067 827.072781
11 4.371850e-008 740.201517 698.609085
2 1.031730e-007 649.510091 688.961144
9 7.517300e-008 746.933159 770.708651
11 8.568830e-008 871.505550 473.963199
5 1.013080e-007 502.181092 615.419767
2 5.077360e-007 505.420067 621.511435
9 1.897430e-007 711.731836 825.971994
9 5.452250e-006 691.619021 871.721363
5 2.188910e-008 561.429411 740.435768
2 1.572460e-007 577.293071 700.293142
9 1.942660e-007 663.165886 773.616513
11 3.491160e-008 710.912499 606.217065
2 1.285560e-007 589.859283 736.308548
9 1.244030e-007 736.460148 775.590267
11 8.625130e-008 775.162011 626.589370
9 9.122810e-008 781.790205 869.607623
2 1.044320e-007 538.506633 729.540959
5 1.034350e-007 562.598098 677.876509
2 3.044420e-007 543.147370 554.882493
5 1.201460e-008 541.897127 483.255985
8 1.552030e-008 540.133100 382.194798
2 5.151780e-008 568.953275 802.503222
9 1.576350e-007 629.865947 827.735922
11 1.079550e-007 885.892189 764.945246
11 8.760730e-008 765.777313 544.146238
2 5.063890e-007 509.082293 667.944231
5 3.190150e-007 487.317388 674.815982
11 3.218320e-008 856.306865 662.801869
11 7.380960e-008 767.507319 573.318681
11 6.441670e-008 729.320170 584.438509
2 2.822610e-008 452.704710 452.351481
8 7.310570e-008 507.987530 403.386094
2 3.214150e-007 566.679347 634.887231
5 3.401430e-008 592.057410 761.252000
9 3.876480e-007 753.102260 830.601801
11 5.593700e-008 779.347972 621.871226
11 3.540870e-007 837.146770 585.742382
2 1.180920e-008 640.069695 715.096242
9 2.355300e-007 623.872134 798.424442
5 1.246600e-007 506.537523 660.199749
2 1.490220e-008 587.017920 850.244299
9 7.350810e-007 672.262043 830.564202
2 5.864670e-008 596.209730 572.574246
11 5.697020e-008 915.706684 427.268117
11 2.011000e-007 873.156827 623.484544
9 7.442620e-008 813.058131 799.452983
9 8.550780e-008 567.918328 808.676380
2 2.924730e-007 509.963909 752.710340
5 8.220790e-007 454.745276 695.668483
8 8.499470e-008 474.092731 421.571265
8 2.386190e-006 400.329043 423.952008
4 7.288570e-008 367.945147 487.509127
2 3.595270e-008 450.426046 475.820056
5 1.078020e-008 522.223531 437.644543
11 4.727350e-008 724.303986 690.438620
9 6.782820e-008 677.594652 771.341707
11 1.338850e-008 843.517590 497.971823
11 4.791030e-007 848.129436 555.304153
11 1.885550e-007 815.367881 597.513485
2 1.135340e-007 547.976666 582.550875
5 5.542160e-008 484.003169 539.546340
8 8.738460e-008 472.531896 467.119186
2 1.359600e-007 521.674594 601.252517
5 7.624040e-009 605.510978 645.829518
9 4.556470e-007 663.297284 836.827919
2 7.803280e-008 557.695249 607.678530
5 1.853060e-007 471.255475 646.824937
9 2.640610e-006 668.571116 885.654921
11 7.280720e-008 893.181551 745.727353
9 2.051940e-007 699.414662 768.758118
9 9.304230e-008 759.049407 828.193120
11 1.482640e-007 875.883892 691.046650
2 5.679730e-008 656.759297 625.827297
9 2.309090e-007 764.248962 852.908149
9 8.621400e-008 590.658226 901.473398
2 2.397960e-007 474.717126 761.994352
5 4.058600e-007 469.621690 689.129286
9 4.859560e-008 599.305966 773.484880
2 1.907190e-007 596.745667 780.519220
9 1.195630e-007 607.408915 771.779744
2 2.099790e-007 567.862925 698.425385
5 4.684520e-008 538.487900 560.226610
11 8.912590e-007 884.433360 620.876202
9 2.646950e-007 745.631650 850.572680
2 1.318720e-007 582.078727 659.987613
5 3.940920e-008 530.283682 756.372093
9 7.352500e-008 594.090928 946.536280
9 2.200560e-007 583.891811 934.052699
2 3.078660e-008 547.303847 873.701419
5 1.791010e-008 552.657880 880.806458
9 1.354000e-007 612.807000 871.241930
11 1.790530e-007 834.040853 694.157910
9 3.069980e-007 676.907957 801.547454
2 9.586560e-008 579.781949 574.329442
8 7.983860e-008 501.889193 494.075100
5 8.576570e-008 516.534234 616.056209
2 7.062370e-008 612.737185 723.183613
9 3.161530e-007 630.919697 850.968535
5 1.225650e-007 403.963707 596.734824
2 1.740450e-007 438.771278 582.502577
4 1.567670e-008 449.190621 578.710205
8 3.993840e-008 466.704071 572.335761
8 3.962010e-008 486.924747 362.944124
8 1.156580e-007 352.054592 360.967659
2 1.152900e-007 372.606733 599.437184
5 2.158320e-008 366.479256 605.151178
4 1.068450e-007 364.412999 607.078003
7 1.261590e-007 318.220476 650.153445
3 2.396270e-006 175.527068 744.029217
3 2.016150e-007 239.296274 763.591395
7 6.449830e-008 306.027839 791.917088
2 7.135050e-008 386.740498 826.177365
5 3.568510e-008 394.373218 829.417243
3 1.057380e-008 353.543107 725.101086
4 4.010050e-008 318.401510 720.202529
7 1.962940e-007 236.405790 736.140514
2 3.008140e-008 229.420175 737.498349
5 6.084140e-008 221.195842 739.096960
3 2.488820e-007 265.141074 729.752155
4 8.667180e-008 222.680896 690.957919
7 6.188280e-008 148.109553 755.781981
3 5.570960e-008 197.581079 904.281804
7 9.554150e-008 295.633722 719.614748
4 4.793610e-008 359.164038 703.775079
5 2.556160e-007 364.131262 694.409716
2 1.636070e-007 366.840011 616.833565
8 3.996290e-008 370.028645 525.513915
8 1.744850e-007 386.148681 341.556090
4 9.222630e-008 356.680770 530.595252
8 4.179600e-007 414.776895 429.969618
8 3.152190e-007 357.017077 390.089803
6 1.865400e-007 245.217700 80.723265
6 9.518350e-009 223.866627 332.702513
8 1.563300e-008 293.133400 314.142661
8 2.562600e-008 444.236091 244.584069
8 5.138650e-008 481.539669 374.522305
2 2.233720e-007 472.850125 596.075041
5 8.012970e-008 531.731777 668.787897
9 2.611750e-008 537.925817 689.469817
8 9.416400e-009 399.969913 580.068982
4 2.656620e-007 323.147298 559.484228
7 1.627300e-007 245.820121 538.764275
4 3.322460e-007 330.276135 561.488402
8 3.629030e-008 396.070948 536.232201
7 6.130530e-008 404.259064 533.089086
2 2.356660e-007 422.035723 564.133346
5 1.252510e-007 420.203981 572.750946
2 1.810880e-007 387.279062 745.570085
5 2.399790e-007 379.890987 749.334497
3 1.642160e-007 265.049035 807.849382
7 3.244380e-008 293.591516 803.284379
4 1.533700e-007 383.754623 601.208518
2 1.018220e-007 373.740983 549.693833
5 2.673930e-008 366.414169 546.681919
8 5.653090e-008 313.038454 529.338996
7 1.986980e-007 230.043281 516.220120
4 3.786730e-008 404.026217 711.753408
2 5.000620e-007 428.349404 775.117214
5 1.193820e-007 431.475724 783.261521
3 1.501860e-007 259.056776 758.081514
7 1.020470e-007 331.694172 701.331185
4 4.268940e-008 444.762413 565.930227
8 6.491640e-008 483.673974 489.561515
2 9.280280e-008 483.927054 489.064815
5 3.547280e-008 488.005181 481.060990
7 1.027570e-008 426.752733 539.466953
8 3.924790e-008 534.980421 313.369636
8 5.511110e-008 516.180937 442.049571
2 3.080140e-008 543.000609 589.710937
5 5.953220e-008 573.763725 679.053094
2 2.903430e-007 582.556672 714.592043
5 7.482490e-009 646.519853 677.662943
4 2.553780e-008 401.804299 504.004050
8 1.930590e-007 396.073170 497.411153
2 2.554020e-008 389.175628 493.238147
7 3.859330e-008 410.588663 645.599729
5 5.437370e-007 411.342837 650.965956
8 3.812580e-008 578.908361 398.729829
8 7.527670e-008 386.143872 309.857955
8 9.460460e-008 372.546571 312.567003
8 8.790790e-008 465.056902 436.602952
2 4.583060e-008 659.122264 637.744830
9 7.018030e-008 622.921400 776.538219
2 4.139800e-007 553.499574 637.510330
5 5.385490e-008 584.393676 675.451388
9 5.500170e-008 754.309716 703.600786
11 2.036090e-007 808.332383 645.668632
2 6.412170e-007 498.743121 614.611155
5 7.268760e-008 501.966737 613.686796
11 1.479950e-007 834.812335 549.242474
8 2.615400e-008 493.420466 433.351595
4 1.234100e-008 447.044809 500.994714
2 1.043420e-006 500.975435 647.541884
5 1.101530e-007 499.549886 650.464682
2 2.225910e-007 493.975072 780.727105
5 3.818320e-008 494.441791 784.047993
9 8.203180e-008 790.853014 842.983954
11 1.298520e-007 877.488707 698.088207
9 2.940470e-008 701.708487 703.800691
2 1.513330e-007 508.888157 576.145770
8 5.292400e-008 409.478674 556.571767
5 6.938380e-008 345.755814 544.185203
4 2.052530e-007 327.985737 540.731024
7 2.854760e-008 342.204629 580.247131
2 3.044310e-008 355.905860 869.970293
3 3.558580e-008 156.156019 940.850635
3 2.470440e-007 163.733905 849.657393
5 3.006210e-008 308.535217 676.069662
4 5.636720e-008 309.790765 673.377137
7 1.535360e-007 312.965005 666.569973
2 5.118050e-008 289.545349 683.329177
3 1.143480e-007 111.188952 867.248426
7 2.694050e-008 213.540554 792.286599
3 1.539110e-007 215.908761 794.345252
3 2.220030e-007 78.786089 853.913299
5 7.732090e-008 326.644271 842.917555
3 1.948200e-007 202.731427 902.594581
5 7.844950e-008 353.834116 725.338447
2 8.631640e-008 346.324567 664.178230
7 9.942470e-008 290.883443 702.397765
4 1.090630e-007 288.482722 704.559387
3 7.667110e-007 195.896963 816.952587
7 1.483190e-007 283.940904 689.796452
4 1.279270e-007 285.896464 687.465913
5 4.155430e-008 297.174032 674.025869
3 1.999180e-008 331.972881 633.054360
2 2.595300e-008 341.486207 631.547588
8 1.169570e-006 399.684272 414.645430
8 4.246380e-008 375.302888 266.208330
6 5.980840e-007 186.847628 132.518128
6 1.935040e-008 282.956652 337.645914
8 1.397020e-008 257.535090 271.420756
6 2.603180e-006 190.185685 103.293578
6 1.621070e-007 67.507667 137.454242
6 9.216690e-007 142.662592 123.501259
8 1.190050e-008 172.691463 310.198059
6 8.291690e-008 31.745962 116.392688
6 3.085750e-007 86.023624 89.793877
6 8.280140e-005 158.588946 99.403951
6 1.106000e-007 117.917974 163.158026
8 1.931350e-008 216.608468 308.068495
6 6.410730e-008 91.195940 153.656716
6 1.442250e-007 87.522348 175.638952
6 5.725860e-008 242.651386 115.160760
6 3.544510e-007 109.061564 199.794400
6 1.139040e-007 149.668527 196.841387
6 2.056110e-007 246.919954 162.663180
8 9.066830e-008 385.087049 337.991019
8 6.891550e-008 488.776010 372.738309
10 1.878920e-008 715.424508 100.459453
8 4.099270e-008 527.168908 447.914601
8 3.642670e-007 414.922959 390.703096
6 3.344790e-008 286.736889 143.778383
6 1.048610e-006 129.878779 79.321114
6 1.560430e-007 249.125528 115.329284
6 1.301580e-007 237.917126 103.840681
6 1.536600e-007 86.549556 152.052772
6 2.768960e-008 101.335695 234.529168
8 1.891730e-008 296.608065 272.263263
6 8.184130e-007 113.944092 84.657548
6 1.281340e-007 64.614688 155.309803
8 2.401620e-008 279.966993 239.718750
6 4.638270e-008 193.594496 175.534934
6 2.040530e-007 182.734561 152.370450
8 4.401980e-008 359.113212 323.456580
10 9.337370e-008 765.459761 35.407715
8 1.275100e-007 443.207801 487.551752
2 3.009620e-007 414.303625 641.649960
4 3.507630e-008 414.144289 642.655961
5 3.541850e-007 413.789615 644.895276
3 2.794410e-008 345.781444 868.162029
3 1.329300e-007 55.932923 901.321683
2 9.319600e-008 364.932908 766.944885
5 1.314270e-007 363.582688 769.977514
3 3.095280e-008 326.806912 852.576820
7 7.616930e-008 278.482219 743.046499
5 1.979610e-007 320.298238 726.151718
3 2.361600e-007 259.276375 734.131975
4 5.360450e-008 223.076118 739.865479
2 2.229280e-007 385.629586 730.025998
5 2.391410e-006 431.497961 671.316798
8 6.680980e-008 340.192677 541.754913
7 3.390540e-008 333.665076 535.451285
4 2.484940e-007 327.597501 529.591899
8 1.527770e-008 161.151383 438.075181
4 4.177450e-008 144.702903 441.571438
7 1.360960e-008 98.462992 451.877531
4 4.995260e-008 143.471924 474.537404
7 6.103510e-008 261.476316 530.262008
8 2.641860e-008 204.835050 481.024288
4 3.342900e-007 255.807985 525.007000
2 1.306680e-007 459.214071 495.758325
5 4.023360e-008 458.530930 492.544364
8 1.013050e-007 457.204622 486.304503
11 5.151790e-008 686.540941 720.363276
9 1.454550e-007 660.721912 804.813340
2 1.385790e-007 510.554444 737.558329
5 6.458530e-008 507.795040 735.478984
9 2.937180e-007 684.544348 796.841694
11 9.568320e-008 759.468888 664.029443
9 3.203600e-008 702.784370 756.076609
2 2.204310e-007 555.037810 670.774911
5 7.613410e-009 507.952168 620.427218
8 2.246280e-008 422.016619 518.013514
4 2.081790e-008 477.294075 549.951705
2 1.842640e-008 639.510808 778.276264
9 1.347570e-006 725.958342 852.969661
5 7.970390e-008 501.640154 776.773227
2 2.900270e-007 463.997307 765.884705
9 2.587020e-007 649.268951 944.845083
2 1.395470e-008 711.980774 658.131434
11 8.117050e-008 822.904808 690.784006
9 3.104970e-007 798.505137 867.925682
11 9.616410e-008 843.811352 684.431435
9 1.382600e-007 797.189418 858.099514
11 1.320190e-007 778.031000 531.359255
9 1.000270e-007 730.987747 780.351096
11 2.148900e-008 917.153151 846.906068
9 9.930760e-007 752.433462 838.391012
11 1.363790e-007 871.388291 703.622519
5 1.574820e-008 546.191308 790.924837
2 5.006170e-008 546.505041 792.704110
9 2.661530e-007 574.359683 950.675960
2 1.669210e-007 639.375133 644.366049
5 1.196310e-007 503.926250 722.567476
9 6.192730e-007 653.344061 856.788288
2 5.455240e-008 612.704848 665.597379
11 3.632170e-008 831.630547 453.287263
2 2.540440e-008 623.127846 722.220926
9 5.455470e-008 718.428709 754.814953
11 8.572170e-008 820.288142 686.396705
11 3.471970e-008 821.509214 525.200864
11 2.528150e-008 753.726662 506.005001
8 1.336090e-008 552.636982 379.368841
8 5.194120e-008 446.986945 305.198638
5 4.681750e-008 362.868141 524.836955
2 6.629820e-008 350.136582 524.614722
4 2.026940e-007 273.361839 523.274598
7 1.659300e-007 190.645738 530.384020
8 1.837960e-008 162.474252 536.887867
3 1.004510e-007 231.804880 608.763551
5 8.020750e-008 356.120743 613.104738
4 1.836410e-007 358.944267 613.203337
2 3.673500e-007 415.785667 611.699688
8 1.852480e-008 325.371924 573.321339
7 2.493820e-007 274.157237 551.582000
7 5.168960e-008 125.610887 501.920546
4 9.327490e-008 208.266984 484.672262
8 1.591840e-008 285.439588 542.825812
5 1.173930e-007 425.678692 589.002213
2 1.479450e-007 503.765824 584.910163
9 2.143740e-007 681.874678 805.721235
11 9.852140e-008 801.815635 623.257175
9 8.773850e-007 693.173315 856.297009
2 1.354250e-007 640.550953 816.296072
9 2.458060e-007 678.981184 805.289244
9 1.937590e-007 838.672826 960.802759
9 4.476210e-008 882.620974 815.759123
11 1.095560e-007 804.408847 629.147729
9 3.007070e-007 659.727904 817.742638
9 3.685870e-008 786.242509 644.993479
11 1.195810e-007 761.493563 653.551599
2 1.544440e-007 571.888505 673.295967
5 2.276010e-008 530.819802 602.163019
8 1.410010e-007 489.936567 426.999992
2 3.910230e-008 441.327325 504.415863
8 6.039140e-008 552.309250 458.912307
8 1.292090e-006 401.289794 421.585614
6 2.964380e-008 242.468173 114.817627
6 1.195510e-007 112.048789 167.206434
6 2.032410e-007 104.277941 64.993511
6 3.515990e-008 76.510597 221.086729
6 1.238240e-007 240.713000 185.931330
6 1.085330e-008 242.069335 37.479990
6 5.950230e-007 194.597571 70.116151
6 1.434540e-007 180.197297 224.688822
6 1.751180e-007 180.844638 190.008811
8 3.768780e-008 344.934502 310.677316
6 5.320930e-007 136.812959 162.567757
6 6.808050e-007 87.268436 114.006195
6 3.175990e-007 199.222541 108.323430
8 2.026920e-008 246.355749 305.072497
6 5.949060e-008 130.005945 233.830399
6 6.835520e-007 138.835550 133.952938
6 4.115070e-008 114.516144 228.449370
8 1.676080e-008 212.899955 258.414921
6 1.515890e-007 221.418336 23.919151
6 2.790610e-007 123.230003 162.027599
6 1.946240e-008 255.907834 219.850139
6 4.127310e-007 60.577588 127.672964
6 3.408780e-008 87.643089 246.566945
6 1.684790e-007 251.813449 76.736124
8 9.216850e-007 405.969749 412.141867
8 3.660780e-008 505.845974 285.670103
8 9.741060e-008 420.022337 348.758974
8 9.615390e-008 455.486036 366.367942
2 1.996400e-007 514.152102 585.347869
5 1.180780e-007 563.022835 645.698257
9 1.433120e-006 694.227695 853.462084
9 2.815990e-008 748.837634 688.657245
11 9.265270e-008 765.849213 549.737178
2 8.104850e-008 518.361168 556.879451
5 4.455380e-008 512.921167 550.621488
8 3.422240e-007 438.440327 429.456083
10 1.135560e-007 815.436551 124.695179
10 1.874180e-007 731.757217 40.105976
8 1.357530e-007 416.676334 478.708046
4 4.866900e-008 375.757677 577.221621
2 3.601300e-007 369.299477 629.820177
5 1.072240e-007 368.215282 638.650364
8 6.252870e-008 564.535370 419.711983
4 1.892880e-008 345.542317 545.663282
7 5.550400e-007 214.785182 573.766318
4 1.045940e-007 160.214140 584.408536
7 5.232660e-008 52.704988 525.299248
8 5.240420e-008 371.882198 569.008532
2 1.087670e-007 431.498319 578.450586
5 6.384190e-008 439.602819 579.734183
4 2.019470e-008 409.890007 613.343320
3 1.436990e-007 276.225971 786.671694
7 9.315020e-008 275.456030 788.577360
5 9.797360e-008 310.608580 685.762515
2 6.233910e-008 346.405829 623.759886
4 6.225390e-008 359.373325 601.299533
8 5.132760e-007 387.859238 444.036121
8 8.526320e-008 404.936943 512.493618
2 1.095800e-006 484.947230 640.877161
5 3.742150e-007 488.530641 648.925656
9 2.465870e-008 652.078666 693.237553
2 8.235870e-005 491.773330 676.413281
5 2.237260e-007 498.801714 680.636353
9 1.145230e-007 777.419351 800.421545
9 3.626750e-007 779.544399 878.160877
11 1.737040e-008 845.737644 828.722437
9 8.285930e-008 821.860088 859.701814
2 3.205430e-007 555.268818 648.189077
5 5.856050e-008 496.933982 604.230721
8 1.555730e-008 431.566428 648.489208
3 1.353010e-007 234.091789 886.471515
3 1.479660e-007 201.143377 890.807440
5 9.368010e-008 346.169404 788.437398
3 1.546360e-007 261.095767 826.992888
5 2.081660e-008 429.748144 862.614966
3 2.596270e-007 244.627634 891.728520
3 1.311620e-007 170.082936 866.171919
7 4.003380e-007 170.063778 675.026744
4 3.571440e-008 251.081800 672.197374
5 7.991910e-008 274.171707 671.391011
2 1.530150e-007 317.303174 680.447396
3 2.626060e-007 243.858195 729.986684
3 7.774660e-007 183.288296 815.939552
7 6.053360e-008 235.352281 719.448012
4 2.236640e-008 158.467745 752.083265
5 1.708100e-008 151.343811 755.107168
3 1.251780e-007 194.569632 679.788389
7 1.152870e-007 68.484424 653.843472
3 1.415090e-007 99.353307 811.894766
4 8.207740e-008 187.198415 684.806287
3 8.218140e-008 223.981692 882.268585
2 1.802060e-007 412.866262 734.015797
5 8.203280e-007 413.805226 725.082130
8 7.083870e-008 322.389744 566.110909
4 3.525240e-007 310.051292 563.712592
7 1.612280e-007 222.138724 546.624371
4 6.510990e-008 145.891541 549.894445
7 7.743200e-008 68.540721 523.260323
8 1.073800e-007 339.934790 523.907215
5 1.232330e-008 439.254308 548.670542
2 9.742790e-008 468.302000 508.404445
8 7.170020e-008 361.700385 314.096086
6 1.133410e-007 211.757626 247.731700
6 1.646790e-006 130.210272 107.039644
6 4.194740e-008 91.772061 262.527792
6 2.228780e-008 229.428161 178.565728
6 3.709930e-007 181.197375 176.052094
6 1.911430e-007 83.504637 155.221663
6 9.171960e-007 190.809730 83.853529
6 6.392930e-008 83.924178 174.344741
8 8.400410e-009 175.490519 286.028886
6 5.086920e-008 109.031684 246.096260
6 1.002800e-008 144.068751 297.113417
8 1.322780e-007 356.571961 313.930162
8 2.566430e-008 377.384073 278.697942
10 4.521780e-008 721.606925 105.419015
10 4.670120e-008 687.207246 54.782895
8 5.858810e-008 346.570153 337.953023
9 1.784990e-007 580.821642 847.766600
11 9.130560e-009 734.207925 742.681955
9 7.878880e-008 726.650102 772.584023
9 1.671640e-007 593.863279 900.755139
2 1.150350e-007 567.694566 703.141174
5 1.701970e-008 608.501312 751.022396
9 1.350710e-007 676.601291 816.785750
11 1.898610e-008 753.049992 640.313315
8 3.733450e-008 499.149661 349.028180
8 3.082110e-008 413.085996 231.905657
8 2.810020e-008 583.015516 471.322195
2 1.039170e-007 543.802822 596.289521
5 2.244650e-008 610.409823 629.989647
8 4.439460e-008 496.045197 395.300285
6 5.401900e-007 133.387329 133.862031
8 2.483890e-008 425.535176 250.393662
10 1.742460e-008 594.051787 139.431241
8 1.245990e-007 358.526501 331.860879
8 3.140340e-008 499.841378 285.977573
10 2.761740e-008 788.151526 143.590428
8 2.339790e-007 430.211576 377.926430
8 8.049870e-008 516.637365 470.290917
8 9.341220e-008 488.659375 415.220389
8 4.901050e-008 443.655774 303.776307
8 4.046240e-008 411.079006 242.556187
8 2.338330e-007 456.778356 426.112269
8 2.710830e-008 419.386889 584.084724
2 1.249070e-007 427.653761 532.021544
5 1.078140e-008 429.058982 523.149256
8 5.123260e-008 513.595119 375.755884
8 2.381480e-008 309.794237 303.772773
2 3.698010e-008 574.507169 547.573022
9 5.342760e-008 760.723023 727.774881
11 1.720510e-007 867.161715 615.169493
9 1.603230e-008 812.034652 717.052498
11 6.631040e-008 746.242966 685.791770
2 1.912780e-008 597.992052 672.835642
5 4.359640e-008 533.726947 618.910962
8 1.221050e-007 497.585735 420.679179
10 1.057170e-007 762.148708 34.882700
8 1.135870e-008 534.976458 246.045156
8 1.449380e-007 385.501717 328.493617
8 2.091190e-008 527.137668 261.941910
8 6.453030e-008 454.591523 344.489786
2 6.395280e-008 574.908531 519.042161
11 3.009540e-007 840.888763 566.575309
9 6.049780e-007 744.427535 868.990617
9 1.315530e-007 625.683228 962.855288
2 1.660590e-007 536.372272 745.220792
5 5.300140e-008 547.349418 667.116295
9 2.870130e-007 718.025554 841.015704
11 6.884330e-008 776.527358 584.760584
9 1.163160e-007 716.471553 734.633813
11 7.284370e-008 755.171006 567.010754
11 2.974290e-008 725.056339 624.600965
9 7.026040e-008 882.803780 910.266814
9 2.353740e-007 772.292108 893.693420
9 1.873940e-007 816.684348 910.145904
11 8.649590e-008 762.054135 606.210562
11 1.602250e-007 872.372351 501.632399
9 1.359540e-007 741.397357 827.482875
9 1.549830e-007 814.537978 836.484613
11 2.790800e-007 912.852781 655.237151
11 6.990910e-008 810.562095 729.419822
9 2.776470e-007 769.801595 855.530857
11 1.028510e-007 859.182345 700.770868
9 3.322280e-007 735.909446 855.885159
9 7.187850e-008 657.574051 993.444047
9 6.545620e-008 842.149843 834.642472
9 5.766390e-008 873.341913 772.394189
2 4.571590e-008 599.741967 746.332060
5 1.085440e-007 496.753792 719.769180
11 8.169610e-008 795.003735 657.017486
8 2.619520e-008 506.362973 568.948644
2 1.128130e-006 498.075326 647.800406
5 8.460960e-008 496.623695 661.611762
4 5.387750e-008 311.589005 713.715613
5 3.835480e-008 293.452535 728.402264
2 4.518030e-008 292.004997 729.574459
7 1.122100e-007 244.666433 767.908544
3 3.270710e-007 242.152395 769.944376
3 6.418270e-008 79.378530 970.192555
7 3.709140e-008 219.510311 807.284036
3 1.220860e-008 356.403844 861.915307
5 1.077010e-008 299.729054 910.238345
3 2.124270e-007 193.007754 857.498201
5 1.351970e-007 344.516007 756.382246
2 5.522900e-008 351.415554 739.122527
4 1.239240e-007 212.888672 694.111967
7 3.579290e-007 190.466738 686.826566
3 6.927910e-006 166.691835 785.353627
4 3.374410e-008 237.803237 709.719625
7 2.868570e-008 260.945997 714.218081
5 5.846770e-008 244.343324 710.990960
3 2.723450e-007 219.830429 706.226223
4 9.520300e-008 165.326224 692.980160
7 1.320320e-007 143.182058 696.487481
3 1.410080e-007 113.415119 705.305438
5 8.349480e-008 337.277455 667.400231
2 1.289950e-007 395.844979 619.972738
8 8.672750e-008 460.708447 567.446842
4 1.241470e-006 298.720823 578.079509
7 8.823750e-007 210.262647 583.421164
4 8.583380e-007 250.749526 536.643800
8 3.066190e-008 284.397090 592.643183
7 5.807550e-008 279.394342 596.178561
5 2.460130e-008 221.873395 562.968756
4 8.478310e-008 247.941958 486.011682
8 2.254530e-008 203.948458 531.568295
7 3.159880e-007 177.254637 559.210562
4 2.513510e-007 269.159977 505.376424
8 4.256150e-008 320.967439 547.329357
7 5.411020e-008 364.642572 582.696848
5 1.853300e-007 364.816465 582.837665
2 4.026310e-008 329.121463 591.756262
7 2.399020e-007 214.934134 539.671969
4 2.767700e-007 227.322662 543.459508
5 4.643230e-008 367.763842 586.396527
2 2.978110e-008 321.025937 528.795865
8 5.993560e-008 314.158723 521.169064
7 1.182170e-007 144.535045 552.246322
4 2.422760e-008 130.084581 533.112772
8 6.309380e-008 171.296480 402.087634
7 2.876150e-007 108.232848 605.064187
4 3.827020e-008 157.266891 479.267638
7 4.207580e-007 169.118487 583.799665
4 2.106610e-007 240.550751 480.464777
8 1.121790e-007 270.032679 399.525650
7 3.478570e-007 175.438682 570.262930
4 1.688290e-006 264.507050 546.889648
8 2.606570e-008 312.581204 472.861513
7 1.733120e-007 263.651249 499.070267
4 8.434870e-008 248.993472 435.559054
8 1.588930e-008 142.139840 472.351659
7 4.680730e-008 352.155004 598.879907
5 3.682850e-007 403.413473 655.807938
2 9.303560e-007 404.622426 657.150610
4 2.496990e-008 418.016974 686.169877
3 6.664180e-006 173.020739 782.717619
7 5.979860e-008 112.572162 825.901239
3 1.007880e-006 126.968350 783.861682
7 1.868600e-008 211.478969 787.715564
5 2.599090e-008 251.712772 880.144802
3 6.694970e-008 284.991163 821.294478
5 3.577520e-008 355.034173 755.978770
2 1.565840e-007 331.483762 720.033629
4 3.435990e-008 244.971194 733.736010
7 1.733890e-007 237.916454 734.853382
3 2.013030e-008 317.116973 921.355065
7 5.012890e-008 170.200320 738.170693
4 1.165630e-008 100.230238 715.435949
3 2.149600e-007 95.346930 713.849260
5 2.374140e-007 412.386284 768.980009
2 6.749920e-008 424.131839 763.750559
4 6.153460e-007 325.663313 544.854997
7 9.257740e-008 284.557400 526.553516
8 4.955630e-008 283.112711 525.910301
2 1.457540e-007 441.219472 599.032429
5 1.543450e-007 444.669865 598.851591
11 3.096800e-008 757.129870 585.845981
11 2.741980e-007 835.082052 549.850665
9 2.314580e-007 798.162512 879.442149
9 4.733140e-007 767.610052 915.198009
2 4.797750e-008 608.260358 649.419888
5 3.292190e-008 579.107405 731.098681
11 3.104130e-008 739.626801 557.042597
2 6.259960e-008 602.763685 654.988721
5 3.302680e-008 535.502317 626.437810
4 7.873060e-008 352.848703 674.714878
7 3.528000e-008 305.978347 736.914273
3 2.490000e-007 241.269833 786.711227
3 5.477670e-007 133.624301 830.416157
7 6.071830e-007 167.558485 670.768838
4 9.013550e-008 236.026836 654.868481
2 1.558720e-007 368.663831 648.606405
5 5.417250e-007 365.390584 648.892767
3 1.080320e-007 195.067665 663.793557
7 5.910300e-008 116.413606 812.541680
3 2.123750e-007 123.448793 848.194971
7 5.549210e-008 122.269952 793.804758
3 4.261260e-008 258.675119 903.523922
2 4.127840e-008 401.729259 785.803054
5 6.937930e-008 398.377810 785.686012
7 3.520120e-008 179.869251 824.493430
3 2.293300e-007 152.875143 846.352801
3 2.135860e-007 97.365442 838.002357
7 5.753570e-008 125.400000 780.929596
3 1.059420e-007 297.363638 814.721113
4 1.708330e-008 298.490325 836.220134
3 1.700540e-007 56.154387 813.794516
7 9.194720e-008 150.412256 800.002591
3 7.310720e-008 189.124452 933.949343
7 1.092500e-007 290.372275 698.959052
4 1.696360e-007 298.582224 660.334403
5 1.368760e-007 302.305211 642.819180
3 3.419300e-008 302.925026 639.903188
2 9.736500e-008 342.331370 730.425866
3 2.453980e-008 333.128405 755.733968
7 4.572100e-008 340.394660 754.712750
5 3.481530e-008 375.445441 793.585929
2 4.470870e-008 379.949398 825.632811
3 7.546480e-007 206.618347 793.530322
7 6.956620e-008 200.039297 796.055790
3 2.657340e-007 203.437953 857.980851
7 3.240640e-008 111.971597 833.693847
3 1.466670e-007 169.389356 663.487873
4 1.459220e-007 222.371258 673.786493
5 1.213820e-007 295.979704 707.195172
7 3.560960e-008 341.451104 800.425588
3 2.192120e-008 111.182825 898.037277
7 5.841910e-008 198.201348 722.200802
4 3.562860e-008 267.918457 705.377685
5 1.348150e-007 337.278944 713.893883
2 3.233280e-007 401.014191 721.719403
3 8.263720e-008 239.268148 669.841485
7 3.702730e-008 378.786897 607.723371
4 6.163240e-008 412.483161 598.655920
5 2.568610e-007 370.718774 632.475942
2 1.123450e-007 321.319075 672.478896
3 8.080900e-008 97.781154 697.008709
7 3.176440e-007 191.805324 735.409402
3 2.648080e-008 44.279678 682.020968
7 1.606060e-008 49.250777 739.565251
4 3.148300e-008 182.112794 721.088719
3 3.671430e-007 154.689373 708.879031
7 3.385620e-007 150.174265 680.650045
5 4.853180e-008 269.372978 710.012674
3 3.210860e-007 85.987432 772.805708
7 9.717780e-008 186.776379 771.177040
4 8.341340e-008 231.471530 699.650060
3 1.530210e-007 197.910327 690.834415
2 1.336310e-007 356.952944 718.771181
5 1.678540e-007 361.563071 711.672179
7 3.527440e-008 406.278061 642.816856
8 3.026610e-008 415.075897 544.519891
4 1.385490e-007 329.107623 535.484048
7 1.344980e-007 91.537815 540.033070
4 1.867050e-007 197.848634 462.328862
8 3.784760e-008 272.091872 503.482487
7 9.152960e-008 280.154190 507.951495
5 4.880200e-008 434.995658 544.565956
2 9.865530e-008 510.822288 537.931893
11 5.477860e-008 799.637078 550.986246
9 4.253710e-008 854.151571 728.996120
11 6.923200e-007 887.915774 645.426684
11 3.427140e-008 873.873828 439.323277
2 6.027950e-007 526.434730 654.899998
5 1.047980e-007 533.439302 649.995304
9 3.785360e-008 696.395394 660.712079
11 1.404110e-007 821.674825 637.757044
11 4.139610e-008 710.451098 582.795175
9 2.309430e-007 778.287410 772.917602
11 6.122930e-008 769.005134 642.664256
8 2.669570e-008 558.304609 432.687198
8 3.667870e-008 413.718451 273.423053
4 4.195990e-008 396.060697 567.740492
2 1.618810e-007 408.580383 646.786155
5 8.375200e-007 409.972110 655.573117
7 8.179570e-008 240.156386 747.278187
3 6.988900e-007 227.041118 750.306095
7 1.255450e-006 175.680124 641.532408
3 1.083520e-007 189.518711 640.564742
4 1.351340e-007 230.601334 672.640148
5 5.047120e-008 257.615120 766.847376
3 4.100450e-008 65.769635 882.830764
3 1.405800e-007 241.246840 876.206336
5 3.387410e-007 404.063884 751.178583
2 9.966120e-008 375.846556 684.703464
4 3.111130e-007 337.391776 594.110691
7 1.366070e-007 336.541134 592.106724
8 2.594470e-008 311.980991 559.390325
5 4.058660e-008 308.298007 551.492126
4 4.928810e-008 262.864837 454.060200
7 9.213850e-008 262.016248 452.240392
8 2.546590e-007 429.343541 491.864054
5 9.998310e-009 431.006421 483.309443
6 5.037500e-008 279.930524 132.142630
8 1.253240e-007 403.209253 304.559086
8 1.676280e-008 374.171281 275.724791
8 7.928800e-008 463.013427 420.483270
4 7.128210e-009 408.278000 423.145961
8 3.234330e-007 422.197049 375.941725
2 8.183380e-008 356.389274 600.984546
4 4.719830e-008 356.037337 601.951477
5 6.693100e-008 349.233637 557.245249
7 1.752400e-008 339.477841 464.423101
8 8.004420e-008 374.722095 546.320110
2 1.395200e-007 579.590231 610.143182
5 1.609140e-008 581.238373 597.829851
8 6.987260e-007 349.336120 400.008300
8 9.646750e-008 518.738600 413.166144
2 5.066570e-008 642.462080 706.035722
9 2.876570e-008 767.797736 744.184000
11 4.784990e-008 831.226406 815.589904
9 1.125980e-006 684.048108 861.214813
11 3.436450e-008 774.851835 695.592656
11 2.793040e-007 840.573107 552.412034
5 8.892780e-008 514.446921 624.726258
2 3.956860e-007 512.665786 624.249000
7 1.445300e-007 280.833852 578.637797
4 8.607130e-006 277.603765 579.091764
8 1.026580e-008 273.830226 579.622109
3 4.219720e-008 136.923406 598.863444
7 1.333070e-007 212.553948 494.607291
4 4.322190e-008 215.020357 496.334288
8 2.201020e-008 174.339917 540.540110
3 3.601980e-008 243.812364 613.920736
5 4.030290e-008 394.091695 545.236865
7 4.289650e-008 403.064767 540.664865
4 6.265890e-008 405.803406 539.269461
2 1.377380e-007 430.584638 493.509602
8 1.814280e-007 424.877807 480.065240
8 6.741110e-008 397.613665 331.555704
6 1.628400e-007 82.344040 177.631663
6 5.869890e-008 166.725709 202.516098
6 6.865470e-008 186.014226 243.512562
6 1.138620e-007 65.568044 164.473464
6 1.825500e-007 233.959870 190.898852
8 4.235440e-008 326.360262 338.757330
10 2.283940e-007 764.193380 34.652538
8 8.941070e-008 505.507843 392.934845
2 9.851020e-008 525.772048 589.050848
5 1.778680e-007 501.776075 735.536814
9 2.825970e-007 592.336589 866.679000
9 1.431780e-007 556.217990 864.225916
2 3.209280e-007 530.290501 694.709276
5 4.279070e-008 551.278413 626.470441
11 3.075090e-008 841.076817 454.308289
11 1.455270e-007 865.842196 679.884920
11 1.788340e-007 786.094216 585.239520
11 6.216360e-008 753.619976 670.890325
9 7.205850e-008 612.751716 760.873547
2 1.015710e-007 596.197639 770.431046
5 3.107680e-008 598.763148 687.622210
11 1.054560e-007 834.411597 719.507090
9 9.088830e-008 846.027868 840.739213
2 1.119510e-007 568.122814 658.755593
5 1.264680e-007 512.105506 718.826968
8 6.105980e-008 411.058849 523.830911
4 6.026460e-008 362.771617 519.972453
2 4.977830e-008 366.316364 528.323256
5 1.318810e-007 397.126476 600.906469
7 1.751460e-008 261.008053 806.371993
3 8.245660e-008 267.894900 811.752596
5 9.060040e-007 382.428296 716.888190
2 2.537700e-007 382.994662 715.035690
7 7.520610e-008 404.709170 644.010743
8 1.289120e-008 578.071697 499.670574
5 4.540790e-008 344.999645 565.738565
2 4.756660e-008 343.214345 565.088775
4 6.793080e-007 291.887469 546.407488
7 1.548780e-007 289.861587 545.670133
8 8.169790e-008 370.809098 591.411873
5 5.437730e-008 386.499617 830.594849
2 3.192120e-008 384.955427 831.636422
3 1.042730e-007 224.769718 908.347293
3 4.646600e-006 161.606954 759.639413
7 4.174670e-008 135.049361 836.768130
3 5.348250e-008 36.579615 881.638189
7 9.399410e-008 156.767113 743.683338
4 6.069820e-008 212.446034 797.452187
3 2.984650e-007 160.475462 857.322115
5 1.372730e-008 237.935180 790.123845
7 4.261810e-007 188.945274 710.322661
3 1.853310e-007 284.389526 793.291068
2 3.205820e-007 398.185638 743.034095
5 4.850770e-007 362.207615 706.993156
7 4.749570e-008 214.003162 767.596040
3 3.218980e-006 158.683670 760.803541
3 1.841820e-007 100.898553 763.119126
7 5.342380e-008 228.058336 814.815643
3 2.145060e-006 163.199524 801.035331
7 9.633500e-008 128.989333 720.365561
3 9.328370e-008 106.016000 896.056357
3 8.506180e-008 99.863922 728.036340
7 3.909800e-008 154.758911 817.201811
3 2.741020e-007 95.340114 833.261975
7 1.078280e-007 198.755157 756.981611
3 8.004630e-007 163.920168 809.250323
3 1.253450e-007 143.623727 865.896847
3 1.146700e-006 169.906780 811.549170
7 6.460110e-008 189.449803 726.900558
4 6.967020e-008 222.015194 665.628990
2 1.178800e-007 378.290733 611.819413
5 1.407090e-007 381.461522 610.727632
3 1.940840e-007 227.094423 807.096456
7 2.282260e-008 142.574402 817.474376
3 7.120620e-007 171.503678 810.207966
3 4.013180e-007 260.835651 743.845293
5 3.612000e-008 258.998167 745.084691
4 1.231850e-008 204.900588 781.573928
7 5.138210e-008 194.548029 788.556809
3 2.683150e-007 232.332806 868.363146
7 6.874830e-008 62.652973 808.806814
3 6.632640e-008 234.231517 944.572843
7 4.999830e-008 299.951397 835.333880
5 4.256270e-007 376.715574 725.290308
2 2.096010e-007 375.148698 712.529005
4 2.913520e-008 410.413728 629.178687
8 6.653590e-008 484.505608 544.535809
9 2.573460e-007 781.542952 824.898306
2 5.240470e-008 666.741791 644.339928
11 3.142100e-008 756.361317 591.671899
8 4.939070e-008 503.121906 389.432393
2 4.131610e-008 491.501781 528.078200
5 3.776280e-008 414.991968 509.001985
4 5.667840e-008 421.037345 480.893866
8 5.558260e-008 567.117443 412.137257
8 7.513100e-008 475.073461 392.330606
5 7.373470e-008 478.861891 631.317896
2 4.282240e-007 478.544929 633.115508
9 2.404400e-007 599.550695 889.400603
9 1.012370e-007 624.481291 748.523734
2 1.176480e-007 642.538736 655.626687
11 9.625690e-008 838.604864 538.518590
9 3.082280e-007 778.773980 889.380201
2 1.897180e-007 539.168986 736.814658
5 4.622650e-008 583.628036 728.232434
9 1.279680e-007 748.853099 745.806809
11 1.919710e-007 857.248245 648.207096
11 1.226040e-007 819.387045 572.387883
11 9.230820e-008 781.058377 495.216497
2 2.986120e-007 553.124662 689.606671
5 2.433190e-008 639.839041 659.748741
11 1.629220e-008 699.650667 675.532285
9 1.129570e-007 616.138829 788.659414
2 5.402040e-008 624.276281 751.509599
11 1.861790e-007 835.458755 653.853609
9 1.599200e-007 765.099049 789.640556
9 5.988210e-008 780.692935 950.549798
9 2.146920e-007 741.355187 789.529475
2 1.443510e-007 594.180220 630.965908
5 1.929800e-008 595.676687 765.135233
9 9.453490e-008 503.111225 917.474428
2 2.145290e-007 470.325516 768.035725
5 1.917090e-008 498.972671 861.735088
9 6.682380e-008 500.669822 831.075099
2 4.442340e-007 459.644428 752.538576
5 2.203440e-007 459.763825 749.119416
8 8.897470e-008 471.468735 413.926931
2 2.059210e-007 587.276165 636.635425
5 9.659600e-009 597.293535 692.589686
9 2.960910e-007 709.267289 789.295853
2 1.258130e-007 594.899495 706.530476
9 1.540070e-007 607.709723 867.026648
11 9.521250e-008 843.802056 688.909774
11 2.599040e-008 755.434808 628.442418
9 1.117490e-007 793.053907 924.467535
9 3.431080e-007 775.596853 887.195289
11 2.204830e-008 739.617094 670.101378
11 2.114080e-006 921.835000 569.299902
11 6.088050e-008 892.707085 440.937817
2 2.075710e-007 579.168212 633.085559
5 1.265010e-008 658.787431 616.255000
2 1.503280e-007 466.625744 575.286436
5 1.579620e-007 393.733673 570.189265
4 6.621780e-008 328.439568 540.240909
8 1.229750e-007 322.360255 533.721584
7 6.122670e-008 276.871433 484.940341
7 5.386760e-008 175.454419 494.558257
4 1.348020e-007 180.003320 487.814198
8 2.106200e-008 183.896407 430.335183
7 4.381870e-007 200.035425 552.380006
4 2.255010e-007 193.182846 547.401320
8 2.541030e-008 218.852471 421.441914
7 5.834840e-008 211.151839 463.775544
4 4.801070e-008 219.107991 463.358580
4 1.249460e-007 265.067372 486.767069
7 4.894870e-008 318.510534 510.832263
8 4.583480e-008 376.300639 536.562041
5 9.510810e-008 440.915415 565.330355
2 7.455760e-008 396.828808 572.619000
4 4.132660e-008 74.983045 572.619000
7 1.225450e-008 82.776865 574.919032
8 9.255800e-007 405.148487 449.914818
4 2.215020e-007 340.261180 577.963099
8 7.159780e-008 335.395737 585.749370
5 1.120710e-007 338.543199 582.155457
7 2.171920e-008 341.225936 578.024424
8 2.421660e-007 439.946342 372.429119
8 9.808520e-008 528.052262 395.418208
10 9.294460e-008 770.132771 99.762837
2 3.064470e-007 598.489013 629.430211
5 1.049000e-007 477.691072 569.377979
2 3.033660e-008 449.292778 491.354168
8 1.489290e-007 443.933187 476.628785
4 1.041880e-006 288.160024 559.068188
7 4.764560e-007 212.886973 571.379956
8 5.737520e-008 257.318184 465.424682
4 3.354000e-007 308.923342 522.737903
5 2.147280e-008 249.546659 518.193546
7 1.326970e-007 230.422083 510.075698
8 1.183910e-007 277.310382 387.523304
4 4.077010e-008 186.295327 534.768924
7 1.919080e-007 192.532812 546.021697
8 5.325230e-008 230.939961 479.208318
7 9.735980e-008 168.137174 519.992863
4 7.695890e-008 165.585677 521.649822
8 1.600920e-008 378.147668 635.756649
2 2.302070e-007 376.267211 587.620722
5 1.067990e-007 375.837769 579.426441
4 1.843580e-007 374.126806 546.779184
7 2.286380e-008 370.889418 485.005877
8 2.045330e-007 475.048802 377.837228
2 9.694450e-008 618.457379 767.175852
9 4.498960e-007 705.014465 856.808381
9 9.841640e-007 649.790735 895.236261
11 2.713650e-007 921.785904 640.862880
11 2.376800e-008 793.748390 495.001387
2 1.077330e-007 482.701577 526.257829
8 2.725180e-008 450.364513 498.329998
2 1.083920e-007 427.545498 599.526261
8 2.596210e-008 414.943767 641.818080
5 3.853010e-007 418.462482 661.773764
4 2.461540e-008 424.617435 696.680347
7 3.475190e-008 312.375415 497.866081
8 4.375570e-008 281.161623 439.161515
4 4.415400e-008 237.528570 464.961792
5 1.584340e-007 331.794550 608.489611
2 3.191010e-007 417.671880 596.420599
7 5.563210e-009 436.588774 593.762060
8 1.837950e-008 577.833492 381.992490
8 6.567290e-008 415.587076 303.570387
6 1.966440e-007 148.383737 172.309139
6 1.829890e-007 243.878783 142.105279
6 7.501520e-008 224.951714 169.889961
6 8.148530e-008 41.888700 151.038202
6 1.092960e-007 106.754955 273.225362
8 3.635860e-008 217.418335 295.639280
6 3.708040e-007 179.207415 156.441873
8 1.105590e-007 326.087422 353.335556
4 2.035430e-008 377.268307 623.111396
5 2.028880e-007 375.750748 635.470779
2 8.888870e-008 375.530558 637.264056
7 3.516480e-008 335.252220 562.308903
8 4.042580e-008 226.521142 479.380939
4 2.032980e-007 249.808244 481.633811
7 1.753910e-007 221.947313 489.193562
4 9.951540e-008 165.180822 514.359558
7 1.348980e-007 146.590479 486.851804
8 3.951650e-008 253.361633 518.003635
4 7.657240e-008 210.890452 435.175770
7 2.209000e-007 240.397161 523.321867
4 7.092660e-008 102.930312 555.279848
7 4.030580e-008 130.405554 475.486163
5 9.861500e-008 415.850848 593.123615
2 3.154280e-007 417.636504 593.217190
8 5.776160e-008 422.155748 593.454013
4 1.582250e-008 423.676217 593.533691
5 2.309200e-008 389.220930 535.307899
2 3.997840e-008 387.351608 534.876331
8 1.404170e-007 382.620655 533.784101
4 3.104080e-008 371.159301 543.638566
2 1.511220e-007 505.865594 539.511867
5 1.890210e-008 551.048220 469.936771
8 5.854170e-008 592.209264 406.554365
8 1.077350e-007 497.045520 418.271669
2 6.390830e-008 510.033894 539.847556
5 7.782190e-008 339.329300 527.910189
4 1.207550e-007 355.471732 536.075006
2 5.864050e-008 621.165851 796.038827
9 2.270630e-007 679.977149 773.463301
11 3.521810e-009 746.385212 554.074465
2 2.686480e-007 576.622947 613.158706
9 9.079650e-008 590.290265 847.444234
11 5.884070e-008 752.495612 562.274767
11 1.022680e-007 798.123966 590.361023
9 1.048170e-008 673.775448 706.291398
2 1.033980e-008 699.742530 626.373326
9 1.512150e-006 675.833764 882.265348
9 3.436340e-006 710.530543 898.679528
2 3.306800e-007 494.537058 752.365343
5 1.559200e-007 493.355046 684.660642
2 2.888620e-007 501.215207 617.630912
5 5.824980e-008 450.138316 576.269660
4 5.954320e-008 426.808154 552.561123
8 2.511550e-008 484.522037 587.239102
9 2.159550e-007 697.935976 825.520885
11 5.725820e-008 846.565676 705.214490
9 5.755230e-009 619.655481 839.569652
2 5.812000e-008 513.185022 806.150185
5 8.341050e-008 501.410825 722.372025
8 8.404190e-008 436.077108 321.297227
8 7.108220e-008 494.659443 430.382108
2 1.875580e-007 598.549922 600.269730
8 1.208970e-006 407.329925 415.199712
5 1.796270e-007 546.796445 694.980382
2 3.353280e-007 548.551528 702.019714
8 2.224120e-008 376.008046 575.023909
7 9.695010e-008 336.959710 559.090834
4 1.901800e-007 355.613608 556.136375
5 7.651360e-008 378.663731 552.485628
2 6.157210e-008 453.098666 540.696404
8 1.970690e-007 453.760094 399.681781
8 7.851050e-009 223.017041 234.480689
6 2.867080e-008 262.863308 263.535355
10 1.149170e-007 792.265978 67.959159
10 1.133180e-007 784.905703 107.553552
8 4.123070e-008 352.304390 360.098826
10 3.315060e-008 704.041474 195.373732
2 1.675010e-007 592.991879 666.824273
5 1.829490e-008 608.330778 729.662539
9 1.826100e-006 697.937603 863.920599
9 6.403190e-008 613.435582 698.949877
2 9.780670e-008 618.935594 637.894718
11 4.092770e-008 869.320882 443.008618
11 4.918750e-008 761.599466 701.576198
9 1.781810e-007 813.612337 805.991668
11 1.510030e-007 795.030618 605.728142
11 9.963470e-009 740.825962 658.620508
9 4.087470e-008 693.005255 684.619255
2 3.728400e-008 631.837999 575.043510
11 9.916660e-008 804.308708 628.923193
9 6.911970e-007 703.995575 842.581497
9 8.932920e-008 848.633565 951.510372
9 2.665340e-007 617.744235 859.521613
2 3.445450e-007 580.689576 665.002865
5 3.767090e-008 535.218309 597.589177
4 2.791830e-007 344.707091 542.097031
8 2.554930e-008 330.852602 545.041863
7 5.438670e-008 327.233829 545.811049
8 1.594580e-007 458.465023 456.368521
4 8.242570e-008 325.262822 530.203942
7 1.762350e-007 247.240356 557.520868
4 5.477420e-008 165.879985 511.046546
7 2.742230e-008 87.633577 479.433004
8 7.157220e-008 305.486491 503.691344
5 1.807980e-007 400.368841 634.285924
2 1.917630e-007 401.463666 635.792824
4 5.478730e-008 440.715716 491.060990
2 4.691910e-007 517.131106 625.328208
5 6.979770e-008 486.831592 613.002793
8 1.894500e-007 450.389205 455.151837
11 2.660630e-008 801.711337 461.571598
11 1.032310e-007 772.969293 626.293594
9 1.575330e-007 761.716047 789.241686
9 5.986280e-007 732.998693 853.430981
9 6.492890e-008 654.892613 728.012906
11 1.221350e-007 820.971634 670.496124
9 3.780860e-008 884.072222 929.221653
11 1.836790e-008 876.137899 736.201003
11 5.919730e-008 790.115650 522.126268
9 6.840210e-008 872.570904 850.340235
9 3.665090e-007 773.234904 856.361336
11 1.563990e-007 918.162723 683.869112
11 6.557440e-008 905.587344 811.656781
9 1.130460e-007 793.323815 957.475586
9 6.093490e-008 618.394571 771.535514
2 8.963070e-008 660.540039 709.052146
11 5.251640e-008 770.847227 490.120038
11 2.813730e-007 827.360372 693.069999
9 2.513390e-008 755.688203 692.775284
2 3.936290e-007 547.862090 663.449821
5 2.170550e-007 474.436468 688.732224
8 4.636250e-007 446.068256 460.594366
8 1.311540e-008 521.168110 402.178488
10 6.414290e-008 774.311682 152.807651
10 9.903270e-008 761.557831 100.939947
8 2.236750e-007 433.721306 363.173306
8 2.815090e-007 463.826843 469.119227
2 3.097970e-007 527.151755 626.158119
5 1.748530e-007 489.361555 673.681247
9 1.779960e-007 620.078458 786.691199
2 4.189220e-007 532.172372 697.005413
5 7.801520e-008 525.042192 673.683622
4 1.084410e-007 396.639333 498.691053
8 2.652910e-007 394.383570 495.803796
11 1.258880e-007 737.116379 600.628000
2 5.342560e-008 631.390883 595.167802
5 2.985980e-008 401.089714 538.327611
8 1.077040e-007 399.777179 538.281774
2 5.164990e-008 408.168095 540.808875
4 1.555030e-008 475.776208 558.924561
2 9.784180e-008 648.299190 747.440365
9 6.927410e-008 680.541810 764.293290
2 1.786580e-007 550.642953 677.767283
5 3.493100e-008 506.090456 743.819440
11 4.378940e-008 787.137316 683.565159
9 1.152030e-007 762.380905 842.358518
9 1.644370e-006 679.452679 866.777531
11 8.386400e-008 796.715733 562.807667
2 2.450590e-007 593.195534 645.053172
5 3.985720e-008 634.524755 684.178695
9 1.185080e-007 790.283040 710.211145
11 3.965250e-008 725.969819 712.456920
2 4.279650e-008 654.120188 589.079964
9 8.147170e-008 711.493624 680.647764
11 5.301750e-008 839.420147 573.597482
11 7.069800e-008 831.598791 564.890092
9 1.521820e-007 683.751867 760.086281
9 4.314470e-008 812.875637 981.540357
11 1.008460e-007 801.218804 644.496775
2 1.456930e-007 594.642568 612.906223
11 6.558980e-007 848.571936 606.891941
9 1.755900e-007 663.336817 764.041001
2 1.877390e-007 509.524179 765.516368
5 1.350850e-007 508.388790 762.396935
4 1.270300e-008 484.171186 593.939544
2 5.192420e-007 548.347958 705.067593
5 2.910730e-008 510.006597 766.427074
2 1.425920e-007 614.061629 678.656675
5 7.514550e-008 534.194632 677.090034
2 1.277480e-007 584.670043 731.876356
5 4.551440e-008 531.786579 717.768986
8 1.834860e-008 457.395419 540.220672
4 4.377310e-008 458.515132 539.212479
2 1.161170e-007 461.480251 536.542678
8 1.691190e-007 450.974503 417.848559
8 2.490510e-008 364.250630 287.171681
8 2.944490e-008 237.957985 341.373463
6 1.514120e-007 83.592563 195.983343
8 1.719900e-008 221.190878 305.570302
6 1.307540e-007 176.182629 183.333928
6 1.155200e-006 128.441633 87.959998
6 1.637530e-007 174.405851 209.366178
6 1.073740e-007 149.764461 223.216690
6 3.483240e-008 285.157025 277.798219
8 1.619990e-007 273.060515 364.460284
8 1.278450e-008 474.704404 292.001221
6 1.722840e-007 144.774924 149.990002
6 4.075970e-008 312.529179 62.774154
6 3.713190e-007 91.305003 77.888310
6 2.969780e-007 179.740004 140.868955
6 4.438490e-007 98.097334 67.595450
6 1.148310e-007 230.346164 118.739726
6 1.236840e-007 73.000034 191.049115
6 2.636240e-007 101.111617 106.808196
6 5.548180e-007 189.145995 98.030216
8 1.089360e-007 358.685727 338.199652
5 2.618500e-008 349.058569 557.539652
4 1.039460e-007 346.924826 565.502967
7 1.383390e-007 294.432099 522.494621
8 6.284570e-008 265.478465 535.029642
2 1.170210e-008 409.742765 485.956716
4 1.869900e-008 430.183394 459.793950
11 2.060650e-007 861.329071 520.185915
11 5.994060e-008 754.448092 494.217878
9 1.970090e-008 741.442455 649.533228
8 4.849040e-008 536.721403 368.235208
10 1.498360e-008 623.232745 89.617600
8 5.913940e-008 430.916426 333.011679
8 9.711080e-007 361.448696 418.166067
10 1.027540e-007 689.408667 60.835425
11 1.697330e-008 758.543600 700.566923
8 1.498020e-007 506.071884 423.793587
8 9.278810e-007 408.208975 406.913958
4 2.322810e-008 416.548017 572.939597
2 1.858120e-007 422.522094 641.222759
5 3.834220e-007 422.823232 644.664741
5 1.734280e-008 265.165767 903.060108
3 7.017310e-008 221.351595 902.008712
3 1.563020e-007 286.777075 830.811629
5 9.177510e-008 319.718293 756.824532
7 5.082770e-008 328.520964 713.719149
2 5.297200e-008 318.263331 728.368579
4 9.624000e-008 326.789787 682.288622
3 2.588600e-008 342.696764 653.538671
5 2.448430e-008 379.265108 578.562766
8 1.075640e-007 405.939606 523.872170
2 4.372330e-007 496.905761 632.672767
5 2.661860e-008 401.965125 482.512455
8 2.001410e-007 397.396636 477.781651
2 3.254670e-008 397.024260 477.396045
4 6.192490e-008 370.732975 457.272979
9 5.686030e-007 749.202310 899.859738
9 1.233670e-007 822.292164 875.927874
11 2.508120e-008 828.363255 720.173508
9 2.666530e-008 642.535552 765.469069
5 1.249050e-008 564.894508 759.381451
2 1.384980e-007 567.057213 766.455338
9 1.521600e-008 693.152811 673.845400
10 1.302260e-007 733.905544 70.092729
8 4.824710e-008 291.735016 328.629914
8 1.579270e-007 452.701909 413.887296
5 1.039330e-008 409.404354 513.549625
2 4.108340e-008 407.718054 506.786304
4 3.992200e-008 401.245613 480.826991
8 7.452480e-009 567.016996 282.470762
8 1.392270e-007 401.865542 365.988264
5 1.569890e-007 404.581953 597.806559
2 3.255800e-007 401.775043 604.419227
4 4.434030e-008 397.216966 615.157389
7 2.880740e-008 336.299201 758.670716
3 1.773530e-007 289.170475 807.080059
5 2.200090e-008 280.520507 841.203205
3 1.152350e-007 185.667857 919.971558
7 4.055420e-008 267.836163 773.028966
3 9.947810e-008 353.999000 738.692634
5 6.878600e-007 353.999000 746.181368
2 4.490840e-008 353.999000 816.294023
7 1.530880e-008 180.706796 815.156235
3 1.233670e-007 101.490817 864.655955
4 6.256540e-008 259.119689 713.525556
5 9.423510e-008 333.103434 762.654314
7 5.384460e-008 336.497041 766.293513
2 2.046870e-007 391.075844 824.822136
3 3.668440e-008 398.940722 833.256188
4 1.991310e-008 271.570060 718.280574
7 7.497560e-008 211.493841 778.424308
3 1.896920e-007 227.288093 852.731908
3 2.625410e-008 317.274972 843.140317
5 9.370440e-008 424.054619 805.259981
2 4.359110e-007 415.079524 719.867578
7 1.277400e-007 284.224091 736.016522
4 3.664560e-008 281.762326 738.156492
3 6.554790e-007 190.298268 724.901749
5 3.621070e-007 378.049336 757.011605
2 1.031600e-007 377.101769 755.495180
4 1.181480e-008 326.222997 789.081563
3 4.325620e-008 310.453412 878.516870
3 7.415330e-008 153.929596 856.564595
7 2.251770e-007 183.382309 690.800667
4 1.872110e-008 147.735079 755.109658
3 4.114370e-008 204.912374 933.457567
7 4.056830e-008 102.286950 807.817119
3 6.412700e-008 92.985580 899.007098
5 1.607860e-008 285.553552 883.094053
3 9.932190e-008 197.177099 901.441674
7 4.443340e-008 332.193093 871.200124
3 7.421750e-008 219.397334 846.949473
7 1.112710e-007 155.273665 724.822472
4 4.125890e-008 202.317122 787.251240
5 9.315150e-008 366.481901 737.913501
2 1.592510e-007 369.862878 729.506503
3 1.348380e-007 258.796443 833.078320
7 2.133320e-007 178.861729 700.776971
4 1.497680e-007 199.601667 653.656438
5 2.947520e-007 349.460138 648.423287
2 1.249160e-007 361.444591 648.004783
8 8.125150e-008 516.390018 360.193974
8 6.799460e-008 496.323785 430.716335
8 4.867990e-008 497.426176 386.330194
2 7.252640e-007 462.862665 615.686504
5 8.950860e-007 453.557122 684.430145
2 1.333420e-007 467.963435 534.070510
8 1.565670e-007 444.514548 461.901835
4 3.696050e-007 303.385435 545.271679
7 4.322270e-007 280.281960 575.646327
5 4.746240e-008 280.504541 575.669720
2 5.294510e-008 422.642245 502.653073
8 5.570540e-006 390.881387 434.541579
8 7.995400e-008 520.094596 390.121836
2 7.701130e-008 547.368668 607.284201
5 6.693570e-008 485.633583 728.446302
9 1.113830e-007 585.776257 828.529752
2 1.850530e-008 658.948431 670.823855
5 5.476590e-008 490.624194 826.736495
9 7.174680e-007 661.646322 844.302675
2 5.458340e-008 679.800450 631.808852
11 1.699110e-007 829.756304 664.327292
9 9.987830e-008 777.247983 826.337405
11 4.299230e-008 753.893223 514.459822
9 7.239330e-008 820.734690 792.633272
9 2.511560e-007 809.035183 855.556637
9 2.917330e-008 707.211961 729.417598
11 3.461950e-008 780.166863 731.010167
2 2.428040e-007 565.343152 698.657101
5 4.625770e-008 550.525484 622.427630
8 1.012210e-007 483.532618 509.386566
4 1.152880e-007 383.505290 549.691793
2 1.817390e-007 532.370804 570.613377
8 1.040940e-007 476.030703 401.682747
7 8.613180e-008 405.709118 624.054212
2 7.834500e-008 406.944840 631.062350
4 5.999150e-008 408.006004 637.080527
5 5.208020e-007 408.399702 639.313304
8 2.210300e-007 474.010828 393.617636
8 2.004450e-007 357.762294 371.694194
8 3.864020e-008 504.004629 286.107420
8 3.171980e-008 423.393211 264.193019
2 5.991990e-008 610.538328 635.260771
9 6.935390e-008 746.022053 756.552905
2 3.662270e-008 636.848395 731.493978
11 2.238310e-007 826.667706 633.187943
9 1.836850e-007 801.862116 916.098464
9 5.296200e-008 824.530511 793.883238
9 1.900970e-006 665.208639 904.121176
5 4.396840e-008 584.817051 681.743670
2 1.365940e-007 584.884007 679.826373
11 4.460080e-008 754.340380 694.626413
9 2.301720e-007 696.220200 801.193016
9 5.561960e-009 753.111411 654.943709
2 1.537230e-007 584.219060 739.063535
11 6.887020e-008 824.296792 516.701207
2 7.746340e-008 603.057217 575.486204
11 8.183240e-008 800.215124 696.112707
9 4.193870e-008 843.748145 884.938126
9 3.918560e-007 661.783494 950.464346
11 2.659510e-007 927.641000 663.025039
11 9.400820e-007 921.913580 568.217251
11 1.853360e-008 724.346334 570.581480
2 5.529610e-007 514.876809 637.945323
5 1.806360e-008 478.653314 558.154279
8 9.167090e-008 445.757466 484.269128
10 6.537580e-007 761.464031 14.662537
10 3.070300e-007 846.624029 67.554881
10 1.465190e-007 752.355861 36.658544
8 2.717750e-007 403.185456 383.775062
8 5.593060e-008 322.652353 531.655861
7 7.127130e-008 331.373208 567.771923
4 9.776690e-008 344.059064 572.389200
5 1.574960e-007 356.001634 576.735942
2 2.010490e-007 430.995152 604.031369
9 8.503990e-008 676.048395 729.213868
2 1.399840e-007 584.702482 676.475272
5 6.001280e-008 544.332326 657.525749
2 1.641320e-006 502.321121 654.787088
5 2.729130e-007 479.223462 768.944411
8 5.865650e-009 494.024010 487.436063
2 3.882040e-007 484.706582 591.154352
5 1.239530e-007 458.685273 591.774406
4 4.340060e-008 354.015150 470.814877
8 6.891860e-007 429.154436 429.164894
2 1.182200e-006 524.270326 658.027432
5 3.156170e-008 474.426639 731.923459
8 3.237330e-008 436.140850 526.993785
4 6.782640e-008 369.159404 460.977091
8 2.054180e-007 429.719443 343.824337
2 1.003640e-007 623.407138 602.484997
11 7.634600e-008 814.273021 620.288809
9 2.541420e-007 782.304603 862.158698
9 2.455780e-007 780.641052 946.069725
9 9.219220e-007 727.928966 868.350607
2 8.982620e-008 590.726854 704.184247
5 2.573200e-008 597.597003 638.820782
9 8.915180e-007 704.608887 845.255855
2 1.829730e-007 540.424945 755.701002
5 7.036540e-008 519.316141 678.073040
8 3.707340e-007 421.466258 451.982095
4 2.490350e-008 380.482852 386.395131
2 1.059500e-007 469.227900 519.669844
8 1.167180e-006 378.752432 471.576203
4 1.057760e-007 421.631180 574.849694
5 7.713040e-008 486.004363 557.600938
2 7.567040e-009 573.185028 527.315090
8 4.002810e-007 368.540292 379.285263
10 6.727080e-008 710.206754 116.287671
8 6.605420e-007 398.258968 391.959896
4 7.345400e-008 374.775480 527.030979
5 4.506700e-008 432.289209 588.706421
2 9.832060e-008 437.334050 594.116308
9 5.007800e-008 688.870410 714.378199
11 1.971170e-007 815.352090 602.107774
9 3.302050e-008 737.488858 667.516916
11 1.379950e-007 859.325213 711.082765
9 6.555900e-007 756.720978 863.827818
9 2.990000e-007 771.986388 810.347439
9 3.734840e-008 538.941161 878.275384
5 8.195260e-008 517.806604 771.663575
2 2.176050e-007 521.220383 765.504939
9 3.679170e-008 810.933031 758.115410
11 1.506710e-007 881.531504 704.915740
9 6.955830e-007 733.673240 818.542278
11 7.766450e-008 756.298476 671.389814
8 2.202230e-008 438.639844 513.718106
4 4.976860e-008 359.416378 552.302675
5 9.487940e-008 328.844130 562.236206
7 2.120910e-007 286.355728 576.041533
3 6.209930e-008 201.215966 605.482266
2 1.395010e-007 455.488794 568.840702
8 7.493860e-008 465.774130 570.103570
8 2.383680e-007 402.647015 369.788838
8 4.268530e-008 327.882796 286.250449
8 8.074970e-008 489.469959 455.455065
4 2.710790e-007 332.228291 518.984638
5 4.272010e-008 273.927433 547.729817
7 2.566260e-007 260.093450 554.778559
8 2.473710e-008 326.133465 540.698604
4 8.351450e-008 372.033537 603.874176
2 1.423880e-007 374.600999 607.407959
5 1.370050e-007 378.250845 618.394326
7 1.799230e-007 312.986273 545.911257
8 9.526810e-008 234.512113 409.707535
4 1.718920e-007 180.645600 557.704467
7 1.902160e-007 176.374636 569.438835
4 9.727100e-008 157.235456 535.260485
7 2.208280e-007 146.634503 540.695481
4 2.428850e-008 112.950945 429.984701
7 8.656530e-008 206.704621 502.945144
4 3.255120e-008 128.721633 495.181798
8 5.835690e-008 276.579809 482.713410
5 5.740210e-008 390.598875 557.524241
2 1.826420e-007 473.629785 592.768763
2 6.610870e-008 647.996793 536.907887
9 1.837320e-007 648.155131 823.281737
11 3.584920e-008 730.192000 557.195585
11 2.878660e-007 875.279485 702.441486
9 6.178400e-007 706.074678 837.464570
2 3.839790e-008 646.111808 503.782799
11 1.275210e-008 704.939776 671.362868
2 9.518410e-008 634.712939 748.816260
9 1.241330e-007 711.908836 744.770612
9 2.745270e-007 741.815474 960.530183
9 4.267670e-007 674.090695 785.346076
11 8.218170e-007 871.743787 566.288809
11 8.063260e-008 806.741774 518.491763
2 5.635730e-008 567.674818 545.372979
11 4.905070e-007 873.071819 560.064381
9 1.506070e-007 790.263530 846.580436
11 1.124920e-007 825.881500 647.017857
11 6.010950e-008 729.466019 645.353550
2 7.268390e-008 619.511056 628.467309
9 3.017040e-008 587.416964 675.240946
5 3.871230e-008 399.417768 521.412686
8 4.049730e-007 381.289535 490.569364
4 5.242090e-008 382.841720 490.650712
2 2.456020e-008 581.300126 433.797670
8 4.414130e-008 461.906176 443.365594
2 4.579130e-008 604.231068 569.421868
10 1.670470e-008 623.556262 123.593176
8 5.714620e-008 485.640946 410.322784
10 5.958430e-008 737.556805 164.594348
8 7.463430e-008 497.549242 478.748868
11 5.899980e-008 820.370882 679.665657
11 7.149290e-008 714.487008 550.330830
2 1.182480e-007 588.419245 649.404497
5 9.273020e-008 511.112714 668.679012
8 6.840120e-008 505.525296 420.505037
2 1.657060e-007 595.516334 668.542549
11 1.041600e-007 812.132736 616.186103
9 1.984950e-007 697.130014 780.502860
11 4.190430e-008 733.198634 707.600065
9 7.838180e-008 550.612056 772.287832
2 1.120490e-007 620.435048 796.329623
11 7.815580e-008 791.432712 690.994397
2 1.636080e-007 630.428932 609.691805
2 6.643850e-007 529.332844 671.993847
5 3.128710e-007 460.446566 716.728996
9 4.442740e-006 697.896310 915.886957
9 8.840280e-008 644.674768 722.815177
2 1.892480e-008 658.845957 690.928465
11 2.105570e-007 813.757213 637.588239
11 9.597560e-008 857.689549 471.879747
11 3.557650e-007 921.924484 662.468612
9 6.091240e-008 580.744506 798.967144
2 7.906690e-008 569.714841 805.335101
9 1.646790e-007 785.937033 819.993640
9 8.002560e-007 726.352278 841.101139
2 1.337410e-006 464.653020 703.245599
5 4.529400e-007 463.749990 699.875468
9 8.120270e-008 790.132472 787.256294
11 1.076090e-007 802.279734 622.572074
2 9.559600e-008 596.923736 739.508478
9 9.316510e-008 601.143712 889.684951
9 5.022200e-008 833.949943 947.321588
11 3.919810e-008 781.598821 708.025449
2 1.736340e-007 575.672177 596.921842
5 2.792760e-008 558.525372 549.303613
2 8.606000e-008 641.224729 637.766589
11 4.483280e-008 716.338522 595.498715
5 2.811310e-008 598.726073 743.311445
9 8.792020e-008 621.575101 809.670157
2 2.230370e-007 572.884784 679.132222
8 1.311760e-006 412.618063 438.304946
6 1.716750e-008 86.395855 280.947853
6 5.745490e-008 49.029711 136.143544
6 1.568480e-007 234.962778 72.443656
6 7.882860e-008 62.943365 190.386975
6 6.480080e-008 64.048840 149.402699
6 8.088470e-008 130.763558 265.837861
6 3.442810e-008 266.444772 118.568419
6 7.178250e-008 123.613981 195.559922
6 6.513590e-006 146.340988 103.421169
6 4.063380e-007 166.662184 155.892579
6 1.537790e-008 141.951975 252.482384
6 6.514490e-008 273.035375 148.794281
8 2.146950e-007 371.506354 358.993765
9 3.343690e-007 675.853098 831.269305
9 8.702140e-007 676.155246 943.622558
11 7.748440e-008 803.414940 636.489613
9 3.994400e-007 738.718178 876.484679
5 1.810360e-007 479.266065 743.888387
2 6.760230e-007 482.638628 737.545531
11 9.090720e-008 825.348563 529.119298
11 6.475400e-008 827.462254 635.000254
9 2.158600e-007 678.921323 799.053749
11 3.155880e-008 874.136353 808.825969
9 1.303440e-006 698.711175 921.159744
2 2.238170e-007 539.290504 786.611807
5 3.293540e-008 579.374804 738.841081
11 4.946380e-008 834.354098 729.423618
9 3.663120e-007 764.753468 861.235258
9 2.129500e-007 811.952128 896.409456
11 2.169510e-007 900.822982 666.350695
9 7.918550e-008 803.346687 798.399205
9 1.261880e-007 700.809641 781.664802
11 2.302040e-007 814.985565 577.009350
9 5.473390e-008 788.390088 819.347623
11 9.439360e-008 791.190344 658.919361
9 3.157130e-006 703.418051 867.189347
9 9.335710e-008 644.883335 790.417501
2 5.632620e-008 647.174534 764.672061
11 2.072810e-008 877.802438 767.788944
2 4.502930e-008 654.583872 833.777627
9 1.750560e-007 655.012232 841.951367
2 7.902710e-008 560.630946 572.229565
8 1.379720e-007 449.369475 463.329639
4 2.715800e-008 342.451351 394.499300
6 5.161930e-007 224.748468 94.307793
