10 2.307570e-008 711.469642 632.898915
9 4.013180e-008 768.711502 419.128947
7 8.703050e-008 662.263892 231.758964
9 5.251320e-007 660.081656 408.155762
7 4.703490e-007 780.692809 278.817456
9 1.119100e-007 643.157268 620.669816
10 9.278850e-008 592.081719 605.503582
7 6.726120e-008 740.332064 87.952639
9 2.571530e-007 591.812037 391.818904
7 2.205740e-007 766.521624 243.038711
9 1.821890e-007 697.476087 513.147317
9 3.604450e-008 806.328648 507.282805
10 3.105640e-008 637.575771 772.435842
8 5.456270e-008 676.962460 907.460429
10 1.865200e-007 576.441081 649.000477
9 2.789250e-008 508.679447 624.337182
11 6.766280e-008 399.441875 570.389553
10 1.009890e-007 416.866308 571.913939
9 1.406030e-008 565.687903 584.933674
10 8.994360e-008 472.852845 528.095373
9 1.266770e-007 471.211525 528.566020
9 1.408050e-007 556.136800 365.931326
10 1.315040e-007 538.880401 606.091821
9 1.139530e-007 470.257079 484.041243
11 1.056190e-007 308.973050 546.577019
9 4.412830e-008 490.104015 298.161409
9 2.057680e-007 521.006101 387.627296
6 5.715480e-007 177.354664 312.010848
5 5.981170e-008 214.675734 177.359508
6 9.713950e-009 32.749452 190.080622
5 6.758860e-008 43.007654 182.209237
6 3.887110e-008 204.737642 197.394884
5 2.358150e-008 71.198950 230.816636
4 1.952900e-008 82.912492 178.672833
6 4.671240e-008 88.288386 148.184602
5 1.446140e-007 112.061268 125.218102
6 1.074460e-007 170.745405 195.155359
5 3.170550e-007 171.015177 148.904152
6 2.174060e-007 92.748831 194.091230
5 3.455110e-008 166.020264 268.557780
6 3.990260e-008 216.040890 194.398744
4 9.073070e-008 161.615521 324.963091
6 3.645640e-007 145.142341 284.190658
5 2.080500e-007 143.967995 116.827323
5 6.065420e-007 202.190362 114.974640
6 5.831300e-007 132.488021 268.622375
