8 4.037690e-008 781.958000 531.419000
3 9.115880e-008 747.537970 561.339752
4 2.838020e-008 788.582205 601.743508
3 2.126080e-007 633.038294 514.128372
5 1.212870e-007 766.291008 420.823796
11 7.991660e-008 671.282088 236.757822
10 1.041150e-008 729.256009 268.893225
3 8.587340e-008 821.954228 320.276582
5 1.363540e-007 711.257766 393.782972
11 1.199230e-007 776.800400 282.991511
3 9.079330e-007 718.458413 385.535982
4 1.589230e-008 603.231129 613.023933
10 4.224320e-007 728.957389 95.060301
11 3.401180e-008 748.989686 82.542776
3 1.597810e-007 596.329338 402.461006
5 5.796940e-008 622.266446 463.565046
11 5.191810e-007 774.534781 236.549839
10 1.091980e-007 824.206793 218.858944
5 4.205050e-008 849.381427 301.201337
3 8.206010e-008 873.768218 380.966812
4 3.229470e-008 819.798444 619.075647
8 4.554020e-008 823.038239 611.443119
5 5.533940e-008 777.671287 572.242857
4 1.047910e-008 913.625063 638.846044
3 3.700180e-008 812.142321 556.114186
5 6.784360e-008 803.714525 570.711555
3 8.603420e-008 770.609201 514.226004
5 8.871860e-008 870.943291 494.722916
4 3.819870e-008 692.816229 724.416052
8 3.012670e-008 690.474748 726.451470
4 2.860780e-008 807.999790 901.568856
8 1.445470e-007 804.917547 900.857267
3 1.472210e-008 433.305044 509.336692
3 2.385790e-007 697.059099 526.507427
3 1.164380e-007 558.493141 371.223765
9 8.790460e-009 319.969262 530.545000
6 6.234240e-008 422.790459 207.221077
3 2.831500e-008 485.487430 367.120497
6 2.329070e-007 295.245288 305.004332
6 2.536720e-007 185.013705 179.433612
7 4.441740e-007 57.177901 188.372474
6 2.355830e-008 40.955219 191.675829
7 3.414240e-008 194.516504 197.037976
6 8.130150e-009 77.392534 209.978103
7 1.333400e-007 86.495001 158.355399
6 2.383520e-008 142.001593 160.899707
7 4.101820e-008 164.364723 187.551133
6 9.947580e-008 117.717004 179.675854
7 1.572660e-007 101.258686 189.178065
6 1.245210e-007 208.626535 205.391039
7 1.073380e-008 210.602188 202.461997
6 1.783500e-007 150.058066 296.357470
7 1.148010e-007 107.269580 159.043941
6 6.912790e-008 241.664523 105.861319
7 6.790440e-008 81.196256 146.969189
6 2.381050e-008 127.870053 274.125844
9 4.774200e-008 306.852495 536.184600
2 2.544000e-007 160.680887 607.346424
9 1.959770e-008 71.762200 409.490078
2 2.476970e-008 148.989273 506.885463
9 7.589160e-008 234.492202 483.489640
2 9.344680e-008 275.901119 654.203345
2 3.546390e-007 258.781313 739.005039
9 8.385710e-009 202.618889 786.130867
2 4.663890e-007 236.921960 774.055724
9 1.528120e-007 171.111129 633.808334
2 8.163880e-008 135.406118 826.668959
2 1.328060e-007 272.827292 792.355952
9 1.609670e-007 178.750380 640.996895
2 8.308360e-007 143.035504 756.152435
9 2.447850e-008 145.552290 776.864962
2 3.688830e-008 154.204608 889.034981
2 7.964240e-008 286.155243 750.654654
2 2.540980e-008 108.751629 847.343092
2 5.164340e-008 315.852558 709.752711
9 1.856680e-008 253.560033 799.318247
2 5.769360e-008 50.482707 805.641223
9 1.575890e-007 216.091761 623.480562
2 1.835650e-007 95.943943 629.777135
9 5.526130e-008 25.349379 687.509253
2 1.956970e-007 142.517576 757.911489
2 7.413750e-008 284.950324 860.347964
9 3.166780e-008 227.079260 452.096335
2 3.601060e-008 194.849137 532.128630
6 6.082740e-009 212.404097 457.095059
9 1.006180e-007 206.816086 488.786149
3 1.466510e-007 595.614275 493.288431
5 3.128320e-008 595.963284 245.249350
11 3.129340e-008 587.618148 306.597780
3 8.061460e-008 638.517839 567.946424
4 1.252430e-007 788.140893 655.880381
8 3.799840e-008 791.046484 656.392728
8 7.718800e-008 735.933963 720.139209
4 9.573720e-008 729.995262 700.479536
8 3.210160e-007 799.427153 797.846561
4 6.334120e-007 775.310309 813.988003
5 4.769420e-008 851.036465 466.575774
3 4.441400e-008 760.416433 497.779125
3 7.706110e-008 675.149218 586.654198
3 2.718700e-008 662.294549 541.811034
4 2.826480e-007 726.997987 776.261387
8 8.379480e-007 729.941202 776.055583
9 6.346150e-008 213.856489 495.880575
9 1.140940e-008 331.004618 588.746799
2 1.393580e-008 338.584056 736.292178
2 2.163380e-007 228.437031 758.302545
9 4.031910e-008 190.588270 653.143622
2 1.278210e-006 184.777254 749.463038
9 3.081590e-008 79.564217 792.002648
2 1.056800e-007 100.731725 709.729294
3 6.174610e-008 683.843591 615.139917
8 2.137220e-008 768.337496 616.398537
4 1.063910e-007 790.206262 692.663960
3 4.706490e-008 799.199020 565.451945
4 6.003930e-008 893.317493 704.796844
8 4.096550e-008 870.238934 850.507746
4 3.938550e-008 671.258788 810.591733
8 5.691260e-007 781.826177 829.101115
4 3.961120e-007 833.905259 780.712180
8 4.808460e-008 863.832162 734.315949
4 6.812720e-008 687.921176 895.289334
8 2.831520e-008 629.706663 800.719950
8 2.990430e-008 592.319305 698.003135
3 1.971760e-007 762.855015 480.143429
5 2.992160e-007 797.202237 479.826497
4 1.653120e-007 740.284714 704.113729
8 6.406210e-008 733.620113 709.320695
4 3.955870e-008 728.669687 869.801243
8 3.804680e-007 736.764583 869.093018
8 2.423750e-007 702.697111 766.834786
4 3.675740e-007 759.232964 759.893039
8 7.646040e-008 740.149764 894.531930
4 8.424080e-008 752.825821 901.849748
8 1.014970e-007 755.880472 701.862476
4 7.920640e-008 759.279211 674.181181
3 6.360300e-008 499.082912 438.357992
6 5.680260e-008 407.439410 192.714349
10 1.290270e-007 682.653819 164.693084
11 3.528840e-008 615.486815 150.654138
6 9.215960e-008 333.147546 349.081996
7 4.788030e-008 105.526398 349.509310
6 1.254580e-007 340.794461 285.911199
3 5.647400e-008 584.800349 307.086042
10 2.872550e-008 564.618184 145.310869
6 6.809750e-008 326.507023 348.899041
6 3.804260e-008 317.863663 320.361283
10 7.576460e-008 667.884974 118.446072
11 2.125630e-008 618.689200 127.250130
6 3.341850e-008 408.302732 320.845939
3 2.587490e-008 493.014832 396.851428
6 2.240700e-007 252.967966 337.169541
7 6.342620e-008 133.075525 211.424994
6 6.964510e-007 284.314188 203.077195
7 3.244430e-007 71.041435 156.005892
6 1.004390e-007 171.242850 299.107965
6 3.129500e-007 201.852147 220.324194
7 1.619480e-007 106.354201 214.865332
6 1.730830e-007 159.676761 242.429333
7 2.476910e-008 217.213405 188.871131
6 2.149150e-007 207.676432 154.340190
7 3.535340e-008 95.453582 350.067694
6 1.686530e-007 179.378780 198.663414
6 1.768550e-007 287.917002 286.924284
10 3.444130e-007 698.540686 122.790680
11 4.702420e-008 621.439137 91.639790
6 1.775290e-007 339.625421 231.427667
6 1.190230e-007 356.537608 303.016099
10 3.147450e-008 588.841964 152.655810
6 7.690910e-008 394.839222 361.056814
3 1.881630e-008 536.750624 469.773520
8 6.561020e-008 667.587210 835.073979
4 8.843980e-008 743.494973 896.543186
3 1.001570e-007 702.422565 511.615014
5 3.254500e-007 806.214503 421.606365
11 7.372270e-008 816.840676 306.511208
10 9.199630e-008 766.805045 255.204669
3 7.043230e-008 851.302062 392.405168
5 4.473410e-007 777.056770 428.617168
4 3.820440e-007 725.631727 753.184338
8 1.144790e-007 723.975126 755.735273
3 3.867940e-007 664.527709 462.160331
5 1.641640e-007 678.185295 381.690974
11 1.537430e-007 732.795301 239.426947
10 6.760690e-008 746.728000 232.599864
3 5.322600e-008 757.688182 302.549586
5 7.745260e-008 767.817716 206.171441
11 8.351460e-008 801.008357 346.960462
3 3.675370e-007 572.407072 493.939350
3 1.354080e-007 605.544102 577.053235
3 1.167590e-005 698.738601 423.482853
5 5.240180e-007 740.569336 368.364459
11 3.174780e-007 833.700098 224.955533
10 2.866030e-008 824.083306 260.561106
3 5.392040e-008 766.648235 284.387543
5 2.811610e-007 764.264510 216.123796
11 5.310890e-008 729.040023 351.238774
3 1.169110e-007 779.717340 407.072837
5 8.599430e-007 778.768620 408.244416
11 1.103880e-007 731.299493 269.870982
10 3.121060e-008 802.207928 317.156021
3 3.139970e-008 751.451767 285.880956
5 5.308190e-007 750.357787 284.929976
11 1.986520e-007 863.938845 277.728233
10 4.312800e-008 750.978394 225.011663
5 8.019860e-007 795.994582 309.674825
3 1.683980e-007 829.467719 381.245640
11 1.239890e-007 707.541134 253.277657
5 9.117520e-008 729.305803 243.128570
10 1.337760e-008 815.861000 243.238477
3 6.052900e-008 807.959782 386.349427
11 2.025070e-007 784.816770 257.146059
5 7.859680e-007 835.636615 329.724710
3 8.405360e-008 680.503977 280.826839
10 6.110160e-008 797.428620 300.382101
11 3.583120e-008 850.958682 325.169582
5 8.250150e-006 767.370754 357.255959
3 4.481650e-008 824.245736 295.714623
11 4.572550e-008 681.576165 349.845143
5 1.344270e-007 655.485720 437.579261
2 1.334420e-007 221.881883 572.111906
9 1.407510e-007 158.358487 516.954746
2 1.835210e-008 304.976440 496.759288
9 6.534320e-008 198.735598 486.230367
2 1.175120e-007 164.947741 594.446886
9 1.630010e-007 142.766035 494.627588
2 1.990650e-008 219.463088 476.112471
9 1.487760e-007 161.363917 486.755059
9 1.497530e-007 75.143443 537.360895
9 5.047000e-007 109.614441 605.959108
2 6.774430e-008 161.877963 586.936534
3 4.197530e-008 671.804589 587.023805
5 1.943570e-007 729.694231 370.483361
11 8.309740e-008 856.892991 290.867364
3 6.888720e-007 699.257171 385.583864
5 1.692650e-007 825.092888 293.292630
11 1.517410e-008 708.309502 398.444541
3 4.863740e-008 747.753730 254.222876
10 9.411740e-009 843.006112 280.450803
5 7.927770e-008 909.858772 358.935158
11 3.360900e-008 774.489054 400.321731
3 4.500670e-008 822.621721 318.668948
5 1.065380e-007 664.721054 296.280696
11 8.619420e-008 819.519016 381.857859
3 1.405030e-007 729.285118 454.598998
4 1.715960e-008 792.610588 597.919475
8 1.242580e-008 793.526566 594.923440
5 1.154270e-007 756.872814 475.867341
3 1.976250e-007 743.197261 480.048373
3 8.204450e-008 470.127062 385.856292
2 5.829920e-008 240.347095 870.526107
2 3.772690e-008 113.286672 720.740623
9 1.418910e-007 154.997676 684.518877
2 8.370820e-007 219.054033 741.750521
2 7.179410e-008 318.152565 767.595885
9 1.798530e-008 120.263252 677.685246
2 9.075690e-008 247.230055 828.192618
2 4.158270e-008 126.079823 862.577928
2 5.976260e-008 205.446925 844.753997
2 9.720580e-008 244.947985 726.431711
9 1.530350e-007 116.835895 655.927179
2 1.959240e-007 160.420470 796.163261
9 3.732620e-008 43.322571 729.748261
2 7.942560e-008 300.089252 800.399795
9 3.299820e-008 124.274323 684.373753
2 3.778710e-007 207.073599 633.734436
2 3.263660e-008 43.460587 878.638357
9 1.578900e-008 254.895125 654.261115
2 4.599180e-008 270.637817 650.914906
2 1.621060e-007 200.891512 834.942844
2 2.140290e-008 256.779150 884.312859
2 3.917280e-007 241.344802 772.980024
9 3.775240e-008 265.709573 774.562150
2 6.839550e-008 329.953199 785.890424
2 5.675470e-008 78.391557 731.637248
3 2.748160e-007 617.056586 503.235604
3 1.513350e-007 711.446943 561.536875
4 1.411060e-007 732.677201 734.441460
8 2.118620e-007 732.689492 735.194015
3 4.836780e-008 473.895142 519.498586
2 6.352530e-008 271.565136 869.171698
2 2.364690e-008 366.489834 680.620550
2 3.513690e-008 267.258420 789.622794
9 2.057410e-008 175.045510 710.645093
2 2.836120e-005 199.859384 722.120319
2 8.742000e-008 104.965117 847.925009
2 7.332970e-008 313.286256 813.263275
2 1.527740e-007 272.884488 705.143898
9 2.164020e-008 259.192464 738.239951
2 7.446310e-008 267.641258 834.808134
2 6.568340e-008 78.109192 756.445977
9 5.540110e-008 205.822348 700.874241
2 8.339950e-008 243.720680 704.189951
2 4.128120e-008 135.682185 910.526493
2 6.771420e-008 174.473024 866.476267
2 3.173840e-007 193.338658 802.009669
2 2.231580e-008 103.031259 947.127494
2 4.249170e-007 164.623283 771.013301
9 1.701970e-008 171.611828 821.821234
2 2.445180e-008 306.419864 906.734420
9 2.375060e-008 158.877761 698.251479
2 3.361640e-007 128.334163 726.734017
2 2.257750e-008 295.567342 829.403520
2 9.873070e-008 273.880239 640.198765
9 5.400700e-008 217.203120 707.744353
2 1.143160e-007 245.067764 826.678235
2 1.394880e-007 333.284035 746.719941
2 5.632550e-008 289.101824 823.046230
2 4.823560e-007 188.826305 757.326271
9 1.689000e-008 51.288658 674.685281
2 3.926380e-008 347.655394 839.007679
6 5.019520e-007 315.881214 260.926654
6 1.713440e-008 93.830177 173.694819
7 1.214050e-007 90.803139 171.803324
6 5.226130e-008 209.179345 104.063388
6 1.125170e-008 179.753504 64.612662
6 1.326310e-007 188.454773 199.978692
7 1.688770e-008 192.780301 138.123613
10 6.761170e-008 594.944274 92.642260
6 9.386760e-008 357.466548 293.583252
3 3.017550e-008 537.132388 239.077158
6 5.132420e-008 425.134230 135.492423
6 4.127900e-008 360.225664 368.902932
3 6.770520e-008 738.273244 574.884948
5 4.489990e-008 891.727533 420.988763
4 5.520510e-008 624.897777 767.406632
8 7.253300e-008 622.125935 768.583215
3 4.341220e-008 684.837690 533.687861
4 6.717880e-008 713.541385 776.887558
8 1.979540e-007 716.194367 778.610419
4 1.013130e-007 703.561227 829.833410
8 7.833710e-007 701.090020 828.166559
4 1.882110e-007 780.020063 696.618184
8 5.827190e-008 781.464858 694.115728
3 9.303740e-008 614.649537 524.606354
8 3.256390e-008 680.291408 651.841087
4 3.268610e-007 830.015288 731.578253
8 3.854610e-008 844.727146 656.549128
4 1.095980e-007 829.667624 696.164444
8 7.352180e-008 789.043098 906.437091
4 2.136060e-007 826.771889 876.363963
8 2.559490e-008 676.799819 977.744352
4 6.591440e-008 712.669405 691.608232
8 4.217450e-008 790.657940 632.839783
4 9.854770e-009 583.328498 772.642353
8 2.678990e-007 732.310813 848.546769
4 4.414450e-007 781.612512 722.270684
8 2.989960e-008 666.671897 630.585169
4 2.683360e-008 847.567003 584.296922
3 2.050660e-007 745.904743 454.175427
5 5.988250e-008 769.471119 524.792933
8 3.915520e-007 746.215612 752.561716
4 8.622860e-008 704.327248 820.209939
8 1.103500e-007 701.198000 732.608712
4 1.336010e-008 701.198000 642.952011
3 1.717710e-007 615.705970 496.468981
10 5.029600e-008 571.147825 143.247050
6 5.386020e-008 450.116177 325.149378
6 6.813640e-008 466.504593 235.965020
3 7.193440e-008 547.440374 451.951134
8 1.698720e-008 633.339896 692.628845
4 3.602580e-008 672.780047 622.990999
8 1.228150e-008 590.248322 931.127525
4 1.144950e-007 743.505161 788.578210
8 3.896120e-007 809.473600 784.745791
3 1.354290e-007 620.129504 485.766769
6 1.756450e-007 276.117810 277.336857
7 6.577890e-007 45.053514 192.688265
6 1.048440e-007 143.073132 333.758248
7 3.653350e-008 162.613522 251.229868
6 1.193600e-007 250.692836 111.623962
6 1.525590e-005 258.675527 245.395484
7 8.540470e-009 177.623411 163.936274
6 1.426060e-007 93.009219 286.036626
7 2.860260e-008 107.353622 68.363060
6 3.627050e-008 106.932401 122.987902
6 1.835800e-007 345.126001 209.004677
6 7.926810e-008 116.262023 182.582305
7 1.207100e-007 70.009774 159.015551
3 8.816370e-009 527.058803 573.691817
6 1.037380e-007 375.554580 222.777968
3 1.089880e-007 551.955646 333.694515
8 1.026830e-007 684.970015 763.511901
4 1.543670e-007 735.778990 811.652888
8 1.641120e-007 827.121066 850.245051
4 4.245420e-007 851.637947 774.789191
9 5.089590e-008 271.933401 570.017712
2 4.499470e-008 179.731776 550.781245
3 4.233300e-008 582.183748 461.213932
6 4.105610e-008 458.354526 261.908016
6 2.166190e-008 388.086795 281.866031
3 1.184860e-007 647.426510 521.689267
4 2.272740e-008 837.775345 568.980782
8 1.981330e-008 837.268284 566.105140
5 9.352210e-008 815.894152 493.977295
3 6.410830e-008 812.388723 594.360086
2 7.643200e-008 344.787852 798.637064
2 6.610000e-008 314.554679 737.544011
9 1.646330e-007 217.826902 642.848143
2 7.028690e-007 157.873807 728.424841
9 2.486380e-008 235.649916 737.184606
2 1.022700e-006 227.443620 715.150791
9 2.108060e-008 219.371106 666.942732
9 3.554660e-008 311.374391 592.997537
2 2.521690e-008 377.167104 565.070187
8 3.499700e-008 656.714777 669.823157
3 7.446630e-008 795.875788 477.081997
5 2.143000e-007 817.737475 448.160021
4 9.790630e-006 789.194671 787.945976
8 6.290320e-007 789.499895 790.849990
8 4.181110e-007 710.548808 854.915696
4 8.114170e-008 727.983655 794.113885
8 5.257220e-008 776.764231 709.787387
4 2.900260e-008 731.831800 696.050215
3 1.010580e-007 802.491775 524.104540
5 1.082570e-007 864.130491 479.321482
8 1.105220e-007 690.328123 819.834654
4 3.746420e-007 774.854577 844.071923
8 3.528120e-007 713.668561 868.622498
4 1.070890e-008 626.591527 880.860394
8 1.215800e-007 678.739548 787.639129
4 2.972990e-008 617.236850 732.261742
3 2.481340e-007 669.627722 531.737786
5 3.677060e-008 801.860822 451.379523
8 1.093830e-006 765.492866 783.369587
4 7.924100e-007 767.583293 783.929717
3 2.697630e-008 768.519539 554.422060
8 1.210450e-007 767.310398 716.337128
4 6.030220e-008 767.119861 718.515059
8 9.716140e-008 787.137355 920.481079
4 1.055040e-007 787.365887 922.655363
3 1.093950e-007 540.590759 408.414124
8 2.750100e-007 693.001937 853.244590
4 1.218200e-007 770.325099 875.496571
8 2.792390e-008 875.988440 810.194880
4 3.217110e-007 853.899405 727.756735
5 3.355400e-008 750.631893 593.684956
3 4.515170e-008 746.576297 606.950287
8 2.292280e-008 757.585832 639.636397
3 1.504750e-007 647.685640 520.247248
5 9.827710e-008 657.466090 404.569139
4 1.029480e-007 855.335419 661.957407
8 1.534740e-008 799.030189 660.162279
3 2.131600e-008 806.971067 526.937162
5 9.043070e-008 800.310201 540.515799
4 5.094540e-007 793.185513 734.097009
8 9.141930e-008 801.105778 744.234433
3 2.901070e-008 678.954931 582.679724
3 4.299060e-008 495.362187 308.314922
8 1.277260e-007 674.460587 761.252000
4 3.253960e-007 760.668909 761.252000
8 2.201070e-007 824.741128 762.318685
4 1.233290e-006 823.452004 760.607951
3 6.117790e-008 800.823068 589.857485
4 6.074810e-008 795.411239 685.675543
8 5.951360e-008 717.574383 663.356152
8 3.452640e-007 697.278621 824.788687
4 2.503750e-007 750.794225 814.172146
8 1.864720e-008 626.753426 621.453965
3 4.208160e-008 588.011252 523.077671
5 3.804700e-006 763.223268 353.185833
11 3.106490e-007 823.120182 243.749931
10 2.113340e-008 779.838444 295.331194
3 2.581550e-007 715.758687 371.698618
5 7.726070e-008 700.697846 210.265894
11 2.008770e-008 714.561577 368.725829
3 4.998860e-008 846.092899 315.571527
5 2.382000e-007 691.689815 308.258143
3 1.431020e-007 841.882811 464.883190
4 5.451380e-008 802.850636 641.913113
8 3.355070e-008 723.740535 641.830845
4 2.043320e-005 800.684504 793.683040
8 3.491570e-008 911.323354 856.427951
4 4.254600e-008 566.936442 807.728182
3 3.400540e-008 470.422041 417.634955
6 1.040570e-007 418.560907 212.976611
3 1.278670e-008 541.040596 519.492353
8 1.156260e-007 684.454296 759.460429
4 8.463270e-008 680.762413 765.854969
5 2.069950e-008 779.325571 509.290464
3 2.169120e-007 696.403294 523.911714
3 3.406810e-008 842.642683 553.626661
8 9.493350e-008 841.483107 756.654877
4 8.863020e-007 835.345797 752.967234
8 7.000350e-008 677.797077 834.009383
4 3.736620e-007 751.371154 819.707719
8 3.896260e-008 687.863121 884.221027
4 1.628280e-007 698.846347 827.718569
8 1.472200e-007 709.636356 741.921716
4 1.889510e-007 699.302447 775.187009
8 6.209700e-007 786.622459 854.820240
4 3.344180e-007 762.486108 811.718009
8 9.813530e-008 793.755933 698.147159
4 9.049030e-008 814.832778 624.644082
8 8.669480e-006 762.506242 819.654208
4 1.170250e-007 766.587283 897.527119
8 3.545040e-008 623.830992 904.375671
3 1.817660e-008 641.262593 658.210379
4 1.765590e-008 614.649938 895.541295
8 8.473640e-009 627.701161 977.941719
3 3.186930e-008 655.717936 525.092583
8 1.036900e-007 878.065814 753.887236
4 9.231960e-008 877.559109 756.081992
8 3.235860e-008 657.194026 989.624744
4 7.210600e-008 752.276162 898.744033
8 3.822560e-008 612.807000 757.444690
4 1.876580e-008 717.637040 633.672768
8 1.142390e-006 729.289519 795.055247
4 2.210570e-008 634.254602 695.977463
3 3.417060e-008 567.552175 552.266353
3 2.361450e-007 616.692570 488.272848
8 3.521550e-008 624.199217 804.741054
4 2.732480e-008 619.001052 753.901318
3 3.178510e-008 513.497267 543.579316
6 9.801920e-008 369.398529 307.587924
9 4.659060e-008 217.350449 731.242501
2 1.090560e-006 211.997005 732.879216
2 2.555850e-007 280.806874 781.211489
2 6.488940e-009 358.561659 712.396367
2 4.631170e-007 248.429350 703.007597
9 2.034080e-008 153.765289 750.865511
2 1.514310e-008 186.836587 916.214750
6 2.409640e-008 399.499187 356.797829
6 5.292840e-008 315.288847 317.076181
6 1.593470e-007 310.216859 197.789568
6 4.142390e-008 136.878420 135.789926
7 5.996990e-008 168.977668 215.238450
6 4.605160e-008 361.515422 114.253037
10 5.324930e-008 606.817793 282.479210
3 1.200860e-007 591.602345 360.754810
11 1.271050e-008 567.770338 177.099141
6 7.075560e-008 473.972644 221.351329
9 2.866390e-007 208.132186 540.399094
2 4.308280e-008 122.914419 550.862575
2 1.112770e-007 283.247384 798.576862
9 7.807360e-008 212.321773 496.613971
2 3.320190e-007 242.123609 771.311102
3 2.716890e-008 446.435088 520.701278
6 4.185010e-008 350.269783 186.736690
8 2.282830e-008 642.037909 637.860967
3 9.943890e-008 557.123164 371.404821
6 5.334130e-008 412.658561 245.565257
3 3.241560e-008 536.266510 350.364327
6 2.037610e-007 298.470984 315.181622
3 4.728780e-008 476.171039 418.816618
3 1.151840e-007 614.448078 576.654559
8 4.704370e-008 610.209983 786.116961
4 1.305420e-007 672.279967 739.343862
8 2.142480e-007 694.142073 768.122614
4 8.227070e-008 762.735001 694.565784
3 1.172840e-007 643.097193 520.400333
5 1.242300e-007 705.493492 299.114185
11 8.456170e-008 780.041329 257.791621
10 1.230530e-007 772.889640 211.167318
5 1.295690e-007 843.258629 210.005677
11 1.552940e-007 797.025746 278.548520
3 2.136760e-008 761.529213 335.270226
5 1.031540e-006 768.716833 367.010709
11 1.196930e-007 820.882220 262.692192
10 7.999260e-008 841.926292 202.872712
3 1.078170e-007 733.452091 292.972086
5 8.373550e-007 740.787345 302.706295
3 7.641290e-008 753.448813 556.360937
5 3.218780e-008 889.980389 553.306920
4 4.575680e-008 821.586905 687.536473
8 1.163120e-007 767.892829 696.674889
3 1.184920e-007 588.637311 498.031723
4 5.733340e-008 622.763564 658.206755
8 3.848830e-008 619.721384 657.779199
4 1.290900e-007 735.513246 733.159136
8 1.438300e-007 736.806617 735.810939
4 1.279880e-006 781.804456 802.711303
8 4.994450e-007 779.928562 800.394759
2 1.654110e-008 248.337096 926.305661
2 1.898230e-007 275.767580 746.339908
2 4.617910e-008 203.847005 826.808464
2 6.705990e-008 122.346636 840.452538
2 5.349320e-008 297.974998 797.714924
2 9.120310e-007 232.358537 755.093919
2 3.601760e-007 269.419084 707.102833
9 3.924830e-008 305.311120 664.328492
3 1.346790e-007 574.483906 489.728753
5 2.818300e-008 606.459623 250.663089
6 3.889620e-008 479.840673 270.306287
3 1.343270e-007 598.395520 371.776793
6 5.473890e-007 287.520960 287.887613
7 1.666290e-007 101.324877 190.203878
6 1.472650e-007 215.073103 143.194311
7 1.853700e-008 49.267032 46.358818
6 1.116420e-007 171.599219 146.786084
7 4.368120e-008 180.928307 79.234529
6 1.746930e-007 138.654840 321.545750
7 3.717460e-007 75.376808 199.151307
6 1.739790e-005 244.807201 247.552160
7 1.154110e-007 64.061623 321.615561
6 2.815860e-007 187.541616 207.668019
7 7.857030e-008 68.209352 161.805247
6 1.100280e-007 135.726015 273.841028
7 3.697470e-008 143.979107 151.515116
6 2.316680e-007 197.184459 230.395317
7 5.335930e-008 197.869047 172.758348
6 2.218400e-005 261.447921 240.938490
7 1.687290e-007 98.776028 179.197877
6 1.614690e-007 124.645665 275.744040
7 4.253370e-007 54.507854 174.485915
6 1.162450e-007 183.916089 226.719053
6 6.400190e-008 205.502298 157.391273
7 1.162110e-007 102.350082 207.792804
6 1.987030e-007 182.054059 225.136697
7 5.669750e-008 80.819052 130.354201
6 3.462110e-007 214.500624 178.661115
6 6.972280e-008 420.815987 146.548911
3 3.365290e-008 483.136497 361.573844
10 2.634100e-008 609.613341 283.736151
3 3.129080e-007 603.293903 326.390489
11 1.140980e-007 778.819548 109.369107
10 3.821400e-007 684.560177 96.121724
3 1.029020e-008 514.057265 475.935973
10 9.666130e-008 588.118652 160.066505
6 2.200610e-006 271.752804 263.760804
6 6.230940e-008 190.799842 48.949079
7 5.255290e-008 74.217478 150.564824
6 4.768420e-006 255.227353 215.615575
7 9.987680e-008 66.621922 189.323159
6 5.423090e-008 149.570319 153.312846
7 3.084420e-008 215.327193 188.123250
6 2.747770e-007 204.741441 175.026531
7 1.008250e-007 71.536161 160.772194
6 8.368890e-008 105.738526 245.426637
7 8.429530e-008 133.116911 183.291966
6 7.313550e-008 114.595118 88.006747
7 4.669930e-008 31.492995 66.498758
6 7.284170e-008 148.503530 250.132816
6 8.086230e-007 274.876776 278.271371
7 3.101210e-008 102.329011 327.216065
6 1.819200e-007 216.397841 175.466199
10 4.803700e-008 596.205515 31.347905
10 3.381550e-007 678.059844 101.268288
11 1.007500e-007 735.813709 57.747622
10 9.243140e-008 590.895745 51.594135
3 5.790330e-008 606.548429 343.339728
5 3.083640e-008 606.390844 344.839049
2 1.248720e-007 179.625194 814.711084
2 1.959590e-007 160.856446 790.570433
2 7.845580e-008 315.597060 819.664089
9 1.187730e-007 236.871917 501.444650
9 1.170760e-007 127.903859 446.686331
6 1.942650e-008 286.308613 418.755398
2 4.233810e-008 167.374031 548.100388
9 1.830110e-008 117.138125 385.678125
7 8.425040e-009 170.520504 451.195031
9 1.151720e-007 232.857097 505.383699
6 4.243640e-008 427.844713 189.311969
10 6.966420e-008 613.803059 123.681564
3 1.971170e-007 591.369539 401.504443
5 3.210270e-008 591.239405 402.991860
4 5.367930e-008 680.664192 739.585214
8 6.635310e-008 679.757114 742.552128
4 5.867460e-008 571.447334 783.444062
8 2.328900e-008 568.969577 781.576952
3 2.103410e-008 729.281646 643.555975
4 5.519050e-008 778.642326 679.418482
8 3.510140e-008 779.031847 678.771212
4 1.679540e-008 600.190971 696.844157
8 1.728240e-007 696.882187 841.222166
4 6.960530e-008 698.868309 842.024608
8 6.767120e-008 751.073243 950.658755
4 4.944300e-009 749.827135 948.943625
8 5.032850e-008 888.037739 753.328850
4 2.544600e-008 886.746144 754.982021
8 3.174760e-008 870.917825 680.138215
4 8.132550e-008 873.055334 679.799668
5 1.448670e-007 769.537492 483.974556
3 1.026800e-007 768.521387 487.518156
8 1.328830e-007 728.313869 742.113305
4 6.563560e-008 728.470997 744.360324
8 3.256930e-008 917.982741 823.149622
4 1.153640e-007 917.907984 825.290393
8 2.992420e-008 879.374697 705.912595
4 5.132810e-008 877.358058 705.334331
8 1.500400e-007 647.953116 831.426093
4 3.417390e-008 629.670786 745.415191
3 4.211590e-007 638.352845 465.285507
5 3.777320e-007 748.582048 376.535295
11 2.179260e-008 791.283793 385.694924
3 3.400940e-007 693.914170 360.094194
5 3.438600e-007 676.957308 397.741804
3 1.996090e-007 770.004623 501.434821
8 4.501080e-008 612.052016 762.253582
4 1.840420e-008 614.166870 762.105697
3 1.125950e-007 764.776233 504.020106
5 4.842300e-008 698.758855 477.347334
3 3.765460e-008 731.572868 624.952482
8 1.631690e-008 801.064042 658.845501
4 4.961750e-008 839.653266 659.098591
5 9.340050e-008 705.601883 504.324422
3 6.720440e-008 549.889538 458.044185
6 7.134110e-008 397.580435 281.101564
3 8.430960e-008 502.404501 420.469459
9 5.901370e-008 225.074886 522.435489
2 1.284780e-007 216.141970 607.506299
9 2.014940e-007 164.303226 476.315943
9 1.206800e-007 221.047892 494.303338
8 3.653190e-005 758.265214 816.457178
4 4.471770e-007 760.430211 816.761447
8 3.580280e-008 682.328508 944.620207
4 5.175280e-008 682.072833 946.702495
8 1.779440e-008 604.431122 855.573759
4 4.785530e-008 602.673545 856.759257
8 1.832850e-008 740.909613 949.515737
4 5.277800e-008 738.832103 949.223762
8 9.350620e-008 872.751999 764.237265
4 1.225970e-007 871.554174 762.461407
5 8.042110e-008 734.869277 512.448044
3 1.219990e-007 731.864496 514.712306
8 1.367550e-007 657.256056 821.407323
4 5.724080e-008 656.021164 823.238133
8 3.643440e-008 794.920727 628.362502
4 6.596980e-008 793.086531 629.744663
3 1.253700e-007 587.443272 524.990182
5 2.956930e-007 731.207402 382.688364
11 2.443730e-007 853.631952 261.135523
10 5.925800e-008 782.818723 281.238247
5 1.190460e-006 758.656210 371.413369
3 5.322550e-007 757.632533 375.233757
11 4.853050e-008 841.120237 327.845485
5 2.352270e-008 696.190416 556.614298
3 1.019720e-007 694.842091 560.126786
6 1.951440e-007 289.632753 279.300656
7 6.539900e-008 173.775985 262.022046
6 6.767380e-007 268.723460 282.203743
6 5.421780e-008 262.530155 52.133611
7 4.822480e-007 52.415604 191.713427
6 4.049950e-007 226.085738 145.178927
7 3.725830e-008 206.826623 256.004624
6 8.165460e-008 99.430720 315.058285
6 3.495460e-006 241.396373 211.553761
7 1.966510e-007 78.956388 197.342596
6 2.204300e-007 153.370535 241.942465
7 5.366210e-008 141.487899 110.967200
6 3.101450e-008 61.505638 168.678648
7 4.311920e-008 151.595418 98.141780
6 2.238680e-007 287.886370 306.695729
7 5.715680e-008 22.175165 146.456698
6 2.103410e-007 185.520889 216.616590
7 1.011800e-006 57.006925 226.943789
6 8.832510e-008 208.096700 67.284763
7 3.952110e-008 126.369959 198.289205
6 1.922260e-007 150.447345 313.463523
7 9.137590e-008 149.483883 192.059832
6 4.733770e-008 129.207843 140.694351
7 6.028670e-007 36.492201 205.614731
6 2.326270e-007 141.372491 239.300111
7 1.929640e-008 255.153414 285.270895
7 3.446840e-008 104.183426 66.396397
6 6.874030e-008 111.062692 194.684916
6 3.158290e-005 260.184641 241.852657
7 7.001920e-008 80.322571 209.382056
7 4.673550e-008 144.023808 335.578058
6 1.077880e-007 148.161965 296.042724
7 3.042390e-008 173.036651 251.263247
6 4.667710e-007 227.515582 198.745693
7 9.627960e-009 221.742189 247.575734
6 5.356590e-007 273.407194 307.009412
6 1.836440e-008 370.842196 126.296765
3 1.479650e-007 565.737969 377.083529
6 3.969770e-008 410.458046 270.000561
3 2.191590e-008 499.015559 355.514907
8 8.045530e-008 679.550371 824.656270
4 1.487580e-008 680.552943 826.623925
8 1.307720e-007 733.320794 716.650708
4 1.127400e-007 734.380702 714.738560
3 2.373280e-007 731.476830 476.024935
5 4.369520e-008 728.532232 469.710187
3 1.875140e-007 609.897317 530.544150
10 4.745450e-007 694.088113 98.901732
11 4.496380e-007 781.358588 117.451673
10 6.532020e-007 825.868124 119.073984
11 8.147850e-008 758.186609 62.282752
10 9.522060e-008 643.288977 94.141896
3 2.141290e-007 573.755254 397.961522
3 1.696580e-007 593.607301 391.637590
9 1.384490e-007 212.829411 571.877652
2 1.451870e-007 212.698932 571.751650
9 6.553250e-008 55.486123 525.640736
2 3.550840e-008 276.331285 786.411033
9 3.373070e-008 354.213855 610.235994
6 1.474890e-008 439.864328 379.897954
8 6.340520e-008 599.227798 758.503437
4 1.880900e-008 666.212850 649.199985
8 2.511470e-007 696.102893 783.137309
4 4.679540e-007 844.164443 814.608562
8 5.252870e-008 878.596119 895.626280
4 1.439890e-007 726.484093 868.804960
8 8.121030e-008 833.452479 916.137823
4 4.163550e-007 818.536898 821.718171
2 1.228670e-008 169.176330 912.699277
2 9.990990e-008 300.306829 814.488418
2 2.295400e-008 329.383457 815.814462
2 4.271110e-008 205.492210 863.073934
9 7.808760e-008 157.225712 675.475084
2 7.177190e-008 329.390110 672.294651
2 2.664130e-007 208.884641 779.384306
9 2.193840e-008 104.585271 774.954810
2 5.973620e-006 178.577326 721.449939
9 5.689180e-008 64.646493 626.535181
2 7.076160e-008 112.153403 784.444812
9 1.109080e-007 246.333975 539.907673
2 3.553210e-008 136.618995 546.701640
9 1.249390e-007 47.185667 515.907161
6 1.760300e-007 337.720851 235.662572
7 2.838320e-008 137.788277 119.613303
6 5.270300e-008 131.412097 112.257891
6 2.975150e-007 282.455898 165.481224
7 8.193850e-008 107.224124 174.893883
6 2.026900e-008 79.309818 151.288364
7 9.233840e-008 164.776964 240.998635
6 4.638760e-007 209.100259 202.975242
7 4.698890e-008 173.410161 239.472536
6 3.354550e-007 180.031922 213.997730
7 8.683810e-008 114.096253 97.686845
6 1.528470e-007 152.211146 200.679392
7 6.512060e-007 38.619374 202.479050
6 1.081520e-007 133.914489 332.392802
6 2.839950e-006 261.870972 253.445488
7 1.289940e-007 99.712779 240.496878
6 8.022070e-008 170.005922 205.265735
7 1.776610e-008 151.941111 304.454486
6 2.649370e-008 468.690008 319.096231
3 4.223810e-007 609.032793 364.696775
5 3.705010e-008 547.966146 382.331131
6 7.049740e-008 373.548204 182.156786
10 4.531810e-007 711.609644 102.552324
11 4.772280e-007 775.950731 121.001943
10 4.420620e-007 683.099606 58.353604
11 6.818820e-008 778.749268 69.087835
10 5.752490e-008 552.646013 135.090912
6 2.098610e-007 335.449246 258.823357
3 2.845290e-008 593.031283 495.827844
4 2.803470e-008 672.605245 738.125343
8 1.346660e-007 628.028666 802.179329
4 8.455650e-008 725.892179 654.552695
8 2.388370e-008 738.544095 618.512140
8 1.490290e-006 760.812418 775.746519
4 4.722270e-007 761.517005 777.792777
8 1.918470e-008 584.731357 709.680959
4 3.151570e-007 737.157423 792.534761
8 4.445060e-008 675.925268 609.152586
3 3.496200e-008 606.918273 529.457445
6 1.026990e-007 391.639904 230.971462
3 9.338300e-008 535.711759 412.609449
8 4.404800e-008 708.085429 641.613165
4 3.672450e-008 706.926893 639.759118
3 1.297720e-007 612.515466 496.545883
6 1.137890e-006 273.448565 293.701828
7 9.979240e-008 88.747394 289.541256
6 2.211050e-007 211.514459 304.052041
10 1.723090e-007 637.509343 105.478417
6 2.364680e-008 347.803780 355.944350
10 9.830260e-008 611.277047 87.394460
5 5.987350e-008 592.639104 398.998934
3 1.662250e-007 590.966026 412.625027
10 6.548060e-007 707.372170 136.581095
11 2.207840e-007 790.971525 151.322033
3 1.961540e-007 576.601300 425.316000
3 9.658300e-008 516.633105 470.317810
6 1.630320e-007 347.166946 168.371776
6 2.075130e-008 422.858491 103.942312
6 2.663400e-008 445.624685 264.633806
3 5.604600e-008 545.549978 345.938416
3 1.181730e-007 596.992914 518.256021
5 1.591850e-008 596.865445 306.537463
6 4.119570e-007 290.068215 286.625127
3 1.241480e-008 574.153307 547.243040
8 8.752170e-008 714.320916 735.956889
4 1.821840e-007 716.452210 735.581081
8 1.474210e-007 825.224276 784.319070
4 3.007290e-006 826.295312 786.174165
3 8.204610e-008 509.868240 390.278876
10 6.005390e-008 645.492767 107.777633
11 3.882790e-008 733.706035 48.587929
3 1.164650e-008 542.692081 285.871316
3 8.433560e-009 534.974040 246.017512
3 1.149560e-008 454.239255 323.686801
6 8.947540e-008 383.539621 269.904288
10 3.582950e-008 540.218501 58.551534
6 3.256740e-008 448.520542 302.836656
3 6.116040e-008 569.463587 520.002239
4 1.093460e-007 721.970967 694.097730
8 7.757890e-008 779.426507 632.484837
4 4.598110e-008 702.048651 952.164108
8 4.107730e-008 760.647565 918.514550
8 2.148940e-008 535.895639 748.612215
4 9.673800e-008 653.730110 795.995792
8 3.601980e-007 721.465488 843.424359
5 1.407230e-007 787.270200 470.020314
3 1.136790e-007 794.045480 475.313695
4 7.079370e-008 921.858007 735.998011
8 3.669360e-008 889.067734 782.975604
3 1.154990e-007 741.000211 575.585189
4 8.463660e-008 683.560115 712.614120
8 2.410260e-008 686.415982 711.401890
4 3.892310e-008 829.572614 703.517964
8 7.727700e-008 832.169770 704.784677
4 3.022920e-008 610.796361 895.467639
8 2.241210e-008 608.581071 897.682929
4 3.099160e-007 860.555559 776.411338
8 5.582940e-008 863.162671 777.856484
4 3.814040e-008 762.031671 607.497553
8 1.570950e-008 762.084755 604.456345
3 4.329620e-007 722.283271 473.438122
5 8.293880e-008 673.761738 404.141761
4 2.594830e-008 840.710362 720.982421
8 3.210600e-007 792.089795 773.121740
4 3.318770e-008 694.503367 876.580700
8 3.709180e-007 746.660165 855.948356
4 4.149100e-007 850.554736 804.276602
8 5.406440e-008 877.363077 797.577756
3 1.833110e-008 827.736328 541.247440
5 8.373550e-008 828.685061 542.419029
4 1.704420e-007 823.584863 719.245273
8 8.925660e-008 817.246945 724.197020
4 9.887250e-008 859.743588 701.921597
8 3.607520e-008 856.254174 694.767181
4 2.873330e-008 732.475811 902.425352
8 1.540700e-007 727.602099 895.717252
4 2.323730e-007 739.091495 834.125772
8 1.276890e-006 747.485915 833.095082
4 1.783560e-007 758.517936 782.440125
8 1.245440e-006 766.860645 781.710222
3 1.022610e-007 724.976116 554.309577
4 2.875600e-007 820.722395 734.769025
8 1.418840e-007 814.299031 729.928700
3 8.342960e-008 562.002722 527.455393
2 1.552820e-007 315.806578 710.300283
2 6.055540e-008 161.959122 898.406159
2 4.216790e-008 293.618291 874.815894
2 1.089240e-007 190.933257 817.914475
9 6.092260e-008 178.711484 709.465306
2 8.468090e-008 160.360453 825.328001
9 6.068620e-008 284.617036 718.819232
2 6.403160e-007 161.155182 694.821120
9 1.034650e-008 110.345241 701.688366
2 6.015310e-005 189.522172 702.647743
9 1.580530e-007 258.430545 580.896758
2 1.576970e-007 176.882754 585.170553
9 1.993420e-008 271.765584 571.620663
2 5.769090e-008 179.883361 538.725747
9 1.224660e-007 210.070034 525.229215
2 2.002890e-008 86.187524 502.359679
9 2.468830e-008 313.758613 541.491754
2 8.423990e-008 226.755791 575.543025
9 8.743160e-008 88.041711 474.798161
2 2.647200e-008 308.244658 568.199753
9 3.105640e-008 153.660199 426.482529
2 2.982090e-008 116.011947 517.483520
9 2.838730e-008 61.558021 411.221816
9 1.306440e-006 116.539177 597.551004
2 3.741790e-008 136.904340 538.405528
9 6.667080e-007 190.473605 591.152833
2 7.770770e-008 216.884348 539.041583
9 1.857590e-007 202.732892 596.620564
2 1.395350e-007 239.968102 584.676534
9 5.352790e-008 278.309316 462.790511
2 2.104010e-008 405.189076 657.779936
2 1.300280e-007 127.154431 784.061229
2 3.271710e-008 345.611211 764.765762
2 6.370050e-008 212.424942 826.278578
9 4.320550e-008 134.114081 726.445518
2 2.384810e-008 340.166125 801.134446
9 9.158740e-008 218.375599 497.087561
2 8.449200e-008 335.155729 604.591322
3 1.301720e-008 676.451657 642.369572
4 2.993760e-008 750.902850 636.562952
8 4.256200e-008 751.862788 628.744578
5 8.265270e-008 799.744808 504.244566
8 1.961420e-008 727.725349 622.263932
4 5.392760e-008 854.357856 682.399560
8 6.511420e-008 785.135760 918.741038
4 2.841090e-008 710.447708 807.691693
8 9.820660e-008 787.325002 952.276293
3 1.899240e-007 772.264883 527.513761
5 2.967600e-008 708.699238 584.889846
2 1.174990e-007 317.161132 722.074137
2 3.482290e-007 150.335288 751.797374
9 4.495270e-008 163.920729 687.883085
2 5.755210e-007 153.611051 732.771703
2 1.310900e-007 78.343574 804.456340
2 2.074490e-007 193.889459 813.140104
9 4.468510e-009 109.898518 759.740625
2 3.157290e-007 120.230620 720.370347
2 2.732060e-008 302.725783 917.039548
2 3.032480e-008 175.812334 921.534286
9 8.943490e-009 154.804024 817.617208
2 9.756860e-008 292.062038 691.009370
2 4.811270e-007 264.591013 765.366390
2 2.666970e-007 282.936323 764.234519
2 8.063240e-008 235.317957 818.612366
9 1.498700e-007 126.458279 655.142931
2 8.986010e-007 222.192258 673.751699
2 9.789290e-008 97.365701 800.981947
9 7.520120e-008 241.768930 702.167002
2 2.886170e-007 253.263306 663.610402
9 7.268610e-008 98.234723 697.056380
2 6.433240e-008 82.545468 695.407405
9 7.758870e-008 36.294302 634.043008
2 6.964410e-008 38.313975 650.491956
9 4.679400e-008 95.857109 682.685233
2 1.400270e-007 82.027562 676.527925
2 5.442180e-008 31.171407 714.022803
9 2.897090e-008 257.357799 644.388876
2 6.282300e-006 172.813082 710.442567
2 1.647250e-008 416.264065 627.439696
9 8.088100e-008 245.743332 531.569900
9 6.445140e-008 24.724950 563.367023
3 7.474450e-008 670.398633 561.691352
5 1.650460e-007 890.565415 420.266762
4 1.703640e-007 841.080897 738.610452
8 1.986900e-007 823.148097 805.732502
5 4.452300e-008 907.675540 412.258929
3 2.749690e-008 864.848317 479.191083
5 1.502550e-007 701.415901 433.821297
11 1.453720e-007 846.821741 308.634801
10 9.530720e-008 733.504891 284.925142
5 1.648020e-006 781.556012 371.612498
3 8.994960e-008 783.361647 374.869981
11 7.633020e-008 699.429816 230.548040
5 2.517990e-007 674.842129 292.022251
3 1.109950e-007 673.134016 288.669907
10 1.275900e-008 682.566567 304.627877
11 5.873620e-008 823.523745 302.529686
5 3.651460e-007 787.386388 300.002686
3 5.406480e-008 783.519353 299.732273
11 3.031580e-008 747.969848 384.990338
5 1.934600e-007 714.739665 426.026278
3 1.165050e-006 712.276243 429.068356
3 2.445220e-008 731.537693 628.984055
4 1.900300e-007 737.868568 698.054579
8 6.331030e-008 731.768270 692.561863
3 6.529920e-008 704.451853 507.390982
4 6.082790e-007 751.931225 778.851236
8 5.304040e-007 754.098742 786.940454
3 1.198360e-007 549.189671 497.541922
3 2.903490e-008 579.674938 241.474422
3 2.771120e-008 531.060784 302.679453
6 1.664640e-008 477.653173 330.618677
2 5.185320e-008 292.474913 735.199462
9 8.547160e-008 99.131647 646.885074
2 5.719140e-007 189.240988 640.584162
2 5.042220e-008 65.802215 882.565425
2 1.068720e-007 250.595661 887.751196
9 1.424170e-007 197.467963 562.792609
2 9.185040e-008 152.466510 560.434181
9 5.861450e-008 247.996610 526.838864
2 8.337170e-008 268.847010 608.368340
6 1.919560e-007 251.761069 307.673186
6 2.309280e-008 82.220799 353.447063
7 5.707880e-008 128.976100 337.923203
6 1.200590e-007 313.864174 307.327373
6 2.580710e-008 415.465518 280.785592
6 4.935500e-008 443.757384 208.288070
6 3.181380e-008 394.633299 99.161736
6 6.791690e-008 354.693667 307.136345
3 3.229280e-008 578.554249 501.846977
8 6.087070e-008 709.880538 662.766491
4 1.215800e-007 747.994613 705.096207
3 3.272970e-008 645.096459 630.592055
8 1.026500e-007 761.778901 744.184000
4 5.048680e-007 805.545148 744.184000
8 3.190970e-007 693.715764 858.442626
4 9.238970e-008 722.165978 850.284567
5 1.015660e-007 862.128650 477.364216
5 4.044820e-008 763.703618 574.430837
3 6.684370e-007 644.466444 444.032212
11 2.097160e-007 764.831869 263.151200
5 1.133230e-006 854.508934 319.187167
3 1.638070e-007 723.550190 357.199099
2 5.705490e-008 191.276036 591.224547
9 3.869300e-007 186.059779 591.957657
9 4.970320e-008 152.807713 452.772542
2 2.869770e-008 106.308587 579.818001
9 1.216720e-008 336.723878 574.467174
6 9.435460e-008 360.008033 296.679668
6 8.920610e-007 229.134353 269.356533
7 9.890020e-008 109.098464 194.349701
6 1.384980e-007 234.744650 307.802125
7 1.233310e-007 87.660387 223.708747
6 1.486600e-007 210.437985 325.770548
7 3.308320e-007 94.527865 252.843269
6 1.891840e-007 203.360455 142.079653
7 7.046490e-008 120.911408 176.589960
7 8.453660e-008 124.699422 205.961402
6 3.811110e-007 171.940674 174.096767
10 4.000190e-007 708.843736 76.361589
11 7.457620e-008 692.237486 92.986417
3 5.371000e-008 562.188677 510.955128
8 2.500480e-008 682.080779 788.665660
4 4.158140e-007 726.109358 769.551531
3 1.976010e-007 767.520657 505.813251
5 7.665530e-008 833.216327 459.812304
4 5.374640e-008 724.243963 655.974569
8 6.626270e-008 721.328282 656.594315
5 5.411050e-008 912.706812 575.571231
4 6.696350e-008 854.045355 629.367513
3 3.615900e-008 843.630425 489.078262
5 4.476090e-008 903.792026 498.214679
4 7.162270e-008 769.286559 665.495822
8 4.700840e-008 694.271140 691.326018
3 9.280640e-008 723.289895 506.466741
4 4.273510e-008 672.980436 726.100489
8 1.092430e-008 599.313406 768.632157
4 3.086230e-007 838.135341 738.664157
8 8.468780e-008 853.585787 818.150082
2 9.043890e-008 302.221207 762.462995
2 1.349560e-008 400.819970 656.731743
3 3.043440e-008 531.779080 524.665151
9 8.934880e-008 258.854640 539.206744
2 3.086510e-008 404.348196 634.918874
2 4.135380e-008 67.598514 844.845923
2 6.579630e-008 109.907587 909.785018
2 3.413370e-007 140.846990 742.573644
2 9.207470e-008 253.322643 876.436405
9 6.087060e-008 243.620165 757.850809
2 2.224360e-007 237.120191 770.434504
2 2.169140e-007 173.673195 779.920634
2 3.882940e-008 98.312540 829.924807
9 6.957520e-008 127.972307 728.648694
2 1.277820e-007 106.016000 748.923019
9 1.096140e-007 121.887479 731.568446
2 3.421030e-008 153.938019 815.063304
2 3.522360e-007 183.177829 773.067237
2 5.592320e-008 238.337261 868.722164
2 6.312470e-006 190.122180 723.988224
9 5.922110e-008 231.504923 662.361439
2 1.953080e-007 206.730243 809.596903
2 1.628620e-007 191.856464 816.092623
2 4.335050e-007 256.752952 746.599105
2 1.650190e-007 117.086702 781.518764
2 1.275560e-007 196.472277 797.584807
8 9.056040e-007 757.321798 781.315487
4 4.728590e-007 759.269768 782.308022
8 4.411060e-008 606.365336 696.620145
4 1.250120e-008 719.462891 574.465881
3 1.198990e-007 647.418789 540.871167
3 4.373570e-008 569.812943 396.850511
10 2.216370e-008 552.041897 105.218853
6 5.404300e-008 412.830416 245.015748
8 2.663840e-008 595.779016 908.804655
4 4.428490e-008 692.636965 868.771541
8 6.071730e-009 628.445447 728.130020
3 2.922760e-007 736.610160 538.851920
5 1.536240e-008 838.961682 539.359200
4 3.227990e-007 862.333350 788.735738
8 1.359330e-007 861.408478 791.760859
8 1.061460e-007 705.745749 751.969745
4 2.142990e-007 761.709502 734.230818
5 1.676320e-007 785.891608 449.671993
3 1.205450e-007 732.376828 518.168035
3 1.547380e-007 762.369611 491.050053
5 6.310170e-008 837.242411 462.309197
8 9.912170e-008 689.075403 688.591595
4 6.981610e-008 640.164611 748.991147
8 6.793220e-008 646.245532 728.759763
4 4.226240e-008 700.729141 675.192906
8 7.841140e-007 790.239639 819.602001
4 1.140140e-007 839.676668 878.518867
8 6.750070e-008 828.873377 891.051790
4 5.265720e-008 820.635831 901.224332
4 8.491760e-008 745.739393 852.230284
8 1.853250e-006 745.522988 849.135353
3 1.054310e-008 587.605764 699.401294
3 6.310560e-008 615.400607 471.208664
4 2.346410e-007 722.144586 748.177113
8 3.362630e-007 724.812116 749.364777
8 7.054110e-008 584.377257 782.157189
4 8.315470e-008 859.048309 880.421069
8 5.896160e-008 859.843924 724.940639
5 1.612490e-007 750.190527 473.354113
3 1.915790e-007 761.192926 482.263681
4 3.288970e-008 736.584105 633.493403
8 3.492550e-008 785.429081 697.199149
4 3.558590e-007 839.900733 831.553995
8 5.607750e-007 793.918967 768.355366
4 2.936990e-007 807.580000 821.565575
8 3.937950e-008 770.065226 684.299575
3 8.272030e-008 740.770543 508.512617
5 1.878490e-008 801.177663 509.896265
5 3.386780e-008 879.772322 453.888786
4 7.964020e-008 768.409847 678.262959
8 3.036990e-008 760.678498 680.479914
3 3.137050e-007 719.350023 503.753337
5 2.405520e-007 702.321479 429.994386
9 2.230090e-008 174.861915 408.794788
7 1.906520e-008 46.716433 446.720670
9 3.181550e-008 239.587578 399.464885
6 4.477750e-008 183.990077 430.283260
2 9.131690e-008 248.385316 589.559619
9 3.353110e-007 116.262171 491.515224
6 4.057400e-008 203.570482 427.004093
9 5.909400e-008 228.725820 462.854533
2 4.780030e-008 115.342484 538.228855
9 3.361350e-008 201.230001 454.240323
2 1.012120e-007 207.559572 572.619000
9 4.533460e-006 146.629218 572.619000
6 1.038340e-007 288.983220 325.847101
2 3.519040e-008 342.805509 575.592107
6 5.570540e-008 380.729142 293.845596
3 3.623560e-009 547.941702 290.218729
10 6.569390e-008 608.058284 50.507625
3 5.690210e-008 478.151869 382.055194
6 1.393050e-007 346.703998 310.693819
10 5.400270e-008 611.119389 149.494777
3 4.016020e-008 591.966000 211.310094
11 1.263970e-007 786.509632 107.463844
10 4.239880e-006 753.375399 116.965012
3 4.001170e-007 601.135473 441.915691
3 9.318110e-009 529.405433 595.075903
2 7.175930e-008 225.861882 572.743677
9 1.272310e-008 220.723979 572.203660
9 5.849930e-008 237.533615 513.094345
6 8.807560e-008 312.991038 381.872074
9 2.509370e-007 162.750923 492.293502
2 8.843820e-008 218.222231 596.927702
9 7.247480e-008 217.131487 488.175632
2 2.256760e-008 101.665604 563.159939
3 7.215640e-008 580.262879 355.041018
8 6.114570e-008 616.030243 764.662479
4 8.469870e-008 669.147571 819.667107
8 6.012520e-008 771.472847 899.485656
4 9.833210e-008 698.837169 896.949065
8 1.283190e-008 893.769144 784.640255
4 4.095790e-008 917.435805 703.069593
3 3.654260e-008 826.581857 529.536900
5 3.095290e-008 803.510451 493.455264
6 4.245170e-008 432.869460 412.490851
3 3.950470e-008 528.574040 460.473197
9 2.233530e-008 288.185797 452.372057
6 2.497570e-008 217.540771 477.451624
2 6.721200e-008 206.570110 576.397762
3 1.723580e-007 571.288208 367.291502
6 6.534790e-008 352.925185 334.132689
7 1.493720e-007 108.933586 146.689901
6 2.160160e-007 182.408982 198.207410
7 5.870940e-007 46.526308 184.053838
6 4.339510e-007 196.907286 261.619522
7 3.347470e-007 70.203703 214.950339
7 2.578760e-008 144.731828 340.923363
6 1.420130e-007 166.965698 345.867144
6 1.332470e-007 280.117996 352.272196
7 2.641440e-008 186.401720 148.726884
6 4.075420e-008 122.097203 145.183225
9 8.679150e-007 120.561427 531.061271
2 5.940070e-008 234.893316 487.659820
9 1.818740e-007 230.719585 586.309328
2 5.436850e-008 190.226164 533.232561
9 8.105990e-008 199.395722 508.488109
2 8.600970e-008 220.582623 570.002016
9 2.545900e-007 199.567309 507.914511
9 6.215360e-008 177.913061 421.165655
2 1.992660e-008 292.646562 586.667298
3 1.552970e-007 687.133974 547.417946
5 3.649430e-008 608.237977 322.605497
3 1.060450e-008 604.377098 212.043909
3 2.035690e-008 532.134492 541.393050
8 1.692430e-007 730.991363 753.880792
4 2.910400e-007 737.675814 751.314873
8 1.173090e-008 744.927335 562.342594
4 1.351620e-008 746.170640 555.291376
3 3.096100e-008 759.421908 480.138780
5 5.366570e-008 761.738755 539.720538
8 2.046580e-008 593.061976 841.761358
4 1.268600e-008 589.661676 848.733040
8 1.543450e-008 759.183344 616.741347
4 5.573240e-008 758.292570 609.486659
3 1.372700e-007 751.875825 456.654021
5 1.154630e-007 824.825762 497.090659
4 1.967740e-008 813.209028 571.180746
5 1.526910e-007 798.957567 442.546851
3 7.048530e-008 796.317078 445.009136
4 1.618050e-008 666.320343 729.235739
8 5.667470e-008 678.247799 692.526985
3 1.828230e-008 645.360910 640.636150
8 1.046500e-007 705.195287 869.802058
4 3.191520e-007 782.698625 836.903676
8 1.030750e-007 664.302812 892.443014
8 2.792530e-007 675.187565 809.638709
4 9.547950e-008 730.296024 806.837799
3 1.671290e-008 687.965111 682.147448
4 2.926310e-008 639.059234 795.987825
8 2.772320e-008 635.551827 803.865641
8 1.557200e-008 515.186064 820.388411
3 5.934720e-008 603.272382 475.216508
3 7.067480e-008 552.850129 438.862062
3 2.675010e-008 602.239350 634.981399
6 4.334060e-008 396.486617 201.168043
10 4.806790e-008 582.020455 220.450352
3 1.194440e-007 576.157649 388.339853
9 1.567370e-008 396.739037 549.622808
3 1.468410e-007 565.819501 408.738475
5 3.523440e-008 594.084008 184.205018
10 3.078380e-008 568.141344 118.095375
6 2.950930e-008 422.758202 276.950614
6 5.640700e-008 324.729278 322.897681
11 8.626310e-008 722.779950 60.655902
10 1.312200e-006 730.536762 61.471174
11 6.805680e-007 827.109947 144.241161
10 1.496970e-007 821.045134 138.969096
6 3.615450e-008 517.630017 213.769849
10 8.038840e-008 609.216747 157.016084
6 1.377310e-008 352.359033 360.000247
3 6.493350e-008 586.087190 452.547986
5 9.120370e-007 753.136102 394.315619
11 8.077240e-008 696.131910 245.815012
10 5.046610e-008 762.777581 220.440884
5 1.179500e-007 691.919475 195.933094
11 1.337280e-007 856.652942 240.073064
3 1.554260e-007 762.694935 417.241331
5 1.920370e-008 646.437226 560.807703
8 5.013000e-008 742.175107 672.848666
4 3.974050e-008 745.142210 674.590235
8 2.478000e-008 649.238135 802.927292
4 3.632480e-008 646.834200 795.945810
3 1.030140e-007 734.752589 497.377859
5 1.288780e-007 820.525181 462.723405
4 5.299950e-008 840.734694 680.371983
8 9.823720e-008 691.865943 720.261234
4 1.775250e-008 859.511775 623.005811
3 1.383280e-006 662.684441 437.055378
5 8.202840e-008 654.163147 388.728774
11 1.570920e-007 756.396674 288.633191
3 8.279950e-008 761.246637 277.207397
5 6.813210e-008 794.913883 197.892356
10 5.956450e-008 771.979210 214.053877
3 3.456910e-007 647.499554 470.037033
5 8.534090e-008 669.567483 345.365923
4 2.346340e-007 749.298901 739.234735
8 3.018190e-007 748.713658 740.327658
