7 3.225500e-008 781.958000 531.419000
4 2.342020e-007 743.848856 564.546636
7 7.870370e-008 657.976251 654.511586
4 1.836120e-007 649.306660 502.737137
4 1.817720e-007 692.979961 401.920721
4 7.318310e-009 657.959965 556.551609
11 1.772580e-007 522.739831 558.732014
5 3.741640e-008 454.434542 441.179788
4 1.507950e-007 632.121666 486.782506
4 6.187220e-007 731.745112 472.103930
7 1.654780e-007 785.856540 666.226763
2 4.073450e-008 821.651257 614.710665
4 6.275690e-008 782.910449 567.688542
7 5.341320e-008 876.343071 668.325729
4 1.893310e-007 814.867943 551.393271
2 7.666200e-008 780.726192 631.950316
7 4.322180e-008 845.492032 573.635132
4 8.074670e-007 749.478974 518.333328
2 1.483200e-007 701.290285 717.049669
7 2.164920e-007 699.528867 718.580846
6 6.706440e-008 638.359303 771.754728
8 2.068890e-007 634.565428 775.052693
2 1.352020e-007 819.154739 904.144168
6 6.513780e-007 736.314692 885.019119
7 2.867450e-007 731.715251 883.957259
8 1.075980e-007 731.320570 883.866140
11 6.111790e-008 578.496379 649.748546
5 8.021950e-008 475.708772 513.165420
11 1.832470e-007 414.814327 571.734421
4 2.967690e-007 723.844530 577.358562
11 1.004180e-007 523.785107 513.490607
5 6.260010e-008 418.560932 532.592117
4 9.727960e-008 637.079254 547.731407
11 4.327430e-007 499.018250 629.106325
5 2.336970e-008 456.691590 613.107612
5 8.396950e-008 442.481023 416.033360
3 5.406480e-008 487.525884 147.188042
10 1.702820e-007 171.379946 311.495995
3 5.863300e-008 158.128716 181.313533
10 9.766830e-008 78.994909 193.004122
3 1.043870e-007 194.229506 154.641310
10 1.763300e-007 66.225842 273.307615
10 2.230850e-008 125.432799 181.052791
3 1.816760e-008 142.652806 165.279167
10 4.035000e-008 54.308741 196.033308
3 7.535090e-007 274.059042 107.478748
10 1.437850e-007 134.374402 287.076673
3 1.617650e-007 234.697031 7.998513
10 2.470720e-008 83.272221 146.750996
3 2.721530e-008 199.292524 189.008029
