10 2.307570e-008 711.469642 632.898915
9 4.013180e-008 768.711502 419.128947
7 8.703050e-008 662.263892 231.758964
9 5.251320e-007 660.081656 408.155762
7 4.703490e-007 780.692809 278.817456
9 1.119100e-007 643.157268 620.669816
10 9.278850e-008 592.081719 605.503582
7 6.726120e-008 740.332064 87.952639
9 2.571530e-007 591.812037 391.818904
7 2.205740e-007 766.521624 243.038711
9 1.821890e-007 697.476087 513.147317
9 3.604450e-008 806.328648 507.282805
10 3.105640e-008 637.575771 772.435842
8 5.456270e-008 676.962460 907.460429
10 1.865200e-007 576.441081 649.000477
9 2.789250e-008 508.679447 624.337182
11 6.766280e-008 399.441875 570.389553
10 1.009890e-007 416.866308 571.913939
9 1.406030e-008 565.687903 584.933674
10 8.994360e-008 472.852845 528.095373
9 1.266770e-007 471.211525 528.566020
9 1.408050e-007 556.136800 365.931326
10 1.315040e-007 538.880401 606.091821
9 1.139530e-007 470.257079 484.041243
11 1.056190e-007 308.973050 546.577019
9 4.412830e-008 490.104015 298.161409
9 2.057680e-007 521.006101 387.627296
6 5.715480e-007 177.354664 312.010848
5 5.981170e-008 214.675734 177.359508
6 9.713950e-009 32.749452 190.080622
5 6.758860e-008 43.007654 182.209237
6 3.887110e-008 204.737642 197.394884
5 2.358150e-008 71.198950 230.816636
4 1.952900e-008 82.912492 178.672833
6 4.671240e-008 88.288386 148.184602
5 1.446140e-007 112.061268 125.218102
6 1.074460e-007 170.745405 195.155359
5 3.170550e-007 171.015177 148.904152
6 2.174060e-007 92.748831 194.091230
5 3.455110e-008 166.020264 268.557780
6 3.990260e-008 216.040890 194.398744
4 9.073070e-008 161.615521 324.963091
6 3.645640e-007 145.142341 284.190658
5 2.080500e-007 143.967995 116.827323
5 6.065420e-007 202.190362 114.974640
6 5.831300e-007 132.488021 268.622375
4 7.718080e-008 202.113549 294.378392
11 9.965150e-008 213.118892 581.901502
6 8.879230e-008 257.578586 425.108299
4 8.259140e-007 91.686495 395.575992
11 7.118630e-008 141.669303 500.522328
6 1.754930e-007 67.696444 436.218877
4 3.972290e-007 160.988312 454.708427
10 1.575720e-007 374.803439 623.965826
11 9.694770e-008 357.798366 629.164806
3 1.031030e-007 281.277380 850.174415
11 1.558220e-007 339.164384 672.013753
10 1.613750e-008 277.828952 723.022186
3 3.379970e-008 207.976897 794.323258
11 1.093250e-007 287.793793 738.434913
10 1.693270e-008 268.220882 665.361020
2 5.232440e-008 149.753510 824.907372
3 5.046670e-008 167.095218 822.778141
11 1.127390e-007 255.938889 804.939045
11 2.797440e-007 174.233825 640.535718
10 1.838440e-007 374.744125 714.017387
8 6.988270e-008 398.885825 850.932457
3 1.572680e-007 262.980691 970.508062
2 9.255600e-008 117.268949 930.657163
11 5.040380e-008 153.333170 756.595102
3 9.472160e-008 116.742948 851.915777
2 2.659000e-008 159.024034 865.228999
3 3.625370e-007 212.932341 919.902631
8 6.176640e-008 392.245524 732.041216
11 1.216190e-007 322.517212 739.537678
10 7.145750e-008 320.313118 740.211538
3 1.035170e-007 178.024088 899.818689
2 7.665020e-008 167.804972 972.532231
3 3.658570e-007 155.562671 903.425462
2 5.066850e-008 133.423496 831.012761
3 4.749230e-008 300.243331 865.782358
8 4.347110e-007 430.118796 850.860620
11 2.322410e-007 313.003563 706.234474
3 8.657780e-008 258.962636 884.784496
8 7.208980e-008 403.868038 923.611764
2 6.566590e-007 68.794773 907.441239
3 4.349920e-008 21.447811 894.754512
3 1.471470e-007 195.036241 827.319960
11 1.329570e-007 247.770282 744.781056
11 1.299640e-007 167.934716 731.251790
3 3.252490e-008 181.219689 781.166223
2 4.268370e-008 210.981991 812.312262
11 2.530940e-008 288.747093 862.813620
3 5.418630e-008 309.079765 876.017840
8 1.151990e-007 361.628367 910.143375
10 2.186910e-007 384.655357 661.175350
11 1.744770e-007 367.629999 658.060498
8 1.023010e-008 359.273003 633.790366
6 6.613150e-008 176.645254 426.398983
4 2.328460e-007 142.178131 444.110189
11 3.355540e-007 179.845030 602.716873
11 1.245370e-007 365.326296 577.003612
10 4.212690e-008 436.774296 589.455789
9 5.826720e-008 578.142553 646.571610
8 6.233290e-008 585.363064 639.885862
9 4.969840e-007 576.115199 416.043430
10 2.129170e-008 647.472002 584.786657
9 5.100370e-008 775.544526 610.762039
9 1.008970e-007 655.621614 559.970528
10 1.132010e-007 567.940476 694.987245
8 3.933200e-008 541.394675 635.708369
9 7.100890e-008 692.854653 594.537190
10 5.293190e-008 550.195527 531.021378
8 1.336150e-008 586.231718 670.444783
9 5.158140e-008 661.386355 559.024495
10 4.660100e-008 476.923016 499.014200
8 2.384450e-008 591.870901 740.046062
10 1.045330e-007 509.264825 761.808449
8 2.152530e-007 507.002725 748.979439
9 8.074410e-008 432.938952 564.511731
11 1.242390e-007 260.925566 526.447525
6 1.163270e-007 132.070014 442.767932
4 3.616390e-007 126.681213 439.268412
10 7.820180e-007 460.884494 613.455932
11 5.702630e-008 463.678023 614.152445
10 1.176750e-008 418.274257 522.423511
11 1.013940e-007 412.924966 702.349477
8 7.367690e-008 346.847570 832.034055
10 1.055320e-008 310.926708 703.556154
11 6.538630e-008 169.765518 778.612941
8 2.256440e-008 292.753246 733.614047
11 1.739840e-007 330.653879 732.344898
3 7.503190e-008 184.728197 822.436238
2 3.874070e-008 184.425277 819.554083
11 2.119130e-007 173.251969 713.244989
11 1.198170e-005 257.532866 646.145615
10 6.017560e-008 367.846421 604.408715
9 9.987190e-008 462.645750 502.968845
10 6.743310e-008 652.930308 661.229994
8 2.571530e-008 733.596147 809.614903
8 1.481700e-007 482.950405 892.092476
10 1.262700e-007 517.239484 745.865942
8 2.681460e-006 461.174526 865.138613
10 8.958930e-008 585.227828 653.229964
9 6.491880e-008 585.673061 665.591243
8 9.603760e-008 569.143880 751.364661
11 3.888490e-008 526.687516 622.514678
10 4.013860e-007 544.186773 620.055387
9 1.032020e-007 755.345170 488.782519
8 1.888520e-008 716.326000 777.547296
9 1.713740e-007 626.324920 616.665826
10 8.310010e-008 627.770233 619.765338
8 1.712280e-007 558.141215 720.896839
10 2.149900e-007 555.785407 698.483449
9 2.509100e-007 511.770742 475.206124
7 4.016190e-008 661.242233 161.217656
6 8.327700e-007 147.568381 350.243084
4 7.829080e-008 140.943159 350.127452
5 4.729130e-008 296.458731 245.991158
9 6.785980e-008 596.194480 344.354563
10 8.325680e-008 420.083631 526.794228
9 7.415320e-008 494.697308 366.785479
9 1.842700e-007 543.704328 368.509809
6 1.361760e-007 210.063739 337.918273
4 8.627210e-008 140.622653 319.352154
5 1.356170e-007 176.300690 161.348893
6 6.792840e-008 219.100892 262.615288
5 5.754850e-008 70.541206 154.680603
4 4.409260e-008 189.475786 325.147227
6 1.156460e-007 94.989277 179.175506
5 2.659080e-007 252.310050 96.350104
4 1.209290e-007 144.644279 246.994511
6 1.055150e-007 48.189448 166.059325
4 2.280520e-008 183.207538 224.085303
5 6.915670e-008 270.375753 133.819806
6 5.166960e-008 206.512982 151.460556
5 3.877080e-008 241.178376 198.934049
4 1.991810e-007 118.597387 308.315382
6 2.505320e-007 155.701800 241.377595
5 2.431370e-008 210.626362 243.139029
6 4.875530e-008 319.205694 322.961437
9 1.160910e-008 506.242734 220.544090
