11 5.237580e-008 723.594828 582.153121
2 1.618950e-007 581.343722 598.260731
8 6.859290e-008 470.258601 515.625900
5 2.802650e-008 467.289784 501.658754
10 4.171170e-008 694.529993 93.915585
11 6.875050e-008 785.607635 665.795646
11 2.842260e-007 891.672900 672.721536
11 5.100880e-007 856.943616 563.324122
11 2.513640e-007 849.144628 561.889020
9 3.622410e-008 645.379886 765.651829
2 2.100160e-008 652.798969 853.188463
9 1.449860e-006 745.556352 887.152715
2 6.888460e-008 644.194183 674.248462
5 7.699950e-008 451.845153 572.230554
8 7.646720e-008 484.448048 491.534733
4 3.654930e-008 410.625939 571.367997
2 1.977180e-007 495.854416 578.824255
5 4.375500e-008 580.297712 586.211821
11 1.683880e-007 785.874573 566.050834
8 4.495660e-008 475.457992 527.348350
2 6.561510e-008 424.053902 510.560826
5 2.592510e-008 424.848793 507.372665
8 5.072940e-008 587.480821 436.331286
2 8.515410e-008 587.250431 578.165275
5 1.382410e-007 463.681931 649.507829
8 3.665110e-008 419.631310 482.688447
4 5.102490e-007 298.849460 552.421876
7 5.552660e-008 332.971808 518.837431
8 6.648070e-008 501.958174 388.596331
8 7.791180e-008 459.259114 315.480509
8 4.642220e-008 364.310495 312.655247
6 8.333730e-008 196.738344 178.613772
6 8.041780e-008 41.365546 184.737869
6 3.692960e-008 70.819453 233.907396
6 1.435600e-007 59.320500 143.488080
6 1.123590e-007 97.680724 118.435571
6 1.117710e-005 149.764007 116.382729
6 1.897490e-007 78.030122 189.485790
6 1.549530e-007 227.711032 20.492162
6 1.335730e-007 101.001815 138.335836
8 6.806570e-008 337.164238 341.431345
4 7.066080e-007 278.215048 550.152007
7 1.531970e-007 276.315330 551.078561
8 2.513400e-008 178.222143 409.282035
4 1.345140e-007 184.871068 538.076946
7 2.996890e-007 183.259957 536.676433
8 3.638340e-008 297.588468 538.338649
4 8.276730e-008 386.837551 615.922063
7 2.264170e-008 388.448664 617.322589
5 1.755890e-007 359.468732 628.654123
2 3.289740e-008 286.233289 651.044479
3 1.660670e-008 218.416117 671.778301
7 8.521580e-008 332.394151 692.850714
5 3.242690e-007 329.246225 679.878009
4 5.169900e-008 306.906394 698.623336
2 5.399730e-008 267.493472 731.694676
3 3.454770e-007 210.309483 779.677698
7 2.070310e-008 133.357220 772.031453
3 7.872960e-008 301.656003 728.728497
4 5.821210e-008 310.176335 722.762501
5 1.711090e-007 312.090991 721.421846
2 5.113410e-008 322.382004 682.958933
7 1.697480e-007 111.240965 751.971468
3 6.554610e-007 211.489402 817.327381
4 2.572510e-008 235.931762 735.541965
5 6.420490e-008 234.671455 733.601268
3 3.219280e-007 230.217061 726.742120
7 2.614280e-007 206.484385 690.197097
2 9.336070e-008 379.821935 742.815222
3 8.173470e-008 42.059755 890.151540
7 8.389590e-008 144.665088 779.176200
3 3.597740e-007 238.615716 798.443623
5 3.281200e-007 390.017415 738.162968
2 1.837670e-007 373.202030 724.041766
7 1.364350e-007 283.942793 751.331068
3 1.667760e-007 275.747428 753.836644
4 3.350600e-008 245.417839 763.109335
3 1.944060e-007 117.995327 824.464215
5 4.477820e-008 400.599195 857.002148
2 6.822490e-008 347.348590 748.647307
7 1.635870e-007 291.057211 696.296000
4 7.003180e-008 288.274923 703.940246
3 1.607160e-007 286.500459 708.815527
3 4.383950e-008 132.985548 924.641304
3 8.089640e-008 95.010775 807.876732
5 5.821790e-008 250.517116 725.236876
7 2.151340e-007 258.011033 671.916404
4 2.934420e-007 221.168251 623.214519
3 5.740060e-008 128.507956 687.262586
7 1.285750e-007 84.185113 704.039704
3 1.583400e-007 225.186100 866.337707
2 4.499470e-008 398.915199 724.072547
5 7.669540e-007 400.579783 715.509098
4 3.376160e-007 340.750830 562.563522
7 2.846560e-008 335.415206 550.579435
8 1.959090e-008 318.758392 516.127347
2 3.716290e-008 325.280108 535.068543
5 1.630030e-008 322.496158 526.983423
7 5.536660e-008 207.208088 441.971490
4 6.495520e-008 204.553270 440.618796
8 4.467800e-009 209.704639 472.404398
4 8.274040e-008 202.287344 514.469845
7 7.336670e-007 188.526287 592.512447
3 2.243430e-008 267.938897 597.703920
2 1.134860e-007 410.606446 578.883414
5 9.436270e-008 418.534821 582.086648
2 6.820370e-008 674.305579 635.252975
11 8.221440e-008 824.476371 662.287474
11 6.051440e-008 769.052100 683.357640
9 4.370100e-008 739.744772 666.478451
11 3.735280e-008 849.757439 754.095371
9 1.802270e-007 797.087067 786.115088
11 1.267920e-008 821.239726 476.835736
2 1.563620e-007 583.466994 671.078573
5 5.531040e-008 522.929491 578.878653
8 2.710270e-008 587.067923 547.437787
2 5.802020e-008 561.500833 536.054815
5 1.291000e-008 531.715560 626.111405
2 1.376750e-007 557.433346 517.601667
8 3.579130e-008 490.135316 502.064531
5 7.639390e-008 471.854267 569.141039
9 1.242770e-007 730.743978 775.999449
11 7.747740e-008 882.643858 761.216977
2 1.355540e-007 570.559444 751.701635
5 1.553820e-007 493.570656 672.802373
8 1.235050e-007 417.390897 561.770144
4 6.550900e-007 276.968484 536.865895
7 4.586930e-008 211.863249 494.586153
5 1.166220e-007 387.829134 595.240974
4 3.695130e-008 444.923955 609.476476
2 2.399790e-007 448.876892 610.462066
8 7.854200e-009 463.196134 614.032295
7 3.755810e-008 300.125448 530.671508
5 7.613210e-008 404.105936 611.877880
4 5.422530e-008 415.701010 538.670193
2 1.542940e-007 416.338329 534.646362
8 7.638150e-008 418.646942 520.070494
3 7.768520e-008 332.111882 782.344288
5 7.592820e-008 336.037090 754.414865
4 8.208520e-008 326.348931 695.356007
2 5.763690e-008 322.529291 697.386947
7 2.830830e-007 286.230343 716.687453
3 3.164990e-007 271.852748 741.636937
5 4.269850e-008 245.522182 751.744219
7 1.065190e-008 188.999376 775.652967
4 1.088200e-007 329.954623 706.640846
2 1.097450e-007 326.229626 705.210967
3 1.058900e-006 183.687523 718.257701
7 2.295210e-008 188.338474 851.441529
4 7.198900e-008 155.799656 674.610929
3 1.250490e-007 71.027672 787.110950
7 2.109750e-006 182.908171 640.927492
4 8.922700e-008 320.811768 650.570384
5 9.228000e-008 357.179415 620.223245
8 2.086060e-008 394.529810 564.848857
2 6.771430e-008 400.454197 556.065568
11 8.607980e-008 780.626919 659.256830
9 1.234090e-007 788.375550 777.059483
11 2.338090e-007 799.516402 565.888787
9 9.410310e-008 815.914382 916.945983
9 2.179170e-007 830.899687 833.815332
11 1.872840e-007 836.770630 655.723720
9 1.652810e-007 728.476091 825.046189
9 1.876940e-007 648.373831 820.408751
2 1.866590e-007 541.581072 757.738150
5 1.990250e-007 479.900324 746.907369
9 8.312840e-008 567.792956 815.045284
2 1.859920e-007 587.123843 665.200755
5 3.220960e-008 592.031469 710.833353
2 6.219590e-007 531.805661 621.795390
11 1.561320e-007 802.100420 573.294001
9 1.057130e-007 687.453203 780.073370
9 9.196560e-008 862.403722 852.371569
2 1.064110e-007 635.532475 636.411666
9 1.525470e-007 752.982626 760.660486
11 1.044410e-007 889.155169 743.940558
9 5.049430e-007 746.802669 899.416233
9 5.793690e-008 758.487554 680.628893
2 1.503580e-007 562.833341 759.207201
5 8.075890e-008 554.109198 682.535829
8 1.093680e-007 497.314355 433.221730
8 1.082500e-007 423.182984 336.428324
6 9.230300e-008 265.343977 217.975330
8 7.966590e-008 400.926236 328.606515
8 4.920490e-008 396.249642 307.400464
4 3.717680e-008 396.477908 498.952963
2 4.191520e-008 435.243710 494.283495
8 7.708420e-008 418.003530 330.886470
8 1.217890e-007 435.807272 317.022214
8 3.736590e-008 483.012889 392.810384
6 7.668870e-007 128.415069 122.571958
6 5.416010e-008 236.539520 236.661384
6 3.162600e-008 96.256030 159.400402
6 6.638220e-008 36.330877 156.108805
6 1.093660e-007 279.401887 124.472952
6 6.003850e-008 240.143483 197.067049
6 1.938340e-008 210.212705 241.192935
8 1.170680e-008 240.367717 272.339342
8 8.150340e-009 517.836305 303.037508
10 2.763780e-008 624.043032 92.691827
8 2.562970e-008 282.390355 322.780171
8 1.420150e-007 370.984341 348.622885
2 5.103800e-007 549.176660 631.215601
5 3.696340e-008 576.262632 705.633830
9 9.285330e-007 672.359164 838.938251
11 1.606090e-007 802.129950 635.387749
9 1.425810e-008 637.160764 775.120020
2 5.850250e-007 503.867205 732.052179
5 7.706030e-008 510.093454 726.446013
8 1.735300e-007 443.834922 482.336190
2 6.328940e-008 460.946943 494.318225
11 4.293190e-008 717.033048 575.107219
2 2.403020e-007 530.611491 561.393252
8 7.090210e-008 415.460312 529.957885
5 1.455540e-008 489.379757 537.726771
2 2.066780e-007 535.455612 581.172547
5 1.004770e-007 369.253772 592.823575
4 3.586730e-007 296.669615 582.622586
8 3.807570e-009 292.932380 582.097354
7 4.486130e-007 224.900410 572.536130
3 1.596020e-008 231.449947 565.323840
4 1.121380e-006 253.496674 544.764938
7 1.031460e-007 302.898655 498.696854
8 6.154900e-008 315.045163 487.370053
4 1.444370e-006 236.060239 593.205632
7 1.491150e-006 167.817928 594.396787
7 1.259580e-007 147.261966 523.000576
4 8.951240e-008 215.251031 478.847821
8 6.612760e-009 172.688334 483.720696
7 1.280260e-008 171.456743 491.918986
4 4.324060e-008 96.306583 530.209850
8 1.904080e-008 154.640019 439.825942
7 9.436430e-008 98.077713 586.004981
4 1.962340e-007 162.037646 586.878414
8 1.072310e-007 326.647194 548.729283
2 6.505710e-007 456.312407 603.768887
5 1.036980e-007 459.399338 605.079211
4 4.676440e-008 384.448371 461.042725
8 2.477500e-008 547.721731 573.982445
2 3.958710e-008 687.813140 588.706336
11 2.293170e-008 722.324815 527.925383
11 5.490690e-008 785.093212 622.507735
2 1.571980e-007 438.791077 558.304148
8 1.036490e-007 476.132217 495.245945
5 2.205600e-008 480.951361 487.225497
2 6.593160e-008 476.145981 495.742032
8 1.386390e-007 473.149706 492.041960
4 1.015140e-007 414.923754 586.131005
5 1.223380e-007 422.187353 589.214221
2 3.303830e-007 555.586694 646.847457
8 3.834210e-008 385.793720 618.255834
7 1.087030e-008 403.333474 694.228714
5 1.383970e-007 402.960331 794.697983
3 6.006920e-008 260.018082 881.929206
5 3.593210e-008 219.600813 768.074578
7 1.001080e-007 140.771320 732.977538
3 6.903750e-008 79.477866 701.953906
4 2.062820e-007 236.375421 665.731443
2 4.778260e-008 395.390852 826.217240
5 4.385150e-008 385.499939 841.434455
3 3.356540e-007 141.614831 834.039049
7 4.767750e-008 244.148799 711.843716
4 6.330600e-008 281.747519 754.984719
5 2.609730e-008 282.570929 757.247022
2 2.462700e-007 376.241103 736.709640
3 1.455510e-007 227.360031 815.351543
7 2.299390e-007 132.293789 674.409268
4 5.113970e-008 113.789387 647.227784
3 4.266750e-008 347.712001 801.268574
2 3.267640e-008 320.889025 773.621759
5 1.167660e-007 317.788329 772.175871
4 6.324450e-008 209.396788 721.631720
7 7.798620e-008 165.247918 713.706120
3 2.845600e-007 140.785371 866.518317
3 4.416610e-007 191.568371 852.766799
5 1.103490e-008 189.629482 853.886219
7 2.250940e-007 250.583147 715.088269
4 9.622390e-008 284.583235 708.479313
2 2.109830e-007 412.391250 683.635918
5 1.851140e-007 385.374105 770.990291
3 2.324480e-007 265.211139 757.634547
7 6.228030e-007 213.047163 690.945109
4 3.513560e-008 196.187060 684.808553
3 6.614850e-007 126.598148 805.225932
7 1.109600e-007 206.358990 783.854063
4 1.006250e-008 215.158742 705.145707
3 1.409710e-007 268.198302 762.393866
5 3.972210e-008 325.848899 832.900468
7 1.570810e-007 213.545009 708.174120
4 1.269360e-007 207.256691 633.715192
3 4.195200e-008 207.358699 633.704471
7 1.199050e-007 93.805523 729.517547
3 5.684000e-008 22.657904 801.001515
7 5.849120e-007 184.728147 669.175550
3 6.029320e-008 187.924115 668.496227
4 2.118790e-007 265.626065 651.980185
5 2.829180e-007 340.547985 636.055057
2 6.424870e-008 314.442030 687.643199
3 1.339200e-007 75.983916 890.353868
3 1.048160e-006 188.118703 814.441715
3 1.390280e-007 241.855884 912.299002
3 4.093990e-007 241.247016 772.725286
5 4.206900e-008 238.590092 765.803802
7 1.253930e-007 232.570223 728.949746
3 6.123540e-008 227.991570 892.124123
5 1.663050e-006 410.439980 723.007838
2 3.718050e-007 423.625045 712.706631
4 3.497180e-008 231.206013 764.461967
7 1.209170e-007 163.916885 743.889666
3 1.717330e-006 160.823265 742.943854
5 1.822170e-007 370.489057 749.519913
2 1.625310e-007 397.381660 678.455045
4 6.679700e-008 398.020453 672.377491
8 1.309790e-007 427.104628 533.396238
5 1.674510e-007 454.220208 589.243431
2 3.024940e-007 466.232008 576.362407
8 2.576100e-008 576.861981 457.726784
8 3.150870e-008 458.823935 547.843576
5 7.814310e-008 424.263203 612.843253
2 3.438870e-007 423.371276 614.520733
4 8.214660e-009 422.868460 615.466399
3 8.068430e-008 297.229434 839.781387
7 6.416910e-008 281.405310 681.406894
5 6.700180e-008 303.641849 760.827892
4 6.839160e-008 304.323256 763.779414
2 1.018450e-007 363.632102 696.827348
3 2.570550e-007 256.666327 775.364521
7 8.290840e-008 247.272846 783.822474
3 5.205270e-007 252.653538 796.125242
5 6.603100e-009 226.627660 807.712594
7 9.746780e-008 178.870867 828.975076
3 5.700020e-008 199.878420 722.392539
4 3.796560e-008 203.134789 768.958856
7 2.143130e-008 205.456208 802.155322
3 2.441790e-007 192.485198 877.253887
3 2.079410e-007 313.319510 813.534103
5 2.695600e-008 321.190725 877.638983
7 2.178510e-008 322.430580 887.736626
3 1.605130e-007 273.020928 704.907576
4 8.833320e-008 229.076034 731.845770
5 2.809440e-008 218.274897 739.693206
7 2.502400e-008 209.628699 745.974997
3 2.224260e-007 267.664559 835.074459
3 4.068920e-007 77.844443 756.379969
7 7.666990e-009 75.908824 755.897369
4 9.665070e-008 216.967719 701.849345
3 1.251810e-007 260.164286 705.628596
7 1.363260e-007 262.231833 705.809485
5 3.391940e-007 335.229391 706.463368
2 5.541910e-008 269.824649 677.343236
