9 2.452670e-007 781.958000 531.419000
3 1.919270e-007 728.797994 577.630096
9 3.589480e-007 677.171599 539.012860
3 7.237120e-008 784.874885 407.811222
9 1.009060e-007 696.232721 400.472509
9 8.347110e-008 658.707003 553.315796
4 4.270280e-007 466.632693 498.567396
5 4.911210e-008 434.048178 345.269787
2 5.116630e-008 479.318791 277.477405
11 2.509920e-007 483.700155 273.668727
11 3.628180e-006 561.293018 185.384951
2 1.390030e-008 565.262702 261.129914
9 6.825350e-008 653.852000 512.191883
3 1.175120e-007 741.975188 466.433263
9 5.095520e-007 734.829321 470.394312
3 2.914020e-008 779.627406 570.542436
9 6.911340e-007 773.700685 575.694434
3 5.239810e-007 804.997382 568.489583
9 8.997400e-007 801.110543 575.221784
3 3.362820e-007 785.066037 511.415863
9 3.276500e-007 792.930504 509.887156
4 1.331060e-007 453.064947 569.211429
4 3.320510e-008 599.061962 586.083976
9 6.384360e-007 746.843042 575.750392
3 4.437070e-007 778.008589 562.548653
4 6.628300e-007 424.766079 541.884197
5 7.047700e-008 460.282199 365.255794
2 3.137570e-008 513.249031 251.912241
11 1.432380e-007 515.831913 246.843068
9 5.552570e-008 604.913251 567.967606
4 1.083600e-007 457.612279 604.347887
8 1.031500e-007 327.751452 523.537871
4 8.382420e-008 445.713184 408.033420
2 2.622070e-008 501.575634 269.767939
5 2.490360e-008 504.530805 262.453577
11 1.326880e-007 511.064908 284.502904
2 2.524790e-007 485.184294 140.311916
11 5.475930e-007 506.734125 121.697704
