6 3.603730e-008 737.351651 570.194546
10 8.001610e-008 729.544463 576.981203
11 4.544090e-008 673.180004 625.977877
10 2.040640e-007 664.361969 492.195294
6 1.071250e-007 788.257739 405.442521
11 1.407020e-007 789.741812 404.403362
2 5.888870e-008 707.916117 293.565779
7 2.502010e-008 749.776600 280.267951
10 9.310060e-008 834.405711 338.954333
2 1.124830e-007 765.598142 310.097200
10 6.953860e-007 697.772470 418.640166
11 1.021340e-007 653.359643 576.478006
8 4.952220e-009 451.361826 426.723838
7 7.913210e-008 540.726197 224.096524
7 8.832440e-008 564.329388 243.321470
10 3.697020e-007 593.343339 395.426429
2 7.196560e-008 767.112925 242.559889
6 1.097280e-007 827.960412 418.770504
11 1.136710e-007 778.965304 445.929147
10 1.094210e-007 728.686742 473.799225
6 1.747800e-007 850.942684 508.549268
11 7.531800e-006 822.074446 533.643940
6 1.906200e-007 858.985010 480.159048
11 1.778540e-006 832.834782 520.273799
6 2.349940e-008 739.660576 525.313421
11 6.998450e-009 728.740906 522.364425
10 1.510800e-007 742.434707 519.702603
5 4.110790e-008 644.759514 835.131592
5 1.697720e-007 486.974010 616.437025
8 1.539490e-007 449.316751 578.488635
10 1.065640e-007 461.934453 473.982247
5 3.184530e-008 587.358139 586.829506
8 3.477400e-008 589.178389 586.775085
11 1.794880e-007 767.767537 557.989019
6 5.360280e-009 694.253863 525.258448
10 1.078510e-007 689.599238 523.186065
8 1.029740e-007 433.912762 539.261396
7 2.428690e-008 528.427556 222.122809
10 3.102060e-007 582.493568 425.129710
8 3.085090e-008 488.077362 635.423071
5 2.062390e-007 475.777897 642.524195
8 1.542650e-007 395.828707 462.240714
7 2.582180e-008 510.024976 296.389721
10 1.773630e-007 480.055436 404.682337
7 1.546950e-007 499.477584 131.327512
10 1.249380e-007 513.477994 383.280924
9 4.532660e-008 63.460335 137.097881
9 3.505750e-008 70.808686 247.316990
9 5.401540e-008 73.927946 166.946574
9 7.246240e-008 144.560842 304.720056
9 4.389360e-008 191.833085 293.478959
8 2.924010e-007 348.329300 501.097287
9 8.413410e-008 67.225367 404.451410
8 4.923190e-008 140.111097 499.167803
9 3.833580e-008 229.206104 479.537703
8 1.345710e-007 355.941267 629.732579
4 2.357830e-008 303.970864 780.329962
5 7.700200e-008 333.063580 690.790391
8 8.524500e-008 286.054560 716.120087
5 8.001790e-008 270.262372 666.024337
8 1.453580e-007 263.263317 663.750219
4 1.539610e-008 97.959516 793.891921
8 8.022040e-008 355.615287 678.590238
5 7.369200e-008 379.855617 743.006244
4 2.794540e-007 259.785253 972.352943
3 7.638470e-008 118.330268 931.221478
4 8.387810e-008 97.532292 916.826715
3 5.168250e-008 170.512160 855.589312
4 9.915640e-008 301.276872 912.173797
5 2.286070e-007 373.109992 784.616286
8 3.549860e-008 315.471976 741.691624
4 2.603200e-007 175.411595 918.407734
3 7.980420e-008 222.774395 943.297941
4 1.663430e-007 154.461642 899.824222
3 1.066530e-006 55.294590 979.653450
4 1.080470e-008 303.787791 865.472250
5 1.458500e-007 388.454547 799.409244
8 2.781460e-008 284.469549 714.395383
4 1.330760e-007 278.605730 890.047845
3 1.583110e-007 74.953224 909.091410
4 1.069180e-008 48.015229 892.248473
8 1.233170e-007 225.613143 622.981576
4 1.843450e-007 241.140986 918.523982
5 1.670760e-007 376.693534 838.391868
8 1.088770e-006 349.223548 581.593683
5 5.317490e-008 367.521345 657.745117
