10 2.307570e-008 711.469642 632.898915
9 4.013180e-008 768.711502 419.128947
7 8.703050e-008 662.263892 231.758964
9 5.251320e-007 660.081656 408.155762
7 4.703490e-007 780.692809 278.817456
9 1.119100e-007 643.157268 620.669816
10 9.278850e-008 592.081719 605.503582
7 6.726120e-008 740.332064 87.952639
9 2.571530e-007 591.812037 391.818904
7 2.205740e-007 766.521624 243.038711
9 1.821890e-007 697.476087 513.147317
9 3.604450e-008 806.328648 507.282805
10 3.105640e-008 637.575771 772.435842
8 5.456270e-008 676.962460 907.460429
10 1.865200e-007 576.441081 649.000477
9 2.789250e-008 508.679447 624.337182
11 6.766280e-008 399.441875 570.389553
10 1.009890e-007 416.866308 571.913939
9 1.406030e-008 565.687903 584.933674
10 8.994360e-008 472.852845 528.095373
9 1.266770e-007 471.211525 528.566020
9 1.408050e-007 556.136800 365.931326
10 1.315040e-007 538.880401 606.091821
9 1.139530e-007 470.257079 484.041243
11 1.056190e-007 308.973050 546.577019
9 4.412830e-008 490.104015 298.161409
