9 1.035610e-008 781.958000 531.419000
5 2.814370e-008 723.748932 582.019161
9 6.107870e-008 728.041159 626.203607
6 7.908440e-009 645.627914 609.968160
9 2.896590e-008 564.881990 587.157182
7 3.974320e-008 450.480404 422.577086
10 1.496520e-006 480.232244 276.683349
7 7.981290e-009 565.091862 257.870134
10 1.997610e-007 565.324147 262.302330
9 5.869160e-008 793.383433 679.263724
5 1.834720e-007 826.374764 603.582708
9 4.528560e-008 906.989074 677.113427
5 7.733820e-007 907.926284 622.295511
5 1.381870e-007 870.711105 516.149409
5 4.275880e-008 768.772133 658.388604
9 4.897210e-007 732.511361 689.909607
8 1.573760e-007 633.708282 775.797798
2 1.521920e-007 733.985696 961.258286
9 3.703080e-008 693.308527 871.233150
8 1.388890e-007 690.231317 858.891275
6 1.803500e-007 585.696514 652.369189
7 2.736560e-007 507.159866 418.133404
10 3.092680e-008 459.954312 476.427523
6 1.548110e-007 407.625894 571.105537
9 3.566730e-008 740.222716 576.213318
5 4.623820e-008 790.759429 568.225723
6 1.770320e-007 545.407145 507.290513
7 4.801940e-008 415.677045 544.158858
10 1.018130e-006 495.101128 287.529385
7 7.406430e-007 555.158909 343.380380
9 3.451730e-008 536.516710 607.456504
6 9.548240e-007 533.414796 609.247401
7 4.692950e-008 450.386620 464.931861
10 1.863280e-006 505.786892 259.344629
7 1.416590e-007 514.866911 241.044576
10 2.541680e-008 492.931151 132.004433
7 1.044100e-007 405.872917 255.545786
10 1.249780e-007 441.102282 341.494614
4 4.109510e-008 255.807946 313.380099
7 4.528420e-008 309.409493 259.637990
10 4.072590e-008 306.282700 256.618482
4 1.446870e-008 83.188205 177.109188
4 1.662990e-008 88.779842 159.029377
4 1.324320e-008 214.812166 196.220413
4 4.722380e-008 145.956990 286.206979
4 4.964500e-008 176.514510 292.138745
10 2.688820e-008 339.425347 373.766318
7 5.444260e-008 343.867094 437.285519
11 6.208450e-007 167.365860 594.773815
4 9.043520e-008 115.846651 399.402625
11 1.657230e-007 192.686274 543.789977
4 1.200030e-007 152.738465 451.705724
11 2.517330e-008 369.543870 600.888824
6 5.988800e-008 354.873599 630.058999
3 1.086800e-007 220.205672 725.622415
11 6.675820e-008 195.590895 792.028049
3 2.042350e-007 152.152517 784.260861
11 8.748340e-008 304.493357 726.741762
3 3.203800e-008 339.961550 688.670840
3 1.033440e-007 284.253556 808.393329
11 6.301450e-008 96.489098 794.284142
3 4.003390e-008 189.465695 663.990681
11 4.845920e-008 348.267028 677.028336
3 5.856030e-008 284.243003 958.232304
11 1.976580e-007 154.412655 741.054474
3 2.615050e-007 120.183833 842.951976
3 1.187570e-007 219.159596 919.357839
6 3.980180e-008 299.124480 746.689558
11 5.915050e-008 185.429154 847.128360
3 4.764650e-006 184.211442 855.792917
3 6.772930e-008 168.967235 947.269042
11 3.773860e-008 92.474020 887.631448
3 3.356910e-007 256.359876 869.621754
8 2.176550e-008 390.687643 802.166905
11 5.681350e-008 267.933814 759.826764
3 9.487600e-008 228.262334 876.558379
3 1.668060e-008 35.610923 898.549551
3 1.609420e-006 180.352101 824.465616
11 3.103440e-008 181.725953 824.732670
3 5.344640e-008 155.788746 705.663709
11 3.462290e-007 156.914511 706.423047
3 1.241780e-007 234.512493 896.843078
11 3.392160e-008 279.053632 856.518599
6 6.714740e-008 382.038046 655.296735
4 7.313520e-008 143.604292 450.819757
11 3.566850e-007 179.721272 603.299108
6 1.338900e-007 442.453810 591.750435
9 3.193320e-008 589.035695 587.365405
7 1.186170e-007 596.969476 302.878437
10 4.115140e-008 594.029088 245.600411
6 5.004840e-008 602.229148 499.697726
9 1.396740e-007 753.928012 649.847569
5 3.680560e-008 860.262552 669.664190
9 1.824140e-007 762.194154 690.974192
5 2.880130e-008 733.710978 722.608095
5 2.957330e-008 809.113480 789.426416
9 1.416970e-007 764.334992 828.351530
2 4.611980e-008 776.309356 812.709285
5 1.016050e-008 754.973205 499.653401
6 9.234740e-008 610.320165 629.728438
9 1.171340e-007 606.514023 635.589365
8 4.015570e-008 539.072514 628.561529
6 1.220060e-007 605.191543 555.507135
9 5.579750e-008 598.998849 552.749975
8 5.329370e-008 590.693794 663.829545
6 1.419730e-007 507.297867 506.026859
8 1.209510e-007 584.228072 736.958176
9 2.412140e-007 652.178005 764.411576
5 2.445820e-008 868.808448 755.627077
8 6.200760e-008 645.590621 716.714175
9 6.563030e-008 566.043218 753.807577
6 2.843460e-008 509.102042 760.885260
11 2.635300e-008 198.016107 485.593733
4 3.252700e-008 147.502848 461.432826
6 1.304320e-006 461.766778 613.675912
6 2.789540e-007 416.026553 536.614818
3 9.020660e-008 322.994653 847.217028
11 2.699470e-008 198.970889 763.084159
3 1.921850e-007 192.295699 772.175799
11 7.012600e-007 205.732674 658.956959
3 7.083720e-007 186.141973 788.542924
11 6.689340e-008 88.751901 777.854924
3 3.952410e-008 90.406188 736.628221
6 1.119750e-007 385.259599 578.592548
9 8.270120e-008 650.146091 623.541575
5 2.256580e-008 793.334555 703.573611
2 4.183770e-008 747.052220 755.087634
8 5.322510e-008 656.426534 657.347062
9 2.372420e-007 662.099333 651.046811
6 3.040470e-008 664.543088 648.332759
5 9.475520e-008 817.726378 590.952838
2 4.437950e-007 863.427792 893.511198
8 1.962190e-007 672.922733 842.341841
9 3.899050e-007 696.732583 794.721044
2 8.898140e-008 836.068231 851.016344
9 1.629930e-008 888.840403 806.945001
5 9.619870e-008 820.622999 639.585336
8 4.853840e-008 738.730476 807.285080
9 1.078330e-007 635.070425 824.223481
8 2.405650e-007 642.593409 822.066277
6 6.557880e-008 473.490954 787.374950
8 1.581940e-006 575.081959 807.756235
9 9.135340e-008 599.654441 744.314684
6 1.197950e-007 576.968227 603.653563
8 3.059090e-008 495.398423 677.618716
6 1.091890e-007 656.424940 602.577247
9 1.225040e-007 692.720234 560.824280
5 1.617820e-007 804.287626 615.030429
8 6.156870e-008 649.513126 783.392737
9 2.865360e-007 657.796296 782.668045
2 4.428380e-008 791.860909 770.938766
9 2.843480e-008 873.094260 857.165493
2 9.225870e-008 751.432218 807.536273
8 2.195710e-007 671.889612 761.611934
6 5.487150e-009 629.211510 637.664788
9 1.172370e-005 687.585880 748.041545
5 1.043840e-008 909.443853 826.840157
2 8.551770e-008 919.818338 939.328713
9 6.255660e-008 763.215954 906.047642
2 5.554120e-008 758.030539 883.684789
8 4.034220e-008 750.893304 742.480849
9 1.187940e-007 756.119998 669.075702
5 1.069760e-008 696.601130 696.829944
6 7.887470e-008 557.777715 717.438465
7 1.057100e-007 493.221334 421.334733
10 6.720670e-008 472.293184 350.194065
10 1.252630e-007 483.851515 107.850007
7 1.098050e-007 511.086470 278.162894
10 1.170780e-006 512.412918 287.600936
4 1.678090e-007 132.279607 310.663327
7 1.046630e-006 445.054930 334.024761
10 2.300840e-007 455.002284 335.246126
10 4.030830e-007 531.604932 219.459825
7 1.662260e-007 496.509626 262.761763
6 6.861070e-008 455.108153 451.684273
7 7.984200e-006 506.709784 340.209929
10 1.147810e-007 497.328929 339.223956
10 3.468970e-008 668.654874 118.087060
7 3.569610e-008 418.290604 293.404300
10 3.018950e-007 522.449378 233.352763
7 1.702060e-007 547.038122 273.051797
10 7.308350e-008 544.367566 349.519002
4 9.304860e-008 140.891694 323.199549
4 2.122520e-008 183.085685 314.831556
4 1.895630e-008 123.993388 229.666362
4 3.667710e-008 201.547832 205.093336
4 8.322640e-008 124.376874 297.888965
7 1.944830e-008 324.939642 305.314172
10 5.982960e-008 352.495621 220.505639
10 3.925840e-008 601.417843 117.227591
10 7.663560e-008 593.313008 159.888589
7 1.118850e-007 319.964389 345.356989
10 3.463800e-008 303.238873 335.307258
4 1.065200e-008 203.610052 278.624067
10 2.234950e-007 403.485987 166.667748
7 3.889430e-007 541.643635 282.332929
10 3.626440e-008 374.985671 347.475536
7 7.427470e-008 533.921392 523.761127
6 4.814160e-007 535.506528 593.657153
9 9.003130e-008 593.452659 752.863127
8 4.746300e-007 647.172671 818.542528
2 1.647750e-007 768.253874 907.284656
9 4.081300e-008 708.575414 543.268672
5 1.745740e-008 815.478501 613.376514
9 3.256460e-008 810.903068 621.878373
8 2.431570e-007 669.051870 782.482586
6 4.310970e-008 500.927610 743.668445
9 1.215220e-007 636.095015 612.993168
6 5.858130e-008 548.187410 490.535513
7 2.713690e-008 465.954693 497.824709
9 3.640120e-008 687.639261 583.341308
5 2.783470e-008 757.966896 574.392727
6 4.183060e-007 502.897940 554.483548
7 4.348950e-008 635.662960 308.433894
10 7.856570e-008 674.003308 268.916686
6 1.219730e-007 572.023612 574.064464
11 9.130000e-008 250.197059 576.091325
4 4.017450e-007 78.491665 448.606939
11 3.060810e-008 285.485827 514.934575
4 5.133480e-008 178.775506 520.485403
11 2.535240e-007 191.871461 593.976938
4 4.122620e-008 163.059003 425.223108
11 1.423700e-007 126.669858 536.373289
4 3.901880e-008 40.075108 519.254238
11 7.456070e-008 68.946700 544.150387
4 3.544570e-008 182.695153 470.155539
11 1.308090e-007 78.410390 551.940008
6 1.028320e-007 420.949760 588.758337
7 6.731050e-008 385.273219 473.528975
6 4.368270e-008 649.607013 584.690795
9 2.767700e-008 727.409943 542.693708
9 2.836020e-008 780.244098 638.368496
5 6.576690e-008 805.584099 555.484974
6 1.980520e-007 539.972483 534.944319
7 7.125280e-008 512.820998 434.185219
10 6.493100e-008 538.131966 376.298768
6 5.630090e-008 456.968603 495.540689
7 9.383440e-009 438.770331 449.587183
6 2.884570e-006 487.341187 616.870384
9 1.868580e-008 515.114894 631.311902
8 3.155700e-008 380.623682 805.113778
3 4.905520e-007 242.882832 875.351673
11 2.714800e-007 104.828090 716.974631
3 1.055650e-008 86.357471 708.751007
3 2.976490e-008 265.468774 981.499827
11 1.549670e-007 214.708418 746.929427
3 1.208990e-008 326.901725 879.045103
6 2.726680e-008 325.589570 763.641557
11 6.247940e-009 194.156804 766.125464
3 2.377370e-008 143.650254 691.246013
3 2.277460e-008 260.190324 745.317297
11 1.300010e-007 191.718829 713.388297
3 1.586460e-007 254.847477 928.654973
3 1.874410e-007 132.858290 861.970951
11 8.190300e-008 211.194924 731.596451
6 1.693640e-008 414.168022 703.156463
8 2.103670e-008 353.082086 847.065084
3 5.831010e-008 261.140172 751.365743
11 1.921940e-008 207.067109 688.768554
3 2.264730e-007 118.833532 807.306456
11 1.067900e-007 197.965861 786.102997
3 1.058890e-007 263.055448 756.264887
11 1.682690e-007 219.419779 714.698727
11 9.455690e-008 100.672732 724.342722
3 5.763770e-008 63.165354 771.130273
3 4.427340e-008 58.405409 934.413314
11 6.270030e-007 184.020219 686.386641
6 1.262910e-007 374.816173 635.160974
3 1.687000e-006 185.890235 798.131063
11 5.800600e-008 96.563327 883.591694
3 4.706620e-008 151.191717 962.545983
11 1.456870e-007 226.631862 836.067096
3 4.698530e-009 116.184951 982.937104
3 1.459250e-007 236.614871 911.613068
11 8.719560e-008 255.472026 760.471374
3 1.015910e-007 236.958292 936.330840
6 3.883680e-008 426.017167 710.837718
3 5.737880e-008 214.062637 759.220724
11 7.664340e-008 142.449013 737.326295
6 8.371370e-008 397.705657 675.372497
7 2.115630e-008 593.800945 504.003133
6 2.939260e-007 468.411247 574.025469
9 3.560920e-007 724.637525 668.964308
6 1.029530e-007 529.210183 514.663027
3 1.244140e-007 298.847112 836.979482
11 1.160480e-007 280.912665 690.807284
6 6.150760e-008 306.356861 730.622832
3 3.599420e-007 247.225511 783.865095
11 7.360520e-008 242.244918 788.349654
3 6.574840e-008 241.050274 985.506389
11 8.141930e-008 187.139612 825.293630
3 6.414070e-008 52.971202 768.635331
11 8.435310e-008 204.831111 793.216391
3 1.262970e-007 152.656021 913.317825
3 1.501570e-008 43.610066 865.567838
3 3.623260e-008 312.936811 810.417321
11 8.022780e-008 269.537989 710.940213
3 6.081510e-008 271.450838 707.627057
3 1.397750e-007 268.727946 847.228781
11 1.011270e-007 104.775783 763.094647
3 5.648380e-008 80.891329 757.139636
11 3.895060e-007 215.236045 701.697841
3 7.309860e-008 240.748889 703.929950
11 3.734680e-008 54.539580 813.824251
3 3.399880e-008 70.362227 832.680996
11 9.994200e-008 225.456074 740.288887
3 9.589550e-008 211.002404 776.062947
3 1.298240e-008 33.352091 894.443905
11 7.982940e-008 244.962158 746.649989
3 1.883190e-007 245.106116 825.240530
3 2.752210e-008 402.249786 881.834743
8 7.527700e-008 423.588494 855.228423
11 1.538670e-007 151.605953 752.052051
3 3.250270e-006 177.908377 843.780038
3 2.746970e-008 229.873413 927.192204
11 9.492090e-008 169.481018 746.940909
3 6.091710e-008 104.219230 799.300637
3 7.263550e-008 304.844192 800.852223
11 1.039140e-007 274.841527 639.053139
3 7.556220e-008 215.587553 709.669722
3 1.089040e-006 222.903004 834.745487
11 1.121700e-007 261.490145 719.452494
3 7.680300e-008 292.685264 879.512816
3 1.555700e-007 269.419486 791.270637
3 2.633470e-008 415.225267 838.532415
8 2.259380e-008 395.813813 852.234254
3 3.815710e-008 278.929221 957.317534
11 2.613460e-007 112.119220 711.235985
3 8.398040e-008 110.772208 792.805088
6 4.352660e-007 442.455681 618.081046
7 1.384980e-007 423.260344 389.932440
10 8.802700e-008 368.047235 326.416930
4 2.279370e-008 161.062824 207.250189
4 1.075020e-008 186.668957 225.515876
10 1.521520e-007 384.459511 338.879647
7 2.798820e-007 384.599737 338.219945
10 3.136170e-008 442.109355 45.977449
10 3.097490e-008 608.502214 110.604700
7 6.558520e-008 515.997342 256.137861
10 2.589410e-007 388.873071 278.553231
7 5.904880e-008 451.889825 194.415066
10 1.926710e-007 572.074752 278.569305
7 3.912040e-006 471.741412 345.909265
10 1.924090e-007 410.022130 274.470697
10 8.089160e-008 335.226009 262.147847
7 5.510260e-008 319.373265 336.729307
10 1.106600e-007 412.808871 304.849270
7 1.876490e-007 422.773976 299.550720
6 8.125870e-008 492.304451 511.792076
9 5.177340e-008 798.720676 564.206739
5 5.071460e-008 828.676388 518.078995
9 1.291290e-006 680.806922 742.844544
8 1.652880e-007 540.572889 803.200602
6 1.390720e-007 563.649682 701.081507
9 4.721350e-008 780.445656 593.234226
5 1.117400e-007 787.439430 581.532036
6 1.212850e-007 605.320000 598.880380
8 9.853600e-008 647.818239 734.206589
9 5.991200e-007 737.252497 792.285684
2 3.724100e-008 709.124546 812.987457
8 6.796400e-008 764.874863 871.190000
9 2.153820e-007 694.270925 823.567019
2 5.130970e-008 681.082837 960.235604
8 5.129410e-008 738.361433 772.885581
9 1.377840e-007 777.970355 700.168381
5 1.298880e-007 827.490414 598.440338
6 4.814650e-007 509.268913 675.786857
8 8.133670e-008 495.197389 674.307910
9 5.244390e-008 562.650502 657.386177
6 2.995230e-008 603.804677 560.431887
8 3.529710e-008 645.141962 656.156753
9 2.607160e-007 728.808481 645.884138
5 3.613680e-008 846.057852 747.070370
9 1.515560e-008 893.097153 657.393574
5 8.231410e-008 809.399306 704.353324
8 7.910550e-008 724.947533 829.821809
2 1.300880e-007 728.724045 945.608657
9 2.664230e-008 858.409787 858.826825
8 2.673030e-008 635.015559 930.548811
8 2.494360e-007 537.418123 851.512108
9 4.388750e-007 657.613841 733.095485
5 1.155630e-007 806.687986 676.436347
2 2.794600e-008 794.273208 829.828272
8 6.275760e-008 630.845502 731.630923
9 5.089710e-007 628.358209 730.136406
2 5.754820e-008 740.637051 831.475445
9 2.263250e-007 787.224951 735.956059
8 3.527420e-007 653.205807 819.032222
9 4.960080e-008 816.993712 620.073516
5 1.307380e-007 849.825471 617.777668
9 7.551150e-007 741.663042 759.311216
8 1.251220e-007 721.885701 825.915054
2 1.274750e-007 793.002716 849.022486
9 1.590490e-006 701.198000 707.499843
5 1.898710e-007 854.281871 637.947495
9 2.262560e-008 648.452634 532.837905
6 1.715690e-008 544.200452 416.567812
7 2.019400e-006 492.936520 357.595394
10 1.990190e-007 433.663438 289.409501
10 1.372050e-007 567.049089 187.249540
7 9.847820e-008 428.738072 281.317924
10 1.092260e-007 468.223441 362.274637
7 7.223030e-008 602.163991 226.112504
10 4.648410e-007 520.662172 204.157815
7 8.610110e-008 545.415142 490.592907
6 1.676260e-007 565.834763 566.107051
9 5.308980e-007 663.665618 711.146708
8 3.493620e-008 607.404467 676.422596
6 2.961730e-008 709.127589 609.761599
9 7.053710e-008 544.840254 669.557191
8 1.539290e-007 483.077026 792.161331
8 2.133960e-007 549.855272 890.904728
9 3.116380e-007 693.286576 805.869731
2 3.407210e-008 684.381844 856.852530
8 5.662940e-008 686.954056 820.068408
9 1.063790e-007 685.069966 662.164750
6 8.517510e-008 638.657307 541.255139
7 1.819350e-007 607.500705 305.174125
10 4.482180e-008 606.849551 295.862585
4 2.294760e-007 97.472546 298.148590
4 9.878730e-008 106.636744 291.542515
4 5.542410e-008 68.075636 199.248200
7 7.193510e-008 372.504799 379.292342
10 3.839230e-008 380.098698 386.129906
7 4.427900e-008 303.661535 284.426320
10 5.963120e-008 295.091508 278.860897
4 1.675180e-008 207.858934 275.562077
7 1.426910e-007 418.289600 421.601561
6 2.342060e-007 445.777253 577.493702
6 5.536390e-008 482.136245 728.168126
8 3.725900e-008 471.228000 768.221964
9 1.778330e-007 642.465558 693.199198
6 2.999690e-007 570.102255 618.264687
7 6.085680e-008 511.245497 412.640247
10 1.491970e-007 494.428765 336.765360
7 8.532080e-008 591.635792 283.096801
10 1.604390e-007 594.219998 286.928040
6 2.029120e-007 555.621345 549.461706
9 4.927180e-008 709.660807 592.713584
5 3.531920e-008 683.688410 642.384022
8 2.534550e-008 622.897379 716.736852
9 3.172180e-008 652.544949 876.682792
2 1.014090e-007 759.244128 941.646641
5 3.981700e-008 784.765387 775.975120
9 2.011260e-007 764.581356 783.321529
8 8.393520e-008 701.332037 806.342470
6 3.826500e-007 553.634663 647.063951
11 2.095150e-007 185.219397 562.431090
6 6.911160e-007 456.052245 623.076529
7 1.493110e-007 571.215121 431.078154
10 1.409950e-006 512.751114 274.060924
7 1.781660e-007 440.008488 285.389822
10 9.446900e-008 546.256686 149.398637
7 6.547610e-008 391.124557 267.574520
10 9.605020e-008 390.135195 272.229091
6 1.037240e-007 462.234481 511.983968
9 4.297670e-008 847.083438 647.725994
5 1.027890e-007 847.235000 647.836109
9 7.919850e-008 660.005782 559.030867
6 2.422360e-007 493.778207 572.451968
3 4.924120e-008 336.272979 788.122061
8 5.549650e-008 397.269003 879.592701
3 1.168770e-008 312.511163 969.215874
11 4.193710e-007 213.782333 631.735769
3 6.287840e-008 281.944566 826.448241
11 5.062260e-008 157.377086 729.867430
3 3.381600e-008 325.170949 766.271745
3 7.222620e-008 209.465792 699.522906
11 4.001690e-007 163.942906 659.950472
6 2.100120e-007 413.155131 598.304886
11 2.044550e-008 328.941519 585.540734
6 2.543320e-007 411.434776 571.685997
8 9.886160e-008 543.632503 707.199768
6 4.443450e-008 543.949585 701.149483
9 1.311250e-007 547.174049 639.623091
9 4.569560e-008 764.883324 535.369815
5 1.009150e-008 814.312496 462.994995
2 9.123940e-008 748.545471 814.347568
9 6.062220e-008 739.877772 809.542994
8 1.590350e-007 672.875972 772.403365
8 1.105580e-007 603.099032 931.609983
2 4.889210e-008 715.784223 836.657854
9 1.564790e-007 718.407703 827.508799
9 2.705000e-007 750.060831 701.623369
5 5.871940e-008 745.158472 700.124573
8 6.724460e-008 746.505105 770.349472
9 6.728060e-008 746.150519 565.038776
5 4.370130e-008 750.297792 562.025611
6 1.614300e-006 511.716402 606.622899
8 2.211910e-007 573.287106 749.151657
9 1.646960e-007 626.491504 801.530026
2 4.497140e-008 794.540576 827.561139
9 6.134930e-008 787.528581 851.976100
8 1.475200e-008 788.096678 854.254595
2 2.080200e-008 576.409907 882.968661
6 7.459080e-008 556.016532 688.934580
9 6.565720e-007 686.225227 794.986935
8 1.092530e-007 687.908850 796.450494
9 2.653960e-008 689.085452 566.840258
5 2.442360e-008 772.323486 493.469422
9 8.564600e-008 618.887846 676.988055
6 1.170100e-007 605.318206 697.105919
8 1.665100e-007 611.661462 742.150444
9 7.522020e-008 708.620094 597.941594
6 1.480990e-008 715.779279 592.740137
5 6.133440e-008 776.539070 610.848914
9 2.284330e-007 783.565171 744.262068
2 6.102180e-008 784.817310 898.407876
8 2.756210e-008 792.595340 972.409042
9 2.664220e-008 574.580322 652.180479
6 1.456810e-007 576.094072 648.934224
8 2.799970e-008 580.118830 640.303081
6 6.856820e-008 541.350728 451.952786
7 2.325130e-007 540.471878 401.603447
10 2.204050e-008 540.112000 450.979656
8 1.061780e-006 575.234969 805.663513
9 4.297680e-008 577.952383 806.761422
2 8.118500e-008 785.353919 852.354410
5 1.141160e-007 872.815844 717.675976
2 3.774390e-009 845.220911 700.778316
9 6.334350e-008 839.863319 686.058405
5 6.239070e-008 787.523448 542.255314
9 6.617130e-008 617.469404 619.687243
6 1.678510e-007 572.023995 639.920816
8 2.991020e-008 502.562898 670.846849
7 6.980410e-008 664.763977 418.294533
5 7.777310e-008 816.528957 628.223559
9 1.304220e-008 848.116499 655.682114
5 1.024470e-007 815.944576 524.881424
9 2.109690e-007 756.884779 687.634435
2 3.644420e-008 831.117646 742.137437
5 3.453510e-008 795.682334 586.755917
6 1.846340e-007 576.730385 549.251132
9 2.223500e-008 571.113290 544.862569
7 1.755440e-007 452.619693 445.108624
10 6.446430e-008 578.515464 350.239647
7 1.289410e-007 600.967963 343.124324
6 1.556340e-007 570.484922 580.465358
8 6.374740e-008 560.678001 720.709875
9 3.147560e-008 559.376906 739.316276
2 3.291510e-007 730.422989 937.299499
9 1.220690e-007 807.582653 739.548494
5 6.184070e-008 779.382713 622.068252
5 2.672860e-007 834.992677 570.415417
9 2.206000e-007 784.529311 682.555196
6 6.828470e-008 634.563547 743.422567
8 9.055860e-007 618.091782 828.161408
9 3.682270e-008 560.873699 856.280150
8 1.268160e-007 702.682794 823.541039
2 7.417730e-009 686.114271 844.333206
9 3.119180e-006 681.512509 728.378065
6 1.208070e-007 600.196737 578.954738
5 5.962950e-008 842.178982 464.732284
9 4.902760e-008 777.040850 642.814354
5 2.820460e-007 857.277143 625.434355
9 1.448900e-007 810.529867 798.274029
2 7.313600e-008 896.923389 868.510924
8 1.315720e-008 646.584007 879.119861
9 6.201890e-008 570.009503 810.695808
6 2.574600e-007 455.345473 699.965828
7 3.329370e-007 480.291964 428.219090
10 7.680230e-008 414.615523 288.264970
7 8.516440e-008 397.379682 429.740469
6 4.101910e-008 355.698488 511.544603
9 5.734890e-008 608.028666 634.301626
6 2.731320e-008 703.846247 627.601363
5 1.140740e-008 719.208580 699.264137
8 3.158470e-008 674.792310 776.195514
9 8.586430e-008 780.315682 608.427463
5 3.147760e-008 833.177469 499.795042
5 2.432940e-007 868.245272 565.781465
9 2.666770e-007 821.616150 744.717687
5 1.349170e-007 838.912560 587.030657
9 1.359740e-007 661.509102 637.924306
6 4.025090e-007 549.823362 583.451568
7 5.355980e-008 471.483532 460.500041
10 1.008320e-008 449.025021 394.834670
6 5.148710e-007 533.404087 607.489256
9 1.278960e-007 588.547756 751.733472
8 1.917440e-007 580.857445 785.043970
2 4.035380e-008 740.109920 767.114719
9 8.217900e-008 598.978350 618.740393
8 1.103130e-008 550.591008 605.774939
6 9.145160e-007 528.968778 599.981233
2 3.215010e-008 697.220196 836.084194
8 5.540370e-008 700.409440 819.677346
9 1.255520e-006 709.596285 772.416250
5 1.609830e-008 902.680716 748.451225
9 2.449740e-008 698.042372 847.377802
8 1.117930e-007 697.469369 880.205590
2 5.243640e-006 817.083261 959.906073
9 8.349190e-008 803.709697 767.510995
8 1.727440e-008 838.550365 730.148844
5 1.675270e-007 899.697730 664.576134
2 4.853340e-008 765.590976 796.369213
9 5.754950e-008 764.429563 606.540899
6 1.162990e-007 628.222739 597.290739
2 2.017420e-007 766.957753 904.596288
9 1.002420e-007 775.475300 914.464618
8 3.958820e-007 618.196411 903.882703
9 4.141980e-008 639.079463 887.270290
8 7.341860e-008 475.626238 774.994712
6 3.012220e-006 465.103750 624.522446
9 5.251750e-008 654.846471 620.889107
8 3.217820e-007 601.202921 768.273057
2 5.480900e-008 758.340399 855.093080
9 1.323010e-007 760.444242 839.915011
8 6.550300e-007 626.736350 780.384816
6 6.025950e-008 573.806622 726.388310
5 8.687460e-007 888.258465 624.085850
2 1.288020e-007 789.410964 849.043786
8 1.148090e-007 720.241970 851.459356
9 1.040840e-007 701.788003 852.103819
6 1.162520e-007 555.515879 708.917416
8 5.228400e-008 573.025609 928.224434
2 8.864620e-007 810.809523 959.764688
9 4.000110e-008 728.733446 885.151614
8 1.422350e-007 601.463306 915.209583
6 3.061660e-008 529.758765 850.418321
8 4.823830e-007 612.807000 882.773679
9 7.596420e-008 633.365721 720.937909
5 9.914550e-008 789.047399 638.596033
9 4.158690e-007 676.023945 799.359464
8 7.115000e-008 655.066433 747.488179
6 1.323340e-007 593.229883 598.590150
7 8.526950e-008 501.590613 485.525208
6 2.594560e-008 614.507016 465.190746
9 6.924050e-008 605.195371 652.700016
8 2.111900e-007 617.217215 755.061016
6 3.366100e-007 552.683231 636.583892
6 6.027050e-008 400.437153 543.449151
7 5.111100e-007 493.183612 405.947358
10 1.446690e-007 477.815635 336.489527
7 5.361580e-008 414.706922 235.529124
10 2.735510e-007 389.548235 245.572822
6 5.980590e-008 449.683165 521.108239
11 9.221100e-008 213.484930 732.424311
3 6.171430e-008 209.678588 733.588029
3 1.813530e-008 374.044201 924.499873
3 1.488560e-007 242.268982 858.122996
11 1.154160e-007 205.032614 742.238701
3 9.765530e-008 291.168406 825.752277
11 6.422800e-008 135.518859 766.726935
3 1.195150e-006 187.084268 808.762183
11 1.603840e-007 201.206007 743.157898
3 1.868370e-007 230.133696 735.945514
6 7.736440e-008 366.954862 613.544330
7 6.943920e-007 478.964046 386.824998
10 1.217210e-007 403.333156 349.937487
6 5.115260e-008 480.146305 459.319897
7 1.509160e-007 437.007000 391.465873
10 5.537600e-008 403.831906 359.338000
7 4.389160e-008 368.323639 367.899507
10 2.999720e-008 302.981207 183.588753
4 4.077420e-008 255.318939 324.274947
7 1.119270e-007 405.462588 267.515414
10 4.201060e-007 404.214011 263.161095
10 1.078650e-007 461.132097 113.367697
7 1.739350e-007 458.846309 253.104390
10 9.060010e-008 592.393178 356.686385
7 6.273620e-008 590.502731 263.719845
10 4.876330e-008 542.984333 167.433492
7 2.676060e-006 469.632434 343.523353
6 1.187820e-006 468.207193 590.341492
9 2.804060e-008 567.110874 718.654874
8 1.039610e-007 561.523217 713.067217
11 4.669020e-008 194.387915 542.086687
6 5.415120e-008 356.255361 551.515936
3 6.439550e-009 341.665232 878.299683
6 4.604740e-008 348.620625 765.267539
3 2.779520e-008 326.800764 791.197245
6 6.807270e-008 347.614142 540.573384
11 2.384330e-008 310.598680 566.556678
6 8.978680e-009 433.306490 788.030810
8 3.311060e-008 375.387604 789.162150
3 6.690240e-008 252.353822 763.318415
11 1.878610e-008 328.668791 703.694863
6 1.870570e-007 482.956961 490.968742
7 7.969920e-008 445.412954 521.963507
10 2.621470e-007 520.097497 365.272314
7 3.631310e-008 484.956789 231.720268
10 6.656910e-008 510.965803 367.468113
6 2.576210e-007 537.088028 572.539637
7 5.426620e-009 538.119838 575.536217
9 8.247160e-008 582.994368 705.860702
8 7.344280e-008 583.614401 678.935240
6 1.448650e-007 567.754175 723.138255
9 2.210650e-007 682.683576 656.783840
6 1.358070e-007 397.049535 498.534330
7 1.113870e-007 558.871860 412.244626
6 6.442390e-008 564.878354 408.193192
10 4.449780e-008 501.830890 360.657116
7 7.744110e-008 392.744392 247.839543
10 6.568780e-007 422.622237 263.167872
7 2.210600e-006 445.474942 329.403665
10 5.414700e-008 317.260878 312.540871
4 4.405720e-008 194.692615 333.353234
7 6.606570e-008 448.222221 302.597877
10 3.174910e-007 567.061000 272.967804
7 5.852780e-007 543.253701 339.928013
6 7.071630e-008 596.249951 557.139463
9 1.644050e-007 638.959311 679.084950
8 2.183050e-006 582.219144 807.209576
6 2.754290e-007 562.880366 653.938229
9 3.923570e-008 567.624266 658.682096
8 8.294830e-008 669.005384 760.062503
5 1.119170e-007 816.189384 609.310993
10 2.474390e-008 734.202233 197.334744
