10 2.307570e-008 711.469642 632.898915
9 4.013180e-008 768.711502 419.128947
7 8.703050e-008 662.263892 231.758964
9 5.251320e-007 660.081656 408.155762
7 4.703490e-007 780.692809 278.817456
9 1.119100e-007 643.157268 620.669816
10 9.278850e-008 592.081719 605.503582
7 6.726120e-008 740.332064 87.952639
9 2.571530e-007 591.812037 391.818904
7 2.205740e-007 766.521624 243.038711
9 1.821890e-007 697.476087 513.147317
9 3.604450e-008 806.328648 507.282805
10 3.105640e-008 637.575771 772.435842
8 5.456270e-008 676.962460 907.460429
10 1.865200e-007 576.441081 649.000477
9 2.789250e-008 508.679447 624.337182
11 6.766280e-008 399.441875 570.389553
10 1.009890e-007 416.866308 571.913939
9 1.406030e-008 565.687903 584.933674
10 8.994360e-008 472.852845 528.095373
9 1.266770e-007 471.211525 528.566020
9 1.408050e-007 556.136800 365.931326
10 1.315040e-007 538.880401 606.091821
9 1.139530e-007 470.257079 484.041243
11 1.056190e-007 308.973050 546.577019
9 4.412830e-008 490.104015 298.161409
9 2.057680e-007 521.006101 387.627296
6 5.715480e-007 177.354664 312.010848
5 5.981170e-008 214.675734 177.359508
6 9.713950e-009 32.749452 190.080622
5 6.758860e-008 43.007654 182.209237
6 3.887110e-008 204.737642 197.394884
5 2.358150e-008 71.198950 230.816636
4 1.952900e-008 82.912492 178.672833
6 4.671240e-008 88.288386 148.184602
5 1.446140e-007 112.061268 125.218102
6 1.074460e-007 170.745405 195.155359
5 3.170550e-007 171.015177 148.904152
6 2.174060e-007 92.748831 194.091230
5 3.455110e-008 166.020264 268.557780
6 3.990260e-008 216.040890 194.398744
4 9.073070e-008 161.615521 324.963091
6 3.645640e-007 145.142341 284.190658
5 2.080500e-007 143.967995 116.827323
5 6.065420e-007 202.190362 114.974640
6 5.831300e-007 132.488021 268.622375
4 7.718080e-008 202.113549 294.378392
11 9.965150e-008 213.118892 581.901502
6 8.879230e-008 257.578586 425.108299
4 8.259140e-007 91.686495 395.575992
11 7.118630e-008 141.669303 500.522328
6 1.754930e-007 67.696444 436.218877
4 3.972290e-007 160.988312 454.708427
10 1.575720e-007 374.803439 623.965826
11 9.694770e-008 357.798366 629.164806
3 1.031030e-007 281.277380 850.174415
11 1.558220e-007 339.164384 672.013753
10 1.613750e-008 277.828952 723.022186
3 3.379970e-008 207.976897 794.323258
11 1.093250e-007 287.793793 738.434913
10 1.693270e-008 268.220882 665.361020
2 5.232440e-008 149.753510 824.907372
3 5.046670e-008 167.095218 822.778141
11 1.127390e-007 255.938889 804.939045
11 2.797440e-007 174.233825 640.535718
10 1.838440e-007 374.744125 714.017387
8 6.988270e-008 398.885825 850.932457
3 1.572680e-007 262.980691 970.508062
2 9.255600e-008 117.268949 930.657163
11 5.040380e-008 153.333170 756.595102
3 9.472160e-008 116.742948 851.915777
2 2.659000e-008 159.024034 865.228999
3 3.625370e-007 212.932341 919.902631
8 6.176640e-008 392.245524 732.041216
11 1.216190e-007 322.517212 739.537678
10 7.145750e-008 320.313118 740.211538
3 1.035170e-007 178.024088 899.818689
2 7.665020e-008 167.804972 972.532231
3 3.658570e-007 155.562671 903.425462
2 5.066850e-008 133.423496 831.012761
3 4.749230e-008 300.243331 865.782358
8 4.347110e-007 430.118796 850.860620
11 2.322410e-007 313.003563 706.234474
3 8.657780e-008 258.962636 884.784496
8 7.208980e-008 403.868038 923.611764
2 6.566590e-007 68.794773 907.441239
3 4.349920e-008 21.447811 894.754512
3 1.471470e-007 195.036241 827.319960
11 1.329570e-007 247.770282 744.781056
11 1.299640e-007 167.934716 731.251790
3 3.252490e-008 181.219689 781.166223
2 4.268370e-008 210.981991 812.312262
11 2.530940e-008 288.747093 862.813620
3 5.418630e-008 309.079765 876.017840
8 1.151990e-007 361.628367 910.143375
10 2.186910e-007 384.655357 661.175350
11 1.744770e-007 367.629999 658.060498
8 1.023010e-008 359.273003 633.790366
6 6.613150e-008 176.645254 426.398983
4 2.328460e-007 142.178131 444.110189
11 3.355540e-007 179.845030 602.716873
11 1.245370e-007 365.326296 577.003612
10 4.212690e-008 436.774296 589.455789
9 5.826720e-008 578.142553 646.571610
8 6.233290e-008 585.363064 639.885862
9 4.969840e-007 576.115199 416.043430
10 2.129170e-008 647.472002 584.786657
9 5.100370e-008 775.544526 610.762039
9 1.008970e-007 655.621614 559.970528
10 1.132010e-007 567.940476 694.987245
8 3.933200e-008 541.394675 635.708369
9 7.100890e-008 692.854653 594.537190
10 5.293190e-008 550.195527 531.021378
8 1.336150e-008 586.231718 670.444783
9 5.158140e-008 661.386355 559.024495
10 4.660100e-008 476.923016 499.014200
8 2.384450e-008 591.870901 740.046062
10 1.045330e-007 509.264825 761.808449
8 2.152530e-007 507.002725 748.979439
9 8.074410e-008 432.938952 564.511731
11 1.242390e-007 260.925566 526.447525
6 1.163270e-007 132.070014 442.767932
4 3.616390e-007 126.681213 439.268412
10 7.820180e-007 460.884494 613.455932
11 5.702630e-008 463.678023 614.152445
10 1.176750e-008 418.274257 522.423511
11 1.013940e-007 412.924966 702.349477
8 7.367690e-008 346.847570 832.034055
10 1.055320e-008 310.926708 703.556154
11 6.538630e-008 169.765518 778.612941
8 2.256440e-008 292.753246 733.614047
11 1.739840e-007 330.653879 732.344898
3 7.503190e-008 184.728197 822.436238
2 3.874070e-008 184.425277 819.554083
11 2.119130e-007 173.251969 713.244989
11 1.198170e-005 257.532866 646.145615
10 6.017560e-008 367.846421 604.408715
9 9.987190e-008 462.645750 502.968845
10 6.743310e-008 652.930308 661.229994
8 2.571530e-008 733.596147 809.614903
8 1.481700e-007 482.950405 892.092476
10 1.262700e-007 517.239484 745.865942
8 2.681460e-006 461.174526 865.138613
10 8.958930e-008 585.227828 653.229964
9 6.491880e-008 585.673061 665.591243
8 9.603760e-008 569.143880 751.364661
11 3.888490e-008 526.687516 622.514678
10 4.013860e-007 544.186773 620.055387
9 1.032020e-007 755.345170 488.782519
8 1.888520e-008 716.326000 777.547296
9 1.713740e-007 626.324920 616.665826
10 8.310010e-008 627.770233 619.765338
8 1.712280e-007 558.141215 720.896839
10 2.149900e-007 555.785407 698.483449
9 2.509100e-007 511.770742 475.206124
7 4.016190e-008 661.242233 161.217656
6 8.327700e-007 147.568381 350.243084
4 7.829080e-008 140.943159 350.127452
5 4.729130e-008 296.458731 245.991158
9 6.785980e-008 596.194480 344.354563
10 8.325680e-008 420.083631 526.794228
9 7.415320e-008 494.697308 366.785479
9 1.842700e-007 543.704328 368.509809
6 1.361760e-007 210.063739 337.918273
4 8.627210e-008 140.622653 319.352154
5 1.356170e-007 176.300690 161.348893
6 6.792840e-008 219.100892 262.615288
5 5.754850e-008 70.541206 154.680603
4 4.409260e-008 189.475786 325.147227
6 1.156460e-007 94.989277 179.175506
5 2.659080e-007 252.310050 96.350104
4 1.209290e-007 144.644279 246.994511
6 1.055150e-007 48.189448 166.059325
4 2.280520e-008 183.207538 224.085303
5 6.915670e-008 270.375753 133.819806
6 5.166960e-008 206.512982 151.460556
5 3.877080e-008 241.178376 198.934049
4 1.991810e-007 118.597387 308.315382
6 2.505320e-007 155.701800 241.377595
5 2.431370e-008 210.626362 243.139029
6 4.875530e-008 319.205694 322.961437
9 1.160910e-008 506.242734 220.544090
7 3.118110e-008 616.507019 89.647095
6 9.524760e-008 210.753311 279.736176
9 3.474420e-007 540.085434 406.138423
10 1.016330e-007 531.660304 566.907379
8 1.506830e-007 628.729517 803.607480
9 1.014250e-007 701.532752 507.037323
7 1.429250e-007 813.314451 302.454753
9 2.165860e-007 667.917419 485.102925
8 1.316860e-007 541.089835 752.940529
10 2.640920e-007 516.848204 720.363980
9 2.740180e-007 655.392945 527.155709
7 2.978960e-008 711.221356 295.629035
9 4.717850e-008 758.166164 298.001796
7 6.842350e-007 784.043295 267.146062
9 1.136000e-006 567.968454 493.315545
10 3.656500e-008 492.490242 482.707820
9 2.020800e-007 601.153075 577.129880
10 6.517850e-008 592.722256 576.879070
9 4.758840e-008 711.499664 407.724282
7 1.265310e-006 828.251124 233.346224
7 1.129440e-007 727.830929 356.475879
9 7.261410e-008 742.493241 380.915623
7 1.206650e-007 737.638944 314.977902
7 5.325520e-007 799.919918 265.284397
7 5.082800e-008 787.829004 409.331408
9 2.374430e-007 664.673593 492.401076
7 4.239570e-006 815.861000 220.134545
7 1.422800e-007 853.632209 355.425221
7 4.376180e-008 737.771772 368.617936
9 3.645380e-008 757.042306 341.043824
9 2.097720e-007 586.090389 571.330165
10 3.031330e-007 518.485610 584.471174
11 1.446610e-007 362.023543 591.807437
4 8.031040e-007 83.129928 446.802972
6 8.357410e-008 105.874442 496.035032
11 1.322630e-007 208.510634 586.715091
4 6.756330e-008 163.651981 512.102292
6 5.898870e-008 166.981544 513.947900
11 2.210740e-007 298.202546 592.120951
4 1.945590e-007 163.938264 423.919547
6 9.776400e-008 161.766927 427.138694
4 1.731140e-007 32.770366 521.089076
6 4.553280e-008 36.520131 519.942659
11 1.949130e-008 235.691490 459.049887
4 7.514500e-008 208.355383 454.121346
6 1.589420e-007 151.499637 439.606335
11 1.004710e-007 189.485083 576.888255
10 4.156280e-007 487.076022 616.827264
9 3.928530e-008 445.247462 556.076097
10 5.317440e-009 721.050428 592.199642
9 2.501770e-007 701.171879 466.492623
7 1.223700e-007 818.157164 315.205602
9 9.226870e-008 769.509930 331.177409
7 1.163640e-007 750.582848 360.381566
7 7.906270e-008 749.361454 408.003990
9 1.084590e-007 760.910037 380.380204
7 7.202770e-008 784.533586 363.255687
9 2.080050e-007 673.767652 487.957224
9 2.151350e-007 698.702747 493.651698
10 1.513620e-008 471.390825 550.777819
9 6.898780e-008 439.039566 390.225381
10 2.616520e-008 444.678010 456.882521
10 9.659350e-007 522.810301 634.265871
11 5.270120e-008 378.753244 587.760237
8 1.577480e-007 401.706388 795.282708
3 9.670670e-008 289.575146 893.274975
8 2.860050e-008 267.685832 789.483341
11 1.144520e-007 178.350747 749.708924
10 3.640260e-008 375.804796 798.245678
8 2.908290e-008 367.196691 867.574210
3 9.175700e-008 280.957650 990.736356
2 4.162940e-008 151.016624 822.834418
11 1.818050e-007 208.353603 754.502807
3 4.736450e-008 357.485068 845.248402
8 1.861200e-007 390.448268 774.558587
10 1.070910e-007 407.609482 720.030766
11 1.452370e-007 333.291974 759.546113
3 1.133350e-007 206.459491 839.117052
11 4.755300e-008 354.550897 789.318655
8 3.911910e-008 287.674827 758.133619
2 4.262410e-008 67.491259 846.878972
3 1.506470e-007 165.952954 873.262035
8 6.399170e-008 296.847159 811.662301
11 4.492250e-008 238.050103 825.930509
3 1.333050e-007 167.848871 866.461284
2 9.837580e-008 115.248627 896.830105
10 1.641130e-007 422.739710 682.962948
11 5.091250e-008 413.374584 705.025674
8 1.182600e-007 358.160481 835.101203
3 2.578950e-008 267.494914 761.151288
11 3.663930e-008 47.170450 630.571108
2 6.813660e-008 110.951661 809.418399
3 2.832300e-008 148.978430 762.050399
11 8.739950e-008 63.462905 735.905760
3 4.793470e-008 326.527744 833.654404
11 3.184110e-007 266.727192 767.239033
11 2.555550e-007 155.971715 682.671857
2 7.189710e-007 58.136638 915.132942
3 7.166730e-008 56.911208 950.224440
2 3.748940e-008 192.049119 894.010214
3 1.698070e-007 209.162413 886.390826
11 4.967190e-007 200.853625 724.194847
10 8.964560e-008 367.671378 641.371824
11 3.469910e-008 128.632813 846.175981
2 1.951610e-007 82.479461 890.159084
3 1.107020e-007 84.591384 889.174282
2 3.808180e-008 193.893529 791.280432
3 9.521620e-008 194.413479 789.195050
11 3.137330e-008 221.602429 828.018318
3 1.486850e-007 266.852452 899.562578
2 2.218380e-007 118.174536 937.230843
3 4.258140e-008 231.529785 747.411185
11 1.319370e-007 224.899414 730.138582
8 1.504700e-008 263.407823 921.669655
2 9.961820e-008 181.499418 949.537587
3 1.422870e-007 245.055540 871.051714
10 3.915710e-008 421.385167 714.456600
11 1.034050e-007 427.537331 709.650047
8 1.983730e-008 396.788470 714.998314
11 2.814880e-008 175.642553 810.389722
3 1.129810e-007 213.497458 832.994475
8 3.750550e-008 398.399158 668.774457
10 2.571260e-007 398.675256 666.147621
9 6.625060e-007 580.833274 506.289686
10 1.582010e-007 474.932934 567.031845
9 7.648430e-008 547.217986 589.564558
9 9.149980e-008 608.502563 520.207731
10 9.611350e-008 519.480066 513.982626
11 6.780910e-008 383.158760 690.149935
8 1.507240e-008 295.374903 842.993535
3 3.230560e-008 276.785631 769.557084
