6 4.617400e-008 699.106792 467.866701
3 1.458010e-007 708.758456 294.683607
6 1.325560e-007 777.464054 364.306226
3 2.498910e-007 783.955335 275.318861
6 1.437340e-007 677.362774 472.507914
9 4.896020e-008 588.566037 603.132230
7 8.284340e-008 449.187547 416.494694
10 1.080760e-007 433.830129 344.243947
3 9.559330e-008 744.270746 85.491486
7 8.497840e-008 564.611156 248.697861
10 2.372200e-008 564.934081 254.859536
6 5.771940e-008 596.334742 402.473738
3 8.671270e-007 770.167110 240.086680
6 1.954590e-008 831.484687 242.663826
6 1.172100e-008 833.085672 502.081735
9 1.261910e-006 646.299727 764.852223
11 2.411310e-007 644.851410 835.337992
4 2.062850e-007 752.003457 957.428480
11 1.673080e-006 689.357167 855.385290
9 1.344340e-007 677.802616 809.043031
7 4.308460e-008 458.818174 477.830538
9 4.055820e-008 689.081421 579.789370
7 1.394150e-006 472.501939 331.882640
10 1.320430e-007 472.996224 330.912553
6 1.267550e-007 593.711311 450.325223
9 1.102090e-007 507.153029 624.409691
7 9.111460e-007 468.640235 351.286541
10 5.374280e-009 499.247756 275.529684
7 3.751590e-007 414.178692 216.456062
10 2.153690e-007 470.482827 156.077301
7 1.590820e-007 540.073583 398.635958
10 1.579780e-007 399.477983 317.462715
7 2.332400e-007 353.308191 315.081779
10 8.766600e-008 272.068714 223.578436
2 1.631560e-007 140.745269 182.529063
2 1.657500e-008 190.255218 196.889178
2 1.023760e-007 102.277122 68.169086
2 1.108700e-007 181.749891 208.270037
2 2.351650e-008 64.705150 210.282250
2 1.195640e-007 242.506832 155.161157
2 4.988740e-007 157.659460 101.077125
2 1.123930e-006 197.970444 115.948883
7 1.300040e-007 336.980742 338.807260
10 6.364960e-009 337.058239 339.915495
5 1.200700e-007 194.958678 590.758824
5 7.182420e-008 190.297533 542.794088
8 3.336790e-008 200.848027 677.149414
5 4.650010e-008 205.062525 689.947404
8 8.499380e-007 195.495930 792.107734
5 9.452530e-008 65.919799 711.903096
8 2.682640e-008 304.594930 726.670640
5 4.088910e-007 131.696072 675.632306
8 2.794360e-006 199.779977 818.765075
5 4.984290e-008 96.312396 794.265570
8 1.235060e-007 245.267204 749.917248
8 6.849270e-008 243.282557 981.880745
5 4.420200e-008 142.329440 785.260766
8 1.324170e-007 108.354206 873.769173
8 3.895880e-008 236.525539 917.838577
8 6.714340e-007 184.009743 857.228094
8 4.673730e-008 173.089064 960.750700
8 1.983650e-007 257.788608 869.496754
8 1.018230e-007 229.778893 876.964739
8 2.917280e-008 49.228463 902.198402
8 4.110420e-006 166.233645 821.721232
5 3.360260e-007 124.963808 628.256294
8 4.013470e-008 131.422870 689.228720
5 4.318680e-008 103.568270 734.508225
8 2.722800e-007 221.808005 855.288414
8 1.160290e-008 368.462970 880.733995
5 6.483960e-008 164.325305 548.304563
5 5.056700e-008 291.928221 592.604838
9 1.357130e-007 580.581514 647.557003
6 6.144430e-008 597.088121 309.673751
7 1.393990e-007 594.410692 241.969617
3 3.663550e-008 585.956331 322.409258
9 6.971800e-008 755.591686 650.140927
9 8.682500e-008 724.944666 718.093319
11 2.249470e-008 742.035737 658.488787
11 1.177040e-007 802.204227 779.565436
6 6.607550e-008 750.175691 501.305337
9 9.321780e-008 617.002904 619.437952
9 4.392900e-007 548.703866 713.509050
9 1.440450e-007 508.442464 706.338977
11 5.990310e-008 754.060264 774.369062
9 1.385260e-007 717.852358 694.636520
5 2.370010e-008 130.531683 441.768930
8 4.474780e-008 317.415857 886.912392
5 2.874530e-008 253.373823 748.730344
8 6.960940e-009 338.653078 715.994894
5 1.213670e-007 182.153056 674.316962
8 4.641320e-008 182.346937 679.868903
5 3.436460e-008 55.428709 827.747613
8 3.264830e-008 57.399633 822.613183
9 1.675030e-007 622.715326 630.380774
11 4.640710e-008 766.280548 765.311445
9 2.423490e-007 641.390432 674.046261
11 4.226700e-008 794.936761 927.177449
4 1.830290e-007 792.499028 928.366410
9 1.058010e-007 670.603671 798.091306
11 5.358760e-008 813.683700 815.987606
4 3.052390e-008 811.683078 813.915896
11 1.293290e-007 741.662812 801.478324
9 1.430380e-007 731.537392 819.743862
4 9.798730e-008 668.337384 929.209444
11 5.595590e-008 620.217022 828.482669
9 4.815330e-007 641.992764 822.238512
9 2.958710e-007 563.053444 819.784827
11 1.447630e-008 591.741010 694.351975
9 1.750620e-007 518.555295 700.775741
6 6.888950e-008 776.918114 463.965682
9 5.225360e-007 653.737522 771.731927
11 4.109130e-008 650.316238 774.404932
4 4.190240e-008 809.923810 862.692295
11 1.140430e-008 837.946585 860.240574
9 2.252950e-007 706.197884 789.260458
11 8.044140e-008 694.418771 762.694856
9 7.291250e-008 845.912170 749.250144
4 9.583560e-008 924.013523 909.467513
11 1.719410e-007 766.938418 901.211148
4 1.827680e-008 782.815487 896.863190
9 9.958550e-008 747.685850 768.604210
11 7.353490e-008 752.583200 728.717367
7 7.362110e-007 477.348297 339.353312
10 8.842250e-008 510.424045 268.421946
7 2.623080e-008 481.527247 110.431371
3 2.349050e-007 682.294112 166.077887
10 8.144050e-008 499.326894 194.490296
7 7.059190e-007 511.934415 284.196252
2 7.588230e-008 251.459860 205.474024
10 8.993400e-008 306.443211 254.981218
7 1.803000e-007 372.374989 314.346412
6 5.794750e-008 580.006622 291.406471
10 4.675540e-008 483.003107 93.877567
7 1.610960e-006 476.181986 271.812228
10 3.728710e-007 465.468780 276.582063
10 5.263570e-008 489.627555 338.414504
7 4.640250e-007 485.675866 337.999162
3 2.925510e-008 634.968109 123.491805
10 4.312900e-007 452.766153 198.682869
7 2.428590e-007 451.378837 202.494515
10 1.422450e-008 433.527046 62.915093
7 1.496740e-007 537.386724 195.849956
6 6.586790e-008 543.679089 369.232475
10 1.217550e-007 344.079762 336.677795
2 1.547260e-007 126.903919 123.168397
10 7.260590e-008 286.540702 214.531497
2 7.140000e-008 236.965243 232.610909
2 5.188590e-008 92.770298 160.808738
2 4.341020e-008 39.240813 158.550531
2 1.058940e-007 276.817519 127.149149
10 6.235990e-008 270.686066 253.477445
2 1.493520e-007 238.187945 193.539160
2 5.302210e-008 209.431062 237.515601
10 6.447710e-008 242.929877 198.964207
7 8.504290e-008 309.830079 351.816597
10 9.867910e-007 462.128545 257.654225
7 6.343700e-008 495.552247 144.476518
3 1.124890e-008 635.738060 97.416901
10 1.114550e-008 623.767006 214.828801
6 3.132960e-008 588.821497 151.785726
2 5.916380e-008 340.203074 220.404858
7 9.899900e-008 335.635934 307.555363
10 2.901480e-008 334.753545 324.393181
7 1.048920e-007 376.425603 245.257016
10 1.834650e-006 381.969875 229.155236
7 3.430620e-006 450.928227 325.699623
10 1.083620e-007 435.368686 330.161195
9 3.559410e-007 573.721947 698.653344
11 6.127230e-008 645.916703 817.525460
4 6.424770e-008 764.800950 882.715444
9 6.338730e-008 719.582939 599.897472
6 1.669000e-007 737.534463 464.522465
3 8.701940e-008 813.699828 302.898077
6 5.475270e-008 836.707164 399.523606
9 2.031890e-007 712.736657 773.040946
11 1.396790e-007 686.295439 786.463536
6 9.125600e-008 666.787717 446.079995
3 2.169060e-006 739.911804 220.887809
6 5.926490e-008 761.015304 270.893453
3 4.132130e-008 805.481159 368.003356
6 5.153880e-009 526.069635 487.427076
9 1.111520e-007 649.539253 586.674706
6 2.821980e-007 734.199488 378.173175
3 3.034640e-007 827.927900 233.843946
6 1.262350e-007 764.672659 227.812136
3 4.415930e-008 731.399797 341.017588
6 9.312980e-008 796.887651 385.869141
3 1.767720e-007 728.506950 250.001272
6 2.865800e-007 783.137978 313.425281
3 7.561430e-008 868.977482 278.707631
6 8.028210e-008 775.603483 271.324733
3 4.541090e-008 731.749194 447.157851
6 3.677410e-007 691.515778 260.750443
3 3.885180e-008 815.861000 302.695045
6 4.486100e-008 774.780448 242.812629
3 6.639070e-008 741.493110 310.573351
6 3.528740e-008 853.350588 324.251416
3 1.339170e-007 768.536112 333.291169
6 1.779600e-006 684.014327 348.759601
5 4.532650e-008 170.348328 528.135454
5 8.360330e-008 127.326872 491.966944
5 2.893450e-008 171.737641 419.153789
5 3.402080e-008 81.681513 508.105856
5 6.122530e-008 145.801067 493.209382
5 1.318050e-007 184.031903 578.873072
7 8.974880e-008 445.350406 505.290427
9 4.416770e-008 678.878413 587.767278
6 1.006160e-006 686.005682 422.446665
3 1.233320e-007 799.285001 326.998235
6 9.346370e-008 818.886400 293.970005
3 1.084310e-007 778.065892 335.635797
6 7.037910e-008 863.257499 298.685199
3 1.457980e-007 856.655649 284.635257
6 1.222420e-007 776.681269 282.533967
6 4.162860e-008 682.497337 544.812759
6 5.042000e-008 603.003061 520.392401
7 1.077300e-007 535.426866 396.562528
10 8.319290e-008 492.900398 382.655689
7 1.265120e-007 411.419166 415.811478
10 8.597680e-008 372.890532 385.181430
9 1.770790e-007 523.618697 634.576182
8 2.374510e-007 239.495680 874.051481
8 7.519240e-008 89.891373 710.324397
5 1.695320e-007 107.965581 695.377034
8 4.069640e-007 133.033979 862.253737
8 4.865110e-008 247.795377 805.005491
5 4.830380e-007 114.520265 648.058791
8 4.686030e-008 309.124512 811.608056
5 9.293110e-008 137.869612 732.876643
8 1.170500e-007 105.537194 857.073478
8 1.895850e-007 211.194420 841.435673
8 1.065220e-007 277.800658 777.020901
5 2.822950e-007 141.614746 664.945915
8 2.389800e-008 105.583698 810.856741
5 3.965560e-008 83.680288 742.086815
8 4.293170e-008 254.359554 745.901586
5 3.693700e-007 84.591052 674.479551
8 2.560510e-008 26.446900 652.719094
5 5.910500e-008 60.453905 848.775510
8 1.892140e-008 56.822326 952.769653
8 5.239410e-008 211.488985 885.354962
5 2.368640e-008 217.100070 662.294693
8 8.292840e-008 255.986805 738.457339
8 7.328970e-008 188.749412 917.500288
8 6.889880e-008 226.031172 920.362120
8 4.607390e-008 247.424629 788.818422
8 9.970350e-008 207.330700 917.638366
8 3.384080e-007 207.598330 757.244392
5 4.371280e-008 87.395713 720.494853
6 4.043630e-008 551.480471 541.096052
9 8.028990e-008 537.012917 647.261974
9 6.097190e-008 698.020224 556.835299
6 5.166430e-008 634.412588 522.019549
8 7.503710e-008 270.918163 881.516880
8 8.060310e-008 265.795007 767.144996
8 1.492250e-008 199.503855 981.871707
8 8.668870e-008 71.431005 806.483400
5 2.057960e-007 6.945498 674.268992
8 8.366470e-008 190.537502 919.997380
8 5.697010e-008 29.584678 830.521934
8 4.238250e-008 310.585256 791.265752
8 1.555270e-007 261.803118 724.337427
5 4.602670e-008 173.224276 772.424194
8 2.378580e-007 265.748628 813.175714
8 1.169780e-007 114.742881 765.579702
5 7.840850e-008 49.475842 749.306944
8 1.630620e-007 204.589447 700.766375
5 2.528380e-008 274.306224 706.865869
8 5.191840e-008 47.936705 805.955231
8 9.946480e-008 231.373976 741.495432
5 2.224110e-008 182.548532 846.488698
8 7.823500e-008 35.183097 867.954201
8 1.743170e-007 251.506465 812.679137
8 1.053720e-007 213.527531 875.888983
5 4.225090e-008 168.401587 810.625729
8 1.119850e-008 316.042336 769.128324
5 1.102220e-007 192.443346 687.121654
8 3.085120e-008 194.473999 681.831591
8 2.256850e-008 320.647398 958.773333
8 4.211480e-008 310.885410 895.626538
5 2.915400e-008 181.412400 750.398342
8 5.472320e-007 171.679116 867.798265
8 9.281160e-007 159.173429 825.404279
8 6.019920e-008 284.276991 815.047590
8 6.805390e-008 258.698174 894.154655
8 3.083530e-007 222.818537 839.805919
5 2.253290e-007 61.786394 680.992960
8 1.495480e-007 249.910356 842.421245
7 9.022270e-008 433.013380 401.152041
10 1.056160e-007 380.095997 340.277466
2 1.289910e-007 244.939230 121.694830
2 2.198140e-007 212.399851 143.918425
10 4.886060e-008 226.331517 182.554203
2 2.048920e-007 207.227307 172.980321
10 2.888750e-008 228.121256 87.166729
2 1.288840e-006 171.839742 63.074713
2 3.125840e-007 193.150019 117.902571
7 4.900780e-007 378.264812 368.023054
10 9.614330e-008 379.587344 361.801105
10 3.198890e-008 431.119480 75.423546
7 1.177590e-007 521.286629 206.689514
10 8.404770e-008 529.055844 215.318143
6 8.983200e-009 485.522204 309.325674
10 3.319170e-007 472.776047 270.097426
7 3.739860e-006 471.471420 266.082238
10 9.719380e-008 468.156184 277.499741
7 3.684640e-006 468.364141 281.467763
10 1.293710e-007 381.564985 151.962013
7 1.810720e-008 378.568134 154.756621
10 5.816540e-008 365.117759 357.788236
7 2.196480e-007 361.030092 358.074086
9 9.588560e-008 691.018181 704.735549
11 1.334170e-008 561.063191 794.502941
9 7.626300e-008 727.187773 606.512758
9 1.795260e-007 702.138333 769.482354
11 1.521160e-007 774.538195 816.499219
4 2.556780e-008 741.261863 818.077477
11 8.777450e-008 646.743738 791.509512
9 2.747770e-007 645.936584 790.965080
4 1.740920e-008 715.686854 847.050859
9 1.937710e-007 666.782766 683.890264
9 1.654610e-007 542.196753 715.075239
9 1.752070e-007 669.830613 653.125468
11 1.003450e-007 727.729746 790.034797
9 1.319370e-007 724.229795 840.085821
4 1.231400e-007 756.385155 927.645361
11 3.205890e-007 685.408835 943.113189
9 3.469260e-008 523.169679 906.769237
11 6.945710e-009 508.189907 888.092176
9 7.083890e-007 650.968772 738.102893
11 6.685350e-008 749.220351 802.757763
4 6.594910e-008 733.323195 793.205781
9 7.687720e-008 649.366029 742.759187
11 8.695070e-007 727.268239 858.885581
4 1.309470e-008 728.457225 856.447799
9 1.037390e-007 770.106309 771.054488
9 6.617200e-008 758.886837 624.136794
6 5.166960e-008 759.813155 498.258021
11 2.216180e-007 701.389819 819.019052
9 1.056690e-007 735.855796 830.454235
4 3.454440e-008 815.010765 856.173369
9 8.613940e-008 717.883125 611.434260
6 1.642480e-008 586.467650 463.996475
7 3.359640e-007 495.759730 360.843127
10 2.870410e-007 442.318311 299.365796
7 1.132930e-007 550.096427 180.324282
10 1.216800e-007 439.407246 169.816257
7 4.925510e-008 489.751576 409.847878
10 2.017830e-007 478.777817 236.907615
7 1.113830e-007 412.073497 177.083923
10 4.022880e-008 551.962511 365.667986
6 2.308100e-008 548.825337 425.525803
9 4.333340e-007 628.316111 658.739108
9 1.320090e-007 588.887246 653.525426
11 7.198990e-008 644.901509 914.649771
9 8.642970e-008 635.156072 828.929877
11 3.848550e-008 801.386043 768.648367
9 1.973730e-007 692.890205 735.178064
6 4.188490e-008 616.301309 431.023332
7 6.977560e-008 602.295778 300.278343
10 8.609370e-008 347.265010 349.198714
2 5.052440e-008 204.279887 162.372107
2 2.460460e-007 245.831299 142.318283
10 9.111780e-008 274.099464 280.710677
2 3.245470e-008 245.812753 217.810974
10 2.449680e-008 201.195935 166.314290
2 1.455020e-007 87.437409 123.082699
2 2.851870e-008 257.162149 275.437551
10 8.907190e-008 313.296678 325.981212
7 9.861560e-008 373.301682 380.009858
10 6.444870e-008 384.217957 336.740099
7 8.227910e-008 316.499683 292.763483
2 3.785300e-008 88.122914 168.244679
10 1.829980e-008 317.790313 349.650155
7 1.831370e-007 399.371844 400.628105
9 9.140720e-008 477.301105 750.915943
9 9.549930e-008 543.274036 590.483209
7 1.979460e-007 512.179741 359.117327
10 1.145960e-007 460.122143 321.491117
7 1.440600e-007 574.427381 257.584303
6 4.808760e-008 521.429866 353.518065
10 4.045180e-008 444.264470 403.629546
9 3.579100e-007 580.908709 685.096145
11 9.473600e-008 717.102921 787.725763
4 9.834210e-008 814.837349 888.050777
11 5.742150e-008 844.198221 797.686512
9 8.095740e-007 631.353898 778.235801
5 1.319650e-007 151.580518 556.764949
9 4.008480e-008 539.402261 572.739079
7 1.594660e-007 541.263302 348.786960
10 2.009020e-007 499.033613 253.723812
7 5.876840e-007 495.591109 214.247472
10 1.885400e-008 551.222917 143.042165
7 1.772170e-007 396.577613 241.919977
10 2.085790e-006 391.796600 264.412818
6 9.082310e-008 816.652227 472.268769
9 4.257810e-008 688.779049 577.716536
8 1.188960e-007 285.512226 790.943969
8 1.578030e-008 220.564650 636.751987
5 3.881140e-008 231.676331 680.899172
8 6.308090e-007 147.059969 759.830617
5 4.832280e-008 195.513574 724.143522
8 7.706160e-008 200.220696 691.486268
5 1.268220e-007 178.250893 657.449324
9 2.619250e-007 537.739084 723.557784
9 5.327920e-008 690.163226 639.705979
6 8.461420e-008 815.009193 441.097622
11 1.009210e-007 792.524500 819.627148
9 5.416860e-008 794.204672 835.612905
11 1.989850e-008 526.430842 959.465383
9 7.976380e-008 714.693078 840.463082
11 1.354830e-007 766.191788 840.694993
4 1.153360e-007 783.681847 862.263400
9 2.269790e-007 624.364942 663.194422
11 3.194910e-008 759.085218 753.842811
6 4.473240e-008 764.920025 492.273519
9 9.283290e-008 518.023025 645.214317
11 2.638340e-008 596.466183 792.745464
9 6.224940e-008 742.226308 670.280139
11 1.484550e-007 780.088955 822.137642
4 5.361640e-008 675.096370 874.043473
9 5.663900e-007 557.286251 701.015399
11 8.711340e-008 701.817983 808.541585
9 1.490600e-007 723.431720 697.633087
6 4.253680e-008 841.130874 429.611771
9 9.271540e-007 591.766131 717.197742
11 4.648500e-008 739.358312 776.366830
9 3.035060e-008 735.781952 578.207331
6 8.191060e-009 772.943204 651.951421
9 3.799050e-008 780.579958 858.093174
11 3.666580e-007 782.107041 872.622040
4 1.338820e-007 788.916000 937.403336
9 2.554640e-007 536.857923 733.076640
9 5.331430e-008 542.937233 542.843688
7 1.410880e-007 540.112000 404.187568
9 2.378490e-007 594.332373 813.379386
11 1.926710e-006 711.395007 860.675893
4 4.895030e-008 885.036545 843.963173
11 2.766840e-008 861.539386 756.269792
6 4.325370e-008 755.505332 577.744565
9 8.565990e-008 734.237721 677.001364
9 1.756190e-007 465.504633 687.346230
6 6.299820e-008 646.796629 469.315071
9 4.309490e-008 776.327156 712.519410
11 1.495760e-008 829.374030 717.203621
9 2.741640e-008 544.394674 523.987661
7 1.770690e-007 540.687083 378.745290
10 2.497530e-008 541.609832 378.049950
6 2.298860e-007 621.432871 317.899161
7 3.529990e-008 597.303813 435.031377
6 1.714780e-008 580.375285 514.674673
9 6.346340e-007 558.156747 756.765242
11 1.315820e-007 720.467129 761.252000
4 1.491900e-007 725.413383 960.867868
11 8.156670e-008 846.987372 791.840611
9 1.611390e-007 645.693522 686.164516
11 9.477330e-008 611.814408 842.544713
9 1.475840e-007 557.420974 857.077272
11 4.574020e-007 726.941049 817.940597
9 2.312870e-007 671.409174 744.546886
6 8.642670e-008 695.980426 435.645573
3 2.579300e-007 829.184955 238.937313
6 1.649240e-007 701.279214 265.482109
3 4.975430e-008 712.315739 343.056304
6 8.092170e-007 719.268688 305.845267
3 3.292070e-008 715.401756 435.689416
9 4.862040e-008 817.173759 630.358508
11 3.725730e-008 775.012160 781.711775
4 3.182860e-007 844.631459 912.388944
11 8.303990e-008 599.386970 839.065353
9 7.529370e-008 598.679465 838.382122
10 2.645910e-007 412.892993 321.135414
7 6.602380e-007 413.103098 317.126040
7 5.154520e-008 537.097933 491.439039
9 1.285950e-007 584.068855 635.977070
11 5.343600e-008 671.504240 781.890628
9 2.965170e-008 755.141126 637.027060
6 6.613160e-008 722.916657 488.429006
9 1.889430e-008 726.399922 637.124805
7 5.149660e-007 451.539313 370.912895
10 2.800320e-008 443.896305 443.630897
9 3.103610e-008 576.852133 630.591201
11 1.062310e-007 569.334645 855.092805
9 1.453720e-007 703.205852 703.195240
9 5.486740e-008 596.552229 845.734271
11 2.940010e-007 657.140728 879.318964
11 8.116220e-008 699.362833 771.727459
9 1.609900e-007 699.079389 787.966162
4 2.248980e-008 819.946671 960.257663
11 8.599370e-008 756.803009 826.023788
9 1.017990e-007 684.833052 653.901052
11 2.220700e-007 765.262999 872.257619
4 1.293200e-007 768.809724 939.934897
9 9.404220e-008 701.985953 881.613249
11 1.662520e-008 555.195168 898.370749
9 1.222730e-007 529.798557 820.754072
9 8.527590e-007 626.987413 697.430982
11 1.305400e-007 616.593917 907.814833
4 4.175080e-008 738.470386 830.131684
9 3.983750e-008 697.782462 812.016374
6 5.036360e-008 800.419389 550.380029
11 1.921640e-007 768.574098 849.771467
4 6.434230e-008 760.613273 850.049480
9 3.753010e-007 631.875472 804.607907
11 1.097390e-007 670.896991 986.961137
4 1.087510e-006 838.523891 954.377520
9 5.017940e-008 653.419614 859.493282
11 2.136090e-008 533.765428 987.806647
9 2.423400e-008 600.256157 943.971477
11 7.027960e-008 612.807000 791.617805
11 6.499490e-008 761.028546 786.550782
9 3.240840e-007 659.310296 757.992031
7 5.949610e-008 501.097459 471.403672
9 6.093240e-008 568.727865 535.684742
6 1.802410e-008 615.253627 508.851898
11 1.069680e-007 626.823379 823.413134
9 2.239300e-007 622.584107 783.082252
7 1.863010e-007 496.609482 391.070439
10 1.338240e-006 445.181724 241.714431
7 3.113660e-007 407.881426 220.198828
10 8.394780e-008 360.378317 335.349585
8 1.105610e-007 197.849171 737.204652
5 8.345200e-008 115.410563 762.408715
8 7.927400e-008 253.707768 781.088779
8 5.606940e-008 325.082739 752.584867
5 3.310990e-008 220.953786 781.877306
8 9.111370e-008 285.699850 762.653330
8 5.804610e-007 234.909966 862.823947
5 2.216130e-008 226.247492 736.914440
7 5.312730e-008 515.479905 413.921320
10 1.463340e-007 378.514554 337.832692
7 2.052380e-007 453.597845 362.729630
10 8.321890e-008 359.504770 359.338000
7 1.622300e-007 353.408636 397.171740
10 2.040920e-007 329.435520 280.172152
2 2.455900e-007 269.691935 118.254656
2 1.677510e-008 173.485126 226.394813
10 1.446450e-007 344.732038 300.316940
7 7.727880e-007 400.883357 251.545694
2 1.163210e-008 351.491956 144.149117
10 6.493370e-007 412.061311 191.897283
7 4.011000e-008 461.092512 124.428291
3 6.516110e-008 603.544549 299.318355
7 9.034350e-008 590.180665 368.068618
6 8.916910e-008 588.744531 375.456783
10 7.539860e-007 432.451645 258.407134
7 1.027900e-007 552.890942 159.693601
10 3.632130e-007 449.702630 310.354820
7 1.166710e-008 465.430632 527.786143
9 2.018670e-006 583.876242 733.181013
5 2.318870e-007 89.509559 554.964197
8 4.854230e-008 365.720332 833.105457
8 2.086300e-007 273.628530 778.467108
7 2.728780e-008 424.121507 548.256222
6 1.001890e-007 545.989437 274.976820
10 2.267160e-008 549.704760 262.020012
7 1.941000e-007 468.613951 226.093018
9 3.070570e-006 588.802972 722.730031
9 6.828500e-008 697.225825 648.387882
6 1.145600e-007 604.534919 381.444489
7 7.039700e-008 599.206382 379.584952
10 1.148190e-007 449.737489 350.531207
7 1.265380e-007 379.964100 307.965919
10 3.863910e-007 457.019066 219.142027
7 3.641110e-007 384.956727 315.432083
10 5.509070e-008 265.221784 319.854497
7 1.023940e-006 511.593773 286.797448
10 3.535780e-008 538.196084 319.555812
6 7.149930e-009 506.765714 369.854912
7 1.653210e-007 537.310988 388.328435
9 2.037260e-007 651.743675 652.873158
11 6.765900e-008 582.252299 795.351391
9 8.915750e-008 547.423522 638.481493
11 1.229530e-007 715.520552 745.197026
6 2.150530e-007 654.293832 413.871238
3 5.088910e-008 724.665290 288.487078
3 5.608000e-007 822.825629 240.298747
6 1.259830e-007 772.844073 314.399207
3 6.294750e-008 761.750894 378.744561
6 7.127980e-008 803.165523 297.463349
3 3.961030e-008 763.911280 333.392789
6 4.162680e-007 747.098692 411.894296
9 6.745360e-008 508.551442 607.783385
9 4.066210e-008 722.175227 658.313190
7 1.478520e-007 460.095864 450.331289
9 4.722000e-008 543.986373 679.028056
9 6.540860e-008 501.786846 815.624343
11 1.400480e-007 780.876849 826.168339
9 8.902570e-008 785.764115 836.188722
4 4.488100e-008 819.145429 791.943115
11 3.280280e-008 716.009525 721.461061
9 3.936170e-007 657.518141 669.019463
9 1.701700e-008 407.691637 763.794619
8 3.486620e-008 172.764002 939.073067
8 3.944070e-008 71.098114 909.021915
8 2.692930e-007 197.812359 788.855575
8 1.666900e-006 179.568164 784.756295
5 5.353240e-008 119.397046 784.170094
8 1.928740e-007 125.128663 893.537659
8 5.532620e-008 247.406683 885.301654
8 1.568640e-007 206.299645 901.503667
8 4.340030e-006 189.323036 806.432125
9 1.512400e-008 560.873162 540.524765
6 1.101640e-007 602.145672 374.199036
7 7.444640e-008 605.076524 290.270038
3 7.871960e-008 562.803311 194.528682
10 1.115260e-007 486.819254 210.679713
7 2.839640e-007 412.576368 375.947195
10 1.654300e-007 527.444255 313.168663
6 6.650330e-008 571.597045 330.510625
7 1.899060e-007 462.785121 215.700454
10 6.896890e-008 267.223772 246.272026
2 3.780680e-007 206.403405 121.571237
2 2.121180e-008 277.400003 317.610866
10 6.435990e-008 281.501809 331.915529
2 6.096460e-007 181.686994 99.859888
2 9.798350e-008 75.604737 132.965993
2 2.032790e-007 134.479909 126.479499
10 3.201790e-008 246.625877 299.635582
2 1.737700e-007 210.597538 147.605373
2 2.434230e-007 244.001158 137.431987
2 1.282250e-007 177.738241 151.170655
10 5.464870e-008 284.828808 266.011476
7 2.701980e-008 223.903404 304.971977
2 3.127400e-008 108.956098 217.190165
2 1.437190e-007 146.008187 84.147182
2 1.749160e-007 298.744752 137.134891
10 9.856970e-008 314.356967 204.758563
7 1.882680e-007 309.217479 241.377850
2 1.164830e-007 110.241084 136.455041
2 9.893840e-008 254.066073 144.976094
10 1.595590e-007 394.421020 338.316966
7 2.808390e-007 397.434056 336.974039
6 2.479080e-008 582.412085 184.383542
10 2.686600e-006 436.179696 242.558099
7 4.341090e-008 437.699206 246.319013
10 1.923680e-008 614.432298 145.801698
7 6.029080e-008 616.826914 146.097516
3 5.838890e-008 611.942024 239.303706
6 6.602410e-008 607.439589 325.212445
3 1.069760e-007 712.890696 100.103346
7 1.224910e-007 581.575000 279.674923
10 1.196770e-008 561.055436 353.502763
6 1.469040e-007 560.512198 354.917931
7 1.382860e-007 489.048780 187.044727
10 7.120170e-008 482.322408 132.836637
7 1.522340e-006 471.316941 334.309502
10 4.029540e-008 405.043898 397.051898
2 1.954750e-007 296.318601 105.347640
2 1.530920e-007 106.197629 109.631814
10 4.234970e-008 270.631574 136.835484
2 1.529480e-006 211.820740 78.024229
2 4.359490e-007 189.950710 128.280682
2 6.097850e-008 89.422138 133.798830
7 1.387430e-007 322.761441 282.302683
10 9.080540e-008 321.755413 281.916502
2 1.013070e-007 110.651706 67.719891
2 5.431340e-008 96.290340 229.932657
10 3.172740e-008 289.310452 247.840904
2 2.391850e-008 248.410138 236.413752
2 5.235460e-007 135.016642 81.625411
10 9.643350e-008 301.680340 263.983333
7 1.653330e-007 357.231082 321.507586
10 5.691030e-008 445.984063 121.332639
7 1.382430e-007 454.099562 198.546520
3 1.290540e-008 687.776712 93.946101
10 4.704960e-008 471.153300 120.665368
7 3.489960e-008 444.150125 129.118447
10 2.163220e-008 530.258260 83.333958
6 7.374710e-008 612.254006 289.054641
3 3.806250e-008 611.998063 291.489783
7 6.153370e-008 449.438476 482.856606
9 9.537610e-008 399.294756 712.748835
8 3.820560e-008 295.767631 915.407249
8 4.049430e-008 52.090097 931.788202
8 3.852920e-007 193.026829 850.765535
5 1.393110e-008 293.471622 736.990383
8 2.939950e-007 226.285394 790.850436
9 2.474660e-008 388.353575 588.263330
5 8.892940e-008 118.040248 493.053775
5 3.650120e-008 199.068006 548.326271
7 1.259080e-006 424.913098 334.383144
10 2.025550e-007 424.279174 291.418266
3 2.913590e-008 603.410601 263.875967
6 2.510000e-007 596.081157 347.650984
7 1.893510e-008 595.378477 355.682572
9 7.881910e-008 682.997347 731.953824
11 4.477010e-007 693.339203 810.210564
4 4.662630e-008 729.922320 811.973350
9 3.883290e-007 577.820570 788.246603
11 5.484900e-008 664.610687 790.640248
9 1.249290e-007 693.353881 617.453017
9 2.692690e-007 690.557449 749.017378
11 5.412730e-008 651.699975 726.582957
9 1.049450e-007 592.815758 625.543257
11 2.344810e-007 672.051792 831.190064
4 2.403980e-007 825.660136 893.251683
9 1.102220e-007 619.075823 836.609511
11 2.960300e-008 592.618945 931.766253
4 5.993340e-008 754.044857 969.034778
9 5.901170e-007 656.603288 788.592675
11 2.885970e-007 784.432060 885.938451
4 2.878610e-008 782.796666 888.031666
9 2.440210e-007 705.461709 763.200254
11 1.738760e-007 792.698439 825.700171
4 8.855710e-008 792.462045 822.998230
9 2.066530e-008 778.855094 667.473248
6 2.218460e-008 753.076843 541.379996
9 1.502360e-007 734.638231 832.554813
11 5.169940e-007 734.941089 836.885841
4 1.792400e-007 774.235830 884.577727
4 3.361620e-007 894.505810 946.374820
11 2.161390e-007 817.468551 892.432902
9 4.168270e-008 782.432378 817.385523
9 2.394740e-007 540.555017 758.959773
11 2.112550e-008 568.230579 939.494105
9 1.607560e-007 632.310011 652.230555
11 1.640470e-007 646.014521 822.305798
9 2.098190e-006 623.536335 716.555106
6 2.145350e-007 669.261893 422.330806
3 6.149660e-008 818.268430 336.301847
6 3.604420e-007 686.733658 301.612522
6 7.784210e-008 724.484937 536.998777
9 3.096340e-005 609.876991 753.438006
11 1.849220e-008 671.083477 758.125675
6 8.473930e-008 700.022134 477.857732
9 2.624390e-008 786.290036 651.639756
6 3.887130e-008 638.785250 501.991099
7 3.224730e-007 550.486423 273.550710
10 7.486040e-008 520.914866 187.668856
7 3.315020e-007 538.878607 350.017027
6 2.207270e-008 502.397111 420.482258
5 2.663520e-007 61.679707 560.157933
5 5.202870e-008 92.353879 415.943448
9 1.237800e-006 577.723246 709.533683
11 1.917160e-007 679.842312 805.435606
9 1.852470e-007 717.052952 771.902533
11 6.295230e-007 693.426674 854.233579
9 4.211470e-007 655.613754 809.589698
11 1.146330e-007 680.722844 804.114482
9 7.225920e-009 782.064692 885.680996
4 4.802690e-007 816.081473 930.822928
11 5.674870e-008 837.303163 958.985149
9 3.448210e-008 800.650358 777.535829
11 1.607910e-008 880.742138 814.883012
9 3.594030e-007 657.788642 728.344564
11 6.882340e-008 669.584764 802.823271
9 3.959580e-008 740.639753 727.262603
11 1.028330e-008 576.864916 681.915348
7 7.278010e-007 479.133938 369.778071
10 1.988410e-008 456.573803 439.210544
6 2.308650e-007 676.102408 442.533233
3 1.963840e-008 802.378984 376.461520
6 1.155260e-007 781.431738 286.414511
3 5.080280e-008 794.810648 363.820671
6 8.354860e-008 732.076397 463.128683
9 2.418220e-008 628.616717 534.850596
7 1.137340e-007 430.241638 425.140387
10 1.236610e-007 420.120110 352.760809
7 2.620420e-008 263.518543 188.229255
2 1.807750e-007 249.541986 139.487034
10 3.771440e-008 257.314256 284.488877
7 2.878440e-008 242.900981 282.974012
2 8.633700e-008 121.795628 111.929463
2 9.341130e-008 75.330559 133.189471
7 4.318100e-008 179.104568 286.059190
2 3.355140e-007 240.713000 104.864114
2 1.913300e-007 243.499286 119.387871
10 3.510660e-008 183.105344 206.454133
2 4.253040e-007 181.901515 135.462574
2 4.327730e-008 57.941045 165.893696
7 2.125570e-007 353.290446 320.289726
10 8.713620e-008 352.583469 319.476442
2 2.333180e-007 171.884511 167.496671
2 3.053450e-007 96.526450 79.454785
2 2.868630e-006 228.406105 69.778452
7 1.363660e-008 227.690192 306.705547
10 4.053350e-008 226.561356 306.804309
2 1.991290e-007 129.945034 106.120345
2 4.334530e-008 51.601941 41.761847
10 3.106760e-008 196.543535 249.348357
2 5.794860e-008 164.957518 231.839841
2 1.715190e-006 180.012950 19.013032
10 3.749890e-008 294.294569 237.835999
2 5.768670e-008 251.836595 132.747909
2 1.146750e-007 100.226983 102.454460
2 1.103830e-007 114.227872 153.855173
2 3.765840e-007 304.561672 53.843112
10 6.766380e-008 323.125991 285.198955
7 2.324480e-007 392.083516 253.043449
10 2.645460e-006 436.266474 233.522865
7 9.006270e-006 441.681983 310.972623
10 5.622070e-008 387.845596 118.496891
7 1.831670e-007 347.280613 247.510436
10 1.080370e-007 476.196616 199.382527
7 1.007680e-007 439.462870 161.310081
10 4.961910e-008 565.936590 289.953505
6 7.476950e-009 534.492251 371.009911
7 1.897820e-007 511.116605 366.466097
10 1.698860e-007 508.726289 230.664910
7 1.112380e-007 540.179736 345.251615
6 3.929980e-008 484.483322 359.138170
9 2.338470e-007 558.438737 640.037362
11 1.374640e-007 686.083855 837.478929
4 7.281980e-008 781.217826 884.465679
9 3.738030e-007 707.947731 762.425485
11 8.825670e-009 740.227987 704.189649
6 1.795120e-006 692.180174 381.863410
3 6.433270e-008 642.871501 220.581609
7 4.461330e-008 661.450297 363.140210
9 2.707330e-008 524.076555 563.454207
7 5.114740e-007 455.829376 354.136213
10 1.634130e-007 470.652141 289.932084
3 2.981320e-007 791.620411 119.632894
3 3.786620e-008 750.227975 55.604701
7 5.975370e-007 504.680976 262.395310
10 1.142090e-007 505.160121 263.335686
6 8.382680e-008 571.497618 393.530652
7 5.497400e-008 591.454498 390.755060
6 3.714850e-008 530.893033 431.604101
5 9.816450e-008 150.974501 512.145040
5 1.216510e-007 143.445981 536.441080
8 3.527410e-008 274.855088 790.064742
7 6.179580e-007 406.088658 354.446056
10 3.715010e-008 454.729651 391.099824
9 9.182520e-008 518.209689 715.586071
9 3.612340e-007 557.055733 715.638841
11 9.278890e-008 674.670124 778.581662
4 2.964800e-008 802.228268 839.996158
9 5.827240e-008 723.416919 896.732000
11 4.263650e-008 884.618617 896.732000
4 1.350900e-007 832.549720 922.561428
11 6.975000e-008 832.218456 924.918549
9 3.153240e-007 634.870265 695.447028
8 1.323940e-007 243.831924 879.785945
5 5.295580e-008 135.352569 820.255684
8 1.517560e-007 192.848720 881.912541
8 1.354050e-007 259.835748 823.710418
8 8.817950e-008 243.966283 910.667912
8 1.094830e-007 136.526918 869.107761
5 1.822470e-007 166.123468 675.164351
8 2.730390e-007 189.758502 766.477404
8 1.694520e-007 228.154147 751.864691
5 4.302790e-008 253.879473 711.583757
8 3.214430e-007 166.537941 752.813738
5 3.431410e-008 141.618969 817.730146
8 2.466400e-007 126.650228 753.356202
5 1.386160e-007 163.112131 675.163228
8 3.267740e-008 166.463189 915.476902
5 7.871710e-008 260.964483 537.590378
5 9.472950e-008 67.701933 512.966274
7 3.171630e-007 468.302000 377.759303
10 2.126120e-007 480.083007 300.628198
2 2.076430e-008 355.117136 292.563250
7 2.611350e-007 376.864033 363.694139
10 4.883950e-008 375.976443 404.607630
2 1.577270e-007 132.859121 153.694609
10 4.120430e-008 300.016069 172.221938
2 5.998810e-008 289.950130 166.080950
2 2.187030e-008 92.480048 149.238878
2 2.980320e-007 184.182211 106.771323
2 4.467200e-008 93.539490 178.100612
2 3.521310e-007 162.805894 114.389525
2 2.420370e-007 187.060853 138.318522
10 5.352420e-008 273.497251 193.633480
10 3.018010e-008 215.039033 202.116677
2 8.557850e-008 137.883824 207.511958
7 9.085150e-007 399.033976 301.754358
10 2.164550e-007 441.334592 310.207838
6 1.767080e-007 611.371220 367.692960
7 1.048050e-007 367.045738 233.917828
10 4.634710e-007 367.112328 192.456331
7 4.709960e-008 561.704105 124.853150
3 5.855930e-008 749.904648 113.533305
3 9.975080e-009 594.090000 136.297809
10 4.056850e-008 453.046899 86.513310
7 8.712360e-008 500.176430 196.648760
10 7.743880e-007 398.250326 210.973229
7 7.999140e-008 567.996861 481.374266
9 4.384790e-007 659.251400 769.584848
11 9.527840e-008 657.588229 773.503012
9 2.448440e-008 733.580241 621.252189
11 1.705800e-007 732.361867 795.545378
9 1.373550e-007 745.620437 731.626014
11 5.473210e-008 617.475245 885.421309
9 2.938810e-006 626.961392 725.891484
11 5.507000e-007 705.525769 844.717782
9 3.824730e-008 643.202074 595.931423
6 2.069770e-008 541.233503 374.314543
7 1.104220e-005 450.013032 319.504102
10 2.444380e-007 449.022652 318.909026
7 2.456300e-007 429.362514 178.667544
10 1.979620e-007 429.690565 177.594538
6 6.196350e-008 679.583974 538.940259
9 4.352680e-008 574.436871 594.683964
7 3.258010e-007 429.608988 354.611730
10 5.493110e-008 428.627251 354.195008
2 1.323700e-007 150.345228 152.653762
7 3.979890e-007 361.626977 286.694865
10 3.309500e-008 362.717502 286.482888
7 3.614120e-006 431.346927 277.313401
10 7.968400e-007 430.587737 278.046541
6 1.620240e-007 598.949151 347.607841
7 5.972250e-008 595.576477 375.076004
10 4.296640e-008 501.631114 274.121776
3 3.675460e-007 734.932959 141.440844
7 1.355590e-007 517.581557 266.097306
10 9.190890e-008 506.993359 279.649660
6 2.013860e-008 537.043676 369.673071
7 2.363590e-006 468.305017 300.934899
10 2.058920e-007 456.978627 289.608589
7 1.100480e-007 522.083455 435.906550
10 1.468430e-007 517.530475 265.395399
7 4.354740e-007 492.373159 242.995774
10 3.532710e-008 521.869932 56.758618
7 3.293830e-007 507.206552 276.319905
10 2.656650e-008 483.423623 448.277313
7 8.440500e-008 413.373434 124.770988
10 2.111320e-008 524.642621 160.361919
7 2.869380e-006 417.879838 276.135008
10 2.067410e-007 472.080132 276.970128
7 5.106850e-007 446.854689 202.823451
10 5.654630e-008 548.101595 211.328233
6 5.518010e-008 550.310540 343.407178
7 7.612260e-008 519.923784 458.286361
10 5.657120e-008 444.655009 404.287678
7 7.928080e-008 483.240810 400.461679
6 1.026480e-007 613.851968 366.435092
10 5.371420e-007 446.967762 210.848303
7 2.349520e-007 448.456270 214.532469
10 2.264650e-008 434.094668 395.157923
7 8.540380e-008 434.448201 399.198746
9 5.729560e-007 600.784765 705.601570
11 4.037970e-008 718.076411 735.294688
11 1.182750e-008 860.212791 844.921171
4 3.282170e-008 867.734765 848.273804
9 1.214010e-007 725.028777 684.308267
7 2.944670e-007 530.080262 337.257529
10 1.172640e-007 546.186316 261.485449
7 3.207670e-008 568.810508 143.927359
3 1.185490e-007 723.914101 58.774404
10 3.103620e-008 580.334281 289.779727
7 8.881140e-008 580.472959 293.750780
6 6.027500e-008 553.530394 297.493962
10 9.503480e-008 537.883148 183.676524
7 1.344370e-007 536.708050 179.578464
10 8.501200e-008 527.500687 238.539096
7 1.379660e-007 527.646598 242.716973
6 3.624640e-008 507.084293 319.991347
10 2.028350e-007 445.218062 324.317653
7 3.210930e-006 441.047827 324.609277
10 1.439880e-007 498.300752 295.114829
7 1.881630e-007 501.043356 291.959839
10 8.726330e-008 490.108098 182.548617
7 1.953880e-007 487.508865 179.221748
10 1.871210e-007 425.254422 170.888557
7 5.726710e-008 425.980357 175.005518
9 1.247570e-007 701.723474 715.810287
11 1.824310e-008 760.032419 653.282237
9 6.036510e-008 715.526842 925.711589
4 1.487360e-007 727.007632 940.360759
11 2.319440e-007 737.724521 933.401072
9 2.708070e-007 532.228554 774.704865
11 6.665340e-008 630.526584 779.748596
9 9.793970e-008 700.753630 828.921838
4 1.513170e-008 762.221076 802.082384
6 1.356950e-007 774.405867 459.969689
9 1.413710e-007 727.246259 687.964184
6 7.389620e-009 729.788884 599.627668
9 1.584510e-007 706.340884 643.414061
11 1.427820e-008 858.364921 885.828120
4 1.712620e-007 856.387771 883.850983
9 1.850460e-007 677.673271 828.590729
11 1.042370e-007 795.262632 870.938570
4 1.120750e-007 794.257076 868.449730
9 1.043840e-007 768.351175 725.301596
11 4.051480e-008 775.069923 959.739946
4 2.363930e-007 774.732645 957.270332
9 4.531720e-008 759.879380 730.802378
6 2.968810e-007 698.425333 439.365244
11 3.554130e-007 732.148386 837.401210
9 9.053510e-008 718.313348 853.482547
4 8.420630e-007 830.022999 947.218261
11 2.532690e-008 841.305373 828.809149
9 7.335240e-008 728.087780 681.072924
6 1.023490e-007 800.257792 507.314268
9 5.407620e-008 763.750248 824.399614
11 1.411020e-007 765.509762 833.451457
4 3.110100e-007 788.376383 951.089130
9 2.080720e-007 708.924543 764.681651
11 2.790690e-008 704.005780 772.255857
4 4.296900e-007 776.131242 962.512004
9 1.103500e-008 702.618332 963.547557
11 1.483490e-007 705.186252 972.502999
9 5.648060e-008 800.266931 826.614479
11 5.051520e-008 809.891242 825.432778
4 6.748300e-008 851.139210 822.269680
9 5.978040e-008 819.316440 777.120871
11 2.807080e-008 828.881463 776.284028
9 2.123430e-007 520.510183 650.775936
9 7.625900e-008 692.570488 638.200172
9 3.665780e-008 526.955366 536.023255
8 4.122500e-007 203.950751 772.346963
5 2.589300e-008 46.403121 769.597006
8 2.263020e-008 61.007485 986.162302
8 5.408560e-008 209.324877 950.713398
8 7.552550e-008 193.351424 864.055821
5 3.930840e-008 170.973640 758.319647
8 1.924740e-007 170.130666 763.641922
8 1.581990e-007 226.887081 707.597872
5 4.926830e-007 77.127338 678.488063
8 7.854500e-008 122.600818 704.984669
5 5.465460e-008 258.700569 700.232000
5 2.562830e-007 127.666381 587.749908
5 1.077760e-007 151.832066 485.302678
5 1.700050e-008 12.721242 446.590620
5 1.671170e-007 133.694170 533.672938
5 1.630440e-007 133.908815 541.984673
5 6.610560e-008 62.234720 501.750640
5 9.088070e-008 52.362528 543.597302
5 2.966630e-008 85.676956 483.581294
5 7.600070e-008 234.915924 570.192233
8 4.350580e-008 281.329387 833.222898
8 2.905330e-007 206.073946 868.692159
5 4.016950e-008 165.190164 772.675395
8 4.163540e-008 202.376975 1000.552763
8 3.334590e-008 386.420732 726.710533
8 1.304300e-007 175.649720 918.885519
5 3.417090e-007 82.763373 709.760598
8 8.926030e-007 169.063096 777.807183
9 2.012620e-008 417.698054 680.459318
5 4.808350e-008 180.643306 480.288108
9 1.951630e-007 628.772582 624.067306
6 1.967310e-008 816.513922 523.535204
9 1.086490e-008 770.947036 593.110434
11 1.132820e-007 800.380772 872.186526
4 9.317070e-008 753.205543 925.528036
9 1.270290e-007 677.043009 832.105131
11 2.053910e-007 764.048104 908.498984
4 6.846480e-007 803.097435 981.939810
9 1.773000e-006 622.169086 728.300366
11 4.385260e-008 575.291413 743.580233
9 6.020460e-008 675.476760 600.448852
8 3.157530e-007 238.260880 788.665258
8 6.597360e-007 137.484024 812.257644
5 1.307210e-007 168.859339 664.648821
8 2.319120e-007 151.945652 736.343155
5 1.138150e-008 113.604123 818.566621
8 1.313850e-007 76.620522 801.215752
5 5.161940e-008 36.951367 726.608943
8 4.338850e-008 316.906452 942.471896
8 9.050330e-008 97.046764 891.561677
5 1.219360e-007 118.282059 710.122536
8 1.383550e-007 111.620959 764.663538
8 4.079500e-008 300.387035 872.412450
8 1.700440e-007 84.932144 839.705949
5 3.555040e-008 143.244691 771.254736
8 1.130370e-007 213.586919 940.503968
8 8.327760e-007 197.854138 786.939242
8 1.034020e-007 260.420638 772.877503
8 1.872780e-007 157.555702 914.640650
5 3.453380e-007 72.347788 656.409954
8 6.167720e-009 93.394491 648.715993
8 2.788110e-008 211.966334 984.151996
5 4.919410e-008 186.332454 731.473763
8 1.975360e-008 275.750022 653.598613
5 1.072140e-007 146.239514 702.101788
8 3.049960e-008 66.008109 694.535760
5 1.703480e-007 41.183258 662.470963
8 1.495600e-007 60.761997 833.316803
5 1.633370e-007 78.939643 675.153096
8 4.433580e-008 242.305977 690.333483
5 6.773420e-008 28.841881 711.524696
8 4.871350e-006 161.844845 811.075716
5 5.570030e-008 169.953180 712.676971
8 1.582050e-007 185.371287 913.362870
5 1.417890e-007 143.207889 570.929732
5 1.120880e-007 70.490678 529.180599
9 1.887200e-008 769.121370 589.999878
6 2.045650e-008 889.241461 439.199314
11 3.413960e-008 832.845500 781.730560
6 5.488110e-008 849.189481 513.559739
6 5.223690e-008 723.640892 467.694662
3 3.417380e-008 862.477254 333.178979
6 5.234460e-007 758.425694 329.883896
3 3.790080e-007 713.518125 248.867712
6 1.618840e-004 703.802248 348.859379
3 4.525580e-008 715.359845 366.303217
6 5.966530e-007 714.058388 294.875031
3 5.875530e-009 685.605391 389.878926
6 2.270730e-007 678.235755 471.104940
9 9.948400e-008 523.333102 657.071798
11 1.715920e-008 713.455406 676.072936
9 1.852650e-007 647.062001 616.292229
6 5.238370e-008 802.888566 516.003226
9 1.261740e-007 732.044866 704.634936
11 5.528980e-008 815.246152 744.042061
7 5.898240e-008 564.003061 392.141501
6 5.506460e-008 578.068097 292.065784
10 5.024470e-008 536.148201 337.608255
7 3.628010e-008 568.353372 208.594330
10 6.366220e-008 487.223783 75.884414
2 8.520200e-008 391.943154 85.450387
7 2.654000e-007 506.800515 220.752221
6 1.367150e-007 584.839777 316.087911
10 1.501570e-007 503.159316 295.722914
7 1.846850e-007 536.957403 418.057995
8 1.026120e-007 238.654595 747.624903
5 1.295910e-007 11.810046 669.692778
8 3.796270e-008 161.396045 642.531224
5 4.076860e-008 77.173386 789.954565
8 1.388140e-007 69.069236 855.957644
5 8.450620e-009 224.199303 855.154332
8 4.810050e-008 224.383713 855.382061
5 2.871300e-007 141.373164 561.540597
5 1.928850e-008 315.436099 579.256032
7 4.651660e-007 455.513605 357.233318
10 2.160190e-007 434.493954 315.510126
2 6.814150e-008 279.721476 128.153628
10 1.128760e-007 289.764097 319.784049
7 1.683050e-007 348.929065 298.853866
10 1.469740e-007 443.065310 308.748231
7 4.136980e-006 447.707487 270.582576
10 2.007220e-007 332.174202 278.661549
7 1.169080e-007 364.101230 110.741113
2 4.001460e-008 364.146470 171.955391
10 4.909220e-007 366.072031 227.096488
7 1.312130e-007 533.846370 294.040358
10 4.548730e-008 477.479223 404.417408
6 3.827640e-008 473.103645 409.276970
7 4.161670e-007 537.198727 246.212802
6 2.699060e-008 570.935448 156.875091
3 8.213980e-009 552.545974 123.699757
10 1.363430e-007 386.336789 172.120570
7 3.354760e-008 397.180090 91.765318
10 1.632520e-007 419.939770 343.661341
7 6.704850e-008 394.404318 496.539847
9 7.480660e-008 606.626965 610.766032
10 8.989680e-008 323.975306 321.460527
7 3.134860e-008 332.739946 317.373515
10 4.046520e-007 448.580733 200.299379
7 1.631840e-008 448.677967 208.296993
6 5.833210e-009 552.933529 463.862489
9 1.098290e-008 702.973737 655.095758
11 6.029720e-009 718.853756 744.184000
9 8.821740e-008 735.429804 744.184000
4 3.134630e-007 798.376519 947.342840
11 5.469020e-008 634.623893 875.387137
9 1.146340e-007 651.362613 870.587333
6 4.750130e-008 810.615198 507.434258
3 1.354780e-007 725.401488 297.664324
6 1.118320e-007 801.504770 286.066774
6 5.921570e-008 684.725434 543.885923
9 7.817180e-008 476.159959 614.467199
5 1.133050e-007 149.763540 597.058850
5 4.342260e-008 214.681395 517.248957
7 2.596800e-007 368.754818 347.848619
10 1.262080e-007 359.689838 293.042558
7 3.281340e-008 264.046890 282.941470
2 9.090480e-008 54.220889 160.058348
10 2.980950e-008 233.494536 322.090775
2 7.495320e-008 213.593820 197.590158
10 1.828650e-008 206.442987 148.129497
2 1.410130e-007 203.609580 142.568592
2 4.808640e-008 57.776571 222.039381
10 1.224410e-007 388.831702 333.291720
7 1.361690e-007 393.037467 332.923758
3 3.964950e-008 693.616396 87.836241
10 6.039310e-008 446.899089 135.342015
7 4.121050e-008 403.032285 156.797537
9 1.819450e-007 491.113769 663.375771
11 1.640530e-007 639.701210 825.505612
9 5.433490e-008 723.631355 911.490285
4 3.758870e-008 698.257356 949.572283
11 6.309160e-009 538.340806 786.728227
9 7.265850e-008 633.730162 584.459096
6 1.816960e-008 840.642617 454.612321
9 1.080930e-007 704.702693 671.440372
9 8.743430e-008 689.791111 692.868635
11 2.020150e-008 694.969382 623.314654
6 3.314490e-008 731.632627 585.844518
9 1.606030e-006 580.728432 779.362194
11 6.347890e-009 573.249972 747.727499
4 1.326040e-007 864.766281 875.668929
11 2.893520e-008 858.583679 873.448041
9 7.817510e-008 698.007286 652.029753
8 1.239020e-007 247.261495 794.193880
8 5.147850e-008 339.909313 825.096450
5 4.011120e-008 257.502634 538.576294
8 1.244890e-007 231.050456 910.884879
8 4.261720e-007 169.908025 759.220153
5 4.124730e-008 141.537925 817.924006
8 8.187730e-008 55.402463 867.454207
5 2.566540e-008 192.016669 777.723654
8 3.235310e-007 181.900679 861.100021
5 3.082140e-008 238.418691 753.329239
8 7.324230e-008 254.819595 767.586324
8 3.328020e-007 212.442152 767.404368
5 7.270380e-008 66.840948 749.526475
8 5.385110e-007 167.077327 778.397844
5 1.087850e-007 177.209447 780.737050
8 2.982750e-007 90.236842 833.520330
5 1.594900e-007 129.494094 716.254557
8 3.100690e-007 106.016000 810.425113
5 1.472640e-007 117.584610 720.359044
8 3.879970e-007 132.786737 759.962103
8 5.935320e-008 97.169120 865.300601
8 3.498860e-007 227.251211 763.248390
8 9.507680e-008 151.799868 943.689179
8 9.637570e-008 188.614314 730.519391
5 1.253060e-008 220.265754 666.231366
8 2.286700e-007 213.251529 808.796177
8 1.597880e-007 121.656299 878.817290
8 5.749940e-008 269.026529 757.654406
8 6.107550e-008 123.965264 994.380028
5 2.389180e-008 72.139883 775.722012
8 6.632730e-008 46.791968 864.120739
8 3.748210e-008 115.347421 833.704163
9 1.078250e-006 599.545599 700.924919
11 4.804620e-008 742.230271 773.626010
4 1.322650e-007 803.209945 895.767914
9 9.040030e-007 668.782394 782.530315
11 1.759870e-008 616.019318 709.907782
7 3.187990e-007 496.549118 366.640828
10 9.924580e-009 511.283013 407.762579
7 3.729620e-008 530.067196 432.350971
6 1.230020e-007 585.158939 309.820157
3 3.039010e-008 598.199389 235.865034
10 2.482390e-007 461.003059 199.050338
7 2.734420e-008 546.428377 153.135408
10 4.676820e-008 537.863320 214.489066
7 9.525840e-008 456.747868 121.176471
10 1.668770e-008 493.351166 429.805693
9 3.697230e-008 475.622173 649.691614
11 5.870950e-008 608.795196 841.840672
4 1.216820e-007 747.569120 905.823975
9 3.464610e-007 612.896653 808.121240
11 1.059810e-007 614.765004 798.509456
6 5.885640e-008 815.605340 484.335082
11 9.404930e-008 796.644082 887.816831
4 4.515740e-008 793.858593 888.060520
9 1.284040e-007 576.282374 809.653394
11 3.831450e-008 747.210569 747.285754
6 8.184530e-008 738.767243 509.988647
6 4.253240e-008 831.002188 464.704584
9 6.224790e-008 583.519848 651.773395
11 1.532620e-007 620.869969 801.658053
9 9.610960e-008 654.184011 893.187203
4 5.448370e-008 656.532626 944.188710
11 3.943210e-008 686.924069 686.635885
9 5.839390e-008 775.215151 663.395358
11 9.243980e-008 827.880733 864.460993
4 3.292270e-007 834.388173 882.032478
9 1.126910e-007 713.087748 783.805224
11 1.590290e-007 778.708379 953.000525
4 1.226520e-007 776.895936 955.238709
11 1.156610e-007 740.016783 770.388265
9 1.353410e-007 713.479247 724.172221
9 1.165090e-007 466.051149 788.585350
9 5.356650e-008 487.872157 894.646188
7 1.708950e-007 489.905064 358.211746
10 7.231450e-008 490.697650 358.925395
6 3.073470e-008 607.463841 549.191963
9 4.927250e-007 604.781266 695.923448
11 8.577640e-008 751.246004 761.133936
9 1.931000e-007 600.890381 647.670740
11 2.592890e-008 580.740646 811.774540
4 2.479890e-007 783.527905 941.575969
6 7.041570e-008 773.322447 492.085973
9 5.720940e-008 747.272104 675.169215
11 2.012300e-007 794.122379 922.458038
4 8.912330e-008 790.193842 929.846520
9 7.341600e-008 696.555403 778.588709
11 1.449080e-007 774.051902 885.804211
4 1.073870e-007 779.732363 890.918913
9 2.450640e-007 688.162632 646.107770
6 5.092060e-008 800.145989 508.899995
9 1.178630e-007 688.339495 674.992385
6 2.231320e-007 695.080036 412.949695
9 4.702180e-008 518.594927 578.920519
5 4.160680e-008 133.426765 556.867159
5 1.165490e-008 251.650692 591.223410
10 1.219720e-008 204.945313 426.503696
5 9.055640e-008 137.644250 467.627902
5 5.214540e-008 177.240369 442.017003
5 1.160700e-007 188.830782 572.619000
7 2.479320e-007 346.842773 389.935367
10 7.473470e-008 284.226079 327.318242
7 1.373460e-007 419.134291 426.432125
10 9.722840e-008 388.370695 346.291010
7 9.296350e-008 560.863191 259.777607
6 2.497220e-008 577.397683 194.754182
10 1.449870e-008 582.736013 169.639353
7 1.483120e-007 540.962526 247.847601
10 4.690690e-008 540.413697 254.120985
7 4.211370e-008 435.695578 107.199099
10 6.022120e-008 442.166670 106.174172
3 2.886530e-008 596.184785 255.757491
6 1.042640e-008 591.966000 231.455316
3 1.944440e-007 664.485135 142.454099
7 3.103000e-007 442.291351 224.589798
10 1.071250e-006 436.570513 226.901147
6 8.561570e-008 572.475008 307.078012
7 5.814130e-008 595.065246 413.357349
9 3.529510e-007 599.281563 649.445658
6 6.053680e-008 609.901474 488.254575
7 1.358980e-007 402.070667 452.844382
5 1.316750e-007 126.390776 562.288821
7 2.872670e-008 269.693203 388.729741
5 1.727480e-007 198.351878 556.519618
5 4.381400e-008 145.751405 534.530329
7 3.478170e-007 475.972636 380.243906
10 3.352650e-008 491.232497 334.357336
3 7.166530e-008 597.986841 283.953118
6 3.529650e-008 580.259045 355.056393
9 1.819410e-006 612.959833 718.964249
11 4.881820e-007 696.112256 847.589868
4 4.529200e-008 741.388399 890.476202
9 7.459400e-008 750.931958 853.539845
11 9.336070e-007 677.074908 896.189081
4 2.042380e-007 775.692286 917.169407
6 3.164650e-008 735.537455 504.220881
7 4.932790e-008 353.426034 394.376501
10 3.641100e-008 470.867361 425.574605
9 6.644980e-008 437.830561 771.615938
5 7.586410e-008 153.999790 559.316718
6 3.977220e-008 538.610692 293.896397
7 3.053350e-007 533.185255 281.710632
10 7.145430e-008 495.697079 197.510579
7 2.003390e-007 523.196796 207.576284
10 6.753260e-008 521.390863 213.874256
2 1.124300e-007 103.686425 143.282353
2 1.331110e-007 175.134979 156.717224
2 1.149590e-007 184.372099 164.119288
2 6.347610e-008 107.702345 269.425555
10 1.151280e-008 206.248660 286.594278
2 3.584110e-007 201.152156 132.908896
10 7.867560e-008 315.109663 341.143419
7 1.382170e-007 371.137141 403.368751
5 4.612900e-008 102.865920 539.692000
5 4.074230e-008 249.335014 592.719143
5 5.228780e-008 112.756757 487.354794
5 1.763570e-008 180.017446 407.338849
5 1.941950e-008 214.371722 521.335184
9 3.222720e-007 529.599866 773.267048
9 9.326640e-008 561.544671 622.878875
6 2.106390e-008 542.434343 552.552315
7 2.924140e-008 604.467051 214.619831
3 4.624070e-008 583.628480 157.121015
10 3.650080e-008 515.642462 93.722936
6 4.143360e-008 515.274980 298.433860
7 6.307500e-007 509.958825 304.549384
10 2.744970e-008 509.117802 445.386297
9 1.752470e-006 574.523392 736.067389
11 7.177550e-008 607.437115 801.308791
9 2.020820e-007 686.883020 766.442416
11 1.546140e-008 718.176328 692.719580
6 7.708960e-008 760.811203 513.159919
9 6.688310e-008 677.737406 639.035116
11 4.231160e-008 617.616445 791.417003
9 1.327880e-007 610.390937 859.880797
6 3.923950e-008 813.970367 491.073441
6 1.253380e-007 759.830139 479.033604
9 8.789290e-008 664.968288 654.648314
11 6.286260e-008 655.809063 761.585976
9 1.574290e-006 593.425098 777.148216
11 2.115590e-007 639.826925 886.464043
4 4.551980e-008 846.654457 817.750508
11 1.844720e-007 735.651354 913.183763
9 8.401430e-008 611.935208 886.939075
9 1.088690e-007 525.636255 799.362158
9 9.085560e-007 603.743475 680.750231
11 3.687720e-007 713.901507 816.303179
9 2.535770e-007 674.509127 713.847405
11 9.169490e-008 611.698066 857.442417
9 3.706510e-007 595.589801 836.231755
6 4.035540e-008 599.952979 479.465176
7 6.747700e-008 586.702786 326.189682
10 1.170620e-007 497.809283 284.204694
7 1.361130e-007 437.883697 431.373145
6 4.461950e-008 595.714062 541.669738
9 7.657030e-008 594.010733 557.082403
7 1.187500e-007 448.185855 418.056672
10 1.270060e-006 384.353242 256.584738
3 2.393340e-008 581.053727 248.133928
7 2.030950e-007 578.380301 324.691154
6 1.019080e-007 578.289828 327.281973
9 6.597400e-008 534.653017 646.275202
11 3.264550e-008 561.377419 753.461785
7 5.396990e-008 571.077689 390.400894
6 3.969500e-008 592.002579 303.459557
3 3.310200e-008 594.754537 145.787387
10 4.840390e-007 407.028473 202.947980
7 6.570780e-007 427.741734 300.396315
10 1.598840e-007 378.993478 346.065174
7 5.275000e-008 319.006202 317.922694
10 2.524020e-007 471.898846 229.314273
7 1.081590e-007 526.532893 167.617290
3 2.560960e-008 810.343745 69.859204
3 2.777680e-007 758.646938 84.727144
7 3.752990e-008 461.170911 122.199915
10 3.369910e-008 460.160405 121.639785
3 1.366020e-008 575.491834 162.357618
7 1.361120e-007 454.813159 181.471359
10 4.260260e-008 453.704931 181.646886
6 7.176870e-008 590.967867 472.123536
3 8.173270e-008 716.316229 298.396823
6 3.899290e-008 784.032411 218.206916
3 1.722030e-006 782.501362 220.204311
6 1.061570e-007 808.863731 360.227792
9 3.601630e-007 583.988332 686.132356
11 1.492520e-007 711.696928 808.734079
9 6.959400e-008 664.585215 847.498129
11 2.143370e-008 636.138878 764.884563
6 1.703250e-007 809.238684 467.283456
9 1.322620e-007 742.379248 757.944337
11 3.072900e-008 745.731617 760.205539
6 1.871650e-007 666.364838 457.927848
3 1.536470e-007 748.484841 307.272297
6 3.446110e-007 759.303562 281.784994
6 1.931910e-007 655.102211 408.116912
9 1.062050e-007 745.294167 736.908167
6 1.007610e-007 775.169416 491.832650
11 7.217260e-007 686.960821 859.051552
9 1.061570e-007 686.066044 859.527313
4 3.284260e-007 834.973792 945.712107
11 9.564030e-008 884.547466 966.755012
9 1.118500e-007 526.958984 864.279470
11 3.421230e-007 670.455289 856.759142
7 5.481020e-008 543.146035 362.400972
6 2.431160e-008 564.822020 277.315366
10 4.804740e-008 520.846067 123.953211
7 4.911380e-008 425.481069 150.014381
10 3.935320e-008 500.342982 204.554593
5 7.687570e-008 179.972514 562.224552
5 2.765370e-008 163.497061 477.051938
6 2.001730e-008 590.740714 554.244424
9 8.824240e-008 487.281777 614.952779
7 4.830410e-008 515.113276 459.274767
6 1.195970e-007 771.486535 476.425693
11 3.459240e-007 702.340441 852.914404
9 2.084570e-007 698.082388 857.480620
11 9.134240e-008 799.362061 911.119691
4 1.869830e-007 791.320269 940.789792
9 7.969690e-007 621.706547 809.941121
11 2.447010e-008 709.154415 665.592183
4 3.886570e-007 882.177485 934.420319
11 2.314360e-008 719.917388 740.132053
9 8.570820e-009 803.494740 711.354061
6 4.210010e-008 769.170509 582.955246
9 8.855580e-008 767.494236 734.837236
11 2.005920e-008 874.449157 841.792157
4 1.056350e-007 876.451040 843.794040
9 5.080230e-007 624.422140 805.120755
11 1.258580e-007 776.013954 857.318244
4 3.976020e-008 825.473094 827.921469
4 1.020340e-007 884.162255 867.857277
11 1.136770e-007 790.239226 958.131229
4 1.031720e-007 719.543383 965.843874
9 4.168670e-008 729.487253 662.280383
11 4.116700e-008 611.153812 788.085158
6 1.572870e-007 750.170315 479.808694
9 4.207680e-008 695.069344 640.080085
7 3.730030e-007 495.473961 387.347262
10 1.131010e-007 541.024752 319.815311
10 9.230650e-008 519.316112 205.604716
7 1.227760e-007 518.662142 209.733700
3 2.019210e-008 668.510136 110.023145
10 2.943380e-008 516.627459 354.191327
7 4.176110e-007 517.488004 358.239914
3 6.844150e-008 715.139290 151.774710
10 6.606360e-007 409.036807 198.580991
7 2.662550e-007 366.411451 255.146960
10 8.653080e-007 441.167553 234.968000
7 5.988750e-007 510.661066 234.968000
10 4.537250e-008 483.180330 131.583120
7 1.646900e-008 449.001993 64.503873
10 1.639930e-007 428.998975 152.764474
7 3.579020e-008 461.963935 90.766281
2 1.251200e-007 355.290897 3.070598
10 1.101020e-007 475.767796 111.548188
7 4.196380e-008 552.135993 132.136563
3 1.329430e-007 701.818061 116.404674
10 1.844130e-007 499.154880 215.144283
7 1.055850e-007 497.188356 218.691964
10 8.002500e-008 431.549047 389.963820
7 4.282660e-007 435.418001 388.076795
9 1.990410e-007 534.033842 620.383355
11 7.295750e-008 581.208579 856.814295
9 5.148940e-007 554.779899 770.951371
9 1.216780e-007 629.942760 600.628000
9 5.097210e-008 601.902293 548.700632
6 1.069280e-007 596.064904 381.538543
9 1.376560e-007 633.447570 653.673363
11 1.709260e-007 661.079522 812.464108
6 2.441860e-006 683.400678 361.787218
3 3.875270e-008 657.523741 286.635113
9 4.033330e-008 564.108208 657.804113
9 3.564990e-008 792.724751 686.253374
11 4.445660e-008 762.785939 840.274803
4 2.558100e-008 649.843327 863.356597
9 8.201430e-008 704.346845 757.068523
11 1.975740e-007 686.529957 850.881674
9 1.829250e-008 631.758132 577.690947
6 3.795070e-008 644.487056 477.286256
9 1.086750e-007 591.224344 651.500638
9 7.406790e-008 664.049053 568.722686
11 4.426840e-008 715.175613 687.025168
6 2.783630e-007 710.328187 415.935032
3 2.131180e-008 704.064440 443.129788
9 6.713350e-008 681.876206 577.687768
6 1.081080e-006 702.451111 396.792249
3 9.462350e-007 763.530700 245.613417
6 6.684720e-007 681.920135 280.233135
3 8.314670e-008 815.919014 294.746382
6 9.014730e-008 828.072854 344.371128
3 2.885010e-008 769.136068 361.206556
6 5.883670e-007 737.320410 342.714301
11 5.978990e-008 702.280846 744.260449
9 1.400180e-007 701.329436 744.193920
4 1.446690e-007 755.616373 895.345264
11 4.358230e-008 817.078915 959.916104
4 1.437140e-008 869.205954 762.253566
9 8.612100e-008 609.139153 625.384000
6 4.774360e-008 813.797639 568.271200
9 2.110470e-007 700.053729 761.473578
11 3.701090e-008 619.733450 767.089958
9 8.448250e-008 629.335132 638.320556
6 1.334540e-007 751.891389 483.201581
9 3.113930e-007 527.915979 737.765848
6 5.928190e-007 706.092876 411.683564
3 8.485740e-008 817.632407 303.970642
6 5.166570e-008 693.445707 209.068135
3 1.113650e-007 734.813937 333.285055
9 2.879110e-007 613.662459 701.526952
9 6.702170e-007 564.345893 741.353605
7 2.631880e-007 478.407806 399.321142
10 1.533550e-007 414.952198 354.888792
7 4.572050e-007 424.655987 350.624146
10 2.308160e-007 472.903790 291.042933
7 3.120150e-007 430.069609 203.520265
10 3.450520e-007 491.112646 251.212835
2 7.263290e-007 156.402754 73.634614
2 6.147840e-008 211.085856 251.834635
2 1.031400e-007 105.021138 126.042971
2 6.480390e-007 255.460925 75.532393
2 8.913640e-008 123.239711 119.834386
10 5.193110e-008 286.136871 221.667632
10 1.913460e-007 370.769844 340.466829
7 4.007530e-006 444.390296 306.136958
2 1.624190e-008 345.761802 204.993755
10 6.972050e-008 311.472453 326.399757
7 3.465200e-008 252.337803 273.154574
2 1.455540e-007 94.030191 56.097801
10 5.460840e-008 290.427831 158.504353
2 5.524130e-008 308.149429 81.744686
2 1.516830e-007 123.742163 19.369944
2 1.251780e-007 155.356850 198.311882
2 5.440360e-007 161.749144 65.372685
2 1.258240e-007 197.277336 171.661370
2 5.999690e-008 28.908429 12.741658
2 6.369950e-005 204.698356 51.919861
10 3.958380e-008 266.123547 215.722146
2 1.859800e-007 193.788030 164.649744
7 2.547150e-007 347.343226 330.833754
10 3.495620e-008 357.373090 337.347217
7 7.251270e-008 567.231354 490.275280
6 8.268510e-008 690.904399 479.702028
6 3.815930e-008 669.766464 543.706061
9 5.879340e-008 742.201520 671.270912
6 5.008940e-008 650.515416 493.534121
7 3.591270e-007 538.414078 283.344519
10 4.117450e-008 526.742437 209.652202
3 1.112040e-007 696.063912 89.124623
7 1.925050e-007 500.191474 209.316502
10 2.150450e-007 500.082671 215.549266
7 8.216000e-008 478.801468 129.207096
10 1.034450e-007 482.109154 123.478015
2 2.024990e-008 400.653114 90.502216
7 5.269740e-008 567.782111 274.916004
6 5.207510e-008 546.862982 283.795592
10 6.126780e-008 487.931443 308.810391
7 6.589420e-007 433.796559 292.855858
10 1.971420e-008 386.808848 374.240982
7 1.028440e-007 531.847225 158.076063
10 1.164540e-008 606.060744 109.065991
3 1.224270e-008 578.821984 153.629070
6 8.797500e-008 583.021452 317.469471
7 1.262010e-007 583.420622 319.989703
9 1.073180e-007 737.180446 674.185563
6 2.500020e-008 508.024451 439.696264
7 2.182740e-008 507.696625 437.026285
10 1.391640e-007 486.682774 265.879004
10 6.895750e-008 471.902223 177.746319
7 5.745500e-007 419.849877 244.370283
8 5.774280e-008 328.674049 901.698647
8 8.982230e-008 183.579229 931.519800
8 6.624890e-008 294.642478 813.145668
8 8.952000e-009 351.428228 635.636590
7 6.383260e-008 453.144245 505.579455
9 7.306890e-007 590.760468 673.132385
9 5.592700e-008 617.578497 573.758107
11 6.138810e-007 741.895425 847.869864
4 4.019070e-008 753.492216 930.383237
9 1.026290e-007 578.875609 884.703484
11 1.222210e-007 780.678517 935.358738
4 9.317080e-008 831.956020 862.126359
9 6.487750e-008 742.260873 758.786115
11 7.493440e-008 716.413356 809.859366
9 4.494500e-007 667.370980 821.461259
11 9.809800e-008 705.068083 753.453925
6 3.010290e-006 713.358548 387.817922
3 4.293840e-008 715.829267 403.018653
7 9.838550e-008 572.313120 329.349799
10 8.713880e-008 586.941747 254.091870
6 4.178180e-008 590.112824 237.778054
3 6.210540e-008 752.883426 70.371646
3 5.139150e-008 648.262826 89.488834
10 4.148280e-008 560.446676 207.912970
7 1.313200e-007 560.746954 203.618835
10 4.883320e-008 305.509726 314.855112
7 3.870110e-008 308.436478 311.928340
10 1.724250e-008 588.581086 234.917077
7 1.280940e-007 585.839224 237.962233
6 2.811060e-008 559.724206 266.965987
3 3.216000e-008 554.686779 272.560634
7 1.905190e-007 377.351291 384.992946
10 2.139990e-008 429.426772 356.634153
6 1.810950e-008 592.860633 227.049598
3 6.369200e-008 622.346375 118.697111
7 1.187180e-007 479.850601 164.996071
10 2.062160e-007 446.691577 209.660741
8 1.684380e-007 259.695931 824.790183
8 1.142640e-007 218.146745 912.473139
8 1.390980e-007 284.590608 805.908908
5 2.194190e-007 83.911100 717.608111
8 6.627230e-008 209.861402 701.244044
9 7.912760e-008 419.201363 780.015416
8 4.483440e-008 238.775205 728.936343
8 3.488690e-007 159.482926 870.588251
8 2.996410e-007 212.960357 746.786294
5 6.098080e-007 98.362772 636.120590
8 2.858000e-008 256.630152 959.993227
9 4.018780e-008 387.059858 771.431459
8 9.595980e-008 312.480860 867.018447
5 7.836340e-008 73.611903 757.380191
8 6.217830e-007 135.661238 834.004980
8 8.078830e-008 178.393241 921.650548
8 1.110030e-007 71.287940 880.145595
8 3.400000e-008 179.092887 920.834705
8 1.860770e-007 234.732985 868.833901
5 3.271460e-008 175.388050 751.515159
8 2.441510e-008 377.808955 725.333494
5 1.112690e-007 159.127835 656.453971
7 1.394240e-006 503.214318 304.804239
10 3.574500e-008 502.937492 303.693934
6 2.578040e-008 526.550560 392.027880
7 1.639980e-007 458.193756 453.185990
10 8.027030e-008 339.826230 335.600696
7 3.438380e-008 505.617722 438.049087
9 1.472390e-007 454.439130 734.960419
7 1.251860e-007 378.313193 387.620176
10 1.221620e-007 404.833106 310.600014
6 1.108180e-007 626.103232 297.545211
7 4.327460e-007 472.653681 215.954932
10 1.045090e-007 437.039805 153.985514
7 2.431260e-007 541.212414 236.483238
10 1.136640e-007 509.391237 285.674076
6 3.801680e-008 461.203039 253.170710
7 7.799270e-008 545.544496 427.852722
9 9.709890e-008 742.303685 661.859133
9 5.947830e-008 542.270066 916.855042
11 3.662380e-008 583.831835 835.786469
9 1.777900e-007 625.387569 665.602864
11 2.313680e-007 654.280369 845.337916
9 4.938960e-007 648.176298 724.726776
4 3.723800e-008 776.629105 826.587448
11 4.463350e-007 688.234527 862.301133
9 2.677800e-008 641.714674 881.096351
6 2.796440e-008 736.258487 591.968961
9 6.838650e-008 740.478131 740.514196
11 7.717520e-008 827.705425 797.160108
4 2.351930e-008 810.413573 825.286786
11 7.217060e-008 806.675469 847.327282
9 6.104660e-008 768.802516 784.255548
4 6.241390e-008 738.031960 942.554382
11 6.948250e-008 700.966962 733.319939
9 7.203710e-008 736.663509 809.492477
7 1.984900e-007 482.718063 397.664590
10 4.143660e-008 419.403545 435.707660
7 3.236800e-007 472.925902 331.446560
10 3.914160e-008 472.811586 324.895766
10 4.539930e-008 442.701973 93.115627
7 1.057200e-007 344.490155 175.117344
10 4.967110e-007 415.846111 302.472788
7 1.111640e-007 309.952831 286.334181
10 8.907740e-008 530.306451 212.020492
2 6.622850e-008 402.794484 60.301877
7 3.480800e-007 488.855234 229.847935
10 3.053710e-007 482.638807 232.110522
7 5.991680e-008 433.064921 144.586667
10 7.736370e-008 438.562519 141.785512
6 7.777760e-008 555.447132 319.662974
9 5.362080e-008 652.556934 695.855238
11 8.959280e-008 779.507437 778.298821
9 4.057110e-007 645.603111 655.419566
11 1.735250e-007 811.360742 908.677346
4 2.832830e-007 805.337344 913.383326
9 2.702040e-007 708.765230 795.903605
11 1.014290e-007 811.336607 794.113501
4 1.747190e-007 786.081819 920.666425
9 5.905680e-008 572.062651 856.750766
11 3.254060e-007 653.677106 898.245565
4 2.093110e-008 648.677843 890.763687
9 9.871300e-007 584.935244 678.359198
11 8.235500e-008 699.310563 801.085101
9 7.329400e-008 790.400655 797.904232
9 7.199800e-008 751.798514 730.160703
11 3.429410e-007 709.295002 821.665899
9 2.509960e-007 646.630922 640.086448
11 5.415790e-008 806.218699 798.152266
9 4.247240e-008 811.125416 808.084668
4 6.294510e-007 872.169553 951.894005
11 6.813260e-007 736.301232 928.883137
9 1.626440e-008 657.693631 889.589047
4 1.628500e-007 808.067091 890.083057
11 7.493790e-008 854.568630 898.282542
6 1.875820e-007 647.141807 376.607049
6 6.555610e-008 696.214793 543.917838
9 8.241560e-009 588.591592 611.115246
7 6.778700e-007 481.295938 371.055372
10 7.808410e-008 534.408821 297.952063
6 1.193450e-008 579.764390 187.340222
7 5.883680e-008 498.643497 133.578337
10 1.870980e-008 571.442161 88.088606
10 4.759470e-008 424.859276 65.910446
7 7.285640e-008 516.913771 129.679689
3 6.801990e-008 596.777360 134.999597
10 5.179010e-008 450.739809 84.471196
3 2.193650e-008 773.759102 25.286623
3 5.569870e-008 862.195010 57.825050
3 1.033400e-007 835.011585 107.616098
10 2.017140e-007 476.341295 189.525684
7 4.867910e-007 445.309440 242.450794
10 4.085340e-008 346.100276 354.688923
7 8.035820e-008 386.943225 393.785023
9 2.412750e-007 498.666697 719.809434
11 4.384760e-008 611.923542 768.144693
9 1.535260e-007 555.534425 665.081598
9 8.628430e-008 484.556967 756.379457
7 6.011980e-008 457.587230 437.353839
10 4.849860e-008 513.350591 382.494655
7 4.141270e-007 533.985190 372.614468
9 1.276240e-007 517.468393 668.111675
7 4.024700e-007 459.087146 357.527075
10 8.919100e-008 469.197187 335.564816
7 2.310880e-008 551.758100 439.171601
9 3.402010e-007 652.779091 665.402666
11 1.004300e-007 784.975766 870.379701
4 8.287370e-007 812.869970 956.229323
11 1.684100e-008 775.472718 939.454453
4 1.961850e-008 721.501219 870.372985
9 1.559500e-007 675.269576 859.269995
11 1.542540e-006 721.089476 864.241056
9 9.789660e-007 586.348075 783.280815
11 5.972820e-007 701.851442 852.831953
9 1.747480e-008 687.588031 892.020761
7 1.132950e-007 382.784324 390.078244
10 4.725440e-008 401.459574 418.189139
7 2.342510e-007 386.807572 408.518989
10 1.016910e-007 338.444677 331.122264
7 9.323640e-008 375.690259 178.320988
10 1.579850e-007 450.678335 160.281482
3 9.181050e-008 673.983957 125.839919
10 5.584400e-008 397.050848 79.058904
7 1.168360e-007 505.331790 226.416302
10 1.014290e-008 369.775215 453.043086
9 1.647370e-006 614.552193 705.855716
11 1.969070e-008 665.109266 658.400483
9 3.256450e-008 739.860795 701.436782
11 2.984340e-008 739.171119 691.574073
6 2.470280e-008 776.494581 607.462946
9 5.686420e-008 763.246711 833.126595
11 3.352500e-007 761.349264 842.053401
4 1.003900e-007 790.732534 903.500966
9 7.548880e-008 766.959660 825.818323
11 2.138310e-007 769.779780 817.138771
4 3.293790e-006 826.743309 961.295856
9 5.569560e-008 540.144922 878.084722
11 1.336590e-008 530.567688 879.601646
11 3.983330e-008 817.703735 753.013328
4 2.142660e-007 826.588990 893.994389
9 9.091150e-008 714.838798 829.859219
11 3.326700e-007 727.361082 822.335028
7 5.274290e-008 465.376144 500.677887
5 2.090710e-007 194.174601 607.369010
9 7.829370e-008 608.576238 465.241245
6 2.618150e-007 617.077216 404.755076
