10 3.207200e-008 781.958000 531.419000
6 2.588090e-007 676.883987 622.758066
8 8.533750e-008 765.496338 572.917527
10 8.665910e-007 683.669330 541.507103
11 4.400440e-007 708.701657 294.608232
5 3.226650e-006 670.745846 236.460578
10 7.558550e-008 663.935634 404.022919
11 2.265210e-007 725.012921 338.526215
5 5.196340e-008 787.437790 271.584423
6 6.664500e-007 644.131399 616.450346
10 2.160660e-007 636.454519 635.433331
5 1.029010e-007 540.563690 224.237790
11 1.243290e-007 601.876463 174.469003
7 5.357140e-007 741.187628 87.418026
5 1.543270e-007 565.118031 258.369458
11 3.334840e-008 569.135410 335.024482
10 6.965850e-008 634.164661 491.595504
6 2.437330e-008 653.852000 513.599047
5 1.097810e-007 724.608441 276.979049
11 8.102680e-008 786.768850 226.642970
7 7.944910e-008 842.794443 279.656313
10 1.212150e-007 692.292939 504.169842
8 2.802700e-008 776.097409 649.323450
6 3.537890e-008 780.061593 656.189619
10 9.743900e-008 739.891592 605.084109
8 1.277540e-006 872.769040 667.300880
10 1.156740e-007 778.938027 613.625702
6 7.445380e-008 797.473794 616.870770
8 2.211110e-007 854.630266 565.407063
10 9.900710e-009 837.793567 501.166608
8 6.114820e-008 792.605421 634.255523
6 8.504970e-008 724.528393 696.849094
6 2.729860e-007 650.588043 699.892550
10 1.074950e-007 544.020326 637.200251
6 1.323090e-007 581.666442 586.331565
10 9.900620e-008 628.456771 584.028546
8 4.156660e-008 760.432705 554.723324
11 5.547990e-008 557.494342 209.592691
5 1.628440e-007 557.413662 214.214522
10 1.173850e-007 605.941252 477.794173
6 8.322120e-008 587.644532 577.937740
11 7.205150e-008 506.098922 341.266014
5 3.120040e-008 505.696054 345.870942
2 6.132390e-007 238.656276 307.970107
9 1.138170e-007 214.358899 177.381663
4 1.059330e-007 138.082737 182.715239
2 8.700500e-008 130.215381 183.265361
9 1.278300e-007 42.852126 182.448729
4 1.557200e-007 107.491469 193.999182
2 1.055830e-007 201.581641 197.284681
9 4.065330e-008 71.159022 231.141823
4 1.244660e-007 71.225791 244.951467
2 6.727230e-008 59.320500 245.512585
9 1.575480e-007 59.320500 78.735329
4 1.085610e-007 59.320500 66.621128
4 1.149830e-007 171.262285 123.580740
9 4.915020e-007 174.591886 123.813561
4 1.029610e-007 156.474545 212.343828
9 9.585830e-008 156.726993 215.953852
2 2.590170e-007 163.103408 272.882221
4 4.430690e-008 132.601864 284.006555
9 2.924170e-008 134.358586 287.049280
2 7.048870e-007 157.752673 327.568914
9 3.347650e-007 135.253395 46.171277
4 1.874770e-007 57.858381 75.880384
2 6.079010e-008 143.379787 128.552119
9 3.077850e-007 118.328675 143.066403
4 5.973160e-008 195.172522 134.989765
2 5.145090e-007 191.971520 293.491071
3 7.530580e-008 178.498637 573.836100
2 1.170830e-007 183.394405 410.101249
3 2.198440e-008 196.094719 547.833491
2 6.490830e-008 151.973488 451.427295
3 2.266520e-008 74.813262 721.140172
3 8.883290e-008 135.089813 662.966749
3 2.530220e-008 238.582368 653.714423
3 2.504380e-007 56.527085 631.842850
3 2.084900e-008 162.310371 769.804281
2 4.450890e-008 179.265891 427.734261
3 3.204960e-008 139.576821 431.871976
2 3.616860e-008 199.883702 528.101534
3 2.570290e-008 186.031130 606.663143
6 2.647810e-007 574.044622 644.915957
10 2.157100e-007 589.354540 582.805765
11 2.636060e-008 597.778621 349.221717
5 2.360190e-008 597.693677 344.356629
10 3.988590e-007 635.744085 562.729782
6 3.015480e-007 683.592162 637.445136
8 1.005560e-007 751.320396 649.387764
10 2.094000e-007 751.194094 619.146502
6 4.213320e-008 835.251828 590.203322
8 2.125660e-007 831.451922 614.055331
10 1.148910e-007 816.884401 577.190134
8 7.817150e-007 921.538785 691.697170
8 1.429000e-008 883.526820 485.551599
10 4.146740e-007 675.508350 529.347729
6 4.829970e-008 675.209167 529.808429
10 3.680300e-006 679.588233 588.630580
6 2.260150e-007 680.100092 588.858475
10 1.416850e-006 649.427068 576.754700
6 2.237000e-007 649.743456 576.285641
6 9.038380e-008 631.998973 756.258764
8 4.401570e-007 877.664148 765.726085
10 1.322570e-007 682.001722 699.735473
6 2.004000e-007 585.384926 744.788429
3 3.337990e-008 145.108689 451.235329
2 7.205020e-008 138.951476 453.999252
3 1.585800e-008 121.277383 727.770313
6 1.138490e-007 550.139865 619.077708
10 2.419820e-007 610.805222 633.350270
8 1.052930e-007 786.885109 681.081728
6 1.935330e-008 689.920810 724.710537
10 7.479150e-008 632.398898 684.032322
8 8.164920e-008 803.832906 571.829985
6 9.691810e-008 710.491180 800.279883
8 1.408640e-007 793.633967 795.225443
10 3.623130e-008 810.034811 661.294420
8 3.466750e-007 806.516039 668.508999
6 6.185280e-008 770.451309 742.452933
6 5.236780e-008 528.513815 751.364811
6 4.086100e-007 584.849472 650.841150
10 1.223680e-007 577.128852 602.095785
6 1.935630e-007 561.942270 617.560084
10 1.034710e-007 597.073676 612.622825
8 1.709280e-007 805.236122 633.129700
6 3.403790e-008 731.198127 711.212961
10 6.420110e-008 714.760419 724.055530
8 8.753120e-008 717.713893 845.773434
6 2.060400e-005 637.153718 660.730810
10 1.709790e-007 635.638626 656.330628
8 1.052800e-006 886.248946 744.297398
8 3.993230e-008 756.556846 696.353695
6 9.822560e-008 757.494344 688.718171
10 4.806480e-008 712.224330 689.544690
11 6.942170e-008 533.827629 218.232661
5 4.200590e-008 526.278863 180.575498
11 1.213120e-007 620.155085 141.945481
5 1.703080e-007 682.579151 166.143694
7 7.230850e-008 675.605549 164.533704
11 2.180190e-008 404.761081 339.017357
2 4.548540e-007 259.763644 352.201271
9 5.649860e-008 263.336702 216.167972
2 1.850990e-008 411.516327 329.906797
5 9.557560e-008 576.186993 278.913027
11 8.066160e-008 571.281128 262.866668
5 2.689260e-008 581.206978 108.051841
2 1.988820e-007 342.691495 383.606956
2 4.406650e-008 327.544841 305.558285
11 1.038830e-007 611.394927 144.787923
5 1.780050e-007 615.856007 142.707678
7 1.569110e-008 606.731700 130.010767
5 1.789990e-008 498.598709 149.787939
11 6.208230e-008 547.186924 268.791079
10 1.167590e-008 473.424137 388.936279
2 1.617670e-007 287.805753 336.561578
4 1.618050e-007 129.366221 158.380365
9 1.617180e-007 128.730455 149.288645
2 5.490850e-008 288.227406 223.208750
4 5.159520e-009 238.942720 213.796466
9 4.868890e-008 237.990054 222.860480
2 4.313680e-008 78.237705 166.283204
4 5.261780e-007 90.597993 161.686411
9 1.552310e-007 98.398313 158.534858
2 2.868480e-008 148.017183 249.824713
4 3.224400e-006 29.351035 150.252024
9 1.481370e-007 22.839209 144.787956
2 1.672970e-007 190.605818 216.424145
9 8.192790e-008 301.777789 101.301985
2 1.118980e-008 192.230768 116.110898
4 3.518000e-008 200.266886 125.127637
9 4.916640e-008 257.074927 227.612237
2 3.773780e-008 166.814863 221.329203
4 7.295960e-008 197.417326 180.995584
9 6.328870e-008 216.980343 273.032073
2 2.402650e-007 284.694906 277.007752
5 3.557800e-008 505.853104 217.771698
11 6.118760e-008 501.415736 186.197853
7 9.027190e-008 634.301028 96.836305
5 1.381010e-007 602.642068 183.254908
11 2.154410e-007 619.660170 209.460389
2 1.184510e-007 304.023579 335.778759
5 2.198350e-008 600.722126 120.015137
11 9.282340e-008 561.087533 228.910939
2 5.971410e-008 379.826079 360.006987
6 6.933930e-008 530.977567 579.935413
10 2.699960e-008 534.030200 589.600967
8 4.206610e-008 739.034104 699.965027
6 2.338810e-007 727.173348 638.946736
10 6.757750e-008 725.217703 628.885812
5 1.533380e-008 765.023536 252.660411
11 2.366610e-007 773.937550 265.390939
10 3.120840e-008 696.224906 468.041667
6 4.989240e-008 755.082126 560.874461
8 7.591600e-008 812.389808 619.589000
6 7.764030e-008 567.881269 674.413387
10 1.182250e-007 624.252062 623.656661
5 8.023760e-008 709.106198 301.139212
11 3.721290e-007 709.238362 300.794913
7 1.633580e-007 776.315053 230.787519
5 6.454360e-008 786.119505 276.913869
11 9.280550e-008 786.202572 277.304669
10 3.873380e-007 670.383382 486.045562
6 2.482830e-007 617.956958 589.437865
10 2.957820e-007 726.744656 579.919947
6 3.434240e-009 397.618260 528.234605
10 3.116920e-007 622.442420 517.700615
11 9.727580e-009 760.724628 337.328003
5 6.910880e-008 805.354384 268.604145
11 3.818210e-007 755.436878 236.902715
5 6.616640e-008 737.191503 315.931231
10 1.074920e-008 745.193733 368.732292
5 7.750540e-009 734.216439 290.625845
11 1.711620e-007 734.164577 290.256835
5 2.758440e-008 841.880496 273.440587
11 4.759380e-008 842.272685 273.516820
7 2.012330e-008 745.425317 214.567840
10 1.238870e-007 699.297238 469.047049
11 7.462370e-008 640.031924 344.017088
5 4.544070e-007 643.064144 283.343934
7 1.138230e-008 815.861000 231.528391
11 1.127620e-007 779.023602 297.292564
5 1.552970e-007 757.661808 231.547381
11 1.184020e-007 763.766593 293.838856
5 4.207780e-008 814.866882 303.771760
11 2.341880e-007 720.071930 332.705703
5 1.019380e-007 715.703587 334.650617
10 4.903630e-007 629.175822 561.359374
6 9.413860e-008 560.613027 576.282452
3 9.661490e-008 113.622596 475.237849
2 7.982830e-008 214.876228 485.384471
3 1.298320e-007 184.959644 523.913329
3 5.509330e-008 150.042634 444.520721
2 4.297910e-008 148.560445 446.718161
3 1.037710e-006 56.766994 513.752574
2 1.317620e-007 209.292043 467.121005
3 1.368620e-008 215.731999 449.511953
2 9.798300e-008 73.765913 434.170414
6 2.160240e-008 410.841028 508.719900
10 2.337820e-007 598.959600 579.367649
8 5.895500e-008 736.561751 569.272562
6 6.377680e-008 709.213515 489.847294
11 6.694230e-008 726.071499 372.747095
5 4.765250e-009 803.615302 324.292364
11 1.997290e-008 828.170158 290.521852
5 1.042000e-007 748.395610 252.247354
7 7.972890e-008 789.230968 232.031537
11 4.980230e-008 809.906169 331.384412
5 3.322770e-007 685.143776 293.773148
10 9.866400e-008 701.637697 471.211228
6 8.357080e-008 720.210573 591.384997
8 8.017210e-008 796.813054 584.173809
10 8.349080e-008 728.600322 484.511100
6 6.309170e-008 508.680364 542.168755
2 4.263490e-008 398.875135 451.763957
10 6.506830e-009 446.745895 459.436134
6 2.477320e-007 579.348609 655.925222
10 6.599910e-008 510.676994 629.608365
3 2.826570e-008 121.643326 684.178049
3 2.902290e-007 37.053765 628.316443
3 3.587210e-008 65.515361 718.237384
3 1.639370e-007 45.415305 650.725431
3 2.157310e-008 114.540194 760.909901
10 2.382810e-007 617.490200 502.985257
6 7.249010e-008 546.754834 543.824404
10 5.473590e-008 538.538521 624.375588
6 1.096240e-007 575.009660 621.632826
8 5.703590e-008 725.456602 697.983856
10 1.698900e-007 704.622019 590.798744
6 6.076240e-008 677.148803 525.007978
3 9.789630e-008 49.190977 679.266259
3 5.339140e-008 115.431126 689.901406
3 1.474740e-007 29.124184 662.140200
2 1.300620e-007 303.572255 236.768903
9 2.581490e-007 237.749329 149.965225
4 4.613400e-008 238.067434 151.601735
2 5.824990e-008 92.204203 169.466699
9 7.909170e-008 251.813475 160.403062
4 4.278870e-008 139.085032 258.396456
2 5.796810e-007 191.644459 283.860272
9 2.184080e-008 199.262332 278.617626
4 1.816230e-008 122.887275 38.132297
9 3.214170e-008 289.740773 123.148020
2 2.988140e-007 232.892472 238.001854
4 1.981340e-008 194.163320 118.346430
9 4.925540e-008 176.378395 254.492593
2 7.382960e-007 256.089161 339.901428
5 6.164090e-008 588.073662 117.003245
11 5.611540e-008 592.582459 92.394023
5 4.709570e-008 570.499143 108.476578
7 4.356180e-008 568.583597 108.275244
11 7.318020e-008 499.108700 259.115775
5 1.321800e-007 550.725608 263.620500
11 3.905310e-007 622.614082 313.957259
2 1.652320e-007 317.602465 345.060283
2 2.563850e-008 430.685836 295.343902
5 1.064600e-008 446.534093 349.145343
10 1.720350e-007 580.297538 558.281076
6 1.111070e-007 662.317171 566.901664
8 2.508360e-008 857.068544 474.358918
10 1.265370e-007 755.517741 527.423401
6 2.479680e-007 716.793736 608.539714
10 8.938140e-008 620.050204 633.224853
6 3.440130e-007 630.556852 630.605281
8 9.583880e-008 750.917034 564.501293
6 1.192920e-007 605.320000 700.238846
10 3.833280e-008 605.320000 704.939587
8 2.890170e-008 692.453245 810.346999
6 1.332860e-007 621.075499 784.735327
8 1.725900e-007 779.167476 698.094908
10 3.616500e-008 815.054006 635.937639
6 2.313960e-008 837.758678 596.612010
6 3.841680e-008 558.414024 667.366808
10 3.446420e-007 606.319156 554.508079
6 1.392750e-007 718.574318 647.140694
10 1.585970e-008 822.572459 724.390799
8 5.260080e-007 840.154114 741.369199
8 2.588540e-007 816.858142 701.339778
6 1.497260e-008 726.650814 805.464057
8 7.253800e-008 814.444409 883.197183
6 1.009740e-007 661.526717 730.146928
10 7.929260e-008 784.560963 637.434174
8 1.437780e-007 786.988380 635.604988
6 2.104440e-007 637.469792 735.611201
8 1.654050e-007 779.367014 752.067224
6 4.883150e-008 782.704932 745.223475
10 1.644120e-007 669.228148 630.406416
6 7.649550e-008 805.965556 620.844689
8 1.431140e-007 868.628656 616.462805
10 3.384810e-008 807.257854 628.610650
6 6.049610e-008 747.428828 750.763039
8 9.471610e-008 723.209948 786.669203
6 1.283260e-007 701.198000 718.554905
10 3.396520e-007 701.198000 626.306177
8 5.433640e-007 846.065999 636.350491
6 4.166990e-008 655.849947 541.053469
10 2.329960e-008 594.123547 472.499226
11 3.778360e-007 608.469899 205.361353
5 1.206640e-007 605.943812 201.157241
5 2.436760e-007 602.677472 226.067580
11 8.310710e-008 534.362850 207.573739
10 8.822650e-008 563.420985 562.528492
6 4.258500e-007 609.095100 630.242895
10 4.695570e-007 709.834078 608.842714
6 2.557050e-006 621.187022 641.769290
6 1.233600e-008 764.740713 781.266276
8 3.927090e-007 846.429005 753.736625
10 4.510400e-007 664.617691 608.884531
6 2.814730e-007 658.776566 593.667817
11 1.855460e-007 607.093160 299.346200
5 2.352180e-007 606.220793 296.213855
2 1.410360e-007 270.738998 268.728955
9 5.913470e-007 187.709263 135.853555
4 1.631880e-007 116.368609 163.874937
2 9.156330e-008 145.632779 338.018216
4 2.183710e-007 82.338309 197.083417
9 1.019170e-007 85.280220 199.067766
2 4.257980e-008 249.907289 116.583677
9 4.334140e-007 204.218381 129.908115
4 4.285270e-008 223.754936 170.507483
2 4.860440e-008 256.597103 240.938258
9 3.471370e-008 193.240343 291.123988
2 8.371720e-008 83.304007 282.115457
4 8.941960e-008 5.527448 249.644377
9 2.902870e-008 58.631911 202.225578
4 5.610100e-008 127.634280 82.358390
2 2.080550e-007 249.519281 268.555895
2 8.777870e-008 295.923256 279.401039
9 1.692290e-007 168.260584 209.076959
4 2.798020e-007 80.798248 164.512566
2 4.301000e-008 360.355470 376.247896
6 2.825000e-008 488.040242 700.391668
10 4.592340e-008 580.804653 653.898249
6 9.401470e-007 590.036056 638.906775
2 2.571730e-008 344.708395 250.551913
5 9.021700e-008 520.763933 178.025034
11 1.458560e-007 589.143009 309.544911
10 1.470710e-008 525.064386 516.693309
6 1.016260e-007 587.874881 566.827441
8 7.214270e-008 716.960341 630.274052
10 3.661510e-008 662.012782 746.212399
6 7.457340e-008 728.861474 796.586461
8 7.174700e-008 833.281306 758.316715
6 4.007080e-008 622.172184 762.332581
10 6.227240e-008 526.780460 637.817307
3 7.760830e-008 165.075576 553.896500
6 4.074460e-008 547.415932 554.740041
10 1.035070e-007 582.376611 476.216902
5 1.465890e-008 499.970434 255.112711
5 6.168110e-008 550.221510 144.323905
2 6.472750e-008 391.353501 333.955130
10 2.059730e-007 614.526046 519.965063
6 4.241860e-008 615.091063 519.994674
8 2.606380e-007 831.534900 636.429390
10 1.837360e-008 812.938355 578.620624
6 9.806130e-008 681.687314 573.111087
8 2.039950e-008 675.194189 568.894382
3 1.031950e-007 166.100829 654.644244
10 5.054660e-008 511.713333 632.794614
6 3.344310e-008 540.188774 732.100926
10 2.004700e-007 684.690756 644.633422
6 3.130080e-007 696.318975 634.163306
8 1.877890e-007 776.370758 665.934715
10 2.564420e-008 785.005731 748.090915
6 4.935380e-008 786.641325 763.652538
8 1.379590e-007 754.185381 726.459200
6 4.724500e-008 756.122603 744.891029
10 1.427620e-007 636.208050 666.815209
8 5.955440e-008 633.301354 665.926547
6 3.166160e-006 616.630751 660.829851
10 3.667000e-008 842.467923 495.060227
8 4.444350e-008 844.926905 493.273676
6 1.406300e-007 613.009567 545.759926
8 9.177530e-008 782.737119 791.233976
6 1.117570e-007 740.503454 663.370207
10 1.528500e-008 742.910769 673.025338
6 1.869290e-007 556.393360 692.519927
10 6.132960e-008 602.928102 722.577455
6 1.857770e-007 731.995951 698.684659
10 5.136640e-008 743.157465 664.388186
8 9.581160e-008 734.338035 648.477606
10 1.337340e-006 683.204658 581.634243
6 6.702520e-008 679.994155 586.394020
8 8.654530e-008 757.042326 771.465158
10 2.770610e-008 613.689524 666.912754
6 9.156340e-007 618.428129 663.469953
8 1.530760e-007 765.009853 742.633483
10 4.395240e-008 836.022823 636.708391
6 2.988900e-008 778.882806 753.862298
6 1.126680e-007 556.419322 691.126973
10 6.195170e-008 581.076916 638.248453
6 1.254030e-008 542.422156 513.334940
10 2.355460e-008 541.148993 440.395345
6 1.421570e-008 607.329002 818.630380
8 7.710860e-006 879.758375 714.988407
8 5.072790e-008 781.076687 524.542926
10 5.721590e-008 780.347308 522.538967
6 9.289670e-009 780.151915 522.002129
8 1.613390e-008 680.127505 591.144166
10 1.727920e-006 678.343451 591.976084
6 1.500600e-007 677.865517 592.198948
10 6.803560e-008 646.182994 434.159369
6 2.583190e-008 646.173695 433.626607
5 2.357160e-008 674.662842 436.911678
8 1.486180e-007 822.282957 633.225421
10 3.459560e-007 706.554876 614.228042
6 6.553460e-008 706.973578 613.864067
8 6.502660e-008 751.156706 589.669294
10 4.523210e-008 791.392980 586.606130
6 2.726300e-007 627.999708 580.900336
5 8.961910e-008 610.027638 326.493594
11 9.092020e-008 556.907587 312.618647
10 1.753620e-007 585.937180 488.507739
6 1.976150e-008 565.245568 655.391079
8 2.636210e-008 746.574946 861.310433
8 1.936510e-007 786.941521 664.936687
6 6.727660e-008 786.503602 662.453108
10 8.227520e-008 772.447327 582.735443
8 5.628890e-008 840.274435 607.996572
10 9.641890e-008 705.237255 659.818532
6 3.218370e-007 704.714532 659.668644
10 3.353870e-008 534.942953 786.664150
6 5.013120e-008 535.064038 787.188628
6 1.084620e-007 681.444377 728.487099
10 4.638680e-008 656.929609 669.745547
11 1.432280e-007 786.388957 313.061850
5 6.046610e-008 746.549225 335.003815
7 2.603640e-008 703.575233 243.153901
11 2.120280e-006 704.782479 256.952504
5 2.025800e-008 804.197085 338.794823
11 1.582580e-007 691.633824 346.985296
10 4.034190e-008 730.035479 490.303823
6 3.488590e-008 782.343070 495.220147
8 2.473930e-007 894.287410 613.631207
10 6.252790e-008 737.810087 644.184238
6 8.388860e-008 721.520445 642.103442
8 7.564020e-008 786.109007 722.581272
6 5.517370e-008 487.848948 731.354130
10 1.972070e-008 510.933300 461.077709
6 5.962690e-008 555.375148 621.487277
10 5.552640e-008 556.011344 626.014013
8 1.800390e-007 746.619648 651.786691
6 5.175040e-008 741.642815 660.406859
10 1.464360e-007 743.899157 656.498752
8 5.732430e-008 898.389778 490.354205
10 2.630180e-008 790.043027 413.877766
11 3.014840e-008 815.543376 385.556816
6 7.401990e-008 703.531286 511.095445
8 2.564320e-007 862.775325 628.301554
6 7.263100e-007 679.158931 659.121347
10 1.985130e-007 724.210553 638.099580
8 1.958790e-007 837.745903 585.078364
6 7.383940e-008 520.065584 568.937740
10 2.977840e-008 481.455673 523.461995
6 3.870370e-009 548.270911 615.394158
10 1.108070e-007 606.253664 646.224414
8 1.116670e-008 736.604144 761.042560
6 5.935780e-008 719.724721 731.806652
10 1.016470e-007 686.212869 673.762642
6 1.953980e-007 717.266096 732.959429
10 2.410570e-008 751.731875 705.166865
8 4.624760e-007 827.355562 726.851847
6 2.576150e-008 697.600195 872.710491
8 6.192800e-008 805.480064 765.612502
6 1.043860e-008 804.825844 659.542116
10 6.555220e-008 781.142512 610.093360
8 8.951710e-008 777.887822 609.401552
6 1.773940e-008 764.649676 860.554415
8 1.078520e-007 805.184584 785.780218
6 2.719880e-008 521.822011 817.034538
10 3.765000e-007 622.844743 594.383550
6 1.265270e-006 624.183836 705.133723
6 8.073380e-008 628.954928 781.372584
10 5.249580e-008 557.047451 647.542523
8 4.218020e-007 898.022031 632.278464
6 7.803470e-007 597.296522 704.183314
10 6.328200e-008 565.064762 690.958649
6 3.695720e-007 629.740647 724.691768
10 2.126390e-007 696.583980 655.473759
8 4.318530e-008 744.727982 605.619393
6 1.320300e-007 652.001273 739.901697
10 1.507200e-007 620.114755 660.980368
6 5.519780e-008 525.696725 601.947154
10 1.517360e-007 570.237940 533.359420
6 1.997020e-008 632.317482 862.506116
10 3.010560e-008 567.015279 640.424133
6 2.937100e-008 556.770087 539.554055
2 3.165200e-008 352.888873 402.766527
10 3.512320e-008 518.640455 504.428235
6 1.615200e-008 518.429968 498.400632
2 6.692280e-008 367.151232 336.584505
2 3.200870e-007 274.879628 359.338000
2 3.785090e-008 329.913634 293.863022
9 1.540720e-007 264.700632 108.458639
2 3.610210e-008 212.971671 188.399133
4 1.410330e-007 135.762941 133.029017
9 9.890270e-008 177.993832 237.554266
9 5.079270e-008 351.015106 171.467886
2 2.664190e-008 379.134639 244.590916
5 4.915900e-007 614.659879 190.038662
11 5.030890e-007 613.033962 250.500237
5 3.484170e-008 438.522754 254.759230
6 1.505750e-007 549.316986 690.503843
10 4.217810e-008 586.914322 738.458322
3 2.650820e-007 126.770821 550.389066
2 2.266800e-008 284.204425 550.063731
5 6.545330e-008 525.357965 245.631409
11 2.600420e-008 508.067614 326.021210
10 9.539880e-008 574.051702 679.889435
6 4.000410e-007 575.977528 685.482413
6 1.772450e-006 665.116469 666.926198
10 1.832030e-007 714.410494 634.068097
8 4.614510e-008 666.549076 636.576397
11 2.072440e-008 574.491716 374.780918
5 8.527630e-008 531.157527 264.730041
11 1.333080e-008 535.491449 285.119872
2 1.000270e-006 234.195851 324.214913
11 1.077820e-007 558.328969 287.336465
5 4.805840e-008 516.801411 353.794440
10 1.037260e-007 562.570679 521.022877
6 7.040360e-007 661.569370 632.727525
10 5.158030e-008 702.260720 682.991008
6 2.489500e-007 558.674456 639.092445
8 1.360440e-007 757.738209 699.924181
10 4.017480e-008 821.887827 611.729852
6 3.760780e-008 690.900665 556.128782
11 5.528220e-007 720.203808 290.960119
5 3.225930e-007 729.001191 286.083647
7 8.047050e-008 687.552029 200.689277
5 1.165530e-008 774.573383 311.835409
11 9.981400e-008 743.040305 358.584965
7 3.682760e-008 851.467456 217.725086
11 4.632720e-008 827.894860 248.929038
5 1.522700e-007 699.656373 187.919451
7 1.376780e-007 677.786154 185.620784
11 2.087270e-008 720.726678 459.470515
10 8.264200e-008 701.982984 493.284927
6 4.584340e-008 649.699318 547.868998
10 3.666300e-009 822.980050 550.277676
8 5.649810e-008 889.423884 554.399121
6 1.967240e-007 694.388010 634.996901
10 1.802790e-007 581.829616 485.228371
6 1.393080e-008 540.932369 565.618324
10 4.616980e-008 536.744733 574.204219
6 2.400410e-008 480.893307 687.645108
10 7.046260e-008 606.578597 646.709259
6 5.048160e-007 706.834317 674.358595
8 1.363470e-007 761.538818 786.519486
8 7.769210e-008 744.053153 756.092171
6 1.895610e-007 719.788857 726.128163
10 5.199430e-008 623.281708 647.626311
6 3.968240e-008 549.064212 584.596386
10 5.254720e-008 574.353059 490.217080
5 1.524550e-007 603.459545 336.574472
11 1.445000e-007 604.005725 320.933858
5 6.121180e-008 554.590178 337.610916
11 5.956220e-008 554.887093 337.878259
2 4.950480e-008 259.595172 230.631008
9 4.727850e-007 184.892207 133.837075
4 3.422850e-007 110.969381 183.698586
2 3.262670e-007 267.438734 282.871880
9 2.290270e-007 207.975781 142.314878
4 1.642300e-007 89.846536 73.535230
9 7.539570e-008 67.476188 209.349791
4 1.781280e-007 127.378728 136.659284
9 3.263330e-008 120.759842 301.671346
2 1.110280e-006 148.653287 331.345307
4 1.217320e-006 66.145843 182.498238
9 7.798120e-008 243.891870 221.338811
2 3.726820e-008 245.557305 269.033718
4 1.384440e-005 34.088721 149.895739
9 9.694950e-008 100.797367 190.731821
2 3.155950e-007 163.980433 266.030077
4 9.155520e-008 116.940622 84.897123
9 2.001090e-007 74.557429 178.342443
2 1.225320e-007 104.195623 255.552051
4 2.235310e-007 127.655180 85.631325
9 5.088830e-007 116.101199 110.184406
2 1.705700e-007 179.677782 244.773022
4 3.150890e-007 94.169937 186.906063
9 4.221630e-007 174.974951 148.207382
2 2.135910e-007 289.859869 276.975103
4 5.170720e-008 95.224754 269.026749
9 7.433120e-008 91.294174 156.469768
2 3.147760e-007 143.036425 344.378836
9 1.957770e-007 74.107476 175.170435
4 4.428340e-007 66.845910 174.916824
2 2.343420e-007 184.267705 234.865687
9 1.586200e-007 255.590474 88.631556
2 4.271800e-008 181.946908 138.316567
4 4.443310e-007 129.391977 175.565646
9 3.446830e-008 81.373684 232.791410
2 1.205150e-007 159.698359 206.527087
9 2.028790e-007 105.962501 154.634956
4 1.324130e-007 100.886520 149.733136
2 4.459780e-008 246.213198 164.412443
9 5.541500e-008 219.337589 230.931233
5 1.775080e-007 560.348765 219.469057
11 7.388840e-008 589.631045 211.325047
5 1.134470e-007 589.220451 157.026802
11 7.912920e-008 616.830706 146.025165
7 3.217760e-008 609.954194 277.232506
5 7.146640e-008 735.688092 116.390459
11 7.247150e-008 751.221618 114.483169
7 1.009600e-007 675.659438 94.870798
5 1.725770e-008 534.798565 421.903573
10 1.320140e-008 568.765527 354.486866
11 1.153110e-007 585.396302 317.133454
5 5.251410e-008 576.228310 191.042265
11 9.896630e-008 570.470682 206.041570
2 1.167480e-007 315.803688 307.811688
9 5.737000e-008 300.551176 88.371443
4 6.628930e-008 203.641141 115.010699
2 3.724780e-008 203.047207 111.955225
9 1.882270e-007 95.736866 123.021073
2 3.028110e-007 237.531319 257.304853
9 7.820930e-007 211.077224 77.280708
4 1.239550e-008 169.855271 36.058460
9 4.502550e-007 188.994713 128.767785
4 2.383690e-007 121.958275 162.924404
2 3.518130e-008 219.668551 177.928015
9 1.245470e-007 90.360002 133.300158
4 1.092610e-007 156.125729 98.331808
9 2.187350e-008 120.875669 282.892656
2 2.831940e-007 173.242787 287.333357
4 3.100690e-007 131.357534 174.240865
9 2.257310e-007 103.362506 30.220659
2 3.280190e-008 149.058461 151.915271
4 2.170630e-007 31.074600 76.294633
9 9.831100e-008 84.995910 203.324756
2 1.427180e-007 296.322202 253.936132
4 4.303260e-008 164.018078 138.925786
9 1.912850e-008 238.982082 225.942856
2 1.784860e-007 105.594385 339.885391
4 4.996120e-008 171.324949 224.925025
9 2.564040e-006 134.416673 80.735916
2 2.319520e-007 287.713751 249.520562
5 8.920790e-008 543.752058 205.073912
11 5.767860e-008 578.344752 130.890328
5 1.074360e-008 596.990115 120.270242
11 4.181500e-008 552.679683 88.093708
11 1.495680e-008 629.186964 109.532840
5 4.756310e-008 695.521172 88.110231
7 2.874590e-007 744.766400 51.001284
11 2.287990e-008 477.697330 119.393334
5 6.459570e-008 569.352173 89.789687
5 9.668270e-008 597.908930 148.064368
11 2.330900e-007 621.118869 204.710879
3 1.177610e-007 134.755192 503.226900
2 3.817140e-008 132.260860 503.270433
2 2.425130e-007 238.454596 427.193322
3 9.930700e-008 162.240088 532.299766
2 9.426180e-008 194.974176 463.514176
3 4.856770e-008 173.626557 453.895096
5 2.068200e-007 610.855547 165.832639
11 1.651650e-007 604.816277 247.809192
10 1.135990e-007 609.239068 474.670939
6 2.567710e-008 664.903084 548.539410
8 8.915110e-008 703.118568 666.140409
6 3.857400e-008 675.661200 837.275616
10 1.783670e-007 659.597936 655.364457
6 1.148930e-006 657.602491 644.047797
8 3.907190e-007 798.031231 693.505297
6 2.407870e-007 687.329695 681.242754
10 2.068660e-008 689.024276 685.437001
6 1.258720e-006 607.470062 673.475445
10 3.805910e-008 608.830680 677.925836
6 3.112800e-008 543.703302 798.205408
6 1.256640e-007 668.295848 761.046718
8 2.298440e-008 752.174450 631.434241
10 8.763780e-008 753.745261 632.752307
6 1.394140e-007 686.635450 720.915882
8 3.581000e-008 688.378590 709.049435
10 1.361610e-007 756.424841 698.272025
8 2.707720e-007 780.564665 687.013330
6 6.674850e-008 778.031000 638.769549
10 2.196550e-007 778.031000 618.932368
6 2.228430e-008 736.746374 862.702304
8 1.981730e-007 920.279172 757.388161
8 8.241050e-007 893.828712 739.384890
10 6.322380e-008 666.019424 694.249139
6 2.619370e-007 665.516643 694.483591
6 7.212760e-007 596.107277 678.533379
10 1.724320e-007 651.973906 637.943899
6 5.741350e-008 629.500087 744.612125
10 2.798090e-007 613.144282 624.447477
11 7.830410e-008 699.034177 405.141770
10 1.120420e-007 718.667390 497.514686
5 2.456690e-008 683.970464 317.581934
11 1.525620e-007 683.464677 323.363039
10 1.527910e-008 811.955422 452.061316
6 3.580270e-007 669.790654 612.290164
8 2.363020e-008 773.335116 750.975498
10 1.243760e-007 728.209816 489.246304
6 3.041530e-007 671.555772 585.786391
10 1.303880e-007 755.192432 636.472482
8 1.076760e-007 787.003879 651.987919
10 1.385430e-008 551.338373 416.555580
5 4.359880e-008 555.517215 288.161161
11 8.211970e-008 553.774619 283.100304
2 5.633310e-008 415.573900 289.877530
5 6.771510e-009 511.487428 404.737341
3 1.652540e-005 37.466095 565.748041
3 5.834690e-008 138.857699 454.964673
2 2.874770e-008 136.847122 453.277603
3 3.483440e-008 261.445591 524.745094
2 1.996000e-008 263.603959 526.371536
10 7.317430e-008 566.135991 643.818573
6 3.475270e-008 569.022903 660.191193
8 1.411610e-007 799.379595 762.818028
10 3.010180e-008 782.318008 649.157150
6 3.952750e-008 782.049813 649.661550
6 4.542430e-008 656.351478 820.553132
6 6.832770e-008 765.647538 761.213845
8 5.368750e-008 787.081761 771.208726
10 3.777780e-008 803.546383 579.745609
6 1.525370e-007 652.947444 574.180523
6 2.825620e-007 752.931530 705.087765
8 2.051630e-007 788.679714 640.596668
10 7.211250e-008 792.360702 633.956023
10 2.344170e-007 603.774923 528.729525
6 3.301980e-008 649.945032 473.706291
11 9.602690e-008 762.300025 379.968052
7 1.153370e-007 798.568177 222.460880
5 4.888110e-008 759.888452 366.814611
11 2.523800e-008 751.363809 401.588326
10 1.423640e-007 709.915564 520.859281
6 1.357910e-007 683.643930 589.298817
2 7.389960e-008 410.205510 362.006349
11 2.931370e-008 424.512814 280.855351
9 2.098460e-007 240.294374 107.236660
4 1.814010e-007 99.809045 246.299896
2 1.052490e-007 113.197068 249.145607
9 6.213700e-007 124.570841 96.190476
4 8.183770e-008 126.589464 84.742312
9 7.327350e-008 68.823081 148.520174
4 8.213130e-007 64.089718 159.671311
2 9.036940e-008 145.740941 239.636848
4 2.969750e-008 171.845973 246.631635
9 6.141270e-008 240.713000 183.644873
2 7.031450e-008 240.713000 179.096092
4 1.078020e-007 41.609410 48.234800
9 2.315360e-007 242.373591 54.907820
2 5.354410e-008 171.767705 205.462253
4 1.918380e-007 95.159245 198.760113
9 1.149450e-006 194.546208 88.271574
2 1.368000e-007 147.146879 218.947224
4 5.835310e-008 142.339128 127.209653
9 9.461400e-008 188.191592 267.656074
4 1.614270e-007 122.337234 109.962915
9 5.948970e-008 161.036962 250.970176
2 1.426910e-007 159.586926 255.432900
4 5.869450e-007 85.919635 155.415270
9 1.080110e-007 56.445766 151.273047
2 1.802740e-008 51.704133 150.606664
4 6.615190e-007 77.951026 148.779271
9 1.014510e-007 66.053503 193.181472
9 2.934830e-007 148.149018 171.394209
4 9.632060e-008 123.928683 201.303941
2 9.908660e-008 138.014489 246.176588
4 3.074070e-008 144.617582 202.495647
9 3.985230e-007 169.731905 148.637814
2 6.945840e-008 173.184002 132.100938
4 2.147230e-007 123.354666 144.792801
9 6.326480e-008 63.423350 186.757283
4 6.580760e-008 133.514301 236.125175
2 1.140820e-008 176.538577 253.508227
9 5.832770e-008 155.240499 226.453578
4 4.920130e-007 46.020532 105.708226
9 1.170180e-006 132.428701 48.746858
2 1.264500e-007 211.118317 233.092643
9 6.845320e-008 247.414627 121.803060
2 7.818440e-008 201.422778 251.080335
4 4.011880e-008 90.985378 213.053567
9 4.839740e-007 105.907783 75.728648
4 3.113130e-008 136.469515 326.887881
2 6.711120e-007 155.116414 348.338576
9 1.448090e-007 111.101720 164.757313
2 1.534590e-007 186.085575 241.068289
4 3.987090e-008 230.976117 192.237375
9 6.614210e-008 309.886171 43.829188
2 2.846290e-007 222.822845 248.818884
5 2.816740e-008 505.698874 220.945740
2 3.386310e-008 339.616042 276.911426
5 8.946810e-008 492.705102 212.725608
11 5.331530e-008 577.140791 360.695483
5 4.080490e-008 579.506543 375.632559
5 8.295210e-008 550.785555 303.513812
11 5.873150e-008 530.622157 347.634566
6 4.903090e-008 553.912235 634.447592
10 8.531730e-008 613.628659 708.191308
8 4.900700e-008 899.794381 812.142966
6 8.625660e-008 704.529742 768.591775
10 1.694570e-007 759.380182 535.864216
5 2.621160e-007 662.710978 285.473775
11 8.109910e-007 662.599783 285.110072
10 5.861160e-008 649.911553 461.237455
6 6.460550e-008 612.516656 526.007321
5 4.726730e-008 669.671235 93.711756
11 3.826760e-008 754.687494 111.782548
7 3.190150e-007 761.511016 113.232935
7 9.164730e-007 773.579565 75.198907
5 7.010940e-008 625.401898 104.251470
11 3.212160e-008 625.133832 104.510340
7 3.264940e-008 583.775778 144.449571
10 2.822660e-008 485.250405 451.002514
10 3.903070e-008 567.185458 407.124660
3 6.183520e-008 130.428815 492.304294
2 4.774690e-008 119.027552 487.922083
3 1.339530e-007 172.662691 540.028518
6 7.887090e-008 508.720983 694.274030
10 2.798980e-007 686.596686 646.697124
6 1.095440e-007 538.431306 704.448175
8 5.257970e-008 812.248433 807.824648
6 3.225560e-008 789.376546 787.973949
8 1.481980e-007 823.081083 766.085879
6 9.458730e-008 706.841021 712.062842
8 3.872630e-008 684.257921 706.849105
10 7.293950e-008 617.129264 691.351181
3 4.565740e-008 168.987511 675.064330
3 1.755860e-008 153.097192 700.918624
3 4.398830e-008 77.457706 717.691669
3 3.535430e-007 111.959801 538.210767
5 6.130370e-008 511.604782 190.699916
2 8.567950e-008 369.670097 340.163836
4 1.085420e-007 176.646848 186.918179
9 1.295940e-007 174.942841 183.966758
2 9.275390e-008 136.361724 253.994559
4 5.406400e-008 209.207752 137.363915
9 3.277270e-007 212.356593 138.572641
2 5.211110e-008 85.350822 266.556893
4 9.472980e-008 82.762882 217.176360
9 6.737000e-008 79.007057 145.511376
2 2.117410e-008 274.879360 134.858483
9 9.714110e-008 194.888812 217.691737
4 8.143360e-008 164.134291 181.591410
2 3.771670e-008 172.557042 246.420489
9 6.442880e-007 198.174887 111.105530
4 2.996550e-007 99.220232 172.803224
9 1.560660e-007 148.384641 181.133763
2 4.836470e-008 155.981883 169.968290
4 5.169710e-008 160.006432 137.189994
9 1.094070e-007 133.211713 219.158338
4 2.192940e-007 75.182166 254.452208
2 2.508960e-008 112.945443 304.565878
9 7.300320e-007 156.703438 144.771233
4 1.603160e-008 278.965127 165.503702
2 6.637120e-007 249.474996 317.217246
9 8.883370e-008 173.135739 208.528642
4 2.946900e-007 118.628961 208.858405
2 3.215470e-008 104.569590 209.841543
5 4.418850e-008 557.681693 380.088127
11 5.392490e-008 557.303628 380.175410
5 1.183700e-007 574.853226 108.615395
11 2.053150e-008 641.895984 82.562134
7 2.770630e-007 766.930252 118.415347
5 5.645940e-008 703.264753 49.966669
7 4.059230e-008 653.018268 84.502859
11 7.019580e-008 648.986939 116.317107
5 9.046650e-009 680.751431 118.558069
5 7.316110e-008 540.511998 169.481787
11 4.635440e-008 495.259698 197.339747
2 7.433810e-008 346.564918 337.915777
10 2.928700e-007 642.623431 524.459779
6 1.085670e-007 706.752252 561.484435
6 6.744620e-008 697.729250 776.539193
8 4.314340e-008 713.678408 707.456113
10 2.349470e-007 737.759681 603.149127
6 7.738120e-008 699.796980 598.545674
8 1.539480e-007 744.193831 727.482871
10 2.076550e-008 756.573438 763.435687
6 1.429820e-008 727.468643 779.767297
10 6.668620e-008 596.514734 714.204155
6 7.399350e-008 794.354963 697.342144
8 4.526630e-007 803.831720 681.570184
10 6.016190e-007 687.874319 613.980365
10 2.563550e-007 635.270216 507.911385
6 3.641930e-008 697.140881 551.233757
10 8.723560e-008 704.038543 635.136788
8 3.402390e-008 683.080286 601.596539
6 2.188160e-007 665.190872 572.967468
2 1.656080e-007 278.495801 292.811877
4 1.548650e-007 113.696687 202.532022
9 8.516350e-007 140.913655 129.309934
2 5.279400e-007 203.675054 284.648945
5 1.052320e-007 629.663086 94.173220
11 9.752200e-008 603.922062 131.719724
2 1.970510e-008 347.059251 358.709026
5 4.498340e-008 540.385656 107.399291
11 2.562190e-007 608.812103 228.638438
10 5.448010e-008 547.478057 392.971115
5 4.444740e-008 572.738382 179.759040
11 5.636390e-008 618.484455 120.907669
7 2.115210e-007 782.092526 149.756414
5 8.842290e-008 582.906563 160.253201
11 5.745490e-008 534.987389 240.003781
10 1.567860e-008 558.540746 391.169988
5 3.728090e-008 450.791430 268.457943
11 3.351180e-008 519.577372 451.728922
5 1.261400e-007 537.226284 172.734745
11 1.259950e-008 492.352195 243.128133
9 4.156770e-008 407.317217 208.943665
11 4.077800e-008 498.432532 353.515688
5 1.754920e-007 565.930983 240.531129
11 4.527510e-008 565.787221 240.926110
5 8.490810e-008 531.625219 315.229440
11 3.841100e-008 531.190798 315.176100
5 3.331060e-008 605.730048 313.940083
11 1.933500e-007 605.290431 314.173832
10 2.853540e-008 587.347420 492.640302
6 4.452200e-008 572.008886 475.011527
6 2.581430e-008 601.865667 480.473929
10 5.861090e-008 602.332468 476.032743
11 1.654930e-007 617.749728 329.351414
5 1.550190e-007 557.514832 280.982899
2 2.126850e-007 300.114699 296.072007
10 8.768280e-008 570.167927 543.526602
6 8.640230e-008 589.509765 613.774731
8 5.474230e-007 832.925014 676.933940
6 7.494700e-008 791.751067 694.664338
10 5.956340e-008 788.865545 698.493561
8 4.493790e-008 872.282548 858.987714
6 8.026410e-007 637.246067 678.169644
10 6.122930e-008 632.791241 677.858119
5 1.534930e-007 547.975880 253.066319
11 2.400620e-008 548.065304 252.645619
5 4.013250e-008 647.218359 106.699361
11 7.576590e-008 647.630793 106.441643
7 5.180850e-007 752.277564 41.050893
5 9.815460e-008 544.877572 288.214964
11 7.388620e-008 544.554361 287.868363
5 6.609700e-008 523.997536 155.047910
11 1.124010e-007 541.075901 317.541031
5 3.996300e-008 530.219473 316.386059
11 4.835830e-008 570.848347 158.442419
2 6.319530e-008 362.414799 301.223006
5 1.419780e-007 579.581444 200.278309
11 2.050120e-008 528.742086 132.811942
10 5.784120e-008 569.004002 520.083276
6 1.196780e-007 643.974695 506.864082
8 3.547880e-008 735.461807 679.630724
6 8.379270e-009 775.320753 808.359083
8 6.543480e-008 832.742761 878.159720
6 8.865950e-008 548.941572 655.787817
10 7.707510e-008 560.091383 576.454798
8 1.024190e-007 770.674015 741.937015
6 2.336330e-008 780.911564 647.454754
10 5.459510e-008 775.148300 565.040039
8 3.238460e-007 923.011666 669.917341
10 1.766000e-007 736.505918 647.856838
6 1.870130e-007 736.634425 647.300220
8 9.640770e-008 750.885373 684.036576
10 1.409410e-007 720.801567 624.377972
6 1.519990e-007 720.247535 624.348935
8 6.160390e-007 850.071241 751.531469
6 9.116010e-008 675.212595 831.051405
8 1.007360e-007 746.518975 713.199806
6 6.158350e-008 784.746799 734.389842
10 3.020130e-008 811.275555 749.094977
8 7.930440e-008 760.714554 756.804723
6 4.910940e-008 760.488094 695.929156
10 5.967730e-008 761.944507 612.491173
5 3.700470e-008 657.372575 408.062880
11 7.043830e-008 657.478465 408.432161
6 5.757750e-008 725.365133 555.138686
10 4.206570e-008 802.998931 526.882276
8 7.593630e-008 859.699913 506.244792
8 1.587520e-007 799.128995 745.039071
6 1.527240e-007 729.506360 682.350226
10 2.588240e-008 771.999418 725.720760
8 6.262060e-008 862.923133 561.559811
10 1.115970e-007 799.929564 506.908941
6 1.660090e-008 760.488769 807.620889
8 6.824520e-008 762.922671 820.142131
8 6.042820e-008 806.312044 614.718559
6 6.966560e-008 804.966838 616.789987
10 5.060610e-008 778.087054 658.181086
6 8.393820e-009 675.167955 867.816266
6 4.502260e-008 782.427059 828.804909
8 7.819630e-008 795.740176 827.170286
8 2.136240e-007 798.970585 778.900928
6 1.532840e-008 801.586482 778.672063
6 7.243620e-008 542.553234 586.758570
10 1.279450e-007 579.964805 559.373870
8 3.242030e-007 807.895638 687.389100
6 2.041580e-007 706.221426 648.486835
10 1.501860e-007 674.110553 624.289690
6 5.155440e-008 523.181769 553.776724
10 2.996500e-008 511.841629 514.022232
3 3.672130e-008 67.884305 784.136245
3 9.951670e-008 107.414672 684.374889
3 3.774080e-008 114.045402 701.102313
3 6.613320e-007 68.921498 590.828638
2 8.045740e-008 226.080397 495.587158
3 1.284130e-007 156.821865 525.411158
2 1.029720e-007 269.802481 463.374443
3 2.178570e-007 64.866248 486.868759
2 3.487970e-008 255.656672 494.441642
3 5.395600e-008 115.023716 518.006543
2 1.730370e-007 165.892401 426.696065
3 6.499450e-008 59.411300 424.837236
2 2.366960e-007 237.733966 392.705429
3 5.578430e-008 38.032067 447.390560
2 7.281640e-008 128.389781 448.693666
3 2.918890e-007 14.021884 522.965363
2 2.627300e-007 235.417894 412.813062
3 1.753170e-008 104.209939 463.179235
2 2.736240e-008 274.388782 528.514144
3 1.235820e-007 103.433906 485.679162
3 2.867100e-008 139.345196 764.277842
3 7.524360e-008 199.533939 498.802216
2 4.636610e-008 201.581698 500.402095
6 9.126820e-007 622.057602 621.489669
10 3.154830e-007 631.440323 625.091355
8 1.613210e-007 750.695048 638.255427
10 6.317490e-008 767.024869 634.632000
8 3.176550e-008 719.363180 627.904307
6 2.100510e-007 721.518539 626.450494
8 2.940920e-008 788.892712 909.762386
6 2.955650e-008 741.001484 865.154765
10 2.608910e-008 598.836280 677.432221
6 5.702590e-007 590.471972 703.174707
10 1.201210e-007 766.861738 532.520197
6 5.222250e-008 747.543392 549.914480
8 1.924710e-008 688.865896 602.747832
3 2.403660e-008 231.639689 655.098398
3 2.388320e-008 44.257478 707.162774
3 4.547830e-008 107.854854 771.330832
3 8.049620e-008 133.169673 656.447492
3 7.295770e-008 81.361229 695.282939
3 2.219710e-007 38.466416 651.733497
3 5.427570e-008 149.070776 680.534064
3 1.016360e-007 29.301213 705.267976
3 1.352340e-007 120.677221 579.578481
2 6.539000e-008 79.839885 504.263724
3 3.070700e-007 101.164036 503.442688
6 4.817330e-008 594.003849 539.785316
10 3.156610e-007 598.567617 541.093966
8 3.135900e-008 809.688677 535.508255
10 1.368120e-008 851.240563 703.179004
8 3.456490e-007 835.581263 774.959300
10 1.346660e-008 850.921597 490.874966
8 4.929840e-008 780.856731 533.514537
10 4.924200e-008 748.749116 404.244218
11 6.162340e-009 791.318981 377.643610
5 9.741190e-008 744.868971 247.375606
11 6.055950e-008 753.383776 320.787947
5 3.244640e-008 727.536987 352.294100
10 3.529120e-008 711.106487 363.194679
11 1.583670e-006 683.681447 306.724666
5 9.631210e-008 705.538517 320.363527
11 3.452260e-007 704.001624 325.723336
10 1.448910e-007 681.810284 462.033112
6 8.407400e-008 582.341532 586.448062
10 2.516610e-008 538.400094 646.521692
8 1.655690e-007 761.316766 699.138750
6 2.017830e-007 717.963869 680.132362
10 4.410580e-007 621.805498 593.551241
8 6.683690e-008 734.088533 553.175375
6 4.906580e-008 725.225095 509.208437
10 2.543060e-008 869.659674 521.845041
8 9.705340e-008 726.758823 684.907317
6 4.478750e-008 771.471957 778.242455
10 2.889780e-007 680.043280 606.760015
8 2.673460e-008 668.664742 598.185633
6 5.752210e-008 548.770513 507.838442
5 3.613810e-008 547.310315 325.211496
11 9.316420e-008 543.643759 329.283610
5 1.591810e-008 503.486099 82.787363
5 1.460850e-007 596.708434 313.853795
11 6.482570e-008 533.586170 303.309095
3 1.106790e-007 10.574155 661.889667
3 1.426260e-007 131.402859 559.330281
2 9.749240e-008 246.655097 419.298238
2 1.642170e-007 320.598549 319.487181
9 8.493940e-008 280.619501 145.289489
2 1.581380e-006 168.021130 342.911836
5 1.346710e-008 404.323693 310.486268
2 1.872870e-007 297.418136 306.753069
2 7.887690e-008 415.541584 280.784265
5 6.394970e-008 524.075075 254.850309
11 6.075010e-008 542.262370 327.794687
5 7.811230e-008 577.513663 238.376201
11 1.931100e-007 588.091008 236.320128
2 2.771270e-008 358.633755 490.213596
6 2.150160e-007 584.535187 610.315870
10 1.785350e-007 594.778166 610.673574
2 9.850380e-008 335.158538 316.245709
5 5.955240e-008 528.889255 176.899567
10 1.232330e-007 601.071968 535.231052
6 7.453730e-008 645.049987 590.765300
8 2.366450e-008 699.822138 618.824843
10 5.422010e-008 643.058138 688.965741
6 7.664690e-008 660.812050 744.184000
8 5.907110e-008 831.979509 812.569390
8 1.237490e-007 778.728119 713.829079
6 6.078860e-008 763.064229 640.136501
10 4.717560e-008 794.770333 573.561383
8 1.264020e-007 837.951205 571.067392
10 1.028850e-007 783.265106 546.494179
6 1.620780e-008 698.970200 551.001439
11 1.847700e-007 695.262313 339.147236
5 6.755320e-008 701.039789 331.195243
11 1.523320e-008 716.421805 415.257074
5 4.630560e-009 715.237410 424.903516
10 8.929900e-009 709.955024 467.926539
6 2.465500e-007 612.833776 580.516741
3 7.016280e-008 141.375443 598.237740
2 2.240230e-007 176.151316 438.772588
3 3.280880e-008 174.541744 467.990869
2 5.516160e-008 355.655227 246.925191
2 2.377040e-007 184.103945 241.218380
4 2.066110e-006 53.521489 158.937429
9 5.469700e-008 56.826809 158.472898
2 1.051310e-006 216.994782 328.441921
4 1.681920e-007 88.693704 224.545513
9 1.937430e-007 204.499676 198.545972
2 1.845640e-006 194.941591 357.542933
4 2.632210e-007 102.985592 221.265278
9 1.118160e-007 172.996817 240.024585
4 1.645760e-007 79.198936 234.598149
9 1.762520e-007 65.095028 162.040015
2 1.399230e-008 58.994983 130.658084
4 2.477050e-008 215.531914 144.694096
9 8.024240e-008 236.172665 208.920340
2 1.032110e-007 239.955331 239.727200
11 3.662570e-008 556.712458 210.778541
5 8.317790e-008 562.831442 202.946618
7 2.761170e-007 759.082035 38.504223
11 2.139660e-008 475.056733 140.306998
5 2.898660e-008 464.696109 138.480129
10 5.323130e-008 528.305899 583.616985
6 5.428240e-008 525.953044 588.662699
8 7.719750e-008 725.393515 810.554620
6 4.634870e-008 725.160275 823.914479
6 2.371240e-007 557.218267 623.443928
10 1.900010e-007 622.217685 590.325007
8 3.248720e-007 865.285064 607.633439
6 1.084980e-007 703.342192 660.417371
10 1.208440e-007 698.836175 661.375154
8 7.567640e-008 896.258593 525.268138
10 1.618880e-007 766.001843 572.191378
8 3.649710e-007 828.713399 645.033269
6 6.266470e-008 768.548307 665.750026
10 1.008230e-008 716.086545 683.814280
8 4.943090e-008 731.339064 692.407129
6 9.749740e-008 672.255477 726.519044
10 3.162760e-007 627.530133 619.851423
8 4.351460e-007 807.566735 688.501049
