8 4.037690e-008 781.958000 531.419000
3 9.115880e-008 747.537970 561.339752
4 2.838020e-008 788.582205 601.743508
3 2.126080e-007 633.038294 514.128372
5 1.212870e-007 766.291008 420.823796
11 7.991660e-008 671.282088 236.757822
10 1.041150e-008 729.256009 268.893225
3 8.587340e-008 821.954228 320.276582
5 1.363540e-007 711.257766 393.782972
11 1.199230e-007 776.800400 282.991511
3 9.079330e-007 718.458413 385.535982
4 1.589230e-008 603.231129 613.023933
10 4.224320e-007 728.957389 95.060301
11 3.401180e-008 748.989686 82.542776
3 1.597810e-007 596.329338 402.461006
5 5.796940e-008 622.266446 463.565046
11 5.191810e-007 774.534781 236.549839
10 1.091980e-007 824.206793 218.858944
5 4.205050e-008 849.381427 301.201337
3 8.206010e-008 873.768218 380.966812
4 3.229470e-008 819.798444 619.075647
8 4.554020e-008 823.038239 611.443119
5 5.533940e-008 777.671287 572.242857
4 1.047910e-008 913.625063 638.846044
3 3.700180e-008 812.142321 556.114186
5 6.784360e-008 803.714525 570.711555
3 8.603420e-008 770.609201 514.226004
5 8.871860e-008 870.943291 494.722916
4 3.819870e-008 692.816229 724.416052
8 3.012670e-008 690.474748 726.451470
4 2.860780e-008 807.999790 901.568856
8 1.445470e-007 804.917547 900.857267
3 1.472210e-008 433.305044 509.336692
3 2.385790e-007 697.059099 526.507427
3 1.164380e-007 558.493141 371.223765
9 8.790460e-009 319.969262 530.545000
6 6.234240e-008 422.790459 207.221077
