3 7.614650e-008 640.675856 631.418107
11 1.289990e-007 452.992463 434.395361
7 9.404540e-008 474.488627 281.676222
8 2.454060e-007 542.095491 222.906209
5 9.686380e-008 639.497373 150.960930
8 6.111430e-008 565.221071 260.335547
3 2.373190e-008 785.407815 665.449549
3 3.249810e-007 696.171432 721.499420
3 9.173170e-007 665.656109 760.326590
11 6.298100e-008 484.403755 491.644364
3 8.233900e-008 671.414262 581.024746
11 3.861060e-007 423.900912 511.174439
7 1.159160e-007 464.243873 349.366246
8 1.169110e-006 536.242175 206.785809
3 3.237030e-008 536.554994 607.434401
11 1.081890e-007 460.636078 575.578502
7 9.583170e-008 411.700424 447.949727
11 6.981760e-008 461.992538 367.740294
8 9.029120e-008 514.496730 237.786857
7 1.324890e-007 426.253116 315.140945
8 1.044400e-007 498.534110 125.995998
5 4.061060e-009 482.849895 153.393323
