3 2.804740e-008 701.474102 636.937364
2 1.622540e-007 773.001930 416.124756
5 6.451350e-008 685.106350 244.420720
2 7.980090e-009 703.149820 397.392838
3 1.921660e-007 521.538428 557.921660
5 1.077490e-007 485.474805 272.126041
2 1.649820e-008 683.943789 123.187823
5 6.488160e-007 560.612820 172.406174
2 3.588140e-008 600.346414 411.924651
5 3.338070e-008 708.522743 290.004880
2 3.707110e-008 829.878734 237.410999
11 6.261250e-009 820.119451 618.319396
11 1.214910e-008 696.225261 721.452627
4 3.064650e-007 637.455028 772.540802
9 6.546600e-007 677.902311 909.571366
11 2.784050e-007 828.447489 906.289559
4 2.354570e-007 751.084479 888.428978
9 3.909150e-008 668.871003 773.220682
3 2.436840e-008 577.035334 649.216768
3 1.124690e-007 431.492374 573.193508
3 1.691660e-007 444.053993 536.353410
5 1.207120e-007 498.191705 281.463806
2 3.544290e-008 555.019269 351.379826
3 1.570900e-007 511.597463 621.843687
5 1.703320e-007 489.404975 299.891609
5 6.101370e-008 452.376516 175.493932
5 4.293340e-008 435.327124 338.160312
7 1.116170e-007 225.278618 308.671218
8 2.739280e-008 193.258535 312.288420
7 6.710820e-008 102.335001 185.214884
10 5.554680e-008 25.431497 189.440037
8 3.094520e-007 29.156121 184.313536
7 2.388900e-007 215.515854 197.771244
8 9.107980e-009 237.682927 198.545288
10 1.166140e-007 74.144015 228.401382
8 1.279290e-006 94.068882 115.401747
7 1.597750e-008 100.399570 77.002272
8 1.879670e-007 137.857710 155.961203
7 1.779080e-007 177.473854 203.174037
8 3.760770e-007 136.610759 168.767544
7 4.003790e-008 83.741464 199.291633
10 8.659690e-008 38.454388 219.538405
8 7.700270e-008 188.008392 235.958861
7 1.499220e-006 221.776012 185.896029
10 1.785180e-008 153.884831 320.869632
8 2.453250e-008 169.392037 344.210588
7 7.026820e-008 122.459705 228.049326
8 3.212030e-007 46.110982 80.389780
7 3.372360e-008 143.849796 94.345920
8 8.511940e-008 221.873423 132.183379
7 6.654330e-007 205.199111 181.968847
10 3.888340e-008 211.153175 295.169264
3 1.779580e-008 268.243789 555.015312
6 1.140640e-007 182.159521 566.950977
10 2.713850e-007 67.754455 391.785490
10 1.556960e-008 183.527531 462.912042
3 1.531930e-007 379.286647 609.358131
6 1.330370e-007 253.415502 661.077899
3 6.343290e-008 314.494831 692.255887
6 3.114660e-007 251.886420 744.790536
6 1.433170e-007 244.294871 768.893161
3 5.965950e-008 331.141502 685.805049
6 1.334960e-007 128.908069 827.466795
6 1.558170e-007 284.958825 811.036827
3 1.127090e-007 378.284108 734.093728
6 2.472050e-007 151.354485 745.112795
6 8.511130e-008 155.194061 888.010372
3 5.732140e-008 300.622944 746.231432
6 1.235820e-007 287.603402 750.211907
6 5.591480e-008 103.680145 859.895411
3 3.598120e-008 308.475795 700.643112
6 3.510770e-007 273.155329 745.480826
6 1.199410e-007 189.826910 870.618625
6 8.073820e-008 264.241135 627.588184
6 1.028230e-007 57.567756 695.391140
6 5.174320e-007 184.066347 802.700368
3 9.458300e-008 400.243800 717.237563
3 3.096630e-008 328.134536 543.358342
10 2.149880e-008 147.317686 468.289918
6 7.256820e-008 181.841151 593.325933
6 3.305870e-008 375.104498 574.925193
3 2.604150e-007 450.667850 595.069084
2 5.825570e-008 597.005758 304.956418
5 1.616510e-007 596.951635 301.856600
11 4.283560e-008 834.061821 663.977691
11 5.258140e-008 762.270695 690.889185
4 4.165690e-008 720.876184 732.282012
11 4.247200e-007 841.963959 760.870100
4 1.861010e-007 774.455282 819.554148
9 3.014170e-008 803.149580 778.355443
3 1.040200e-007 571.134219 690.069326
3 1.051950e-007 519.114949 561.286591
3 4.944800e-008 464.200979 506.807933
4 6.881840e-007 679.854944 775.593721
11 2.278860e-007 758.273554 774.074449
4 3.171580e-008 553.931853 759.455175
3 4.687540e-008 507.548142 752.072650
10 2.789820e-008 160.848851 473.034297
3 2.858800e-006 459.215882 611.361052
3 6.825290e-008 417.384439 528.041549
6 3.802580e-008 344.887626 691.439752
3 1.012530e-008 268.514129 726.107338
6 7.431820e-007 186.152312 774.534007
3 6.236860e-008 287.521569 690.352477
6 6.638210e-007 186.373952 795.185822
6 2.039530e-007 92.749323 730.524150
3 2.343340e-007 387.245089 575.648929
11 9.414780e-007 817.373026 787.405691
4 1.556370e-007 817.489519 792.539547
11 1.364460e-007 886.173376 749.902595
4 1.153850e-007 770.322409 939.182666
9 1.982010e-007 692.901908 976.943153
11 5.935600e-008 733.627423 809.627539
4 9.144540e-008 804.752169 806.738710
11 1.686110e-007 880.756579 783.467920
4 3.496030e-007 743.023363 798.688770
9 1.160960e-007 686.392462 897.937143
4 3.474030e-007 632.576432 824.938629
3 1.517340e-007 478.557895 755.383217
9 1.586940e-008 567.312828 815.525416
4 5.554320e-008 600.028786 746.678173
3 7.513390e-008 575.176149 589.767081
3 2.231100e-008 609.824980 610.830796
2 7.362590e-009 799.022594 514.562688
11 3.987210e-008 718.525363 721.114027
4 1.985590e-007 652.942166 772.353328
9 2.525630e-007 670.306581 874.907449
11 1.346910e-007 755.098860 867.488947
4 2.886290e-008 834.757119 860.519621
4 1.889380e-007 693.065700 759.793161
11 1.279120e-007 769.908281 758.582271
4 2.343690e-007 770.108353 902.001508
9 2.305720e-007 755.750156 903.031258
11 6.178150e-008 763.113009 906.006049
4 2.402020e-007 750.312025 747.215121
11 6.095880e-008 741.381469 675.948425
3 7.080750e-008 559.495827 733.784744
5 5.255840e-008 483.867672 325.372428
7 3.882640e-008 423.336378 175.058956
5 3.058070e-008 491.849308 98.967547
2 2.178700e-008 577.681956 141.926159
5 2.206690e-007 511.933189 284.187534
10 1.216310e-007 108.982961 336.537049
7 7.312590e-009 112.766964 332.334460
8 7.349300e-008 165.959771 273.257461
5 5.808600e-008 504.555444 341.330404
2 5.612970e-008 573.782969 271.049822
5 5.089150e-007 546.147651 186.796353
3 1.985500e-008 447.503775 467.991832
5 7.495880e-008 465.635004 335.892770
7 3.863500e-008 378.635900 272.379266
2 3.392570e-008 675.133452 114.218800
5 4.377400e-008 671.991776 114.944121
5 4.634090e-006 534.873736 221.354679
5 3.128400e-008 543.770814 366.606060
2 8.957650e-009 542.260684 409.846299
10 5.202050e-008 136.180915 255.833393
7 4.215090e-008 135.389777 244.519792
8 4.774250e-007 130.003433 167.492772
7 9.165640e-008 247.968772 127.919336
8 1.220990e-008 218.464769 262.153118
10 4.068310e-008 185.325619 319.220191
7 1.076990e-008 132.980708 237.676955
8 2.526130e-007 94.565524 178.522985
7 5.853860e-008 102.750161 211.841184
10 3.254150e-008 87.446809 199.000151
8 9.475900e-007 59.284151 175.368883
7 3.835640e-006 230.807939 174.793553
8 4.553270e-008 259.016858 145.582307
7 3.178500e-007 203.373332 130.731823
8 1.172770e-007 232.583297 183.428089
10 1.467740e-007 105.146491 332.581314
7 7.235400e-007 198.658997 186.837167
8 1.612140e-008 210.334461 241.765746
7 3.756770e-008 303.520160 334.945580
5 1.987040e-008 446.455469 241.424251
5 2.481650e-008 593.490589 80.347901
2 2.261190e-008 591.577122 79.574814
7 2.056070e-007 343.027480 166.509328
8 6.074840e-008 180.052385 262.734164
10 3.300010e-008 253.090051 311.998866
7 2.216750e-008 390.403998 204.660701
5 1.042430e-007 460.715386 148.918867
5 1.465910e-008 508.057023 368.973824
3 2.190380e-008 531.142936 576.779838
4 1.788060e-007 630.989986 805.437981
9 6.740960e-008 688.329916 851.871177
11 1.417730e-007 764.743817 913.750248
2 4.399030e-008 831.511123 405.799265
2 7.726050e-008 735.134889 449.063921
11 2.985180e-008 748.059070 718.649360
4 3.726240e-007 703.619687 787.079809
3 3.358640e-008 533.775983 751.252011
2 2.005830e-007 688.345924 355.221614
2 4.784040e-008 769.665854 199.505472
3 6.153620e-008 482.798323 481.345716
3 3.731020e-008 598.364008 577.178562
2 4.486150e-008 698.413541 423.884268
2 1.915070e-007 766.664707 284.859268
5 4.652290e-008 727.916370 356.105797
2 1.192760e-007 780.055423 406.655337
5 1.403570e-008 783.037324 296.598021
2 2.972210e-007 763.728326 296.552776
5 1.098530e-008 769.415096 259.686066
2 2.362390e-007 780.283192 280.125989
5 5.774260e-008 666.343738 272.488422
2 3.113940e-007 686.485168 263.096268
2 6.155000e-008 763.047784 226.056559
5 3.767390e-008 753.521511 291.847411
2 5.542300e-008 863.856240 313.294339
2 1.296510e-006 718.073158 333.595614
3 1.471950e-007 524.011598 583.397033
6 4.828170e-008 199.395589 555.222466
10 3.570910e-008 77.067786 441.149933
6 8.341720e-008 156.218428 594.599254
10 1.010550e-007 54.742690 432.840119
6 1.449240e-007 179.469603 580.533631
3 3.273150e-007 405.182988 582.065741
3 3.819420e-008 632.572471 582.900430
2 9.419220e-008 746.320039 360.094407
2 7.395730e-008 822.676890 295.467998
2 2.722450e-008 921.660968 355.326874
2 2.082540e-006 693.006961 292.807688
2 1.956680e-008 718.588223 487.572104
3 1.109100e-007 491.819024 546.061545
5 4.146340e-008 472.820195 385.477795
3 2.761670e-008 458.416173 473.847654
3 1.419560e-007 543.795816 642.321396
6 1.615020e-008 296.444941 895.912013
6 4.091350e-007 118.279917 692.995794
3 9.446670e-008 324.776170 725.369832
6 8.319460e-008 147.223170 827.355284
3 3.559830e-008 291.204144 780.966627
6 2.267210e-007 281.319729 787.180264
6 1.030460e-007 287.915479 817.290996
6 7.310960e-008 220.160095 901.553866
6 6.710840e-008 111.266249 899.129336
3 1.987270e-007 419.158569 682.320482
6 1.554010e-008 356.172138 839.785420
6 7.007600e-008 25.509172 760.272400
6 2.766090e-006 163.347402 709.678465
6 1.521100e-007 84.402296 674.432489
6 5.791990e-008 60.446915 848.975667
6 1.010930e-007 235.264623 801.482719
3 1.199250e-007 332.826722 671.661696
6 1.398800e-007 204.738361 782.315530
6 5.715060e-008 213.283585 814.705380
6 3.951060e-008 287.956141 888.809680
6 6.965200e-007 228.838375 740.399863
6 6.280310e-009 344.551674 774.484950
3 1.984900e-007 405.204633 727.098102
6 1.393140e-007 81.189765 733.903198
3 1.119590e-007 394.886726 702.192121
3 3.658610e-007 438.709187 605.876895
4 2.980200e-008 719.284917 666.233149
11 5.614150e-008 718.816722 663.824480
3 7.936130e-008 488.052959 511.785012
6 1.745550e-007 279.198778 723.510735
3 5.738320e-009 327.223950 711.833966
6 1.522240e-007 265.879618 767.068812
6 1.236710e-007 278.255652 784.726560
6 9.645820e-006 178.711523 711.559126
6 3.551180e-008 198.503861 869.520290
6 6.346260e-008 311.838506 801.472493
6 3.790280e-007 266.944814 715.431733
6 1.067230e-007 266.626799 823.213053
6 1.154550e-007 104.764957 763.091948
6 1.952570e-006 215.247603 701.698853
3 2.032140e-008 263.841599 674.679405
6 3.340840e-008 64.569417 825.777376
6 5.286780e-007 214.241966 768.044756
6 2.609370e-007 169.585086 815.789932
3 1.818460e-008 293.009957 731.223943
6 6.659790e-008 124.812177 929.489740
6 1.016190e-007 176.233341 795.911194
6 8.415670e-008 309.575638 861.605291
6 2.181120e-006 159.829374 697.364081
6 1.163630e-007 292.702561 838.220437
3 1.613800e-008 280.071349 632.820440
6 7.687250e-008 278.175225 635.080167
6 1.179880e-007 306.492957 808.698242
6 2.893650e-008 275.291953 902.298008
6 1.181340e-007 278.596863 805.957495
6 9.113610e-007 199.321688 763.632536
6 3.454980e-008 335.423490 839.434856
3 3.221080e-007 413.362868 708.579384
7 3.349380e-007 287.360540 204.951543
8 2.965700e-008 245.113606 187.851209
7 7.163350e-008 140.535340 159.193639
8 1.950530e-008 160.888441 239.443032
7 2.712450e-007 217.765165 97.998062
10 9.215930e-009 218.534895 252.091212
8 2.114890e-008 270.077089 181.149451
7 4.536800e-008 139.159779 45.683652
8 1.788860e-007 190.955169 164.223010
7 2.488900e-007 191.642430 154.395171
5 1.011690e-007 457.362298 162.634537
7 7.208910e-009 508.531825 153.611898
5 3.585780e-008 613.138106 94.554512
5 3.984250e-008 438.154101 94.566413
7 2.808390e-008 385.147246 311.559204
5 1.766160e-008 468.390952 365.617984
2 1.349720e-007 619.155475 310.378752
5 8.861040e-006 535.123987 237.331281
7 1.964830e-008 403.203884 162.574309
5 7.839660e-009 464.713327 86.616012
5 2.121540e-008 443.996238 352.272261
3 1.547190e-007 540.487260 539.610385
2 3.753760e-008 788.181578 500.972859
4 1.305110e-007 635.909973 762.732209
3 1.001100e-007 548.758193 725.865264
3 1.086210e-007 605.320000 639.328985
4 4.728550e-007 689.263958 761.121664
11 1.478120e-007 760.049452 807.090150
9 9.806680e-008 595.536427 796.896385
4 4.298920e-007 738.971446 853.717916
11 2.131190e-008 673.035938 809.243833
9 1.288980e-006 675.302999 951.632248
4 6.643970e-008 751.836374 745.433747
11 4.970950e-008 790.385308 678.665060
3 1.570580e-006 470.248742 671.685755
3 2.834600e-008 613.648134 537.241887
11 9.954180e-008 819.169281 721.104390
4 4.319200e-008 749.581062 654.888064
11 8.461110e-008 857.827652 684.787127
4 1.296930e-007 716.921384 944.599700
9 5.546640e-008 763.823975 922.814545
11 2.549580e-007 853.872223 861.342033
4 5.826120e-008 546.633967 908.512941
9 4.949760e-008 523.641212 906.989118
4 1.173420e-007 592.814156 796.116453
11 1.827470e-006 799.414685 815.210995
4 2.994200e-007 720.519842 785.512745
3 7.697700e-008 560.491826 804.074447
9 2.912040e-008 524.015788 854.279582
4 3.499900e-007 734.808653 843.425435
11 1.769300e-007 753.690783 804.711318
9 1.417330e-007 635.055131 817.569600
4 4.109080e-009 743.573342 625.207631
4 1.216170e-007 760.115371 731.954362
11 5.069890e-008 758.810522 733.888892
9 4.778930e-008 701.198000 759.724893
4 2.143360e-007 701.198000 742.879493
11 3.271670e-008 701.198000 740.377608
5 6.302170e-008 460.633793 320.435352
2 4.603910e-008 582.484173 162.113882
5 8.423790e-008 551.498249 148.759680
7 2.841290e-008 421.692777 231.593592
5 5.486060e-008 451.262174 327.499012
2 4.866690e-008 583.194150 219.748613
5 1.101160e-006 559.809788 213.918302
7 7.343760e-008 438.624660 209.041844
3 7.722070e-008 580.060457 587.197429
4 4.148490e-008 628.557502 689.640474
3 7.505880e-007 508.103320 683.760229
9 1.752780e-007 557.937570 897.745929
4 2.788520e-007 646.867555 915.031926
9 3.019910e-008 715.962123 798.061970
11 1.177910e-007 800.547155 768.937218
4 9.037350e-008 803.317258 767.983401
2 1.331650e-007 609.378062 332.020454
5 8.567690e-008 570.135967 333.580934
7 3.953630e-007 245.089469 227.681113
8 5.329180e-008 204.648119 162.961400
10 8.437190e-008 3.712888 209.391055
8 7.486900e-007 73.610641 218.153228
7 6.542710e-008 71.383515 214.446667
10 2.494730e-008 188.315410 268.566055
8 4.894430e-008 268.078097 223.421256
7 3.431980e-007 268.548923 227.900867
7 2.475600e-007 220.790842 197.672900
8 1.943530e-007 179.085890 130.930591
10 1.892800e-007 27.757139 259.673018
8 5.553800e-007 85.032519 106.213098
7 6.470370e-008 73.713875 160.787999
10 2.097140e-008 108.259224 120.383880
8 2.905930e-007 194.160036 176.121628
7 3.549650e-008 288.486987 303.642508
5 2.457260e-008 368.965439 243.237544
7 8.941650e-008 203.970628 227.272179
8 3.461150e-007 131.722848 190.460008
3 2.800800e-007 445.518634 576.026984
3 1.704620e-007 482.442671 726.726486
3 1.830960e-008 571.136835 619.336028
5 4.931940e-008 420.087238 303.666487
7 8.688260e-008 377.940143 220.630004
2 5.117170e-008 548.025539 336.246741
5 4.726970e-008 545.451422 337.918381
3 4.572550e-008 554.595041 548.361127
4 3.988250e-007 689.614474 767.011749
11 1.581670e-007 731.207228 815.224759
9 1.487520e-007 670.486477 862.665260
4 9.189800e-008 833.669615 830.090513
11 2.945400e-007 858.246241 754.450774
9 6.452530e-008 641.173727 795.244273
3 3.270420e-007 555.160210 647.589239
6 2.987270e-008 226.630051 566.054114
3 5.310340e-007 444.252687 610.423105
2 3.819590e-008 542.294865 351.621131
5 2.403650e-008 541.266310 348.795226
7 6.831360e-008 398.970715 126.238528
5 1.912660e-007 495.585513 214.254635
7 4.637270e-008 426.943391 130.065939
5 4.265430e-008 407.931571 188.503939
3 3.743700e-008 601.040706 519.258341
3 1.360820e-007 540.724901 563.326343
6 3.272070e-008 363.856707 822.185162
3 5.526560e-008 284.801536 705.637653
6 3.039230e-007 282.728783 703.414897
6 4.939320e-007 150.475532 749.911067
3 2.293460e-008 368.625993 828.101407
6 3.142470e-007 244.763711 730.206913
3 3.909850e-007 384.481632 646.026101
3 1.778620e-007 453.601818 538.741411
6 3.105270e-008 402.333485 586.533157
3 2.217630e-007 537.801164 723.774285
4 5.915030e-008 608.469274 713.263690
3 4.255790e-008 701.555592 629.448226
2 1.774100e-008 814.512701 462.127829
11 6.741300e-007 790.330763 798.755157
4 9.424150e-008 791.143014 806.483208
9 3.770160e-007 663.356213 878.292592
4 6.320570e-008 539.518530 957.626047
11 1.224120e-007 726.799617 798.243067
9 1.497640e-008 730.247867 786.217737
4 5.268130e-007 764.738387 826.866507
11 3.316300e-008 721.546263 692.905623
4 1.700210e-007 746.783706 770.583246
3 1.403390e-007 512.979714 605.863826
4 4.670850e-007 629.169298 802.297861
9 6.987330e-008 711.091713 825.788443
11 5.059330e-007 801.397968 851.683023
4 2.286260e-007 788.189291 854.626043
9 9.875620e-008 708.187156 869.392860
11 1.892600e-008 615.155891 882.467570
3 4.079570e-008 608.584575 727.494579
4 1.741830e-007 676.891037 786.872803
11 5.100630e-008 740.450623 659.504943
4 5.465000e-008 626.932914 746.242432
3 3.679250e-008 631.172908 747.378538
11 1.873510e-007 778.300336 786.801350
11 1.168590e-007 794.256280 699.482461
4 1.420750e-008 798.182053 692.682836
9 1.317460e-007 771.624766 977.360130
11 2.851160e-008 753.790150 978.294807
4 6.287270e-008 746.030209 978.701491
3 5.795350e-008 536.952186 732.874491
4 2.727300e-008 536.951211 646.544718
3 8.550560e-008 542.935429 542.740370
3 4.212340e-008 579.788051 807.503083
4 3.464430e-007 624.757266 825.671876
9 5.388780e-008 629.254557 827.488904
11 9.244970e-008 776.429621 866.096510
4 9.545220e-008 851.604229 719.190946
11 1.253810e-007 850.998498 716.930307
3 2.482000e-007 545.211873 651.858327
2 9.219580e-008 656.561504 402.867852
11 7.278910e-008 883.691028 686.606493
11 1.683380e-007 784.454158 722.921445
4 2.350550e-008 819.894651 768.282967
3 4.359020e-008 497.801147 487.584742
2 5.152440e-008 592.042932 315.075579
5 7.558950e-008 508.759094 309.251736
3 3.131430e-008 569.494467 594.629413
4 1.357830e-007 638.334838 761.252000
11 3.746600e-007 758.152471 806.842401
9 1.014640e-007 744.419757 871.449812
4 3.427700e-008 794.864705 709.871611
11 3.082790e-008 793.575206 702.558447
11 1.551830e-007 809.617853 689.749230
4 1.882150e-007 625.873985 788.125935
9 2.170960e-007 600.095960 822.247760
3 7.841320e-008 515.634102 675.955491
4 8.881710e-007 661.726747 832.996459
11 2.260710e-007 741.593188 814.557894
9 1.706520e-008 749.118564 812.820529
4 5.366030e-008 637.874902 639.251899
3 3.992890e-008 595.312416 571.138256
2 4.159330e-008 727.562700 410.070639
2 2.402740e-007 699.382705 211.177339
5 9.389150e-009 701.237581 216.434971
2 8.167160e-007 745.948742 303.511028
5 1.187660e-008 702.862852 388.893068
11 5.556550e-008 800.180539 709.911265
4 2.247500e-007 749.598160 769.860979
9 1.462790e-007 691.315506 916.653982
4 9.774160e-008 609.730236 848.195928
3 1.624570e-007 497.576824 740.748248
5 1.377820e-007 416.300639 256.108503
7 4.207370e-008 423.376973 172.848921
3 5.170360e-008 419.739355 492.136508
11 1.784360e-008 706.343239 721.547601
4 3.735940e-007 660.756548 800.506205
9 2.221040e-008 694.921283 741.331055
2 7.950080e-008 813.630425 387.681359
11 1.851350e-007 808.749001 736.986378
4 6.718950e-008 732.966285 691.451844
3 5.181910e-008 579.529789 597.940351
5 1.375650e-008 443.473237 447.656106
3 4.491140e-007 491.607783 585.265564
4 8.896380e-008 568.842452 837.086776
9 1.742000e-007 616.744814 845.877000
11 6.807200e-007 761.296505 803.810822
3 3.060620e-007 494.629524 590.779983
4 8.568670e-008 635.279638 867.201186
9 1.257080e-007 639.605972 869.599308
11 8.326040e-008 707.652140 782.417767
4 1.899570e-007 699.773638 748.192050
11 9.938820e-008 698.222039 837.084501
9 2.999730e-007 696.848340 915.784917
4 1.370010e-007 779.812863 793.137285
11 5.839060e-007 796.254313 775.505938
3 4.620890e-008 630.942660 600.010660
4 1.132360e-007 757.728894 728.494648
11 7.597590e-008 758.141569 736.369161
9 1.615250e-007 774.841350 917.210544
4 5.168750e-007 691.225974 894.436409
11 4.197220e-008 686.304979 900.300984
9 4.400140e-008 469.847916 890.223939
4 5.193240e-009 514.323961 813.538131
3 2.263750e-007 471.476853 715.658234
4 8.939460e-008 600.155839 804.031103
9 7.237830e-007 621.027548 935.807080
11 4.011600e-008 743.918114 870.559120
4 2.924190e-008 580.585228 758.279175
3 6.194090e-008 562.005455 670.868123
11 8.119760e-007 865.324356 809.075979
4 6.575410e-008 782.195089 849.295784
9 1.578960e-007 657.974077 853.633921
3 2.630810e-008 543.688661 731.161092
9 8.287510e-007 610.061348 960.419187
4 1.360840e-007 643.378458 989.381377
11 5.057070e-008 819.764055 937.708258
9 6.097620e-007 570.570184 948.338390
4 4.379570e-008 553.090765 967.082766
3 2.856770e-008 535.305700 857.779348
9 4.190140e-008 612.807000 833.700925
4 3.963990e-007 612.807000 822.315495
11 2.013630e-007 872.214496 741.298084
4 6.847160e-007 708.402137 800.652015
9 4.572910e-008 663.115237 767.409523
3 1.086350e-007 596.461321 604.419817
3 1.999940e-008 610.876821 470.780780
4 1.234460e-007 624.984042 810.325434
9 2.930160e-008 624.474604 798.478740
3 8.590320e-008 559.318539 638.361808
3 1.324580e-007 396.633838 549.087777
5 6.647850e-008 443.796777 237.692282
7 4.354230e-008 393.605009 233.087219
3 2.495940e-007 382.613758 590.105436
6 5.807370e-007 228.987459 727.684703
6 1.960070e-007 265.563872 774.741259
6 7.982950e-008 359.989297 712.118869
3 1.983710e-007 357.827553 712.539060
6 2.971730e-007 240.802192 690.801499
6 7.269550e-007 170.958073 750.699451
3 7.754390e-008 367.465199 598.928712
2 1.414830e-008 480.738560 387.690483
5 3.163200e-008 392.919115 344.858239
3 2.968570e-008 359.661204 525.432980
7 1.717680e-008 253.919621 355.424044
5 3.747210e-008 401.558795 302.672079
7 3.656320e-008 328.224345 245.489962
8 3.057750e-008 254.324107 110.509026
7 2.133510e-007 174.221282 160.245210
5 7.054480e-008 379.396449 176.611748
7 1.557260e-007 376.389482 166.125182
5 5.788740e-008 459.786913 199.220891
2 2.693970e-008 608.355301 194.964347
5 3.028870e-008 589.492702 321.573767
5 5.053470e-008 546.027364 148.413297
7 2.817290e-008 441.534018 296.760061
3 5.896690e-007 477.232025 601.486242
4 3.880610e-008 557.380848 708.924848
3 2.193560e-008 247.273249 539.153643
6 1.875950e-008 94.328444 554.372510
3 1.030950e-007 388.458882 539.154192
3 2.765680e-008 331.985044 773.743789
6 6.435610e-008 252.284149 818.318977
3 6.072090e-008 315.812204 530.240247
3 4.080950e-008 395.595007 791.285981
6 1.851250e-007 266.000993 752.656119
3 4.205530e-008 489.695088 467.279691
5 1.043530e-007 539.788218 296.602935
2 8.374030e-009 517.658183 242.980180
7 1.210780e-007 372.731420 204.925705
5 1.003790e-008 516.368491 444.731784
3 1.281690e-007 536.572841 571.043432
