5 2.332090e-008 781.958000 531.419000
2 3.389040e-008 781.958000 531.419000
10 1.575950e-007 745.859762 562.798589
5 9.971010e-009 730.035530 576.554328
10 4.758340e-007 647.190182 504.219111
5 5.917190e-008 783.572377 408.723248
7 8.575720e-008 682.241123 242.832501
10 6.008870e-008 669.542854 398.009973
10 3.443380e-007 630.101639 631.148271
7 1.432000e-007 625.943041 159.430588
3 4.187050e-008 689.847946 119.498509
10 1.084650e-006 650.054376 529.029352
7 4.629200e-008 832.755359 246.820000
5 3.967430e-008 804.950801 431.525039
10 5.515390e-007 693.672719 506.559691
2 2.563160e-008 821.092917 616.026039
5 1.568930e-006 843.626557 514.909054
10 8.204550e-008 737.850161 606.858691
11 5.031360e-008 928.646283 682.471046
5 1.295520e-007 854.629985 482.523406
10 2.417370e-007 785.316726 602.577473
2 8.772470e-009 819.058899 597.435533
5 5.926940e-008 729.579835 526.018341
10 1.452760e-007 809.271833 506.710704
2 5.943770e-008 649.851139 761.765029
11 1.532520e-007 858.275744 913.175924
2 4.821010e-008 767.402289 892.196225
10 8.444470e-008 587.108220 652.883010
10 3.727750e-006 652.368015 582.356553
5 2.704150e-007 788.891851 567.394219
3 8.538330e-008 558.123961 173.524319
7 4.244250e-008 556.762644 251.508780
10 2.787770e-007 615.304408 498.824207
3 3.301920e-007 515.277016 110.360842
7 3.254750e-008 467.818862 173.340287
9 1.472280e-007 60.865466 188.114622
9 1.236140e-008 190.549978 196.899471
9 1.209210e-007 85.799045 162.302368
9 5.537450e-008 151.865906 172.655575
9 4.378250e-007 46.636985 220.713906
9 1.259170e-007 97.216631 222.717706
9 6.782410e-008 70.018763 145.488831
9 9.134660e-008 59.930460 396.349589
6 8.044970e-008 215.908756 715.499516
8 1.730670e-007 247.003980 788.755255
4 5.610080e-008 248.498543 792.276224
6 4.310550e-008 161.108825 791.776087
8 2.491440e-008 96.295172 737.391033
4 6.648960e-009 271.182784 750.066057
6 9.261340e-009 341.181901 701.052189
8 1.100890e-007 141.469971 825.924433
6 3.187110e-007 242.781456 813.485313
4 7.585330e-007 276.167774 806.353603
8 1.677240e-007 269.431247 787.126514
6 6.780190e-008 221.184349 712.832999
4 3.646500e-008 185.146867 657.340285
6 1.758360e-007 333.659578 929.701733
8 1.228480e-007 280.929330 960.145448
4 7.224510e-008 205.623830 977.636397
6 5.919380e-008 141.265178 788.033259
8 3.927510e-008 118.770189 846.634640
4 1.630150e-007 244.399901 795.634978
8 6.750560e-007 207.281542 920.396992
6 1.381210e-007 244.488694 917.141919
4 1.007050e-007 390.888249 735.770341
8 5.302970e-007 187.892966 829.597241
6 4.224690e-008 180.848059 879.724882
4 2.352490e-007 294.861759 898.252794
8 1.634230e-007 181.501866 988.267252
6 7.583170e-008 146.484651 873.733120
8 6.194490e-006 216.841283 882.759823
4 1.109770e-006 328.494331 863.310657
6 1.765150e-007 329.869524 863.190340
8 1.713000e-006 239.216852 838.725657
4 2.574190e-007 304.831055 897.074897
6 3.151450e-007 306.290776 897.466027
8 9.787990e-008 92.083486 913.681503
4 1.702110e-007 202.901257 876.715305
6 3.795930e-008 201.584320 876.101206
8 6.281730e-007 220.698452 832.308252
4 3.679080e-008 264.430946 626.237643
6 2.227170e-008 264.639251 624.755522
8 1.238470e-007 207.902330 809.804831
6 8.252680e-008 207.966060 810.013283
4 1.833710e-008 230.893662 885.006371
8 1.010130e-007 359.130709 908.521374
6 5.237460e-008 359.330831 908.651334
4 8.230960e-007 374.772107 848.276647
10 1.210110e-007 588.812683 590.554582
7 8.260480e-009 589.108622 292.416550
10 3.203660e-007 624.371907 541.341952
11 6.242650e-008 863.722818 670.027887
5 4.883480e-008 858.167167 669.443951
2 7.371730e-008 858.020534 669.428539
10 1.061490e-007 743.922997 621.650122
2 1.393070e-007 721.558410 736.104944
5 7.012040e-008 764.150916 581.362850
10 1.020380e-007 822.585171 582.890866
11 1.299720e-007 840.359116 762.265160
2 6.904180e-006 782.891868 812.220379
5 4.174840e-007 888.438200 579.263213
10 3.815670e-007 732.664599 507.334961
10 1.219430e-007 623.429887 563.627214
10 2.183520e-005 663.096159 556.489630
2 3.255460e-007 765.764427 773.550651
11 1.165690e-007 841.552831 768.251162
10 3.496640e-008 660.277897 709.865415
4 2.316970e-007 385.569906 756.036966
8 1.784470e-007 348.186605 829.406042
6 1.097890e-007 348.079324 829.616594
8 1.362710e-007 271.022625 741.955642
6 1.115030e-007 271.199706 741.887668
4 1.678030e-007 354.715368 709.829194
8 7.637120e-008 277.963054 686.683341
6 1.989750e-008 277.759572 686.605233
4 4.620360e-008 199.852665 656.699856
8 7.903900e-008 67.576609 796.101271
10 8.523170e-008 560.392565 632.683530
5 6.735370e-008 768.371344 616.516579
2 2.256490e-007 815.209717 779.861339
11 2.074190e-008 817.930700 789.350531
10 7.859970e-008 626.993319 690.035796
5 1.462900e-007 762.296524 539.767107
2 4.582550e-008 887.363565 742.388111
11 3.127690e-007 885.866564 751.839709
2 4.507610e-008 694.202993 793.699023
11 2.664450e-007 851.053992 857.070989
10 9.442450e-008 747.646492 728.882736
2 1.612460e-007 889.728655 809.524665
11 9.401250e-008 839.523666 663.719099
5 6.894590e-008 839.436773 663.466747
2 2.386480e-008 653.928763 954.165897
6 1.018720e-008 533.552591 853.333550
4 1.808330e-008 537.349317 852.244845
4 1.511970e-008 496.915360 885.923339
10 9.914140e-008 578.283252 609.384270
10 2.042580e-007 604.820137 611.534161
5 7.851600e-008 725.832747 522.732685
2 8.793940e-008 724.962444 716.084819
11 1.585380e-007 831.834692 777.202404
2 1.916870e-007 731.904024 869.518270
10 2.053580e-007 629.681623 639.030105
2 2.083850e-007 762.356824 759.509476
11 2.305980e-007 841.159482 749.833702
2 1.334120e-007 755.836093 903.065979
11 3.643400e-008 908.099395 964.584458
2 5.146610e-008 759.688644 670.846527
10 1.555990e-007 694.803754 697.668079
7 1.358720e-008 518.865199 183.570833
3 4.227520e-008 451.914633 210.620798
7 3.162510e-007 690.361466 167.940391
3 1.346890e-007 555.552009 136.817036
9 1.009010e-007 113.943704 331.027549
7 4.579770e-008 518.274336 127.938623
3 1.461440e-007 466.778694 78.209823
7 3.171350e-008 513.091573 255.378992
7 1.337380e-007 593.697509 153.040398
3 6.456280e-008 595.429435 152.232785
3 1.678880e-007 511.372324 166.739203
7 2.489600e-008 548.371133 234.883108
10 5.016130e-008 470.814858 387.882063
9 9.637240e-008 137.547442 275.375317
9 9.028520e-008 168.748788 226.032426
9 1.839470e-008 139.757766 141.824453
9 1.091710e-007 18.353500 165.456624
9 1.996130e-007 113.744418 317.070324
7 1.498900e-007 578.700774 115.639094
3 1.555110e-007 585.893829 116.142070
7 1.669480e-007 596.476506 165.595664
3 8.685540e-007 561.404721 102.324784
9 1.341930e-007 176.539738 260.364845
7 1.595160e-008 538.715376 125.071864
3 2.152310e-007 545.611829 122.963405
10 5.354680e-008 534.709826 508.716171
2 8.227670e-008 769.528975 916.357611
11 3.123760e-008 746.034638 749.184136
10 3.172600e-007 724.680725 626.123304
5 5.917200e-008 700.914121 503.854742
5 3.276870e-008 737.271718 448.021715
10 3.530180e-007 693.695518 469.275337
2 8.081140e-008 706.652217 782.410136
11 1.929720e-008 700.752903 789.801270
10 6.589640e-007 637.574940 611.660631
7 1.986370e-008 746.728000 237.103496
10 2.256610e-008 752.382813 353.027891
