11 4.006800e-005 781.958000 531.419000
10 1.681170e-008 812.905534 591.116199
11 4.558220e-008 744.936882 565.025496
3 2.861350e-008 647.537146 601.698279
8 5.002630e-008 451.327606 426.562849
6 3.531600e-008 539.898782 224.815788
6 3.177550e-008 565.073306 257.516066
3 2.820280e-008 630.216962 482.295301
10 1.062680e-007 816.890278 625.926900
11 5.057510e-008 819.855009 618.942387
10 8.753830e-008 916.145175 646.165015
11 3.385330e-007 913.576054 638.703711
11 5.590400e-008 887.689551 514.962152
11 3.140920e-008 791.470915 635.707616
10 6.213240e-008 759.167942 666.737399
3 4.634440e-008 477.293784 612.913700
8 7.373280e-008 487.494285 483.994955
3 9.785310e-008 531.071997 581.905284
10 1.491730e-008 751.388603 550.696609
11 6.279660e-008 744.595518 547.672117
3 1.501970e-006 489.927899 523.199122
8 1.696320e-007 422.103021 518.385451
3 3.355750e-008 581.358225 422.579682
8 1.264910e-008 468.456035 501.176947
3 5.041010e-007 446.981479 466.897820
3 8.737980e-008 478.784750 402.567577
6 3.529210e-007 434.093214 195.100363
3 9.411810e-008 516.437022 372.658817
6 5.049170e-008 293.938153 305.072838
4 1.533110e-007 220.020299 308.946801
6 7.499370e-008 183.747926 179.522121
7 1.724650e-007 130.494424 183.245849
5 1.998490e-007 60.286106 188.155134
4 1.594400e-007 32.563350 190.093635
2 2.199940e-008 50.327125 155.174177
7 6.717050e-008 115.653825 194.284201
5 1.065710e-007 191.173175 196.921232
4 4.223350e-008 220.993011 197.962499
2 6.568820e-008 73.345024 232.932694
5 2.656200e-007 88.725396 145.706189
7 5.454220e-007 90.498983 135.647671
4 1.456660e-008 91.140516 132.009350
5 3.920680e-008 128.868728 145.248517
7 5.262490e-007 135.178983 152.768811
4 7.303510e-008 150.280475 195.982846
7 1.280820e-007 126.816233 174.422413
5 3.185200e-007 77.308040 203.005971
4 1.926540e-008 38.740832 219.113734
2 1.769130e-008 202.047205 215.145349
5 4.945300e-009 225.909244 179.768228
7 4.526260e-008 248.373970 146.462718
6 8.222930e-008 228.540954 122.268419
4 5.039530e-008 70.148795 175.834970
5 1.552410e-007 125.383441 235.285805
2 1.308270e-008 124.211885 232.386111
7 4.031570e-007 108.206440 157.966208
5 6.627330e-008 151.352274 95.134472
7 7.863830e-008 238.650757 104.310028
4 1.266450e-008 136.068326 141.201885
6 1.241870e-008 216.321751 168.713427
7 7.808380e-008 144.545192 254.253228
2 7.012890e-008 135.815014 288.577967
5 4.342410e-008 137.879104 288.758553
8 1.947760e-008 343.213747 427.942339
3 4.474610e-008 347.434683 488.303827
8 1.500460e-008 160.159621 406.421183
4 1.145300e-007 149.374085 404.712904
2 4.079380e-007 56.722039 390.038108
4 1.094470e-007 121.162325 440.212935
2 1.887390e-008 193.917866 466.693819
8 3.819860e-007 259.645386 505.355073
3 2.401500e-008 386.670539 620.337683
9 5.507770e-007 274.446233 853.405135
9 6.886460e-008 259.635283 758.151698
9 2.132170e-007 274.518698 806.238287
8 2.941330e-008 228.928150 651.662381
9 1.959530e-007 399.374797 853.705567
9 3.848130e-008 99.801928 896.048592
