7 7.138790e-008 781.958000 531.419000
2 3.841420e-008 781.958000 531.419000
5 1.280750e-007 738.084895 569.557150
7 1.995490e-007 723.273062 582.432827
6 1.406740e-007 634.906875 663.832192
2 7.826670e-007 724.588462 627.598584
5 2.451790e-007 642.987630 507.161771
7 7.802570e-008 658.577078 496.245919
8 9.840180e-008 758.062117 426.585728
9 1.624680e-007 700.747037 284.052038
5 6.332660e-008 845.265696 334.119188
8 2.673780e-007 706.235790 396.018885
9 8.800880e-008 734.027466 328.859399
4 7.644340e-008 757.271777 323.422070
5 6.254090e-007 703.708585 409.140466
6 8.009230e-008 663.246506 533.652842
8 1.224580e-008 661.004318 543.364928
7 2.428220e-007 645.077740 612.351252
2 9.518960e-008 644.940725 612.944735
11 4.690250e-007 453.710591 437.773877
9 3.433040e-008 534.689749 229.343951
9 7.036680e-007 564.722911 250.830236
8 4.399230e-008 565.354510 262.881691
11 3.863330e-008 596.979936 403.993721
5 5.241960e-007 641.564994 509.029607
7 1.335560e-008 653.852000 502.528478
6 6.069570e-008 653.852000 501.886795
2 3.962460e-008 653.852000 420.439363
9 5.689300e-008 730.861864 271.915171
8 1.329680e-007 740.627193 264.007430
4 2.133200e-007 831.136461 241.524833
5 5.994510e-008 861.950942 399.929100
2 2.954480e-007 717.209732 547.326995
7 1.984580e-006 759.312615 620.251333
6 4.807590e-008 759.674905 620.878838
5 4.000670e-008 874.263563 490.763040
2 1.170810e-006 756.193112 633.872897
7 1.910920e-007 839.541372 657.772893
3 3.522530e-008 927.286444 682.933669
5 7.651460e-008 795.652852 584.674781
2 6.421040e-007 755.284547 654.857981
7 9.631510e-008 817.861638 598.513548
6 3.840600e-008 777.438003 512.898611
5 1.567610e-007 788.358076 510.775951
2 4.673540e-008 871.096478 494.693139
7 1.086460e-007 830.468966 585.792652
3 8.540320e-008 652.218253 759.707329
6 2.170770e-008 645.120566 835.942526
3 1.209310e-007 770.518279 892.915605
2 5.280160e-008 651.476386 703.455460
7 8.716950e-008 593.418801 655.179881
6 1.325800e-006 582.615792 651.247895
11 3.913670e-007 505.136672 440.328069
6 1.866790e-007 491.871633 578.475819
7 5.369270e-008 629.930072 583.925525
2 1.436580e-007 630.562736 583.881286
5 1.375850e-007 710.458792 578.294559
6 2.081770e-007 542.439265 508.141549
11 5.275490e-008 503.295301 519.366035
8 2.150630e-008 516.389443 245.748857
9 1.342660e-007 517.861565 242.859664
11 1.100940e-007 555.332067 333.460843
5 1.177930e-007 611.124668 489.436338
6 1.782150e-007 625.420853 521.546159
2 7.778020e-008 618.746240 559.981098
7 5.696920e-008 545.100104 602.500862
11 3.224280e-007 459.521160 459.658032
9 9.912240e-008 505.303892 260.540105
11 4.023430e-008 513.601875 240.001718
8 2.846050e-008 504.006357 365.184821
11 2.441340e-008 496.888004 127.761230
8 4.597680e-008 519.170535 386.567528
9 1.207270e-008 516.419669 384.979308
11 5.172710e-007 436.129614 338.623631
11 6.518760e-008 302.075618 252.555753
11 1.021590e-007 338.743904 364.021345
10 2.928630e-008 260.476792 820.495202
10 4.803150e-006 68.213072 713.827378
10 1.971420e-007 128.320613 688.229636
10 2.240610e-007 108.774036 795.575341
10 1.427340e-007 100.475844 812.630911
10 4.398160e-008 157.277161 885.853259
10 5.197110e-008 187.953657 829.165401
10 1.761030e-007 104.803503 857.115012
10 1.026090e-007 63.550729 891.434294
10 4.162470e-008 236.695036 823.583290
10 1.275840e-007 197.013138 733.469909
10 2.770550e-008 235.098122 827.973495
6 8.045470e-007 508.023162 618.241866
7 4.269460e-008 590.555219 565.635460
2 5.909500e-008 590.599021 565.009058
5 2.610010e-007 597.595517 464.955690
8 1.361350e-007 598.437210 386.942004
9 3.253560e-007 598.379448 383.633706
11 5.972510e-008 596.785185 292.323231
6 1.017910e-007 603.768292 502.592419
2 3.889760e-008 644.370841 578.954254
5 9.372460e-008 644.635797 579.452562
7 5.014540e-007 694.494524 639.367567
3 1.000560e-007 853.564886 667.416698
6 1.180010e-007 704.038852 635.383231
2 2.116400e-007 782.636576 608.320069
7 6.751480e-008 860.678007 581.448452
5 5.595520e-008 860.215655 582.109838
3 2.287080e-008 730.060867 700.250740
2 3.984590e-008 840.873863 601.179436
7 2.763220e-008 911.664963 671.970064
3 2.130840e-006 765.760162 826.211607
7 2.697990e-008 884.976957 513.220936
5 6.169670e-008 875.916755 458.008702
8 3.974820e-008 728.292593 508.840382
2 1.092580e-007 707.725511 515.922281
6 3.392570e-007 651.476847 566.352890
5 2.464690e-008 628.234214 565.766244
7 7.372130e-008 682.045041 589.724450
2 4.242300e-007 681.488609 589.476711
6 2.117490e-008 672.154365 585.320846
7 7.040070e-008 668.412397 548.608057
2 1.093070e-007 668.774066 548.071866
6 8.373210e-008 665.884685 542.639891
5 2.524960e-007 613.196031 530.475631
11 5.048740e-009 472.826168 577.056803
7 9.777900e-008 662.953357 768.765076
6 6.566280e-008 673.664739 773.092730
2 1.177270e-007 729.267928 776.102662
3 3.475770e-007 762.788985 773.758708
7 2.500100e-008 555.715001 758.623682
6 8.632870e-008 545.498067 763.387897
6 1.074800e-007 455.320767 609.112205
6 7.769240e-008 417.298443 633.903781
10 1.349520e-007 180.560780 776.680491
10 1.377540e-007 185.897338 781.537589
10 1.652460e-006 93.492027 728.589342
11 8.206240e-008 475.990349 520.677764
6 4.731940e-008 485.005939 532.641883
2 8.519430e-008 627.249965 629.250171
7 2.134260e-007 660.546588 620.948462
5 5.900890e-008 775.388290 640.987567
3 4.628520e-007 818.633548 791.801650
2 3.029150e-007 655.774295 658.071442
6 1.434940e-007 663.104631 649.930320
7 2.606010e-007 669.951210 642.326461
5 1.592380e-007 779.066258 537.741389
3 2.744730e-007 875.336950 818.320446
7 7.602640e-008 706.671003 798.736430
3 2.694770e-007 765.483676 822.498310
2 1.239150e-007 749.351426 749.369403
3 3.951110e-007 869.570635 750.981649
7 7.912280e-008 833.389871 645.905305
2 4.762500e-008 774.182354 734.803128
3 6.042930e-008 632.100560 801.887533
6 5.732840e-008 491.301985 733.215356
7 7.459890e-008 586.274239 659.836647
6 1.462840e-005 578.373683 609.955221
2 8.260100e-008 576.818219 600.134551
6 1.781990e-006 604.229632 611.617149
2 9.384860e-008 614.386901 610.189678
7 1.472640e-007 686.217823 568.304449
5 6.029810e-007 739.702676 506.777153
3 8.450640e-008 710.554804 727.341321
6 7.090710e-008 696.174177 738.576719
2 5.987510e-008 687.761595 745.149360
7 4.970290e-008 647.922766 783.531878
3 1.013780e-006 764.779996 866.641941
7 7.570750e-008 667.317702 748.334043
6 6.173500e-008 640.030486 669.085614
2 8.410930e-008 636.657064 659.288411
5 1.512600e-008 657.956320 684.500184
3 3.159070e-007 779.258690 757.434183
7 4.165240e-008 889.561284 743.890693
3 5.173240e-007 772.123467 909.646517
7 2.250780e-007 756.976374 692.936822
2 9.818740e-008 757.678369 687.219367
3 1.164700e-007 746.879920 673.384443
6 8.399950e-008 725.067803 683.555651
11 1.586840e-007 486.091709 400.628800
9 7.636380e-008 484.783163 323.409146
8 2.534570e-008 520.377148 247.077388
9 4.648220e-008 667.213639 159.073337
8 2.251350e-008 555.269524 136.751818
11 2.124930e-007 458.641514 331.444945
11 1.926930e-007 382.806504 323.738983
9 2.097120e-007 549.313863 346.825969
8 2.400500e-007 587.541405 316.051632
5 4.735650e-008 574.567893 273.617190
9 3.079170e-007 547.408666 183.964068
11 1.964510e-007 428.582521 293.004913
8 4.045640e-008 441.621753 333.368861
9 7.667200e-008 438.462731 333.036832
11 5.579150e-007 436.482305 332.828680
9 3.447030e-008 542.070041 144.939257
11 5.061890e-007 405.953848 327.299488
9 3.211230e-007 548.184583 240.224694
11 6.679930e-008 545.240429 324.525928
8 9.060990e-008 544.347109 350.104764
11 6.623860e-008 324.974388 305.207235
9 7.169790e-008 512.781484 267.070205
9 1.455000e-007 620.905290 211.377699
8 9.432880e-009 597.921541 168.202565
11 9.356560e-008 319.917673 345.328919
11 3.589840e-008 396.821146 186.023901
9 9.440200e-008 542.333682 280.437030
8 5.748360e-008 539.874147 287.194586
11 6.294030e-007 393.690001 342.112220
5 7.327780e-008 534.440002 513.864968
6 2.140650e-006 534.807384 591.736265
2 2.416180e-008 590.250787 744.066040
7 5.708050e-008 633.581787 807.536791
3 9.081670e-008 694.232183 856.650763
6 7.321170e-008 724.790511 626.688103
2 9.888560e-007 713.457115 568.382844
5 7.740090e-008 707.158628 535.979944
7 8.517180e-008 698.103519 489.395450
8 3.492300e-008 810.741960 418.777293
4 8.482620e-008 765.881275 247.889156
9 2.951700e-008 766.519590 254.796997
5 5.857620e-008 844.449626 395.747339
8 7.267250e-008 772.163391 431.003838
2 6.236780e-008 673.349595 489.825070
7 4.645730e-008 729.360874 538.515196
3 1.553990e-007 722.642746 757.786952
6 9.150640e-008 500.896150 734.727341
2 5.787720e-008 633.327670 615.484908
7 2.007920e-007 640.443924 609.077374
5 2.695000e-007 653.547205 540.288459
9 4.833800e-008 681.142122 373.988173
8 4.303560e-007 685.422299 362.837921
4 3.008090e-008 746.728000 256.800506
5 4.655010e-008 751.264370 363.669396
9 7.355830e-008 768.725061 197.538440
8 3.700210e-008 771.233933 206.882708
2 1.082540e-007 632.597586 502.398538
5 6.563170e-008 616.619668 500.152998
6 1.376680e-007 581.030497 495.151288
11 5.738800e-008 436.799125 477.409643
7 1.528030e-007 728.128509 579.798873
2 4.014560e-007 783.376557 574.965180
5 5.065610e-008 796.942546 573.712415
6 2.478830e-007 629.414457 576.636583
11 5.399920e-008 401.095654 529.101609
7 3.113970e-008 623.362660 516.564216
2 4.884920e-008 679.924559 446.716217
5 1.944050e-006 680.269342 446.290446
6 1.563320e-007 683.249636 442.610096
8 1.286650e-007 712.889083 406.008495
9 5.388750e-008 714.971390 403.437065
4 3.152420e-007 840.012986 215.234529
5 5.631850e-008 767.113286 297.705432
8 4.278300e-008 765.340585 246.939835
9 6.718760e-008 765.227424 243.699185
4 2.037250e-007 881.602366 276.088903
8 1.488710e-008 752.723838 422.311049
5 4.057840e-007 748.381346 391.413029
9 2.267450e-007 729.597149 257.758338
4 5.350260e-008 843.024226 360.926237
8 6.842350e-008 710.708512 250.463484
5 1.711700e-008 788.360092 263.037427
4 1.876400e-007 797.218871 225.635795
9 4.943740e-008 772.917545 266.273217
8 6.183730e-008 813.264479 342.154788
5 3.284950e-008 797.216503 402.999437
2 4.743020e-008 650.373198 428.241980
6 2.921660e-008 649.726186 422.972370
9 7.926950e-007 672.834686 269.461627
8 5.538250e-008 747.608051 234.594045
4 5.412090e-008 815.861000 273.135576
5 4.313060e-008 805.626711 379.168936
9 8.741040e-008 800.269995 279.215671
8 2.562190e-008 801.327737 280.726292
4 5.214850e-008 739.973039 309.831959
5 5.344870e-008 680.947985 277.740528
8 4.309300e-007 734.401907 369.911505
9 1.150370e-007 699.554253 379.819934
4 8.136530e-008 840.956570 284.443044
5 1.578160e-008 843.823507 282.509274
8 9.338500e-008 644.344630 489.994720
7 3.656940e-008 604.279284 567.794610
2 6.055290e-008 583.897940 571.756333
6 9.726550e-007 578.918911 572.724156
10 2.106120e-008 231.673538 565.115337
10 3.142380e-008 133.820689 517.931068
10 1.028050e-007 138.733642 595.360470
6 1.356800e-007 442.987721 598.112895
11 9.398200e-008 371.627255 451.727685
6 5.870190e-008 673.416983 587.193271
7 2.899700e-008 677.934666 587.668088
2 8.103440e-007 730.243148 593.165816
5 9.017760e-008 741.120703 594.309069
8 1.053120e-007 692.184898 440.392460
9 1.852010e-007 695.929305 391.582022
4 1.410280e-007 838.520138 301.906811
5 2.723300e-007 710.446706 378.860560
8 5.590070e-008 803.756875 305.370786
9 6.360460e-008 838.856764 278.921432
5 3.554590e-008 748.418728 252.176203
4 1.473620e-007 789.252190 232.050646
8 8.209760e-009 860.336042 296.054712
2 3.989430e-008 755.303911 385.986291
9 5.455640e-008 811.506222 329.784370
5 2.321840e-008 813.294909 327.995696
4 1.573130e-007 868.584698 272.706291
8 3.368470e-007 712.051965 290.469299
5 1.930270e-006 741.407104 447.315381
2 1.188930e-007 695.094262 475.142916
6 5.920770e-008 667.773591 526.630342
7 4.249070e-007 720.736399 592.034341
5 4.423230e-007 771.262908 471.467851
8 6.427730e-008 706.632577 491.227308
2 4.361310e-008 706.505473 491.266167
6 8.798990e-008 546.888084 533.347709
11 1.859030e-007 518.366880 424.955270
9 5.079790e-008 528.919147 377.593553
11 3.454540e-007 432.060298 441.301024
6 5.167620e-008 432.018062 441.248867
7 2.024580e-008 524.549303 634.933406
2 4.419320e-008 508.647568 628.829347
6 6.237160e-007 488.225594 620.990143
10 1.842130e-006 78.147654 705.095773
10 9.762630e-008 178.940419 789.556106
10 1.003650e-007 133.214017 675.773571
10 8.887050e-008 180.180831 708.008003
10 4.783720e-008 174.791486 792.182154
10 1.750360e-007 120.827076 657.379845
10 3.288390e-007 139.999606 759.305305
10 3.738140e-008 128.655778 685.466179
10 3.937730e-007 62.085907 802.041382
10 1.645020e-008 73.707986 946.699488
10 1.109670e-007 99.631466 870.511120
10 1.074140e-007 198.323766 790.764656
10 5.399210e-008 263.029095 770.872789
6 2.825960e-008 366.510952 726.620736
10 5.667820e-007 130.395064 733.641042
11 8.742100e-008 450.074760 529.345978
6 1.209550e-007 460.754150 527.462910
8 3.409950e-008 559.535292 536.445591
5 9.653410e-008 558.940678 536.788892
2 3.965380e-008 554.746392 539.210469
9 3.686900e-008 551.900794 540.853378
6 8.947980e-008 574.971076 478.254280
7 3.665410e-008 619.733866 591.465943
2 1.810110e-007 651.031469 570.355426
5 1.361650e-007 709.195860 543.203489
3 1.593370e-007 731.191598 727.487984
6 6.095620e-008 699.099800 562.389260
7 3.287680e-008 622.800098 521.207519
2 2.300040e-008 584.767332 518.547989
5 1.135750e-008 504.080180 512.905753
11 2.939560e-008 440.438102 582.422507
10 5.555100e-008 235.832839 864.698996
10 1.536010e-007 84.889037 834.076355
10 2.869440e-008 203.061479 876.514314
10 4.276970e-008 249.789826 745.145097
10 5.958030e-008 207.612766 796.612820
10 2.156220e-007 139.017634 741.088681
10 1.388550e-006 84.257999 723.330304
10 9.778320e-008 140.832910 850.503574
10 3.685360e-008 218.297856 775.244083
10 1.714750e-007 151.195423 742.217111
10 3.165160e-007 154.897957 784.931300
10 1.517720e-007 158.176594 804.273483
10 4.898670e-008 160.604398 823.922470
10 9.042960e-008 147.000034 732.194502
6 1.737830e-007 446.153550 582.898277
11 5.550400e-007 444.095224 413.900263
11 3.648570e-007 366.915829 371.680791
9 1.838100e-007 543.837169 231.734547
8 1.658320e-008 505.424073 258.002208
11 1.107910e-007 478.566121 262.737975
9 1.020910e-007 465.813139 248.668012
11 8.449190e-009 483.246233 216.371020
8 8.010780e-008 617.310011 310.243316
5 2.032950e-008 576.270295 273.099227
11 8.614920e-007 470.442439 371.162966
9 4.085650e-008 437.128021 317.848993
11 8.188870e-008 321.570858 374.335611
9 1.247130e-007 462.552546 350.974617
11 2.562710e-007 469.642875 274.630039
6 3.105130e-007 522.040480 528.960150
2 2.962710e-007 685.631310 569.352072
5 6.725870e-008 702.488340 571.123813
7 2.526130e-007 771.863433 578.415410
2 8.538290e-007 711.076407 629.877110
6 7.923560e-008 711.066421 629.914380
5 5.422130e-008 710.937419 630.395822
7 2.901170e-007 689.929675 708.797914
3 6.980590e-008 639.033784 761.406223
2 3.039030e-007 666.967306 621.527238
6 2.053130e-007 667.004711 621.517912
7 3.254570e-007 746.244997 601.761312
5 1.366800e-007 775.945423 576.172271
8 4.080850e-008 649.144955 517.043997
2 5.904880e-008 646.900226 733.610426
6 7.200830e-008 646.929530 733.629456
7 1.112690e-007 705.881469 771.913167
3 4.591210e-007 745.803018 797.838438
3 1.931040e-007 673.510053 809.563628
2 1.384060e-008 629.143516 779.638006
7 5.705380e-008 622.922806 790.420814
3 9.969530e-008 790.108125 679.145156
2 1.554660e-007 823.528084 621.260112
7 1.941940e-007 833.204812 604.499534
6 9.893290e-008 667.150394 683.694793
6 4.879220e-008 542.077429 715.465521
2 4.677290e-008 579.951644 616.626766
5 4.770490e-007 635.821771 484.787161
7 4.793130e-008 621.585434 511.561825
9 1.729490e-008 597.610441 556.652244
8 1.038230e-008 589.304930 572.272642
6 1.388770e-007 669.544705 653.160572
2 2.088560e-007 763.062211 666.922447
7 1.698460e-008 888.477925 788.034939
3 2.444490e-007 859.858940 765.477727
2 1.216290e-008 919.647630 657.857093
7 8.753910e-008 770.262466 720.165532
3 5.164560e-008 730.119820 755.855562
3 2.795370e-008 701.344405 945.889411
7 3.551290e-007 706.006358 696.629188
6 5.134940e-008 758.309306 657.216174
2 2.910850e-007 766.230776 651.246931
3 1.042090e-007 768.614792 649.450450
7 3.464800e-008 597.459704 753.192348
6 3.386560e-008 548.692233 820.315250
3 2.583540e-007 733.351047 846.413972
2 4.846050e-008 790.075025 730.112539
7 1.078750e-007 800.952325 707.810761
6 1.711860e-007 651.471368 661.376328
2 2.604400e-007 823.904256 619.590278
7 1.670970e-007 850.486291 617.731458
5 1.601380e-007 764.153897 477.533232
8 7.325820e-008 758.494455 494.634939
3 1.036030e-007 764.822395 724.975874
2 1.246630e-007 746.593026 752.002173
7 1.556840e-007 724.152232 785.272201
3 1.305110e-007 701.198000 751.904505
7 2.017740e-007 701.198000 673.925450
2 7.856390e-007 701.198000 662.352391
6 9.775600e-008 717.640250 611.387050
5 5.205080e-008 797.725144 626.953979
2 7.210110e-008 618.243140 499.286799
7 1.922030e-008 615.026663 495.714532
8 5.376920e-008 578.137800 454.745221
6 2.255310e-008 570.724906 446.512352
9 2.064060e-007 525.905412 395.521773
11 1.128020e-007 524.517300 393.924932
5 5.381390e-008 517.133892 385.431292
9 1.529470e-007 548.890065 178.535780
8 1.882690e-008 544.949206 172.693225
11 6.433510e-007 444.227768 313.076394
9 1.406110e-007 568.774086 229.033802
8 6.071050e-008 575.937910 228.407036
11 8.489030e-008 407.344359 178.834990
9 9.010100e-008 546.354369 472.672291
8 2.236950e-008 545.974229 479.925438
5 1.014040e-007 543.441265 528.254825
6 2.252810e-007 543.477267 532.960826
2 9.020480e-008 600.911074 618.109624
7 1.406500e-007 651.954843 693.784836
5 2.704420e-008 685.281450 608.414102
6 1.071330e-007 690.205804 608.500066
2 8.570360e-008 634.939794 636.763700
7 4.746490e-008 549.163737 667.983575
3 7.694310e-008 713.059560 799.061396
7 7.780370e-008 786.081411 773.918137
2 5.247660e-008 834.876999 763.429877
3 1.830270e-008 683.438243 657.913948
6 1.699400e-007 665.738017 611.803091
7 1.237400e-007 656.567965 587.914192
5 1.547770e-007 637.332326 537.803431
2 7.911940e-008 628.121552 513.808445
9 7.767900e-008 612.157438 371.765711
11 5.646910e-008 612.019965 369.799838
8 3.112300e-007 611.680867 364.950719
11 2.968220e-008 246.357883 238.588984
11 7.712430e-007 395.041170 395.291810
11 3.193820e-008 285.264908 272.479450
11 2.073380e-007 357.241294 374.301938
6 8.999230e-008 444.557509 570.576107
11 5.185850e-008 448.519272 499.168345
6 1.823270e-007 483.581459 721.368845
2 6.763510e-008 648.500481 699.448554
7 8.872540e-008 589.427213 638.276299
6 1.216330e-006 574.981782 623.317593
11 1.494520e-007 511.154863 417.832665
8 6.009730e-008 512.252039 354.975378
9 5.502800e-008 454.619461 319.041174
9 1.312460e-006 565.411147 324.956466
8 4.030470e-008 559.440381 328.833903
11 2.442450e-007 485.174211 377.062615
6 2.617430e-007 550.809465 544.301586
5 7.709250e-008 690.477000 588.635980
2 7.605360e-007 700.503645 590.767188
7 4.217440e-007 705.160360 591.756994
3 1.868860e-007 703.507817 777.481125
6 7.693060e-008 705.200955 778.756995
3 1.266330e-006 838.991021 813.712767
2 7.541860e-008 712.401886 802.313362
7 3.946390e-008 707.928295 803.941621
6 1.676810e-007 596.216429 717.375823
