3 8.554450e-008 768.066907 419.580298
10 1.435840e-007 672.236399 237.286803
3 1.312290e-007 709.112177 394.738243
4 7.343270e-008 643.720932 618.228296
10 2.457290e-007 537.874904 226.575127
2 2.111600e-007 603.224575 173.626613
10 7.076550e-007 564.137590 239.661816
3 7.016180e-008 653.852000 352.196211
10 1.524140e-007 709.449576 289.254353
3 3.381240e-008 737.582325 468.868285
3 1.099130e-008 899.207786 489.228822
4 8.126880e-007 495.935640 619.698802
8 1.130070e-007 443.900864 591.893561
11 8.182620e-008 447.433671 583.149469
4 3.158160e-006 497.241027 578.945564
8 3.717270e-008 575.426177 585.785632
4 1.718690e-007 537.258144 509.627230
11 6.048310e-008 420.907525 523.180364
10 2.109640e-007 536.089867 207.084728
2 1.937890e-007 557.903234 186.168885
4 6.292710e-008 615.185333 498.556758
8 1.710630e-007 472.772744 644.259227
11 8.541400e-008 459.329357 588.011061
4 1.099340e-007 371.986305 510.196301
10 1.305500e-007 508.709620 252.110566
4 4.332580e-008 469.416587 386.976459
2 3.028830e-007 488.077940 137.208863
10 1.032940e-008 498.627139 132.456098
7 1.842890e-008 209.418357 177.727128
6 2.895440e-008 62.589256 187.994087
6 4.512010e-008 188.695764 196.834724
7 6.041410e-008 223.558931 177.556017
6 2.714870e-006 102.595196 66.672670
7 3.494170e-008 82.414004 161.617662
6 8.105940e-008 180.776381 207.109849
7 4.806670e-008 139.127416 189.281383
6 4.432420e-008 79.370637 201.815130
7 1.168150e-007 136.854270 73.654253
6 8.421940e-008 201.017937 131.211157
7 4.660650e-008 121.361883 157.092886
9 2.700940e-008 150.686449 297.912767
6 9.055570e-008 124.696899 138.996141
7 5.028870e-007 179.645529 75.785093
6 3.767110e-008 243.598734 105.414772
7 2.030310e-007 167.536293 122.975155
9 3.091620e-008 233.599268 297.133061
4 1.616970e-007 334.493102 522.703385
11 2.518450e-008 192.117741 592.144441
9 8.789690e-008 196.117023 540.700725
9 1.253560e-007 167.488609 522.966646
8 6.011200e-008 372.770940 603.694086
11 1.762870e-007 379.818616 609.820567
4 5.974270e-008 332.625140 636.861045
5 8.559580e-008 295.593076 806.114547
8 6.129240e-008 326.356279 711.433662
11 2.315390e-006 329.070507 703.079999
11 3.053940e-007 272.529600 749.123007
8 9.097390e-008 320.862978 715.279640
11 6.256220e-008 274.527596 806.238909
5 2.424820e-008 251.431957 759.410111
11 1.162010e-007 184.281249 656.007355
8 2.277950e-007 361.958110 679.938431
4 4.259180e-008 380.982771 749.398682
5 1.309150e-006 380.784361 902.494323
11 2.637660e-008 135.552392 802.915557
8 1.401550e-008 200.912012 840.668027
5 9.967400e-008 330.327799 902.160795
11 1.801360e-007 384.387961 753.629949
8 2.988740e-007 354.516388 729.754543
5 2.261220e-007 341.546176 869.081157
5 1.179950e-007 316.527660 864.357630
8 3.519820e-008 399.972247 813.632506
11 3.789090e-007 356.124100 759.484225
5 2.823930e-008 276.306919 889.431881
11 1.671220e-007 252.625034 710.238682
8 2.416940e-008 252.804822 708.959467
9 7.881560e-008 104.791640 629.313455
11 4.409090e-008 120.275290 715.766196
5 4.962950e-008 245.926706 948.435179
11 3.680890e-008 258.756752 843.337623
8 6.525420e-009 328.537511 888.653876
4 1.147450e-007 371.678829 632.029399
11 1.298280e-007 352.123986 613.027861
8 1.235640e-007 360.630753 637.733256
9 3.038020e-007 211.914163 444.369349
11 1.706690e-008 203.615779 490.885134
9 3.499250e-007 206.447488 490.876565
4 1.733050e-007 387.514149 572.287443
8 1.041680e-007 389.649098 571.833646
11 1.194180e-007 475.403741 605.062917
10 4.584600e-007 596.747722 290.177569
4 1.795830e-007 621.687292 536.292956
8 9.173200e-008 557.487808 685.237699
4 9.368850e-008 551.840872 667.858302
4 6.433370e-007 512.943621 529.537719
8 7.137850e-008 538.908587 663.116484
4 9.198900e-008 467.305464 496.793790
8 6.258260e-008 476.223127 604.723736
11 1.149090e-008 484.142678 669.225451
8 2.314380e-007 501.739279 719.128945
4 3.881860e-007 487.528137 638.533539
11 1.003540e-007 487.370652 637.640400
9 6.090310e-007 186.751212 478.278241
11 1.149640e-007 342.374084 583.907626
4 7.146570e-007 420.580123 603.406807
8 2.276230e-008 457.202633 612.537930
11 2.511250e-007 399.167387 643.058343
4 5.859890e-007 411.776172 563.450397
8 5.910430e-008 415.290697 541.260784
5 1.546440e-007 344.851748 835.951088
11 1.352590e-008 322.149391 853.231402
8 1.246620e-007 334.619133 764.504191
11 1.699990e-006 353.238587 710.396072
8 6.606290e-008 269.590754 742.505228
5 3.274080e-008 364.762893 720.002363
11 2.506980e-007 212.402625 661.517289
11 1.268320e-007 249.499700 645.583897
4 2.892510e-007 378.677921 588.350312
8 1.719530e-007 379.838012 586.630402
5 6.937600e-008 488.406234 866.279193
8 7.411600e-008 473.429541 787.762706
5 5.872610e-007 450.861997 930.250027
4 1.270270e-007 573.863926 581.565467
8 5.547480e-009 577.022873 604.042389
11 1.945530e-008 534.078405 621.475986
4 1.545980e-008 635.096788 607.279175
4 4.477490e-008 631.778090 628.360291
8 5.052970e-008 549.917681 642.657325
4 2.799960e-008 548.046883 624.858368
10 5.320800e-008 516.972350 254.379023
2 1.875950e-007 551.881008 179.516959
10 1.145610e-007 581.530097 127.887182
2 3.193270e-008 661.525624 157.003076
10 4.916930e-008 461.776720 331.004320
9 6.802040e-008 147.238232 350.237322
6 1.466820e-008 291.150800 241.211879
10 5.901490e-008 598.022825 350.334810
2 6.832210e-007 507.879708 117.900640
10 2.104380e-007 547.835835 183.004631
2 3.911710e-008 499.056830 261.627673
4 2.278210e-007 417.414401 532.518380
11 5.436060e-009 447.810527 467.334005
10 1.912660e-008 454.482865 334.720626
2 1.948030e-007 529.482834 182.984317
10 1.241580e-007 660.155068 117.676871
10 2.342160e-007 531.975912 224.153080
2 7.107400e-008 512.770112 168.594142
10 3.262080e-008 543.910000 362.620706
9 6.382810e-008 141.084030 325.950032
7 1.587480e-007 168.134047 154.735689
6 9.240590e-008 170.282475 156.475449
7 1.757020e-008 208.942947 255.235125
6 4.129770e-008 88.612752 167.810320
9 6.044540e-008 140.995251 250.018221
7 2.993540e-008 140.422705 141.555799
6 9.615810e-008 217.579867 110.382094
9 1.692770e-008 125.963364 231.319367
7 4.794800e-008 253.249131 151.554975
6 1.587920e-008 219.072828 159.054514
7 1.574360e-007 220.354166 161.366114
9 1.257230e-008 121.507034 342.722536
7 3.621610e-008 205.446381 218.769205
6 1.608170e-008 275.921581 250.006395
2 3.672620e-008 443.775271 238.648821
10 2.140770e-007 511.463477 257.692000
2 1.051100e-007 643.587551 100.588285
10 2.935140e-008 527.883974 68.137967
2 2.531080e-006 503.935718 58.701223
2 1.146410e-007 477.344999 143.834681
10 6.207660e-008 553.130296 120.664778
10 3.805720e-008 537.927361 447.318939
4 2.767010e-007 534.725624 508.414726
8 3.505000e-008 591.131927 746.486956
3 4.438580e-008 866.606880 383.868978
10 8.478270e-009 803.533386 307.658163
3 6.118250e-008 711.783187 460.453354
8 6.443970e-008 540.519443 699.050201
4 6.419930e-008 546.530577 693.637726
3 2.260770e-007 702.442494 318.498768
10 5.431130e-008 727.748453 252.574446
3 2.546210e-007 781.931290 257.209853
4 2.426000e-007 503.590937 484.267915
4 5.035730e-008 553.967047 567.216395
8 5.910130e-009 487.697168 550.693603
3 1.391750e-006 769.796439 323.358627
3 2.439600e-007 755.164892 238.080799
10 2.032370e-008 719.639686 391.955652
3 6.295200e-008 754.550050 435.305046
10 1.580320e-008 752.560782 263.915860
3 5.225250e-007 732.804539 269.671213
10 1.987810e-008 787.222525 293.176980
3 2.767310e-006 799.519507 316.304248
10 1.368990e-007 699.345528 257.099351
3 2.203150e-007 722.135071 246.472355
10 3.255130e-008 771.101958 237.559174
3 8.924150e-007 793.956642 270.199220
3 1.818080e-007 821.809776 336.358791
10 6.610390e-008 667.241639 382.271218
3 7.606640e-008 665.026964 392.690597
4 1.993090e-007 558.840350 576.627025
8 8.694370e-008 411.879987 598.814270
11 1.805270e-007 332.836053 587.705423
9 2.568310e-007 175.091752 532.558769
11 8.098210e-008 228.601713 567.979861
9 2.314270e-008 286.332416 481.639609
11 1.392390e-007 255.174195 592.872002
9 5.718890e-008 110.338337 579.104835
9 2.480570e-007 216.748778 477.875170
9 2.120070e-007 94.651104 531.053358
9 1.405500e-007 72.465044 541.642314
11 5.259200e-008 314.916822 543.750036
4 2.101850e-007 385.855234 573.861598
8 9.787070e-008 450.020805 601.098261
4 1.450300e-007 596.183502 579.075875
3 8.955890e-008 731.666823 369.250749
3 5.878070e-007 835.018935 284.355204
10 2.431250e-008 760.273303 215.691231
3 7.118060e-008 914.802203 345.096170
3 7.633470e-008 709.823978 290.742857
10 1.636220e-007 670.699379 302.728677
4 9.330970e-007 496.978550 544.870362
11 1.361890e-008 485.918169 478.959295
8 2.174000e-008 492.093062 468.682489
4 6.720520e-007 505.266689 531.702928
11 1.237170e-007 446.316337 599.456367
8 8.818270e-008 457.568896 604.232796
4 1.054500e-007 561.045564 648.156039
11 8.854220e-008 380.345658 805.243423
5 9.516230e-008 374.324046 808.051359
8 1.403020e-007 369.799295 810.161295
11 6.660200e-008 245.284646 779.509722
5 3.151630e-008 238.969679 776.698126
8 1.234780e-007 290.110508 675.862532
11 1.908590e-008 391.923532 832.260612
5 8.569480e-008 388.189621 837.593191
11 4.356380e-008 250.369842 704.429759
8 3.341510e-008 299.289697 803.181543
5 1.632170e-007 328.954239 884.684351
4 1.300950e-008 317.641436 767.867657
11 4.406390e-008 259.522115 798.770270
11 7.697510e-008 311.993036 810.839437
5 4.724280e-008 351.047710 787.685081
8 7.318190e-008 274.346060 751.918270
5 1.262540e-007 318.828702 978.643237
8 3.692930e-008 292.673058 797.105330
11 1.286240e-007 226.907952 832.363445
8 1.457460e-006 384.999873 688.960269
5 4.418980e-008 411.879211 708.548533
4 1.113390e-007 410.753164 711.201317
11 4.457480e-008 408.347472 716.868740
11 4.949510e-008 119.708136 753.101599
8 4.155810e-008 308.163920 810.022752
5 3.816040e-008 317.908144 821.635397
11 7.649000e-008 306.082207 810.947289
9 3.168570e-008 192.832273 635.231262
11 9.667900e-008 201.974913 648.005883
5 2.729490e-008 218.515360 763.863499
11 8.661040e-008 191.349830 702.849112
8 2.763170e-008 184.433588 687.315077
4 7.507930e-008 368.286275 640.837304
11 1.265140e-008 110.912528 861.045139
5 2.979700e-008 224.500585 864.497486
11 5.684720e-008 241.501606 859.863670
5 3.834720e-008 253.188917 963.682365
5 1.903320e-008 245.880032 784.794631
8 1.929050e-008 219.889826 717.088237
11 4.541630e-008 216.609535 708.542837
5 3.005270e-008 308.565356 802.600284
8 1.521650e-007 387.014810 741.309418
11 1.456190e-007 393.936404 735.901726
4 9.728430e-008 380.640265 721.197014
5 2.096300e-008 311.193826 781.047991
11 2.556370e-007 351.218653 759.766248
8 4.337080e-007 392.423026 725.632049
4 4.658390e-007 407.109009 585.907945
8 8.777510e-008 458.854790 594.573598
11 5.520680e-008 449.926674 593.847663
4 2.868300e-007 520.918159 517.718937
4 1.384230e-007 520.317485 514.041184
8 1.082120e-007 421.649304 617.759311
11 4.171130e-007 379.511861 697.008795
5 1.221620e-007 298.553156 837.488629
8 2.924610e-008 301.234205 750.399143
11 1.233200e-007 321.820631 839.569556
5 2.757050e-008 351.650208 764.779179
4 3.130020e-008 311.618698 725.885039
5 1.326750e-008 229.049123 991.391512
11 1.018550e-007 261.155673 792.339885
5 4.834360e-009 250.189671 797.222215
11 1.513280e-007 200.323406 728.755864
5 5.685150e-008 337.481751 984.504541
11 7.322460e-008 315.363754 830.182871
5 3.550780e-008 207.942078 900.996338
11 6.994190e-008 272.161616 700.542457
8 3.739410e-008 218.099370 739.820733
11 9.824550e-008 269.096993 851.446913
5 4.091900e-008 242.880943 886.381542
11 1.385380e-006 309.870963 709.977414
8 1.236440e-007 321.379433 700.296956
5 1.089600e-007 324.375334 901.812474
11 7.285310e-008 233.053966 743.235113
8 5.557750e-008 228.490616 738.509625
11 4.346180e-006 313.622126 673.020850
8 9.830160e-008 317.969231 668.359129
5 5.624930e-008 342.365031 932.083662
11 4.840170e-009 187.494461 877.210882
5 1.686260e-008 249.061737 856.089135
8 3.226810e-008 289.419261 798.452631
11 5.517680e-008 201.274928 664.114463
5 8.045560e-008 294.401790 877.995681
11 6.605150e-008 283.402816 866.842196
8 3.954150e-008 283.003641 868.070736
5 1.913840e-007 310.371499 896.360478
11 6.799330e-008 249.559388 669.183410
8 5.512410e-008 248.761291 670.134550
5 7.786060e-008 307.062261 804.114252
11 9.172540e-008 273.570011 816.304343
8 4.687720e-008 272.379713 816.737573
5 1.854180e-008 274.864237 896.181657
11 3.541510e-007 329.275658 759.830778
8 4.707800e-008 329.627666 758.679409
5 6.475100e-008 311.372702 827.342367
8 2.948310e-008 228.606923 816.972785
5 1.472330e-007 328.092418 827.833727
11 8.148020e-009 388.561909 835.258530
5 1.279370e-006 369.256189 900.874553
8 1.336520e-008 314.939948 934.815364
5 6.162950e-008 363.427436 826.219916
11 2.195370e-007 391.293755 760.570967
8 1.960180e-007 393.809705 754.643759
4 1.710400e-007 443.387489 609.215513
7 4.213780e-007 232.179951 96.653272
6 8.473220e-008 236.310893 142.565103
9 3.397590e-008 165.093759 218.225038
7 2.482220e-007 253.653631 135.149698
6 5.226660e-008 207.598657 198.838438
7 1.234540e-008 198.964204 231.776535
6 1.355730e-007 191.029971 69.870921
7 1.330540e-006 224.218803 89.763059
6 5.588830e-008 188.685941 154.258530
7 2.187100e-008 183.702729 194.842379
9 3.762150e-008 264.682790 342.365637
2 3.826080e-007 484.112530 157.917712
10 1.230980e-007 569.972057 142.778241
2 3.756370e-007 585.848330 91.686236
10 2.262420e-008 498.256947 82.479992
2 1.592440e-007 434.439242 110.235248
10 2.009310e-007 550.174061 238.772414
10 5.525920e-008 462.828076 239.481023
2 4.382400e-008 543.462020 258.534491
10 1.321970e-007 468.950565 292.657279
2 9.279240e-008 390.080017 178.781033
10 6.976430e-008 478.720962 288.611005
4 3.135970e-007 441.282217 482.334428
3 2.583670e-008 821.618809 473.896039
8 3.834690e-008 500.873170 820.052217
5 8.022330e-008 524.605803 766.061847
4 7.823160e-008 637.337801 628.914620
4 3.846950e-008 605.984635 707.039617
4 2.341360e-007 500.837933 674.900743
8 1.069810e-007 498.753228 674.681636
11 9.024180e-008 455.338902 692.352369
5 1.915940e-008 483.211213 835.743614
4 6.445440e-008 607.287784 552.226107
8 7.965620e-009 608.149060 550.197044
5 9.635940e-008 529.806210 909.863919
5 9.844150e-008 501.789287 884.871843
4 3.635940e-008 563.204630 438.160225
10 5.006490e-007 567.435346 228.371290
2 3.934940e-007 558.020456 121.399459
10 8.646570e-008 517.806759 132.452960
2 2.829590e-007 451.689056 126.984743
4 4.915070e-008 476.843297 386.560627
10 1.354900e-008 426.538426 241.478062
2 3.993800e-008 599.413822 226.353118
10 1.665350e-007 548.620414 315.262869
4 4.445590e-007 561.796973 560.120803
8 2.425140e-008 523.537348 605.590560
4 7.578000e-008 706.902205 608.791532
5 1.563060e-007 469.089554 852.747903
8 2.875290e-008 464.599266 872.197533
5 2.185820e-008 602.780393 852.452257
4 6.789210e-008 618.956876 468.998113
10 6.831980e-008 608.050572 313.037256
3 1.326360e-008 565.796681 338.074414
6 1.134890e-007 166.961019 143.434163
7 1.615320e-007 164.677021 144.356964
9 4.816060e-008 141.341299 330.875992
6 2.306890e-008 118.268607 221.318771
7 3.214590e-007 252.361733 101.087038
6 7.674140e-008 200.934745 121.569066
7 3.631580e-008 263.091177 254.864946
9 5.485590e-008 84.975039 282.790600
6 9.819070e-008 87.255149 102.203358
7 1.513430e-007 95.974742 99.626443
6 2.613300e-008 196.217921 180.160482
7 3.675340e-008 237.675117 257.891381
6 6.027390e-008 93.669695 179.746009
4 3.325880e-007 435.856869 521.231721
8 2.311170e-008 430.235070 548.144663
11 1.813170e-008 428.947145 544.404263
4 2.123980e-007 493.890399 672.868509
8 1.491320e-007 471.228000 736.811162
11 7.423220e-008 471.228000 733.015064
4 2.165270e-007 564.274062 612.229407
8 1.682180e-008 509.182514 530.828615
2 1.222400e-007 498.157709 144.509956
10 4.768340e-007 548.403025 219.001640
3 2.057290e-008 535.800038 344.186025
4 3.512010e-008 516.252946 507.244176
8 1.282930e-008 650.130213 580.060090
4 3.862770e-007 529.553100 638.772004
8 7.073240e-008 455.152730 613.153901
11 1.243550e-007 394.435665 592.247338
9 1.047110e-007 150.709569 559.411819
4 1.841780e-007 393.983164 556.515869
11 4.817530e-008 451.889672 618.612735
8 6.750200e-008 467.066981 634.888338
10 8.146670e-008 511.093894 271.603984
2 6.746310e-008 465.571502 204.113998
10 8.433530e-008 548.028105 147.131329
2 1.515640e-007 514.682554 187.944726
4 2.665630e-007 452.169758 492.387303
4 1.832230e-007 530.825022 565.250708
11 3.909640e-007 396.291114 635.924131
8 3.501440e-007 392.337687 641.170486
5 2.567460e-007 390.030911 854.507644
11 7.888210e-008 289.139186 825.452932
8 5.512960e-008 289.825838 831.986128
5 9.823230e-008 333.381381 885.510672
11 5.728800e-008 220.188184 649.335718
8 2.682780e-008 279.871929 813.315610
5 1.792480e-008 205.292316 862.191845
11 2.179540e-007 242.018974 739.254038
8 6.456740e-008 325.511627 766.382438
5 1.284030e-007 371.445166 840.312638
11 2.440670e-007 266.727605 749.299832
8 3.111320e-008 209.181486 699.275763
4 1.847650e-007 384.370770 646.210607
8 2.745120e-008 362.382809 564.614111
11 1.439650e-007 295.404995 598.741068
4 8.981610e-007 441.477853 548.213715
8 6.494930e-008 388.315163 596.348906
11 9.571220e-008 453.065561 551.010121
4 8.264510e-008 542.817961 722.742146
8 2.377530e-008 579.348340 739.484348
3 2.400630e-008 808.611386 487.688820
5 1.441340e-008 541.887930 949.161973
4 5.656010e-007 517.425031 603.192815
8 2.939010e-008 530.965395 669.555543
5 2.850860e-008 557.583466 703.843277
4 6.031870e-008 615.962942 733.908530
8 1.569890e-008 617.512332 735.255402
3 2.479700e-008 830.796028 435.340471
8 1.492450e-008 642.960068 750.536909
4 3.508850e-009 731.500057 581.318312
5 6.549970e-008 554.475176 903.241563
8 2.495360e-008 526.478025 755.336461
4 1.620600e-007 561.756471 679.681390
5 1.644140e-008 524.963721 744.173467
8 2.319000e-008 543.634361 582.782223
4 1.283340e-007 541.931202 485.208138
8 2.935630e-008 567.278687 790.587860
4 9.544710e-008 526.598276 660.145623
8 1.153340e-007 478.136347 679.905120
11 1.247180e-008 547.271195 641.583019
3 3.484220e-008 677.828491 442.865425
3 2.615670e-008 795.001042 545.824958
4 5.557900e-008 535.947351 517.387877
10 1.144410e-007 602.708009 332.009313
4 1.538830e-007 573.425103 547.373050
8 3.891120e-008 560.935124 717.032877
4 5.330540e-008 634.892731 741.729084
8 6.663510e-008 509.335507 675.746490
5 7.976060e-009 663.093007 832.681034
4 1.656820e-007 592.560946 566.735020
3 4.967270e-007 776.907250 329.484580
10 4.164420e-008 751.930647 328.590473
3 1.183520e-007 703.108016 237.813703
10 7.753670e-008 684.983477 322.165586
3 1.932370e-007 686.367911 327.332423
8 1.672250e-007 457.444615 690.798770
4 7.155080e-008 458.972156 688.043027
11 6.492710e-008 490.574730 631.030764
2 1.451140e-007 423.441118 173.766184
4 8.672260e-008 349.664912 523.386189
