3 2.804740e-008 701.474102 636.937364
2 1.622540e-007 773.001930 416.124756
5 6.451350e-008 685.106350 244.420720
2 7.980090e-009 703.149820 397.392838
3 1.921660e-007 521.538428 557.921660
5 1.077490e-007 485.474805 272.126041
2 1.649820e-008 683.943789 123.187823
5 6.488160e-007 560.612820 172.406174
2 3.588140e-008 600.346414 411.924651
5 3.338070e-008 708.522743 290.004880
2 3.707110e-008 829.878734 237.410999
11 6.261250e-009 820.119451 618.319396
11 1.214910e-008 696.225261 721.452627
4 3.064650e-007 637.455028 772.540802
9 6.546600e-007 677.902311 909.571366
11 2.784050e-007 828.447489 906.289559
4 2.354570e-007 751.084479 888.428978
9 3.909150e-008 668.871003 773.220682
3 2.436840e-008 577.035334 649.216768
3 1.124690e-007 431.492374 573.193508
3 1.691660e-007 444.053993 536.353410
5 1.207120e-007 498.191705 281.463806
2 3.544290e-008 555.019269 351.379826
3 1.570900e-007 511.597463 621.843687
5 1.703320e-007 489.404975 299.891609
5 6.101370e-008 452.376516 175.493932
5 4.293340e-008 435.327124 338.160312
7 1.116170e-007 225.278618 308.671218
8 2.739280e-008 193.258535 312.288420
7 6.710820e-008 102.335001 185.214884
10 5.554680e-008 25.431497 189.440037
8 3.094520e-007 29.156121 184.313536
7 2.388900e-007 215.515854 197.771244
8 9.107980e-009 237.682927 198.545288
10 1.166140e-007 74.144015 228.401382
8 1.279290e-006 94.068882 115.401747
7 1.597750e-008 100.399570 77.002272
8 1.879670e-007 137.857710 155.961203
7 1.779080e-007 177.473854 203.174037
8 3.760770e-007 136.610759 168.767544
7 4.003790e-008 83.741464 199.291633
10 8.659690e-008 38.454388 219.538405
8 7.700270e-008 188.008392 235.958861
7 1.499220e-006 221.776012 185.896029
10 1.785180e-008 153.884831 320.869632
8 2.453250e-008 169.392037 344.210588
7 7.026820e-008 122.459705 228.049326
8 3.212030e-007 46.110982 80.389780
7 3.372360e-008 143.849796 94.345920
8 8.511940e-008 221.873423 132.183379
7 6.654330e-007 205.199111 181.968847
10 3.888340e-008 211.153175 295.169264
3 1.779580e-008 268.243789 555.015312
6 1.140640e-007 182.159521 566.950977
10 2.713850e-007 67.754455 391.785490
10 1.556960e-008 183.527531 462.912042
3 1.531930e-007 379.286647 609.358131
6 1.330370e-007 253.415502 661.077899
3 6.343290e-008 314.494831 692.255887
6 3.114660e-007 251.886420 744.790536
6 1.433170e-007 244.294871 768.893161
3 5.965950e-008 331.141502 685.805049
6 1.334960e-007 128.908069 827.466795
6 1.558170e-007 284.958825 811.036827
3 1.127090e-007 378.284108 734.093728
6 2.472050e-007 151.354485 745.112795
6 8.511130e-008 155.194061 888.010372
3 5.732140e-008 300.622944 746.231432
6 1.235820e-007 287.603402 750.211907
6 5.591480e-008 103.680145 859.895411
3 3.598120e-008 308.475795 700.643112
6 3.510770e-007 273.155329 745.480826
6 1.199410e-007 189.826910 870.618625
6 8.073820e-008 264.241135 627.588184
6 1.028230e-007 57.567756 695.391140
6 5.174320e-007 184.066347 802.700368
3 9.458300e-008 400.243800 717.237563
3 3.096630e-008 328.134536 543.358342
10 2.149880e-008 147.317686 468.289918
6 7.256820e-008 181.841151 593.325933
6 3.305870e-008 375.104498 574.925193
3 2.604150e-007 450.667850 595.069084
2 5.825570e-008 597.005758 304.956418
5 1.616510e-007 596.951635 301.856600
11 4.283560e-008 834.061821 663.977691
11 5.258140e-008 762.270695 690.889185
4 4.165690e-008 720.876184 732.282012
11 4.247200e-007 841.963959 760.870100
4 1.861010e-007 774.455282 819.554148
9 3.014170e-008 803.149580 778.355443
3 1.040200e-007 571.134219 690.069326
3 1.051950e-007 519.114949 561.286591
3 4.944800e-008 464.200979 506.807933
4 6.881840e-007 679.854944 775.593721
11 2.278860e-007 758.273554 774.074449
4 3.171580e-008 553.931853 759.455175
3 4.687540e-008 507.548142 752.072650
10 2.789820e-008 160.848851 473.034297
3 2.858800e-006 459.215882 611.361052
3 6.825290e-008 417.384439 528.041549
6 3.802580e-008 344.887626 691.439752
3 1.012530e-008 268.514129 726.107338
6 7.431820e-007 186.152312 774.534007
3 6.236860e-008 287.521569 690.352477
6 6.638210e-007 186.373952 795.185822
6 2.039530e-007 92.749323 730.524150
3 2.343340e-007 387.245089 575.648929
11 9.414780e-007 817.373026 787.405691
4 1.556370e-007 817.489519 792.539547
11 1.364460e-007 886.173376 749.902595
4 1.153850e-007 770.322409 939.182666
9 1.982010e-007 692.901908 976.943153
11 5.935600e-008 733.627423 809.627539
4 9.144540e-008 804.752169 806.738710
11 1.686110e-007 880.756579 783.467920
4 3.496030e-007 743.023363 798.688770
9 1.160960e-007 686.392462 897.937143
4 3.474030e-007 632.576432 824.938629
3 1.517340e-007 478.557895 755.383217
9 1.586940e-008 567.312828 815.525416
4 5.554320e-008 600.028786 746.678173
3 7.513390e-008 575.176149 589.767081
3 2.231100e-008 609.824980 610.830796
2 7.362590e-009 799.022594 514.562688
11 3.987210e-008 718.525363 721.114027
4 1.985590e-007 652.942166 772.353328
9 2.525630e-007 670.306581 874.907449
11 1.346910e-007 755.098860 867.488947
4 2.886290e-008 834.757119 860.519621
4 1.889380e-007 693.065700 759.793161
11 1.279120e-007 769.908281 758.582271
4 2.343690e-007 770.108353 902.001508
9 2.305720e-007 755.750156 903.031258
11 6.178150e-008 763.113009 906.006049
4 2.402020e-007 750.312025 747.215121
11 6.095880e-008 741.381469 675.948425
3 7.080750e-008 559.495827 733.784744
5 5.255840e-008 483.867672 325.372428
7 3.882640e-008 423.336378 175.058956
5 3.058070e-008 491.849308 98.967547
2 2.178700e-008 577.681956 141.926159
5 2.206690e-007 511.933189 284.187534
10 1.216310e-007 108.982961 336.537049
7 7.312590e-009 112.766964 332.334460
8 7.349300e-008 165.959771 273.257461
5 5.808600e-008 504.555444 341.330404
2 5.612970e-008 573.782969 271.049822
5 5.089150e-007 546.147651 186.796353
3 1.985500e-008 447.503775 467.991832
5 7.495880e-008 465.635004 335.892770
7 3.863500e-008 378.635900 272.379266
2 3.392570e-008 675.133452 114.218800
5 4.377400e-008 671.991776 114.944121
5 4.634090e-006 534.873736 221.354679
5 3.128400e-008 543.770814 366.606060
2 8.957650e-009 542.260684 409.846299
10 5.202050e-008 136.180915 255.833393
7 4.215090e-008 135.389777 244.519792
8 4.774250e-007 130.003433 167.492772
7 9.165640e-008 247.968772 127.919336
8 1.220990e-008 218.464769 262.153118
10 4.068310e-008 185.325619 319.220191
7 1.076990e-008 132.980708 237.676955
8 2.526130e-007 94.565524 178.522985
7 5.853860e-008 102.750161 211.841184
10 3.254150e-008 87.446809 199.000151
8 9.475900e-007 59.284151 175.368883
7 3.835640e-006 230.807939 174.793553
8 4.553270e-008 259.016858 145.582307
7 3.178500e-007 203.373332 130.731823
8 1.172770e-007 232.583297 183.428089
10 1.467740e-007 105.146491 332.581314
7 7.235400e-007 198.658997 186.837167
8 1.612140e-008 210.334461 241.765746
7 3.756770e-008 303.520160 334.945580
5 1.987040e-008 446.455469 241.424251
5 2.481650e-008 593.490589 80.347901
2 2.261190e-008 591.577122 79.574814
7 2.056070e-007 343.027480 166.509328
8 6.074840e-008 180.052385 262.734164
10 3.300010e-008 253.090051 311.998866
7 2.216750e-008 390.403998 204.660701
5 1.042430e-007 460.715386 148.918867
5 1.465910e-008 508.057023 368.973824
3 2.190380e-008 531.142936 576.779838
4 1.788060e-007 630.989986 805.437981
9 6.740960e-008 688.329916 851.871177
11 1.417730e-007 764.743817 913.750248
2 4.399030e-008 831.511123 405.799265
2 7.726050e-008 735.134889 449.063921
11 2.985180e-008 748.059070 718.649360
4 3.726240e-007 703.619687 787.079809
3 3.358640e-008 533.775983 751.252011
2 2.005830e-007 688.345924 355.221614
2 4.784040e-008 769.665854 199.505472
3 6.153620e-008 482.798323 481.345716
3 3.731020e-008 598.364008 577.178562
2 4.486150e-008 698.413541 423.884268
2 1.915070e-007 766.664707 284.859268
5 4.652290e-008 727.916370 356.105797
2 1.192760e-007 780.055423 406.655337
5 1.403570e-008 783.037324 296.598021
2 2.972210e-007 763.728326 296.552776
5 1.098530e-008 769.415096 259.686066
2 2.362390e-007 780.283192 280.125989
5 5.774260e-008 666.343738 272.488422
2 3.113940e-007 686.485168 263.096268
2 6.155000e-008 763.047784 226.056559
5 3.767390e-008 753.521511 291.847411
2 5.542300e-008 863.856240 313.294339
2 1.296510e-006 718.073158 333.595614
3 1.471950e-007 524.011598 583.397033
6 4.828170e-008 199.395589 555.222466
10 3.570910e-008 77.067786 441.149933
6 8.341720e-008 156.218428 594.599254
10 1.010550e-007 54.742690 432.840119
6 1.449240e-007 179.469603 580.533631
3 3.273150e-007 405.182988 582.065741
3 3.819420e-008 632.572471 582.900430
2 9.419220e-008 746.320039 360.094407
2 7.395730e-008 822.676890 295.467998
2 2.722450e-008 921.660968 355.326874
2 2.082540e-006 693.006961 292.807688
2 1.956680e-008 718.588223 487.572104
3 1.109100e-007 491.819024 546.061545
5 4.146340e-008 472.820195 385.477795
3 2.761670e-008 458.416173 473.847654
3 1.419560e-007 543.795816 642.321396
6 1.615020e-008 296.444941 895.912013
6 4.091350e-007 118.279917 692.995794
3 9.446670e-008 324.776170 725.369832
6 8.319460e-008 147.223170 827.355284
3 3.559830e-008 291.204144 780.966627
6 2.267210e-007 281.319729 787.180264
