9 2.452670e-007 781.958000 531.419000
3 1.919270e-007 728.797994 577.630096
9 3.589480e-007 677.171599 539.012860
3 7.237120e-008 784.874885 407.811222
9 1.009060e-007 696.232721 400.472509
9 8.347110e-008 658.707003 553.315796
4 4.270280e-007 466.632693 498.567396
5 4.911210e-008 434.048178 345.269787
2 5.116630e-008 479.318791 277.477405
11 2.509920e-007 483.700155 273.668727
11 3.628180e-006 561.293018 185.384951
2 1.390030e-008 565.262702 261.129914
9 6.825350e-008 653.852000 512.191883
3 1.175120e-007 741.975188 466.433263
9 5.095520e-007 734.829321 470.394312
3 2.914020e-008 779.627406 570.542436
9 6.911340e-007 773.700685 575.694434
3 5.239810e-007 804.997382 568.489583
9 8.997400e-007 801.110543 575.221784
3 3.362820e-007 785.066037 511.415863
9 3.276500e-007 792.930504 509.887156
4 1.331060e-007 453.064947 569.211429
4 3.320510e-008 599.061962 586.083976
9 6.384360e-007 746.843042 575.750392
3 4.437070e-007 778.008589 562.548653
4 6.628300e-007 424.766079 541.884197
5 7.047700e-008 460.282199 365.255794
2 3.137570e-008 513.249031 251.912241
11 1.432380e-007 515.831913 246.843068
9 5.552570e-008 604.913251 567.967606
4 1.083600e-007 457.612279 604.347887
8 1.031500e-007 327.751452 523.537871
4 8.382420e-008 445.713184 408.033420
2 2.622070e-008 501.575634 269.767939
5 2.490360e-008 504.530805 262.453577
11 1.326880e-007 511.064908 284.502904
2 2.524790e-007 485.184294 140.311916
11 5.475930e-007 506.734125 121.697704
5 3.550460e-008 443.253296 299.474578
4 8.373720e-008 503.291241 359.512944
2 1.075890e-007 394.096300 314.355586
7 3.638310e-007 177.824365 312.019046
5 1.121280e-007 187.063282 312.180293
2 2.773760e-008 256.882034 208.912837
7 4.586240e-008 32.285711 190.113049
7 9.631080e-008 205.236464 197.412302
2 2.219650e-008 232.105985 184.233721
5 3.491170e-008 229.837744 182.461573
7 1.674270e-007 88.375907 147.688240
7 1.708760e-007 171.056801 195.526467
5 5.570100e-008 150.784049 196.285425
7 8.843250e-008 92.333527 194.331005
5 8.389870e-009 204.441185 211.596108
7 5.077820e-008 224.849344 181.339602
2 7.059380e-008 245.457679 116.771861
5 2.335980e-008 158.497039 317.244601
7 3.077120e-007 139.302302 269.736095
7 7.643130e-008 121.310863 142.752961
2 9.565780e-009 174.285821 218.809796
5 1.170050e-006 281.807500 301.350775
4 6.091920e-008 342.421539 416.613366
8 1.973010e-007 221.549386 577.789678
10 5.060490e-008 161.767899 605.302051
6 1.812640e-007 167.899022 593.771083
5 8.802400e-008 196.144359 412.120665
7 1.296480e-007 113.153113 398.976006
10 7.027120e-007 184.547973 534.751471
6 2.467530e-008 137.269536 496.697679
8 3.910170e-008 136.813543 496.301291
7 4.642480e-008 140.771052 447.349936
5 3.304630e-008 283.617219 526.193570
4 6.177110e-008 287.005179 529.138692
8 2.339670e-007 337.702451 635.308753
6 2.138310e-007 276.241777 654.099196
8 2.107880e-007 322.957889 685.154545
6 3.134710e-007 259.068558 738.764012
8 4.289390e-008 181.197716 813.074227
6 3.216940e-007 249.516448 765.236976
10 9.798530e-008 132.024124 674.408004
8 2.650640e-008 95.154976 812.004931
6 1.153380e-007 150.208691 824.851485
6 1.186240e-007 264.537153 779.590291
8 1.766520e-007 218.922200 709.349603
10 3.403420e-008 264.008881 659.118930
4 1.480980e-008 375.494604 718.273583
6 4.604990e-007 153.146108 757.082413
8 1.560250e-008 152.931710 757.640938
8 1.061150e-007 306.222807 744.519381
6 1.945780e-007 225.667830 769.147522
6 2.238490e-008 110.753431 842.388476
8 1.650020e-007 281.292589 723.123975
6 2.494120e-007 279.749307 727.364089
6 6.165500e-008 41.306320 801.362195
8 1.928620e-007 247.930872 743.638435
10 7.217080e-008 235.304926 622.473660
6 2.613120e-007 85.428329 630.328226
8 1.020960e-007 166.858649 730.902153
6 1.945330e-007 151.543561 763.334885
6 3.521540e-008 293.781519 866.083021
8 4.252560e-008 303.461565 872.369331
4 5.403370e-008 349.515583 582.249609
10 4.845620e-008 337.771845 571.346308
8 2.085120e-007 346.867402 597.761667
4 6.788970e-008 235.423755 456.348058
5 4.916770e-008 176.971400 426.565163
7 1.382340e-007 140.875396 437.981296
10 5.146230e-007 142.015353 443.344378
8 1.269970e-007 169.137275 570.943125
6 8.022500e-008 173.421455 591.098627
4 2.671450e-008 187.944926 595.809503
10 7.853680e-008 202.527899 611.607443
8 8.603840e-008 330.126622 584.485525
6 5.331490e-008 350.282150 580.201340
9 3.696070e-008 599.169911 428.907057
11 1.011510e-007 596.076185 251.715693
9 1.073730e-007 669.713984 626.617492
3 3.275260e-008 861.776910 669.823359
9 2.383850e-007 831.695408 591.427886
3 4.867910e-008 724.085712 733.298079
9 1.110850e-007 878.303957 638.609281
3 7.163640e-008 881.711054 677.801568
9 1.492540e-007 883.860995 491.927820
4 1.420530e-007 504.662160 522.657864
9 5.007080e-008 652.099735 576.391883
9 1.358560e-007 655.572226 540.259048
4 1.270700e-007 468.508035 541.887259
