10 4.134500e-008 745.422680 563.178537
11 3.352600e-007 728.592569 577.808668
10 8.825100e-008 635.264634 512.569472
11 3.367280e-008 652.978314 500.166217
10 1.014960e-007 838.368142 329.374945
10 6.212870e-006 708.808816 400.978451
11 7.894830e-008 646.631238 605.622238
7 8.017850e-008 452.449439 431.840639
2 1.156660e-007 732.390458 92.915088
10 2.743920e-007 591.129307 390.210494
10 1.253790e-007 870.179959 369.230163
11 2.714800e-007 737.158463 581.879213
10 4.082800e-008 859.013675 501.533292
11 6.472360e-006 779.938764 640.681929
10 9.415610e-008 831.335087 522.871347
11 5.265270e-006 773.112557 638.805635
10 2.133880e-007 716.159984 524.809923
11 6.797830e-008 894.645782 490.115591
4 8.341140e-008 642.379841 829.786769
11 5.263870e-008 669.678157 776.457966
7 3.118830e-007 479.393786 504.044600
10 1.954320e-008 737.591040 576.397338
11 6.427670e-007 739.127927 576.289871
7 1.517390e-007 473.106198 528.022724
10 9.229620e-008 588.608301 438.863653
11 1.389460e-008 597.764672 572.094854
7 1.361740e-007 457.679527 603.708069
6 2.047670e-008 457.999109 600.667459
7 4.128610e-008 451.613275 393.430069
5 9.400030e-008 491.341151 142.124984
10 4.401250e-008 491.863203 370.801567
7 4.691560e-008 342.101109 412.031051
9 2.745730e-007 161.385839 606.020601
9 7.738490e-007 183.992544 534.134604
7 2.243520e-007 283.503748 526.094931
6 4.040230e-008 295.903227 648.088078
9 2.570180e-008 226.841418 669.202424
3 1.854620e-007 250.668335 797.387931
8 1.305410e-008 305.468608 775.720308
7 3.355330e-008 294.123998 709.349031
6 1.286880e-007 287.712437 714.728965
3 2.626250e-008 100.843185 741.207265
9 4.261910e-008 128.617212 767.911044
6 3.136250e-007 348.488337 691.441345
9 3.763370e-008 112.835240 746.021581
3 8.862980e-008 95.103006 812.198887
6 2.670040e-008 187.974986 800.186490
3 3.042510e-007 231.408307 808.464723
9 9.621060e-008 181.432835 651.621193
7 2.569380e-008 372.873646 703.409322
6 1.544000e-007 373.415376 706.481638
4 7.348850e-008 386.079399 778.303243
8 6.918800e-008 400.910297 862.413864
3 2.966890e-008 369.662052 908.915768
3 3.463330e-008 156.624022 748.022150
3 1.721190e-007 116.849947 928.308414
6 5.618330e-008 337.803210 881.622028
8 2.422990e-007 339.843574 876.016107
4 2.814540e-008 367.526441 799.957149
3 8.386200e-008 229.970640 767.832021
6 6.918330e-008 304.710429 901.536126
4 4.508370e-008 301.214128 904.575335
8 7.515740e-008 300.162126 905.489802
3 7.369290e-008 240.875073 957.025904
3 3.597820e-007 152.185536 924.747801
6 2.454140e-007 382.351535 858.598649
8 1.087570e-007 388.112607 858.094609
4 7.130640e-008 409.665645 825.602928
7 2.114900e-008 280.997302 723.935267
3 1.838250e-007 263.809765 771.157450
6 2.374080e-008 361.998974 912.392987
8 1.836550e-007 368.114166 914.031547
4 8.802280e-008 435.261087 932.023502
3 9.715070e-008 147.908542 928.639955
3 5.260060e-008 147.204711 818.022335
7 3.866600e-008 247.458492 621.836729
9 3.039820e-007 170.719811 625.858365
3 1.064680e-007 176.755473 734.117848
8 2.284710e-008 260.056483 980.394012
3 1.426820e-007 259.215373 979.741519
4 1.481520e-007 374.494886 849.702809
6 1.776880e-007 376.628394 838.726981
8 5.580700e-008 398.037069 728.590085
7 5.669240e-007 351.458671 586.613883
6 1.138010e-007 367.630284 658.061496
7 4.670740e-008 239.311979 458.329202
9 7.504270e-008 181.212573 428.726143
9 2.924070e-007 197.594808 541.082462
7 1.398660e-007 289.512896 593.118230
11 2.877350e-008 593.720825 520.365705
10 1.930690e-007 599.330217 438.088468
10 1.721540e-008 657.657570 603.942810
11 4.003400e-007 722.799300 644.358593
11 8.284260e-008 851.629715 591.645529
11 6.020780e-008 910.329715 670.634825
11 2.887790e-008 885.073830 515.069328
10 9.579070e-008 788.336531 488.165350
4 2.499140e-008 535.174766 616.565552
7 2.452220e-008 540.497922 526.703438
11 5.539240e-008 693.884734 594.995807
4 9.675050e-008 558.873342 711.004863
11 5.323420e-008 658.264003 563.653529
10 5.160050e-008 628.174333 533.933680
7 3.484740e-007 463.620838 502.082904
6 1.216540e-007 537.026264 717.887516
4 1.355030e-007 546.508855 721.718710
11 3.454520e-008 777.652193 772.719401
4 7.083720e-008 513.545175 778.287710
6 6.765490e-008 499.653772 707.301445
7 2.180940e-006 385.225812 556.098480
9 7.190200e-008 237.859910 511.468545
7 2.503560e-008 322.274475 578.896173
9 8.166240e-009 363.837894 650.497230
6 3.052660e-007 393.213623 680.648552
7 4.195430e-008 393.536878 678.607618
4 1.808460e-007 369.058796 788.441939
8 9.071340e-008 338.940991 847.551635
3 8.393140e-008 333.750672 857.738241
6 4.748850e-008 317.238039 890.146205
3 2.095450e-008 300.378959 730.686866
6 1.204340e-007 319.007720 723.535996
6 2.020380e-008 247.201092 674.875042
9 3.903990e-008 182.814186 693.248965
3 6.027810e-007 186.958227 843.653995
9 1.774650e-007 121.753236 654.966419
7 1.460080e-007 342.335635 642.230114
6 3.647050e-008 349.647041 631.390479
11 1.491900e-006 736.252796 602.072948
11 1.591700e-007 738.066166 566.677512
10 1.607190e-007 776.406440 534.080439
4 3.876470e-008 687.133104 790.842600
11 5.002650e-008 736.113021 735.660595
11 1.216990e-007 773.036096 737.153316
8 4.178260e-008 551.492127 930.085696
4 1.020870e-007 529.547550 917.921643
6 6.033220e-008 526.082439 855.475604
4 2.857290e-006 469.261278 814.080348
8 4.843130e-007 457.777521 886.586683
6 4.726170e-008 488.544188 894.294566
11 4.053330e-008 581.090514 627.108372
4 5.920170e-008 595.829693 778.050650
6 6.161070e-008 591.631596 773.852525
7 1.879750e-007 482.784021 628.684740
11 1.370470e-007 709.559113 541.453362
10 1.789820e-007 796.725036 470.720519
11 4.408460e-008 834.464579 775.622201
11 9.732290e-008 623.925046 622.311666
11 3.174140e-008 752.364091 730.501916
4 2.302540e-007 559.208694 731.052937
6 2.245490e-008 551.853131 661.071384
7 2.834060e-008 528.457141 523.666941
5 5.220050e-008 523.741154 106.853798
7 3.404800e-008 246.834348 351.975611
10 7.294840e-008 588.728557 319.934630
5 1.062520e-006 424.115641 37.010560
7 1.134180e-006 399.196862 504.783813
5 2.294260e-007 447.507804 80.809720
10 3.767950e-008 490.311136 395.759065
7 7.795840e-008 330.253072 335.820819
5 1.550670e-007 255.086775 60.196064
5 4.316090e-008 247.857906 133.799636
5 1.144660e-007 296.389733 163.838768
2 3.568300e-008 638.861385 98.678800
5 3.908220e-008 540.219531 87.132989
5 8.406340e-008 342.882375 169.278238
5 7.275640e-008 499.390671 137.094639
7 2.049240e-008 477.806250 366.858471
4 8.240220e-008 607.929665 786.764006
11 3.569460e-008 739.635448 703.650831
10 4.524120e-007 735.449416 465.825349
10 2.225400e-007 838.960721 398.424468
11 1.203270e-007 709.199917 520.989448
4 2.054800e-007 567.426566 759.020779
6 1.005760e-007 499.978956 735.553190
11 4.788020e-008 651.605430 554.104507
10 3.218360e-007 664.180955 464.627545
10 2.240440e-008 759.095565 289.158948
10 8.480030e-008 559.337695 492.102577
7 2.121990e-007 437.495993 477.897598
11 7.128290e-007 731.327653 579.518978
10 3.456840e-008 623.165248 576.745662
7 3.102430e-006 407.843589 529.157372
10 1.081290e-006 687.304570 437.602679
11 3.541510e-008 688.264581 436.417166
10 3.134380e-008 766.730961 286.756627
10 2.593190e-007 770.992273 417.847464
10 1.306990e-007 741.390668 277.135000
10 1.361470e-007 818.415744 388.700318
11 1.560300e-008 650.677566 430.720913
10 1.691110e-007 815.861000 349.929299
10 2.057980e-007 760.506906 319.847037
10 3.310570e-007 751.168231 345.005931
10 5.155160e-008 592.636423 570.057748
11 1.106920e-008 536.777513 580.915596
7 1.415520e-007 454.425444 596.923181
6 2.227930e-008 287.177668 581.288586
9 2.948810e-007 231.060047 573.401807
7 1.216530e-007 298.386019 502.904953
9 8.873920e-008 298.658690 502.650684
7 3.178450e-008 158.776280 594.554607
9 4.080070e-007 158.399704 594.561180
9 5.596280e-007 168.401822 509.272149
7 3.879490e-008 144.896417 491.167504
9 2.442370e-006 133.635945 511.189618
9 9.000720e-008 51.862604 505.957662
7 1.547250e-007 286.019534 541.752206
7 9.282130e-008 509.618300 551.983556
11 4.327930e-007 744.332595 591.840796
10 8.367320e-008 726.576861 540.274256
10 1.360740e-006 719.390784 368.944452
10 2.109260e-008 776.167046 220.268752
10 2.506830e-008 856.972111 284.318797
10 5.155740e-007 698.680579 472.988042
11 2.217010e-008 653.705442 509.257524
10 1.925170e-007 725.428072 485.480954
11 1.184030e-008 663.722079 504.346351
7 4.732060e-008 506.381440 542.699509
10 2.397590e-008 467.267443 386.258188
7 3.385650e-007 417.880532 466.085604
7 3.671670e-007 456.027834 603.578654
6 1.098690e-008 504.248251 624.047008
4 1.045150e-007 423.922738 783.410454
8 5.736290e-008 348.850856 819.929754
6 5.110100e-008 326.049518 830.562238
3 7.991400e-007 272.944010 855.325850
4 1.463420e-008 288.018596 807.669596
6 1.515880e-008 203.163674 760.756316
3 5.595250e-008 132.611315 729.344481
9 9.179090e-008 166.753243 681.804904
4 9.657380e-008 381.940264 846.518199
6 1.487830e-007 375.780917 855.314660
8 2.596560e-007 337.342633 910.210234
3 7.889310e-008 334.088028 914.858293
6 8.350100e-008 288.724783 774.154628
3 6.651980e-008 320.672132 861.929407
8 1.062510e-007 350.448291 860.338821
4 9.981940e-008 352.007041 856.996069
3 7.634120e-008 153.242070 705.466544
9 8.008310e-008 129.346131 720.417275
6 2.472010e-007 356.961344 798.790221
4 7.340360e-008 345.571646 785.131533
3 1.391720e-007 276.454046 752.901247
9 2.765130e-008 143.974392 728.602024
3 7.654790e-007 241.470002 918.203208
8 1.320740e-008 344.277308 998.526127
6 1.088900e-007 305.784980 842.832504
3 1.038690e-007 123.841692 876.977141
9 1.680820e-008 327.111922 700.212562
6 9.272650e-008 340.100195 697.687894
7 1.738080e-008 409.187490 684.258666
4 3.934240e-008 397.233625 743.051174
8 4.992000e-008 365.913212 816.837017
3 5.928760e-008 345.165394 865.715534
9 1.398100e-007 143.450561 665.614095
3 3.054440e-007 180.283143 790.841070
6 2.468300e-008 170.713948 768.695593
9 1.029670e-007 191.321450 707.231132
3 1.370060e-007 303.551731 804.526192
6 2.698210e-007 341.771190 850.583997
8 3.429970e-008 293.521917 796.997648
4 2.383720e-008 291.028253 794.228148
9 4.269470e-008 71.171352 671.133627
3 6.316590e-008 57.137854 943.734188
3 1.231150e-006 203.229625 889.032294
9 1.073310e-007 241.001562 657.214280
7 3.849610e-007 379.642193 630.965797
6 4.259480e-008 373.388631 636.401912
3 1.082250e-007 175.412083 806.923319
6 3.790680e-008 220.810861 869.967676
3 5.585210e-008 154.367122 949.810283
6 1.856830e-008 262.114341 962.427973
3 4.452620e-008 102.776611 984.821532
3 7.438260e-007 249.927788 908.539500
8 2.168400e-008 252.584236 802.259577
6 6.332960e-008 249.156109 793.329054
9 2.645910e-008 257.278002 762.957088
3 1.141310e-007 224.753341 943.096141
6 9.348820e-008 325.261617 789.555856
8 5.057910e-008 380.911719 746.077632
4 6.110590e-008 430.950563 706.983363
3 7.194240e-008 215.911715 759.786042
9 3.546210e-008 106.929515 754.746881
6 3.951100e-007 316.921829 778.002334
3 2.176870e-008 391.124882 737.982736
4 5.066060e-008 391.453631 734.854978
7 6.462060e-007 406.632581 590.440739
10 2.026390e-008 567.700955 531.731136
6 2.318870e-008 469.714322 572.628098
7 5.836580e-008 528.455146 509.636542
11 7.735460e-008 701.691900 536.184506
10 2.149220e-007 708.022920 533.650768
7 2.037290e-007 445.046146 573.755985
6 5.025310e-007 364.826184 722.700156
4 2.118080e-008 322.277159 796.397372
3 3.950180e-007 281.090745 867.734472
6 4.186900e-008 332.018095 876.116999
8 4.384330e-008 345.700316 798.522260
3 1.103060e-008 360.244215 716.040766
4 2.794600e-008 360.801608 712.879674
7 4.662690e-008 342.729140 697.872990
8 9.500400e-008 248.285537 994.095266
3 1.720740e-007 161.995771 981.966897
6 1.101770e-007 299.380608 854.236875
3 4.640120e-008 175.783559 830.349620
9 3.775960e-008 93.481851 690.309135
3 2.069860e-007 205.689601 805.492871
3 4.610950e-007 171.056438 863.183506
3 6.729650e-008 339.439248 953.691471
8 1.190930e-007 336.073880 934.605636
6 5.252380e-008 321.488754 851.889793
3 8.699900e-007 179.537451 866.825994
6 6.769760e-008 274.979835 701.514643
3 3.553600e-008 235.244060 695.330025
6 5.597360e-008 269.330679 854.117903
3 1.944200e-007 181.544988 820.084509
3 8.738740e-008 140.494666 762.210976
9 6.595910e-008 196.779160 700.083056
6 2.161250e-007 345.028746 713.053355
7 2.683260e-008 195.200044 644.118147
3 1.862200e-007 132.608633 906.863566
6 1.147720e-007 363.717943 878.541685
8 1.720120e-007 363.130394 877.933260
4 6.918070e-008 308.866872 821.741712
3 2.762950e-007 181.796919 848.349004
9 1.808620e-008 76.550124 796.304338
3 3.220030e-007 175.731957 812.241043
6 9.681340e-008 301.434075 686.090995
7 6.556320e-008 318.811999 680.584583
3 9.808810e-008 106.822327 944.057563
8 8.427970e-008 339.982901 934.082492
4 7.481840e-008 387.165297 894.492042
6 1.595230e-007 419.776377 867.128291
3 1.046980e-007 294.499945 897.171590
9 2.953040e-008 158.038666 774.485719
3 4.276330e-007 262.133776 837.420333
6 7.979690e-008 304.704825 776.622588
8 1.783920e-007 288.435433 968.197955
3 1.680680e-007 154.834377 785.096932
9 1.494630e-007 195.668575 663.943285
3 2.189460e-007 282.269899 840.656647
6 5.592340e-008 299.671386 894.214228
8 4.752770e-008 329.132015 984.886937
4 2.606910e-008 317.825064 859.949204
3 2.070170e-007 242.500464 993.290339
8 4.791910e-008 326.004180 874.034702
6 1.423610e-007 352.784405 814.093991
7 9.629280e-008 253.126539 664.932218
9 1.289820e-008 249.538545 669.208250
3 8.539540e-008 176.727498 755.981626
6 9.060300e-008 290.877519 810.004973
3 5.272510e-007 164.945436 855.840159
6 5.767340e-008 277.175438 929.231859
3 8.691860e-008 314.245805 808.991317
4 1.963440e-008 343.448505 755.266440
8 3.710640e-007 404.328445 905.948611
6 5.168120e-008 287.249600 803.219421
3 2.610390e-007 318.962800 870.556426
8 3.303630e-008 270.491571 857.420256
6 3.961400e-007 360.325323 831.791474
4 4.961710e-008 367.491837 860.893140
3 5.127270e-007 277.603447 888.374741
8 1.775610e-007 411.481668 868.041321
6 5.721530e-008 327.257653 927.118350
3 4.005350e-006 225.821094 858.762915
9 3.701130e-008 40.862269 680.925168
3 1.116020e-006 230.345118 843.104524
6 2.183340e-007 361.900606 829.816903
4 6.004610e-008 396.203925 749.003330
8 3.260760e-008 396.748589 747.720181
7 3.347920e-007 445.685267 587.353682
5 4.954310e-008 273.277944 108.223466
7 5.574760e-008 390.251651 311.630112
5 6.597940e-007 446.927803 47.268551
5 1.666160e-007 461.214627 96.990197
7 1.008410e-008 512.872055 393.499020
10 4.684310e-008 587.985633 283.283217
5 2.102960e-008 442.815400 113.657864
7 8.484470e-008 382.928418 365.712209
7 2.238660e-007 393.019648 449.790780
10 6.254750e-008 686.900463 569.485465
11 4.883140e-007 759.069472 577.070714
10 6.159140e-008 710.765164 631.038688
11 1.618090e-007 693.067137 697.088726
4 3.310120e-005 495.232836 822.446409
8 2.316020e-008 493.949676 822.991080
6 3.581400e-008 519.679479 774.260678
11 2.137160e-007 734.482845 604.693913
10 1.809500e-007 633.186107 509.602233
11 2.928870e-008 708.829915 773.827904
4 8.241920e-008 602.905462 800.332622
6 1.448600e-008 662.824717 828.273428
11 5.302790e-009 759.997997 731.297407
4 6.714980e-008 538.363772 678.844787
6 2.504530e-007 458.942189 710.889755
8 4.538890e-007 491.803910 879.899670
4 5.035070e-008 585.507603 603.537593
11 1.873470e-008 601.972115 564.749185
10 1.043870e-007 596.067331 559.554412
11 1.195400e-007 814.647861 716.738108
11 6.504670e-008 849.082993 688.320176
8 1.365420e-007 562.908266 912.570554
4 3.520540e-008 554.439261 910.459007
6 2.971690e-008 576.322077 812.608419
8 1.985810e-008 591.609125 797.321475
4 7.520180e-008 597.973833 790.956810
11 1.486810e-006 768.319062 649.673299
4 1.480760e-006 528.584804 847.990849
6 5.832830e-008 516.159514 865.092853
8 2.605430e-007 502.919825 890.715000
11 9.493820e-008 764.962376 734.817480
4 4.255880e-008 642.767714 744.187768
11 1.166320e-007 857.455022 596.952984
10 1.940670e-007 763.731609 476.992729
11 2.373780e-008 708.080278 809.099984
11 1.033130e-007 701.198000 659.489843
11 3.153360e-008 616.327719 497.159504
10 3.448820e-008 577.201314 453.705146
5 9.558970e-008 506.177937 36.587448
11 3.195160e-008 632.734906 665.290216
7 4.495530e-008 625.587828 607.372040
11 2.550630e-008 596.705916 650.679668
4 1.395820e-007 492.740155 750.305598
6 3.184170e-007 477.878187 814.680039
8 5.911250e-008 483.803541 883.335934
4 6.548260e-008 500.422962 926.819516
8 3.027720e-008 643.140938 823.136135
11 3.623980e-008 816.135649 779.155686
11 4.292720e-008 620.536639 491.588826
10 1.119820e-007 615.766783 423.379578
7 6.670160e-008 411.889882 401.530586
7 7.294750e-008 373.814103 316.070813
7 2.148650e-007 420.195618 432.411264
7 2.088920e-007 503.843971 572.586692
6 9.881250e-008 489.017521 695.793877
4 3.134120e-007 471.502072 778.198577
8 3.483440e-008 471.228000 694.681048
11 3.797750e-008 587.172926 635.941912
7 1.594540e-007 509.795794 495.693741
5 9.070360e-008 487.327804 128.453976
10 1.089360e-007 558.323023 329.559518
7 1.164490e-007 443.683067 429.422340
11 9.824950e-008 724.434125 595.853719
4 5.577780e-008 647.068170 933.802743
8 1.948350e-008 653.776418 934.271817
11 2.030560e-008 785.958485 775.540866
4 7.754490e-008 637.421035 788.744409
7 2.492230e-007 420.597990 601.255749
6 3.759270e-008 417.530202 600.199425
9 7.998160e-008 265.092229 569.419177
7 1.129470e-007 433.744632 599.154643
6 2.497300e-008 529.947114 593.975734
10 5.315710e-008 579.502744 453.848002
5 2.208840e-007 396.981229 113.677342
5 1.719610e-007 419.706940 133.105325
7 1.078670e-007 442.683868 467.675653
11 1.032000e-007 731.320703 563.619967
10 5.383080e-008 743.289020 572.315404
11 1.739740e-006 773.087564 632.467394
10 4.825390e-008 555.224244 560.507921
7 5.726850e-008 474.739460 576.152772
6 2.189740e-007 359.508608 684.735981
3 4.462240e-008 351.728844 807.208484
4 1.547970e-007 407.181277 875.686604
8 1.021550e-006 441.417759 917.970751
6 4.015360e-008 293.864998 870.417000
3 3.742590e-008 314.625025 960.737706
8 9.531980e-008 353.342046 805.453462
4 1.243220e-007 356.881099 791.259210
9 7.726640e-008 220.199378 649.366473
7 5.077000e-008 223.657767 658.868327
6 6.982100e-008 282.183969 819.667893
3 3.084570e-007 282.675492 821.018344
6 1.774110e-007 331.747897 768.408724
3 6.670790e-008 333.073723 768.839511
4 6.126710e-008 365.762386 815.697707
8 2.143710e-007 384.782747 898.084295
6 1.285200e-008 191.853184 684.212502
3 5.605220e-008 190.746876 683.250804
9 1.832440e-007 156.459242 652.418294
7 1.679930e-007 381.878162 650.359047
7 3.479380e-007 445.143457 545.349824
6 3.886520e-008 319.392022 644.609482
4 8.538590e-008 545.060311 679.955586
7 2.818720e-008 565.005749 641.535890
6 4.204630e-008 571.580796 695.084711
11 9.359690e-008 661.927437 665.129648
10 1.926900e-007 799.555840 470.160888
11 1.018700e-007 783.384374 732.664747
4 5.966560e-008 618.237163 760.754301
8 5.554710e-007 507.288310 959.083248
4 5.150420e-009 684.328897 908.317710
11 6.641270e-008 756.021605 743.930083
11 8.506250e-008 617.499832 661.095554
11 4.954540e-008 846.189799 492.356131
10 7.609720e-008 782.591697 488.838505
6 3.186250e-008 545.997678 697.827352
4 1.464620e-007 555.300940 715.324364
11 7.286940e-007 740.475178 661.165608
4 9.082170e-008 578.323569 887.644022
8 3.004640e-008 569.857309 820.623540
6 5.399040e-008 568.857418 811.110013
11 3.147380e-008 704.266733 810.670262
4 8.147780e-009 583.145071 701.565306
11 4.258910e-008 677.373916 545.712209
10 1.920370e-007 695.046767 510.587541
11 5.038010e-008 613.676552 684.714133
4 7.361480e-008 604.091886 740.122176
11 2.445800e-007 716.311841 592.353207
10 6.624730e-008 757.963443 562.091520
11 2.247680e-007 817.242777 675.213030
8 2.146130e-007 555.727347 906.053970
4 1.573320e-006 518.241879 821.860724
6 7.756740e-008 518.012109 821.344657
11 5.315430e-008 564.655420 684.367936
4 2.293060e-008 537.849471 639.229096
6 9.427800e-008 537.919008 638.662770
10 1.301760e-008 540.112000 582.761792
4 1.356100e-007 559.451267 734.892631
6 2.784160e-008 583.030056 808.812941
11 3.890130e-008 852.335774 749.212256
11 2.128370e-007 806.636168 594.767256
10 7.882920e-008 754.706799 580.356464
11 2.859380e-007 756.350473 555.600814
4 4.689320e-008 467.420433 686.493262
7 5.452610e-008 523.536063 654.739627
6 2.618400e-008 531.002782 650.600755
11 2.676050e-008 647.967390 536.388956
10 5.095180e-008 646.748964 466.584257
11 4.443480e-008 887.313188 695.830901
10 4.073870e-008 858.730124 482.095876
11 2.102350e-007 727.721025 613.104975
11 3.374960e-008 659.463499 581.999071
10 2.382560e-008 611.190932 576.174710
7 4.995150e-008 488.279722 418.236947
10 1.817230e-007 599.437328 424.993876
4 5.099020e-008 640.455426 761.252000
6 3.798970e-008 641.026031 761.252000
11 1.345990e-008 746.229889 862.933802
11 5.254450e-007 784.011847 648.321563
10 6.291180e-008 793.949219 578.417359
11 1.127540e-007 833.408767 559.145467
4 7.648040e-008 604.220545 829.391752
6 1.258220e-007 515.455265 702.253985
8 4.774780e-008 629.033138 840.544351
4 3.331260e-008 741.312701 814.622649
11 4.567320e-009 714.763212 830.973851
10 1.735810e-006 706.121723 427.433277
10 4.581780e-008 700.838381 252.859243
10 9.567840e-008 789.684006 299.684629
11 5.963280e-008 822.765735 474.623809
11 1.712090e-006 751.836142 638.381084
4 8.508750e-008 592.725844 832.632766
6 2.436630e-007 476.417486 720.314874
7 3.196540e-008 505.975922 603.246418
10 1.312940e-008 483.061016 431.188518
7 6.982890e-007 381.127015 461.638197
11 6.478590e-008 663.423643 630.428006
4 1.386980e-008 708.753978 717.372085
11 2.215910e-007 818.379471 570.363944
10 1.881600e-007 772.664186 510.465032
11 3.868820e-008 677.773569 503.220410
10 1.319510e-007 755.855778 527.092870
11 1.113930e-007 701.546769 672.573224
11 2.307990e-008 544.518784 580.864354
7 1.460120e-007 476.169473 490.086063
11 1.290450e-008 600.722616 698.998200
4 1.505500e-007 583.867060 772.007855
6 4.414640e-008 619.795060 845.284080
8 2.082200e-008 620.608883 845.125885
11 7.713740e-008 651.256644 632.748433
7 1.777130e-007 467.320527 624.508841
6 1.314240e-007 480.758533 700.719204
4 7.240640e-007 514.222957 800.098491
11 1.597080e-007 819.182435 724.508214
11 8.228230e-008 858.264946 709.007483
11 2.835340e-007 701.446817 593.153450
11 9.371150e-008 801.668696 762.816758
4 2.337130e-007 524.049964 895.645867
8 5.764740e-007 468.735982 890.806468
6 4.057750e-008 478.151464 890.079015
4 1.693230e-008 469.545607 688.041291
6 1.241290e-007 464.636843 617.845653
7 1.346910e-007 524.922244 596.092600
11 6.702950e-008 656.905342 615.232425
4 9.719990e-008 608.871463 859.058212
8 1.530360e-008 640.468761 981.495209
4 1.772910e-008 572.422779 719.877833
6 2.456780e-008 557.971108 651.887994
7 3.217710e-008 605.988972 536.573538
10 1.090920e-007 674.153157 520.836432
11 1.059110e-007 767.877895 523.074442
4 3.468240e-008 615.807717 757.943743
11 5.336020e-009 557.717753 704.776310
6 1.814090e-007 484.782453 851.515649
8 1.364920e-007 518.405556 880.743836
8 1.940250e-008 557.655097 962.188122
4 3.249740e-008 555.139671 964.885584
6 1.420630e-007 486.113916 804.250030
4 7.584270e-008 612.807000 809.190088
11 2.502520e-007 696.309481 655.758010
