4 1.911140e-007 642.452845 507.536231
10 4.593150e-007 769.140757 418.828380
7 3.065270e-007 707.541634 293.068821
6 1.353380e-008 671.442576 236.846781
5 4.147450e-008 677.729947 240.331921
11 3.109740e-008 743.544243 276.813307
10 5.648180e-007 707.814768 395.315883
7 1.890530e-007 715.295602 348.946658
6 3.405560e-008 755.140383 326.832990
4 1.265930e-007 664.443909 528.466264
8 9.012460e-008 483.593735 532.327711
5 2.913300e-007 491.059416 267.271390
11 4.228630e-007 547.288218 218.392221
7 1.709730e-007 550.190441 215.869345
5 5.276380e-007 560.988476 179.574023
11 1.053360e-007 565.571633 267.024579
7 8.995580e-008 565.765589 270.725414
4 1.780980e-007 653.852000 507.140078
10 7.523870e-008 653.852000 335.594103
5 2.705740e-008 726.693367 275.290724
7 2.707900e-007 746.983012 258.860633
6 3.662820e-008 782.919026 229.760469
4 7.467560e-008 715.949092 480.859875
10 6.792520e-008 707.975149 485.279938
10 1.504520e-008 751.428075 595.055639
4 3.283750e-007 750.812520 632.330019
