4 1.911140e-007 642.452845 507.536231
10 4.593150e-007 769.140757 418.828380
7 3.065270e-007 707.541634 293.068821
6 1.353380e-008 671.442576 236.846781
5 4.147450e-008 677.729947 240.331921
11 3.109740e-008 743.544243 276.813307
10 5.648180e-007 707.814768 395.315883
7 1.890530e-007 715.295602 348.946658
6 3.405560e-008 755.140383 326.832990
4 1.265930e-007 664.443909 528.466264
8 9.012460e-008 483.593735 532.327711
5 2.913300e-007 491.059416 267.271390
11 4.228630e-007 547.288218 218.392221
7 1.709730e-007 550.190441 215.869345
5 5.276380e-007 560.988476 179.574023
11 1.053360e-007 565.571633 267.024579
7 8.995580e-008 565.765589 270.725414
4 1.780980e-007 653.852000 507.140078
10 7.523870e-008 653.852000 335.594103
5 2.705740e-008 726.693367 275.290724
7 2.707900e-007 746.983012 258.860633
6 3.662820e-008 782.919026 229.760469
4 7.467560e-008 715.949092 480.859875
10 6.792520e-008 707.975149 485.279938
10 1.504520e-008 751.428075 595.055639
4 3.283750e-007 750.812520 632.330019
10 5.022180e-008 794.221334 587.154242
4 6.327630e-008 757.342100 651.030938
10 2.014490e-007 806.869850 507.177605
4 7.543950e-008 743.651309 680.225800
2 1.975670e-007 823.679641 942.193190
4 3.351460e-007 628.508582 667.951557
8 7.852530e-008 480.076309 613.926459
8 8.085390e-008 528.294013 581.662250
4 3.255720e-007 625.139975 584.260473
8 2.175480e-007 415.915960 543.200613
5 1.900790e-007 501.483930 275.002473
11 3.711620e-007 539.303378 200.777881
7 1.093070e-007 543.350092 192.835783
4 1.223370e-007 563.212377 592.043700
8 2.340150e-008 483.395306 638.126267
8 9.105740e-008 399.610134 458.835895
5 3.858220e-007 515.038988 239.077669
7 6.094350e-008 514.202805 248.635556
11 1.214810e-007 513.646882 254.989971
5 1.252290e-007 512.840887 110.653867
11 1.207160e-007 523.924226 98.768447
7 4.227470e-008 438.237723 339.840754
5 4.809860e-008 416.080917 327.048463
9 1.888730e-006 25.222529 190.606939
9 5.599930e-008 212.834010 197.677598
9 2.075890e-007 89.708948 140.128185
9 1.247380e-007 122.345455 137.474359
9 2.153430e-007 34.399367 225.550234
9 4.235310e-007 74.021821 182.543229
9 1.069280e-007 53.386159 84.837688
9 3.677440e-008 228.674467 131.468558
8 9.972210e-008 267.860363 555.202321
8 8.472670e-007 367.606352 599.204557
8 9.587950e-008 319.743681 731.785464
8 3.291380e-007 346.297881 690.729627
3 9.457060e-009 250.825526 812.497654
8 2.931580e-008 184.913787 642.306952
3 1.174370e-006 182.831700 965.517578
3 2.694590e-007 101.015393 913.904045
3 8.078900e-008 305.718510 911.785219
8 3.939830e-007 396.556125 716.901698
3 7.500100e-007 174.821804 922.604354
3 2.071360e-007 153.183893 895.644968
3 3.252490e-008 307.965568 865.106733
8 2.238460e-007 318.504815 713.027995
3 6.355950e-008 267.218469 886.996639
3 1.051190e-007 22.319210 893.595141
3 8.121320e-009 237.990773 814.363900
8 2.934570e-008 209.203190 623.841570
3 1.625160e-007 240.918623 917.796663
8 3.752720e-006 384.734625 661.353389
8 5.137950e-008 305.899082 492.256948
8 3.283180e-007 362.208957 577.666222
4 2.308440e-007 584.730202 648.936104
7 4.836940e-008 598.479151 389.344193
5 4.590730e-008 597.097408 310.205646
11 8.517360e-008 595.705133 230.463899
4 2.963450e-007 636.690910 564.510492
4 2.675350e-008 767.769914 613.439032
10 6.955160e-008 809.606585 569.912366
4 4.551680e-008 840.779500 601.085074
2 4.987500e-008 789.745221 806.262886
10 1.805110e-007 816.830014 478.354140
4 2.380960e-007 665.863874 544.198875
8 6.338430e-008 550.076672 662.428677
4 2.074920e-006 695.562388 595.742749
8 5.878230e-008 530.437506 619.536353
4 6.216210e-007 650.554843 575.082721
8 1.965710e-007 472.939808 577.982354
4 4.344110e-008 618.413191 750.769782
2 1.585020e-008 888.688111 763.659027
4 2.220990e-008 612.929594 731.944195
8 2.006510e-007 491.976013 663.758703
8 4.876740e-007 366.824876 590.003964
8 6.808950e-005 400.719519 633.258664
8 2.467380e-007 342.365811 709.383478
8 6.538710e-009 217.625551 762.452652
3 5.374290e-008 180.701134 784.120511
8 8.350150e-007 364.927498 608.736208
4 4.544010e-007 622.288788 630.487120
2 9.428290e-008 768.058537 766.256812
4 4.132050e-007 641.068429 674.403881
2 7.097310e-007 866.827500 872.046487
4 6.088380e-008 730.229349 808.254627
2 1.202000e-007 837.607198 840.761181
4 9.702470e-008 802.660260 676.414548
8 1.440730e-007 480.102192 745.632811
4 1.661690e-007 589.321460 679.075762
8 4.443310e-007 465.078203 647.298297
4 3.197080e-007 598.973868 612.355778
10 9.531880e-008 798.216135 499.173788
4 9.222430e-008 700.527216 735.175746
2 5.987030e-008 830.007449 778.300328
2 3.831000e-008 676.413665 774.750838
4 1.372000e-006 624.854789 625.011854
2 9.329320e-008 900.469413 775.944408
2 3.844970e-007 914.787485 967.286626
4 1.049360e-007 759.863026 667.330291
8 7.030560e-008 542.770261 574.656075
5 8.293570e-008 508.676117 272.170401
11 1.245010e-007 513.440657 261.952782
7 1.351910e-007 545.474572 193.255642
11 7.717540e-007 558.488791 119.500861
5 9.515370e-008 562.518734 120.967636
7 1.487690e-007 631.896660 146.219051
11 7.305510e-008 470.389871 329.793819
5 8.003380e-008 466.101012 330.396580
9 6.046080e-008 167.213332 271.865231
5 5.604940e-008 543.937295 346.165819
7 1.549870e-007 580.737227 350.684219
11 1.060570e-007 570.285025 259.608564
11 6.871120e-007 573.154292 126.138463
5 1.443160e-007 564.858480 144.771156
7 1.233970e-007 556.312380 163.966004
8 8.442340e-008 440.768781 482.435002
5 5.679630e-009 398.421732 328.828328
11 1.904330e-007 491.849965 200.532885
7 2.284370e-007 578.754595 160.008423
5 1.582770e-007 600.652458 131.414287
11 1.608880e-008 399.294281 345.596622
7 9.783540e-008 530.993985 192.778187
5 4.341540e-007 521.565961 180.266699
11 3.146910e-007 520.278487 173.952323
7 8.567810e-008 542.453963 404.312046
5 1.871770e-008 538.631690 415.281823
9 1.219160e-007 131.771894 192.782525
9 6.657710e-008 131.383600 198.885090
9 6.886930e-008 182.580730 124.522748
9 1.949870e-006 18.353500 228.678421
9 2.176340e-008 144.395060 261.775388
11 8.703660e-008 500.768196 297.666824
5 7.625370e-008 507.496618 304.634321
7 6.522280e-008 512.845693 267.527083
11 2.089390e-007 557.972616 65.997781
5 4.247870e-008 549.520172 62.582789
7 1.443840e-007 595.439456 172.163899
11 6.175740e-008 405.101803 111.252238
11 6.180420e-008 438.407333 155.739127
5 1.024150e-007 508.428882 134.331379
7 2.282200e-008 581.994678 171.468685
5 6.541170e-008 540.349408 401.101249
4 6.635200e-008 532.277593 555.128226
8 1.426190e-007 553.605049 643.382521
2 4.632750e-008 763.966156 876.775487
4 3.352300e-007 732.055483 664.063140
10 7.845550e-007 822.808761 411.237111
6 9.243110e-008 863.498726 360.185126
7 1.129320e-007 748.972065 228.437345
10 1.773480e-007 744.540602 444.476429
4 1.174580e-007 725.952240 535.552100
8 3.740100e-008 584.833267 659.149668
4 1.147880e-007 587.819011 656.461280
7 4.064730e-007 717.106888 280.296688
10 1.341870e-007 719.167875 274.927629
5 3.415020e-008 744.337355 209.358847
6 3.758750e-008 746.728000 270.966556
7 7.246700e-008 791.148025 300.571213
10 3.641580e-007 792.443367 306.665324
4 4.177040e-008 686.355765 477.552945
8 1.356970e-007 483.449803 510.074987
4 5.264010e-007 723.629193 580.192522
8 1.753470e-007 474.309206 547.355638
4 4.515170e-008 582.300304 547.492660
10 2.860870e-007 731.294868 382.645901
7 1.703480e-007 772.932188 318.529993
6 1.929490e-007 836.599231 220.491256
10 6.184580e-008 764.320123 217.716427
7 2.854390e-007 750.446227 258.519354
5 2.676700e-008 734.320751 328.365684
6 1.071550e-008 727.854810 356.372442
10 4.206380e-006 790.141146 394.200431
7 6.782750e-008 751.630682 414.532948
6 2.815960e-008 817.954685 334.042388
10 4.443320e-007 763.471722 296.329714
7 2.891060e-007 716.483993 255.484018
6 1.239730e-007 830.984241 242.840143
10 4.397080e-007 787.836988 294.332619
7 5.929010e-008 809.671818 335.397973
4 1.331900e-007 653.588304 454.427530
5 2.810460e-008 633.357040 289.653241
10 1.709140e-007 714.187662 250.178313
7 5.472510e-007 740.949894 237.698812
6 1.166610e-007 815.861000 251.211203
10 7.970670e-008 780.397253 250.834301
7 8.004440e-008 797.157885 274.771093
6 3.324660e-008 852.818985 364.870834
11 2.226780e-008 787.538474 298.459648
5 1.338690e-008 796.860107 300.271593
10 3.987660e-007 858.227893 322.379195
7 3.922990e-008 769.491911 356.441723
6 3.081170e-007 863.663019 268.774754
10 9.932520e-008 688.985779 346.546166
5 4.457950e-008 659.242722 419.903703
7 8.919580e-008 655.987635 435.217903
4 4.588560e-007 623.601698 564.038722
8 2.266620e-007 464.240774 595.015278
8 4.481290e-008 313.189257 489.100713
8 4.071150e-008 138.327567 594.911535
8 2.530020e-007 348.159871 557.860870
8 9.374590e-008 555.457126 574.795451
4 7.461880e-007 606.056456 580.113543
10 2.836640e-007 742.031222 362.774356
7 6.337910e-008 755.141703 354.582020
6 7.070920e-008 843.783148 298.744498
10 4.465690e-007 814.701760 302.648815
7 2.846450e-008 741.859143 368.236401
6 3.823490e-008 761.617918 211.552891
10 1.007160e-007 896.487115 363.023274
7 8.102040e-008 843.598315 297.692500
6 1.180710e-007 826.453501 276.422820
10 7.124510e-008 667.393583 300.970946
5 1.500200e-008 728.760186 333.600303
4 2.093110e-007 648.842145 503.251818
10 2.794700e-007 823.695712 455.437550
4 7.177130e-008 671.501242 501.968024
8 3.606990e-007 441.796065 557.610385
5 2.390500e-008 417.620100 393.235709
8 4.946000e-008 485.704583 517.194885
8 1.267240e-007 536.524183 637.747330
4 6.532000e-008 554.652060 646.488687
8 2.012020e-008 309.930781 838.078561
3 8.251790e-008 335.051691 910.731592
8 1.353350e-007 310.112538 704.428162
3 1.619050e-007 288.069000 980.580293
8 4.444950e-008 282.107052 755.972527
3 6.815860e-008 216.589129 799.382936
8 5.695370e-008 227.685359 730.159879
3 1.101820e-007 139.736799 866.237349
8 2.402330e-008 204.409727 845.352825
3 1.279880e-007 192.557963 852.195457
8 1.694320e-007 392.042665 755.280239
3 3.937200e-008 338.030885 845.616604
8 5.381080e-008 339.291689 847.119163
3 6.691530e-008 58.518442 904.199550
3 2.722760e-007 167.090948 905.122394
8 7.196200e-007 359.993574 631.921774
3 1.002680e-007 84.813551 882.944888
3 9.272700e-008 181.823084 839.691758
3 1.687220e-007 202.646632 932.277172
3 7.636200e-008 262.141293 827.156411
3 2.282140e-006 181.487365 949.552471
8 2.183280e-007 397.663552 732.989786
3 3.904070e-008 330.820301 770.612328
8 4.324730e-007 393.865333 711.909775
4 2.423110e-008 611.060587 506.697401
8 1.262930e-006 442.580641 601.725285
4 1.026460e-007 536.847037 631.159683
4 8.249360e-007 703.219164 583.581647
8 6.724040e-007 424.893765 611.657330
8 4.355380e-008 303.333791 759.493535
3 9.514220e-008 273.677853 932.974453
3 4.245460e-008 302.163373 880.713038
3 4.904540e-008 213.214779 913.103476
3 7.036950e-009 64.886493 838.672060
3 4.228680e-008 315.769821 979.337619
8 3.846830e-008 254.720829 713.213851
3 1.283280e-007 215.783522 892.141351
3 7.148930e-008 144.979159 826.341456
8 1.189910e-007 341.914186 712.780863
3 1.403540e-007 125.107721 897.924304
3 2.381690e-007 156.098108 911.955745
3 1.159380e-008 152.122469 825.871955
8 1.740650e-007 320.458585 665.689612
3 5.651380e-007 140.799186 916.543778
3 9.239100e-008 226.489459 903.685976
8 3.667820e-008 312.807856 815.382985
3 2.893830e-008 284.660712 965.554854
3 6.819220e-008 210.005216 802.994738
3 1.972760e-007 250.726329 967.410390
8 6.270360e-008 295.704960 648.324408
3 1.561910e-006 188.900173 948.817484
3 9.838930e-008 276.076299 913.514158
8 6.393820e-008 344.481416 757.822968
3 2.379090e-008 349.182773 918.918438
3 2.013380e-007 245.894878 900.228378
3 4.462890e-008 214.524255 787.438980
3 4.925120e-008 303.957504 840.533748
8 5.620060e-008 395.250472 751.249525
9 3.313810e-008 154.406874 211.547163
9 6.280480e-008 179.915693 166.819849
9 3.894020e-008 193.684257 125.197037
5 4.645090e-008 429.036034 167.629261
11 4.156490e-007 500.940440 154.950474
7 1.469890e-007 590.787784 139.107838
5 5.692200e-008 618.241799 93.172094
11 3.246920e-007 568.680987 89.881872
7 4.175510e-008 573.506936 108.792713
5 7.315820e-008 467.635529 97.665067
11 8.699090e-008 435.567591 111.488413
5 4.147750e-008 508.857087 381.142344
11 2.607900e-008 459.919646 200.037597
7 1.804040e-007 606.321149 302.548846
5 1.555400e-007 468.155718 179.116643
11 1.427230e-008 472.214983 354.945452
5 1.685260e-008 486.736723 59.419218
11 7.735480e-008 395.274543 139.177648
5 4.439540e-008 493.721502 348.794971
11 4.804010e-008 477.748279 290.440344
8 5.581790e-008 513.845987 524.229065
4 1.034380e-007 587.752842 559.064658
10 1.500370e-007 855.573285 476.661413
4 3.037860e-007 737.675955 541.871332
4 1.553250e-007 579.326325 674.991026
10 8.538730e-008 660.498109 522.338081
4 5.861240e-007 605.320000 628.147593
8 4.006840e-008 605.320000 687.005624
2 1.921060e-008 681.035659 808.538642
4 1.582010e-008 640.381571 844.153960
4 1.494370e-007 742.207415 643.786195
8 2.383330e-007 505.289364 675.368598
4 2.016690e-007 565.252522 651.256130
8 1.084350e-008 599.171713 571.346595
4 3.227910e-007 735.094266 645.112367
2 2.475470e-007 877.228969 779.543715
4 5.207490e-008 726.548612 806.925593
2 7.332790e-008 719.490966 907.853412
4 8.514400e-008 674.516928 720.358124
2 4.635270e-008 773.380661 817.274754
4 5.186420e-008 622.761877 726.773788
4 7.884470e-008 767.266094 733.081501
4 8.194150e-008 869.042343 611.784050
10 1.152020e-007 752.420088 477.945832
4 3.869820e-008 718.187947 794.114667
2 1.042490e-006 888.136992 879.933637
4 1.648230e-007 701.198000 678.869817
4 1.494340e-007 629.295462 511.561669
11 6.335960e-008 430.417861 285.675892
5 4.983400e-008 427.576466 282.407240
7 1.903970e-008 558.033863 230.890406
11 6.576360e-006 568.920429 191.881289
5 8.109290e-007 570.558754 195.936307
7 8.285000e-008 514.618297 127.725878
5 3.908890e-008 478.679647 383.712960
11 1.664660e-007 527.873641 232.612200
7 4.878690e-007 598.865081 223.655771
5 2.397740e-007 496.595357 198.157352
4 4.563380e-007 612.930347 635.928860
8 1.483380e-007 516.491976 605.467570
4 1.127340e-006 629.986313 638.566616
8 2.435120e-008 464.348678 879.554345
2 2.636890e-008 778.934244 810.371270
4 9.826760e-005 663.916002 607.056560
7 7.635430e-007 606.969140 297.572707
5 1.078870e-007 604.412553 298.086350
11 4.945260e-008 553.693109 350.608079
9 1.782260e-007 75.789112 180.270209
9 1.772400e-007 133.700024 231.727419
9 5.865970e-008 185.571781 228.669540
9 2.277030e-007 85.270530 129.036181
5 3.873330e-008 432.992204 358.744516
9 1.672350e-007 87.078170 167.712354
8 1.319700e-007 438.588354 536.722928
4 5.880760e-008 493.983693 672.429591
8 1.395500e-007 490.654007 688.094722
4 2.168060e-007 599.599826 648.810364
8 2.128840e-007 509.064266 537.603012
5 3.396880e-008 390.883634 290.664247
11 7.630140e-008 464.853180 142.373393
7 6.440270e-007 600.666221 302.061696
5 9.244780e-008 504.435563 364.554226
8 6.847280e-009 606.278550 570.739223
4 6.119630e-007 621.030264 573.874766
2 3.101380e-007 805.454850 916.927394
4 5.184180e-008 601.335984 726.243167
8 4.422790e-007 497.952925 627.891190
8 1.195440e-007 380.094656 541.622330
4 6.609340e-008 572.199784 499.074478
11 6.758660e-008 503.909993 260.953371
7 5.145920e-008 501.695125 257.669682
5 1.954810e-007 501.464395 257.327609
11 5.340240e-006 555.707099 137.302687
7 9.723410e-008 554.152338 139.203394
5 2.680610e-007 553.900233 139.514719
8 2.159690e-008 520.478386 515.036338
4 1.348920e-007 689.138416 532.972933
10 1.208810e-007 815.238301 512.758496
4 3.008020e-008 810.917096 636.502164
8 1.413540e-007 484.759277 574.205092
3 6.044430e-009 313.011889 967.207587
8 2.065390e-007 302.765277 724.901418
3 4.010920e-008 218.215715 856.165552
8 8.228730e-008 366.382649 818.384373
8 4.589210e-007 370.782690 668.825207
8 2.411730e-007 467.302224 526.810098
8 8.974970e-008 530.469785 698.206564
4 1.279300e-007 543.055500 718.209631
4 6.805040e-007 727.212878 606.216975
10 6.286520e-007 816.889666 451.832226
4 2.370280e-008 790.997291 805.096741
2 5.524430e-008 768.753410 825.548989
4 7.046590e-009 760.705328 788.493683
2 1.079170e-007 769.312876 870.390801
4 1.600830e-007 646.389953 686.343042
2 1.153150e-008 747.474319 710.510761
10 3.195200e-008 866.915663 477.297940
4 2.763640e-008 646.063423 525.899199
8 6.220790e-008 535.052297 677.241940
2 3.708510e-008 790.048906 848.428772
4 1.409220e-007 747.194763 690.207357
8 2.383120e-008 555.589649 684.872973
4 9.859740e-008 615.624247 733.614106
4 8.663160e-008 742.246162 662.744163
10 1.096040e-007 804.966930 449.657779
4 1.875410e-007 690.839883 570.314530
4 4.127110e-007 631.603145 683.631465
10 3.740300e-008 776.583567 610.340295
4 6.736040e-008 835.671471 627.749397
2 5.735440e-008 783.536567 886.222730
8 1.069040e-007 573.346095 654.827296
4 2.037620e-007 577.394716 646.144977
7 2.080030e-008 540.112000 449.121026
4 6.422680e-008 548.108753 654.186104
8 5.908460e-008 558.388314 727.329298
2 1.346890e-007 787.173142 849.553075
2 5.455080e-008 844.020800 697.481029
4 1.216540e-007 794.590232 561.671209
10 2.229820e-008 743.648565 616.526520
4 6.012430e-007 713.182237 575.730492
8 1.781530e-007 502.528353 670.862229
4 1.399440e-007 647.127472 488.269341
10 2.805200e-008 661.548785 412.247608
7 4.503160e-008 697.439415 479.748383
4 7.041080e-007 709.573895 624.019615
10 8.011330e-008 831.158465 509.667535
4 3.219890e-009 806.762779 751.475027
2 2.581490e-008 827.762724 694.161834
4 6.260200e-008 515.227997 501.200114
8 5.811620e-008 459.480035 457.644955
11 7.552680e-008 601.705350 315.751249
5 1.611240e-007 597.384909 315.449131
7 1.328260e-007 587.108658 314.730537
4 1.149250e-007 571.006898 573.000803
8 4.295750e-008 560.309081 725.985637
2 1.061440e-007 733.021836 925.072871
4 1.034710e-007 774.770418 595.910444
10 5.108230e-008 800.708852 589.667395
4 1.891970e-008 850.029351 677.405467
8 7.796900e-008 507.841852 669.276781
2 1.268550e-008 723.891125 826.717393
4 9.336470e-008 675.919730 700.135837
10 2.181980e-007 737.242731 398.185258
7 2.219020e-008 779.727233 324.600246
6 1.980250e-007 824.383097 247.254340
5 5.650280e-008 699.730855 221.146293
10 3.902580e-008 699.371431 210.854507
11 8.872900e-008 700.616494 209.336056
7 6.980540e-007 704.936248 258.710063
6 8.871570e-008 865.922785 304.579611
10 1.771890e-007 745.610024 303.540663
7 1.880070e-007 692.132705 348.847165
11 3.250010e-008 705.103092 397.253851
4 8.888890e-008 783.573152 494.593390
4 7.010340e-007 722.918686 641.931757
2 2.625310e-007 899.911330 839.953477
8 4.922950e-007 461.882640 682.792401
4 4.375350e-008 513.258248 590.108820
5 5.705730e-008 420.940261 167.572243
11 1.010730e-007 420.991221 166.599786
8 1.610690e-007 415.523163 494.378303
4 2.353300e-007 555.562350 622.819281
4 3.798160e-007 742.319010 659.235653
10 8.754820e-008 749.317138 514.581694
4 8.157280e-008 719.776188 516.062079
4 5.643410e-007 692.744356 652.109316
8 1.057070e-007 522.522244 570.135932
4 8.463120e-008 504.643381 561.415834
5 5.947610e-009 444.866428 434.400845
8 8.914180e-008 559.419190 621.321856
4 2.231210e-007 562.966638 623.208085
4 1.395150e-007 703.434894 703.591951
8 3.929280e-007 467.335315 624.592707
4 8.973550e-008 782.607269 714.020339
2 2.546020e-007 794.150714 957.090254
4 1.805900e-008 812.525905 632.689038
2 8.314720e-008 772.977474 925.283839
8 4.712350e-007 467.621406 660.525087
4 1.669430e-006 639.841834 594.086899
2 7.080370e-008 700.405369 813.184159
4 2.916770e-008 613.593100 774.533103
8 4.236460e-008 543.459772 551.009691
2 3.558600e-008 801.655765 848.616165
4 2.383360e-007 591.821898 688.283846
8 3.115990e-008 556.054488 707.904444
2 3.801710e-007 843.428096 951.370723
8 1.592850e-008 519.298644 836.537277
4 2.310210e-007 651.915191 701.729452
2 3.973480e-008 833.894218 767.026443
4 2.100470e-007 639.426842 708.779113
8 5.885250e-008 536.394221 496.055936
4 4.020410e-008 551.667980 561.954766
10 4.564060e-008 612.757011 544.557244
4 4.191580e-007 607.631250 661.303963
8 4.226340e-007 471.831750 614.919917
8 2.953470e-008 446.780587 474.742427
5 6.665380e-008 453.639056 266.276136
11 3.188210e-008 429.702653 197.507148
5 3.538970e-008 372.658875 297.553500
8 1.733410e-007 412.567270 559.542519
3 1.273670e-007 120.074051 894.067620
3 4.388300e-008 228.290660 846.055635
8 7.467600e-008 317.429739 720.391418
8 6.016030e-008 221.933737 691.607416
3 4.028290e-008 116.425293 812.465389
8 1.806860e-007 345.015012 707.302779
4 1.196710e-007 521.046538 573.329900
8 4.256600e-008 517.195323 463.044782
8 1.366330e-007 355.937227 539.982611
5 5.443140e-008 383.721989 337.678654
9 2.283430e-008 157.570187 187.003910
5 2.734510e-008 391.703468 219.531536
11 1.308450e-008 372.805394 153.625948
5 2.798650e-008 460.795869 141.421790
11 8.026430e-008 459.646455 207.267184
7 4.162660e-007 565.835255 228.184707
5 2.964540e-008 589.792635 370.064831
11 1.881410e-007 591.137926 227.336201
7 3.303980e-008 506.058246 214.179653
5 3.409050e-007 541.844872 168.323737
11 1.448900e-007 473.138198 166.586403
8 8.058040e-008 463.736276 543.906510
4 1.027410e-007 546.875437 687.488779
8 8.982080e-008 292.048922 551.151363
8 8.688170e-008 345.619716 555.598567
8 8.710840e-008 385.507955 746.472509
3 4.156640e-008 271.798736 811.216274
8 4.995370e-007 376.403391 563.390465
8 5.208700e-008 417.697361 747.367807
8 5.038510e-008 462.595695 530.930224
5 5.403520e-007 538.109863 250.022208
7 3.073510e-007 533.387100 248.396042
11 1.218520e-007 455.325743 221.517554
4 1.250630e-007 569.471649 666.588058
8 7.837940e-008 590.178759 720.379888
4 4.990510e-007 648.828591 676.329994
8 1.539220e-007 502.410888 619.738475
8 1.824300e-007 434.548021 499.532838
7 1.473200e-007 567.882305 373.496181
5 1.364050e-008 414.135356 343.610869
11 8.954250e-008 411.820590 158.093349
5 3.379800e-007 480.511184 189.073548
7 1.341770e-007 533.729961 276.832586
11 1.733620e-008 549.894844 352.883608
5 1.672070e-007 487.732718 292.746725
11 2.110890e-007 564.939217 276.757860
7 3.947960e-007 562.901434 280.018993
5 8.788900e-008 540.278510 364.159458
7 3.049520e-008 527.403816 469.017379
4 2.071510e-007 608.537205 570.315926
4 1.132570e-006 652.786134 667.865165
8 8.645390e-008 572.808332 663.866125
4 2.964320e-007 723.432473 569.937794
7 4.340090e-007 671.281201 318.078378
10 1.471770e-007 671.929006 317.719293
5 7.671320e-008 699.182123 302.612636
6 2.601940e-008 793.975462 250.067801
11 2.443250e-008 680.323101 199.801685
7 4.468280e-008 836.003499 200.889698
10 3.812770e-007 781.491291 301.579221
6 6.812840e-008 779.841006 304.025861
7 1.020320e-007 772.298729 360.548816
10 5.690230e-007 803.079245 297.632680
6 2.288460e-007 835.121460 234.745964
11 4.455460e-008 685.410356 229.218557
5 5.260600e-008 688.016828 232.677462
7 4.148550e-007 736.111772 296.501600
10 5.338020e-007 739.631417 425.365572
4 5.385620e-007 623.475554 559.000450
8 7.808640e-008 565.663580 595.421994
10 4.042700e-008 886.072598 560.976379
4 5.342090e-006 672.352699 616.507043
8 6.661900e-008 474.038647 501.465845
4 1.151560e-007 535.920717 575.893696
8 1.818790e-007 509.172470 642.242370
4 1.594410e-007 541.757691 636.442528
8 4.175700e-008 630.110616 650.436403
2 5.958860e-008 809.215364 809.857417
4 2.800310e-007 693.017242 693.067862
8 1.265630e-007 466.983853 567.749727
3 4.704930e-007 197.250355 932.051708
3 4.916520e-008 79.191888 914.689259
8 4.513420e-007 318.889397 649.572819
3 8.702520e-008 108.244134 869.808330
3 6.989850e-008 190.121022 808.995039
3 7.922660e-008 123.605227 868.662758
8 5.444070e-008 328.668736 851.686444
3 1.059680e-007 239.835395 939.769141
8 3.177560e-007 343.961244 654.606214
3 1.060380e-007 291.761974 970.368360
8 1.894770e-007 338.251707 632.059885
4 1.001050e-007 556.509156 556.811464
7 2.069080e-007 604.246801 314.030313
11 6.585760e-008 607.137947 231.238344
5 7.622860e-008 607.281687 227.122152
5 5.083790e-008 459.261265 251.776541
11 5.657930e-008 520.900793 307.276915
7 6.828940e-008 584.736465 364.754703
9 2.498710e-007 61.133127 217.313521
9 4.599730e-008 37.255765 43.171828
9 2.115260e-008 157.849345 103.983626
9 3.659720e-008 91.615422 228.446483
9 1.063220e-007 44.015379 291.853725
9 2.019320e-007 50.370457 115.333654
9 8.881050e-008 124.862863 123.174111
9 6.264350e-008 175.025672 148.261774
9 2.850610e-007 91.291261 156.386347
9 7.219420e-008 90.397831 175.739379
9 1.304570e-008 133.700350 170.431145
9 1.268040e-007 117.349747 165.631495
5 5.991150e-008 416.155466 184.504734
11 1.142340e-007 440.583515 135.608400
7 4.119680e-007 579.779567 233.074671
5 7.109340e-008 483.265512 146.203534
11 1.406210e-008 438.667881 212.322493
5 4.372540e-007 496.659732 198.237731
11 4.213780e-005 568.789906 166.123120
7 1.856600e-007 616.464735 153.008069
5 9.980130e-008 621.990743 130.350835
11 1.275250e-007 713.968661 119.057288
7 9.011740e-008 773.241560 111.779441
5 7.291620e-008 580.366024 303.197460
11 3.320340e-008 542.489349 401.868596
7 1.416730e-008 526.881151 442.528939
5 1.240510e-007 472.632624 171.736345
11 4.824200e-007 528.483257 109.316483
7 4.911720e-008 611.727249 66.901502
5 3.700760e-008 444.367018 361.259240
9 4.952410e-007 63.674139 189.218440
9 1.901500e-007 79.120371 156.763671
9 8.595570e-008 182.197970 189.280193
9 1.569290e-007 59.247542 130.356572
9 1.271540e-007 123.583233 134.246035
9 1.344990e-007 40.202355 97.798187
9 1.202480e-007 128.608663 288.254744
5 1.028210e-007 479.017720 254.039802
7 1.676280e-007 553.285515 184.629538
11 4.462270e-007 553.861280 183.394817
5 6.308170e-008 584.593707 116.480283
7 5.417920e-008 604.001235 120.162947
11 4.837820e-007 602.771731 119.394668
5 3.773700e-008 464.072453 82.500825
11 7.436410e-009 466.788668 30.673066
7 3.773690e-008 737.064505 56.805078
11 6.298750e-008 576.270778 100.232556
5 6.579310e-008 475.461814 119.827876
11 3.112960e-008 437.525688 132.640721
5 1.070970e-007 526.457359 85.354932
7 1.058540e-007 595.065974 147.965096
11 8.314880e-007 606.368335 148.359758
5 2.182200e-007 618.589814 228.773300
8 2.744890e-007 429.922426 543.037225
3 5.143820e-008 215.280683 967.677024
3 5.266130e-007 145.599997 953.376630
8 3.095150e-008 338.995452 825.201056
3 8.119700e-008 274.875131 935.522268
8 2.520340e-008 289.477978 729.348556
8 6.448600e-007 448.913620 646.745460
8 1.080290e-007 414.328592 525.007000
5 7.984090e-008 425.425768 258.583264
11 2.733310e-008 453.594195 103.497752
7 2.006210e-007 610.001349 178.048159
5 2.231770e-007 602.255814 277.075099
4 7.312090e-007 678.793608 566.972715
2 9.796820e-008 763.132539 796.487238
8 4.737940e-008 520.776960 732.527980
4 8.347550e-006 654.503704 626.473815
4 2.071410e-007 699.274134 710.806363
8 7.924000e-008 508.773196 621.405679
4 1.358250e-007 579.502161 616.326457
2 2.976830e-008 811.960636 887.716742
8 5.480100e-008 481.915546 793.476239
2 6.517220e-008 735.157977 928.753154
4 1.392920e-007 687.498441 715.808222
2 7.391930e-008 831.623528 825.535953
4 5.206580e-008 702.421920 706.825202
2 3.678770e-008 795.081386 852.936822
4 1.055740e-007 778.031000 591.570576
10 1.789390e-007 775.586972 462.877389
2 2.337200e-007 818.751172 909.253127
2 9.466780e-007 864.893857 925.640365
4 3.076520e-007 717.089809 670.434465
8 5.514160e-008 528.867304 727.386076
4 9.933860e-008 605.934378 671.393572
4 7.656750e-007 609.268208 648.920250
7 1.152330e-007 797.024992 348.566751
10 2.360270e-006 802.264876 345.541502
6 4.346950e-008 796.903564 377.041212
4 4.307870e-008 710.046199 491.481492
5 1.188780e-008 681.375511 347.242061
7 4.066760e-008 671.985475 454.569494
10 5.649760e-008 671.447687 460.716369
4 4.819570e-008 837.324808 441.811448
4 5.508150e-009 767.118569 751.410204
2 1.917200e-008 823.325949 672.104746
10 7.436950e-008 690.942548 474.189339
4 4.264300e-008 788.490692 492.498657
4 1.345360e-007 765.304920 519.270660
10 5.108610e-008 680.993030 503.465049
5 4.643570e-007 551.448135 276.343718
7 1.464970e-007 549.948265 271.987789
11 4.209540e-007 528.404786 209.421116
5 1.071680e-007 536.223636 348.722116
7 1.153860e-007 540.364315 350.741652
8 1.368400e-007 439.917698 526.181877
8 4.806720e-007 365.023016 613.415611
8 1.004690e-006 353.205792 592.800056
4 1.745170e-007 556.254171 587.775540
2 4.307120e-008 799.864624 735.030670
4 9.834080e-008 801.465305 643.327623
4 6.920310e-009 745.630190 837.330630
2 1.335290e-007 803.232274 913.771413
4 4.617790e-008 747.891891 752.934301
2 1.548550e-007 893.157077 820.672158
4 2.538840e-008 801.265994 462.414568
10 8.773090e-008 769.362195 486.455786
4 1.682290e-007 743.053527 722.908061
8 1.424660e-007 526.228201 594.210147
4 5.777400e-008 504.406127 509.060560
5 9.313530e-009 449.902377 459.742940
8 8.943010e-009 478.436544 416.992464
7 2.398410e-008 547.229137 449.357947
4 5.726160e-008 641.003178 484.362746
10 6.821000e-007 754.756368 380.628051
6 8.495930e-009 913.311588 366.755960
7 4.484970e-008 795.676100 233.254185
10 4.644530e-007 752.091839 395.911772
6 2.980810e-007 870.467329 298.053505
4 9.887890e-007 694.319881 561.487181
5 1.612630e-007 493.787997 284.064198
11 8.528060e-008 436.943521 280.638393
7 4.560620e-008 412.350269 281.067629
9 2.160560e-008 128.509861 201.991939
9 8.123780e-008 116.788835 140.324347
9 9.671220e-008 60.670183 167.727254
9 2.243200e-008 179.957855 248.805196
9 2.941020e-007 91.761655 198.462873
9 7.713480e-008 142.160632 123.803750
9 6.079750e-008 125.532756 108.671834
9 2.065560e-007 51.170975 150.531735
9 3.636190e-007 68.778247 183.012578
9 1.747780e-007 143.684781 248.018972
9 7.367620e-008 168.371184 129.209105
9 4.319290e-007 55.192713 192.520454
9 3.541760e-008 217.162839 269.921603
9 7.398030e-008 57.371766 100.415076
9 8.849550e-008 86.275908 168.088500
9 4.881650e-008 158.359761 348.505830
9 3.526160e-008 194.349117 234.612089
5 7.920020e-008 449.333327 260.914116
11 4.049260e-008 449.048309 261.908096
7 7.643920e-008 513.077814 267.770770
5 3.126870e-007 516.997928 258.068200
11 2.223610e-007 517.358963 257.174611
11 7.987950e-008 454.955815 180.257150
5 6.370090e-007 503.429986 223.903661
7 5.811370e-008 475.976477 196.570931
11 3.440280e-008 561.373217 261.140921
5 6.587960e-008 571.787396 326.894793
7 1.940820e-007 561.442249 376.248516
11 3.247240e-007 502.142397 219.261257
5 5.730210e-007 526.860517 262.074364
7 6.843960e-008 562.003566 322.944008
8 1.159290e-007 468.461720 521.635173
4 1.666860e-007 578.166478 664.399118
2 8.806660e-008 794.743570 876.338613
4 1.019540e-007 763.160701 662.817433
10 1.294410e-007 720.017053 451.449221
7 2.644410e-007 675.734506 328.071922
5 4.911340e-008 657.383343 268.047823
11 2.629360e-008 652.870152 302.089014
4 6.144310e-008 557.433498 601.826722
8 1.241530e-007 503.830864 540.164362
5 2.579190e-007 471.566660 233.172651
11 1.724200e-007 457.440722 153.059426
7 4.131230e-008 450.250483 112.281017
6 4.084060e-008 790.319343 89.987047
6 2.128930e-008 764.614257 115.534826
7 6.647740e-008 680.445618 100.693617
11 3.740320e-007 615.521594 113.792822
5 8.446980e-008 612.558844 116.653932
8 5.863800e-008 394.788611 487.551200
7 4.908220e-008 576.519643 400.828701
8 2.290440e-007 340.171824 548.518849
8 3.161680e-007 379.254055 570.176093
3 4.296740e-008 238.537864 868.925920
8 1.563800e-007 312.476854 682.526571
8 3.597190e-007 448.772165 577.481399
4 1.350090e-008 531.086187 744.507239
8 1.023840e-007 502.004570 682.560820
4 1.109500e-007 650.731720 771.924960
2 2.098120e-007 834.579835 826.263732
2 1.952850e-008 680.685441 858.559064
2 5.180820e-008 812.610502 753.980200
4 2.539560e-007 675.417087 704.808031
8 3.314080e-007 482.000247 592.977368
3 5.558600e-007 180.031920 908.313298
3 2.318770e-007 228.314589 891.690991
8 2.793550e-008 340.016507 823.332389
3 2.327230e-007 243.230315 931.744142
3 2.498820e-008 115.946783 870.908333
8 1.818680e-007 319.617789 669.803910
3 2.457780e-007 196.669663 872.569740
3 4.281940e-008 118.198739 782.052703
3 6.764610e-008 212.923194 861.611895
8 9.247710e-007 416.515705 699.293581
8 1.325140e-007 289.360242 559.183019
8 6.890770e-008 369.054118 531.167534
11 7.684470e-008 493.124145 255.148844
5 1.418830e-007 494.247717 251.230526
7 4.569690e-008 514.980089 178.928950
9 1.091160e-007 136.563741 259.779492
9 8.087330e-008 95.899041 239.122283
9 2.217220e-008 212.160975 195.240448
9 9.495400e-007 54.241608 210.257759
9 9.817670e-007 47.100458 203.974504
9 2.324270e-008 240.587677 126.940968
9 4.180980e-008 188.718302 206.890885
5 5.639520e-008 525.437444 337.534756
7 9.479150e-008 602.932810 362.714753
11 3.135050e-008 604.322061 363.166152
11 2.176720e-008 456.181000 49.916795
5 7.177380e-008 471.631665 133.858479
7 3.083240e-008 562.821004 123.473901
11 3.021240e-008 758.354096 115.956159
6 1.135050e-008 748.111685 137.470298
5 1.861170e-007 617.318147 142.133217
7 5.319660e-008 680.210158 74.689721
11 3.737930e-007 602.329255 133.298987
6 2.541400e-008 742.598041 88.393543
5 2.062490e-007 582.055318 149.434750
7 1.005070e-007 572.796481 144.918926
11 3.068760e-008 417.436317 69.144915
5 9.951200e-007 532.373488 190.683356
7 9.456440e-009 458.161447 202.553453
11 2.211320e-008 360.996256 216.208833
4 6.795120e-008 635.225859 520.188804
4 2.040170e-007 716.942148 693.319366
4 5.431400e-008 722.022098 663.091793
4 3.469860e-008 706.527557 756.433948
4 1.408660e-007 752.216763 639.976666
7 4.913600e-008 504.623669 352.317275
5 4.576040e-008 438.744437 312.733290
11 6.783120e-008 430.624341 139.876032
5 5.496780e-008 457.900027 85.325503
11 4.791800e-008 463.972785 310.155389
4 5.743960e-009 702.704468 555.129428
8 3.158680e-008 589.045420 620.921056
4 1.384910e-006 669.960329 580.600201
5 4.303970e-009 297.816215 298.669063
9 8.002990e-008 86.396472 297.739964
5 4.393400e-008 431.977824 204.551730
11 7.746460e-008 442.243044 131.510724
7 9.814710e-008 606.477941 129.722848
5 6.135450e-008 465.761087 244.080049
11 4.396520e-008 404.084118 303.640777
5 4.001310e-008 610.160842 68.721968
11 4.671750e-007 610.102710 154.685275
7 6.181550e-007 609.139202 209.895306
5 2.295300e-007 514.225988 257.407778
11 4.273930e-007 535.810797 228.763706
7 1.330310e-007 559.020200 197.963722
6 3.235970e-008 804.243848 150.092180
5 4.605550e-008 637.305596 82.644413
11 3.189220e-007 607.557923 119.226612
7 4.719600e-008 595.017457 140.097368
5 8.115750e-008 519.767535 352.397052
11 6.506360e-008 444.083829 140.468692
7 3.378020e-008 501.689751 189.831586
5 4.071970e-008 536.820938 342.860163
11 2.875790e-007 530.222165 205.686236
7 2.128620e-007 532.137752 196.674190
5 1.660300e-007 547.675547 100.817412
11 9.967100e-008 477.891818 76.996688
5 9.122450e-008 462.026311 245.845433
7 1.205320e-007 505.956668 306.010616
11 1.689140e-007 439.087646 177.492861
5 1.384460e-007 437.263505 173.752823
7 2.430860e-007 572.021404 223.797799
5 3.936050e-008 454.288347 315.178342
11 5.405810e-008 478.515677 279.971058
7 1.107480e-007 560.325267 318.119324
5 1.560840e-007 489.134661 155.867005
11 6.508810e-007 543.439674 204.670322
7 9.371460e-007 594.701146 277.879273
4 1.443460e-007 591.451323 489.662437
8 3.427020e-008 427.623688 525.475211
4 1.052930e-007 600.962861 489.063317
7 3.531240e-007 617.930156 327.634808
10 1.451480e-008 572.312104 290.592352
5 6.911170e-008 559.646690 282.367343
11 1.768090e-007 494.096944 239.798879
7 8.421460e-008 431.754958 233.471850
5 4.945480e-008 422.075140 257.776669
11 4.120520e-008 428.887266 335.638156
8 2.997870e-008 554.060044 528.505716
4 3.495910e-007 588.446132 605.112192
4 4.488950e-008 787.663615 700.088579
2 8.309070e-007 877.097435 874.166336
4 3.527670e-007 645.861705 678.772133
8 1.534800e-007 461.253924 558.099040
5 7.233630e-007 548.511566 250.546144
7 3.448550e-008 549.527117 245.768414
11 3.312670e-007 550.831634 239.631222
5 9.257500e-008 649.493476 105.277706
7 1.049980e-007 653.647106 102.682222
11 5.440770e-008 659.346893 99.120590
5 1.537940e-007 543.047946 286.252933
7 2.853530e-007 539.707595 282.670851
11 8.036900e-008 477.263029 215.707373
5 2.976270e-007 524.266846 157.610279
7 1.490200e-007 524.758530 162.288433
11 2.685300e-007 533.950033 249.741540
5 3.083000e-007 533.840207 306.875635
7 2.542850e-008 535.036828 302.076196
11 2.154690e-007 553.520052 227.943200
5 2.799360e-007 434.727833 194.014930
11 7.776890e-008 459.700997 182.853161
7 1.114620e-007 530.026317 258.618916
5 4.754710e-008 505.313822 101.721466
11 4.609150e-008 457.316772 38.026983
7 2.984060e-008 469.931808 156.724128
11 9.792640e-008 563.028000 31.635976
5 6.736710e-008 442.379602 112.784168
8 8.087500e-008 512.341566 530.074269
4 5.546470e-008 590.708856 516.256171
10 2.839830e-008 829.614807 634.780043
4 7.774000e-008 820.139530 672.782997
2 3.840550e-008 721.806727 913.386584
8 7.823890e-008 552.083633 633.431458
4 4.748740e-008 552.637045 629.493828
2 4.338270e-008 762.291672 801.580069
4 1.263770e-007 778.381251 687.097560
10 2.522580e-007 809.634198 487.492824
2 8.457680e-008 851.307711 772.857938
4 3.942900e-007 743.105252 619.272436
4 5.106980e-007 724.121911 624.551992
2 4.222620e-007 873.084684 851.213945
4 5.132860e-008 689.481273 816.782727
2 5.219740e-008 778.966728 830.604798
4 1.681680e-007 754.454791 717.598702
2 8.130420e-008 772.790717 929.499806
4 1.510480e-007 760.787554 678.773032
10 8.109090e-008 656.798219 379.915193
7 4.348440e-008 660.888495 420.324320
4 5.002060e-008 726.675664 554.661691
2 3.394120e-008 763.322959 891.250170
2 1.143750e-007 849.694301 790.568526
4 2.785840e-007 728.438529 681.388741
10 1.484520e-007 793.260004 498.672718
4 4.261170e-008 856.188291 576.382695
2 8.746440e-008 790.415589 961.579854
4 2.347110e-007 777.073951 659.741122
2 4.121070e-008 775.024489 957.783579
2 2.040620e-007 829.014862 852.721204
2 8.488540e-008 889.486111 770.183454
4 5.116490e-008 573.333025 750.043603
8 4.447270e-008 503.290214 700.786122
4 1.517590e-007 781.286397 624.701258
8 1.676530e-007 501.700312 613.310934
4 5.232740e-008 493.128025 695.169192
8 3.168960e-007 318.955873 707.750030
3 1.096330e-007 193.987811 870.563974
3 4.259910e-007 227.514369 934.335641
3 8.290220e-008 323.410857 1004.225375
8 1.256260e-007 349.406930 738.469879
3 7.488190e-008 138.613670 850.012301
8 3.428910e-008 176.011570 697.708857
8 5.789360e-008 324.014122 678.140767
8 6.864570e-008 288.362564 599.242889
8 6.156300e-007 376.033114 591.920744
8 3.987010e-007 366.567534 586.030780
8 6.816950e-008 284.049756 516.796345
8 2.028520e-007 331.000264 575.385298
3 7.009520e-008 43.879762 927.742156
3 3.000870e-007 230.180638 924.292016
8 4.519630e-007 374.768239 713.177973
3 3.207290e-007 201.633578 919.339110
8 2.306240e-007 446.050885 753.991586
8 7.878880e-007 395.199711 601.444365
4 1.019260e-006 618.435608 620.099317
10 4.661610e-008 819.931855 527.467081
4 3.186890e-007 714.200595 634.632000
2 1.378400e-007 824.442948 793.482472
4 3.241550e-008 724.077903 833.326261
2 1.242890e-007 758.092867 897.298856
4 2.265680e-007 606.418040 654.098150
8 5.696510e-008 558.553536 801.408767
4 2.827460e-007 747.897635 545.875801
8 8.222470e-007 452.940596 591.392250
3 5.070950e-008 142.239562 886.531307
8 3.448420e-007 329.779719 649.955182
3 1.106890e-007 132.986590 871.161440
3 2.585390e-008 305.240009 938.612896
8 9.692940e-008 326.960063 783.191909
3 9.238010e-008 76.309885 891.923997
3 1.636410e-007 146.069876 877.700164
8 8.230250e-008 298.262339 831.869787
3 3.245730e-007 100.457676 1003.246241
3 3.322690e-008 145.794821 778.094523
3 8.298560e-008 272.968956 840.972243
8 1.168380e-007 314.800107 650.469047
8 1.311990e-007 360.305034 751.914495
3 1.380940e-007 236.515218 872.843980
3 7.271580e-008 114.912977 832.960472
8 1.752540e-008 331.863042 780.767097
3 3.119810e-007 247.386921 960.260418
8 1.904060e-007 335.985047 713.735016
8 1.462940e-006 371.721659 631.663824
3 3.402780e-008 99.250004 826.729510
8 3.510050e-008 270.302611 709.175624
3 3.418790e-008 100.484673 788.352072
8 3.929610e-008 184.509825 701.304053
3 4.962340e-007 187.971586 918.253288
8 4.664980e-007 372.068846 695.494640
8 4.508860e-008 423.106090 545.606173
4 1.135580e-006 676.924730 563.562696
10 5.530020e-008 855.189894 465.443040
2 1.282560e-007 828.000446 793.722503
10 2.034590e-007 895.609852 433.157311
4 3.159170e-008 841.436396 512.179131
6 1.345250e-008 860.583836 491.576039
10 1.171240e-007 730.304672 475.360531
4 3.133100e-008 728.148381 417.116987
6 1.267210e-007 815.481728 289.803885
7 2.516270e-007 747.410027 248.902421
5 4.068730e-008 745.701350 306.928349
10 1.473350e-007 753.345850 320.719525
6 3.916960e-008 704.385219 252.012341
11 3.399790e-008 719.795691 318.762719
7 1.342900e-007 723.151770 333.299555
10 3.579650e-007 701.528880 344.397667
5 5.720420e-008 670.096992 281.175960
6 2.479160e-007 903.468180 308.120013
10 9.918320e-008 863.828289 305.348088
7 3.359090e-007 720.349258 295.314937
5 1.798250e-008 689.221355 377.268500
4 4.807710e-008 673.033677 472.492731
10 1.968950e-006 773.645596 353.283369
7 6.810820e-008 682.243291 466.156036
4 7.899500e-008 527.215398 654.353364
8 4.805870e-008 579.204228 617.950101
4 2.255560e-006 631.952450 602.687570
10 8.302000e-008 823.365414 517.794749
4 4.394530e-007 723.985218 578.397661
2 2.956370e-008 835.142530 728.497196
4 5.355030e-007 704.580275 625.250051
5 1.084700e-007 572.583476 297.142862
7 5.635970e-008 566.095971 304.347952
11 4.264360e-008 528.097051 346.549945
5 1.249330e-007 532.774024 105.264784
7 3.973110e-008 529.420203 95.524618
11 5.176520e-008 475.678414 70.983693
5 1.950730e-007 580.482632 297.051629
7 2.252310e-007 587.428118 304.243829
11 6.017930e-008 569.729266 312.320480
8 2.557280e-007 395.379215 563.437811
8 2.989270e-008 255.877455 760.787485
3 1.086400e-007 151.015280 776.368184
3 9.699500e-008 213.221178 881.612805
8 7.599390e-007 366.561639 662.829814
8 6.460130e-008 291.964280 516.464273
8 4.229120e-008 438.381123 445.370611
5 3.371000e-008 390.630303 317.041778
5 7.359510e-008 477.956431 313.057562
11 8.234090e-008 422.658312 272.334206
7 3.460550e-008 413.222045 272.994062
5 7.232700e-008 465.256803 255.206365
11 1.756230e-008 363.119773 142.554509
5 1.335680e-007 490.744865 143.615205
7 5.495740e-008 529.419870 276.286850
11 1.638240e-008 533.504152 342.195544
5 4.343410e-008 432.136999 266.635179
7 4.079640e-007 600.113643 233.983114
11 1.688190e-007 606.758734 232.691411
5 4.865400e-008 370.386452 186.994568
11 1.385120e-008 419.959017 25.610508
5 2.488110e-008 421.445762 365.197883
8 3.608850e-007 357.454960 598.056619
8 1.871560e-007 560.104855 609.462716
4 4.253830e-007 583.420509 598.941709
5 3.159680e-007 501.367068 238.741531
11 8.660170e-007 530.262148 173.665210
7 3.789770e-008 531.704597 170.266989
5 5.074360e-008 494.476730 358.098550
4 6.045340e-007 622.584390 565.814876
4 4.410660e-008 642.240941 712.368720
2 7.113600e-008 844.430835 762.630135
2 6.522510e-008 789.217058 763.175504
4 2.682190e-007 768.791937 610.662194
10 2.138790e-007 875.061170 470.372379
4 4.442720e-007 723.093068 598.345049
10 1.636980e-008 705.789844 324.657369
7 2.292860e-007 714.435658 312.757457
5 4.002080e-008 762.198893 261.505948
6 5.906790e-008 838.399199 309.120773
7 8.071990e-008 714.350181 432.129659
10 9.033070e-008 714.262633 432.842705
4 1.229720e-007 656.535543 558.249464
8 4.745250e-007 440.400151 604.885296
8 2.879610e-007 315.010054 585.530900
5 6.482180e-009 369.930621 321.479920
9 4.932620e-007 53.236279 159.443095
9 1.120870e-007 89.945019 225.558810
9 2.870970e-007 96.356433 255.183713
9 2.344610e-007 122.141007 173.953095
9 2.498000e-008 122.287372 207.588351
5 3.754080e-007 513.252001 266.405249
11 1.219250e-008 520.263696 257.430712
7 2.151200e-007 567.406126 197.091304
11 1.033470e-005 552.357350 153.937269
5 1.770100e-007 548.008483 153.170442
7 4.907720e-008 473.140051 139.969033
4 1.784560e-007 533.901497 571.617186
8 3.123100e-007 495.111980 654.801578
4 5.804460e-008 725.509093 803.934390
2 5.004650e-008 706.737234 954.667537
8 2.752340e-008 545.427369 629.451703
4 1.699500e-007 553.795695 625.187819
10 4.543640e-007 814.682069 472.790229
4 6.897640e-007 691.926703 662.843805
10 6.195380e-008 906.557956 487.636414
4 5.030660e-008 785.975030 535.766867
10 1.194030e-007 919.132278 427.937824
4 3.688300e-007 681.918587 690.454776
4 2.254290e-008 566.959631 787.311613
2 1.032650e-007 855.938532 830.253947
4 1.909230e-007 756.169656 681.664893
8 1.329530e-007 498.681645 733.222337
4 1.267530e-007 534.971413 573.894552
8 1.896870e-006 404.509732 618.300123
3 3.157540e-007 232.324980 963.802428
8 2.133520e-005 409.165850 629.433602
4 5.709270e-008 578.540005 498.745341
8 2.625050e-008 260.716908 535.062433
3 1.947530e-007 244.889445 916.476201
3 2.880270e-007 113.645384 898.929685
3 3.433440e-008 154.472967 741.467892
3 1.071050e-007 272.097538 880.085830
8 2.410120e-007 405.867584 726.560151
3 1.139900e-007 14.319390 893.972128
3 2.534770e-007 244.170907 981.195017
3 7.951870e-008 106.016000 886.324784
3 4.132050e-007 185.855790 893.447751
3 2.947260e-008 117.709983 846.991238
3 8.478290e-008 190.265077 857.647042
3 1.579930e-007 226.742714 905.552816
8 1.094640e-007 331.085670 628.073297
3 1.481010e-007 182.304294 869.621452
3 3.631140e-007 177.477407 906.879126
3 2.000330e-007 134.058803 881.878338
3 1.408220e-007 237.540346 872.287319
3 1.309920e-006 212.799525 945.126857
8 2.301650e-007 379.544065 748.326740
4 2.048700e-008 560.965008 657.891102
2 1.927540e-007 820.245729 951.489504
4 6.368900e-008 606.832558 697.263224
7 6.841370e-008 513.745967 413.294477
5 1.237540e-008 518.312654 423.551445
8 7.171310e-008 528.695447 537.351709
4 9.548190e-008 524.837216 536.389735
7 5.341770e-007 588.608809 290.255222
5 2.766470e-007 590.482782 279.627528
11 2.974270e-007 600.583418 222.344705
7 3.028620e-008 511.970568 82.083745
5 2.808410e-008 502.530337 76.633445
11 1.078890e-007 451.647773 47.256490
11 1.351920e-007 411.230740 214.493063
5 1.453660e-008 411.722773 223.881320
8 2.282080e-007 482.659571 609.779745
4 1.910630e-008 608.691013 799.787964
2 1.025750e-007 747.157157 905.546101
4 2.592110e-007 638.600715 675.885949
10 1.066210e-007 848.679195 562.252237
2 1.724100e-007 841.657838 856.362284
8 2.651590e-008 577.181891 726.979429
4 1.025820e-007 684.318798 747.804762
10 2.479610e-007 790.082654 444.307680
4 1.741270e-006 685.169935 591.251285
10 2.138710e-008 692.772888 527.581777
4 3.003610e-008 847.065916 458.538323
4 3.585910e-007 696.541145 640.224789
4 1.576980e-007 680.345115 693.448595
2 6.329620e-007 841.940310 888.148084
4 2.141600e-008 864.424933 786.023181
2 5.955100e-008 783.366511 947.248200
2 4.172440e-008 741.648642 793.726324
4 3.215210e-007 653.638692 677.419807
8 5.587870e-008 498.606928 860.538812
8 9.872200e-008 460.827712 718.653052
4 2.529120e-007 607.136205 550.611129
4 8.247600e-008 601.719127 641.645904
2 4.883940e-008 800.584720 927.763705
4 1.148980e-007 789.487170 574.221490
10 3.505870e-008 757.017861 478.882779
4 2.901740e-007 737.398335 669.468593
2 5.845860e-008 846.334263 824.262034
4 6.096300e-008 685.472455 806.047040
2 3.103510e-007 806.042761 914.608866
4 1.869970e-006 625.069200 616.405379
10 2.020990e-008 845.326516 552.530060
10 1.099760e-007 877.952828 460.234191
4 2.825760e-007 761.450532 680.258535
8 3.338180e-008 615.470624 616.255000
4 4.830450e-008 714.244398 481.638379
7 9.015520e-008 656.606191 464.006092
10 6.980040e-008 652.892769 468.933958
8 6.326430e-007 421.783296 572.150709
8 1.459550e-008 158.030403 521.861596
