5 2.332090e-008 781.958000 531.419000
2 3.389040e-008 781.958000 531.419000
10 1.575950e-007 745.859762 562.798589
5 9.971010e-009 730.035530 576.554328
10 4.758340e-007 647.190182 504.219111
5 5.917190e-008 783.572377 408.723248
7 8.575720e-008 682.241123 242.832501
10 6.008870e-008 669.542854 398.009973
10 3.443380e-007 630.101639 631.148271
7 1.432000e-007 625.943041 159.430588
3 4.187050e-008 689.847946 119.498509
10 1.084650e-006 650.054376 529.029352
7 4.629200e-008 832.755359 246.820000
5 3.967430e-008 804.950801 431.525039
10 5.515390e-007 693.672719 506.559691
2 2.563160e-008 821.092917 616.026039
5 1.568930e-006 843.626557 514.909054
10 8.204550e-008 737.850161 606.858691
11 5.031360e-008 928.646283 682.471046
5 1.295520e-007 854.629985 482.523406
10 2.417370e-007 785.316726 602.577473
2 8.772470e-009 819.058899 597.435533
5 5.926940e-008 729.579835 526.018341
10 1.452760e-007 809.271833 506.710704
2 5.943770e-008 649.851139 761.765029
11 1.532520e-007 858.275744 913.175924
2 4.821010e-008 767.402289 892.196225
10 8.444470e-008 587.108220 652.883010
10 3.727750e-006 652.368015 582.356553
5 2.704150e-007 788.891851 567.394219
3 8.538330e-008 558.123961 173.524319
7 4.244250e-008 556.762644 251.508780
10 2.787770e-007 615.304408 498.824207
3 3.301920e-007 515.277016 110.360842
7 3.254750e-008 467.818862 173.340287
9 1.472280e-007 60.865466 188.114622
9 1.236140e-008 190.549978 196.899471
9 1.209210e-007 85.799045 162.302368
9 5.537450e-008 151.865906 172.655575
9 4.378250e-007 46.636985 220.713906
9 1.259170e-007 97.216631 222.717706
9 6.782410e-008 70.018763 145.488831
9 9.134660e-008 59.930460 396.349589
6 8.044970e-008 215.908756 715.499516
8 1.730670e-007 247.003980 788.755255
4 5.610080e-008 248.498543 792.276224
6 4.310550e-008 161.108825 791.776087
8 2.491440e-008 96.295172 737.391033
4 6.648960e-009 271.182784 750.066057
6 9.261340e-009 341.181901 701.052189
8 1.100890e-007 141.469971 825.924433
6 3.187110e-007 242.781456 813.485313
4 7.585330e-007 276.167774 806.353603
8 1.677240e-007 269.431247 787.126514
6 6.780190e-008 221.184349 712.832999
4 3.646500e-008 185.146867 657.340285
6 1.758360e-007 333.659578 929.701733
8 1.228480e-007 280.929330 960.145448
4 7.224510e-008 205.623830 977.636397
6 5.919380e-008 141.265178 788.033259
8 3.927510e-008 118.770189 846.634640
4 1.630150e-007 244.399901 795.634978
8 6.750560e-007 207.281542 920.396992
6 1.381210e-007 244.488694 917.141919
4 1.007050e-007 390.888249 735.770341
8 5.302970e-007 187.892966 829.597241
6 4.224690e-008 180.848059 879.724882
4 2.352490e-007 294.861759 898.252794
8 1.634230e-007 181.501866 988.267252
6 7.583170e-008 146.484651 873.733120
8 6.194490e-006 216.841283 882.759823
4 1.109770e-006 328.494331 863.310657
6 1.765150e-007 329.869524 863.190340
8 1.713000e-006 239.216852 838.725657
4 2.574190e-007 304.831055 897.074897
6 3.151450e-007 306.290776 897.466027
8 9.787990e-008 92.083486 913.681503
4 1.702110e-007 202.901257 876.715305
6 3.795930e-008 201.584320 876.101206
8 6.281730e-007 220.698452 832.308252
4 3.679080e-008 264.430946 626.237643
6 2.227170e-008 264.639251 624.755522
8 1.238470e-007 207.902330 809.804831
6 8.252680e-008 207.966060 810.013283
4 1.833710e-008 230.893662 885.006371
8 1.010130e-007 359.130709 908.521374
6 5.237460e-008 359.330831 908.651334
4 8.230960e-007 374.772107 848.276647
10 1.210110e-007 588.812683 590.554582
7 8.260480e-009 589.108622 292.416550
10 3.203660e-007 624.371907 541.341952
11 6.242650e-008 863.722818 670.027887
5 4.883480e-008 858.167167 669.443951
2 7.371730e-008 858.020534 669.428539
10 1.061490e-007 743.922997 621.650122
2 1.393070e-007 721.558410 736.104944
5 7.012040e-008 764.150916 581.362850
10 1.020380e-007 822.585171 582.890866
11 1.299720e-007 840.359116 762.265160
2 6.904180e-006 782.891868 812.220379
5 4.174840e-007 888.438200 579.263213
10 3.815670e-007 732.664599 507.334961
10 1.219430e-007 623.429887 563.627214
10 2.183520e-005 663.096159 556.489630
2 3.255460e-007 765.764427 773.550651
11 1.165690e-007 841.552831 768.251162
10 3.496640e-008 660.277897 709.865415
4 2.316970e-007 385.569906 756.036966
8 1.784470e-007 348.186605 829.406042
6 1.097890e-007 348.079324 829.616594
8 1.362710e-007 271.022625 741.955642
6 1.115030e-007 271.199706 741.887668
4 1.678030e-007 354.715368 709.829194
8 7.637120e-008 277.963054 686.683341
6 1.989750e-008 277.759572 686.605233
4 4.620360e-008 199.852665 656.699856
8 7.903900e-008 67.576609 796.101271
10 8.523170e-008 560.392565 632.683530
5 6.735370e-008 768.371344 616.516579
2 2.256490e-007 815.209717 779.861339
11 2.074190e-008 817.930700 789.350531
10 7.859970e-008 626.993319 690.035796
5 1.462900e-007 762.296524 539.767107
2 4.582550e-008 887.363565 742.388111
11 3.127690e-007 885.866564 751.839709
2 4.507610e-008 694.202993 793.699023
11 2.664450e-007 851.053992 857.070989
10 9.442450e-008 747.646492 728.882736
2 1.612460e-007 889.728655 809.524665
11 9.401250e-008 839.523666 663.719099
5 6.894590e-008 839.436773 663.466747
2 2.386480e-008 653.928763 954.165897
6 1.018720e-008 533.552591 853.333550
4 1.808330e-008 537.349317 852.244845
4 1.511970e-008 496.915360 885.923339
10 9.914140e-008 578.283252 609.384270
10 2.042580e-007 604.820137 611.534161
5 7.851600e-008 725.832747 522.732685
2 8.793940e-008 724.962444 716.084819
11 1.585380e-007 831.834692 777.202404
2 1.916870e-007 731.904024 869.518270
10 2.053580e-007 629.681623 639.030105
2 2.083850e-007 762.356824 759.509476
11 2.305980e-007 841.159482 749.833702
2 1.334120e-007 755.836093 903.065979
11 3.643400e-008 908.099395 964.584458
2 5.146610e-008 759.688644 670.846527
10 1.555990e-007 694.803754 697.668079
7 1.358720e-008 518.865199 183.570833
3 4.227520e-008 451.914633 210.620798
7 3.162510e-007 690.361466 167.940391
3 1.346890e-007 555.552009 136.817036
9 1.009010e-007 113.943704 331.027549
7 4.579770e-008 518.274336 127.938623
3 1.461440e-007 466.778694 78.209823
7 3.171350e-008 513.091573 255.378992
7 1.337380e-007 593.697509 153.040398
3 6.456280e-008 595.429435 152.232785
3 1.678880e-007 511.372324 166.739203
7 2.489600e-008 548.371133 234.883108
10 5.016130e-008 470.814858 387.882063
9 9.637240e-008 137.547442 275.375317
9 9.028520e-008 168.748788 226.032426
9 1.839470e-008 139.757766 141.824453
9 1.091710e-007 18.353500 165.456624
9 1.996130e-007 113.744418 317.070324
7 1.498900e-007 578.700774 115.639094
3 1.555110e-007 585.893829 116.142070
7 1.669480e-007 596.476506 165.595664
3 8.685540e-007 561.404721 102.324784
9 1.341930e-007 176.539738 260.364845
7 1.595160e-008 538.715376 125.071864
3 2.152310e-007 545.611829 122.963405
10 5.354680e-008 534.709826 508.716171
2 8.227670e-008 769.528975 916.357611
11 3.123760e-008 746.034638 749.184136
10 3.172600e-007 724.680725 626.123304
5 5.917200e-008 700.914121 503.854742
5 3.276870e-008 737.271718 448.021715
10 3.530180e-007 693.695518 469.275337
2 8.081140e-008 706.652217 782.410136
11 1.929720e-008 700.752903 789.801270
10 6.589640e-007 637.574940 611.660631
7 1.986370e-008 746.728000 237.103496
10 2.256610e-008 752.382813 353.027891
5 4.289700e-008 725.189423 456.904845
10 6.674110e-007 621.561280 500.847493
10 1.343510e-007 779.015684 575.346716
5 6.042210e-008 755.943748 574.428041
10 5.921550e-008 557.977474 544.936347
5 4.050560e-008 716.784514 401.198048
7 4.159830e-008 751.535628 253.800694
10 5.884970e-008 736.237809 385.629450
5 1.510700e-008 745.509451 370.978717
7 2.552650e-008 777.418521 290.572580
7 5.332530e-008 740.780358 205.831940
5 4.231970e-008 714.293404 458.931972
10 1.111610e-006 658.612358 495.346126
7 5.602770e-008 791.419407 214.164364
5 3.079970e-008 795.611927 348.346441
7 2.055740e-008 781.258867 297.239015
10 1.879730e-006 633.049805 543.133457
9 4.905170e-008 14.628169 441.465406
10 1.180990e-006 648.170911 584.539857
5 3.848100e-008 723.389132 531.016392
10 1.240310e-008 727.071819 363.156445
7 6.729170e-008 785.641748 228.799796
5 8.914120e-008 829.408656 383.531166
5 2.036110e-008 741.163481 447.461764
10 2.351350e-007 699.202036 472.674719
5 7.765680e-008 771.001588 471.547745
10 2.334290e-007 710.925673 489.914778
10 1.469550e-008 436.041031 390.646800
10 4.218730e-008 574.289755 654.026837
4 1.850630e-007 400.663095 795.769206
6 2.319420e-007 333.411615 827.129221
8 1.699140e-007 328.906919 829.229804
4 1.240060e-007 266.591762 788.996231
6 2.039890e-007 196.064385 757.595519
8 1.101670e-007 191.340273 755.492215
4 3.050470e-007 377.914848 801.259120
6 1.165650e-007 362.820348 873.824276
8 5.922090e-008 360.027049 877.813521
4 8.715890e-008 264.978132 708.911122
6 1.144260e-007 272.887925 730.643140
8 2.187970e-007 304.248169 816.804857
4 9.392850e-008 232.370086 813.207269
6 2.591980e-007 218.273403 801.879990
8 5.592560e-008 169.987366 730.292603
4 2.499480e-006 341.985036 802.803109
6 1.822130e-007 348.718727 800.998822
8 7.789770e-008 304.713186 766.078790
4 5.180160e-008 221.161721 902.336432
6 1.408830e-007 226.232538 906.298240
8 1.056510e-006 230.030519 909.265587
6 2.519170e-008 121.602120 880.704428
8 9.354040e-008 124.162017 876.444029
4 3.249740e-008 203.845104 743.828648
6 2.148330e-007 340.484047 873.545831
8 1.625300e-007 291.030582 797.393404
4 1.285230e-007 250.878999 735.564764
8 2.604380e-007 161.392614 795.902776
4 3.487420e-008 199.153112 777.390291
6 8.713560e-008 192.935220 775.489296
8 1.579170e-007 300.729433 801.162728
4 2.210580e-006 344.865142 853.761306
6 2.132960e-007 347.096833 856.498735
6 5.123800e-008 174.237578 668.907511
8 1.730130e-006 193.850581 893.208146
4 2.098600e-007 256.079831 848.234141
6 7.169230e-007 244.811933 822.926189
4 9.186890e-008 243.278636 749.504336
6 1.590460e-007 210.568287 777.423617
8 3.985630e-008 206.787723 780.595903
4 2.508090e-008 170.435701 944.651228
6 9.367440e-009 147.324648 978.055762
8 1.086600e-007 148.478508 973.427937
6 8.496010e-009 117.229059 982.790363
8 1.279600e-007 112.356818 983.475115
4 1.208690e-007 228.528558 905.587243
6 5.136390e-008 250.755139 908.348489
8 3.266460e-006 255.598086 907.230392
4 2.580000e-006 322.389035 852.574742
6 6.839560e-008 210.082651 951.228220
8 1.656040e-007 205.647685 953.686558
4 1.155310e-007 392.705566 736.863353
6 8.531460e-008 327.149350 741.730202
8 2.881900e-007 245.434586 768.812067
4 2.498490e-007 276.355457 799.572025
6 1.228450e-006 286.803875 794.016459
8 1.414130e-008 364.618480 752.641378
10 1.918760e-007 615.053030 504.392360
10 1.124570e-007 537.870300 627.055647
2 7.246360e-008 730.570700 724.293726
10 6.319020e-007 701.024935 572.293268
5 2.769160e-008 648.035466 522.972161
4 5.431850e-008 348.331906 751.269138
6 2.823270e-006 307.428337 822.116335
8 4.802770e-007 271.622195 868.082943
4 1.042880e-006 334.895255 859.800024
6 1.871320e-007 348.658503 781.745763
8 2.356560e-008 363.962416 694.954065
4 1.810890e-008 304.865005 989.238589
8 1.326270e-007 156.000112 981.124183
6 7.614330e-008 293.815632 990.122559
4 8.346900e-007 295.372619 816.103515
8 3.172890e-007 184.801889 826.334441
8 6.528290e-007 206.095563 811.298148
6 2.187050e-007 209.012009 853.003550
4 3.616630e-008 209.639482 861.976469
8 1.746260e-007 149.982564 858.318182
6 5.590500e-008 108.835486 848.818560
8 3.834880e-008 335.871313 933.456832
6 1.100360e-007 331.503088 908.683549
4 1.562500e-006 319.617755 841.278891
8 2.208860e-007 182.447174 861.786197
6 2.670770e-007 203.350757 825.580066
4 1.818760e-007 231.236440 777.280559
8 4.937820e-008 239.514789 691.205831
6 5.665320e-008 255.775085 699.179927
4 4.429740e-007 266.306851 819.556097
8 4.950620e-007 174.575663 826.359759
6 1.152880e-007 213.045449 790.089069
8 1.912070e-007 142.278672 787.723151
6 6.519190e-008 288.127247 708.075065
4 1.546240e-007 328.451057 703.445453
8 5.992190e-008 96.258657 863.543239
6 2.162070e-007 317.410176 903.549088
4 2.414570e-007 321.268125 902.587191
8 8.737820e-008 202.125194 798.034797
6 2.431770e-008 131.983502 794.631168
8 1.384980e-007 171.769403 814.528819
6 1.851460e-007 267.879072 722.074495
4 7.254230e-008 291.485658 696.759414
8 1.210150e-007 110.450033 941.119918
6 3.480720e-008 245.158511 982.303726
4 1.716450e-007 331.942676 940.828994
8 5.343970e-007 299.071343 895.686261
6 8.336990e-008 168.481751 779.287826
4 1.248160e-007 194.073235 900.153926
8 4.875670e-007 268.261349 828.669254
6 3.421020e-007 308.231541 880.826548
4 2.459640e-008 166.812492 883.036275
8 1.052170e-007 164.659267 759.502071
6 7.208580e-006 274.423301 816.506713
4 2.466650e-007 275.596604 820.117855
8 8.227860e-007 295.442628 881.199130
6 4.399700e-008 245.030632 984.939998
4 2.225120e-008 243.822129 988.659399
8 1.618480e-007 265.972979 959.768121
6 1.630070e-007 172.840837 760.613598
8 8.868790e-008 155.060056 789.611232
4 8.489210e-008 182.622938 919.285229
6 2.077660e-007 173.987440 852.549163
8 2.057690e-007 139.435557 865.124926
4 6.632220e-008 247.315639 734.130587
6 2.473250e-006 311.539425 817.843504
8 1.025800e-007 317.369233 798.775022
4 1.744800e-007 392.647882 877.038388
6 2.305580e-006 305.372331 848.807153
8 2.141140e-007 316.489137 866.597741
4 1.663420e-007 292.223398 878.406404
6 3.733370e-008 369.840681 860.175027
8 8.114820e-008 349.381777 866.429933
4 1.830420e-007 366.518562 876.781330
6 1.254440e-007 238.006415 935.696389
8 1.618680e-006 234.757114 915.181541
6 3.231400e-008 166.998445 845.316790
8 5.383070e-008 172.116284 845.138059
4 1.120610e-007 256.496924 842.191221
9 5.443450e-008 96.928094 168.462609
9 5.350130e-008 198.815441 279.232718
9 8.891220e-008 186.957643 221.387668
3 2.837720e-008 521.924003 151.250477
7 2.250840e-007 601.169853 137.277185
3 7.334900e-007 562.814715 89.265300
7 3.920590e-008 481.936946 80.764687
3 5.888540e-008 439.581536 115.946371
7 4.810570e-008 555.528175 249.167530
3 3.638900e-008 499.473410 206.340701
3 6.017250e-008 460.368654 91.981269
10 3.643960e-007 615.704093 562.002445
5 2.168450e-007 791.726465 574.976879
10 7.292800e-007 728.224674 565.878805
5 1.639620e-008 688.230479 715.139409
2 7.094850e-008 641.015894 760.564863
10 5.939100e-007 682.554360 617.640993
5 9.647730e-008 770.789485 573.768008
10 4.940060e-008 661.197707 742.895288
2 1.850030e-004 787.169114 825.348427
11 2.453900e-008 707.926646 812.797730
2 3.657620e-008 645.419376 790.616218
2 1.945720e-008 814.012485 637.741605
10 4.669630e-008 821.339324 625.051154
5 4.446100e-008 823.918137 620.584521
4 1.111060e-007 468.301986 759.041949
10 9.050580e-007 611.592770 542.084077
10 3.892020e-008 832.195134 733.683305
11 7.743520e-007 885.512286 785.171056
2 2.963660e-008 891.319452 790.953977
5 4.151650e-008 799.494407 655.759453
2 1.329460e-007 763.979300 722.704080
11 4.757710e-008 759.552126 724.492763
2 5.575620e-008 749.642527 919.117379
11 4.103290e-008 745.381950 921.479051
2 4.015620e-008 687.300570 710.724979
10 8.797700e-008 718.919533 686.898433
5 3.540650e-008 806.856895 673.213555
11 2.848040e-008 802.667769 753.142120
2 2.975900e-008 611.595230 733.736397
11 1.068500e-007 776.892654 757.140415
2 2.111700e-007 797.165783 715.574326
10 6.804920e-007 666.616064 630.589073
5 9.896930e-008 846.542982 618.007205
10 8.322580e-008 806.379506 626.197419
2 1.230700e-007 785.935892 693.673656
11 1.336260e-008 737.756975 765.102230
2 1.512640e-007 701.198000 808.766560
10 2.345050e-007 701.198000 628.924639
5 1.215070e-007 835.158437 634.230275
10 1.279400e-007 595.875645 474.445132
7 1.106470e-007 604.623630 198.960092
3 1.355530e-007 562.278603 128.486199
7 3.057630e-008 479.952628 76.331995
3 1.080400e-007 453.786801 119.669082
3 3.387790e-008 591.339160 227.059574
7 7.596340e-008 552.768826 212.162813
10 8.081760e-008 552.899281 546.929483
10 2.371200e-007 690.838485 608.511111
2 5.051990e-008 584.999451 931.865225
11 2.163180e-007 805.453977 788.118643
2 1.867450e-006 805.117144 788.401279
10 3.671870e-007 676.808516 640.642847
9 1.703870e-007 29.824978 198.841027
9 4.456700e-008 176.939244 260.892715
9 5.034420e-008 200.611752 121.411433
9 2.029520e-008 192.504993 285.135142
9 2.325850e-007 66.007859 181.960218
9 8.520210e-008 70.250562 160.095040
10 5.214990e-008 497.978575 653.634924
10 8.541440e-008 623.591040 673.654033
3 8.627120e-008 493.579821 137.722964
7 4.496830e-008 542.939113 210.901064
10 1.979180e-007 568.916789 562.797814
5 3.940710e-008 747.727582 619.075712
2 1.820590e-007 701.788121 776.185243
11 2.402350e-008 666.805024 865.541541
2 3.222140e-007 838.332346 815.739976
11 6.993970e-008 783.018295 776.611012
10 3.448500e-007 570.324699 503.285997
3 2.774100e-008 400.287975 134.555417
7 2.664440e-008 507.735384 196.523803
3 2.944430e-008 415.042944 155.047642
10 4.998850e-007 617.336389 520.112344
5 6.623880e-008 756.199273 581.695194
10 1.449790e-007 805.026684 653.209002
5 4.857020e-008 748.785139 616.685137
6 2.145180e-007 335.589101 787.277541
4 4.790800e-007 341.354890 794.397704
8 8.051910e-008 382.160930 844.789017
6 4.786290e-008 312.245668 970.280710
4 2.818240e-008 314.485273 961.298214
8 2.016770e-007 330.326045 897.764860
6 3.502940e-005 282.919692 825.993531
4 3.294500e-007 274.700069 829.826412
8 2.603100e-006 230.788369 850.302816
6 9.771850e-008 338.708203 770.670264
4 3.454290e-007 347.079274 773.390189
8 9.499340e-008 361.680919 798.018856
6 3.990490e-008 186.045164 679.163668
4 2.192760e-008 179.047340 673.080554
10 4.412610e-008 521.432031 666.687963
10 2.967100e-008 660.421849 666.485288
5 3.047640e-008 775.463012 515.472496
10 6.545970e-008 783.172605 730.649907
2 2.985990e-007 783.732046 735.972629
11 6.869590e-008 790.537932 800.726239
2 1.470460e-008 609.727355 947.758942
2 1.106690e-007 758.604376 768.504031
11 3.217320e-008 772.415559 899.911486
10 1.180250e-007 624.186679 663.139921
2 2.264020e-007 765.630091 786.397210
5 3.839000e-008 717.002967 596.791218
10 7.723740e-009 852.637789 487.671402
2 1.385500e-008 623.675692 800.722615
11 4.974050e-008 782.911203 791.769751
10 9.716190e-008 746.111967 685.864532
2 1.436150e-006 782.332239 858.972434
2 4.997170e-008 667.309633 777.347568
10 6.401900e-008 567.414658 678.476301
5 1.084440e-008 710.037611 604.638734
10 7.885760e-009 838.543010 431.046248
2 6.921360e-007 765.749687 783.438402
11 3.833260e-008 723.782913 748.176605
10 2.374870e-007 620.211854 662.174000
5 1.373380e-007 778.170985 592.195333
2 1.863170e-007 768.645915 701.071526
11 3.956480e-008 779.980064 724.209538
2 3.066050e-007 783.905629 889.734028
4 2.964920e-008 538.824526 728.859235
10 1.414560e-007 585.317401 633.227622
10 1.654750e-007 540.112000 565.936740
2 1.386120e-007 727.670620 867.251686
11 5.729790e-008 831.327511 781.561875
2 1.403670e-007 866.502528 774.792656
11 2.948820e-008 814.892739 617.452074
5 1.543880e-007 812.925395 612.046821
10 2.776750e-007 759.339403 565.203814
2 3.007030e-008 786.668861 593.093601
5 1.046290e-007 758.030788 554.817271
10 3.854380e-007 629.731906 614.227632
10 4.400980e-008 645.755454 382.544533
5 6.436850e-008 732.793148 546.239395
11 1.009100e-007 884.412145 694.658804
2 5.179010e-008 798.771098 660.057599
10 1.954090e-007 718.861965 627.772236
5 4.006610e-007 816.823330 518.372679
2 1.140730e-007 801.264456 744.437531
11 1.774510e-007 831.381849 745.915555
5 4.630050e-007 814.017713 587.396200
10 2.360060e-007 753.118528 585.269562
10 5.548460e-008 572.051566 558.061450
2 1.429090e-007 742.981882 761.252000
11 5.609210e-008 755.514042 819.255249
2 8.879010e-008 833.776934 774.309671
11 6.694980e-008 794.111764 705.601444
10 1.495910e-007 779.945811 625.261761
5 7.686360e-008 765.766845 544.848282
2 2.242180e-008 847.974260 599.339636
10 6.363420e-008 834.541368 567.204233
5 3.780940e-008 845.905544 648.063454
2 7.374310e-008 626.921705 782.735952
2 2.654930e-007 738.878408 815.184648
10 9.796780e-008 655.438296 667.358967
7 1.747410e-007 700.075662 203.154444
5 2.053430e-008 835.021488 321.708529
10 2.149340e-007 756.743809 508.263598
5 9.380600e-008 830.247791 470.811518
10 1.305960e-007 705.309343 645.319118
2 3.780640e-008 744.853318 639.238480
5 1.712350e-007 843.715030 627.099599
11 6.216690e-008 826.730304 686.005856
2 7.355530e-008 895.680350 869.553954
10 1.876170e-007 545.553662 498.203286
10 1.324760e-007 539.914846 511.482281
