11 5.237580e-008 723.594828 582.153121
2 1.618950e-007 581.343722 598.260731
8 6.859290e-008 470.258601 515.625900
5 2.802650e-008 467.289784 501.658754
10 4.171170e-008 694.529993 93.915585
11 6.875050e-008 785.607635 665.795646
11 2.842260e-007 891.672900 672.721536
11 5.100880e-007 856.943616 563.324122
11 2.513640e-007 849.144628 561.889020
9 3.622410e-008 645.379886 765.651829
2 2.100160e-008 652.798969 853.188463
9 1.449860e-006 745.556352 887.152715
2 6.888460e-008 644.194183 674.248462
5 7.699950e-008 451.845153 572.230554
8 7.646720e-008 484.448048 491.534733
4 3.654930e-008 410.625939 571.367997
2 1.977180e-007 495.854416 578.824255
5 4.375500e-008 580.297712 586.211821
11 1.683880e-007 785.874573 566.050834
8 4.495660e-008 475.457992 527.348350
2 6.561510e-008 424.053902 510.560826
5 2.592510e-008 424.848793 507.372665
8 5.072940e-008 587.480821 436.331286
2 8.515410e-008 587.250431 578.165275
5 1.382410e-007 463.681931 649.507829
8 3.665110e-008 419.631310 482.688447
4 5.102490e-007 298.849460 552.421876
7 5.552660e-008 332.971808 518.837431
8 6.648070e-008 501.958174 388.596331
8 7.791180e-008 459.259114 315.480509
8 4.642220e-008 364.310495 312.655247
6 8.333730e-008 196.738344 178.613772
6 8.041780e-008 41.365546 184.737869
6 3.692960e-008 70.819453 233.907396
6 1.435600e-007 59.320500 143.488080
6 1.123590e-007 97.680724 118.435571
6 1.117710e-005 149.764007 116.382729
6 1.897490e-007 78.030122 189.485790
6 1.549530e-007 227.711032 20.492162
6 1.335730e-007 101.001815 138.335836
8 6.806570e-008 337.164238 341.431345
4 7.066080e-007 278.215048 550.152007
7 1.531970e-007 276.315330 551.078561
8 2.513400e-008 178.222143 409.282035
4 1.345140e-007 184.871068 538.076946
7 2.996890e-007 183.259957 536.676433
8 3.638340e-008 297.588468 538.338649
4 8.276730e-008 386.837551 615.922063
7 2.264170e-008 388.448664 617.322589
5 1.755890e-007 359.468732 628.654123
2 3.289740e-008 286.233289 651.044479
3 1.660670e-008 218.416117 671.778301
7 8.521580e-008 332.394151 692.850714
5 3.242690e-007 329.246225 679.878009
4 5.169900e-008 306.906394 698.623336
2 5.399730e-008 267.493472 731.694676
3 3.454770e-007 210.309483 779.677698
7 2.070310e-008 133.357220 772.031453
3 7.872960e-008 301.656003 728.728497
4 5.821210e-008 310.176335 722.762501
5 1.711090e-007 312.090991 721.421846
2 5.113410e-008 322.382004 682.958933
7 1.697480e-007 111.240965 751.971468
3 6.554610e-007 211.489402 817.327381
4 2.572510e-008 235.931762 735.541965
5 6.420490e-008 234.671455 733.601268
3 3.219280e-007 230.217061 726.742120
7 2.614280e-007 206.484385 690.197097
2 9.336070e-008 379.821935 742.815222
3 8.173470e-008 42.059755 890.151540
7 8.389590e-008 144.665088 779.176200
3 3.597740e-007 238.615716 798.443623
5 3.281200e-007 390.017415 738.162968
2 1.837670e-007 373.202030 724.041766
7 1.364350e-007 283.942793 751.331068
3 1.667760e-007 275.747428 753.836644
4 3.350600e-008 245.417839 763.109335
3 1.944060e-007 117.995327 824.464215
5 4.477820e-008 400.599195 857.002148
2 6.822490e-008 347.348590 748.647307
7 1.635870e-007 291.057211 696.296000
4 7.003180e-008 288.274923 703.940246
3 1.607160e-007 286.500459 708.815527
3 4.383950e-008 132.985548 924.641304
3 8.089640e-008 95.010775 807.876732
5 5.821790e-008 250.517116 725.236876
7 2.151340e-007 258.011033 671.916404
4 2.934420e-007 221.168251 623.214519
3 5.740060e-008 128.507956 687.262586
7 1.285750e-007 84.185113 704.039704
3 1.583400e-007 225.186100 866.337707
2 4.499470e-008 398.915199 724.072547
5 7.669540e-007 400.579783 715.509098
4 3.376160e-007 340.750830 562.563522
7 2.846560e-008 335.415206 550.579435
8 1.959090e-008 318.758392 516.127347
2 3.716290e-008 325.280108 535.068543
5 1.630030e-008 322.496158 526.983423
7 5.536660e-008 207.208088 441.971490
4 6.495520e-008 204.553270 440.618796
8 4.467800e-009 209.704639 472.404398
4 8.274040e-008 202.287344 514.469845
7 7.336670e-007 188.526287 592.512447
3 2.243430e-008 267.938897 597.703920
2 1.134860e-007 410.606446 578.883414
5 9.436270e-008 418.534821 582.086648
2 6.820370e-008 674.305579 635.252975
11 8.221440e-008 824.476371 662.287474
11 6.051440e-008 769.052100 683.357640
9 4.370100e-008 739.744772 666.478451
11 3.735280e-008 849.757439 754.095371
9 1.802270e-007 797.087067 786.115088
11 1.267920e-008 821.239726 476.835736
2 1.563620e-007 583.466994 671.078573
5 5.531040e-008 522.929491 578.878653
8 2.710270e-008 587.067923 547.437787
2 5.802020e-008 561.500833 536.054815
5 1.291000e-008 531.715560 626.111405
2 1.376750e-007 557.433346 517.601667
8 3.579130e-008 490.135316 502.064531
5 7.639390e-008 471.854267 569.141039
9 1.242770e-007 730.743978 775.999449
11 7.747740e-008 882.643858 761.216977
2 1.355540e-007 570.559444 751.701635
5 1.553820e-007 493.570656 672.802373
8 1.235050e-007 417.390897 561.770144
4 6.550900e-007 276.968484 536.865895
7 4.586930e-008 211.863249 494.586153
5 1.166220e-007 387.829134 595.240974
4 3.695130e-008 444.923955 609.476476
2 2.399790e-007 448.876892 610.462066
8 7.854200e-009 463.196134 614.032295
7 3.755810e-008 300.125448 530.671508
5 7.613210e-008 404.105936 611.877880
4 5.422530e-008 415.701010 538.670193
2 1.542940e-007 416.338329 534.646362
8 7.638150e-008 418.646942 520.070494
3 7.768520e-008 332.111882 782.344288
5 7.592820e-008 336.037090 754.414865
4 8.208520e-008 326.348931 695.356007
2 5.763690e-008 322.529291 697.386947
7 2.830830e-007 286.230343 716.687453
3 3.164990e-007 271.852748 741.636937
5 4.269850e-008 245.522182 751.744219
7 1.065190e-008 188.999376 775.652967
4 1.088200e-007 329.954623 706.640846
2 1.097450e-007 326.229626 705.210967
3 1.058900e-006 183.687523 718.257701
7 2.295210e-008 188.338474 851.441529
4 7.198900e-008 155.799656 674.610929
3 1.250490e-007 71.027672 787.110950
7 2.109750e-006 182.908171 640.927492
4 8.922700e-008 320.811768 650.570384
5 9.228000e-008 357.179415 620.223245
8 2.086060e-008 394.529810 564.848857
2 6.771430e-008 400.454197 556.065568
11 8.607980e-008 780.626919 659.256830
9 1.234090e-007 788.375550 777.059483
11 2.338090e-007 799.516402 565.888787
9 9.410310e-008 815.914382 916.945983
9 2.179170e-007 830.899687 833.815332
11 1.872840e-007 836.770630 655.723720
9 1.652810e-007 728.476091 825.046189
9 1.876940e-007 648.373831 820.408751
2 1.866590e-007 541.581072 757.738150
5 1.990250e-007 479.900324 746.907369
9 8.312840e-008 567.792956 815.045284
2 1.859920e-007 587.123843 665.200755
5 3.220960e-008 592.031469 710.833353
2 6.219590e-007 531.805661 621.795390
11 1.561320e-007 802.100420 573.294001
9 1.057130e-007 687.453203 780.073370
9 9.196560e-008 862.403722 852.371569
2 1.064110e-007 635.532475 636.411666
9 1.525470e-007 752.982626 760.660486
11 1.044410e-007 889.155169 743.940558
9 5.049430e-007 746.802669 899.416233
9 5.793690e-008 758.487554 680.628893
2 1.503580e-007 562.833341 759.207201
5 8.075890e-008 554.109198 682.535829
8 1.093680e-007 497.314355 433.221730
8 1.082500e-007 423.182984 336.428324
6 9.230300e-008 265.343977 217.975330
8 7.966590e-008 400.926236 328.606515
8 4.920490e-008 396.249642 307.400464
4 3.717680e-008 396.477908 498.952963
2 4.191520e-008 435.243710 494.283495
8 7.708420e-008 418.003530 330.886470
8 1.217890e-007 435.807272 317.022214
8 3.736590e-008 483.012889 392.810384
6 7.668870e-007 128.415069 122.571958
6 5.416010e-008 236.539520 236.661384
6 3.162600e-008 96.256030 159.400402
6 6.638220e-008 36.330877 156.108805
6 1.093660e-007 279.401887 124.472952
6 6.003850e-008 240.143483 197.067049
6 1.938340e-008 210.212705 241.192935
8 1.170680e-008 240.367717 272.339342
8 8.150340e-009 517.836305 303.037508
10 2.763780e-008 624.043032 92.691827
8 2.562970e-008 282.390355 322.780171
8 1.420150e-007 370.984341 348.622885
2 5.103800e-007 549.176660 631.215601
5 3.696340e-008 576.262632 705.633830
9 9.285330e-007 672.359164 838.938251
11 1.606090e-007 802.129950 635.387749
9 1.425810e-008 637.160764 775.120020
2 5.850250e-007 503.867205 732.052179
5 7.706030e-008 510.093454 726.446013
8 1.735300e-007 443.834922 482.336190
2 6.328940e-008 460.946943 494.318225
11 4.293190e-008 717.033048 575.107219
2 2.403020e-007 530.611491 561.393252
8 7.090210e-008 415.460312 529.957885
5 1.455540e-008 489.379757 537.726771
2 2.066780e-007 535.455612 581.172547
5 1.004770e-007 369.253772 592.823575
4 3.586730e-007 296.669615 582.622586
8 3.807570e-009 292.932380 582.097354
7 4.486130e-007 224.900410 572.536130
3 1.596020e-008 231.449947 565.323840
4 1.121380e-006 253.496674 544.764938
7 1.031460e-007 302.898655 498.696854
8 6.154900e-008 315.045163 487.370053
4 1.444370e-006 236.060239 593.205632
7 1.491150e-006 167.817928 594.396787
7 1.259580e-007 147.261966 523.000576
4 8.951240e-008 215.251031 478.847821
8 6.612760e-009 172.688334 483.720696
7 1.280260e-008 171.456743 491.918986
4 4.324060e-008 96.306583 530.209850
8 1.904080e-008 154.640019 439.825942
7 9.436430e-008 98.077713 586.004981
4 1.962340e-007 162.037646 586.878414
8 1.072310e-007 326.647194 548.729283
2 6.505710e-007 456.312407 603.768887
5 1.036980e-007 459.399338 605.079211
4 4.676440e-008 384.448371 461.042725
8 2.477500e-008 547.721731 573.982445
2 3.958710e-008 687.813140 588.706336
11 2.293170e-008 722.324815 527.925383
11 5.490690e-008 785.093212 622.507735
2 1.571980e-007 438.791077 558.304148
8 1.036490e-007 476.132217 495.245945
5 2.205600e-008 480.951361 487.225497
2 6.593160e-008 476.145981 495.742032
8 1.386390e-007 473.149706 492.041960
4 1.015140e-007 414.923754 586.131005
5 1.223380e-007 422.187353 589.214221
2 3.303830e-007 555.586694 646.847457
8 3.834210e-008 385.793720 618.255834
7 1.087030e-008 403.333474 694.228714
5 1.383970e-007 402.960331 794.697983
3 6.006920e-008 260.018082 881.929206
5 3.593210e-008 219.600813 768.074578
7 1.001080e-007 140.771320 732.977538
3 6.903750e-008 79.477866 701.953906
4 2.062820e-007 236.375421 665.731443
2 4.778260e-008 395.390852 826.217240
5 4.385150e-008 385.499939 841.434455
3 3.356540e-007 141.614831 834.039049
7 4.767750e-008 244.148799 711.843716
4 6.330600e-008 281.747519 754.984719
5 2.609730e-008 282.570929 757.247022
2 2.462700e-007 376.241103 736.709640
3 1.455510e-007 227.360031 815.351543
7 2.299390e-007 132.293789 674.409268
4 5.113970e-008 113.789387 647.227784
3 4.266750e-008 347.712001 801.268574
2 3.267640e-008 320.889025 773.621759
5 1.167660e-007 317.788329 772.175871
4 6.324450e-008 209.396788 721.631720
7 7.798620e-008 165.247918 713.706120
3 2.845600e-007 140.785371 866.518317
3 4.416610e-007 191.568371 852.766799
5 1.103490e-008 189.629482 853.886219
7 2.250940e-007 250.583147 715.088269
4 9.622390e-008 284.583235 708.479313
2 2.109830e-007 412.391250 683.635918
5 1.851140e-007 385.374105 770.990291
3 2.324480e-007 265.211139 757.634547
7 6.228030e-007 213.047163 690.945109
4 3.513560e-008 196.187060 684.808553
3 6.614850e-007 126.598148 805.225932
7 1.109600e-007 206.358990 783.854063
4 1.006250e-008 215.158742 705.145707
3 1.409710e-007 268.198302 762.393866
5 3.972210e-008 325.848899 832.900468
7 1.570810e-007 213.545009 708.174120
4 1.269360e-007 207.256691 633.715192
3 4.195200e-008 207.358699 633.704471
7 1.199050e-007 93.805523 729.517547
3 5.684000e-008 22.657904 801.001515
7 5.849120e-007 184.728147 669.175550
3 6.029320e-008 187.924115 668.496227
4 2.118790e-007 265.626065 651.980185
5 2.829180e-007 340.547985 636.055057
2 6.424870e-008 314.442030 687.643199
3 1.339200e-007 75.983916 890.353868
3 1.048160e-006 188.118703 814.441715
3 1.390280e-007 241.855884 912.299002
3 4.093990e-007 241.247016 772.725286
5 4.206900e-008 238.590092 765.803802
7 1.253930e-007 232.570223 728.949746
3 6.123540e-008 227.991570 892.124123
5 1.663050e-006 410.439980 723.007838
2 3.718050e-007 423.625045 712.706631
4 3.497180e-008 231.206013 764.461967
7 1.209170e-007 163.916885 743.889666
3 1.717330e-006 160.823265 742.943854
5 1.822170e-007 370.489057 749.519913
2 1.625310e-007 397.381660 678.455045
4 6.679700e-008 398.020453 672.377491
8 1.309790e-007 427.104628 533.396238
5 1.674510e-007 454.220208 589.243431
2 3.024940e-007 466.232008 576.362407
8 2.576100e-008 576.861981 457.726784
8 3.150870e-008 458.823935 547.843576
5 7.814310e-008 424.263203 612.843253
2 3.438870e-007 423.371276 614.520733
4 8.214660e-009 422.868460 615.466399
3 8.068430e-008 297.229434 839.781387
7 6.416910e-008 281.405310 681.406894
5 6.700180e-008 303.641849 760.827892
4 6.839160e-008 304.323256 763.779414
2 1.018450e-007 363.632102 696.827348
3 2.570550e-007 256.666327 775.364521
7 8.290840e-008 247.272846 783.822474
3 5.205270e-007 252.653538 796.125242
5 6.603100e-009 226.627660 807.712594
7 9.746780e-008 178.870867 828.975076
3 5.700020e-008 199.878420 722.392539
4 3.796560e-008 203.134789 768.958856
7 2.143130e-008 205.456208 802.155322
3 2.441790e-007 192.485198 877.253887
3 2.079410e-007 313.319510 813.534103
5 2.695600e-008 321.190725 877.638983
7 2.178510e-008 322.430580 887.736626
3 1.605130e-007 273.020928 704.907576
4 8.833320e-008 229.076034 731.845770
5 2.809440e-008 218.274897 739.693206
7 2.502400e-008 209.628699 745.974997
3 2.224260e-007 267.664559 835.074459
3 4.068920e-007 77.844443 756.379969
7 7.666990e-009 75.908824 755.897369
4 9.665070e-008 216.967719 701.849345
3 1.251810e-007 260.164286 705.628596
7 1.363260e-007 262.231833 705.809485
5 3.391940e-007 335.229391 706.463368
2 5.541910e-008 269.824649 677.343236
3 1.452040e-007 92.426021 858.975671
5 8.087540e-008 298.622064 811.132898
7 8.228940e-008 205.419796 789.880376
4 2.024260e-008 202.435270 797.267333
3 1.691450e-006 198.663501 806.602780
3 2.107930e-007 121.593923 843.497578
7 2.238770e-007 303.644741 683.720335
5 1.517320e-007 327.620768 663.296399
2 4.232660e-008 326.783601 664.939432
4 3.899190e-008 319.232804 679.758707
3 1.164060e-007 168.747916 893.911452
3 5.417390e-008 228.207905 907.371203
7 1.957170e-008 179.292116 848.605738
3 1.062160e-007 302.525764 779.734609
5 1.450970e-007 314.235827 794.962291
3 3.104840e-007 181.648244 715.244019
7 1.640350e-006 201.575291 663.331987
4 1.030010e-007 202.721757 660.345323
3 4.697710e-008 304.937803 910.422987
5 2.933570e-008 283.070040 867.866378
3 3.828900e-008 352.350927 812.835086
2 4.535750e-009 303.441401 670.792506
7 1.703700e-007 297.098956 652.372838
4 8.070090e-008 296.047204 649.318350
5 3.434020e-009 258.916674 658.031760
3 3.443960e-008 192.342112 965.010638
3 5.004680e-007 232.437988 749.536805
7 1.079430e-007 264.831882 752.718841
4 6.049440e-008 265.052864 755.878892
5 1.562770e-007 339.128683 744.574574
2 2.424400e-008 367.077817 813.750664
3 2.917200e-007 274.716542 790.686444
5 5.504630e-008 394.478756 852.642422
2 1.368710e-008 304.733227 880.080346
3 2.626100e-008 306.937685 888.362767
3 5.493630e-006 170.229096 746.151936
7 4.141410e-008 127.156231 720.271137
3 4.635620e-008 362.400638 828.638901
5 9.649270e-008 385.605710 773.971165
2 4.900310e-007 420.850235 690.940248
8 1.376250e-007 459.410096 456.771031
6 1.793610e-007 233.288201 98.828342
6 1.665230e-007 251.381751 135.632599
6 1.718930e-007 199.297344 229.406073
6 7.144930e-007 222.107079 88.687086
6 1.293090e-007 185.999404 176.137993
8 1.144710e-007 334.098762 362.270551
8 4.891500e-008 361.739252 296.357963
8 2.904800e-008 439.554963 321.732895
8 5.538720e-008 314.947604 375.266466
8 3.989880e-008 477.539390 270.431381
2 1.013240e-007 586.757225 558.960015
11 1.255640e-007 861.379608 467.720461
9 3.185110e-008 587.879821 783.119900
2 6.819960e-008 508.934495 816.630371
5 2.698930e-008 560.940433 705.590484
11 1.457970e-007 757.841633 567.730300
2 1.325320e-007 605.320000 674.435002
9 1.008570e-007 781.661762 824.476154
9 1.789950e-007 640.700389 787.433220
11 4.071440e-007 831.988311 596.048759
2 1.109720e-006 517.416060 676.643139
5 6.923240e-007 453.498829 682.885971
2 2.230060e-008 600.438836 568.361406
5 1.300070e-007 540.301335 669.029133
11 5.788700e-008 830.950502 732.481378
11 1.475290e-007 842.943166 690.800811
9 1.944120e-006 722.238738 868.558916
9 3.034300e-007 614.906563 925.535106
9 1.686020e-008 600.308315 788.622344
2 4.912300e-008 631.550887 757.379985
11 1.858490e-007 807.798075 655.255833
9 1.355600e-007 711.343559 779.999073
2 4.203100e-008 549.342210 819.420630
9 4.830650e-007 746.057977 820.360894
11 4.702140e-008 730.270567 760.959673
11 4.504530e-008 830.419693 562.349411
9 4.187860e-007 712.741816 822.944011
11 6.053560e-007 896.956558 646.242615
8 4.200390e-008 441.301433 298.196011
8 4.040210e-008 461.210607 347.896249
8 1.569370e-008 569.733324 571.886884
2 4.699500e-008 600.280524 617.174798
5 3.120560e-008 644.565480 682.829697
2 1.239510e-007 585.185390 654.872789
5 1.230170e-007 510.767190 681.958750
9 1.270000e-006 669.314914 920.015160
9 1.042720e-007 813.743058 764.393536
8 1.470200e-007 475.415045 431.667708
6 4.662290e-007 202.287654 159.183865
6 8.060510e-008 74.473009 191.778192
6 4.513030e-008 271.370100 288.107611
6 1.766930e-006 176.651674 127.035006
6 9.247650e-007 95.214296 87.844642
6 9.159870e-008 210.895263 208.966585
8 1.029480e-006 395.479754 396.928637
8 3.219250e-008 286.730393 273.431144
6 1.380620e-007 160.905268 205.329229
8 3.233570e-007 355.804211 373.403946
4 2.311540e-008 446.285028 594.757024
2 1.297930e-007 439.854869 576.082528
5 6.178440e-008 437.070914 567.997353
8 9.714150e-008 447.509346 497.828129
2 1.336180e-007 471.228000 765.164859
5 1.055840e-007 471.228000 756.959344
8 8.049250e-009 541.237685 627.210041
2 9.437980e-008 512.714880 558.838227
5 9.171760e-008 508.812373 552.034011
8 2.769350e-008 458.803350 320.903954
8 2.546110e-007 429.925831 412.941109
4 1.986300e-008 481.267558 469.726860
2 1.308460e-007 583.035015 565.798706
11 1.916720e-008 724.139996 627.660876
9 6.171210e-008 727.134938 795.285424
9 2.535390e-008 848.040681 785.860532
11 6.437930e-008 825.216767 761.251976
2 2.202590e-007 579.118043 687.760503
5 1.489760e-007 450.195352 611.446939
8 3.493540e-008 361.127892 580.778551
7 2.970250e-007 290.202707 571.616096
4 1.233330e-006 281.931790 570.892472
2 2.263720e-007 410.907017 574.664403
5 1.688320e-007 470.505201 638.575362
8 2.582420e-008 526.456592 308.106230
8 6.842260e-009 424.935159 245.119470
8 3.929570e-008 479.996742 512.914829
2 5.328540e-008 550.749056 516.622723
11 2.231710e-007 851.797139 651.150677
2 8.055600e-008 506.953075 569.891002
5 4.924270e-008 430.757983 590.185222
8 1.158410e-008 378.893597 659.011328
4 1.041170e-007 330.062710 723.811862
7 3.139690e-008 332.895909 783.951723
3 8.441230e-008 378.332801 840.061667
5 5.074820e-008 306.036507 800.285250
2 4.302990e-008 304.644815 799.075467
3 7.755400e-008 266.885645 686.425201
4 7.108730e-008 263.302143 682.582364
7 2.154070e-007 258.179746 677.089262
5 3.109170e-008 247.067760 665.173109
3 9.631020e-007 130.343399 808.379225
7 9.844270e-008 237.933782 737.926679
4 5.151860e-008 308.633072 760.898264
5 1.307520e-007 315.632624 763.172556
3 1.590930e-007 239.355857 725.505939
7 2.965110e-007 205.472903 696.051941
5 2.761690e-008 205.300607 695.902167
4 5.125760e-008 165.131327 654.420415
2 8.348640e-009 364.114184 679.923581
8 4.217770e-008 415.865960 537.363041
4 6.744930e-007 291.984087 600.484110
5 5.650090e-008 285.426462 603.825392
7 1.068610e-007 355.773977 574.151031
2 1.232790e-007 456.078068 531.574470
4 2.923010e-008 456.372724 548.694417
5 2.197540e-008 462.712218 544.255449
8 5.483720e-008 476.980298 534.264817
2 8.363530e-007 531.372425 701.354465
5 2.357620e-008 605.417662 716.011379
2 3.402090e-008 674.164586 654.111248
11 4.772250e-008 813.035993 468.524049
9 6.022020e-008 792.744096 821.716467
2 4.596990e-008 639.608203 816.427362
9 7.464130e-008 539.323321 957.653482
9 5.307090e-008 764.760067 827.072781
11 4.371850e-008 740.201517 698.609085
2 1.031730e-007 649.510091 688.961144
9 7.517300e-008 746.933159 770.708651
11 8.568830e-008 871.505550 473.963199
5 1.013080e-007 502.181092 615.419767
2 5.077360e-007 505.420067 621.511435
9 1.897430e-007 711.731836 825.971994
9 5.452250e-006 691.619021 871.721363
5 2.188910e-008 561.429411 740.435768
2 1.572460e-007 577.293071 700.293142
9 1.942660e-007 663.165886 773.616513
11 3.491160e-008 710.912499 606.217065
2 1.285560e-007 589.859283 736.308548
9 1.244030e-007 736.460148 775.590267
11 8.625130e-008 775.162011 626.589370
9 9.122810e-008 781.790205 869.607623
2 1.044320e-007 538.506633 729.540959
5 1.034350e-007 562.598098 677.876509
2 3.044420e-007 543.147370 554.882493
5 1.201460e-008 541.897127 483.255985
8 1.552030e-008 540.133100 382.194798
2 5.151780e-008 568.953275 802.503222
9 1.576350e-007 629.865947 827.735922
11 1.079550e-007 885.892189 764.945246
11 8.760730e-008 765.777313 544.146238
2 5.063890e-007 509.082293 667.944231
5 3.190150e-007 487.317388 674.815982
11 3.218320e-008 856.306865 662.801869
11 7.380960e-008 767.507319 573.318681
11 6.441670e-008 729.320170 584.438509
2 2.822610e-008 452.704710 452.351481
8 7.310570e-008 507.987530 403.386094
2 3.214150e-007 566.679347 634.887231
5 3.401430e-008 592.057410 761.252000
9 3.876480e-007 753.102260 830.601801
11 5.593700e-008 779.347972 621.871226
11 3.540870e-007 837.146770 585.742382
2 1.180920e-008 640.069695 715.096242
9 2.355300e-007 623.872134 798.424442
5 1.246600e-007 506.537523 660.199749
2 1.490220e-008 587.017920 850.244299
9 7.350810e-007 672.262043 830.564202
2 5.864670e-008 596.209730 572.574246
11 5.697020e-008 915.706684 427.268117
11 2.011000e-007 873.156827 623.484544
9 7.442620e-008 813.058131 799.452983
9 8.550780e-008 567.918328 808.676380
2 2.924730e-007 509.963909 752.710340
5 8.220790e-007 454.745276 695.668483
8 8.499470e-008 474.092731 421.571265
8 2.386190e-006 400.329043 423.952008
4 7.288570e-008 367.945147 487.509127
2 3.595270e-008 450.426046 475.820056
5 1.078020e-008 522.223531 437.644543
11 4.727350e-008 724.303986 690.438620
9 6.782820e-008 677.594652 771.341707
11 1.338850e-008 843.517590 497.971823
11 4.791030e-007 848.129436 555.304153
11 1.885550e-007 815.367881 597.513485
2 1.135340e-007 547.976666 582.550875
5 5.542160e-008 484.003169 539.546340
8 8.738460e-008 472.531896 467.119186
2 1.359600e-007 521.674594 601.252517
5 7.624040e-009 605.510978 645.829518
9 4.556470e-007 663.297284 836.827919
2 7.803280e-008 557.695249 607.678530
5 1.853060e-007 471.255475 646.824937
9 2.640610e-006 668.571116 885.654921
11 7.280720e-008 893.181551 745.727353
9 2.051940e-007 699.414662 768.758118
9 9.304230e-008 759.049407 828.193120
11 1.482640e-007 875.883892 691.046650
2 5.679730e-008 656.759297 625.827297
9 2.309090e-007 764.248962 852.908149
9 8.621400e-008 590.658226 901.473398
2 2.397960e-007 474.717126 761.994352
5 4.058600e-007 469.621690 689.129286
9 4.859560e-008 599.305966 773.484880
2 1.907190e-007 596.745667 780.519220
9 1.195630e-007 607.408915 771.779744
2 2.099790e-007 567.862925 698.425385
5 4.684520e-008 538.487900 560.226610
11 8.912590e-007 884.433360 620.876202
9 2.646950e-007 745.631650 850.572680
2 1.318720e-007 582.078727 659.987613
5 3.940920e-008 530.283682 756.372093
9 7.352500e-008 594.090928 946.536280
9 2.200560e-007 583.891811 934.052699
2 3.078660e-008 547.303847 873.701419
5 1.791010e-008 552.657880 880.806458
9 1.354000e-007 612.807000 871.241930
11 1.790530e-007 834.040853 694.157910
9 3.069980e-007 676.907957 801.547454
2 9.586560e-008 579.781949 574.329442
8 7.983860e-008 501.889193 494.075100
5 8.576570e-008 516.534234 616.056209
2 7.062370e-008 612.737185 723.183613
9 3.161530e-007 630.919697 850.968535
5 1.225650e-007 403.963707 596.734824
2 1.740450e-007 438.771278 582.502577
4 1.567670e-008 449.190621 578.710205
8 3.993840e-008 466.704071 572.335761
8 3.962010e-008 486.924747 362.944124
8 1.156580e-007 352.054592 360.967659
2 1.152900e-007 372.606733 599.437184
5 2.158320e-008 366.479256 605.151178
4 1.068450e-007 364.412999 607.078003
7 1.261590e-007 318.220476 650.153445
3 2.396270e-006 175.527068 744.029217
3 2.016150e-007 239.296274 763.591395
7 6.449830e-008 306.027839 791.917088
2 7.135050e-008 386.740498 826.177365
5 3.568510e-008 394.373218 829.417243
3 1.057380e-008 353.543107 725.101086
4 4.010050e-008 318.401510 720.202529
7 1.962940e-007 236.405790 736.140514
2 3.008140e-008 229.420175 737.498349
5 6.084140e-008 221.195842 739.096960
3 2.488820e-007 265.141074 729.752155
4 8.667180e-008 222.680896 690.957919
7 6.188280e-008 148.109553 755.781981
3 5.570960e-008 197.581079 904.281804
7 9.554150e-008 295.633722 719.614748
4 4.793610e-008 359.164038 703.775079
5 2.556160e-007 364.131262 694.409716
2 1.636070e-007 366.840011 616.833565
8 3.996290e-008 370.028645 525.513915
8 1.744850e-007 386.148681 341.556090
4 9.222630e-008 356.680770 530.595252
8 4.179600e-007 414.776895 429.969618
8 3.152190e-007 357.017077 390.089803
6 1.865400e-007 245.217700 80.723265
6 9.518350e-009 223.866627 332.702513
8 1.563300e-008 293.133400 314.142661
8 2.562600e-008 444.236091 244.584069
8 5.138650e-008 481.539669 374.522305
2 2.233720e-007 472.850125 596.075041
5 8.012970e-008 531.731777 668.787897
9 2.611750e-008 537.925817 689.469817
8 9.416400e-009 399.969913 580.068982
4 2.656620e-007 323.147298 559.484228
7 1.627300e-007 245.820121 538.764275
4 3.322460e-007 330.276135 561.488402
8 3.629030e-008 396.070948 536.232201
7 6.130530e-008 404.259064 533.089086
2 2.356660e-007 422.035723 564.133346
5 1.252510e-007 420.203981 572.750946
2 1.810880e-007 387.279062 745.570085
5 2.399790e-007 379.890987 749.334497
3 1.642160e-007 265.049035 807.849382
7 3.244380e-008 293.591516 803.284379
4 1.533700e-007 383.754623 601.208518
2 1.018220e-007 373.740983 549.693833
5 2.673930e-008 366.414169 546.681919
8 5.653090e-008 313.038454 529.338996
7 1.986980e-007 230.043281 516.220120
4 3.786730e-008 404.026217 711.753408
2 5.000620e-007 428.349404 775.117214
5 1.193820e-007 431.475724 783.261521
3 1.501860e-007 259.056776 758.081514
7 1.020470e-007 331.694172 701.331185
4 4.268940e-008 444.762413 565.930227
8 6.491640e-008 483.673974 489.561515
2 9.280280e-008 483.927054 489.064815
5 3.547280e-008 488.005181 481.060990
7 1.027570e-008 426.752733 539.466953
8 3.924790e-008 534.980421 313.369636
8 5.511110e-008 516.180937 442.049571
2 3.080140e-008 543.000609 589.710937
5 5.953220e-008 573.763725 679.053094
2 2.903430e-007 582.556672 714.592043
5 7.482490e-009 646.519853 677.662943
4 2.553780e-008 401.804299 504.004050
8 1.930590e-007 396.073170 497.411153
2 2.554020e-008 389.175628 493.238147
7 3.859330e-008 410.588663 645.599729
5 5.437370e-007 411.342837 650.965956
8 3.812580e-008 578.908361 398.729829
8 7.527670e-008 386.143872 309.857955
8 9.460460e-008 372.546571 312.567003
8 8.790790e-008 465.056902 436.602952
2 4.583060e-008 659.122264 637.744830
9 7.018030e-008 622.921400 776.538219
2 4.139800e-007 553.499574 637.510330
5 5.385490e-008 584.393676 675.451388
9 5.500170e-008 754.309716 703.600786
11 2.036090e-007 808.332383 645.668632
2 6.412170e-007 498.743121 614.611155
5 7.268760e-008 501.966737 613.686796
11 1.479950e-007 834.812335 549.242474
8 2.615400e-008 493.420466 433.351595
4 1.234100e-008 447.044809 500.994714
2 1.043420e-006 500.975435 647.541884
5 1.101530e-007 499.549886 650.464682
2 2.225910e-007 493.975072 780.727105
5 3.818320e-008 494.441791 784.047993
9 8.203180e-008 790.853014 842.983954
11 1.298520e-007 877.488707 698.088207
9 2.940470e-008 701.708487 703.800691
2 1.513330e-007 508.888157 576.145770
8 5.292400e-008 409.478674 556.571767
5 6.938380e-008 345.755814 544.185203
4 2.052530e-007 327.985737 540.731024
7 2.854760e-008 342.204629 580.247131
2 3.044310e-008 355.905860 869.970293
3 3.558580e-008 156.156019 940.850635
3 2.470440e-007 163.733905 849.657393
5 3.006210e-008 308.535217 676.069662
4 5.636720e-008 309.790765 673.377137
7 1.535360e-007 312.965005 666.569973
2 5.118050e-008 289.545349 683.329177
3 1.143480e-007 111.188952 867.248426
7 2.694050e-008 213.540554 792.286599
3 1.539110e-007 215.908761 794.345252
3 2.220030e-007 78.786089 853.913299
5 7.732090e-008 326.644271 842.917555
3 1.948200e-007 202.731427 902.594581
5 7.844950e-008 353.834116 725.338447
2 8.631640e-008 346.324567 664.178230
7 9.942470e-008 290.883443 702.397765
4 1.090630e-007 288.482722 704.559387
3 7.667110e-007 195.896963 816.952587
7 1.483190e-007 283.940904 689.796452
4 1.279270e-007 285.896464 687.465913
5 4.155430e-008 297.174032 674.025869
3 1.999180e-008 331.972881 633.054360
2 2.595300e-008 341.486207 631.547588
8 1.169570e-006 399.684272 414.645430
8 4.246380e-008 375.302888 266.208330
6 5.980840e-007 186.847628 132.518128
6 1.935040e-008 282.956652 337.645914
8 1.397020e-008 257.535090 271.420756
6 2.603180e-006 190.185685 103.293578
6 1.621070e-007 67.507667 137.454242
6 9.216690e-007 142.662592 123.501259
8 1.190050e-008 172.691463 310.198059
6 8.291690e-008 31.745962 116.392688
6 3.085750e-007 86.023624 89.793877
6 8.280140e-005 158.588946 99.403951
6 1.106000e-007 117.917974 163.158026
8 1.931350e-008 216.608468 308.068495
6 6.410730e-008 91.195940 153.656716
6 1.442250e-007 87.522348 175.638952
6 5.725860e-008 242.651386 115.160760
6 3.544510e-007 109.061564 199.794400
6 1.139040e-007 149.668527 196.841387
6 2.056110e-007 246.919954 162.663180
8 9.066830e-008 385.087049 337.991019
8 6.891550e-008 488.776010 372.738309
10 1.878920e-008 715.424508 100.459453
8 4.099270e-008 527.168908 447.914601
8 3.642670e-007 414.922959 390.703096
6 3.344790e-008 286.736889 143.778383
6 1.048610e-006 129.878779 79.321114
6 1.560430e-007 249.125528 115.329284
6 1.301580e-007 237.917126 103.840681
6 1.536600e-007 86.549556 152.052772
6 2.768960e-008 101.335695 234.529168
8 1.891730e-008 296.608065 272.263263
6 8.184130e-007 113.944092 84.657548
6 1.281340e-007 64.614688 155.309803
8 2.401620e-008 279.966993 239.718750
6 4.638270e-008 193.594496 175.534934
6 2.040530e-007 182.734561 152.370450
8 4.401980e-008 359.113212 323.456580
10 9.337370e-008 765.459761 35.407715
8 1.275100e-007 443.207801 487.551752
2 3.009620e-007 414.303625 641.649960
4 3.507630e-008 414.144289 642.655961
5 3.541850e-007 413.789615 644.895276
3 2.794410e-008 345.781444 868.162029
3 1.329300e-007 55.932923 901.321683
2 9.319600e-008 364.932908 766.944885
5 1.314270e-007 363.582688 769.977514
3 3.095280e-008 326.806912 852.576820
7 7.616930e-008 278.482219 743.046499
5 1.979610e-007 320.298238 726.151718
3 2.361600e-007 259.276375 734.131975
4 5.360450e-008 223.076118 739.865479
2 2.229280e-007 385.629586 730.025998
5 2.391410e-006 431.497961 671.316798
8 6.680980e-008 340.192677 541.754913
7 3.390540e-008 333.665076 535.451285
4 2.484940e-007 327.597501 529.591899
8 1.527770e-008 161.151383 438.075181
4 4.177450e-008 144.702903 441.571438
7 1.360960e-008 98.462992 451.877531
4 4.995260e-008 143.471924 474.537404
7 6.103510e-008 261.476316 530.262008
8 2.641860e-008 204.835050 481.024288
4 3.342900e-007 255.807985 525.007000
2 1.306680e-007 459.214071 495.758325
5 4.023360e-008 458.530930 492.544364
8 1.013050e-007 457.204622 486.304503
11 5.151790e-008 686.540941 720.363276
9 1.454550e-007 660.721912 804.813340
2 1.385790e-007 510.554444 737.558329
5 6.458530e-008 507.795040 735.478984
9 2.937180e-007 684.544348 796.841694
11 9.568320e-008 759.468888 664.029443
9 3.203600e-008 702.784370 756.076609
2 2.204310e-007 555.037810 670.774911
5 7.613410e-009 507.952168 620.427218
8 2.246280e-008 422.016619 518.013514
4 2.081790e-008 477.294075 549.951705
2 1.842640e-008 639.510808 778.276264
9 1.347570e-006 725.958342 852.969661
5 7.970390e-008 501.640154 776.773227
2 2.900270e-007 463.997307 765.884705
9 2.587020e-007 649.268951 944.845083
2 1.395470e-008 711.980774 658.131434
11 8.117050e-008 822.904808 690.784006
9 3.104970e-007 798.505137 867.925682
11 9.616410e-008 843.811352 684.431435
9 1.382600e-007 797.189418 858.099514
11 1.320190e-007 778.031000 531.359255
9 1.000270e-007 730.987747 780.351096
11 2.148900e-008 917.153151 846.906068
9 9.930760e-007 752.433462 838.391012
11 1.363790e-007 871.388291 703.622519
5 1.574820e-008 546.191308 790.924837
2 5.006170e-008 546.505041 792.704110
9 2.661530e-007 574.359683 950.675960
2 1.669210e-007 639.375133 644.366049
5 1.196310e-007 503.926250 722.567476
9 6.192730e-007 653.344061 856.788288
2 5.455240e-008 612.704848 665.597379
11 3.632170e-008 831.630547 453.287263
2 2.540440e-008 623.127846 722.220926
9 5.455470e-008 718.428709 754.814953
11 8.572170e-008 820.288142 686.396705
11 3.471970e-008 821.509214 525.200864
11 2.528150e-008 753.726662 506.005001
8 1.336090e-008 552.636982 379.368841
8 5.194120e-008 446.986945 305.198638
5 4.681750e-008 362.868141 524.836955
2 6.629820e-008 350.136582 524.614722
4 2.026940e-007 273.361839 523.274598
7 1.659300e-007 190.645738 530.384020
8 1.837960e-008 162.474252 536.887867
3 1.004510e-007 231.804880 608.763551
5 8.020750e-008 356.120743 613.104738
4 1.836410e-007 358.944267 613.203337
2 3.673500e-007 415.785667 611.699688
8 1.852480e-008 325.371924 573.321339
7 2.493820e-007 274.157237 551.582000
7 5.168960e-008 125.610887 501.920546
4 9.327490e-008 208.266984 484.672262
8 1.591840e-008 285.439588 542.825812
5 1.173930e-007 425.678692 589.002213
2 1.479450e-007 503.765824 584.910163
9 2.143740e-007 681.874678 805.721235
11 9.852140e-008 801.815635 623.257175
9 8.773850e-007 693.173315 856.297009
2 1.354250e-007 640.550953 816.296072
9 2.458060e-007 678.981184 805.289244
9 1.937590e-007 838.672826 960.802759
9 4.476210e-008 882.620974 815.759123
11 1.095560e-007 804.408847 629.147729
9 3.007070e-007 659.727904 817.742638
9 3.685870e-008 786.242509 644.993479
11 1.195810e-007 761.493563 653.551599
2 1.544440e-007 571.888505 673.295967
5 2.276010e-008 530.819802 602.163019
8 1.410010e-007 489.936567 426.999992
2 3.910230e-008 441.327325 504.415863
8 6.039140e-008 552.309250 458.912307
8 1.292090e-006 401.289794 421.585614
6 2.964380e-008 242.468173 114.817627
6 1.195510e-007 112.048789 167.206434
6 2.032410e-007 104.277941 64.993511
6 3.515990e-008 76.510597 221.086729
6 1.238240e-007 240.713000 185.931330
6 1.085330e-008 242.069335 37.479990
6 5.950230e-007 194.597571 70.116151
6 1.434540e-007 180.197297 224.688822
6 1.751180e-007 180.844638 190.008811
8 3.768780e-008 344.934502 310.677316
6 5.320930e-007 136.812959 162.567757
6 6.808050e-007 87.268436 114.006195
6 3.175990e-007 199.222541 108.323430
8 2.026920e-008 246.355749 305.072497
6 5.949060e-008 130.005945 233.830399
6 6.835520e-007 138.835550 133.952938
6 4.115070e-008 114.516144 228.449370
8 1.676080e-008 212.899955 258.414921
6 1.515890e-007 221.418336 23.919151
6 2.790610e-007 123.230003 162.027599
6 1.946240e-008 255.907834 219.850139
6 4.127310e-007 60.577588 127.672964
6 3.408780e-008 87.643089 246.566945
6 1.684790e-007 251.813449 76.736124
8 9.216850e-007 405.969749 412.141867
8 3.660780e-008 505.845974 285.670103
8 9.741060e-008 420.022337 348.758974
8 9.615390e-008 455.486036 366.367942
