9 2.105720e-007 728.031586 578.296322
10 2.302630e-008 677.630827 539.189140
9 1.902400e-007 653.568717 499.752812
6 1.602490e-007 765.099060 369.450512
3 7.122600e-008 761.924232 365.237350
10 1.497510e-007 791.491107 358.061021
6 2.468070e-008 661.100765 407.062913
3 6.172850e-007 782.712181 276.651966
10 5.851160e-008 680.584260 458.553979
9 3.007270e-007 661.359566 541.826161
4 2.916460e-008 525.179733 560.377744
11 3.729240e-008 699.656227 92.348350
9 5.948710e-007 653.852000 508.706251
6 6.713220e-008 707.066329 291.184251
3 1.396040e-007 711.086512 287.928799
10 2.052100e-007 829.880950 417.705925
9 1.652690e-007 705.722628 527.430746
10 1.501810e-006 852.535565 507.164604
9 1.007820e-007 733.452879 627.352167
10 1.789920e-006 852.811643 485.672866
9 4.471900e-008 801.259804 613.461845
10 1.559070e-007 725.803902 526.282381
9 1.098670e-007 744.894231 679.145344
4 2.152290e-008 653.694923 855.200803
9 2.107960e-007 630.071331 668.520352
4 9.515300e-008 545.894002 637.882215
4 1.463180e-008 513.314427 580.351753
9 1.181930e-006 591.775588 586.593476
10 2.035250e-007 757.265124 553.313019
9 6.126450e-008 446.194782 535.739541
4 1.949900e-008 424.598026 508.378445
9 2.984550e-007 626.789742 524.620739
4 1.434510e-007 453.948985 639.201626
2 5.636720e-008 331.676650 520.003600
2 9.338560e-008 171.190297 311.903261
8 8.986240e-008 173.616404 311.945604
8 7.190900e-008 70.689755 247.991486
8 4.702030e-009 76.555012 151.683926
8 1.043360e-007 176.908608 252.415056
8 4.256980e-007 170.478373 349.610411
2 1.282410e-007 151.227949 299.253023
8 3.198590e-007 158.508779 290.563433
2 8.786600e-008 161.329322 290.810201
2 2.360870e-008 170.762877 588.384952
8 3.489310e-008 233.567642 470.266333
2 7.868420e-008 196.649347 548.315620
8 1.455090e-007 106.681853 470.108284
4 4.294360e-008 331.822249 637.106514
5 6.378050e-008 296.901007 802.089086
7 6.405130e-008 105.428233 830.349672
5 1.057070e-008 278.988932 809.039724
2 2.160830e-008 272.055940 660.829365
4 9.865530e-008 381.136228 750.268987
5 1.249780e-007 390.272353 897.016448
7 5.771290e-007 111.507574 927.593779
7 6.321180e-008 176.548749 850.524011
5 3.773830e-008 186.232217 842.398614
5 8.183640e-008 356.456593 830.371669
4 5.255370e-008 375.581839 777.824861
7 1.457740e-007 178.164608 898.818822
5 3.272140e-007 265.947719 916.320276
7 7.678760e-008 155.867103 904.421198
5 1.607530e-007 217.789516 882.144032
4 8.790130e-008 363.011376 767.989355
5 9.087060e-008 244.081427 825.360400
7 6.516820e-008 173.065317 935.380770
5 5.581690e-008 186.532643 869.082480
7 6.026950e-008 37.841523 796.764014
2 7.073680e-008 68.954486 647.093268
5 1.151520e-008 154.935812 727.028161
7 9.972220e-008 251.032469 960.463680
5 2.474030e-007 250.339844 958.831947
4 9.382330e-008 400.373838 716.568578
5 2.144360e-008 399.883291 695.378074
8 9.834240e-007 148.834608 412.228784
2 1.553710e-006 142.086319 408.790367
8 3.481440e-008 191.085358 577.999276
2 8.840750e-008 189.728651 585.693526
4 3.807490e-008 585.923477 631.871672
9 9.136590e-007 586.082471 629.597987
9 2.089970e-007 613.062087 520.071402
10 6.896640e-008 822.683155 665.714343
9 1.211270e-007 722.029614 629.188562
9 3.117000e-008 805.881330 566.187136
10 5.935190e-008 817.946773 578.252499
10 2.751360e-007 887.423872 559.909328
6 3.858340e-008 754.594293 499.783873
9 1.868960e-007 666.743248 542.844763
4 1.628220e-007 553.149648 671.886281
9 4.539020e-007 679.908256 588.773064
4 1.499830e-007 544.790646 693.377186
9 1.207610e-006 640.553321 589.910449
4 1.671050e-007 479.795741 633.821314
9 1.173160e-007 616.761137 750.102313
9 1.853140e-007 599.990459 737.977787
4 2.231840e-007 582.854047 745.968592
2 1.498300e-007 217.551812 498.280340
8 1.477900e-007 156.340176 458.529126
4 3.844020e-008 436.235601 607.310201
9 1.840460e-008 422.231080 590.007858
4 4.909120e-008 411.910282 562.603668
5 5.847870e-007 320.673822 883.403080
4 2.180350e-008 343.123353 703.993262
5 2.038820e-008 183.058203 806.546979
7 5.235930e-008 72.921227 782.178073
4 2.495180e-008 410.153937 541.685072
9 4.158300e-007 553.023712 622.904711
9 1.148960e-007 685.320493 722.264523
4 1.071230e-008 696.814320 612.492103
10 5.045580e-008 802.836749 570.458883
9 2.580980e-008 728.807170 807.680029
10 2.346330e-008 802.856187 676.012836
9 4.608070e-008 796.773537 688.484165
5 6.407550e-008 472.025438 870.976359
4 8.736630e-008 476.540552 869.681657
5 7.058890e-008 450.983810 929.480921
4 3.505810e-008 451.747282 931.091710
9 4.001450e-007 587.220740 665.812532
4 8.394880e-008 599.762262 765.840422
9 4.484330e-007 546.457708 619.736237
10 2.195520e-007 797.728284 489.864564
9 1.021140e-007 676.506183 753.943067
4 2.620030e-008 681.812290 780.566892
9 1.319550e-006 632.143692 646.180527
4 2.302830e-008 653.887609 675.774727
9 1.927050e-007 702.003784 694.310633
4 4.091260e-008 629.925743 727.921343
3 6.335190e-009 602.171210 147.579974
8 6.579410e-007 177.406959 350.763869
2 2.990310e-007 169.515488 350.626136
8 1.261420e-007 238.696818 337.418590
2 9.477000e-008 166.296435 338.682067
8 6.454170e-008 189.506165 241.113508
2 2.578450e-008 160.789032 280.497854
8 1.614130e-008 101.949444 157.100099
8 1.579290e-007 24.901684 343.989592
2 1.483030e-007 92.083678 293.364351
8 2.316400e-008 240.707707 236.095315
2 1.913970e-007 102.223272 337.854914
8 4.267000e-007 103.436417 335.666354
8 2.683350e-008 244.449130 155.455846
8 8.535670e-008 205.317868 276.470223
2 2.655890e-008 317.679966 355.565468
9 1.453600e-007 548.946976 630.584546
4 1.182400e-007 551.842986 638.541283
9 4.300030e-007 716.895807 586.073379
10 8.037290e-008 814.824223 416.226410
6 1.387420e-007 871.538096 369.433359
3 1.184460e-007 868.281619 365.687211
10 1.060110e-007 753.170490 440.267334
6 2.164380e-008 675.659762 478.071999
9 9.695170e-008 709.738218 521.457389
4 1.157280e-007 553.976391 755.915594
9 8.724000e-008 522.319491 715.437588
3 4.991780e-008 710.404179 297.757856
6 3.817920e-008 739.347089 222.358945
10 6.396980e-008 757.793909 301.543646
3 9.948970e-007 786.935289 280.751837
6 3.519280e-007 805.126215 366.333477
9 8.374790e-008 648.076804 497.906110
4 2.518320e-008 665.290360 585.296630
9 8.797400e-008 751.912322 577.718009
10 1.082140e-007 691.132164 575.559314
9 5.003980e-007 595.795958 548.911045
4 1.498100e-008 644.351679 490.644983
3 7.967300e-007 790.555050 291.393141
6 3.750560e-007 790.623484 291.287761
10 7.598380e-008 770.384536 391.385587
3 2.118000e-007 743.241708 289.725206
6 4.056280e-008 743.213730 289.846393
10 6.145980e-008 785.934051 399.395792
6 9.346040e-008 745.029798 367.565852
3 2.284080e-007 733.707108 287.001820
6 8.476850e-008 744.029176 254.420497
3 5.411580e-006 829.653052 271.063848
10 7.457330e-008 884.100927 269.904499
6 1.184200e-007 820.159092 387.524411
3 1.166100e-008 750.626159 434.425133
10 7.187770e-008 658.124238 491.370613
9 6.067980e-008 649.946270 424.764848
6 1.065320e-007 810.898162 205.081222
3 1.325170e-005 815.861000 280.153014
10 1.097670e-007 804.334584 375.192155
6 1.101360e-007 849.547072 349.591009
3 1.277940e-007 811.174579 344.559415
6 1.572050e-007 744.490950 366.038687
10 2.518470e-008 701.898827 382.388259
3 3.078380e-008 704.886634 376.223205
6 2.484110e-008 646.731881 478.763428
9 3.631410e-007 642.463187 498.846343
4 1.966390e-008 449.164713 597.945761
2 7.248980e-008 198.023723 553.943181
8 2.271380e-007 86.838533 450.261303
2 4.273710e-008 316.368049 486.136442
8 1.093670e-007 180.769339 487.171939
2 1.097490e-007 117.184720 561.269354
8 1.231530e-007 173.386409 414.858591
2 2.575680e-007 231.721843 467.902745
8 8.155080e-008 77.146742 509.320942
2 2.834830e-007 76.760497 540.169065
8 4.114400e-008 149.822218 490.696703
2 2.442910e-007 74.281010 544.787675
4 6.108240e-008 477.562787 612.789136
9 4.423670e-008 451.078424 564.101696
9 1.509730e-007 735.805733 567.076922
10 1.073840e-007 713.891064 503.431921
3 3.345400e-007 806.910777 322.233123
6 3.356330e-007 807.022764 322.163146
10 6.772550e-008 803.382003 305.653269
3 1.365060e-007 760.055393 351.852475
6 1.047530e-007 759.961067 351.937406
10 1.256080e-007 860.579039 374.001447
3 2.734990e-008 826.166262 384.522463
6 9.322960e-008 826.044890 384.559570
3 4.329260e-008 729.696788 334.098306
6 4.710320e-008 729.804335 334.155490
10 6.277000e-008 784.553865 421.390217
9 1.531540e-007 710.651343 579.580262
10 2.911480e-007 817.548587 457.316913
3 1.505630e-008 737.602794 481.758771
6 1.886550e-008 737.480192 481.796254
9 2.685060e-007 558.494707 530.668079
9 4.984490e-008 449.864585 463.287376
4 8.388560e-008 516.657832 629.314563
9 1.396820e-007 530.732976 637.307078
5 1.272530e-007 337.352607 825.291499
4 3.165210e-008 314.418690 835.985806
5 1.248730e-008 200.197329 759.435618
4 1.229950e-008 372.858124 794.037428
5 2.054290e-007 365.264118 870.334210
7 1.674110e-007 128.172380 850.059152
5 1.564880e-007 319.426937 858.508256
4 1.300780e-007 412.328767 717.521476
7 2.417220e-008 210.676882 837.987006
5 7.045780e-008 291.566877 816.312607
4 2.060990e-008 294.738014 761.427259
7 3.763050e-009 15.609071 832.977007
5 6.682360e-007 286.454970 953.349776
7 2.410420e-007 113.104851 894.846306
4 1.776000e-007 389.894357 760.341306
5 1.996880e-007 356.803256 838.298607
7 3.299910e-008 97.469402 813.030962
5 1.144510e-008 167.789656 767.801550
5 1.218910e-007 339.725053 848.311528
2 1.348170e-008 150.947430 686.457935
7 6.388220e-007 57.330489 938.217866
7 1.274840e-007 198.187227 891.277331
5 2.740110e-008 261.546078 860.511454
4 4.905270e-008 316.632152 685.739363
