8 1.021110e-008 737.343177 570.201913
2 5.761000e-007 672.420707 237.388967
2 5.927310e-008 762.744669 314.663677
4 1.335000e-007 452.973588 434.306559
5 4.321250e-008 450.712025 423.666776
2 6.191210e-007 607.610789 170.885811
2 8.475770e-008 568.679110 326.317897
2 1.000590e-007 779.667368 232.393588
8 5.128620e-008 819.265653 620.330833
8 7.936280e-008 919.419564 655.674579
8 2.695480e-007 906.180844 518.990906
8 1.790410e-007 810.776875 610.997246
11 1.204290e-007 645.643301 837.116604
7 3.789910e-008 720.108957 964.207887
9 7.054680e-007 790.052988 949.340778
11 1.015540e-007 685.094120 838.287329
5 5.574350e-008 482.619008 496.061813
4 1.382470e-007 516.534799 412.116425
8 2.812590e-008 774.147131 560.829412
5 5.148560e-008 422.804818 515.570670
4 5.104210e-007 443.634034 432.028519
2 4.211100e-008 557.904524 186.094942
4 1.681620e-008 587.471270 436.309834
4 2.814370e-007 433.428779 474.722474
5 2.205450e-007 368.713133 512.086068
6 8.868540e-008 338.681705 513.696207
4 3.426110e-008 514.565751 244.486945
3 6.869320e-009 423.239644 206.739386
2 3.875900e-008 459.075955 184.942580
4 7.841340e-008 403.771466 258.334520
4 4.146610e-008 202.675518 309.855824
6 4.173080e-008 276.360385 313.738803
3 1.423350e-007 256.292535 208.343564
3 4.644630e-008 81.206525 123.387975
3 1.527580e-007 166.241674 205.573344
3 2.997820e-008 148.438393 97.426375
3 7.437590e-008 69.756489 173.860435
6 2.122870e-008 160.912950 323.224172
3 1.156980e-007 215.244158 34.833632
3 5.281850e-008 118.259014 134.351701
4 1.230010e-007 337.162549 341.407178
5 1.379900e-007 348.183292 499.009306
6 7.558410e-008 349.333595 515.459208
4 3.868400e-008 178.245824 409.285786
5 1.646090e-008 105.900309 397.827262
6 7.414340e-008 89.776197 395.273427
6 1.301380e-006 162.787390 455.363238
5 2.013100e-007 224.957365 477.991287
4 4.670180e-008 285.564540 527.886358
10 1.447050e-007 252.514110 801.736305
5 2.210640e-008 275.592763 724.898570
10 2.081800e-008 84.810078 727.753905
5 4.007620e-008 182.249172 637.427282
6 2.740120e-008 134.075694 666.751476
10 4.804090e-008 90.052697 832.237495
10 2.368070e-007 251.605166 810.587499
6 5.235830e-008 256.787532 657.584004
5 2.798630e-008 260.978344 658.474778
10 5.120340e-008 392.761404 816.198966
10 1.496190e-008 109.406573 800.779454
10 3.541910e-007 192.221097 849.667737
10 6.482770e-008 190.819673 808.772427
10 1.398390e-007 190.088586 1001.172769
10 2.922530e-006 197.734795 895.167734
10 7.220070e-008 251.709576 804.402315
10 2.119710e-008 128.092324 923.330154
10 8.698850e-008 152.134665 818.980633
6 8.276470e-008 227.018350 622.907933
5 2.077610e-008 222.334445 623.153402
10 5.815190e-008 187.107975 737.481603
10 3.377060e-008 257.272470 975.164295
5 1.183730e-007 341.225822 563.630378
6 5.331040e-008 319.130526 517.208101
4 1.377380e-007 338.236210 572.694918
5 1.382990e-007 218.835472 447.895925
6 2.074670e-007 151.550545 413.612620
4 4.290870e-008 213.282461 452.113624
5 4.730990e-008 207.838985 482.985020
6 6.415700e-007 194.311670 559.702009
2 1.164150e-007 596.102529 253.224540
8 6.256710e-008 826.959329 662.725298
8 5.778840e-008 777.939633 673.486994
8 2.808220e-008 859.986932 745.203061
7 1.499270e-008 828.899173 745.397541
8 2.210820e-008 834.047004 472.425785
5 1.356730e-008 473.927631 586.027801
4 5.585220e-008 474.490627 590.613181
5 1.110670e-007 367.318835 552.940945
4 4.106510e-008 283.401307 538.143780
6 2.145010e-007 222.327009 501.381383
5 2.591030e-007 340.101339 583.340961
4 2.181500e-008 443.752064 602.433009
6 6.000880e-008 326.065423 579.457521
5 3.054680e-008 419.513867 514.597004
4 1.114240e-007 419.620839 567.404481
10 7.019270e-008 324.060626 876.756083
10 5.597660e-008 320.112033 723.112093
5 2.097290e-008 326.294262 705.235778
10 2.960180e-007 187.530608 828.307619
6 4.324820e-008 124.867646 722.241819
10 3.048040e-008 104.507582 699.892856
5 4.524800e-008 304.148269 649.405191
4 1.825110e-007 454.025043 491.528755
8 3.176700e-008 779.910887 656.759731
7 3.116840e-008 716.822922 739.014544
8 6.324890e-008 797.973913 563.765719
9 3.158760e-007 840.630500 904.891131
7 3.399750e-007 834.945229 907.664022
11 6.736330e-007 679.164998 961.451854
9 7.436670e-008 851.183790 854.820193
7 2.275030e-007 846.517981 849.988593
8 1.756740e-007 832.719159 643.957419
9 4.456370e-008 687.079699 896.746815
11 1.329180e-007 686.148346 898.359965
11 7.263140e-008 584.289697 778.568575
8 1.177350e-007 802.511197 581.132478
9 6.624930e-008 691.900666 861.283661
11 1.087660e-007 732.313429 869.482451
7 1.033520e-007 808.521488 862.814984
9 5.641380e-008 898.181378 762.968526
7 1.490630e-007 915.022068 858.475272
11 1.485900e-007 751.446781 901.292579
9 4.482910e-007 902.316332 962.247945
7 7.050000e-007 843.114155 928.924587
4 2.356730e-007 493.767353 422.920486
2 4.588640e-008 509.426941 187.384162
4 1.320080e-008 424.710849 173.532449
2 3.374500e-005 680.731780 165.717193
4 2.762490e-007 407.298753 338.660710
5 4.343330e-008 165.725389 350.559986
6 1.401770e-007 164.992860 350.547201
3 1.035350e-007 248.612574 202.910319
4 2.171310e-007 400.901713 328.603504
2 3.009200e-008 554.857934 209.148828
2 1.290580e-007 552.105416 173.414997
4 2.005150e-007 367.207548 320.330860
5 2.690610e-007 375.217089 453.358725
4 6.278670e-007 387.952408 327.727951
2 1.800410e-007 588.220659 155.594306
4 2.176400e-007 399.474699 345.100926
2 9.035840e-008 525.074445 184.922643
4 3.852740e-008 467.994842 386.742703
6 8.150690e-008 161.956523 338.757804
3 7.346930e-008 143.064218 134.434582
4 4.433210e-008 282.334173 192.891007
3 8.771090e-008 234.550046 255.589966
6 4.258930e-008 158.424993 276.857567
4 2.682050e-008 156.343660 273.652607
3 8.964470e-007 262.081856 92.402014
3 3.334920e-007 242.974628 162.194554
4 8.507420e-009 226.917415 201.963206
3 1.222960e-007 212.579638 147.340468
3 2.381170e-007 199.195211 189.359849
4 1.115210e-007 238.498104 325.881297
5 5.822030e-009 341.562771 254.153472
3 7.256820e-008 369.335088 168.679118
4 1.854930e-008 515.647725 287.464787
2 3.944950e-007 652.133151 120.773873
2 1.569910e-007 569.885720 117.624839
3 3.143650e-007 342.886887 169.192134
4 3.681810e-007 333.576289 346.857662
6 6.314360e-008 312.762943 352.248882
5 1.796410e-008 358.453294 297.452526
4 7.020280e-008 389.366898 207.672666
3 5.556170e-008 418.174614 161.924894
2 8.767330e-008 578.685822 112.851665
4 4.732760e-008 414.609662 336.113677
11 6.762930e-008 684.612506 848.860862
9 4.278520e-008 761.393453 858.469467
7 2.110520e-007 761.209476 857.160388
8 3.200890e-008 821.156774 412.269388
2 8.686990e-008 759.223824 240.230638
8 3.702250e-008 783.613069 585.676166
11 5.677000e-008 637.298857 775.151901
2 1.025030e-007 711.564658 294.734700
2 6.444900e-008 787.664672 284.183313
4 1.686080e-007 447.987216 485.243674
5 2.224910e-008 515.118859 532.250026
8 3.952030e-008 755.245976 574.440220
4 2.246730e-007 435.486808 532.062657
5 6.890890e-008 435.952071 532.111556
2 5.674660e-008 837.190287 219.581109
2 4.650580e-008 724.176459 372.304949
2 8.582040e-008 738.806495 249.166161
2 3.504750e-007 745.420134 214.558092
2 1.250960e-007 634.729283 300.829531
2 2.324040e-007 765.338076 255.172628
2 8.481570e-008 790.960277 299.124780
2 5.342340e-008 667.197390 382.479396
5 1.477740e-007 324.589305 586.546424
4 5.667480e-008 239.408313 574.575073
6 9.095750e-007 176.611081 533.975567
5 6.617290e-008 223.220307 572.998102
6 5.676200e-008 303.348920 480.747811
4 5.135720e-008 234.784232 484.341136
5 1.274120e-007 277.883070 592.475623
6 1.262670e-007 119.321828 595.243276
6 1.163460e-005 188.779157 496.038912
5 1.769810e-007 228.023372 468.893745
4 2.682060e-008 160.419851 497.542555
6 3.562720e-007 125.563060 515.302952
5 3.950200e-008 73.246508 541.959529
6 1.087070e-007 81.589464 557.446352
5 6.774240e-007 260.481707 551.047316
4 5.697530e-008 340.978111 554.812394
5 2.953740e-008 486.486644 535.177507
8 3.486290e-008 729.793726 549.616735
2 3.769750e-008 838.551783 301.887797
2 9.021250e-008 752.226147 240.458064
2 1.104920e-007 672.717142 295.298918
8 2.068720e-007 798.523954 578.577699
4 1.015590e-007 473.361476 499.857257
5 1.848870e-008 481.891567 485.660723
4 1.908170e-007 433.121405 442.611375
5 3.616170e-008 379.420040 376.296049
5 1.426540e-007 381.127733 598.045259
10 1.755560e-007 292.035172 846.423457
10 3.890790e-008 167.492472 744.874524
5 4.121570e-008 291.008333 677.144750
10 3.099230e-008 316.716711 939.667111
5 1.742430e-008 294.298280 789.467713
10 1.286300e-007 296.531208 795.602643
10 2.374580e-008 181.869340 747.908449
6 1.679010e-007 116.984368 662.259144
10 4.383940e-008 233.456741 732.851137
10 1.305470e-007 288.919006 955.274917
10 7.908820e-008 163.853706 810.385740
5 4.399660e-008 415.445031 700.148034
10 3.559150e-008 303.199827 816.132586
6 1.832650e-008 130.914584 661.051387
10 2.536120e-007 189.762376 788.301115
10 1.233220e-007 309.794138 811.965558
6 1.180250e-007 206.860749 633.756807
5 3.874580e-009 171.941518 670.637720
10 3.121530e-008 44.781530 916.617663
10 5.563810e-007 255.950517 847.943699
6 4.912630e-008 234.128139 658.675269
5 7.149020e-008 316.382990 641.191480
10 5.872710e-008 191.548559 793.383142
10 9.885690e-008 153.096749 954.905408
10 3.612100e-008 108.140836 984.067636
10 7.148260e-007 244.595823 909.770497
10 1.834900e-007 215.723107 948.101671
10 2.979210e-008 176.012206 747.587568
4 1.735600e-007 432.405403 532.461567
5 1.392820e-007 432.899711 532.374407
5 3.488000e-008 418.378168 623.911460
10 6.815220e-007 270.715649 885.381158
10 1.581740e-008 361.099062 711.192748
10 6.951690e-008 156.923914 981.254027
10 2.135140e-007 171.240930 832.372109
10 4.557670e-008 206.033013 810.403679
10 2.649310e-007 150.865061 858.521924
10 1.080540e-007 322.163525 855.716584
10 8.954270e-008 231.375108 777.040380
10 9.061410e-008 261.883268 768.995354
10 5.689280e-008 143.532452 772.757685
5 6.609560e-008 237.993823 663.171208
