10 1.638570e-007 753.014459 568.126185
6 2.021980e-007 647.059610 504.310539
7 9.482570e-008 677.997541 240.480250
6 1.936470e-007 695.694797 400.712007
10 1.335550e-007 663.425266 532.878536
6 2.717570e-008 658.583456 553.850946
7 5.512330e-007 479.401346 277.405641
2 7.106510e-008 595.393796 178.519809
7 2.078860e-007 560.204280 164.610896
6 2.376700e-006 597.165675 404.431294
10 2.360280e-007 653.852000 517.889248
7 8.491270e-008 714.568658 285.109036
6 3.391830e-008 704.193876 524.782871
10 1.638120e-007 708.895536 532.926385
10 2.863940e-007 739.734066 629.153288
10 5.813620e-008 755.111082 654.895174
6 2.037340e-008 819.517425 504.719151
10 2.319140e-008 886.004138 491.795366
10 1.658650e-007 644.102936 673.882496
6 1.033470e-007 520.436068 401.738628
7 2.605540e-008 467.474057 467.141393
10 4.336120e-007 661.581175 581.712324
6 8.455580e-007 619.993664 492.195502
7 8.540470e-007 496.947096 283.906482
2 6.036130e-008 557.795190 192.358266
6 1.244630e-006 586.240690 433.545900
10 1.550400e-007 619.376745 559.617075
6 4.103400e-008 436.156910 473.147387
7 3.660990e-007 477.070975 330.419566
6 1.716730e-007 502.218419 385.621637
7 1.486820e-007 429.687478 199.824934
2 1.743080e-007 512.895770 113.520879
6 1.411550e-007 527.405615 391.322072
7 8.526580e-008 520.583091 387.383070
11 4.789730e-008 292.248143 305.161409
7 4.047160e-008 303.447352 253.880420
11 1.145470e-007 182.111432 179.636552
11 1.910790e-007 199.277160 197.204212
11 5.067310e-008 89.521627 128.178945
11 3.385020e-008 168.723338 207.064484
11 1.486720e-007 148.232426 94.481033
11 5.768990e-008 72.564503 172.948059
11 1.820640e-007 213.307120 37.061935
11 3.464590e-008 120.940347 133.732667
5 1.331180e-008 204.245683 525.412933
5 1.074780e-007 210.676050 674.144681
9 4.929600e-007 251.131024 798.477958
3 7.288690e-008 279.605210 855.320906
4 8.340750e-008 284.075476 841.562628
5 1.062120e-006 203.782990 785.154071
4 1.185620e-007 215.784670 788.856202
9 1.109330e-007 276.992141 745.998305
5 5.239700e-008 295.733320 732.875601
4 3.017630e-007 161.108268 823.513224
5 1.616600e-007 189.364766 820.043865
9 2.458240e-007 233.046745 814.680550
3 5.115540e-008 196.468773 800.780440
5 4.205590e-007 242.607904 745.822296
4 1.996010e-008 230.125104 726.600518
9 7.856600e-008 226.636249 721.228167
3 2.077150e-007 389.258195 796.331182
9 4.067280e-007 328.922714 932.436553
4 1.637300e-007 205.069714 977.341767
8 3.400860e-008 143.878348 944.805665
5 6.510520e-008 126.716672 777.808218
4 3.798450e-007 92.645929 914.690585
8 6.141810e-008 147.907707 874.556707
9 1.256430e-007 206.574183 825.329671
5 1.268990e-007 183.046350 859.168470
