7 4.527090e-008 839.626761 330.072607
7 2.189510e-007 708.068884 402.162580
7 3.375410e-008 431.555229 333.541418
3 3.626610e-008 706.133357 90.368108
7 2.191180e-007 568.160409 316.420638
7 3.013510e-008 771.647620 238.887796
7 4.151810e-008 727.982784 522.511790
8 6.038540e-008 640.570068 825.721963
7 2.756700e-007 512.162391 422.938625
9 2.272340e-008 479.438866 577.388132
7 2.128760e-008 754.895374 575.187333
9 1.249850e-008 443.475019 432.666299
7 8.328560e-008 489.592477 298.340685
7 3.133310e-008 607.128681 566.688522
9 1.620510e-008 458.962651 591.500015
10 6.600040e-008 324.415158 526.541889
7 1.035690e-007 509.862423 298.247767
7 2.071190e-007 508.495591 364.717330
6 9.376740e-008 230.480670 308.398583
10 1.725390e-007 191.655862 312.260448
5 1.846130e-007 209.909245 177.692803
11 9.265420e-008 200.321169 178.363245
5 5.162900e-008 40.397172 186.229039
6 3.584490e-008 221.511310 175.956236
11 7.204910e-008 152.014541 121.659296
5 1.042740e-007 102.742063 66.213651
11 4.598040e-008 83.692800 155.601404
6 2.173120e-008 59.320500 143.687158
5 4.697930e-008 168.716111 192.736933
11 2.067450e-008 12.643567 113.281889
5 7.405990e-008 95.455261 192.528672
11 2.195980e-007 147.983462 90.920837
10 5.311370e-008 201.341122 216.192167
6 1.113510e-008 201.806792 215.501778
5 2.819180e-007 251.330942 142.078803
11 3.834750e-008 75.958691 171.845224
10 3.187640e-008 154.888343 308.312792
6 2.283470e-007 154.579603 307.548634
5 5.102660e-008 102.864669 179.550051
11 2.991680e-005 221.608643 27.512144
5 2.484450e-006 197.497007 99.984540
11 5.358150e-009 94.716515 139.786911
5 3.969900e-008 170.875451 222.874109
6 1.761970e-007 151.673496 289.965418
10 3.593140e-008 221.493962 296.073974
9 1.494800e-008 209.491273 583.670808
10 1.046550e-007 190.631642 551.017228
6 1.370670e-007 245.258647 448.278742
10 3.308380e-007 176.394954 530.708793
9 1.063210e-008 138.592758 497.847935
6 1.429710e-007 75.694149 443.171158
9 2.608320e-007 339.823009 634.660433
9 1.022720e-006 324.745969 683.654169
9 4.256960e-008 179.351130 812.013188
9 4.670870e-008 95.771187 809.705213
9 1.029540e-007 244.291954 809.818849
4 1.614850e-008 279.997675 803.397346
9 3.812880e-008 394.193375 824.320119
8 1.356830e-007 402.587439 871.925459
4 7.293570e-008 354.724734 917.539803
2 1.605190e-007 352.435927 918.861241
9 1.740580e-008 140.598152 789.770918
4 4.487480e-008 282.646046 913.803717
2 8.156280e-008 341.638728 871.083903
9 3.984210e-008 379.668754 766.596019
8 8.678180e-008 393.628409 717.796791
4 4.148600e-008 182.466412 968.485144
2 2.083520e-008 325.801126 878.919748
8 4.346700e-008 292.945790 911.762704
4 4.225540e-008 144.799224 929.544533
2 7.794230e-008 378.275743 858.955243
8 1.503970e-007 423.039292 842.118107
9 1.318270e-007 365.339181 770.863972
4 7.074250e-008 238.908656 879.411051
2 1.732450e-007 410.412092 925.365237
8 4.754600e-008 414.734193 926.523340
4 4.305070e-008 186.246081 868.948854
9 4.865150e-008 238.565065 810.277716
10 8.947750e-008 116.926531 628.677503
9 1.404150e-007 214.487600 746.377845
4 3.316740e-007 249.121699 944.627814
2 9.450180e-008 247.100381 951.200201
9 5.004680e-008 200.684899 805.625238
8 7.126940e-008 364.486280 901.192072
9 3.757070e-008 315.293753 506.065325
10 3.302530e-008 342.173468 584.129522
6 4.856790e-008 243.297088 460.359712
10 1.302080e-006 145.003802 457.403941
9 8.532430e-008 196.541017 524.169020
6 1.620080e-007 212.756878 455.094343
10 7.064560e-008 201.027607 611.926339
9 6.136730e-009 443.203506 592.053329
7 4.282220e-006 598.663795 399.919545
7 1.540750e-007 675.785021 528.921695
7 8.251700e-008 664.438829 581.885615
8 8.906420e-008 574.318789 688.106262
7 7.210370e-008 574.580820 521.560514
8 3.844000e-008 572.118454 732.065601
8 1.277590e-007 510.594312 769.348345
9 6.751320e-008 274.583619 535.317149
10 1.426990e-006 204.612214 489.877285
6 2.117620e-007 136.290584 445.508797
9 5.518240e-008 432.888130 606.475573
10 5.882890e-008 336.395010 598.884655
6 2.535020e-008 336.798075 599.642711
8 3.408330e-008 396.399585 660.533382
9 3.478310e-008 411.370584 566.011156
2 6.542690e-008 319.251897 886.193773
8 3.658800e-008 317.466199 886.554187
4 5.135810e-008 328.071601 811.092506
9 4.048130e-007 344.803358 692.039353
9 8.253790e-008 186.717528 774.317042
8 2.376210e-008 307.736090 698.112031
9 4.396140e-008 186.902284 810.315055
9 1.204210e-007 225.224929 643.886486
10 5.088640e-008 326.608722 650.975736
2 7.088240e-008 514.297212 909.468260
8 2.120010e-008 501.221244 902.220147
8 2.996210e-007 464.345357 845.118569
2 5.762360e-008 451.322492 927.342550
7 4.383510e-008 584.919960 660.232691
8 1.636400e-007 572.701931 754.922735
7 1.647020e-008 751.650175 493.033126
8 2.269660e-008 727.317169 776.585681
7 4.323830e-008 643.607219 653.728164
