10 4.134500e-008 745.422680 563.178537
11 3.352600e-007 728.592569 577.808668
10 8.825100e-008 635.264634 512.569472
11 3.367280e-008 652.978314 500.166217
10 1.014960e-007 838.368142 329.374945
10 6.212870e-006 708.808816 400.978451
11 7.894830e-008 646.631238 605.622238
7 8.017850e-008 452.449439 431.840639
2 1.156660e-007 732.390458 92.915088
10 2.743920e-007 591.129307 390.210494
10 1.253790e-007 870.179959 369.230163
11 2.714800e-007 737.158463 581.879213
10 4.082800e-008 859.013675 501.533292
11 6.472360e-006 779.938764 640.681929
10 9.415610e-008 831.335087 522.871347
11 5.265270e-006 773.112557 638.805635
10 2.133880e-007 716.159984 524.809923
11 6.797830e-008 894.645782 490.115591
4 8.341140e-008 642.379841 829.786769
11 5.263870e-008 669.678157 776.457966
7 3.118830e-007 479.393786 504.044600
10 1.954320e-008 737.591040 576.397338
11 6.427670e-007 739.127927 576.289871
7 1.517390e-007 473.106198 528.022724
10 9.229620e-008 588.608301 438.863653
11 1.389460e-008 597.764672 572.094854
7 1.361740e-007 457.679527 603.708069
6 2.047670e-008 457.999109 600.667459
7 4.128610e-008 451.613275 393.430069
5 9.400030e-008 491.341151 142.124984
10 4.401250e-008 491.863203 370.801567
7 4.691560e-008 342.101109 412.031051
9 2.745730e-007 161.385839 606.020601
9 7.738490e-007 183.992544 534.134604
7 2.243520e-007 283.503748 526.094931
6 4.040230e-008 295.903227 648.088078
9 2.570180e-008 226.841418 669.202424
3 1.854620e-007 250.668335 797.387931
8 1.305410e-008 305.468608 775.720308
7 3.355330e-008 294.123998 709.349031
6 1.286880e-007 287.712437 714.728965
3 2.626250e-008 100.843185 741.207265
9 4.261910e-008 128.617212 767.911044
6 3.136250e-007 348.488337 691.441345
9 3.763370e-008 112.835240 746.021581
3 8.862980e-008 95.103006 812.198887
6 2.670040e-008 187.974986 800.186490
3 3.042510e-007 231.408307 808.464723
9 9.621060e-008 181.432835 651.621193
7 2.569380e-008 372.873646 703.409322
6 1.544000e-007 373.415376 706.481638
4 7.348850e-008 386.079399 778.303243
8 6.918800e-008 400.910297 862.413864
3 2.966890e-008 369.662052 908.915768
3 3.463330e-008 156.624022 748.022150
3 1.721190e-007 116.849947 928.308414
6 5.618330e-008 337.803210 881.622028
8 2.422990e-007 339.843574 876.016107
4 2.814540e-008 367.526441 799.957149
3 8.386200e-008 229.970640 767.832021
6 6.918330e-008 304.710429 901.536126
4 4.508370e-008 301.214128 904.575335
8 7.515740e-008 300.162126 905.489802
3 7.369290e-008 240.875073 957.025904
3 3.597820e-007 152.185536 924.747801
6 2.454140e-007 382.351535 858.598649
8 1.087570e-007 388.112607 858.094609
4 7.130640e-008 409.665645 825.602928
7 2.114900e-008 280.997302 723.935267
3 1.838250e-007 263.809765 771.157450
6 2.374080e-008 361.998974 912.392987
8 1.836550e-007 368.114166 914.031547
4 8.802280e-008 435.261087 932.023502
3 9.715070e-008 147.908542 928.639955
3 5.260060e-008 147.204711 818.022335
7 3.866600e-008 247.458492 621.836729
9 3.039820e-007 170.719811 625.858365
3 1.064680e-007 176.755473 734.117848
8 2.284710e-008 260.056483 980.394012
3 1.426820e-007 259.215373 979.741519
4 1.481520e-007 374.494886 849.702809
6 1.776880e-007 376.628394 838.726981
8 5.580700e-008 398.037069 728.590085
7 5.669240e-007 351.458671 586.613883
6 1.138010e-007 367.630284 658.061496
7 4.670740e-008 239.311979 458.329202
9 7.504270e-008 181.212573 428.726143
9 2.924070e-007 197.594808 541.082462
7 1.398660e-007 289.512896 593.118230
11 2.877350e-008 593.720825 520.365705
10 1.930690e-007 599.330217 438.088468
10 1.721540e-008 657.657570 603.942810
11 4.003400e-007 722.799300 644.358593
11 8.284260e-008 851.629715 591.645529
11 6.020780e-008 910.329715 670.634825
11 2.887790e-008 885.073830 515.069328
10 9.579070e-008 788.336531 488.165350
4 2.499140e-008 535.174766 616.565552
7 2.452220e-008 540.497922 526.703438
11 5.539240e-008 693.884734 594.995807
4 9.675050e-008 558.873342 711.004863
11 5.323420e-008 658.264003 563.653529
10 5.160050e-008 628.174333 533.933680
7 3.484740e-007 463.620838 502.082904
6 1.216540e-007 537.026264 717.887516
4 1.355030e-007 546.508855 721.718710
11 3.454520e-008 777.652193 772.719401
4 7.083720e-008 513.545175 778.287710
6 6.765490e-008 499.653772 707.301445
7 2.180940e-006 385.225812 556.098480
9 7.190200e-008 237.859910 511.468545
7 2.503560e-008 322.274475 578.896173
9 8.166240e-009 363.837894 650.497230
6 3.052660e-007 393.213623 680.648552
7 4.195430e-008 393.536878 678.607618
4 1.808460e-007 369.058796 788.441939
8 9.071340e-008 338.940991 847.551635
3 8.393140e-008 333.750672 857.738241
6 4.748850e-008 317.238039 890.146205
3 2.095450e-008 300.378959 730.686866
6 1.204340e-007 319.007720 723.535996
6 2.020380e-008 247.201092 674.875042
9 3.903990e-008 182.814186 693.248965
3 6.027810e-007 186.958227 843.653995
9 1.774650e-007 121.753236 654.966419
7 1.460080e-007 342.335635 642.230114
6 3.647050e-008 349.647041 631.390479
11 1.491900e-006 736.252796 602.072948
11 1.591700e-007 738.066166 566.677512
10 1.607190e-007 776.406440 534.080439
4 3.876470e-008 687.133104 790.842600
11 5.002650e-008 736.113021 735.660595
11 1.216990e-007 773.036096 737.153316
8 4.178260e-008 551.492127 930.085696
4 1.020870e-007 529.547550 917.921643
6 6.033220e-008 526.082439 855.475604
4 2.857290e-006 469.261278 814.080348
8 4.843130e-007 457.777521 886.586683
6 4.726170e-008 488.544188 894.294566
11 4.053330e-008 581.090514 627.108372
4 5.920170e-008 595.829693 778.050650
6 6.161070e-008 591.631596 773.852525
7 1.879750e-007 482.784021 628.684740
11 1.370470e-007 709.559113 541.453362
10 1.789820e-007 796.725036 470.720519
11 4.408460e-008 834.464579 775.622201
11 9.732290e-008 623.925046 622.311666
11 3.174140e-008 752.364091 730.501916
4 2.302540e-007 559.208694 731.052937
6 2.245490e-008 551.853131 661.071384
7 2.834060e-008 528.457141 523.666941
5 5.220050e-008 523.741154 106.853798
7 3.404800e-008 246.834348 351.975611
10 7.294840e-008 588.728557 319.934630
5 1.062520e-006 424.115641 37.010560
7 1.134180e-006 399.196862 504.783813
5 2.294260e-007 447.507804 80.809720
10 3.767950e-008 490.311136 395.759065
7 7.795840e-008 330.253072 335.820819
5 1.550670e-007 255.086775 60.196064
5 4.316090e-008 247.857906 133.799636
5 1.144660e-007 296.389733 163.838768
2 3.568300e-008 638.861385 98.678800
5 3.908220e-008 540.219531 87.132989
5 8.406340e-008 342.882375 169.278238
5 7.275640e-008 499.390671 137.094639
7 2.049240e-008 477.806250 366.858471
4 8.240220e-008 607.929665 786.764006
11 3.569460e-008 739.635448 703.650831
10 4.524120e-007 735.449416 465.825349
10 2.225400e-007 838.960721 398.424468
11 1.203270e-007 709.199917 520.989448
4 2.054800e-007 567.426566 759.020779
6 1.005760e-007 499.978956 735.553190
11 4.788020e-008 651.605430 554.104507
10 3.218360e-007 664.180955 464.627545
10 2.240440e-008 759.095565 289.158948
10 8.480030e-008 559.337695 492.102577
7 2.121990e-007 437.495993 477.897598
11 7.128290e-007 731.327653 579.518978
10 3.456840e-008 623.165248 576.745662
7 3.102430e-006 407.843589 529.157372
10 1.081290e-006 687.304570 437.602679
11 3.541510e-008 688.264581 436.417166
10 3.134380e-008 766.730961 286.756627
10 2.593190e-007 770.992273 417.847464
10 1.306990e-007 741.390668 277.135000
10 1.361470e-007 818.415744 388.700318
11 1.560300e-008 650.677566 430.720913
10 1.691110e-007 815.861000 349.929299
10 2.057980e-007 760.506906 319.847037
10 3.310570e-007 751.168231 345.005931
10 5.155160e-008 592.636423 570.057748
11 1.106920e-008 536.777513 580.915596
7 1.415520e-007 454.425444 596.923181
6 2.227930e-008 287.177668 581.288586
9 2.948810e-007 231.060047 573.401807
7 1.216530e-007 298.386019 502.904953
9 8.873920e-008 298.658690 502.650684
7 3.178450e-008 158.776280 594.554607
9 4.080070e-007 158.399704 594.561180
9 5.596280e-007 168.401822 509.272149
7 3.879490e-008 144.896417 491.167504
9 2.442370e-006 133.635945 511.189618
9 9.000720e-008 51.862604 505.957662
7 1.547250e-007 286.019534 541.752206
7 9.282130e-008 509.618300 551.983556
11 4.327930e-007 744.332595 591.840796
10 8.367320e-008 726.576861 540.274256
10 1.360740e-006 719.390784 368.944452
10 2.109260e-008 776.167046 220.268752
10 2.506830e-008 856.972111 284.318797
10 5.155740e-007 698.680579 472.988042
11 2.217010e-008 653.705442 509.257524
10 1.925170e-007 725.428072 485.480954
11 1.184030e-008 663.722079 504.346351
7 4.732060e-008 506.381440 542.699509
10 2.397590e-008 467.267443 386.258188
7 3.385650e-007 417.880532 466.085604
7 3.671670e-007 456.027834 603.578654
6 1.098690e-008 504.248251 624.047008
4 1.045150e-007 423.922738 783.410454
8 5.736290e-008 348.850856 819.929754
6 5.110100e-008 326.049518 830.562238
3 7.991400e-007 272.944010 855.325850
4 1.463420e-008 288.018596 807.669596
6 1.515880e-008 203.163674 760.756316
3 5.595250e-008 132.611315 729.344481
9 9.179090e-008 166.753243 681.804904
4 9.657380e-008 381.940264 846.518199
6 1.487830e-007 375.780917 855.314660
8 2.596560e-007 337.342633 910.210234
3 7.889310e-008 334.088028 914.858293
6 8.350100e-008 288.724783 774.154628
3 6.651980e-008 320.672132 861.929407
8 1.062510e-007 350.448291 860.338821
4 9.981940e-008 352.007041 856.996069
3 7.634120e-008 153.242070 705.466544
9 8.008310e-008 129.346131 720.417275
6 2.472010e-007 356.961344 798.790221
4 7.340360e-008 345.571646 785.131533
3 1.391720e-007 276.454046 752.901247
9 2.765130e-008 143.974392 728.602024
3 7.654790e-007 241.470002 918.203208
8 1.320740e-008 344.277308 998.526127
6 1.088900e-007 305.784980 842.832504
3 1.038690e-007 123.841692 876.977141
9 1.680820e-008 327.111922 700.212562
6 9.272650e-008 340.100195 697.687894
7 1.738080e-008 409.187490 684.258666
4 3.934240e-008 397.233625 743.051174
8 4.992000e-008 365.913212 816.837017
3 5.928760e-008 345.165394 865.715534
9 1.398100e-007 143.450561 665.614095
3 3.054440e-007 180.283143 790.841070
6 2.468300e-008 170.713948 768.695593
9 1.029670e-007 191.321450 707.231132
3 1.370060e-007 303.551731 804.526192
6 2.698210e-007 341.771190 850.583997
8 3.429970e-008 293.521917 796.997648
4 2.383720e-008 291.028253 794.228148
9 4.269470e-008 71.171352 671.133627
3 6.316590e-008 57.137854 943.734188
3 1.231150e-006 203.229625 889.032294
9 1.073310e-007 241.001562 657.214280
7 3.849610e-007 379.642193 630.965797
6 4.259480e-008 373.388631 636.401912
3 1.082250e-007 175.412083 806.923319
6 3.790680e-008 220.810861 869.967676
3 5.585210e-008 154.367122 949.810283
6 1.856830e-008 262.114341 962.427973
3 4.452620e-008 102.776611 984.821532
3 7.438260e-007 249.927788 908.539500
8 2.168400e-008 252.584236 802.259577
6 6.332960e-008 249.156109 793.329054
9 2.645910e-008 257.278002 762.957088
3 1.141310e-007 224.753341 943.096141
6 9.348820e-008 325.261617 789.555856
8 5.057910e-008 380.911719 746.077632
4 6.110590e-008 430.950563 706.983363
3 7.194240e-008 215.911715 759.786042
9 3.546210e-008 106.929515 754.746881
6 3.951100e-007 316.921829 778.002334
3 2.176870e-008 391.124882 737.982736
4 5.066060e-008 391.453631 734.854978
7 6.462060e-007 406.632581 590.440739
10 2.026390e-008 567.700955 531.731136
6 2.318870e-008 469.714322 572.628098
7 5.836580e-008 528.455146 509.636542
11 7.735460e-008 701.691900 536.184506
10 2.149220e-007 708.022920 533.650768
7 2.037290e-007 445.046146 573.755985
6 5.025310e-007 364.826184 722.700156
4 2.118080e-008 322.277159 796.397372
3 3.950180e-007 281.090745 867.734472
6 4.186900e-008 332.018095 876.116999
8 4.384330e-008 345.700316 798.522260
3 1.103060e-008 360.244215 716.040766
4 2.794600e-008 360.801608 712.879674
7 4.662690e-008 342.729140 697.872990
8 9.500400e-008 248.285537 994.095266
3 1.720740e-007 161.995771 981.966897
6 1.101770e-007 299.380608 854.236875
3 4.640120e-008 175.783559 830.349620
9 3.775960e-008 93.481851 690.309135
3 2.069860e-007 205.689601 805.492871
3 4.610950e-007 171.056438 863.183506
3 6.729650e-008 339.439248 953.691471
8 1.190930e-007 336.073880 934.605636
6 5.252380e-008 321.488754 851.889793
3 8.699900e-007 179.537451 866.825994
6 6.769760e-008 274.979835 701.514643
3 3.553600e-008 235.244060 695.330025
6 5.597360e-008 269.330679 854.117903
3 1.944200e-007 181.544988 820.084509
3 8.738740e-008 140.494666 762.210976
9 6.595910e-008 196.779160 700.083056
6 2.161250e-007 345.028746 713.053355
7 2.683260e-008 195.200044 644.118147
3 1.862200e-007 132.608633 906.863566
6 1.147720e-007 363.717943 878.541685
8 1.720120e-007 363.130394 877.933260
4 6.918070e-008 308.866872 821.741712
3 2.762950e-007 181.796919 848.349004
9 1.808620e-008 76.550124 796.304338
3 3.220030e-007 175.731957 812.241043
6 9.681340e-008 301.434075 686.090995
7 6.556320e-008 318.811999 680.584583
3 9.808810e-008 106.822327 944.057563
8 8.427970e-008 339.982901 934.082492
4 7.481840e-008 387.165297 894.492042
6 1.595230e-007 419.776377 867.128291
3 1.046980e-007 294.499945 897.171590
9 2.953040e-008 158.038666 774.485719
3 4.276330e-007 262.133776 837.420333
6 7.979690e-008 304.704825 776.622588
8 1.783920e-007 288.435433 968.197955
3 1.680680e-007 154.834377 785.096932
9 1.494630e-007 195.668575 663.943285
3 2.189460e-007 282.269899 840.656647
6 5.592340e-008 299.671386 894.214228
8 4.752770e-008 329.132015 984.886937
4 2.606910e-008 317.825064 859.949204
3 2.070170e-007 242.500464 993.290339
8 4.791910e-008 326.004180 874.034702
6 1.423610e-007 352.784405 814.093991
7 9.629280e-008 253.126539 664.932218
9 1.289820e-008 249.538545 669.208250
3 8.539540e-008 176.727498 755.981626
6 9.060300e-008 290.877519 810.004973
3 5.272510e-007 164.945436 855.840159
6 5.767340e-008 277.175438 929.231859
3 8.691860e-008 314.245805 808.991317
4 1.963440e-008 343.448505 755.266440
8 3.710640e-007 404.328445 905.948611
6 5.168120e-008 287.249600 803.219421
3 2.610390e-007 318.962800 870.556426
8 3.303630e-008 270.491571 857.420256
6 3.961400e-007 360.325323 831.791474
4 4.961710e-008 367.491837 860.893140
3 5.127270e-007 277.603447 888.374741
8 1.775610e-007 411.481668 868.041321
6 5.721530e-008 327.257653 927.118350
3 4.005350e-006 225.821094 858.762915
9 3.701130e-008 40.862269 680.925168
3 1.116020e-006 230.345118 843.104524
6 2.183340e-007 361.900606 829.816903
4 6.004610e-008 396.203925 749.003330
8 3.260760e-008 396.748589 747.720181
7 3.347920e-007 445.685267 587.353682
5 4.954310e-008 273.277944 108.223466
7 5.574760e-008 390.251651 311.630112
5 6.597940e-007 446.927803 47.268551
5 1.666160e-007 461.214627 96.990197
7 1.008410e-008 512.872055 393.499020
10 4.684310e-008 587.985633 283.283217
5 2.102960e-008 442.815400 113.657864
7 8.484470e-008 382.928418 365.712209
7 2.238660e-007 393.019648 449.790780
10 6.254750e-008 686.900463 569.485465
11 4.883140e-007 759.069472 577.070714
10 6.159140e-008 710.765164 631.038688
11 1.618090e-007 693.067137 697.088726
4 3.310120e-005 495.232836 822.446409
8 2.316020e-008 493.949676 822.991080
6 3.581400e-008 519.679479 774.260678
11 2.137160e-007 734.482845 604.693913
10 1.809500e-007 633.186107 509.602233
11 2.928870e-008 708.829915 773.827904
4 8.241920e-008 602.905462 800.332622
6 1.448600e-008 662.824717 828.273428
11 5.302790e-009 759.997997 731.297407
4 6.714980e-008 538.363772 678.844787
6 2.504530e-007 458.942189 710.889755
8 4.538890e-007 491.803910 879.899670
4 5.035070e-008 585.507603 603.537593
11 1.873470e-008 601.972115 564.749185
10 1.043870e-007 596.067331 559.554412
11 1.195400e-007 814.647861 716.738108
11 6.504670e-008 849.082993 688.320176
8 1.365420e-007 562.908266 912.570554
4 3.520540e-008 554.439261 910.459007
6 2.971690e-008 576.322077 812.608419
8 1.985810e-008 591.609125 797.321475
4 7.520180e-008 597.973833 790.956810
11 1.486810e-006 768.319062 649.673299
4 1.480760e-006 528.584804 847.990849
6 5.832830e-008 516.159514 865.092853
8 2.605430e-007 502.919825 890.715000
11 9.493820e-008 764.962376 734.817480
4 4.255880e-008 642.767714 744.187768
11 1.166320e-007 857.455022 596.952984
10 1.940670e-007 763.731609 476.992729
11 2.373780e-008 708.080278 809.099984
11 1.033130e-007 701.198000 659.489843
11 3.153360e-008 616.327719 497.159504
10 3.448820e-008 577.201314 453.705146
5 9.558970e-008 506.177937 36.587448
11 3.195160e-008 632.734906 665.290216
7 4.495530e-008 625.587828 607.372040
11 2.550630e-008 596.705916 650.679668
4 1.395820e-007 492.740155 750.305598
6 3.184170e-007 477.878187 814.680039
8 5.911250e-008 483.803541 883.335934
4 6.548260e-008 500.422962 926.819516
8 3.027720e-008 643.140938 823.136135
11 3.623980e-008 816.135649 779.155686
11 4.292720e-008 620.536639 491.588826
10 1.119820e-007 615.766783 423.379578
7 6.670160e-008 411.889882 401.530586
7 7.294750e-008 373.814103 316.070813
7 2.148650e-007 420.195618 432.411264
7 2.088920e-007 503.843971 572.586692
6 9.881250e-008 489.017521 695.793877
4 3.134120e-007 471.502072 778.198577
8 3.483440e-008 471.228000 694.681048
11 3.797750e-008 587.172926 635.941912
7 1.594540e-007 509.795794 495.693741
5 9.070360e-008 487.327804 128.453976
10 1.089360e-007 558.323023 329.559518
7 1.164490e-007 443.683067 429.422340
11 9.824950e-008 724.434125 595.853719
4 5.577780e-008 647.068170 933.802743
8 1.948350e-008 653.776418 934.271817
11 2.030560e-008 785.958485 775.540866
4 7.754490e-008 637.421035 788.744409
7 2.492230e-007 420.597990 601.255749
6 3.759270e-008 417.530202 600.199425
9 7.998160e-008 265.092229 569.419177
7 1.129470e-007 433.744632 599.154643
6 2.497300e-008 529.947114 593.975734
10 5.315710e-008 579.502744 453.848002
5 2.208840e-007 396.981229 113.677342
5 1.719610e-007 419.706940 133.105325
7 1.078670e-007 442.683868 467.675653
11 1.032000e-007 731.320703 563.619967
10 5.383080e-008 743.289020 572.315404
11 1.739740e-006 773.087564 632.467394
10 4.825390e-008 555.224244 560.507921
7 5.726850e-008 474.739460 576.152772
6 2.189740e-007 359.508608 684.735981
3 4.462240e-008 351.728844 807.208484
4 1.547970e-007 407.181277 875.686604
8 1.021550e-006 441.417759 917.970751
6 4.015360e-008 293.864998 870.417000
3 3.742590e-008 314.625025 960.737706
8 9.531980e-008 353.342046 805.453462
4 1.243220e-007 356.881099 791.259210
9 7.726640e-008 220.199378 649.366473
7 5.077000e-008 223.657767 658.868327
6 6.982100e-008 282.183969 819.667893
3 3.084570e-007 282.675492 821.018344
6 1.774110e-007 331.747897 768.408724
3 6.670790e-008 333.073723 768.839511
4 6.126710e-008 365.762386 815.697707
8 2.143710e-007 384.782747 898.084295
6 1.285200e-008 191.853184 684.212502
3 5.605220e-008 190.746876 683.250804
9 1.832440e-007 156.459242 652.418294
7 1.679930e-007 381.878162 650.359047
7 3.479380e-007 445.143457 545.349824
6 3.886520e-008 319.392022 644.609482
4 8.538590e-008 545.060311 679.955586
7 2.818720e-008 565.005749 641.535890
6 4.204630e-008 571.580796 695.084711
11 9.359690e-008 661.927437 665.129648
10 1.926900e-007 799.555840 470.160888
11 1.018700e-007 783.384374 732.664747
4 5.966560e-008 618.237163 760.754301
8 5.554710e-007 507.288310 959.083248
4 5.150420e-009 684.328897 908.317710
11 6.641270e-008 756.021605 743.930083
11 8.506250e-008 617.499832 661.095554
11 4.954540e-008 846.189799 492.356131
10 7.609720e-008 782.591697 488.838505
6 3.186250e-008 545.997678 697.827352
4 1.464620e-007 555.300940 715.324364
11 7.286940e-007 740.475178 661.165608
4 9.082170e-008 578.323569 887.644022
8 3.004640e-008 569.857309 820.623540
6 5.399040e-008 568.857418 811.110013
11 3.147380e-008 704.266733 810.670262
4 8.147780e-009 583.145071 701.565306
11 4.258910e-008 677.373916 545.712209
10 1.920370e-007 695.046767 510.587541
11 5.038010e-008 613.676552 684.714133
4 7.361480e-008 604.091886 740.122176
11 2.445800e-007 716.311841 592.353207
10 6.624730e-008 757.963443 562.091520
11 2.247680e-007 817.242777 675.213030
8 2.146130e-007 555.727347 906.053970
4 1.573320e-006 518.241879 821.860724
6 7.756740e-008 518.012109 821.344657
11 5.315430e-008 564.655420 684.367936
4 2.293060e-008 537.849471 639.229096
6 9.427800e-008 537.919008 638.662770
10 1.301760e-008 540.112000 582.761792
4 1.356100e-007 559.451267 734.892631
6 2.784160e-008 583.030056 808.812941
11 3.890130e-008 852.335774 749.212256
11 2.128370e-007 806.636168 594.767256
10 7.882920e-008 754.706799 580.356464
11 2.859380e-007 756.350473 555.600814
4 4.689320e-008 467.420433 686.493262
7 5.452610e-008 523.536063 654.739627
6 2.618400e-008 531.002782 650.600755
11 2.676050e-008 647.967390 536.388956
10 5.095180e-008 646.748964 466.584257
11 4.443480e-008 887.313188 695.830901
10 4.073870e-008 858.730124 482.095876
11 2.102350e-007 727.721025 613.104975
11 3.374960e-008 659.463499 581.999071
10 2.382560e-008 611.190932 576.174710
7 4.995150e-008 488.279722 418.236947
10 1.817230e-007 599.437328 424.993876
4 5.099020e-008 640.455426 761.252000
6 3.798970e-008 641.026031 761.252000
11 1.345990e-008 746.229889 862.933802
11 5.254450e-007 784.011847 648.321563
10 6.291180e-008 793.949219 578.417359
11 1.127540e-007 833.408767 559.145467
4 7.648040e-008 604.220545 829.391752
6 1.258220e-007 515.455265 702.253985
8 4.774780e-008 629.033138 840.544351
4 3.331260e-008 741.312701 814.622649
11 4.567320e-009 714.763212 830.973851
10 1.735810e-006 706.121723 427.433277
10 4.581780e-008 700.838381 252.859243
10 9.567840e-008 789.684006 299.684629
11 5.963280e-008 822.765735 474.623809
11 1.712090e-006 751.836142 638.381084
4 8.508750e-008 592.725844 832.632766
6 2.436630e-007 476.417486 720.314874
7 3.196540e-008 505.975922 603.246418
10 1.312940e-008 483.061016 431.188518
7 6.982890e-007 381.127015 461.638197
11 6.478590e-008 663.423643 630.428006
4 1.386980e-008 708.753978 717.372085
11 2.215910e-007 818.379471 570.363944
10 1.881600e-007 772.664186 510.465032
11 3.868820e-008 677.773569 503.220410
10 1.319510e-007 755.855778 527.092870
11 1.113930e-007 701.546769 672.573224
11 2.307990e-008 544.518784 580.864354
7 1.460120e-007 476.169473 490.086063
11 1.290450e-008 600.722616 698.998200
4 1.505500e-007 583.867060 772.007855
6 4.414640e-008 619.795060 845.284080
8 2.082200e-008 620.608883 845.125885
11 7.713740e-008 651.256644 632.748433
7 1.777130e-007 467.320527 624.508841
6 1.314240e-007 480.758533 700.719204
4 7.240640e-007 514.222957 800.098491
11 1.597080e-007 819.182435 724.508214
11 8.228230e-008 858.264946 709.007483
11 2.835340e-007 701.446817 593.153450
11 9.371150e-008 801.668696 762.816758
4 2.337130e-007 524.049964 895.645867
8 5.764740e-007 468.735982 890.806468
6 4.057750e-008 478.151464 890.079015
4 1.693230e-008 469.545607 688.041291
6 1.241290e-007 464.636843 617.845653
7 1.346910e-007 524.922244 596.092600
11 6.702950e-008 656.905342 615.232425
4 9.719990e-008 608.871463 859.058212
8 1.530360e-008 640.468761 981.495209
4 1.772910e-008 572.422779 719.877833
6 2.456780e-008 557.971108 651.887994
7 3.217710e-008 605.988972 536.573538
10 1.090920e-007 674.153157 520.836432
11 1.059110e-007 767.877895 523.074442
4 3.468240e-008 615.807717 757.943743
11 5.336020e-009 557.717753 704.776310
6 1.814090e-007 484.782453 851.515649
8 1.364920e-007 518.405556 880.743836
8 1.940250e-008 557.655097 962.188122
4 3.249740e-008 555.139671 964.885584
6 1.420630e-007 486.113916 804.250030
4 7.584270e-008 612.807000 809.190088
11 2.502520e-007 696.309481 655.758010
11 4.695930e-008 614.252332 646.470468
7 1.208340e-007 502.149600 501.531907
10 1.605590e-007 614.040726 465.908773
11 1.643840e-008 611.146916 711.868149
4 8.848840e-008 621.058813 782.395688
7 3.298930e-007 405.330629 597.101088
7 5.732030e-008 484.898495 418.230505
5 3.247660e-008 448.930240 264.561413
7 1.258160e-007 415.215704 411.526213
9 6.996700e-008 274.087097 691.308694
3 5.395490e-008 201.240716 736.167750
6 2.168900e-008 192.313849 738.896973
8 3.340990e-007 379.247352 930.700735
3 6.834410e-008 368.317560 917.675141
6 3.781080e-008 362.259039 910.454892
4 2.999370e-008 313.505711 852.353052
3 3.591490e-006 217.815413 860.262436
6 9.472610e-009 216.441511 857.498194
3 4.474250e-008 325.146645 846.984241
6 1.322340e-007 332.832384 851.786824
8 5.963300e-008 335.631559 842.561390
4 2.234580e-008 291.427140 771.818981
9 3.279360e-008 133.313670 768.643883
3 1.904630e-007 242.266740 805.870094
6 4.375640e-008 256.365153 838.995590
3 3.651200e-008 298.880087 718.805349
6 8.881790e-008 364.759134 676.428012
7 5.700990e-007 367.477502 598.576390
7 4.008870e-008 375.063399 336.149458
7 1.003930e-007 413.385756 432.379147
7 1.586020e-007 333.169900 387.106715
5 5.800220e-008 242.987769 73.429479
5 1.324190e-007 352.710872 83.547842
10 1.728650e-007 599.654221 319.332077
5 2.863420e-008 393.085072 216.128036
7 2.583360e-007 464.875858 533.064355
6 6.811800e-008 542.835084 682.499353
4 1.441180e-007 582.516108 731.501386
7 3.385780e-007 317.231599 557.899106
9 4.998390e-008 246.574627 538.966446
7 2.174650e-007 321.526166 564.847192
6 4.086300e-007 383.377355 741.865087
4 1.603180e-007 360.062753 818.123933
8 1.302610e-007 345.552006 865.586583
3 7.486800e-008 337.544916 891.776669
6 6.199960e-008 248.192077 816.438430
3 3.999400e-008 353.472784 781.489458
4 2.538860e-007 412.708465 750.160135
7 8.943380e-007 379.485208 579.244720
9 2.806650e-007 187.080999 488.412698
6 3.312320e-007 407.394524 720.528111
7 7.147230e-008 411.966095 732.437412
4 1.449870e-007 422.624405 794.126814
8 1.059400e-007 381.612481 789.816395
3 1.023390e-007 271.921504 778.287696
7 8.392180e-008 455.119543 545.603090
6 3.733050e-009 456.592545 542.712142
7 1.465630e-007 522.739110 530.867548
4 9.952750e-008 591.435770 728.316142
11 1.038690e-007 677.415459 659.825384
4 1.916180e-008 453.570174 563.553766
7 3.380380e-007 428.205774 534.375416
6 8.488520e-008 418.715451 680.494710
7 2.034570e-008 538.303582 426.118111
10 1.436910e-007 594.026368 388.532600
5 5.490130e-008 406.553580 182.872613
7 7.741380e-008 459.058810 445.363858
10 2.194710e-008 535.343056 404.356253
11 1.098700e-007 648.447796 659.630700
4 9.536300e-008 573.723118 812.838779
11 3.676580e-008 552.631399 643.689334
11 7.359720e-008 662.785378 544.194482
10 1.011960e-007 647.317291 480.248707
2 2.349100e-008 824.728937 237.476986
10 2.371320e-007 745.138370 357.021476
10 5.227190e-009 664.290031 201.190942
11 3.544010e-008 655.583970 545.371084
7 1.197880e-007 530.610272 605.473383
10 7.893640e-008 777.901453 554.221585
11 1.015340e-007 881.818225 545.129946
10 5.224730e-008 526.552657 416.469939
7 7.526640e-007 384.631910 488.782007
6 6.523000e-008 527.423093 680.477105
4 7.460990e-008 541.939897 679.207094
11 1.334740e-007 664.922557 664.131888
7 6.707010e-008 482.675145 700.323598
8 8.359060e-008 502.186648 827.073920
6 1.286040e-007 501.842707 817.224095
4 4.211600e-006 501.302393 801.750514
11 1.506900e-007 693.449755 660.468442
11 2.792390e-008 834.635533 809.724618
7 2.680780e-007 427.072771 559.991739
9 5.242840e-008 344.951099 583.762444
6 1.064430e-007 435.714130 706.340485
4 4.946030e-008 392.671201 794.590816
8 1.253510e-007 366.997182 847.229908
3 3.234810e-007 295.948369 903.750468
6 7.598250e-008 294.222213 875.344920
3 7.328370e-008 176.071473 982.525340
6 4.811630e-008 275.329188 747.280041
3 1.114970e-007 171.310984 814.984892
3 1.785380e-007 161.253686 753.034700
6 5.239650e-008 289.619001 864.147571
8 2.480220e-008 217.922051 824.405374
3 1.672290e-007 127.227253 933.581799
3 5.145900e-007 266.685052 851.910600
6 1.500260e-007 322.393636 824.506095
8 1.217060e-007 339.938879 900.502635
4 2.984530e-008 340.785858 904.171289
3 1.137850e-006 244.646521 889.779849
6 3.810100e-007 367.615117 837.575412
8 3.547210e-008 356.577306 747.679880
4 5.745420e-008 356.132498 744.057219
7 8.291230e-008 307.858824 687.113036
3 1.581150e-006 210.163703 839.784096
8 5.330270e-008 256.459401 898.896457
6 5.571030e-008 203.317009 785.879992
7 2.135520e-007 402.257014 621.922374
10 7.348640e-008 590.790606 428.871293
7 5.088470e-008 405.681852 405.810943
10 1.242520e-007 593.818189 364.728298
5 7.936770e-008 207.972010 70.479217
5 5.501030e-008 203.207899 69.597232
5 2.614280e-008 497.724363 175.618912
7 3.087390e-008 444.384446 270.280221
10 9.754800e-008 601.273960 307.172052
2 8.379800e-008 726.485883 102.014038
10 6.459750e-008 536.329286 417.915948
7 4.488910e-008 545.820985 406.021262
5 2.065750e-008 515.268052 116.049974
7 1.768370e-008 314.010279 306.018279
5 2.900320e-007 295.196212 75.656271
5 1.085980e-007 509.595904 46.619533
5 2.285610e-007 442.918450 92.165248
2 4.305800e-006 796.643996 11.908704
5 4.984450e-008 431.418190 128.389107
5 5.684590e-008 579.496397 57.153587
10 1.790310e-007 606.240661 346.267946
7 4.626670e-007 432.325176 527.866932
6 6.653760e-008 408.748926 676.720775
4 1.087970e-007 359.776318 827.518161
8 1.038040e-007 321.427488 898.743243
3 7.043380e-008 320.919520 899.073127
3 2.589510e-008 22.868607 925.041900
8 1.570080e-007 357.287005 965.885910
6 2.995810e-008 441.267332 957.112346
4 7.704620e-008 413.726222 881.443630
3 4.176300e-008 381.577858 793.116565
8 1.383400e-008 224.371065 883.223569
3 4.512650e-008 262.961680 749.317209
6 2.357650e-007 321.812027 725.540107
4 6.414750e-008 361.641556 760.729463
6 1.633800e-007 422.513874 682.815975
7 7.368690e-007 368.874597 569.452709
9 1.086580e-007 230.213734 501.560856
7 3.537430e-008 198.608086 430.113457
9 1.111930e-007 134.940081 445.445659
9 6.995220e-008 122.092155 390.632155
7 1.413920e-007 222.742617 496.591167
9 1.355260e-007 237.830489 509.707026
7 3.090740e-007 461.989832 508.817396
5 1.347030e-007 486.956460 88.643862
10 5.841450e-008 592.529286 388.248611
11 7.357170e-008 674.073048 560.708335
11 1.557570e-008 753.428105 801.012470
4 2.320340e-007 545.350151 763.778574
6 8.636920e-008 488.579501 719.519436
11 6.043130e-008 672.945252 731.060370
11 4.855590e-008 656.445775 604.802148
4 3.007020e-008 536.696954 654.683822
7 4.940630e-007 436.810992 535.644710
11 1.113810e-008 622.389171 722.273773
4 3.212680e-008 646.901970 802.451725
4 8.026290e-007 510.222838 781.146310
8 1.133120e-008 460.749353 755.938385
6 4.868780e-007 461.118263 761.451388
11 1.481900e-007 701.067909 683.840544
11 1.003880e-007 693.566561 736.483375
11 1.422320e-008 783.532694 720.937363
10 2.855110e-007 764.957096 499.948387
11 5.834500e-008 729.580853 760.231806
11 3.294230e-008 834.347920 693.001313
4 1.646040e-007 541.963175 766.945854
6 6.866430e-008 556.208088 847.732935
8 8.533790e-008 570.497942 928.774897
11 3.995470e-008 638.640859 647.630924
4 3.339600e-007 485.840577 753.804768
6 4.755070e-007 486.343810 754.119224
8 3.369910e-008 561.168041 800.874773
11 4.781320e-008 621.909338 708.900749
10 1.634860e-007 637.966882 467.722402
11 2.782060e-008 711.645431 504.506430
10 5.964640e-007 692.257051 346.597791
11 2.451430e-008 825.754071 446.486316
10 6.846960e-008 759.499593 509.642268
4 6.123160e-008 644.846975 759.960321
11 7.501490e-008 754.797845 752.271759
10 9.435450e-008 753.033889 499.275888
11 2.011350e-008 852.965871 512.491465
11 1.153090e-007 764.004853 516.825607
10 1.351690e-007 751.442422 505.925232
5 1.034440e-007 439.983806 165.430637
10 1.045820e-007 516.165571 396.634547
7 3.074640e-007 455.846644 501.110160
9 2.928020e-007 218.045637 524.058306
7 9.869560e-008 334.404871 612.346406
6 4.659130e-008 423.948998 615.473343
9 3.029210e-007 171.122156 482.037688
9 3.513560e-007 213.727703 488.787197
7 2.522280e-007 326.779447 573.977534
4 5.281510e-008 585.713107 754.846795
6 2.915020e-008 588.603796 771.240839
11 2.555080e-008 801.424022 645.692702
8 2.602040e-008 539.865021 861.124221
4 3.457790e-007 543.234438 859.624064
4 5.692480e-008 711.721452 792.332077
11 3.739820e-008 744.149710 835.365961
11 4.777470e-008 836.152018 794.090424
10 2.164000e-007 754.531497 497.631510
11 3.386130e-008 736.721821 511.052053
4 5.011540e-008 626.363670 867.207395
8 9.775380e-008 569.428907 957.342452
11 4.621120e-007 768.331614 677.305421
4 4.675750e-008 587.995786 701.194546
7 2.732600e-008 498.701948 476.710709
10 1.379280e-007 567.632657 487.731613
7 4.790550e-008 574.507442 500.661280
11 4.314970e-008 668.988950 451.010698
10 8.720340e-008 761.087062 362.341367
10 6.160080e-008 705.013409 533.629753
11 1.365580e-007 678.395466 602.971452
7 6.690300e-008 451.391023 427.737157
5 5.385340e-008 214.311748 96.035858
5 1.580320e-007 324.261745 41.901612
5 1.122440e-007 230.570667 48.234800
5 1.055310e-007 295.499547 70.886485
7 9.682710e-008 408.979929 379.528669
5 1.156370e-007 412.637019 140.047863
5 2.188050e-008 462.624535 187.162123
10 7.604800e-008 542.110784 372.490820
10 8.117040e-008 491.566549 357.372138
7 1.619980e-008 398.865164 418.453573
11 3.705430e-008 644.732318 756.322125
4 3.596890e-008 683.179960 831.779726
11 2.681320e-008 696.511268 783.057662
10 1.765980e-007 741.769881 498.098582
10 6.507470e-008 621.723861 510.059973
11 3.233950e-008 578.533514 584.867854
7 1.531040e-007 432.247646 456.279394
5 4.204200e-007 445.327825 84.362869
2 2.087030e-007 761.638526 113.260038
2 5.809850e-008 785.787198 85.442273
10 1.805670e-008 540.587454 428.645049
7 1.620460e-007 458.147248 461.952825
6 5.324560e-007 371.690231 683.642083
7 6.202140e-008 522.771449 460.042869
10 1.014120e-007 577.385275 407.302994
9 4.642200e-008 230.145428 588.599541
7 1.902140e-008 152.697952 513.809357
9 1.136490e-007 37.576710 524.593979
7 1.372790e-006 369.322705 568.603158
6 1.557960e-007 393.006809 630.826430
3 5.779090e-007 256.110507 836.459103
6 7.625820e-008 306.437422 692.987171
7 1.155590e-007 347.349292 622.125762
10 3.287160e-008 475.369332 452.497436
7 1.205880e-007 455.571630 449.361855
4 1.277470e-007 539.102650 762.512559
6 6.334480e-008 548.051676 782.612455
11 1.258470e-007 682.280975 655.940523
7 3.190230e-008 523.311547 695.363323
4 8.046210e-008 598.064455 740.279327
6 2.960070e-008 615.629604 750.833516
11 2.060500e-008 823.888748 810.298857
11 4.825610e-008 833.468912 759.339916
11 4.645840e-008 672.662638 704.172114
4 6.858700e-008 531.911747 630.588300
7 8.644490e-008 474.097830 587.022483
6 4.233160e-008 451.814845 570.231086
3 9.819560e-007 259.082432 869.107454
3 1.066680e-006 179.758935 867.875514
6 4.395800e-007 347.694276 779.789379
8 1.391320e-007 321.111001 930.551375
3 2.909580e-007 266.576418 841.270507
4 8.705950e-008 396.513686 847.117589
6 1.441640e-007 421.550687 858.792455
8 5.745570e-008 314.523346 808.885141
3 2.934030e-006 245.161343 876.444472
3 1.194100e-006 185.007189 864.866185
9 8.390370e-008 164.088825 675.235406
6 1.327760e-007 321.685583 677.491423
3 8.919720e-008 175.494373 776.098686
8 1.119150e-008 339.121264 870.083010
4 2.131790e-008 335.241436 870.150739
3 2.607540e-008 229.138660 750.458666
9 1.276070e-007 201.301646 662.250819
3 6.497040e-008 165.922826 754.416174
3 4.147840e-008 127.390901 751.767820
9 6.198290e-008 186.419445 680.798869
3 4.830150e-007 167.949644 914.618696
6 4.858490e-008 352.858530 965.149288
8 1.135640e-007 366.546379 975.094070
4 4.128300e-008 405.520000 885.028801
7 3.304170e-007 416.288980 584.362804
9 7.295980e-008 269.637621 536.216658
7 2.105180e-007 239.800238 576.248060
9 2.350760e-007 76.302535 512.515510
7 8.627840e-007 421.946983 544.355308
5 1.172080e-007 417.832904 182.377034
7 9.161470e-008 360.814982 391.885650
5 1.956860e-008 269.904118 156.303822
10 1.080760e-007 582.772804 374.295405
7 1.165900e-007 417.771808 412.388771
5 2.921320e-007 419.365402 108.834012
2 1.579540e-007 767.054346 118.450931
2 1.815260e-007 652.924668 84.584224
5 1.577230e-007 441.429580 80.847180
7 2.269570e-007 394.058798 428.500735
10 1.466860e-007 627.309650 515.618396
11 5.961530e-008 696.830447 555.756100
4 1.840660e-007 550.811246 876.747290
8 1.638410e-007 536.264572 898.387801
11 5.549620e-007 729.401039 639.354221
10 3.466620e-008 737.792656 640.030220
11 2.153290e-007 744.718101 729.005453
8 2.326830e-008 624.493268 872.487296
4 1.037070e-007 627.205639 870.045051
11 1.794630e-008 643.438284 732.216344
6 8.316050e-009 632.635744 774.328735
11 1.471610e-006 749.622482 638.928497
10 6.595720e-008 578.461441 436.379254
5 1.463590e-007 437.820326 108.707123
10 1.015280e-007 602.949469 485.280121
7 3.785610e-008 607.055700 488.155339
11 2.566070e-008 705.114647 556.817056
11 1.226310e-007 668.447005 578.178373
10 2.142900e-008 579.357522 467.722254
5 7.878090e-008 485.068080 73.851692
7 3.643210e-008 372.364665 300.780054
5 1.182280e-007 467.143187 147.998574
10 2.871100e-008 603.533524 310.271200
2 6.202390e-008 772.081026 147.991103
7 2.035310e-007 394.434585 425.316000
10 1.110420e-008 563.365819 395.995027
5 1.194540e-007 456.959163 112.355744
10 2.353980e-008 520.369980 446.724724
7 9.913050e-008 514.769000 434.980629
5 5.238580e-008 524.654127 164.068837
7 1.022050e-007 479.512800 464.134196
5 5.784470e-008 396.175097 89.509221
10 1.035450e-007 566.848020 334.614038
7 1.607270e-007 440.314523 417.723556
7 3.044290e-007 421.906994 566.152742
10 6.987700e-008 603.704582 462.978310
7 3.567030e-008 363.361811 350.338562
11 5.480520e-008 597.382769 677.894737
4 7.159450e-008 605.448210 743.582007
11 2.797040e-007 802.006432 681.054984
11 1.105260e-007 668.004754 680.320591
7 2.050290e-007 476.844230 571.180825
5 1.755510e-007 379.085831 110.473561
2 9.097430e-007 756.882728 38.173259
5 3.253940e-008 472.457174 211.909413
10 1.234360e-008 554.526392 241.718511
5 3.341800e-008 524.986207 166.542018
5 7.019860e-008 460.784073 172.548427
5 4.513860e-007 463.552516 46.302126
5 2.180710e-008 552.892883 33.790259
7 3.261990e-007 460.186381 504.706270
11 4.364450e-008 660.546840 507.261363
10 6.665640e-008 678.819446 601.265316
11 5.540600e-008 805.177228 732.793034
8 9.818910e-008 564.944425 956.471389
4 1.798820e-007 514.573316 900.328346
6 2.403370e-008 524.778833 827.712357
4 4.514250e-008 601.035764 759.099013
11 1.740610e-007 772.330231 730.152507
10 1.228030e-007 811.885781 489.251937
11 1.999290e-008 922.795459 682.301535
10 4.397640e-008 737.550811 582.982362
11 3.448260e-007 736.899708 584.378641
11 1.843400e-007 699.443303 640.049898
11 2.600410e-008 660.614634 845.649366
4 1.159590e-008 693.161484 904.814332
11 7.538740e-008 801.926504 743.912711
11 4.186710e-007 760.837897 675.888900
10 9.981910e-007 699.807623 441.339370
11 1.114070e-007 729.359186 553.684968
11 2.246900e-007 738.190574 690.169570
11 6.248030e-008 818.282698 518.451112
10 9.709590e-008 788.356337 492.617193
11 1.405000e-007 853.179313 688.462734
4 1.011620e-008 683.604338 897.237569
8 2.825070e-007 508.541544 992.343980
11 1.007020e-007 749.789951 745.551256
4 5.060120e-007 493.441523 761.271644
6 7.323630e-008 502.554787 702.921947
10 1.068680e-007 732.648506 554.041631
11 1.571710e-008 734.096754 553.991053
7 3.048830e-008 513.782177 498.359569
4 2.637620e-008 509.632983 617.519074
6 2.904970e-008 510.879445 611.654904
7 1.820480e-007 407.608795 633.928010
3 1.685120e-007 212.381907 772.494127
6 2.300450e-008 178.133557 771.896330
3 1.123760e-008 61.905822 981.094794
6 1.170050e-007 324.848109 839.488989
8 4.506940e-008 282.625712 884.713575
3 1.350770e-007 204.366904 955.177540
4 3.733510e-008 307.179647 903.986543
3 4.353080e-008 341.118785 1004.844070
8 3.044880e-007 406.087499 1006.551726
3 5.826110e-008 288.217392 764.294509
6 8.848170e-008 346.132780 756.155023
4 4.505430e-008 341.922945 736.038161
9 4.978110e-008 172.082341 751.319649
3 8.868450e-008 127.512231 817.771382
9 4.628810e-008 82.415735 678.073095
6 2.901110e-008 236.887452 681.645878
9 6.038200e-008 267.476514 699.925539
7 2.121080e-007 458.588577 569.163495
9 5.137430e-008 104.230763 588.978133
7 2.600280e-007 256.521793 546.250539
9 1.001680e-006 174.211763 535.451241
7 6.523900e-008 240.394843 493.826950
9 3.701130e-007 80.943905 498.549941
7 4.380570e-008 278.047580 512.573476
6 4.379900e-008 291.881475 585.857988
9 2.521740e-007 203.864505 571.917378
7 9.282140e-008 266.329851 555.385159
9 8.959080e-008 314.378422 570.075026
9 3.386820e-007 90.027239 499.608654
9 9.453280e-008 168.356584 402.500797
9 4.451410e-008 138.909897 441.861794
7 1.038760e-007 252.701529 450.390339
9 8.536220e-008 247.486996 408.180154
7 3.767220e-007 289.438853 508.497815
9 2.479630e-008 325.812064 452.276002
9 2.045810e-007 118.627669 480.447537
7 2.441540e-007 293.462467 533.695545
6 1.016510e-007 404.528965 657.046812
4 2.973940e-008 371.415689 795.954913
8 6.553240e-008 351.194533 843.592661
3 1.431590e-007 328.191909 855.075306
3 2.053110e-006 217.240418 906.281176
6 1.558470e-007 264.768098 853.377542
3 2.503980e-007 218.109111 949.042200
8 1.119660e-007 373.259331 973.227616
6 2.983420e-008 261.247913 843.435264
3 4.597990e-008 338.312960 771.571444
4 6.729640e-008 367.376971 714.348646
7 4.073020e-008 364.789406 714.758480
6 2.982850e-008 307.715060 898.074755
8 1.129560e-008 291.068152 920.900340
3 7.148540e-007 242.747288 920.056818
3 4.140420e-008 265.746005 834.268367
6 3.929720e-007 374.115494 786.019236
4 3.403130e-007 448.155739 748.868806
8 1.937180e-008 445.474761 742.847196
7 3.961970e-007 385.762202 608.729794
9 2.232740e-008 197.235735 487.675513
6 4.559420e-008 457.115768 598.199290
7 1.449630e-007 475.328580 597.244741
11 3.091940e-007 695.410431 649.647156
10 9.031480e-008 769.550482 484.684309
11 3.747370e-007 782.697550 634.632000
10 9.980760e-009 878.018550 548.213932
11 1.452900e-008 815.018733 824.307779
4 6.221040e-009 645.568870 875.425719
8 1.626960e-008 649.404090 870.146972
4 6.364960e-008 628.719621 765.450373
11 1.746040e-008 592.409119 697.212832
8 7.471590e-008 569.410004 762.817464
10 1.719090e-007 748.910923 545.112234
11 1.048360e-007 752.017499 545.885984
6 2.104450e-008 450.090578 590.182482
7 4.077330e-007 448.090474 589.333484
3 2.064390e-007 170.700230 832.539537
3 6.706750e-008 153.562778 736.613274
9 8.368380e-008 215.592437 655.939385
7 1.416950e-007 384.217388 647.102272
6 1.465900e-007 328.217977 652.144832
3 1.448250e-007 110.430554 825.372345
9 2.992600e-008 69.047980 734.695528
3 5.231350e-007 198.333217 858.053280
8 1.919990e-007 359.305669 890.113202
6 2.034940e-008 381.228062 863.041290
4 1.132560e-007 396.903762 843.683405
3 2.138900e-007 209.883005 800.188801
3 5.282950e-008 84.523429 903.650059
9 2.802440e-008 125.400000 795.142554
3 1.369730e-007 274.117332 781.209693
6 2.264270e-007 296.444959 797.191228
8 1.007650e-007 301.867102 900.654529
3 4.809830e-008 52.480682 858.363152
3 2.178540e-007 159.926193 838.161337
8 4.217660e-007 387.155067 987.010894
6 1.211750e-007 292.488521 865.076828
4 1.852910e-008 267.961522 804.393029
3 3.603760e-008 281.342270 741.441754
7 3.862550e-008 328.037080 688.912116
8 5.720350e-008 345.739510 813.015343
6 5.764200e-008 245.407324 795.324126
3 2.935730e-008 228.254931 770.473156
4 1.050120e-007 382.687926 845.118187
8 7.098690e-007 396.344255 942.286705
6 2.524990e-007 375.509261 863.114434
3 8.374170e-008 254.030203 775.330568
8 2.881510e-008 225.515516 948.313248
3 2.092340e-008 161.863443 909.321039
6 1.050930e-008 154.174991 823.171262
9 1.736140e-007 85.698359 647.220019
6 2.324610e-007 314.952951 746.096189
3 7.818620e-008 352.031456 822.118576
4 7.427560e-008 360.077767 884.249194
8 1.224440e-007 354.392432 888.084016
3 5.001890e-008 149.340501 760.374936
6 2.824580e-007 364.761425 717.268228
4 3.637130e-008 395.150470 714.854566
9 6.552590e-008 292.606605 646.093534
7 5.480560e-007 368.225758 612.425520
6 9.601160e-008 349.417733 649.725128
9 4.010860e-008 99.367416 705.374763
3 1.121390e-007 246.012908 753.022363
6 3.495300e-008 187.885626 790.918494
9 1.342950e-007 43.827533 695.396381
3 1.795140e-007 163.875657 794.415025
6 3.414710e-008 192.261655 725.607280
9 1.470640e-007 106.768594 676.087923
3 1.413590e-007 174.484453 795.451196
3 6.316300e-008 225.873137 708.609334
7 5.681310e-008 222.555820 671.579211
9 8.936450e-008 222.243701 671.823066
3 1.767800e-007 280.442951 938.263239
8 6.674480e-008 334.702549 936.368298
6 9.587270e-008 395.158858 913.771817
4 8.994110e-008 378.416923 835.006805
7 8.018990e-008 444.879734 583.375252
9 3.348670e-007 204.550561 547.382389
9 1.514450e-007 32.341965 561.191055
7 5.554330e-007 326.388532 533.579564
10 8.351390e-008 708.826799 572.710543
11 3.323510e-007 766.375569 589.212526
11 3.363500e-008 830.892277 774.142875
11 1.191050e-007 818.786144 566.219856
10 3.909110e-008 827.617455 543.217062
11 3.814680e-008 727.479410 472.110411
10 3.074910e-007 698.135222 435.871294
10 4.948800e-007 787.201048 381.796510
10 2.477390e-007 676.580826 295.434618
10 3.394180e-007 701.080428 335.910803
11 2.075010e-008 704.937197 434.471356
10 8.731500e-008 639.536480 518.285452
11 1.436920e-007 691.340618 539.430726
11 3.972260e-007 805.576859 638.571766
10 4.807560e-008 696.888530 506.729266
11 6.001710e-007 754.904823 568.351245
11 4.931720e-007 816.547206 646.823494
10 2.465710e-008 548.079653 505.439930
7 5.634860e-008 502.480073 385.532891
10 2.923230e-008 582.221636 248.870542
5 6.606020e-006 377.930227 29.492018
10 1.338750e-007 552.875160 308.118326
7 1.459070e-006 384.368598 493.919967
6 1.668380e-007 378.669165 715.299884
4 2.836720e-008 304.017074 732.534735
3 1.016940e-007 226.903097 750.337960
9 9.572750e-008 9.732167 656.573561
3 5.746260e-008 257.060945 764.914761
6 6.042660e-008 272.255749 830.347903
3 1.264630e-007 152.649248 964.813700
3 1.464040e-007 336.841265 897.989311
8 1.075840e-007 365.987921 847.505725
6 4.512170e-007 373.593318 834.332766
4 6.916920e-008 405.714745 755.067724
7 2.267940e-007 341.240777 603.178266
9 4.108590e-007 205.829124 563.230799
7 1.059820e-007 266.704548 462.294502
9 1.300990e-007 247.695194 518.207046
7 2.850700e-008 446.930907 401.386627
5 2.925220e-008 281.472543 161.566981
5 1.150860e-007 362.235610 117.235279
7 3.501090e-007 408.278000 458.959763
5 2.192630e-007 472.191758 92.059152
5 4.118590e-008 411.833556 227.737849
7 1.827730e-007 406.754828 462.607353
7 6.514390e-007 408.700411 604.175383
6 3.698810e-008 492.974820 607.118406
11 1.366440e-008 566.650847 590.397108
7 6.385240e-008 317.362526 346.795033
10 1.096610e-007 620.111107 563.068033
11 1.857320e-007 687.826758 638.273434
11 8.429040e-008 711.839969 744.184000
4 2.000390e-008 696.459839 857.655767
11 3.185010e-007 769.744897 671.566478
10 8.209340e-008 868.943615 467.631486
11 5.234490e-008 844.025299 527.848988
10 4.433900e-008 765.966872 571.198580
10 1.064710e-007 851.326721 317.198716
11 6.998900e-008 640.596111 566.371052
10 1.211150e-007 632.919542 570.282479
7 4.401520e-007 415.378791 598.180779
6 2.090260e-008 342.109851 578.548238
9 3.889880e-007 178.915834 592.961690
7 6.969380e-008 173.840249 437.791593
9 2.665450e-007 158.262607 456.592098
7 7.660400e-007 356.194416 564.546458
5 5.541270e-008 364.287698 186.711350
2 2.059350e-007 737.801630 54.540197
5 6.195290e-008 410.376018 174.974016
7 7.996980e-008 548.233678 476.788881
6 7.319250e-008 490.416290 713.242105
4 1.290970e-008 529.050063 789.064733
8 1.642280e-008 617.304044 844.975149
11 6.286100e-008 725.831634 785.459422
4 8.784230e-008 576.868378 876.633994
8 8.542140e-008 541.172197 819.092419
6 1.130570e-007 532.682801 722.054444
7 2.221340e-008 573.418895 615.189280
11 5.144870e-008 673.310256 564.291992
10 3.348150e-008 748.337007 519.245888
11 7.143140e-007 724.389443 655.943647
11 5.429910e-008 917.166199 639.344955
10 2.459600e-008 912.837758 459.033139
11 4.404310e-008 860.911674 633.946378
10 9.675080e-009 722.528373 499.221163
11 9.589310e-007 739.883571 664.348963
4 3.389900e-007 559.013265 791.899448
11 1.921950e-007 774.642958 672.443124
11 2.476530e-007 695.957286 650.985228
4 9.953060e-008 518.483501 711.987386
7 3.297490e-008 477.256287 756.198284
6 1.050880e-007 474.878576 754.580051
7 3.093830e-008 422.201810 659.979552
6 6.976140e-008 423.372036 662.736400
3 1.470780e-007 250.967495 798.527438
8 3.959580e-007 382.577172 901.352347
4 6.253890e-008 385.695543 903.788690
3 2.960450e-008 344.538943 819.770655
6 7.916930e-008 350.484684 812.930842
4 3.072730e-008 400.337239 658.310683
7 1.631900e-007 444.754910 582.976033
10 4.308840e-008 481.442797 552.566799
7 1.024630e-007 222.335367 522.177557
9 1.636890e-007 227.394306 524.536575
6 4.149280e-008 407.684355 658.656848
4 3.474300e-007 424.719925 804.814834
8 8.881990e-008 414.847706 811.473754
3 4.923550e-007 283.777054 899.882339
3 2.880400e-007 188.152832 798.346558
3 1.929150e-008 80.065113 848.869635
6 5.435330e-008 234.464330 818.715143
3 4.131590e-006 209.973105 866.050027
8 1.157880e-008 255.874137 818.831940
6 3.866760e-008 253.559216 815.127324
3 2.180630e-008 231.961608 747.716182
4 1.203130e-008 413.719480 709.721749
7 1.198680e-007 411.736517 673.585462
6 1.646050e-007 387.144413 690.173059
3 2.586960e-007 241.914037 771.023124
3 1.233830e-007 184.526275 782.426289
3 4.429150e-008 74.679099 840.447066
9 3.681410e-008 124.431532 757.486404
3 8.540190e-008 106.016000 775.786052
3 2.783350e-007 174.784250 869.369819
9 3.294780e-008 122.844330 761.610620
3 6.470010e-008 165.738069 791.769154
6 4.109790e-008 233.544119 823.119737
3 5.687340e-007 235.772229 844.318195
3 1.443850e-007 216.265282 961.387894
8 2.730380e-007 344.127144 954.686777
3 6.568320e-008 227.157135 663.858491
9 3.925670e-008 272.398361 648.280805
7 2.700230e-007 340.835380 624.716228
6 1.076800e-008 389.737004 627.865401
4 2.088380e-008 329.710345 784.238958
3 1.000080e-007 123.668697 823.810442
6 7.120410e-008 269.529815 937.769290
8 2.119740e-008 222.639796 943.490207
3 1.432640e-007 189.917830 784.862952
8 1.657850e-007 353.130086 919.820853
4 3.655040e-008 322.315073 853.788659
6 7.069670e-008 322.052292 853.314592
3 7.342350e-008 285.120387 786.688246
3 6.822760e-008 142.136360 988.824403
3 3.759340e-008 29.464702 924.548124
3 2.442550e-007 176.919587 806.290284
6 9.058490e-008 313.838033 847.405450
8 1.710460e-007 355.702336 883.797840
4 5.420220e-008 397.862866 897.522830
7 3.991720e-007 439.945371 565.847600
6 3.192300e-008 539.160694 625.564999
4 5.608020e-008 662.492040 732.997564
11 2.074640e-008 708.194959 756.284243
11 3.919490e-008 637.791526 739.874816
10 4.523660e-008 621.062306 528.580938
7 5.441490e-008 570.161333 540.005733
10 6.842950e-008 580.227701 337.786239
5 3.240140e-008 494.071291 168.148597
5 2.500450e-007 403.467486 59.884442
7 4.981570e-008 480.887121 619.832014
6 1.103320e-007 497.462002 688.558173
4 1.757580e-007 554.095476 745.192045
8 2.617860e-008 606.748272 996.459632
4 6.549330e-008 619.698694 773.127943
11 8.701550e-008 652.581037 603.963778
10 4.103700e-008 783.057109 503.851625
4 1.381900e-007 584.323033 825.433990
11 1.390450e-008 801.000875 698.852604
10 1.790280e-007 797.849162 434.366966
11 9.374790e-008 725.988668 585.514459
10 8.635940e-008 705.823613 529.882987
11 1.225670e-007 714.285312 529.239128
6 5.246470e-008 621.790468 665.963316
4 1.484390e-008 631.085013 662.762972
11 5.594290e-008 652.943380 733.210746
8 7.741820e-008 562.080436 823.295722
4 2.884500e-007 578.764891 798.638045
11 3.817330e-008 685.713330 687.889642
11 1.451470e-008 876.360904 799.310961
11 2.243640e-008 595.252466 631.803636
4 6.789380e-009 593.281592 745.628286
8 8.149780e-007 486.211822 933.233422
6 5.973630e-008 483.146006 936.092349
4 1.534210e-005 493.458628 843.699708
8 1.074320e-007 495.663293 807.521306
6 1.197400e-007 494.755044 803.248345
4 2.125450e-007 481.945741 911.915887
6 5.103480e-008 463.710453 636.100413
7 2.027410e-007 468.041689 512.067230
10 1.267070e-007 594.947676 452.792725
11 2.348280e-008 593.496591 609.691483
4 1.401030e-007 581.949056 829.745897
11 1.888540e-008 593.630497 706.796807
6 4.445150e-008 592.974473 855.514186
8 8.462450e-008 652.138939 901.738626
11 1.285580e-007 829.727067 657.296621
10 1.629940e-007 760.991688 515.797463
11 3.068080e-006 736.729246 633.454513
11 5.759410e-008 699.480502 778.281268
11 4.329040e-007 690.623275 647.255186
10 9.477820e-008 790.841792 499.915090
11 1.784270e-008 921.835000 528.738770
11 1.568340e-007 763.656116 679.626086
10 1.831820e-007 718.706798 500.967215
11 1.401410e-008 714.781819 483.966211
7 5.477360e-007 373.791575 568.794761
9 5.909330e-008 188.509891 410.712826
9 2.319990e-008 238.186150 400.241715
7 3.565020e-008 168.714204 438.750863
9 1.135830e-006 114.883989 490.513918
7 1.036920e-007 200.995362 427.941358
9 7.783400e-008 215.383951 463.553749
9 9.752180e-008 175.462987 441.111382
7 6.055450e-007 303.355930 504.085007
9 1.305170e-007 190.825568 572.619000
7 4.046580e-007 284.634211 558.426443
7 2.350100e-007 425.716654 441.206904
7 4.961390e-008 517.050748 362.993255
10 2.129500e-008 574.600923 207.911881
5 3.930530e-007 460.105015 38.640529
5 7.632490e-008 455.058143 104.132350
2 8.997550e-008 763.946867 99.221642
5 2.743370e-008 428.776233 207.027625
10 3.783870e-008 589.603029 387.659490
11 1.746940e-008 598.559493 628.085391
10 6.595590e-008 571.084615 539.766034
7 1.465410e-007 485.582565 591.059718
9 4.548490e-006 144.453857 564.187332
7 2.478100e-007 289.290209 500.933143
9 3.087720e-007 168.323942 483.716771
7 3.763210e-008 229.134133 395.153632
9 8.118900e-007 192.142634 545.317794
7 1.576450e-008 245.971836 469.446520
9 1.183180e-006 168.779067 519.576013
7 3.797630e-007 367.504990 619.978290
6 3.503170e-008 376.796420 597.718679
7 3.570590e-008 487.069581 409.152504
10 6.452140e-008 571.294741 432.764799
11 6.957000e-008 680.368758 541.839573
4 1.059220e-007 643.739997 793.356782
11 7.949720e-008 681.881719 733.941512
4 3.645330e-008 645.532787 901.187719
8 3.919190e-008 646.888402 901.354169
11 2.260170e-007 845.363355 574.933238
10 2.374560e-008 743.726771 587.552293
11 3.036690e-008 620.268798 516.638125
7 2.607280e-007 472.540672 522.110950
10 3.339510e-008 489.105458 514.796729
7 1.864710e-007 420.059455 609.829857
6 2.133810e-007 424.403870 695.469156
4 4.817400e-008 428.057822 716.191806
8 8.426490e-008 443.333656 802.825632
7 1.431110e-007 297.712697 470.289538
9 1.431230e-007 202.257002 487.002035
6 7.275810e-008 417.527872 596.440837
7 2.918920e-007 451.163871 591.713708
10 6.041000e-008 572.291739 369.545475
5 1.050490e-007 410.961248 89.523884
9 2.124840e-008 262.597445 354.113688
5 4.656740e-008 205.208225 99.113772
7 1.483300e-007 364.400776 395.887198
6 3.196710e-008 344.109738 578.967513
9 5.892540e-007 180.986344 501.589884
7 3.613920e-008 171.807128 506.066915
9 1.182250e-006 167.153424 564.421714
7 1.128360e-007 255.760378 582.616094
9 2.345970e-007 197.701459 508.189368
7 5.582060e-008 286.442487 414.845827
9 3.160910e-007 199.248697 506.275393
9 2.492810e-007 178.507240 422.798151
7 2.979420e-007 308.813030 587.514475
6 6.711420e-008 492.041405 699.554951
4 2.519980e-007 528.599212 771.303168
7 1.278390e-007 448.585034 549.013223
6 2.150640e-008 479.825428 619.727523
4 3.750640e-008 546.056631 632.184938
11 9.321730e-008 677.270144 553.344674
10 7.481320e-008 638.034201 544.188268
7 6.566950e-008 509.846154 533.382346
5 3.404020e-007 473.132948 54.082117
7 8.975740e-008 538.227640 510.767682
6 3.889750e-008 596.474807 787.782014
11 7.872970e-009 600.085619 796.288609
4 4.882960e-008 600.354505 796.922068
11 1.421090e-007 713.212214 704.414367
4 3.319900e-008 713.489206 703.761810
10 4.985430e-007 759.674242 480.602858
11 6.949150e-008 616.666386 610.557280
4 2.206670e-008 610.950563 750.840457
8 4.511290e-008 569.627181 889.810032
11 7.846210e-008 718.677939 713.328825
10 3.442100e-007 783.103560 473.963763
11 1.823290e-008 852.715181 503.303199
10 9.793710e-008 819.404241 452.967618
11 4.305110e-008 720.337731 515.860704
4 1.119810e-008 668.054833 723.897556
11 1.086920e-007 627.271108 656.924192
6 4.302320e-008 614.279118 826.277197
4 5.854930e-008 657.563500 890.020654
4 1.831030e-007 545.529847 879.959741
8 3.184560e-007 496.581161 869.449999
6 1.446000e-007 494.726572 763.220554
7 2.677520e-008 496.851585 735.368694
4 1.840420e-007 540.360106 751.202568
6 4.655640e-008 509.404419 624.262405
7 2.359080e-007 436.708972 558.510131
4 1.915570e-008 712.928578 816.864901
11 2.548500e-008 840.977412 698.313535
10 2.357010e-008 701.616017 649.988285
4 2.338440e-007 583.312928 921.196898
8 8.628100e-008 583.359169 950.709133
6 6.261210e-008 500.411891 715.264206
4 4.750380e-008 499.741108 710.491309
7 1.060440e-008 584.879866 498.757995
10 9.143320e-008 614.630267 430.417624
10 4.000430e-008 500.797476 437.044356
7 2.240260e-007 408.382780 433.817185
10 3.874830e-008 556.872629 425.656884
7 2.357150e-007 377.479646 413.112352
5 1.686130e-007 442.078965 103.395335
10 5.664000e-008 574.858109 416.539534
6 3.639350e-008 573.130027 800.599801
4 3.095040e-008 574.284700 805.230995
7 2.317900e-007 398.927386 581.165110
10 1.499510e-007 569.641021 395.411179
7 4.306970e-008 474.279653 346.225995
2 1.790640e-007 739.691542 62.433378
2 2.480060e-008 826.011767 143.286527
5 2.748120e-007 381.777946 78.191906
10 1.338290e-007 573.332670 401.391825
11 4.216380e-008 672.968416 493.332270
10 4.697110e-008 722.980624 224.623706
10 7.854940e-007 751.352333 431.248283
11 2.225680e-008 647.867541 559.041411
4 7.311830e-008 553.230104 752.093291
6 2.920650e-008 609.912768 728.991021
11 3.803660e-008 706.875003 828.074076
8 1.122080e-007 562.445072 956.660536
4 6.635990e-008 565.114433 954.171309
11 9.815270e-009 629.961601 746.944576
10 1.609750e-007 752.320670 490.279878
11 1.311130e-007 760.422183 550.965626
11 2.041760e-007 840.179400 617.825719
10 1.234770e-006 659.425581 418.573548
11 7.727710e-008 688.057200 564.522729
10 1.286940e-007 768.143850 260.958584
11 9.081370e-009 649.291964 455.438687
10 3.843140e-007 649.741320 451.778888
11 9.202010e-008 706.847031 698.461031
10 8.491340e-008 731.958049 510.024699
11 8.240660e-008 801.150876 698.541743
8 3.652750e-007 511.781811 952.195752
4 7.034320e-008 508.321670 954.035540
8 3.254700e-008 558.046617 901.054913
4 7.637370e-007 505.006229 865.429966
6 5.470600e-008 560.334727 862.530320
11 5.409350e-008 569.840545 648.918572
7 1.390180e-007 461.902628 517.186611
5 3.135660e-007 443.714199 83.113768
7 2.838570e-007 442.643600 465.138507
9 1.785440e-007 222.603299 559.243607
7 9.566480e-008 212.732936 529.976332
9 5.380950e-007 121.649749 477.782436
7 1.965460e-007 415.057878 611.772813
10 1.606610e-007 625.408536 520.766188
11 3.299550e-008 565.732140 578.394860
7 1.256530e-007 476.311678 567.435567
10 2.172380e-007 639.457369 497.290520
11 2.301650e-008 739.468898 483.231245
10 4.983020e-008 836.456932 480.508870
11 4.190270e-007 800.359739 580.275374
11 6.342340e-008 771.620649 778.620272
4 1.269550e-007 571.803439 875.898901
6 6.167650e-008 495.344244 885.287172
8 3.002650e-007 489.060526 886.058738
4 6.865490e-008 622.221756 839.462141
11 4.173580e-008 685.106245 693.256287
11 1.218140e-007 733.163190 741.193487
10 4.114530e-008 778.042291 557.189774
11 1.896810e-006 746.718784 648.159652
4 7.152370e-008 620.188186 819.347873
11 3.295310e-008 897.693701 720.849816
11 2.892110e-008 796.326311 750.979282
4 1.217140e-007 596.203629 804.435013
8 1.103250e-008 643.485544 734.336532
11 3.831710e-007 728.516045 589.846054
10 1.181240e-007 785.690233 453.042264
11 1.607510e-007 829.495885 570.747436
6 8.551170e-008 462.457762 644.601832
4 3.047040e-008 460.414000 634.986492
7 2.520220e-007 449.052097 581.531873
10 1.534500e-008 499.085014 264.072718
5 7.068280e-008 447.127803 114.136996
10 2.018480e-008 475.884262 362.813714
5 8.800670e-008 459.138863 119.514008
2 4.283180e-008 799.152850 153.241290
5 5.704290e-009 441.883353 154.991988
5 5.474190e-008 378.023873 123.838698
5 8.720740e-008 418.034218 173.386222
5 1.431810e-007 353.709939 6.318437
2 1.057980e-007 776.262743 96.723352
7 1.410610e-007 508.931364 438.383364
10 1.295990e-007 550.182479 490.522126
7 5.261120e-008 493.578667 481.747968
10 1.855970e-008 589.095312 574.181243
11 3.209550e-009 572.012358 588.515560
6 2.817330e-008 538.322733 674.535867
4 3.017610e-008 548.250640 674.709159
8 3.183090e-008 544.249215 736.507024
6 1.590110e-008 491.108963 619.607123
4 3.540880e-008 484.995789 611.782587
7 1.509180e-008 467.171882 588.968940
11 7.303570e-008 680.770764 563.556766
10 6.528230e-008 753.882239 585.909244
11 4.768110e-008 751.892456 558.228494
10 4.310590e-008 676.500278 551.632777
7 6.869240e-007 433.641967 539.464425
10 1.314100e-007 596.724907 400.438686
11 4.734460e-008 685.900078 522.718149
10 7.776140e-008 670.361693 562.269705
11 8.135550e-008 709.003721 693.847643
10 4.798640e-007 708.958582 453.507688
10 5.578930e-008 607.001164 565.687227
11 1.988030e-008 574.185228 642.864234
6 1.628330e-007 502.310584 749.423361
4 1.329180e-008 496.924730 757.408262
8 2.942750e-008 497.060600 755.687429
11 2.466240e-007 790.842394 684.840910
4 1.516220e-007 577.402326 847.958738
8 1.857300e-008 610.946852 808.840880
11 1.370400e-008 724.537167 765.515916
4 1.680650e-008 648.110198 777.096463
11 4.216020e-008 625.056438 513.928909
10 2.028340e-007 685.175911 526.566603
11 5.999540e-008 596.710368 633.556675
4 3.056680e-008 639.857114 618.323732
11 4.072050e-008 648.850187 599.885117
10 3.856280e-008 702.546404 593.354899
11 5.942820e-008 682.555598 464.038580
10 2.579850e-006 729.965891 387.584092
11 2.307050e-008 820.786826 594.615200
10 1.673790e-007 688.416114 484.163854
10 1.863790e-007 741.234167 339.547167
10 1.001630e-006 756.212607 385.859595
10 1.075400e-006 682.477116 382.560388
11 3.325920e-008 628.452887 589.247628
11 2.502510e-008 709.065530 744.734884
4 2.192040e-008 713.302074 937.659857
11 1.850840e-006 771.070587 625.384000
10 6.988640e-008 757.118535 505.322726
11 4.282780e-008 875.169777 636.431812
4 5.610270e-008 534.481096 773.051212
6 8.175120e-008 497.254547 731.806083
8 1.485850e-008 493.454440 721.365451
7 1.801390e-008 454.065990 584.735474
11 8.098540e-008 680.411745 598.261971
10 7.244670e-008 729.466919 525.534942
4 1.848850e-007 506.638684 764.844310
6 7.054540e-008 506.850482 764.345337
10 1.653700e-007 664.003035 466.447048
10 6.182320e-008 677.855480 276.596602
11 1.237280e-008 620.901488 550.389924
4 7.065970e-008 582.096804 734.177461
6 4.446400e-008 526.105032 667.449251
7 4.612740e-008 545.046535 635.070267
11 3.289030e-008 638.280495 706.877543
4 2.498770e-007 498.681423 760.141774
8 4.284340e-008 520.999172 731.576277
6 1.465550e-007 538.932957 708.622013
7 2.143160e-007 425.165013 589.490001
7 7.002430e-008 528.767039 410.822636
10 4.677830e-008 498.534540 425.381404
7 6.099290e-008 351.269413 324.871974
5 2.725870e-008 464.682427 230.563059
9 6.950930e-008 169.670727 371.367103
5 3.074020e-008 241.606994 64.714694
5 7.901920e-008 345.670896 206.293766
5 1.414900e-007 310.778055 70.359007
5 1.159340e-008 190.679321 115.097624
5 9.959150e-009 184.457002 56.324925
5 6.326440e-008 257.912305 137.597513
7 3.009120e-007 372.755215 469.101670
9 1.023280e-007 234.184180 466.312549
7 5.262210e-007 358.240048 551.877069
10 7.552190e-008 627.188750 515.725968
11 2.529440e-008 686.385501 484.065898
10 4.468660e-008 813.610588 520.018601
11 2.531360e-008 852.605306 521.257023
11 2.681900e-008 751.318057 485.618111
10 5.511310e-007 750.355404 490.680446
11 2.353990e-008 554.613747 495.208064
10 4.568070e-008 545.950077 495.359287
5 3.993750e-008 607.853519 86.044261
2 5.682570e-008 660.504326 89.617600
5 8.853250e-008 505.078602 83.693752
10 1.413200e-007 565.255113 391.665251
7 1.267970e-007 346.487114 444.080294
2 2.650500e-007 710.205241 43.384952
10 1.601120e-007 595.555874 386.232220
11 9.838560e-008 675.208110 597.655924
10 2.945030e-008 670.085896 529.729223
11 9.045230e-008 668.806373 529.048893
7 5.829550e-008 500.537553 378.719236
5 1.372340e-007 506.031223 24.663904
7 2.252500e-007 407.296747 467.198403
6 1.428290e-006 404.062455 746.300764
4 8.490960e-008 399.512451 760.304169
8 1.201760e-008 372.337925 843.938350
3 1.252830e-007 319.529384 909.371661
6 1.321000e-007 321.232736 881.538068
4 4.645570e-008 307.344916 886.869089
8 5.283270e-009 224.401022 918.708189
3 6.434130e-007 205.245974 914.591837
6 3.182590e-008 398.846023 983.442302
8 7.185580e-008 323.763453 913.427831
3 8.143190e-007 278.294347 849.864127
6 3.577940e-008 241.482175 836.188286
7 1.181430e-007 364.409460 609.021232
11 2.508640e-008 702.245507 692.789964
7 2.376970e-007 461.290065 543.945178
6 3.355650e-008 520.846031 607.066095
11 2.012270e-007 686.910087 661.732388
4 1.093620e-007 604.811332 899.079861
8 5.443460e-008 615.330491 904.910714
11 2.929560e-007 801.063124 670.922796
4 9.115310e-008 557.261831 734.416090
6 2.438400e-008 581.380582 813.304960
8 8.231660e-009 607.176818 897.680640
11 1.009020e-007 710.689162 722.026416
10 1.170140e-006 693.200924 431.046088
11 7.841990e-008 674.711953 556.469531
10 7.523140e-009 581.011847 284.598630
2 9.892780e-007 778.646786 60.582616
2 4.212520e-008 601.477788 73.379438
7 9.099610e-008 449.132573 436.422972
2 3.199030e-008 582.833896 131.535293
5 1.710520e-008 451.829363 191.743088
7 3.661780e-007 403.008914 455.350063
6 1.120150e-007 364.538576 692.142886
3 3.070160e-007 271.408589 817.752496
6 2.973410e-008 279.102338 842.233571
3 3.690840e-007 190.661251 918.818730
8 6.222410e-008 345.614964 883.044483
4 4.546760e-008 349.171300 882.223430
3 1.536150e-008 344.746945 741.955064
6 2.333650e-007 348.317489 740.512474
8 3.255270e-007 353.999000 911.487426
4 2.585660e-008 353.999000 915.329430
3 9.598070e-008 110.360578 859.113504
9 1.618070e-007 138.606422 683.478122
6 2.301860e-007 312.995745 741.091449
4 1.049480e-007 401.227381 835.708331
3 3.612150e-008 402.582962 837.162014
8 2.162370e-007 435.683910 864.810959
7 6.079220e-008 295.163305 710.614611
6 6.523260e-008 213.964808 736.997785
3 1.011930e-005 231.640233 873.207526
8 5.684020e-008 331.949040 842.627940
3 1.465310e-007 337.561311 842.431976
6 1.123920e-007 341.219417 842.304245
4 2.653950e-007 396.078177 840.388734
7 9.532410e-008 379.924877 652.825483
3 4.504630e-008 175.848699 710.947949
6 2.254180e-008 173.214673 708.404297
9 1.130420e-007 142.820414 679.052875
3 6.071920e-008 322.027786 929.497862
8 1.772230e-007 360.674765 911.476510
4 9.634650e-008 437.773985 875.524614
6 7.668010e-008 446.615833 866.740978
3 1.191490e-007 255.787796 903.306872
8 3.742460e-008 231.043256 905.907575
9 2.139190e-008 96.318580 785.420691
3 1.126010e-006 181.645241 859.295442
3 1.949350e-007 275.552747 956.327480
8 7.250540e-008 251.117941 889.193556
3 1.145200e-007 162.476566 959.414794
6 1.013610e-007 352.334442 853.269087
4 1.566760e-008 284.471472 883.598638
8 3.816600e-008 273.247497 888.832490
3 3.219140e-007 255.095363 839.331660
6 1.010510e-007 370.998110 950.761866
8 1.315540e-007 350.185886 959.035301
3 1.492550e-007 176.040989 771.853814
9 9.884110e-008 154.789338 724.179749
6 4.554450e-007 315.453376 794.586592
4 6.359450e-008 366.579055 732.568738
3 2.604800e-006 243.683781 846.369508
9 1.514780e-007 205.975140 653.433872
7 1.259220e-007 358.280680 648.115268
6 1.791270e-008 371.136031 643.767038
10 5.611190e-008 516.907280 362.627503
5 4.111390e-008 478.269360 152.233843
10 1.270130e-008 497.855478 428.755860
7 1.740690e-007 424.435116 432.091154
7 4.832240e-008 480.396996 554.537385
4 8.225030e-008 453.760408 696.076433
6 3.776720e-007 455.419616 791.132494
8 6.609110e-008 456.630347 860.170353
7 1.170110e-007 489.259024 599.611979
9 6.393170e-008 310.824793 578.856359
7 3.047930e-007 451.486552 564.509996
10 5.039540e-008 574.802822 270.268397
5 4.476310e-006 400.345875 26.017216
10 4.402250e-008 632.296410 543.890432
11 9.391800e-007 732.941224 651.819094
6 2.046100e-007 477.623726 744.166554
4 1.194960e-007 475.478078 748.377631
8 2.854140e-007 522.287882 875.885567
11 9.114490e-008 658.123878 671.958756
4 2.442640e-007 525.162058 779.199107
6 6.911470e-008 480.869816 840.162271
8 1.126250e-007 482.975719 869.413783
11 3.297080e-008 641.332454 676.030325
4 4.739310e-008 676.173256 815.455070
11 2.319480e-007 751.183906 669.662258
10 4.604920e-008 734.531236 600.095118
11 3.189160e-008 784.838825 771.173357
4 4.379100e-008 691.189032 739.429918
11 1.935260e-007 765.542519 692.968319
4 6.562730e-008 563.457312 688.955402
