11 9.614580e-008 781.958000 531.419000
9 9.808880e-008 781.958000 531.419000
10 8.880450e-008 744.575303 563.915148
4 2.665920e-007 732.135463 574.728891
9 7.382570e-008 723.713681 582.049803
5 1.698510e-006 625.098708 667.794937
11 3.953060e-008 788.582413 601.743424
10 1.618170e-007 648.542082 503.272501
4 6.056410e-008 661.635003 494.104736
10 1.147740e-007 773.711302 365.977048
10 1.657460e-007 676.500917 476.241066
4 5.239250e-008 659.121399 551.520833
5 1.681690e-007 643.876349 617.555101
9 6.392910e-008 585.619894 601.145037
10 2.197520e-007 631.730374 485.860678
4 1.891680e-008 653.852000 514.034057
10 8.933490e-006 732.621001 471.618413
4 7.137720e-008 702.948866 522.626449
9 8.482670e-008 788.178549 670.248601
11 1.440080e-007 811.593231 638.406041
10 3.074490e-007 783.636897 567.057053
4 7.470830e-007 724.125870 618.788985
5 3.017790e-008 787.312250 642.796266
9 7.430860e-008 880.939811 669.643837
11 3.184340e-008 920.735386 659.496021
10 1.920140e-007 815.344360 550.568093
4 7.818060e-007 776.316137 618.166947
5 2.816830e-008 778.648501 633.821069
9 7.429370e-008 848.943212 570.527689
10 8.551800e-007 764.130315 515.485379
4 8.117620e-008 827.483318 503.170729
9 1.588750e-007 760.652872 665.446569
11 2.577240e-008 708.981951 710.363408
5 1.714790e-007 703.421215 715.197281
2 1.526120e-007 639.307595 822.886407
3 7.956450e-007 863.614874 933.704667
11 9.587190e-008 829.279750 906.481701
9 9.876000e-008 681.945629 825.659563
2 9.051590e-008 672.675017 788.477581
5 6.365920e-007 643.984882 673.584486
4 6.377980e-008 635.387494 670.455284
6 4.706670e-008 443.804918 592.131039
5 3.715350e-008 609.029511 585.386996
4 1.252530e-007 702.612767 578.843192
10 6.213920e-008 706.996126 578.536686
9 6.575400e-008 788.023881 572.870824
10 1.170260e-007 609.768763 486.390920
5 1.559030e-007 563.424267 591.921365
4 2.850590e-008 555.577800 596.451540
6 1.390030e-007 457.818704 602.383893
6 3.773980e-008 295.027080 541.952237
7 2.952690e-008 201.142063 531.249996
7 5.334670e-008 147.324126 505.437977
6 1.325990e-007 356.572226 589.612692
7 6.436440e-008 225.989195 739.247537
8 2.086610e-007 249.340121 794.258857
6 1.911070e-007 315.494162 744.864345
8 1.042790e-007 91.425830 733.305174
7 1.926900e-007 87.292277 729.836715
6 9.483120e-008 277.651783 745.536419
7 2.423340e-007 130.672707 679.451539
8 7.016020e-008 109.907442 756.948222
6 2.873340e-008 252.578208 804.704040
8 2.683990e-006 176.752604 802.720177
7 1.150150e-007 181.064616 651.054187
6 1.737610e-008 176.340859 640.484742
2 8.944510e-008 360.386784 914.270828
8 1.937600e-008 128.692842 936.731369
7 7.539370e-008 135.116501 766.661289
8 4.130240e-007 161.343514 863.282723
8 1.778880e-008 345.883955 859.420100
6 5.848450e-007 395.282199 723.697921
8 4.607170e-008 182.164408 968.673857
6 1.477020e-008 251.109821 948.129206
8 2.432900e-007 126.494214 808.348502
8 2.334430e-008 410.136456 856.167725
2 5.294140e-008 383.944758 793.840085
6 6.242600e-007 331.415110 728.970979
8 3.377650e-008 375.670014 916.056130
2 1.074150e-007 397.323095 935.147388
8 3.753340e-007 139.681691 887.444448
7 1.250330e-007 50.057743 799.138637
8 2.325200e-008 250.456553 725.667790
6 5.801190e-008 260.294821 655.666866
7 1.455360e-006 60.960038 631.610533
8 4.124660e-008 134.805773 720.487469
7 4.539350e-008 172.545763 775.954367
8 8.275030e-007 203.176391 847.721099
6 3.492210e-008 360.372371 909.327720
2 4.823340e-008 379.033243 826.355240
6 3.074130e-006 367.048182 656.370781
7 1.043330e-007 173.958922 593.627214
6 1.129040e-007 358.281258 578.501079
5 2.973710e-007 565.479437 641.455438
10 1.416020e-007 594.792205 505.044438
10 1.993080e-007 632.819236 557.228975
4 2.557800e-008 668.795624 624.890319
5 5.786390e-008 674.678506 635.873377
9 1.454000e-007 678.885798 636.615255
11 5.768130e-008 833.277236 663.839344
10 6.660850e-008 745.532212 621.096029
4 7.089520e-008 829.917668 592.040006
9 1.800760e-008 845.383005 586.714904
11 6.528090e-008 773.469915 678.451139
5 7.811050e-008 743.562987 653.162553
10 1.367630e-007 812.564573 572.870334
4 8.294070e-008 888.195954 648.501212
9 1.096030e-007 849.887816 753.982037
11 9.776680e-007 842.602416 760.315100
3 6.484240e-008 798.466781 798.681395
4 2.125680e-008 886.679648 545.709156
10 2.004780e-006 746.329028 502.629866
5 3.354870e-006 580.214029 676.087686
9 7.842280e-008 539.718444 630.549486
6 3.217100e-008 500.910771 511.112332
10 6.731800e-008 610.355742 557.806216
4 1.976370e-007 694.358280 595.206644
5 5.795190e-008 570.164839 539.912272
2 4.654640e-008 578.484646 681.930182
9 2.383020e-008 628.762674 607.390639
4 5.458970e-008 658.556710 563.219577
10 3.561540e-007 647.918162 538.491949
5 1.666340e-008 567.150547 519.845083
6 1.071440e-007 490.220664 698.976933
2 7.296690e-009 659.245728 767.267105
9 9.146200e-008 662.390124 768.537516
11 1.492230e-007 726.998215 776.261371
4 4.759670e-008 727.342947 776.237266
5 6.481820e-008 754.308445 774.351708
3 1.709380e-007 812.378949 770.291140
9 9.185320e-008 556.254855 758.371946
2 5.395350e-008 506.603410 746.714810
5 2.767930e-007 504.061514 732.299001
6 7.110510e-008 484.461531 621.141948
6 1.413930e-007 358.141789 587.839002
5 3.147790e-008 373.587741 561.923602
6 3.462070e-007 401.709538 627.007990
6 4.121240e-007 336.031234 754.456528
8 7.282040e-009 336.702236 749.682080
6 1.172930e-007 245.561469 751.729138
8 1.015640e-007 241.060385 753.456929
7 4.235190e-008 185.219944 762.139851
8 2.161110e-005 187.781862 835.502490
6 3.485270e-008 160.223789 667.798393
8 7.163740e-008 112.649608 678.682167
7 5.234390e-007 116.407667 668.892094
6 1.522640e-006 328.263009 651.091411
5 3.067520e-007 547.806582 615.981331
9 7.677200e-008 660.002979 621.083998
4 1.334110e-007 702.845803 610.402175
10 1.083070e-007 768.787341 617.967330
11 7.059270e-008 790.206325 692.664178
3 1.513560e-007 802.502921 784.571087
5 7.608560e-008 693.699933 726.719919
9 1.038830e-007 669.540807 642.782257
4 2.823650e-007 712.845495 594.687766
10 4.491480e-007 774.011395 530.783922
11 1.551660e-007 888.636110 734.353652
3 7.005630e-008 874.742725 822.072198
9 2.343240e-008 767.957785 940.335970
2 1.437840e-007 673.454602 852.490552
11 9.543540e-008 686.660744 790.651754
5 2.918860e-008 693.023439 793.222452
4 8.434140e-009 760.963746 820.672139
3 1.961730e-007 843.034756 853.831004
9 3.301190e-008 802.811584 804.729170
11 2.900610e-007 890.066982 814.457514
4 3.249190e-007 809.992837 661.380480
9 2.630130e-007 805.298719 671.004885
5 3.720770e-008 736.858615 810.527238
3 2.141310e-008 703.365113 868.539662
2 1.689170e-007 624.686966 970.658175
5 9.818050e-008 646.495174 820.947453
9 8.443490e-008 613.409629 792.771340
11 2.298680e-008 578.510863 775.750045
2 1.260200e-008 499.670156 737.296793
6 5.557230e-008 474.272884 782.437991
5 1.920300e-006 597.939587 733.487682
9 6.201460e-008 587.142110 665.316086
4 3.124670e-008 582.138798 640.443828
2 8.734130e-008 540.979474 723.200068
6 1.227250e-007 486.878399 669.098636
5 1.179340e-007 476.462901 629.573090
4 2.269210e-007 681.793589 573.393949
9 8.377430e-008 692.849590 560.675473
10 1.773890e-006 744.429270 501.339828
11 1.207630e-007 740.284527 704.113875
5 1.520960e-007 666.961629 761.400104
4 1.731510e-008 657.208662 782.719457
9 1.875230e-007 673.996602 781.250684
2 5.286340e-008 686.654845 780.143218
3 4.121770e-008 794.304587 799.752877
11 1.037500e-007 713.293645 871.146498
9 4.888240e-008 860.056132 851.423083
4 2.039880e-008 664.372247 739.779756
5 4.073420e-007 655.390350 713.694236
10 6.321170e-008 639.138147 644.144124
9 8.881160e-007 687.665945 748.213247
11 2.127800e-007 744.382215 761.716486
3 9.188520e-008 895.091486 745.445161
4 1.030750e-008 897.945478 761.630695
9 5.252300e-008 749.080555 900.336560
11 4.010150e-008 752.826035 901.849835
3 1.214120e-006 899.785690 961.225497
2 4.089330e-008 746.480718 778.419498
5 6.910770e-008 757.006942 692.687856
4 2.582590e-007 758.067782 684.047763
9 1.102890e-007 755.937802 669.160662
11 7.294570e-008 752.052471 670.972430
6 2.919050e-008 432.098871 501.027590
5 5.399310e-007 553.130216 642.077924
9 1.392420e-007 599.069186 768.294436
2 4.480720e-008 684.104866 848.449782
11 7.109820e-008 755.857559 906.554262
3 1.791480e-007 761.796561 861.337779
4 4.614820e-007 736.547688 687.173527
5 6.093310e-008 734.166223 674.921954
9 4.697040e-008 705.442022 527.148769
10 6.026570e-007 704.738664 523.530308
10 6.344680e-008 833.050540 401.307068
4 5.132060e-008 720.856576 531.122482
9 1.240940e-007 802.219743 635.249481
11 5.945730e-008 799.974687 638.706554
5 5.240640e-007 628.611081 773.146191
2 9.453080e-008 554.457650 756.026700
10 4.637240e-007 655.312340 527.729228
4 9.487630e-008 656.193883 521.456902
9 5.188370e-008 657.057106 515.314920
10 2.181640e-007 752.564299 351.301124
4 6.398880e-008 692.317285 474.383167
10 9.484470e-008 604.548146 498.456464
5 7.508900e-008 673.716951 584.559381
4 1.000770e-007 716.903033 580.780998
9 9.892890e-008 767.318604 576.370102
10 5.144490e-008 785.000511 573.920861
6 7.191590e-008 414.153185 529.820507
5 6.936040e-008 597.092307 549.005339
10 2.185180e-007 645.067300 489.761266
4 5.474290e-008 688.584400 436.022224
10 8.476570e-008 769.026323 352.489883
10 1.002820e-007 780.558197 406.034459
10 1.034240e-007 791.360790 406.949180
10 5.474690e-008 798.436078 357.038327
10 1.655780e-007 689.974303 386.281680
10 1.659390e-007 636.017716 529.170334
4 5.873070e-008 590.720026 570.430257
5 1.763990e-007 584.248526 571.688186
6 2.316590e-007 347.877618 589.819367
7 6.621190e-008 181.186143 612.195587
6 1.818300e-007 289.843488 592.266856
7 2.110470e-007 114.097431 569.312037
7 7.912220e-008 78.418899 507.132925
7 2.214670e-007 135.432304 596.562072
6 1.516080e-007 435.438996 594.908652
5 1.091340e-007 474.957383 596.968127
10 8.634160e-008 701.553790 590.150506
4 1.889250e-007 707.608389 590.786857
5 8.666070e-008 735.045939 593.670599
9 1.066230e-007 732.322750 556.961576
10 4.138270e-008 704.001112 380.541267
10 1.682210e-007 743.453885 409.810111
10 8.640930e-008 789.767635 366.038694
4 4.490060e-008 664.106798 493.762044
9 2.220200e-007 736.077452 610.979073
11 3.490690e-008 797.353660 582.405565
10 1.250460e-007 809.838061 541.570872
4 1.000710e-007 688.339090 496.820183
6 1.624280e-007 457.328507 604.130757
5 1.937970e-007 545.285777 641.466406
6 7.744900e-008 370.024596 810.056234
8 2.795920e-007 242.645774 875.260676
2 7.024690e-008 394.246452 913.897452
6 4.968710e-008 234.460828 774.690663
7 1.263920e-007 140.871178 733.021997
8 1.406200e-007 86.618212 708.867097
6 3.318590e-008 394.286428 828.886045
8 3.702860e-008 180.686942 905.161113
7 2.810020e-008 223.832856 736.055336
6 1.643540e-007 271.459104 726.717479
8 2.016120e-007 244.631851 806.687569
6 3.393870e-008 229.962610 814.487348
7 4.651950e-007 120.755905 680.003017
8 9.646640e-008 328.440791 806.432276
6 8.863000e-008 341.855729 783.398760
7 9.817300e-008 51.286262 793.503040
8 1.431360e-007 123.181863 861.801412
6 5.251120e-008 226.039303 832.864960
8 3.962660e-007 208.181914 843.174948
7 2.638360e-008 210.402127 732.915892
6 4.628110e-007 401.801509 732.289975
2 6.404470e-008 349.011513 856.654697
8 1.424510e-008 302.116943 814.465076
7 4.052290e-007 119.407295 656.863089
8 4.043320e-007 128.282399 804.774638
6 9.608780e-009 147.997638 761.750542
7 2.236470e-007 75.214472 739.498563
8 1.257500e-007 269.307442 763.715680
6 6.058700e-008 325.876480 832.931099
7 5.307820e-007 60.212146 668.401175
6 3.496370e-008 173.244154 669.656111
8 7.355560e-008 105.905818 720.399300
7 2.100360e-007 19.218850 788.166763
8 3.110850e-008 60.938175 943.865747
6 5.760940e-008 247.146764 655.908078
7 3.873940e-008 257.236109 653.763524
8 1.794110e-007 241.619966 750.946190
8 4.626910e-008 169.189566 946.498683
8 1.874290e-008 157.198506 977.172998
8 9.580400e-008 211.026089 917.520779
6 1.008900e-007 220.088519 711.770153
8 1.008430e-007 246.464887 931.061259
6 6.211950e-008 304.292123 805.938869
5 1.816970e-008 381.291891 720.946879
8 6.699430e-008 224.354193 762.367161
7 3.610510e-007 63.606243 713.221700
6 1.580220e-007 379.630164 744.659462
8 3.087670e-008 383.887196 742.395941
10 5.120830e-008 566.689289 532.315223
5 6.132490e-008 459.563935 583.513009
6 1.123090e-007 472.093740 570.076495
9 4.132630e-008 680.783712 550.287268
4 1.699570e-007 688.929505 544.792857
10 3.831880e-007 696.968297 539.370619
5 5.120340e-008 703.471693 534.984020
11 1.061110e-007 730.216101 722.469461
4 2.159050e-008 522.687810 514.206935
10 2.424090e-008 512.919097 513.523835
5 3.257170e-008 505.016236 512.971209
6 2.055920e-007 419.255549 622.261338
8 1.664620e-007 293.625618 846.023392
6 1.343340e-007 306.088356 771.424974
8 2.791850e-007 227.719376 801.428549
8 2.228230e-008 267.716334 987.839265
6 6.783280e-008 217.074242 811.966007
8 5.173260e-008 33.942487 729.620823
7 7.520420e-007 24.326276 709.904740
6 5.917680e-008 203.655852 776.410106
8 1.377520e-007 98.871845 903.834184
7 3.571010e-008 28.541124 843.227624
8 5.480780e-008 76.400083 914.180143
6 3.958610e-008 314.851346 826.009712
8 4.752710e-008 319.872902 866.906348
6 1.162870e-007 262.483179 707.574209
8 1.297500e-007 227.464870 733.016341
7 7.161780e-008 148.797019 778.810923
6 4.832500e-008 271.401042 877.781781
8 5.261920e-008 233.430263 888.390372
7 1.116310e-007 65.924593 753.408042
8 1.735370e-008 24.570073 754.245289
7 2.028670e-008 272.896841 706.742562
6 3.231310e-007 283.965541 707.710959
8 2.213800e-008 348.218804 713.332452
7 3.162420e-008 100.322547 868.386408
8 1.091110e-007 147.036047 924.057534
2 2.227810e-008 296.028142 808.446812
6 9.858090e-008 228.666808 738.692076
8 9.271140e-007 168.123517 882.191837
7 1.602200e-007 113.686909 731.981475
8 4.908040e-007 136.654694 834.802258
6 1.344550e-007 261.659402 728.744305
8 4.705640e-008 142.597408 915.087614
2 8.239320e-008 392.627196 865.288300
8 4.074810e-007 207.679040 863.346831
7 5.997850e-008 146.136902 731.369057
6 4.268750e-007 315.298405 761.493392
8 1.011480e-007 313.885601 799.970703
7 1.755230e-007 184.265063 708.426931
6 4.876090e-008 190.127272 693.155268
8 4.927450e-008 191.439939 667.886575
8 2.619380e-008 334.700925 1002.026696
6 1.216300e-007 288.096567 852.396270
8 5.774450e-008 337.657649 770.163010
6 1.246190e-007 258.943727 657.999519
7 1.274840e-008 157.430949 800.765478
8 5.638220e-008 217.626908 950.913357
6 3.490630e-008 287.566223 811.210177
7 3.560220e-008 218.645777 763.819021
8 9.547400e-008 263.708183 736.649930
6 4.727780e-008 276.311557 916.878353
2 1.183760e-007 408.645676 916.634063
6 4.551000e-008 296.266345 812.236108
8 6.256460e-008 292.684954 808.654740
8 3.567820e-008 368.539047 832.800004
6 3.004600e-008 420.376727 844.724628
2 3.277980e-008 359.809776 863.241778
8 8.341720e-008 247.366734 977.040113
6 3.713290e-008 108.637206 709.143780
7 1.929400e-007 90.528054 698.262699
8 4.325570e-007 130.881362 824.986643
6 1.902590e-007 395.743397 750.088264
5 1.352400e-008 446.110306 583.309721
5 9.894320e-008 598.364951 560.180033
10 2.082450e-007 688.073502 569.608756
9 1.680730e-007 733.242778 574.356226
4 5.293880e-007 765.025204 577.696685
10 7.582850e-008 714.472376 617.203163
9 2.254190e-007 699.400637 673.451748
5 1.486760e-007 693.859636 694.131075
4 2.783710e-007 691.606612 702.539490
11 1.233790e-007 682.375590 736.990185
2 4.592790e-008 583.811552 784.846787
9 2.252630e-007 710.739007 610.613850
5 5.114230e-008 731.511860 605.434654
4 5.328010e-007 739.958260 603.328754
10 9.307460e-008 784.032573 592.339917
9 3.122740e-007 673.313007 750.763030
5 1.492520e-007 706.104686 772.058125
4 2.766270e-008 713.852324 777.089483
11 3.881410e-007 727.279034 785.808862
3 5.983110e-008 681.756471 808.652807
2 9.123190e-008 654.792617 824.527998
9 1.108620e-008 753.829451 863.739772
11 7.786800e-008 703.561035 829.833281
4 4.166250e-008 635.025182 783.605242
5 1.657160e-007 632.441409 819.716386
2 8.527230e-009 689.185286 933.733664
9 3.987660e-007 743.149670 760.479553
11 2.417560e-007 772.538922 709.575895
4 7.586560e-007 812.608131 640.174017
10 8.519190e-008 754.029378 637.500334
5 4.523650e-007 662.830311 685.991825
6 9.788910e-008 454.512338 688.100046
2 3.143150e-007 487.936948 860.055520
5 7.620040e-008 543.479640 710.879184
4 4.946390e-008 570.789406 638.211897
10 2.929410e-007 633.201418 491.176701
9 2.198940e-007 653.176347 655.170287
5 2.128110e-007 674.208725 652.587922
4 1.936940e-006 746.359666 650.792994
11 3.822500e-008 803.315361 705.794445
3 1.047730e-007 860.870486 766.296861
9 3.080360e-007 802.576617 655.813262
5 2.772430e-008 823.545278 656.179334
4 6.421000e-008 912.698900 657.735782
11 5.670130e-008 877.857650 676.694535
3 2.054920e-007 819.593331 886.597580
9 4.571440e-008 821.317696 885.477767
11 2.071340e-007 859.235408 858.369177
2 9.995660e-007 581.406531 917.182661
5 1.249540e-007 569.578419 819.352031
2 2.548380e-007 577.707071 811.223434
9 1.842490e-006 701.575702 699.967919
11 1.092700e-007 708.686382 694.609649
4 8.739750e-007 760.738235 655.385849
10 4.241760e-008 806.214129 685.477538
3 4.491710e-008 769.532155 814.962336
5 1.570820e-007 663.468627 751.232889
9 7.762920e-008 591.751125 761.049561
2 1.212990e-007 563.406260 800.063058
11 1.168090e-007 728.785149 855.775455
3 5.237260e-008 788.656140 733.021686
4 1.361900e-007 800.373425 708.997681
9 4.118780e-007 780.711549 722.949610
5 2.315120e-007 671.022700 805.606210
2 2.723890e-007 635.041663 817.697741
10 1.048970e-007 788.227020 622.085103
4 2.527100e-007 832.733754 618.972852
11 7.277800e-008 870.491107 616.332568
9 6.214530e-008 869.717361 612.648031
4 3.832040e-008 733.433707 771.511774
11 2.602750e-007 713.693221 800.778408
9 5.140310e-008 710.233757 805.907303
5 3.562070e-008 764.267165 839.685694
3 9.909410e-007 839.003199 863.969022
4 1.722130e-007 701.198000 691.721310
11 3.204310e-008 701.198000 653.871772
9 3.229880e-007 701.198000 647.238782
10 7.573230e-008 725.244369 612.865141
5 3.758800e-008 733.097203 614.391578
4 5.800800e-008 626.934419 508.939460
10 4.488420e-008 554.565695 428.491662
5 3.588590e-007 597.672940 613.308911
4 3.141240e-008 642.099162 679.173243
9 4.253280e-007 654.639009 697.764262
11 5.778090e-008 614.445122 680.822084
10 8.847480e-008 647.898615 632.047083
5 5.572660e-007 640.381274 634.783166
4 2.898800e-008 565.725629 661.955550
9 8.469660e-008 544.653146 669.625292
6 8.085140e-008 481.659744 798.300269
2 2.091690e-007 479.718426 806.709064
2 6.761980e-006 562.563349 881.671741
9 7.840020e-008 693.474846 805.804905
5 9.703600e-008 694.298447 805.521318
11 8.462610e-007 763.956982 781.536134
4 4.656510e-008 769.416853 779.656163
3 1.488230e-007 844.776097 753.708081
2 2.695480e-008 686.940831 820.257534
9 4.686660e-007 685.000691 661.984282
5 1.811040e-007 684.697629 661.194773
11 2.247980e-008 659.064924 594.419018
4 3.258630e-008 657.055851 589.185182
10 7.399590e-008 634.801088 531.209304
6 4.552370e-008 450.621810 607.351929
5 8.423420e-008 502.326677 633.178466
6 8.596050e-008 477.958911 747.821170
2 3.096850e-008 471.228000 733.497078
9 2.306360e-007 642.336641 693.065702
5 4.063720e-007 627.768400 677.979823
11 1.294640e-008 594.073720 643.087905
4 1.733490e-008 590.335099 639.216443
5 1.157400e-007 663.103415 582.817602
10 7.108950e-008 681.725149 586.775735
4 1.656620e-007 719.656782 594.838273
9 1.102550e-007 749.700971 618.357458
2 6.426700e-008 730.664643 797.945246
11 2.666510e-007 727.918411 817.794278
5 6.734530e-008 687.138951 849.654852
3 5.665500e-007 827.482884 849.131482
11 3.189940e-007 859.587392 750.323097
9 4.970110e-008 850.777610 751.948561
4 6.689350e-008 724.490103 797.913597
5 1.093670e-007 651.851125 813.738096
2 8.260170e-008 613.517484 747.342178
6 7.964580e-008 393.449357 591.907725
7 1.129940e-008 224.247256 541.319236
6 4.659680e-008 452.573731 619.346295
5 7.170870e-008 528.110787 598.100199
5 6.622070e-008 600.093131 519.208682
10 1.205840e-007 677.984498 524.869187
4 2.949340e-007 740.582788 570.349224
9 6.677560e-008 829.577074 635.006955
11 2.311020e-008 842.151308 593.797698
10 7.487790e-008 810.832690 638.919229
4 1.721890e-005 764.039981 626.591796
9 1.260240e-007 690.051564 578.542921
5 9.739270e-008 541.611119 563.154077
6 2.331590e-007 405.254816 624.028941
8 3.718810e-008 362.802394 820.883193
2 2.081630e-007 420.952188 900.180245
6 1.136650e-007 285.919576 794.819732
8 5.428700e-008 339.652064 860.360541
6 2.019640e-007 228.836828 645.622818
8 5.997490e-007 196.535764 866.275100
7 1.090620e-007 165.186762 714.289746
6 9.930950e-008 325.279964 766.307166
2 3.223350e-008 400.829573 973.398433
8 9.998720e-008 270.289440 752.396088
6 6.741680e-008 197.250380 688.904212
7 1.009790e-007 162.066680 653.712881
6 7.460140e-008 290.308378 601.939529
6 3.150880e-008 471.449823 538.137303
5 2.255100e-007 531.577615 702.070051
10 1.945820e-008 562.076362 617.678229
9 8.888910e-008 614.149669 708.149029
4 8.930110e-008 669.780892 658.058351
5 1.058520e-007 674.680177 653.647007
11 4.017610e-008 721.963068 611.073216
10 2.533360e-007 808.551177 487.949610
9 9.343390e-008 783.512803 733.886670
4 6.976480e-008 784.489020 743.174748
11 1.523250e-006 791.828820 813.008204
3 7.583840e-008 741.563829 810.477589
5 1.067860e-007 669.394842 770.473748
2 1.200240e-007 674.822115 908.162073
9 1.420520e-007 717.055690 832.223772
11 1.582130e-007 739.213317 754.951869
5 1.421550e-007 739.741002 753.111637
4 1.403190e-007 757.183757 754.987454
3 2.938030e-007 774.220870 917.088248
9 8.366060e-007 768.963516 707.402478
11 5.592530e-008 679.366246 680.009945
5 1.917350e-007 677.573299 679.461788
4 2.376630e-008 622.114501 665.973557
9 6.516590e-008 718.054255 585.451865
10 2.331860e-007 753.084641 560.000851
4 5.265960e-008 866.755264 477.414477
5 1.670010e-007 505.179622 610.550587
9 8.595190e-008 621.533478 800.108352
2 1.513610e-007 654.338148 809.514823
11 1.528760e-007 713.083920 826.359692
3 1.916820e-007 798.559331 839.929547
4 1.851520e-007 748.350328 685.402733
5 8.336050e-008 752.217136 710.350822
9 1.446190e-007 784.539041 858.662288
11 4.261080e-008 690.226110 871.917124
2 7.453480e-007 596.960443 885.024777
5 2.347560e-006 570.283037 694.199379
9 8.175720e-008 693.892031 801.651623
11 1.094810e-007 662.182095 772.730702
2 3.503360e-008 596.308313 713.417565
4 5.861450e-008 653.387714 689.032630
5 1.262390e-007 748.788752 700.746588
10 1.442680e-007 699.547068 585.713403
9 7.214880e-008 691.438936 571.086030
4 4.942340e-008 731.640407 530.100433
5 4.298850e-007 632.844678 656.296154
10 5.944230e-008 631.331548 658.539465
9 4.967470e-008 630.406427 659.911017
2 3.136300e-008 651.231929 752.753356
11 1.385510e-007 722.856454 771.945155
3 1.183550e-008 697.383625 729.691576
4 9.667660e-008 679.453814 717.136953
5 1.305860e-007 688.020043 612.908421
9 1.624250e-007 691.618842 610.293738
10 1.227450e-007 746.020747 570.768404
11 2.521860e-007 766.666867 723.693011
4 3.145760e-007 806.761958 677.822037
9 8.883760e-007 792.959890 725.000120
11 6.404850e-008 786.279311 912.317541
3 6.296410e-008 785.748062 976.619955
2 3.348690e-007 572.180090 943.007218
5 5.579950e-007 532.028810 743.432733
6 1.111040e-008 546.737914 711.888875
4 1.713570e-008 588.299347 625.847030
10 2.668950e-008 564.803449 684.001550
2 4.098390e-008 521.524676 772.181803
5 9.168810e-008 543.134757 554.159860
10 3.721660e-008 540.112000 589.337464
9 4.525870e-008 583.049791 808.820915
5 1.959350e-007 583.841699 809.140867
2 3.162990e-007 599.631911 815.520545
11 1.111600e-007 749.150293 875.930062
3 1.372370e-007 795.255568 837.107334
4 2.311070e-008 879.380763 711.912953
11 7.016440e-007 860.625346 752.858517
3 5.748130e-008 838.688927 682.831779
9 2.070060e-007 837.927137 680.738772
10 1.485000e-007 788.101086 543.842368
4 1.304050e-007 782.178871 527.571163
5 1.625780e-007 736.743865 672.990677
11 3.059160e-008 790.629861 586.754644
9 6.160500e-008 819.186073 526.300094
10 1.176500e-007 697.309488 583.132076
4 1.662820e-007 682.823509 589.886999
5 1.016510e-007 461.522376 689.114402
6 7.413620e-008 510.697384 661.856229
9 7.407510e-008 643.427381 588.282734
10 3.286430e-007 646.818639 470.576021
4 8.790190e-009 646.536787 454.428459
9 6.796800e-008 879.960189 683.363333
11 1.318870e-007 887.033391 689.511956
4 2.079370e-007 806.608290 663.224028
5 6.229770e-008 723.871874 599.174533
10 1.520840e-007 729.957078 593.884721
9 1.932580e-007 732.432841 656.337547
4 6.405820e-007 747.334628 675.410863
11 8.905890e-008 777.832529 714.446190
3 7.193770e-008 829.900654 724.734378
10 1.740110e-007 761.630793 585.566816
5 1.411410e-007 621.777183 580.683041
4 2.814960e-008 584.237571 555.116399
9 2.022240e-008 549.858907 528.256795
10 4.749940e-008 597.018474 436.373809
5 3.445090e-006 562.600458 693.217662
2 7.312980e-008 622.004490 761.252000
9 1.289730e-007 630.547068 761.252000
11 6.038420e-007 763.837192 780.097863
4 5.109730e-008 763.762378 780.449836
3 6.855600e-008 744.205972 872.455592
9 3.516050e-008 841.181776 784.136284
11 2.003160e-007 798.934066 728.071367
4 9.165560e-007 783.926248 647.836099
10 4.314760e-007 766.700349 533.067149
9 3.456290e-008 850.913338 612.070208
4 1.869180e-008 831.351124 544.504775
11 2.066020e-007 850.368670 701.434355
5 2.117640e-007 647.788353 675.387676
9 4.992840e-008 639.110962 720.028434
2 3.421150e-007 613.815038 846.009907
6 1.651100e-008 509.280153 675.506728
5 9.038630e-008 561.896162 856.044096
9 1.002590e-007 690.228911 826.416236
2 5.639740e-008 723.154850 818.814707
3 5.591890e-008 715.505252 830.627829
11 9.196120e-008 714.632410 831.034846
5 1.866180e-007 673.794838 740.729001
4 5.990890e-008 659.740126 674.243276
9 7.788310e-008 622.066778 613.953824
10 3.214620e-008 577.130110 542.040728
10 2.059540e-008 703.585975 331.534049
10 7.497060e-008 689.183677 308.477405
4 4.984630e-008 763.614548 504.762788
11 1.010130e-007 812.819316 641.565021
9 8.196560e-008 811.748469 641.602413
4 1.750980e-007 700.231820 644.717397
5 4.954420e-008 738.313252 640.041512
10 1.195770e-007 741.026090 639.708412
11 4.971450e-006 791.644259 789.467485
9 4.143490e-007 792.615397 789.920336
3 2.137050e-007 845.014110 814.354368
4 9.480940e-009 909.476899 844.413995
2 3.920010e-007 618.303169 855.389461
9 6.867530e-008 573.610606 814.173359
5 2.598960e-007 524.404310 766.655300
6 4.518940e-008 457.320449 691.022771
10 1.764280e-008 478.619948 426.426083
6 2.977740e-008 407.458860 498.666182
5 4.735980e-007 603.911880 634.589501
4 3.144030e-008 648.523046 631.469964
9 1.572880e-007 760.765237 627.285768
10 5.659970e-008 758.993690 630.354184
11 8.833500e-008 730.138546 680.332847
2 2.994100e-008 684.777522 758.900593
5 4.219440e-008 777.486930 611.256196
4 3.400990e-007 797.560648 591.182620
10 5.599570e-008 892.177357 496.566581
10 4.348270e-006 706.503656 471.058518
4 5.848170e-008 742.869886 523.122630
9 7.344040e-008 855.941621 706.409022
11 6.558500e-007 848.305981 760.754444
3 7.234290e-008 827.539558 748.276805
5 3.730850e-007 686.837328 663.734962
4 1.872610e-007 729.049875 635.944963
10 2.470180e-008 827.947577 591.912610
9 6.199460e-008 762.533567 612.453620
5 1.232400e-007 528.452365 573.028244
6 4.149790e-008 520.042981 600.384965
5 8.495420e-007 608.589306 664.923720
4 1.259370e-008 594.643152 725.331331
9 5.535540e-008 594.455306 726.144983
2 6.578310e-007 580.901711 852.844346
11 1.905560e-007 751.371383 819.707675
3 6.264570e-008 731.019860 751.370333
5 1.191600e-007 667.171135 640.781515
4 5.246330e-008 609.786240 621.636382
9 5.665880e-008 609.033411 621.434661
10 3.604250e-008 569.689124 610.892305
6 6.383840e-008 471.241912 646.748020
2 2.530490e-007 516.519319 801.371383
5 3.688730e-008 662.132329 882.085849
11 2.128810e-008 698.846390 827.718347
9 4.952240e-007 707.708297 782.128872
4 7.273200e-008 795.427650 717.696565
3 2.396250e-008 850.161113 749.286829
5 5.865880e-008 699.269033 777.101316
11 9.070360e-008 699.035818 790.462411
9 9.458590e-008 698.216849 837.381838
2 1.675640e-008 697.501361 945.222968
3 1.069250e-006 874.342978 939.531383
11 4.220460e-007 762.486274 811.717832
9 5.767290e-007 807.533385 763.410579
4 1.162740e-008 818.055037 752.127456
3 6.463710e-008 764.857057 798.928672
11 6.576920e-008 814.832842 624.643858
9 8.295310e-008 758.892250 605.363902
4 3.776740e-006 743.655254 602.125166
10 1.965690e-007 728.548194 598.914049
5 1.438730e-007 614.821977 583.889977
11 9.302460e-008 767.436296 913.727668
3 1.760890e-007 771.693065 930.847198
9 1.065620e-007 776.638562 909.426005
4 2.251240e-008 754.096921 819.510222
5 5.285120e-008 709.186860 873.031599
2 4.283280e-007 618.399070 903.900434
5 8.502380e-008 476.060928 781.210805
2 4.131600e-008 474.595552 760.255825
6 7.083630e-008 470.668280 704.095584
4 2.366780e-007 655.034394 620.372795
10 2.490490e-008 634.856734 675.810272
9 7.679400e-008 632.607939 681.988765
11 4.442150e-008 603.975381 760.655810
5 3.714990e-007 598.216670 776.477686
2 1.016910e-007 596.712333 782.290124
3 9.743570e-009 763.542575 849.514417
9 4.384450e-008 699.168586 812.633512
11 5.786790e-008 620.274944 777.508032
5 5.188880e-007 604.407485 770.443431
2 1.480250e-007 598.711951 767.907632
10 1.169180e-006 690.933575 516.962327
4 1.521920e-007 772.244829 526.738738
3 4.356240e-008 866.950047 802.034413
9 7.657750e-008 866.458625 804.162972
11 1.229030e-007 865.512808 808.259715
2 1.490260e-007 635.095022 813.958164
5 2.588380e-006 610.323989 742.017835
4 4.893320e-008 577.586602 667.408585
9 4.042920e-008 511.852424 791.036113
2 7.070230e-008 667.233642 987.673225
3 6.709250e-007 830.446572 943.875823
11 9.781370e-008 765.915832 906.618915
9 1.219130e-007 664.913289 848.304962
2 1.238620e-007 536.284392 985.105390
5 6.163060e-008 544.497543 869.977330
2 1.371860e-007 612.807000 795.619063
9 1.513980e-007 626.420885 728.129469
4 1.408460e-007 678.964169 673.719532
10 6.621020e-008 727.883804 623.061977
11 3.462390e-008 772.363572 617.993374
5 5.069590e-008 792.797280 643.226716
3 1.023570e-007 783.871873 780.429918
9 2.373320e-007 695.640120 804.071595
4 5.100770e-008 624.085932 670.809305
2 1.639670e-008 623.045483 668.234123
5 2.435700e-007 586.921621 587.209747
6 3.111320e-008 516.511564 616.091119
10 4.168640e-008 600.635327 486.551360
9 1.934690e-007 608.512210 693.121046
4 3.826240e-008 609.811964 702.369369
5 1.418030e-005 610.729465 708.897799
2 1.042510e-007 630.517903 849.701310
11 4.294440e-008 626.179898 812.366907
6 1.054370e-007 434.735953 604.980180
5 3.249710e-008 576.768733 532.275064
10 2.831590e-008 493.871377 547.750941
6 1.203500e-007 377.682677 594.703766
8 1.090890e-007 189.251615 739.833194
7 1.059740e-007 116.763525 761.995072
8 9.461220e-008 247.872731 774.134865
6 3.033880e-008 306.188015 791.985078
2 6.795120e-008 375.740427 846.445595
8 8.139350e-008 343.219372 735.070573
6 5.281820e-007 316.216396 720.627262
7 6.126680e-008 237.597941 792.277730
8 7.753520e-008 264.168952 728.196423
6 3.224080e-008 209.470760 702.441347
7 2.955260e-008 140.203692 811.219174
8 3.402820e-007 196.329279 905.672066
6 3.400410e-007 295.807842 719.571335
5 1.590390e-007 522.579645 617.232635
6 4.145390e-008 400.691184 454.366832
5 1.072080e-007 520.027157 654.333881
6 2.770680e-008 538.378733 676.996212
9 2.408720e-008 524.499898 676.043898
2 4.824040e-008 523.060434 674.604434
6 1.383720e-008 155.576101 546.852204
7 2.619020e-007 40.793994 560.945748
6 8.970270e-008 416.872868 588.422472
5 3.002870e-008 391.821321 706.279778
8 6.129940e-008 324.521148 934.375616
6 2.850540e-007 366.455376 756.180281
8 2.674460e-008 392.869337 767.150338
2 3.010480e-008 408.125137 726.581428
6 1.509430e-007 352.222438 542.070719
5 9.165810e-008 428.611011 775.798719
6 1.043430e-007 431.460349 783.221468
2 2.900270e-008 385.494612 790.224413
8 1.636200e-007 243.788571 770.010296
6 3.299740e-008 487.985122 481.100359
5 7.716370e-007 564.161710 651.166947
9 4.070510e-008 574.095910 618.839408
10 6.533750e-008 554.646358 611.380958
2 3.768210e-008 610.270511 698.591476
5 5.006080e-006 622.440498 691.565142
4 4.140750e-007 709.334177 634.334134
9 1.437500e-007 633.891948 638.287877
6 7.808560e-008 481.339030 595.498120
6 1.091580e-008 471.161033 471.406354
10 1.298520e-007 613.606926 575.752535
5 1.560040e-007 642.752910 607.007767
4 1.172990e-007 648.229472 660.078330
9 1.228460e-007 620.832862 716.249625
2 2.820120e-007 582.067737 807.323670
11 5.777930e-008 721.571058 688.894749
5 6.006410e-007 605.308312 653.349792
4 4.738780e-009 544.773118 634.842395
9 2.845720e-007 642.595797 733.653101
2 4.393720e-008 705.344330 756.109677
11 1.670140e-008 818.590676 634.667971
10 5.261940e-007 706.639401 562.809517
4 5.847300e-008 676.815532 550.149963
10 4.679220e-008 778.804148 312.345755
10 1.892640e-007 752.762300 401.676909
4 7.700040e-008 655.102138 545.575612
5 1.990260e-007 578.904342 577.920018
10 3.078820e-007 698.261287 561.189272
9 1.718640e-008 748.458354 556.797550
4 1.431020e-008 893.100368 547.183627
11 5.843520e-007 803.091209 723.836261
5 4.207900e-008 659.995977 606.138502
10 7.012280e-008 649.453265 597.292099
9 3.266580e-008 614.221471 546.148300
5 1.074850e-007 522.765268 602.866266
6 1.001890e-007 500.634742 682.820701
4 5.408320e-008 667.288353 668.240906
9 3.034260e-007 678.067976 667.297844
11 4.365950e-008 612.261527 656.730772
5 1.303160e-007 486.841153 729.966409
2 2.454970e-007 501.461327 833.994810
6 5.583510e-008 497.420393 690.577313
9 3.026520e-007 699.834717 661.479731
4 2.569580e-007 702.178821 664.813410
5 8.884330e-008 731.887752 725.725769
11 6.432350e-008 733.280946 728.582239
3 1.463600e-007 803.756309 819.705808
9 1.079140e-008 826.970524 829.692664
4 4.188860e-008 825.429819 833.706341
11 1.760270e-006 785.042161 806.709549
5 1.257190e-007 680.832387 683.587722
6 1.013690e-007 309.993990 539.019486
5 2.620500e-008 405.718102 767.840932
2 4.443870e-008 348.274368 885.617037
8 1.795590e-007 214.418998 927.128672
8 1.391500e-007 106.595028 933.877219
6 6.352740e-007 297.201268 700.375331
8 1.815470e-007 216.012279 767.919028
8 1.824620e-006 192.878352 807.810207
7 6.002510e-008 209.619526 788.878100
8 3.042110e-007 124.460745 880.792824
7 7.740620e-008 103.427402 847.024771
8 2.008640e-007 249.145958 882.289147
6 6.779700e-008 320.848027 817.811347
8 1.432160e-007 225.423539 895.656906
6 5.938470e-006 348.976438 685.775930
8 6.747050e-006 199.716435 823.065007
7 3.188260e-008 260.960962 717.182801
6 1.191930e-007 261.140134 716.969272
5 1.014770e-007 547.965688 588.696136
10 7.882500e-008 603.345735 339.833568
10 6.713680e-009 595.443412 251.698202
10 6.767220e-008 535.439567 429.338358
6 5.327260e-007 409.812812 670.003695
8 7.168330e-008 252.797652 943.312781
8 3.801520e-008 169.178409 958.820127
2 1.459010e-007 423.925083 909.464821
6 1.108230e-007 359.414273 779.339876
8 7.322170e-008 323.990248 858.903116
6 2.585920e-007 315.636477 728.035193
8 1.411720e-007 169.331051 748.377781
7 2.046220e-008 214.934261 787.162223
6 1.776670e-007 418.024763 688.561810
6 9.473790e-008 363.102906 525.007000
10 7.290760e-008 602.235368 465.376737
4 1.910260e-007 693.914009 587.038117
9 4.323350e-007 705.378166 658.749613
5 6.738270e-008 700.429018 674.937512
11 6.167700e-008 686.892340 719.213901
2 1.157770e-008 747.591234 791.530144
3 7.379920e-008 715.771400 818.572004
9 9.420170e-008 638.955566 834.314775
11 2.107020e-008 601.384049 806.002823
5 5.427940e-007 557.009393 772.564376
6 3.907930e-008 552.076436 745.173717
2 9.169390e-008 560.661471 748.642277
4 1.298790e-007 650.098476 601.490685
9 8.542860e-008 647.114739 584.569179
10 9.093200e-008 703.288628 624.671008
5 1.561130e-007 726.096039 641.241504
11 7.568960e-008 778.642510 679.418616
4 8.573700e-008 708.137662 732.744430
9 8.848400e-006 708.418048 733.438411
5 4.121660e-007 669.096529 736.626884
11 2.659540e-008 613.421453 704.482795
6 8.532630e-008 455.604253 558.041582
5 8.740790e-007 600.210390 649.730067
4 2.462140e-008 624.055868 727.725306
9 1.819350e-008 624.279218 728.455854
2 1.023990e-007 678.034976 833.607420
11 8.085840e-008 774.415311 872.547490
3 5.055060e-007 840.117524 899.422568
9 1.761770e-008 567.497311 810.329025
5 3.377500e-007 566.721230 809.933593
2 7.548970e-008 464.520305 757.859775
6 4.912580e-008 491.002229 807.468436
3 1.451880e-007 723.711108 912.997805
11 6.666560e-008 681.691235 855.162103
9 4.968550e-008 681.054792 854.286109
2 6.277740e-008 674.025433 844.610975
5 2.422460e-007 658.397877 784.364887
4 2.695840e-007 715.771408 649.201256
10 7.388250e-008 777.263841 652.486721
3 1.440130e-007 868.915347 777.804466
11 2.929710e-007 816.122216 845.376785
9 1.174860e-007 815.462515 846.221167
4 7.870140e-008 705.705915 706.305071
5 5.442340e-008 727.597995 702.837725
11 8.241290e-007 839.018663 772.336822
9 1.776520e-007 838.539044 773.320186
3 1.458350e-007 812.660938 826.378187
4 4.496610e-007 778.031000 654.482096
10 2.996840e-007 778.031000 497.487069
9 7.224580e-007 725.189316 697.430649
5 1.079810e-007 728.611439 746.368716
11 1.332250e-007 729.965214 765.728358
4 2.221150e-008 734.473164 830.194276
2 4.010050e-008 773.065846 883.929191
3 9.985650e-007 848.969399 926.003460
11 6.555900e-008 917.197076 845.648219
3 4.677510e-007 823.782637 896.854061
9 1.685190e-007 767.837323 827.605101
11 2.272260e-007 858.180651 699.835271
4 3.490470e-008 848.266728 696.992486
5 1.649300e-006 630.806797 710.669169
9 1.015080e-007 549.883955 748.404367
2 1.455050e-007 548.092208 749.239878
6 4.079280e-008 542.915767 717.179271
5 7.798880e-007 558.081121 706.160996
9 4.231300e-008 631.032400 653.158793
4 4.385980e-008 616.538374 657.550854
2 8.779880e-008 552.913684 795.716859
5 7.013360e-008 642.612702 806.301627
9 1.496420e-007 623.864670 718.099788
4 5.213050e-008 610.647273 640.213102
10 1.273490e-007 637.310150 471.868880
4 1.469070e-008 703.098456 434.895608
10 9.204990e-008 692.768667 350.764647
10 3.224770e-006 750.331787 516.804959
4 4.750070e-008 749.622981 517.358740
9 8.882850e-008 665.434823 622.551866
5 1.745140e-006 633.401369 698.018006
2 4.282580e-008 702.593106 755.922293
11 9.288880e-007 775.054245 750.855284
4 1.060260e-007 831.224262 634.945571
9 3.904590e-008 829.176418 530.039490
10 4.627470e-007 789.029507 513.819073
4 7.500810e-008 787.301812 539.021644
5 9.227460e-008 689.384902 604.376092
10 7.835290e-008 706.329774 612.640636
9 9.948340e-008 712.674862 615.735333
11 1.196630e-007 851.219282 683.307779
4 6.912980e-008 717.929237 504.754909
10 4.862850e-008 549.478250 469.821734
6 5.190460e-008 319.658505 524.082719
7 1.386930e-007 73.711731 557.380144
6 2.460090e-007 315.364345 611.681499
7 1.790500e-007 13.826690 589.255971
6 1.642360e-007 354.440176 592.735370
5 2.871390e-007 561.790933 619.176327
9 1.185330e-007 578.378903 713.252124
2 7.117860e-008 665.663634 803.442931
11 6.261700e-007 760.430442 816.761479
3 4.144550e-008 798.935783 788.244034
4 1.655000e-007 800.608266 692.427370
9 2.154300e-006 748.568805 712.629995
5 5.458650e-008 712.269337 780.899180
11 5.179940e-008 683.896281 931.851812
2 1.171980e-007 683.539078 934.760981
9 6.896600e-008 658.860214 808.144285
5 1.900200e-007 664.206147 805.764128
11 5.506810e-009 615.176824 848.325711
2 5.598300e-007 612.752918 849.960652
9 3.854590e-008 794.239252 901.837233
3 3.596700e-007 822.471871 939.303299
2 1.507040e-007 665.008167 886.758941
11 6.248900e-008 736.369610 747.561406
5 9.497160e-008 742.916387 750.614199
4 1.778000e-008 774.757285 765.461764
9 2.470860e-007 832.553843 792.412578
3 3.881730e-007 917.666745 830.826481
10 4.856440e-008 803.383816 570.433738
4 6.536340e-008 790.281704 470.691818
9 4.558750e-008 641.308386 624.291027
5 2.382150e-007 641.445965 625.159680
11 5.069380e-008 629.599276 862.410388
2 2.791710e-007 627.874019 864.968200
9 7.257360e-008 697.505908 805.077716
5 1.735170e-007 732.344282 742.227951
4 4.861520e-007 768.587850 676.843162
11 4.125710e-008 753.841394 659.317904
10 3.608790e-008 710.687067 691.836922
2 3.531400e-008 589.346248 703.533609
5 4.338170e-008 505.368972 514.521098
10 6.300830e-008 619.643977 509.817578
5 5.554520e-008 637.580231 488.442043
10 9.292660e-008 796.014790 362.773929
4 7.103770e-008 672.791739 597.938855
9 6.550360e-008 666.649798 589.167283
10 2.022730e-007 656.117500 574.125653
5 2.362040e-008 651.885369 568.081564
5 1.749500e-007 541.307285 618.881760
9 2.078820e-007 620.857168 717.117782
4 5.035640e-008 623.703674 720.632927
2 1.102020e-007 681.953755 829.373167
11 1.014430e-007 702.004100 868.724109
3 1.998620e-007 737.364886 910.815117
9 3.754640e-007 729.808160 794.276624
4 3.513740e-008 716.913374 746.250839
5 3.769150e-007 727.768724 726.667029
11 8.651040e-008 757.058792 673.825703
10 1.091780e-006 748.193831 511.874869
10 1.871940e-007 629.104869 497.275692
9 2.725820e-008 548.197520 591.202016
5 1.407420e-007 541.051824 582.981888
6 2.595640e-008 499.721721 535.437365
10 1.887910e-008 476.255430 454.636695
6 1.252510e-006 365.584618 660.075709
10 9.200460e-008 558.901377 412.712318
6 7.926650e-008 276.130836 582.570356
7 3.189940e-008 111.231676 473.765827
7 2.441260e-008 199.961696 543.380486
6 4.396290e-008 385.375849 571.145669
5 3.011950e-008 385.347663 638.757729
8 8.165530e-008 259.483760 828.110027
6 6.412380e-007 308.094638 690.116790
6 6.853070e-008 479.800720 629.317877
5 3.706660e-007 515.740129 710.039334
2 1.799000e-007 579.629878 782.705037
9 2.354860e-007 640.556985 707.465752
4 1.630680e-007 682.597594 655.549529
5 9.834170e-007 539.383110 705.020076
6 3.532150e-008 592.819908 737.128090
2 1.361880e-007 651.441689 772.351552
11 1.130550e-007 723.382881 788.935812
9 3.072520e-007 744.594365 793.444424
4 3.248460e-008 809.278172 807.193303
3 1.529600e-007 830.570940 827.965407
11 6.007970e-008 835.059112 887.949569
3 4.889780e-008 684.526205 856.064832
9 2.914240e-008 690.849357 851.958513
2 4.596620e-008 764.381036 804.206289
4 2.162530e-008 850.115640 797.570701
11 2.571040e-008 828.145950 931.548427
3 8.617340e-008 812.219184 749.507487
9 2.253140e-007 811.574947 742.143938
5 5.021430e-006 598.535691 680.792935
4 1.933080e-008 595.779530 678.716022
6 1.519960e-007 438.114533 622.226424
8 7.686680e-008 222.329743 891.223729
7 9.431740e-008 68.559244 771.300011
8 6.614550e-007 198.801590 888.296190
6 3.755900e-007 346.127200 765.351864
8 2.293160e-007 262.301680 830.134407
6 3.498630e-008 410.104983 853.455272
2 5.155410e-008 417.131662 856.731847
8 1.458990e-007 244.206416 903.791105
8 2.554530e-007 143.241848 868.520267
7 2.290390e-007 112.785210 709.383076
6 3.579290e-006 331.647229 670.772204
8 7.748100e-007 195.463124 762.629587
8 2.574200e-007 224.328162 757.328746
6 5.861410e-008 235.182064 719.520264
7 1.003790e-007 102.360475 775.899171
8 1.349520e-007 168.928373 746.586423
7 3.020740e-007 86.946099 691.289089
8 1.461020e-007 123.771865 759.528885
7 4.311720e-008 203.224164 767.250849
6 1.696670e-008 217.866749 842.579717
8 5.701630e-008 91.577654 958.712077
2 7.607630e-008 405.520000 922.506994
6 2.006800e-007 412.088434 741.416358
6 5.312710e-008 327.867168 545.923894
7 6.955490e-008 45.057214 515.174273
6 2.235840e-008 468.302000 526.412645
10 1.153070e-007 678.304995 545.060464
4 3.694820e-007 738.190399 579.635192
9 5.506970e-008 733.704944 594.184298
5 3.576510e-007 675.936720 730.276923
11 2.077300e-008 668.502453 747.790859
2 8.875010e-008 613.647883 816.066683
9 3.251410e-008 686.948755 804.229859
5 1.032390e-007 723.974189 662.860383
4 1.281620e-007 724.791361 659.320843
11 5.620540e-008 728.254232 644.321566
10 5.663730e-008 735.737599 698.878476
9 3.604070e-007 705.307602 637.832264
5 1.293790e-007 737.021021 706.651619
11 7.777010e-008 738.066386 709.687563
4 1.146330e-007 738.180043 710.017645
3 6.600950e-008 706.894050 827.351908
2 1.334470e-007 638.105647 872.023735
9 1.458870e-007 683.219707 819.609456
5 2.816450e-007 650.865628 735.067423
11 1.884380e-008 647.959736 733.951960
4 5.209680e-008 647.643791 733.830680
2 1.026460e-007 637.887459 779.400255
9 4.731820e-007 753.962153 764.567015
11 7.484550e-008 740.042420 635.057861
4 5.147440e-006 739.722076 634.928433
5 1.956740e-007 667.442343 605.725227
10 7.057270e-008 655.540835 600.916656
10 2.929310e-007 665.308779 528.944645
5 5.340890e-008 724.436825 570.346611
4 2.460810e-007 727.472008 572.471872
9 7.235930e-008 677.619276 589.276084
11 1.421530e-008 701.418269 630.943470
10 6.342280e-008 657.635268 560.875964
5 9.386850e-008 648.052150 545.539756
4 9.434180e-008 646.146388 542.489897
10 4.954250e-008 537.917031 370.546419
10 1.587700e-007 610.044885 503.673675
6 5.147260e-008 429.052069 523.192901
10 5.268260e-008 606.945310 432.145712
5 1.032470e-007 592.103417 634.898173
4 1.691270e-008 602.356026 718.398373
9 1.081180e-007 636.471785 749.683899
11 1.086700e-007 726.586083 733.794192
4 2.447110e-007 827.476074 647.255567
9 5.322230e-007 785.107291 703.480941
11 3.289070e-006 823.749173 781.764108
3 7.920480e-008 853.830368 833.866449
4 1.757200e-007 707.325953 683.070313
5 7.493800e-007 651.064385 679.135955
9 2.206860e-007 641.915101 678.496148
6 5.044490e-008 460.401565 557.383828
10 3.632870e-007 664.597138 528.098237
4 6.321930e-008 685.409912 635.170158
5 1.926350e-007 686.759574 642.113534
9 1.037980e-007 688.656971 651.874749
11 3.029830e-008 755.162459 658.504577
3 9.425400e-008 763.896359 830.780784
4 2.109450e-008 746.071054 865.765020
9 4.158060e-008 738.345380 880.927554
2 3.133840e-008 717.094269 946.798626
11 1.521050e-007 814.788998 883.354400
3 6.470210e-008 682.753759 968.853638
2 2.199890e-007 507.691027 949.298350
5 4.927960e-008 528.515003 801.128137
9 6.675970e-008 550.387660 645.498632
4 3.029260e-008 572.568076 610.446424
5 4.265520e-008 692.035839 822.817608
2 1.017810e-008 692.900992 823.423391
11 3.206430e-008 743.611826 858.931308
3 5.876290e-008 764.336138 787.033042
9 2.535920e-007 764.628241 784.954634
4 2.145970e-006 779.854813 632.343217
10 2.337490e-007 774.115731 550.274292
4 2.176810e-008 912.174636 789.167017
11 3.344110e-007 861.303983 775.536404
3 3.896530e-008 821.318400 764.822408
9 2.493570e-006 737.279830 742.304568
5 5.290370e-008 731.994888 667.395942
10 3.340560e-007 763.340571 531.625047
4 1.324190e-007 687.381879 690.568691
11 5.999400e-008 713.136279 700.059929
9 1.032230e-007 817.711108 655.671064
10 4.341380e-008 705.721314 623.587613
5 6.848810e-008 671.295054 621.783327
4 2.976070e-007 785.049478 681.802662
11 1.957060e-007 840.936702 711.965315
9 4.933360e-008 869.820169 837.073734
3 1.617200e-006 876.490364 865.965610
5 5.790650e-008 701.127017 805.136983
2 3.053110e-007 620.020159 886.243841
9 6.414630e-008 785.687682 891.810824
3 1.501520e-007 798.120370 878.011717
11 1.610110e-007 793.979735 867.763289
5 2.657800e-008 754.249194 717.484738
4 1.294260e-007 757.362835 719.210658
11 7.805860e-008 782.744177 950.594144
3 9.310580e-008 780.075661 953.774352
9 1.361350e-006 759.760734 737.599638
4 7.619650e-008 759.930517 727.872762
10 1.409910e-007 762.388694 587.043683
5 3.103430e-008 762.799119 563.530437
9 3.985080e-008 764.738222 540.808044
4 8.921440e-008 773.788414 537.514041
10 1.509560e-007 812.024048 523.597399
11 1.743380e-006 797.744518 767.057775
3 9.932330e-008 737.567813 831.589570
9 8.802060e-008 752.536186 882.198975
4 1.520260e-008 759.839505 888.327200
2 3.407270e-008 751.494588 854.562101
11 1.940500e-007 753.471347 853.995272
3 3.356470e-007 834.048648 830.889992
9 5.648380e-008 860.585684 800.375225
4 2.692260e-007 725.866785 679.073120
5 6.951640e-008 769.477059 723.198385
11 5.562920e-008 883.033921 774.833372
3 4.906950e-008 904.593819 688.361845
10 1.201270e-007 818.552898 518.712041
4 7.835040e-008 796.178901 497.105756
11 6.627520e-008 839.636482 706.704314
9 6.108730e-007 782.593051 751.271737
3 1.821500e-007 777.650657 895.910473
11 1.801420e-007 875.209118 733.630876
4 8.809510e-008 846.337324 674.434469
9 6.721250e-008 843.803202 669.238710
10 3.928550e-008 767.634666 674.276296
5 1.835140e-007 722.870062 743.207507
3 1.200980e-007 773.187945 958.460895
11 2.850380e-008 763.334416 944.898654
9 4.307060e-008 660.837589 803.823627
2 4.450440e-008 663.020644 825.453362
5 7.300790e-008 695.337798 938.157199
2 2.001850e-008 651.859023 844.836423
9 1.028530e-007 676.452733 841.816737
11 1.532790e-007 755.036955 832.167943
5 7.732810e-008 772.980264 829.964813
3 2.362700e-007 839.051800 821.852362
9 1.836450e-007 696.265128 787.886616
11 3.239490e-007 758.518172 782.440104
4 3.160700e-008 832.829193 775.938642
3 1.433840e-007 842.015364 775.134945
5 2.393870e-007 660.179995 737.838032
9 3.059270e-008 487.772333 762.068398
2 1.110220e-007 482.290708 761.772828
6 8.059260e-008 505.456814 694.493888
10 1.424070e-007 648.989214 556.963301
4 1.895900e-007 714.641352 554.670502
5 7.418250e-008 773.153356 605.540894
9 2.420310e-007 821.076723 718.441987
11 3.002490e-007 820.722217 734.768891
10 1.179360e-007 609.063445 568.364983
4 2.872380e-008 558.441408 524.359565
5 1.311190e-007 493.609577 690.289209
6 9.655820e-008 494.762456 687.479760
6 2.360740e-007 260.845558 754.806923
8 3.714640e-007 220.943986 772.643576
7 2.096300e-007 45.954731 774.372564
8 4.743550e-008 62.331043 985.011747
7 4.556470e-008 183.207207 796.185078
6 4.409470e-008 317.818306 853.026283
8 3.190450e-008 199.480169 959.577540
2 4.155990e-008 288.418430 919.729104
8 2.974610e-006 191.873349 835.852495
6 1.697030e-007 290.147586 764.023238
8 5.686710e-007 165.619571 792.123570
7 6.251020e-008 156.045716 852.569907
6 9.419180e-008 233.667329 708.915794
8 1.174050e-007 212.616454 704.823994
7 1.004720e-006 88.229058 677.971614
8 4.988450e-008 120.759638 705.048964
7 3.230910e-008 273.642987 699.710203
6 1.248860e-005 345.404416 660.819086
7 1.859070e-007 113.735562 588.480001
6 8.319140e-008 270.421595 590.998132
7 1.277730e-007 129.342723 533.713983
6 2.048710e-007 373.786994 598.830634
6 9.900500e-008 362.138207 574.455586
7 6.389740e-008 148.309257 555.891042
7 1.054350e-007 103.965563 595.479701
7 1.868960e-007 145.444299 575.647976
6 2.168170e-008 254.828957 561.792691
7 3.592300e-008 260.113018 553.655904
6 1.632520e-007 369.310399 617.932815
8 3.634780e-007 253.847332 820.407773
7 1.504850e-008 74.466658 882.395108
8 4.935910e-007 196.635910 858.571091
7 8.418000e-008 197.152910 783.060738
6 3.442650e-008 263.820103 804.722258
8 1.161030e-008 216.353397 1000.797054
6 4.600020e-007 393.015650 720.560715
8 2.679190e-008 396.541807 717.272544
8 1.508200e-007 145.628412 918.361447
6 9.816960e-008 222.761316 755.248861
7 4.549770e-007 95.977152 720.706015
8 9.511460e-007 205.617412 806.366630
6 1.829810e-007 442.293118 735.701066
5 1.599720e-007 409.524963 662.102146
6 1.578590e-007 320.509184 593.318078
5 1.189960e-007 568.706192 601.010000
4 2.109140e-007 710.740589 655.531847
9 3.260330e-007 711.468213 655.811156
11 5.319470e-008 750.902876 636.562733
10 2.459420e-007 761.780383 547.969126
4 5.410640e-006 766.927104 634.632000
9 1.931780e-007 766.178559 634.632000
11 4.110010e-008 720.851436 626.900462
10 9.954720e-008 785.687814 583.167618
5 3.649500e-008 787.774365 581.760216
3 1.605230e-007 810.578809 838.830157
4 1.954610e-008 810.170227 840.166573
9 1.035410e-007 809.940109 840.919255
11 1.626310e-007 793.054325 896.150324
2 4.338630e-008 652.911214 946.846321
5 5.399990e-008 697.807356 803.525359
9 4.390720e-008 756.240392 893.814871
11 1.454140e-008 775.812479 930.624470
3 6.956220e-008 795.439206 967.536831
2 9.669480e-008 662.737882 865.508543
5 7.411450e-006 616.097328 693.865645
9 4.849670e-008 580.527842 733.779349
2 4.175430e-008 589.089303 698.449347
4 1.062140e-007 686.417012 592.204780
5 7.451550e-008 704.841329 578.321059
10 3.187790e-007 749.834795 544.416046
9 1.880500e-007 612.737709 659.222466
6 4.158510e-008 451.744116 590.884371
8 4.268420e-007 217.731422 801.997207
8 7.256000e-007 142.369828 789.271811
7 9.758340e-008 162.297933 695.517719
6 4.380940e-007 292.935497 651.886074
8 5.595660e-008 170.814265 695.879386
7 1.657080e-007 127.774987 788.177183
8 1.713910e-007 97.552570 836.665197
7 9.815660e-008 51.612917 754.183301
8 6.266010e-008 281.762332 920.921292
2 6.123320e-008 424.098217 810.101037
6 8.171540e-008 362.059570 784.417680
8 5.005650e-007 131.063546 864.015463
7 5.989660e-008 114.003854 736.458078
8 2.379940e-007 102.934933 809.349598
7 3.717110e-008 135.792968 885.444354
6 6.393550e-008 297.199028 811.580092
8 5.418340e-008 298.027546 827.389552
7 1.696980e-007 38.788943 798.158706
8 3.365950e-008 53.704728 811.588848
8 7.371720e-008 180.237344 919.625835
2 3.525430e-008 346.311760 931.542796
6 3.345410e-007 287.167712 714.035292
8 3.759660e-008 295.734510 673.731802
8 9.167680e-008 298.188723 760.644481
6 2.262820e-007 324.823240 756.901197
2 9.857590e-008 377.653268 871.713550
8 2.337260e-007 238.253451 781.386712
6 3.571180e-008 228.400784 785.168806
7 6.160880e-008 217.371919 858.935670
8 4.800770e-007 182.112927 884.315035
6 4.654560e-008 204.678834 810.579123
7 4.033150e-007 69.568625 688.175999
8 3.293820e-008 286.682671 688.133383
6 1.757260e-007 291.404405 697.814397
8 1.138610e-007 66.944893 848.905900
7 1.170240e-007 146.483909 762.606742
6 4.816310e-007 311.443431 710.721755
8 4.800760e-008 241.567724 670.815730
6 1.491090e-007 390.743258 616.260488
7 5.881570e-007 111.408783 698.441002
8 7.066260e-008 101.161858 697.364028
6 7.485770e-008 253.448077 764.429618
7 1.334740e-006 46.531523 696.238547
8 2.349770e-008 44.838308 685.548019
7 1.225710e-007 153.032701 708.141434
6 2.628660e-008 152.783247 708.030369
8 1.098740e-007 144.000407 704.119999
8 6.421520e-008 67.611849 753.100336
7 1.182910e-006 19.429363 701.431021
6 7.753110e-008 267.881616 636.166755
7 8.670550e-008 145.738416 731.595652
8 2.360710e-007 137.373222 738.131270
2 9.776950e-008 390.238070 890.621209
8 3.769340e-008 367.510484 783.695781
6 1.034510e-006 361.540389 711.707107
7 5.092710e-008 68.075475 584.159103
6 4.887230e-008 419.105929 545.956146
5 5.211500e-008 722.565558 576.650102
10 9.751260e-008 725.219120 577.411005
4 4.024180e-007 736.286519 580.584558
9 7.186210e-008 790.712407 564.728934
11 2.463890e-007 839.619283 743.707776
4 5.295190e-008 839.520102 744.053665
9 1.841090e-007 822.402614 807.577639
3 1.236440e-007 850.203133 738.768858
10 4.075710e-008 910.443149 471.326082
4 9.210850e-008 818.537126 566.651167
10 6.112630e-008 856.882981 502.324104
9 6.112640e-008 782.306999 535.182894
4 3.235620e-008 727.162675 471.746044
10 1.585680e-007 787.739902 382.768638
10 1.826550e-008 676.071065 294.434160
10 1.989000e-008 720.723194 295.341085
10 5.472640e-007 682.481564 465.861793
5 1.332340e-007 594.706237 571.712310
4 4.200470e-008 585.894508 582.213770
9 3.310490e-007 733.740001 634.172337
10 5.081480e-008 743.343795 656.797328
11 9.624070e-008 734.005894 694.576623
4 3.142180e-007 722.156315 683.907247
5 1.408530e-007 720.966406 682.835850
9 1.009170e-007 771.555711 589.357252
10 8.013130e-007 718.882232 538.490722
4 8.440640e-008 735.138236 510.075739
9 3.050210e-007 712.426535 631.418920
5 5.015050e-008 723.626803 673.218552
10 3.458480e-008 732.575696 706.616006
11 2.865740e-007 745.069287 753.242344
4 5.097450e-008 779.709470 771.806559
3 4.500230e-008 860.334675 708.814794
9 1.196590e-007 714.202994 632.501322
5 9.419460e-008 678.616187 605.684619
10 1.128410e-007 650.182739 584.258382
4 3.475490e-008 549.133908 497.938685
6 3.490060e-007 412.503040 671.552673
8 1.822130e-007 206.723211 758.720076
7 6.396330e-008 144.902068 794.412484
6 1.461080e-007 235.376271 689.292149
7 3.996500e-008 238.078677 698.716453
8 8.907820e-008 258.892549 771.302254
8 8.734980e-008 174.083519 968.593090
8 3.134830e-008 348.403892 877.962215
6 5.051230e-008 397.742283 736.285991
7 4.810460e-008 220.303086 575.458043
6 2.564880e-007 325.895225 594.076747
6 9.309200e-008 393.070982 530.744016
6 2.888740e-008 408.278000 447.101065
6 2.771060e-007 369.345732 565.387235
6 3.123050e-008 523.587194 608.187449
5 3.112240e-007 580.334188 610.169163
9 2.442790e-008 546.600763 580.181043
10 5.387080e-008 630.843953 574.987995
5 1.369860e-007 642.455718 587.884090
4 2.023060e-007 681.475208 631.219365
9 5.592660e-007 745.374427 702.186213
11 4.257470e-008 727.519795 666.798677
5 7.566780e-007 641.179221 744.184000
2 3.686790e-008 741.032405 744.184000
4 5.879850e-008 800.700582 744.184000
9 1.788460e-007 817.057016 744.184000
11 1.976830e-006 841.803282 773.168617
3 3.681400e-007 817.671362 869.955901
2 1.541050e-007 657.020143 868.965044
9 1.133910e-007 733.790798 846.951166
11 9.702870e-007 801.051744 818.853152
3 2.331260e-008 780.728531 723.240248
4 6.575180e-007 765.317795 650.738663
10 1.483450e-007 782.267155 591.417683
9 1.381930e-007 833.243302 604.565070
11 1.054800e-008 834.547676 595.284185
4 4.274020e-008 847.018729 506.550130
10 1.053930e-007 854.376844 444.936244
5 5.643650e-008 678.587902 510.999083
10 1.195310e-008 744.465472 271.425067
10 2.205250e-006 706.325834 497.484904
4 3.303750e-008 667.105470 552.863789
5 6.763800e-008 548.964513 613.059924
9 9.348530e-008 536.215808 619.555747
6 2.497120e-008 409.059163 596.487423
7 1.271500e-007 129.266370 582.235252
7 2.738760e-007 91.355921 611.259386
6 7.518640e-008 329.875429 577.956627
5 3.107360e-007 482.878822 681.035673
6 2.376450e-008 506.618660 745.040869
2 1.805760e-007 535.092719 800.924048
9 3.232980e-008 669.416457 799.674574
11 9.984570e-008 698.720780 774.200745
4 2.631910e-008 726.103011 769.915098
2 2.586110e-007 637.077007 912.811203
5 4.488940e-008 543.548791 846.258057
9 2.818970e-008 585.572918 608.996484
10 1.357540e-007 658.928313 571.619972
4 8.379990e-008 745.702296 521.090746
11 9.962980e-008 749.406492 650.626116
9 2.948230e-007 738.260228 652.995324
10 3.840410e-008 664.788152 669.348642
4 2.727840e-008 681.414746 670.219962
5 3.342490e-007 704.001067 671.403603
11 1.528280e-008 808.033815 599.487264
4 3.819890e-007 799.384324 593.870218
9 7.503560e-008 798.769486 593.470937
10 4.511660e-007 771.161214 547.762907
4 8.513740e-007 754.514499 670.582312
9 1.248400e-007 753.806757 670.826010
5 1.545550e-007 690.435491 692.646755
11 6.345090e-008 687.430490 693.681472
10 3.732310e-007 710.728797 542.239976
4 3.262980e-008 644.288369 742.665857
9 5.290260e-007 643.593380 743.067109
5 2.871140e-007 581.361215 778.996857
11 1.884700e-008 578.410200 780.700626
2 3.985700e-008 561.607587 775.155245
10 5.761370e-008 690.851034 631.575261
4 4.274260e-008 847.128210 784.928615
9 1.534570e-007 847.273975 785.678512
11 2.744130e-007 860.945061 856.010390
3 1.747430e-006 862.737002 865.229159
5 3.160710e-007 658.606908 631.954303
10 3.925220e-008 642.961646 623.982662
4 1.567760e-008 568.732901 658.101353
9 1.207640e-008 568.206633 658.665708
6 6.396460e-008 474.171531 756.096317
2 2.261230e-008 509.397730 680.553349
5 1.272820e-008 424.897960 529.422243
6 1.663160e-007 428.619334 675.098113
8 1.308380e-007 256.585585 802.916777
2 2.039770e-008 345.559090 941.791778
8 1.269150e-007 349.080045 814.546699
6 2.570660e-007 377.626328 732.594719
10 2.677130e-008 528.484383 526.491418
5 3.299130e-008 382.777986 579.488634
6 2.197180e-007 375.232683 576.742393
5 7.810800e-008 419.175840 808.554380
6 5.483010e-008 412.649541 812.956440
2 2.652370e-008 361.672321 847.341131
8 7.097000e-008 291.095952 894.945662
7 2.750200e-008 135.072078 876.595215
8 4.247130e-006 191.697239 805.947618
8 1.296300e-007 87.397671 843.344177
7 6.359590e-008 149.061411 736.241981
8 4.517930e-007 203.429128 864.896129
6 1.856540e-008 217.375170 735.036388
8 2.604770e-007 249.414453 762.887707
6 1.207470e-007 245.088423 771.412897
8 3.897850e-007 203.778663 766.340607
7 1.447670e-007 50.319586 769.794862
8 2.218040e-008 40.090684 749.080391
7 3.451210e-008 212.368606 788.854258
6 4.842980e-008 229.690306 830.342728
8 3.958600e-007 203.460058 783.110231
7 1.780580e-007 74.471892 780.257193
8 7.083870e-008 108.387116 888.159537
7 2.049440e-007 76.035269 747.911424
8 2.202270e-007 93.046358 739.382662
7 7.029370e-008 150.212267 710.077968
8 2.128530e-007 94.695717 834.940696
6 2.982960e-008 173.301924 785.250241
8 5.464750e-007 153.720541 819.099961
7 7.836880e-008 135.993406 793.297738
8 7.978350e-007 140.676136 837.851825
8 1.344230e-005 166.740978 825.261519
7 4.106690e-008 248.465979 656.521323
6 5.317130e-008 263.477950 651.352326
8 1.016290e-006 209.833439 809.215873
8 2.430640e-007 132.845509 863.416597
8 9.583700e-008 291.604405 798.385623
6 1.553130e-007 250.415211 750.873961
8 2.072080e-008 170.376022 980.190418
7 1.189360e-007 72.507135 774.441250
8 6.654000e-008 59.898740 818.411971
8 1.065190e-007 83.736613 847.778295
6 4.062400e-008 283.610867 821.129154
2 9.740940e-008 388.224189 819.021348
6 4.334560e-008 477.669349 534.400677
5 6.659930e-007 560.826834 657.686252
4 2.488300e-008 685.488238 744.714651
9 3.896960e-007 686.168893 745.061461
11 1.739260e-007 745.376979 775.229329
3 2.148740e-007 789.324471 850.350529
9 1.527350e-007 651.881478 759.268075
2 5.085000e-008 615.227846 708.818409
11 3.104510e-008 614.006373 707.137186
5 1.034900e-005 606.967930 697.449550
4 5.688170e-008 635.452917 653.905902
10 1.366440e-007 781.637356 609.212809
10 6.824260e-008 522.514700 535.810661
5 4.187630e-008 510.389749 532.787543
5 8.288210e-008 481.995535 613.545760
6 8.180220e-008 517.649343 708.745656
9 8.388940e-008 586.571316 777.668112
2 6.002810e-008 595.027633 786.124489
3 1.129380e-007 726.870428 891.862446
11 6.020240e-008 667.566674 851.861312
2 1.201240e-007 652.576108 841.749986
9 2.362980e-008 615.687774 793.762236
5 1.906690e-007 618.949373 776.982848
4 6.650000e-008 650.617315 614.066204
10 1.246350e-007 711.474394 557.793084
11 1.869970e-007 873.507728 752.185998
3 2.542410e-007 849.870739 829.499099
9 5.141980e-008 846.026811 842.072017
2 1.818050e-007 627.885978 902.580675
5 4.486860e-007 548.282653 754.701141
9 3.501860e-007 672.946074 745.594125
11 1.811650e-007 745.947578 748.422959
4 2.510170e-008 805.322841 694.961077
10 2.762000e-007 832.744195 491.909380
5 4.381370e-008 738.991447 583.686998
9 6.503120e-008 743.527349 583.049504
4 2.600720e-007 748.139445 582.401302
10 8.642670e-008 785.317772 543.900041
4 6.576710e-008 754.683134 508.655376
10 8.511820e-008 633.166554 600.362757
5 3.479980e-007 631.418254 602.173174
9 9.421810e-008 628.358739 605.341392
6 2.004720e-008 620.141979 666.530932
4 1.011690e-007 681.182338 698.338679
11 4.960730e-008 652.851571 733.324120
2 2.918270e-007 619.527771 797.970412
5 1.081190e-007 635.623655 842.193283
9 4.300660e-008 637.160159 846.414772
11 5.599940e-008 685.813624 687.785785
2 3.755160e-008 694.778918 678.501946
4 4.620120e-007 731.878667 670.259254
5 6.418130e-008 738.593643 669.195696
9 9.555230e-007 742.900211 668.513595
11 8.867150e-008 836.470910 874.698387
3 9.344800e-007 858.293126 900.705140
9 1.260340e-007 714.254889 784.750357
4 3.289290e-008 757.827705 778.569125
5 1.131780e-007 764.678340 779.048171
11 3.782760e-008 813.829578 909.629371
3 3.469880e-007 790.665376 938.234834
9 6.158640e-008 822.807189 867.856468
11 2.448100e-007 743.871752 825.520177
3 3.915130e-008 741.329204 789.157872
4 2.511840e-008 711.239579 722.422406
5 1.423770e-007 705.990384 718.321299
9 8.923400e-008 595.253174 761.685910
2 2.698190e-007 594.847781 831.928463
5 6.754290e-008 485.108519 816.388099
6 5.784350e-008 491.669746 837.848618
2 2.478220e-007 523.331152 941.407019
2 1.143050e-007 465.962413 811.002082
5 9.577310e-008 462.075553 682.918791
6 1.549330e-007 462.353245 674.966587
10 1.808240e-007 614.842159 517.232579
5 2.400380e-007 590.656515 621.993348
4 2.692060e-008 586.296423 640.879205
9 2.975540e-007 686.299948 732.218006
2 4.418790e-008 688.016645 732.982331
11 2.019090e-007 731.353289 752.277103
5 5.238530e-006 593.297299 721.774380
4 1.628910e-008 597.369732 676.343667
9 1.161770e-007 589.675530 739.006910
2 1.370400e-007 581.204841 807.994034
3 7.080220e-007 841.598351 894.551693
11 1.003670e-007 842.401996 893.900918
9 5.375250e-008 808.563601 613.333725
4 1.071980e-007 806.580800 609.268405
10 3.743020e-007 769.787441 533.831315
5 1.098250e-007 694.625795 644.773862
9 2.651830e-007 712.778120 655.254109
4 7.969420e-007 716.811598 657.582838
11 1.284160e-007 787.418259 698.347602
10 4.412970e-008 791.657536 700.795149
3 2.538260e-007 862.085381 794.638571
9 6.274750e-008 876.164660 760.382168
11 5.614070e-006 791.634658 768.595457
4 3.402560e-008 698.954874 778.336514
2 6.750660e-008 708.326525 826.624905
5 9.363420e-008 722.367355 839.267306
3 4.286890e-007 807.580000 865.396982
9 6.796550e-008 807.580000 740.089862
11 6.376080e-008 768.143650 683.403529
4 1.665050e-007 676.477710 640.659001
5 2.099030e-007 661.378810 582.546272
10 2.024910e-007 699.754037 546.760956
4 6.790830e-008 845.945998 571.856630
9 3.327410e-008 862.820601 513.007179
10 7.697600e-008 916.944017 593.962774
11 2.907010e-008 822.257102 662.822322
4 1.073170e-007 704.871847 681.338545
9 1.923430e-007 646.526535 658.941933
5 2.641520e-007 636.146288 654.957339
11 3.300200e-008 725.482484 530.316023
10 3.473590e-007 724.413121 525.684091
4 1.647530e-008 700.352751 421.466863
5 8.690920e-008 546.019588 580.838261
6 8.508850e-008 326.874452 538.562512
7 7.423520e-008 169.701520 503.087328
6 1.932920e-008 208.466879 558.505811
7 9.723770e-008 110.188205 511.712337
6 6.587910e-008 454.977904 571.591371
7 2.222070e-007 83.178638 572.619000
6 1.173300e-007 285.623694 557.535508
6 2.063680e-007 324.680836 602.896650
10 5.254130e-008 604.173042 456.206414
5 1.654840e-007 598.452702 630.123065
9 4.159640e-008 597.655051 661.018679
6 2.964260e-008 470.308136 549.093493
7 1.499350e-007 85.178883 557.957268
6 9.394240e-008 278.581695 530.518109
7 4.115220e-008 175.751136 566.070531
6 4.316500e-008 167.373013 559.983446
7 9.599730e-008 120.486060 550.147893
6 1.347530e-007 341.072882 580.791227
10 3.871710e-007 662.095758 523.566447
4 2.356640e-007 696.804398 584.784786
9 1.837790e-007 655.085813 651.548534
5 2.779540e-007 654.642164 652.258521
2 9.094900e-008 630.794729 779.951559
11 3.468250e-008 632.313494 781.524286
4 2.046830e-007 669.989869 713.758773
9 1.111260e-006 709.578335 781.913382
5 4.638100e-008 710.013868 782.667747
11 5.751130e-008 749.206201 898.708058
3 8.757360e-008 745.141921 898.566124
2 9.914710e-007 590.101460 893.151786
11 1.028940e-007 913.883320 753.870378
3 1.034950e-007 914.169971 749.771251
9 3.657480e-008 914.314894 747.698849
4 5.713140e-009 899.305828 564.447907
10 1.089130e-007 746.784064 594.095068
4 5.117590e-008 693.217665 510.923524
10 1.238600e-008 531.626280 522.836657
6 1.128610e-007 423.149884 688.357425
2 4.591250e-008 438.568316 802.762275
7 8.766590e-008 183.224751 568.812435
6 2.629440e-007 358.006536 604.805836
5 9.660000e-008 507.660056 583.773857
10 3.886220e-008 570.428345 417.429678
6 1.142880e-007 382.582645 579.830106
7 3.245630e-008 118.945380 534.505720
6 1.366180e-007 283.742479 603.702103
7 4.845370e-008 108.595977 538.825607
6 1.434890e-007 350.380134 589.692730
5 3.787090e-007 499.811630 714.804764
2 5.164520e-008 545.116852 689.827520
6 9.866990e-008 389.263577 535.317745
5 3.477930e-007 579.117000 612.320458
4 3.650900e-008 641.348919 574.928114
10 1.626670e-007 673.159761 541.115127
9 3.365420e-008 666.333872 541.712325
6 1.284880e-007 362.088646 539.021039
5 1.438950e-007 511.730072 605.645522
2 7.534120e-008 632.220465 791.795361
9 9.083980e-008 653.992400 783.437904
11 6.398510e-007 780.023267 735.059220
4 4.409090e-008 785.047808 733.130481
5 4.658510e-008 674.049936 843.875786
9 2.747060e-007 727.980015 658.456804
10 3.838030e-007 751.331162 526.024240
4 1.309970e-007 754.981807 505.320152
11 5.365350e-008 694.938122 647.055927
5 2.731800e-007 688.194974 643.911551
9 2.430400e-008 586.066525 596.288354
2 8.525760e-008 618.940581 782.886947
4 2.597960e-008 618.221160 790.177149
5 2.454710e-007 651.129433 802.968076
9 9.286850e-008 656.881483 795.334903
11 1.204210e-007 687.488981 754.717673
4 7.673380e-007 753.388161 667.267137
10 6.146670e-007 748.952051 533.415116
4 1.817180e-008 794.427378 463.987575
10 2.526710e-007 782.989979 524.808333
11 4.188070e-008 812.066040 592.990514
9 4.523910e-008 814.699180 542.746603
4 7.217510e-008 716.337018 519.591412
10 1.540060e-007 669.789535 608.777135
5 2.905450e-007 660.565199 696.540985
9 4.154020e-007 674.526865 703.978784
2 4.227530e-008 678.260963 692.486470
11 5.425470e-008 680.483489 685.646270
4 5.440770e-008 634.399453 650.505836
5 3.584150e-007 602.908184 799.488962
2 8.630990e-008 690.159466 876.184417
9 8.956730e-008 693.311551 874.846430
3 5.877940e-008 756.598596 847.982537
11 5.347850e-007 777.672900 839.036980
2 4.087560e-007 595.703907 885.233134
9 4.559690e-009 508.021336 876.017522
6 8.667980e-008 493.075377 668.641430
5 1.590140e-007 493.213378 665.950466
2 1.678860e-007 525.755881 798.970881
5 1.857840e-008 415.835379 548.491688
6 4.280480e-008 451.520682 567.409899
9 1.624790e-007 636.081122 739.088857
4 2.981690e-008 663.704776 788.923221
2 1.111740e-007 677.754101 814.268861
11 2.244650e-007 739.207621 801.692686
3 1.032840e-007 863.137312 730.141834
10 1.195330e-007 720.175686 606.264934
9 2.455490e-007 708.938631 632.737482
5 2.006410e-007 685.356387 688.293147
4 6.946110e-008 679.668592 701.692603
11 3.576690e-008 641.279909 791.000074
2 4.826770e-008 611.104746 858.775044
9 1.732300e-007 696.872612 834.463859
5 1.283680e-007 622.538263 835.761368
2 9.818920e-008 506.901454 761.440063
6 4.444690e-008 489.375714 636.737349
10 1.836680e-007 617.127021 439.735739
10 4.191210e-008 510.532017 437.384291
5 6.888580e-007 602.315803 636.099555
4 4.738960e-008 595.899557 575.053287
9 2.971680e-008 592.526244 542.958483
10 1.328800e-007 587.761952 497.629454
10 4.014380e-008 558.069330 489.260936
5 3.183710e-008 532.702712 599.137662
9 2.707610e-008 566.657853 774.641035
2 1.903360e-007 576.875031 815.620304
6 1.361960e-007 387.472770 578.095864
10 6.777200e-008 566.956194 404.774334
10 9.261720e-008 602.858669 519.815474
5 3.110200e-008 640.129412 520.887414
4 5.465930e-008 707.724106 464.168838
10 2.104230e-006 728.226406 459.806437
4 4.258020e-008 669.990917 531.721305
5 7.116750e-008 628.534732 590.602722
9 1.056730e-007 599.364704 653.157767
2 2.557070e-008 616.566615 726.166614
11 8.308890e-008 742.500402 685.186116
4 5.012950e-008 715.993271 791.502116
5 7.401750e-008 697.094105 867.303742
2 2.160990e-007 555.942591 962.724215
9 9.423160e-008 644.778441 789.975493
11 4.625790e-008 643.449824 786.116938
4 3.195440e-008 614.568453 702.239952
5 2.231560e-006 612.355030 695.811751
10 1.174330e-006 715.056929 514.864621
4 1.289400e-007 745.681556 536.730854
10 5.259220e-008 854.554509 641.867610
9 1.630550e-007 859.533161 646.675409
11 9.856210e-008 830.997932 682.980940
5 1.097280e-007 692.856159 719.995907
3 7.808380e-008 857.322634 805.128316
9 5.336310e-008 874.799944 680.771659
4 1.057200e-007 878.990995 650.950990
11 2.813630e-008 864.379836 624.310204
10 6.031050e-008 733.440159 589.225033
5 6.904030e-008 691.130179 547.094739
4 7.267730e-008 693.559715 533.315950
10 9.172400e-007 707.845484 452.296119
10 1.305070e-007 647.573184 419.167948
4 5.893870e-008 644.919476 491.050580
10 1.520260e-007 733.109278 585.201526
9 1.030040e-007 737.582866 627.764660
5 3.098590e-008 739.820696 649.056087
11 7.629550e-008 732.466880 724.080880
4 3.064400e-008 732.217498 723.831498
10 3.763960e-007 775.949566 495.502992
9 1.477610e-007 804.277293 628.775395
4 1.073740e-007 812.724257 681.383370
11 7.137360e-007 765.483858 751.420674
2 1.594750e-007 638.415571 884.863483
11 6.196170e-008 764.629525 915.852555
9 4.164350e-008 775.162496 920.323563
3 2.249120e-007 834.754964 945.619220
2 2.702320e-007 618.183121 938.632303
9 2.956750e-007 658.681094 788.147846
11 1.000210e-007 656.605924 784.826874
5 9.104040e-007 626.539673 736.710749
4 1.551190e-008 624.710881 733.784065
6 1.202490e-007 337.327062 543.665689
6 6.156210e-008 241.984804 557.888361
7 1.178280e-007 138.890744 565.097188
6 3.833540e-008 360.227498 579.036008
10 9.376660e-008 591.647913 553.368355
4 2.757030e-008 580.030542 564.587090
5 1.302610e-007 523.953298 618.740111
6 4.766390e-008 483.227538 597.391758
10 8.904230e-007 702.775943 491.030565
4 4.157130e-008 852.346862 458.030923
10 8.391240e-008 863.546304 493.307025
4 2.271010e-005 762.283864 632.682020
9 2.361050e-007 776.337135 622.682043
11 3.910450e-008 779.064070 619.757776
3 7.741210e-008 754.306037 797.187971
4 3.204470e-008 739.049778 813.548351
9 2.227600e-008 668.740087 863.996244
11 3.107330e-008 664.485060 864.518710
2 7.873440e-008 601.687987 872.229437
5 1.949610e-007 667.522762 796.513706
9 1.882860e-008 819.340699 933.281753
11 7.604700e-008 815.438709 934.327286
3 1.867040e-007 781.610490 943.391516
2 4.211730e-008 624.557372 973.290899
5 2.260440e-007 653.709988 729.373353
4 2.776400e-007 705.055576 670.307332
9 2.236160e-007 741.529626 628.348965
11 4.003530e-008 744.098767 625.393522
10 2.924060e-008 819.543876 669.380634
3 1.214960e-006 892.939870 873.384288
11 5.022540e-008 921.241573 768.222805
9 3.413440e-007 796.079243 738.996543
4 8.219550e-008 786.162396 739.342826
5 7.352360e-008 813.128916 708.036748
10 2.305030e-007 787.434168 529.913843
4 5.030860e-006 757.928029 615.605711
9 2.538000e-007 734.956506 682.319714
11 5.936670e-007 780.451172 747.794172
5 6.011440e-008 785.559063 752.902063
3 6.948180e-007 868.057406 853.995186
2 3.007720e-007 649.202337 871.690909
9 6.924620e-008 623.016814 804.636860
11 2.170230e-008 655.351000 815.770465
5 9.743070e-008 661.907826 818.028172
3 1.697060e-008 825.334717 828.126622
4 3.665490e-008 915.950416 693.783074
10 1.081730e-007 851.376031 539.509807
9 2.703700e-008 885.129383 717.813263
11 3.393150e-008 884.004929 782.240540
3 1.591620e-007 883.670112 801.424356
11 5.636560e-008 871.274734 940.906770
3 2.248620e-007 851.138771 945.186759
9 6.074720e-008 842.353092 838.671083
4 1.363100e-007 766.722607 711.693631
11 5.045600e-008 704.813981 676.465540
5 3.742930e-007 673.806427 713.418829
2 5.258680e-008 617.959597 772.180390
9 3.718060e-007 677.910363 683.299523
10 2.390020e-007 740.306556 562.069350
4 4.841880e-008 746.616860 547.203205
5 4.667150e-008 719.340406 566.147600
9 7.695530e-008 739.544543 563.666795
10 3.516060e-008 828.710666 615.724928
4 2.425700e-007 828.695594 616.588249
11 1.173810e-006 812.328995 742.012400
5 6.548260e-007 597.308149 646.424222
9 1.150880e-007 593.102084 647.872483
6 1.400110e-007 455.256048 610.719751
10 1.085770e-007 628.050459 541.493956
4 2.344930e-008 563.663897 595.520759
5 8.021430e-008 554.474309 603.231748
6 4.834840e-008 541.811109 674.596756
9 4.517420e-007 671.268767 694.341469
11 4.974900e-008 624.411981 778.873321
2 3.759740e-007 583.036525 853.516593
5 4.274310e-007 533.496014 701.334855
6 7.100920e-008 498.657659 629.269049
10 3.811540e-008 625.726218 546.727916
5 8.388470e-008 722.546107 576.328802
4 1.162100e-006 785.629747 595.615455
9 5.583310e-008 786.360345 595.838822
10 1.123290e-007 798.345523 565.728776
5 7.744650e-008 657.559678 549.975751
4 7.101660e-008 643.762368 548.768687
10 1.584310e-007 599.160892 470.196650
5 2.066080e-008 598.497893 451.210708
4 1.015760e-007 706.942343 507.984193
10 1.028330e-006 707.680719 526.231157
5 1.376950e-007 629.984559 631.809343
9 1.402320e-007 644.090944 720.871238
11 1.281690e-007 656.476847 799.070718
2 1.095190e-007 683.998901 755.736696
4 1.784300e-007 712.921275 684.151364
10 1.095100e-007 725.606257 571.959254
10 2.265530e-007 647.503100 454.409146
5 3.585720e-007 602.209659 578.851771
4 3.782770e-008 597.424332 591.999338
9 3.259830e-008 564.947988 656.559081
2 1.939560e-007 474.139687 790.982581
6 8.908860e-008 507.383378 739.791728
4 9.170290e-008 719.756720 660.364326
5 5.748070e-008 721.331843 660.906680
11 1.890590e-007 792.248375 688.704105
9 3.230020e-007 790.096218 699.775964
3 9.344930e-008 759.398212 857.703101
2 3.010450e-007 620.689226 857.159682
5 1.521190e-007 652.711782 785.690248
11 1.416210e-007 720.533517 748.096123
9 2.467390e-006 730.805196 742.402450
4 3.758980e-008 713.980162 789.227383
2 1.778260e-007 649.701551 822.663761
5 2.205260e-007 636.132506 619.310135
9 3.415220e-008 627.076530 533.148704
10 1.967260e-007 626.172121 524.543869
4 7.370450e-008 657.431920 517.552139
5 2.019880e-007 599.183318 625.468024
10 3.772890e-008 595.275602 638.249578
4 3.929910e-008 598.123049 678.413194
9 1.841140e-007 620.271761 681.921228
11 1.230180e-007 779.352059 707.117238
10 1.015500e-007 651.001408 595.474441
5 1.187250e-007 652.115721 593.189749
4 4.865180e-008 681.617494 532.701883
9 5.268410e-008 684.283612 527.235506
11 1.092880e-007 723.804800 701.971384
10 1.596070e-006 693.272117 445.477020
4 1.453710e-007 671.288099 546.967410
9 1.243440e-008 850.042349 575.279910
11 1.563030e-008 747.596207 616.991806
10 3.672140e-008 738.360173 619.815544
5 5.041260e-008 683.729610 551.183180
4 2.642280e-008 691.229776 443.927103
10 5.709270e-008 817.457778 414.014360
10 2.916280e-007 714.006528 408.766531
10 1.409070e-008 807.475909 294.562301
5 4.329380e-008 687.288303 582.395533
4 1.089670e-007 690.757064 581.594708
9 4.163850e-008 741.625440 569.850837
10 6.456380e-007 765.095431 564.432371
11 1.391210e-007 844.668604 754.217234
5 6.129110e-008 686.246495 783.821077
4 3.888530e-008 686.618620 787.361612
9 1.411020e-007 690.462266 823.931452
2 5.001800e-008 698.191981 897.474775
3 2.001760e-007 838.271253 812.689810
11 8.631310e-007 846.885081 806.574785
4 6.520430e-008 820.435980 677.781786
9 2.240810e-007 817.364927 672.462584
3 3.734420e-008 815.779669 669.716846
11 7.960080e-008 807.230155 654.908704
5 9.766280e-008 684.083767 625.384000
10 6.642960e-008 670.718217 625.384000
4 1.142980e-007 834.190920 590.920216
9 2.488120e-008 878.964630 654.540671
11 1.950500e-007 807.276492 701.095557
5 1.247230e-007 675.333078 763.202165
2 1.297320e-007 516.774208 774.289363
6 6.979370e-008 460.891132 631.899166
5 3.659020e-007 652.242580 640.024328
4 4.258190e-007 692.439026 580.430857
10 3.442950e-007 694.871830 576.824089
9 1.215120e-007 695.806325 575.438648
5 1.251870e-007 514.242633 759.647946
2 5.520910e-008 513.431133 748.842101
6 4.726240e-008 547.120541 669.473833
10 7.589190e-008 630.645272 517.813366
9 7.446910e-009 631.546358 516.425819
10 5.960060e-008 667.689135 320.631732
4 1.752800e-008 617.205246 554.954393
10 5.060080e-008 615.121513 617.931106
5 5.350240e-007 614.702915 641.914503
9 7.275810e-008 613.035868 737.427225
2 6.459450e-008 524.795119 665.888162
6 1.048860e-007 486.035778 610.021560
4 6.590450e-008 637.781658 674.434191
5 8.588180e-007 631.596047 709.994533
9 5.232130e-008 546.716637 749.574212
2 3.116100e-008 540.090135 707.140889
6 9.262300e-008 408.245316 584.475556
10 1.728880e-008 456.459621 383.952769
6 2.385130e-007 328.511646 554.274299
10 3.917630e-007 659.134051 510.382450
4 2.218570e-008 713.722731 457.666511
10 1.707720e-007 852.246465 519.344264
4 9.823970e-008 801.570538 527.523095
5 7.935580e-008 738.204606 606.477810
9 3.496310e-007 807.107417 668.518436
11 2.048750e-008 807.485613 639.938360
10 1.868440e-007 764.148074 520.868558
4 7.757320e-008 748.787807 535.567274
5 6.820240e-008 740.609598 625.682372
9 3.795080e-008 737.406620 533.957312
10 1.281310e-007 605.950834 494.311986
10 1.902280e-008 572.378855 398.308214
10 1.499930e-007 616.503905 454.750285
5 1.099700e-007 673.320476 595.324885
4 1.898590e-007 675.515136 598.035071
9 2.127040e-007 720.386183 653.446327
11 2.827880e-007 767.281388 711.357217
10 3.471580e-007 774.508139 540.626161
4 9.080460e-008 668.380097 528.822239
9 4.040540e-008 606.080987 495.697410
5 6.655460e-008 600.967955 492.978779
6 1.097220e-007 417.218757 580.606089
5 2.245590e-008 389.639556 790.689667
8 4.402330e-008 345.594642 887.501085
2 3.033220e-008 276.193082 898.827129
8 8.618800e-008 178.156932 935.756174
6 5.796430e-008 358.065155 856.388882
8 1.649330e-007 291.786587 819.560095
6 4.770190e-004 349.495939 683.763755
5 5.174380e-007 560.315675 667.764212
4 2.885030e-008 658.055148 684.998107
9 3.025230e-007 663.748105 686.001916
11 2.645730e-008 676.801444 679.171677
6 4.103550e-008 449.405323 531.638178
5 1.440590e-007 526.398146 605.154330
10 8.005710e-008 661.398128 601.629939
4 1.683950e-007 668.098739 617.415599
9 1.867890e-007 670.522177 623.124866
11 2.986340e-007 731.148856 771.405980
3 1.232100e-007 722.018879 946.844171
2 2.017310e-006 568.070430 878.302578
11 2.978860e-007 841.716427 848.186955
9 1.092190e-007 848.585989 838.376135
3 1.956480e-007 872.747944 800.245562
4 5.773270e-007 790.635748 652.111322
10 7.835220e-008 763.027343 661.088288
5 6.034150e-008 729.664349 817.821372
11 2.860920e-008 614.352776 748.535135
9 1.390290e-007 604.385745 742.546335
2 5.818060e-008 584.707405 730.722386
5 1.122720e-007 697.573364 766.974747
4 1.246480e-007 703.332950 701.815270
11 2.289110e-008 676.520779 628.148993
9 1.109060e-007 672.543824 617.222334
10 1.114000e-007 646.801076 530.550888
4 1.339100e-007 665.308443 551.358189
10 6.709240e-008 569.250080 391.490206
6 2.515200e-008 401.946226 483.636971
6 5.491360e-007 392.167625 627.052895
8 2.357190e-007 270.004236 818.596317
6 1.102500e-007 323.878339 809.701716
8 2.329200e-007 206.787707 915.095606
6 2.555910e-007 297.504308 761.042285
8 2.218440e-008 353.999000 761.508949
8 5.049890e-008 83.911100 873.394916
7 9.556980e-007 102.210752 674.403631
6 1.321510e-007 213.755080 702.214851
2 4.944710e-008 418.164741 774.682449
5 3.873480e-008 335.486324 697.512777
6 1.008610e-006 313.469757 704.666443
8 2.886990e-007 210.372340 773.147955
7 2.631240e-008 228.761606 859.664382
8 1.916030e-007 238.426736 845.893471
2 3.691190e-008 423.119391 796.361869
6 4.406610e-007 413.083563 700.877257
8 2.018730e-007 210.583214 744.490712
7 3.384090e-007 97.127066 637.606411
8 1.992590e-008 259.877363 958.479030
2 7.098070e-008 432.255328 843.759356
6 1.323910e-007 383.412549 765.594542
8 9.079850e-008 311.900985 870.307137
7 1.711280e-007 65.840730 747.783562
8 6.063680e-007 137.937926 836.816465
8 2.009940e-007 196.662080 929.784318
6 4.022850e-008 140.070330 795.540541
7 6.863770e-008 59.692272 821.656985
8 1.167210e-007 98.478584 903.782101
8 3.750670e-007 211.959667 885.589239
6 8.942340e-008 313.310929 832.486110
8 5.209810e-007 208.331431 827.782700
7 1.038240e-007 129.426717 690.522418
6 1.774420e-007 342.109157 764.982258
8 1.714290e-007 280.288563 813.036461
7 3.636620e-008 232.084168 652.522129
6 2.630860e-008 247.630958 651.979225
5 8.886970e-008 548.375738 561.118946
10 5.860460e-008 541.636444 478.969156
6 4.094200e-008 453.642205 647.841884
5 9.908230e-008 454.335243 729.008738
2 1.619960e-007 466.552390 825.568243
6 1.052940e-007 259.577270 573.470277
10 1.347140e-008 629.405196 540.789976
4 1.741630e-007 685.355522 600.789528
5 5.756390e-008 690.179542 605.962670
9 5.607180e-007 733.840284 652.783219
11 1.245020e-008 704.537991 646.470656
6 9.917070e-008 470.919095 770.564135
2 4.510390e-007 503.085694 836.515317
5 2.390740e-008 511.368222 853.496985
11 7.171790e-008 652.041462 680.330499
9 3.798180e-007 658.876157 670.923331
4 2.784620e-007 717.054202 590.847983
10 1.175200e-007 699.459318 598.907997
5 1.107260e-006 617.961095 672.289728
2 1.876710e-007 468.038743 857.822764
9 1.560980e-007 662.133264 824.035697
11 9.950790e-008 652.161766 753.084841
5 3.832870e-007 648.996450 730.562459
4 3.425820e-008 639.092385 660.091409
10 7.630300e-008 762.074816 620.245929
9 5.710410e-008 820.721444 793.535656
3 1.531760e-007 771.798790 828.539020
11 2.133390e-007 750.606165 837.101386
2 2.845450e-007 624.522867 881.564946
5 5.125090e-008 640.463777 861.161391
4 6.494870e-007 751.192865 669.149057
10 1.801810e-007 752.472709 595.833552
9 5.131440e-008 753.057469 562.335755
5 1.988370e-007 709.067712 720.116088
11 5.603570e-007 773.457888 761.931442
3 1.968190e-007 838.653043 804.269555
9 8.068930e-008 767.277280 819.990256
4 1.933760e-008 690.653881 810.581981
11 3.379730e-008 825.039184 911.369581
3 2.555170e-007 802.969508 834.402976
9 2.025230e-007 761.238237 823.169911
5 1.518730e-008 750.281117 879.538711
2 1.008490e-007 692.521957 860.502443
11 8.148750e-008 646.661551 767.254006
4 2.384860e-007 765.969184 692.701707
9 3.748230e-007 797.881823 699.051461
3 5.509880e-008 728.355340 824.480844
2 4.085120e-008 672.899777 800.251871
5 6.250200e-007 612.845681 748.047289
6 1.099640e-007 331.992884 541.597424
10 3.494610e-008 549.925498 454.702458
6 2.820040e-007 398.665248 584.106355
5 6.632440e-008 613.208956 640.736355
9 3.356850e-007 655.661469 697.871370
4 7.093310e-008 663.923008 703.236539
11 1.019670e-005 795.611514 788.757053
3 1.597210e-007 807.970314 796.783045
2 7.757330e-008 626.306621 831.794935
5 3.022470e-007 635.795753 741.509473
9 1.838430e-007 649.387498 654.954909
4 9.698500e-008 659.333005 653.733771
10 2.713260e-008 808.695086 635.394672
11 1.307980e-007 819.984830 634.008486
3 6.558280e-007 907.704149 833.405841
2 2.615750e-007 581.738660 972.093068
11 5.853440e-008 666.561696 812.564249
9 8.866480e-008 667.107096 811.538502
5 8.046260e-008 740.669839 795.346797
4 3.219360e-008 842.712396 793.565923
3 3.186510e-007 852.206101 793.400236
2 2.856580e-007 637.888969 891.751191
11 2.932700e-008 756.015031 950.261681
3 1.295430e-007 738.884291 940.765954
2 1.259680e-007 582.873978 737.384195
5 3.019750e-006 583.400187 722.316035
9 1.718480e-007 583.558514 717.782299
4 1.619760e-007 686.502790 639.394826
10 5.190230e-008 781.916981 642.726560
11 4.094360e-008 782.470723 642.745896
2 3.547510e-008 748.419658 799.370209
5 6.495830e-008 763.195231 798.854246
9 6.611980e-007 767.640840 798.699005
3 1.326610e-007 860.865560 795.443595
11 1.028700e-007 691.628751 810.683677
4 2.328950e-006 750.104450 643.507101
9 4.573970e-006 751.913600 723.567358
5 4.935950e-008 750.566158 800.763460
3 9.620340e-008 702.561774 818.381854
11 1.600600e-008 633.738543 784.814216
2 2.500880e-008 581.247527 759.212403
4 1.545690e-007 696.053690 638.367006
10 2.755450e-007 761.938295 576.920080
9 6.191340e-008 766.966738 572.064171
5 6.906430e-008 612.577360 533.095906
4 2.524150e-008 601.068991 526.180992
10 7.091780e-008 562.322263 515.094554
11 5.523990e-008 724.652084 695.316495
9 1.887580e-006 725.743730 695.713823
4 4.353040e-007 788.585755 687.663478
5 6.649830e-008 734.038129 673.131177
10 6.465520e-008 735.336409 675.379876
11 2.979390e-007 822.162593 834.086331
9 8.576430e-008 822.594501 835.103831
3 9.139110e-007 841.877642 880.531547
11 7.863730e-008 704.022932 949.726978
9 2.415460e-008 702.850079 949.747453
3 1.398080e-008 650.485353 950.661576
2 4.711340e-007 580.712889 951.879583
11 8.697960e-008 892.327277 904.940418
3 1.367270e-006 905.043571 863.113559
4 1.041830e-008 927.641000 584.109198
10 1.091460e-006 721.132293 542.960637
4 3.170480e-007 828.357121 596.820260
9 9.008620e-008 755.444286 608.074799
11 5.079870e-008 770.908676 597.246575
5 3.684810e-008 784.701083 587.589079
10 5.002460e-008 868.538529 528.885783
4 5.070890e-008 678.861686 514.000533
10 2.036120e-006 743.080293 499.455009
4 1.106780e-007 651.589702 588.185732
9 3.187940e-008 589.973713 610.612194
5 2.364930e-007 584.532109 612.592782
10 1.588230e-008 577.405430 615.186690
6 5.814140e-008 341.309947 571.388602
5 1.800110e-007 503.065816 656.897365
2 4.256180e-007 524.197206 818.793596
9 5.365240e-007 660.553728 720.268016
11 1.290860e-008 603.586837 687.378161
4 1.633200e-008 603.284512 687.203614
5 8.281950e-008 508.342191 632.388630
6 8.883800e-009 612.544239 703.534887
5 1.162980e-007 482.486410 740.700368
2 8.294530e-008 505.023497 708.163322
6 7.127500e-008 517.792708 678.080939
5 4.185250e-008 446.656129 577.936520
6 1.308470e-007 438.047193 568.033116
10 6.882540e-008 560.732195 498.449364
5 1.168030e-007 550.808361 618.683326
6 1.254560e-007 465.467438 745.205970
10 9.660940e-008 602.238032 528.660239
5 2.269700e-007 629.514531 623.783806
9 1.267320e-007 651.403965 666.043900
4 1.078230e-007 664.707436 659.840373
11 3.527860e-007 774.679488 718.287045
3 3.420450e-007 787.483639 878.098150
2 1.572900e-007 633.162622 988.572159
3 3.962600e-007 780.413975 945.779074
11 1.040590e-007 727.545441 878.109360
9 3.044800e-008 676.154749 858.095328
2 1.351630e-007 581.987611 983.059611
3 4.507450e-008 727.628432 868.170029
11 1.106830e-007 657.672202 826.136377
5 1.630200e-007 595.566455 788.819738
9 1.524500e-007 587.622072 784.046304
4 2.592440e-007 682.731391 655.432139
11 3.645200e-007 721.568650 798.658805
5 2.600160e-008 691.304565 881.809563
9 1.130860e-007 688.101675 890.609521
2 7.087340e-008 657.486885 890.365558
6 5.870570e-008 503.347414 618.476846
6 1.538410e-007 413.547137 577.015808
5 5.006450e-008 559.065851 519.488734
10 6.453260e-009 520.723950 498.235559
6 9.478810e-008 450.877699 608.639981
5 1.519580e-007 543.000766 676.946745
9 9.697870e-008 678.870787 731.842401
4 8.804490e-008 686.141063 707.948265
11 8.591150e-008 682.177552 698.610823
10 9.592810e-008 620.849311 554.130623
9 1.138260e-006 760.641358 724.989814
4 6.987720e-008 743.076100 747.417226
11 2.444560e-007 742.340196 736.893429
3 1.587240e-008 739.366740 694.371544
5 9.104470e-008 733.056016 604.125083
10 2.022070e-007 743.469207 563.636799
9 5.423100e-008 901.504109 595.195817
4 3.427110e-008 925.880913 528.220300
11 2.191540e-007 786.834117 722.156332
3 1.153750e-007 764.538710 884.470384
11 1.382280e-007 756.821212 857.021671
9 2.198290e-007 782.074606 779.298684
3 1.727070e-007 784.554125 771.667408
4 5.273450e-008 801.814894 819.545338
2 2.571970e-007 613.779447 866.421856
11 1.337510e-008 590.442406 870.118176
5 4.225280e-008 519.696516 881.323516
6 2.660550e-008 584.878341 731.053497
9 9.406290e-008 696.567677 800.844683
4 2.940890e-008 756.749770 798.945353
11 3.535010e-007 769.289565 789.495957
3 3.711950e-008 828.337206 745.000447
9 2.140800e-007 686.794206 846.710210
11 2.193100e-008 690.292200 844.608391
2 6.864530e-008 724.096269 824.296737
5 4.429070e-008 732.063100 819.509753
4 4.513220e-008 819.793131 766.795921
3 1.399270e-007 823.085651 764.817564
10 1.957310e-007 666.929003 582.608104
6 4.132170e-008 319.395731 565.306179
7 6.411310e-008 249.174679 592.631664
5 4.368050e-008 599.710349 528.323831
10 3.481270e-008 616.165595 411.241443
6 1.160930e-007 278.643107 545.327070
7 4.452170e-008 202.303135 544.377579
6 3.022480e-007 392.049513 633.719176
7 6.153940e-008 79.984767 488.270290
6 1.752610e-008 233.420849 413.759102
7 1.352160e-007 143.293542 536.852129
7 3.374780e-008 91.817331 578.069692
6 1.079840e-007 361.854202 545.322854
5 5.524530e-007 559.938040 637.947789
9 1.175740e-007 631.917646 690.243929
4 5.150740e-008 687.814225 730.855088
11 2.787200e-008 622.487133 673.319249
10 2.089270e-007 660.910393 530.328065
4 3.231240e-007 713.123005 677.234721
5 2.688280e-007 713.011315 678.831995
9 7.852170e-007 712.344616 688.366450
11 1.626300e-007 678.607235 766.009262
2 4.548200e-008 624.801518 869.791998
10 1.073030e-007 730.192000 537.642422
4 1.865250e-007 730.192000 536.724957
5 1.872800e-008 730.192000 535.075236
9 3.929640e-008 730.192000 525.227821
11 9.495670e-008 786.048226 661.946823
4 6.134270e-008 872.907104 721.763623
9 1.654530e-007 839.338467 796.721736
3 1.112530e-007 784.032836 813.630366
5 1.316820e-007 681.854640 844.869379
2 1.515120e-008 654.500247 815.705314
11 3.478060e-008 653.887479 798.159575
4 6.108930e-008 646.845306 545.813000
10 1.181000e-007 646.052712 500.396554
10 3.183570e-007 726.122956 561.090048
4 1.472360e-007 734.423058 580.643864
9 2.158870e-007 745.411809 641.958275
11 8.314770e-008 677.684085 691.165248
5 4.513200e-007 676.167284 692.267266
2 7.909780e-008 651.395338 747.941976
3 7.924320e-008 712.933358 811.537239
4 1.643430e-008 707.887193 815.923797
9 1.347750e-007 651.273095 865.137609
11 2.184870e-008 776.473042 975.231978
2 2.203910e-008 718.967086 897.110107
3 8.599730e-008 810.951257 890.677870
9 1.531360e-007 736.998235 855.068419
11 1.283880e-007 718.851140 849.864771
5 6.973630e-008 709.187287 670.550361
4 2.950310e-007 711.810291 661.970906
10 1.656170e-007 859.939838 571.299314
4 3.134760e-008 854.673078 464.384860
10 3.198930e-007 804.057591 520.825107
9 6.467290e-008 676.960456 568.308913
5 1.219250e-007 596.172032 552.605193
4 1.516440e-007 743.473194 570.079711
10 7.542700e-008 664.177152 590.969553
5 4.370690e-007 661.008663 629.678317
9 2.232100e-007 724.799159 635.259075
11 8.484590e-008 798.472568 603.134275
4 5.893890e-008 886.034053 552.580632
3 1.547200e-006 874.095348 878.080733
11 4.530840e-008 836.195753 909.801027
9 9.029180e-007 735.790977 771.605030
4 1.053460e-007 773.472768 709.475918
5 3.703270e-008 774.470805 708.286508
10 1.139520e-007 823.493913 604.863370
9 1.710980e-006 756.959772 711.088207
11 2.972350e-007 772.952644 717.727696
4 1.161900e-007 764.740301 704.060014
5 7.618860e-008 729.115935 644.770910
10 3.200920e-007 684.891921 571.169539
10 4.562920e-007 702.950364 429.277845
10 4.224800e-008 741.183943 373.556186
5 6.034380e-007 621.587284 633.876025
4 3.620510e-008 650.225076 708.479435
9 1.084860e-007 650.493315 709.178217
11 1.082920e-007 648.468517 732.172183
6 7.050470e-008 464.523487 570.473492
10 6.713180e-008 594.079946 389.228802
5 1.220640e-007 593.128476 584.084129
9 2.811300e-008 600.407097 538.278760
10 1.367990e-007 596.771813 508.672356
5 2.691280e-008 599.123020 440.592656
10 7.429460e-008 619.212672 330.885861
