3 8.554450e-008 768.066907 419.580298
10 1.435840e-007 672.236399 237.286803
3 1.312290e-007 709.112177 394.738243
4 7.343270e-008 643.720932 618.228296
10 2.457290e-007 537.874904 226.575127
2 2.111600e-007 603.224575 173.626613
10 7.076550e-007 564.137590 239.661816
3 7.016180e-008 653.852000 352.196211
10 1.524140e-007 709.449576 289.254353
3 3.381240e-008 737.582325 468.868285
3 1.099130e-008 899.207786 489.228822
4 8.126880e-007 495.935640 619.698802
8 1.130070e-007 443.900864 591.893561
11 8.182620e-008 447.433671 583.149469
4 3.158160e-006 497.241027 578.945564
8 3.717270e-008 575.426177 585.785632
4 1.718690e-007 537.258144 509.627230
11 6.048310e-008 420.907525 523.180364
10 2.109640e-007 536.089867 207.084728
2 1.937890e-007 557.903234 186.168885
4 6.292710e-008 615.185333 498.556758
8 1.710630e-007 472.772744 644.259227
11 8.541400e-008 459.329357 588.011061
4 1.099340e-007 371.986305 510.196301
10 1.305500e-007 508.709620 252.110566
4 4.332580e-008 469.416587 386.976459
2 3.028830e-007 488.077940 137.208863
10 1.032940e-008 498.627139 132.456098
7 1.842890e-008 209.418357 177.727128
6 2.895440e-008 62.589256 187.994087
6 4.512010e-008 188.695764 196.834724
7 6.041410e-008 223.558931 177.556017
6 2.714870e-006 102.595196 66.672670
7 3.494170e-008 82.414004 161.617662
6 8.105940e-008 180.776381 207.109849
7 4.806670e-008 139.127416 189.281383
6 4.432420e-008 79.370637 201.815130
7 1.168150e-007 136.854270 73.654253
6 8.421940e-008 201.017937 131.211157
7 4.660650e-008 121.361883 157.092886
9 2.700940e-008 150.686449 297.912767
6 9.055570e-008 124.696899 138.996141
7 5.028870e-007 179.645529 75.785093
6 3.767110e-008 243.598734 105.414772
7 2.030310e-007 167.536293 122.975155
9 3.091620e-008 233.599268 297.133061
4 1.616970e-007 334.493102 522.703385
11 2.518450e-008 192.117741 592.144441
9 8.789690e-008 196.117023 540.700725
9 1.253560e-007 167.488609 522.966646
8 6.011200e-008 372.770940 603.694086
11 1.762870e-007 379.818616 609.820567
4 5.974270e-008 332.625140 636.861045
5 8.559580e-008 295.593076 806.114547
8 6.129240e-008 326.356279 711.433662
11 2.315390e-006 329.070507 703.079999
11 3.053940e-007 272.529600 749.123007
8 9.097390e-008 320.862978 715.279640
11 6.256220e-008 274.527596 806.238909
5 2.424820e-008 251.431957 759.410111
11 1.162010e-007 184.281249 656.007355
8 2.277950e-007 361.958110 679.938431
4 4.259180e-008 380.982771 749.398682
5 1.309150e-006 380.784361 902.494323
11 2.637660e-008 135.552392 802.915557
8 1.401550e-008 200.912012 840.668027
5 9.967400e-008 330.327799 902.160795
11 1.801360e-007 384.387961 753.629949
8 2.988740e-007 354.516388 729.754543
5 2.261220e-007 341.546176 869.081157
5 1.179950e-007 316.527660 864.357630
8 3.519820e-008 399.972247 813.632506
11 3.789090e-007 356.124100 759.484225
5 2.823930e-008 276.306919 889.431881
11 1.671220e-007 252.625034 710.238682
8 2.416940e-008 252.804822 708.959467
9 7.881560e-008 104.791640 629.313455
11 4.409090e-008 120.275290 715.766196
5 4.962950e-008 245.926706 948.435179
11 3.680890e-008 258.756752 843.337623
8 6.525420e-009 328.537511 888.653876
4 1.147450e-007 371.678829 632.029399
11 1.298280e-007 352.123986 613.027861
8 1.235640e-007 360.630753 637.733256
9 3.038020e-007 211.914163 444.369349
11 1.706690e-008 203.615779 490.885134
9 3.499250e-007 206.447488 490.876565
4 1.733050e-007 387.514149 572.287443
8 1.041680e-007 389.649098 571.833646
11 1.194180e-007 475.403741 605.062917
10 4.584600e-007 596.747722 290.177569
4 1.795830e-007 621.687292 536.292956
8 9.173200e-008 557.487808 685.237699
4 9.368850e-008 551.840872 667.858302
4 6.433370e-007 512.943621 529.537719
8 7.137850e-008 538.908587 663.116484
4 9.198900e-008 467.305464 496.793790
8 6.258260e-008 476.223127 604.723736
11 1.149090e-008 484.142678 669.225451
8 2.314380e-007 501.739279 719.128945
4 3.881860e-007 487.528137 638.533539
11 1.003540e-007 487.370652 637.640400
9 6.090310e-007 186.751212 478.278241
11 1.149640e-007 342.374084 583.907626
4 7.146570e-007 420.580123 603.406807
8 2.276230e-008 457.202633 612.537930
11 2.511250e-007 399.167387 643.058343
4 5.859890e-007 411.776172 563.450397
8 5.910430e-008 415.290697 541.260784
5 1.546440e-007 344.851748 835.951088
11 1.352590e-008 322.149391 853.231402
8 1.246620e-007 334.619133 764.504191
11 1.699990e-006 353.238587 710.396072
8 6.606290e-008 269.590754 742.505228
5 3.274080e-008 364.762893 720.002363
11 2.506980e-007 212.402625 661.517289
11 1.268320e-007 249.499700 645.583897
4 2.892510e-007 378.677921 588.350312
8 1.719530e-007 379.838012 586.630402
5 6.937600e-008 488.406234 866.279193
8 7.411600e-008 473.429541 787.762706
5 5.872610e-007 450.861997 930.250027
4 1.270270e-007 573.863926 581.565467
8 5.547480e-009 577.022873 604.042389
11 1.945530e-008 534.078405 621.475986
4 1.545980e-008 635.096788 607.279175
4 4.477490e-008 631.778090 628.360291
8 5.052970e-008 549.917681 642.657325
4 2.799960e-008 548.046883 624.858368
10 5.320800e-008 516.972350 254.379023
2 1.875950e-007 551.881008 179.516959
10 1.145610e-007 581.530097 127.887182
2 3.193270e-008 661.525624 157.003076
10 4.916930e-008 461.776720 331.004320
9 6.802040e-008 147.238232 350.237322
6 1.466820e-008 291.150800 241.211879
10 5.901490e-008 598.022825 350.334810
2 6.832210e-007 507.879708 117.900640
10 2.104380e-007 547.835835 183.004631
2 3.911710e-008 499.056830 261.627673
4 2.278210e-007 417.414401 532.518380
11 5.436060e-009 447.810527 467.334005
10 1.912660e-008 454.482865 334.720626
2 1.948030e-007 529.482834 182.984317
10 1.241580e-007 660.155068 117.676871
10 2.342160e-007 531.975912 224.153080
2 7.107400e-008 512.770112 168.594142
10 3.262080e-008 543.910000 362.620706
9 6.382810e-008 141.084030 325.950032
7 1.587480e-007 168.134047 154.735689
6 9.240590e-008 170.282475 156.475449
7 1.757020e-008 208.942947 255.235125
6 4.129770e-008 88.612752 167.810320
9 6.044540e-008 140.995251 250.018221
7 2.993540e-008 140.422705 141.555799
6 9.615810e-008 217.579867 110.382094
9 1.692770e-008 125.963364 231.319367
7 4.794800e-008 253.249131 151.554975
6 1.587920e-008 219.072828 159.054514
7 1.574360e-007 220.354166 161.366114
9 1.257230e-008 121.507034 342.722536
7 3.621610e-008 205.446381 218.769205
6 1.608170e-008 275.921581 250.006395
2 3.672620e-008 443.775271 238.648821
10 2.140770e-007 511.463477 257.692000
2 1.051100e-007 643.587551 100.588285
10 2.935140e-008 527.883974 68.137967
2 2.531080e-006 503.935718 58.701223
2 1.146410e-007 477.344999 143.834681
10 6.207660e-008 553.130296 120.664778
10 3.805720e-008 537.927361 447.318939
4 2.767010e-007 534.725624 508.414726
8 3.505000e-008 591.131927 746.486956
3 4.438580e-008 866.606880 383.868978
10 8.478270e-009 803.533386 307.658163
3 6.118250e-008 711.783187 460.453354
8 6.443970e-008 540.519443 699.050201
4 6.419930e-008 546.530577 693.637726
3 2.260770e-007 702.442494 318.498768
10 5.431130e-008 727.748453 252.574446
3 2.546210e-007 781.931290 257.209853
4 2.426000e-007 503.590937 484.267915
4 5.035730e-008 553.967047 567.216395
8 5.910130e-009 487.697168 550.693603
3 1.391750e-006 769.796439 323.358627
3 2.439600e-007 755.164892 238.080799
10 2.032370e-008 719.639686 391.955652
3 6.295200e-008 754.550050 435.305046
10 1.580320e-008 752.560782 263.915860
3 5.225250e-007 732.804539 269.671213
10 1.987810e-008 787.222525 293.176980
3 2.767310e-006 799.519507 316.304248
10 1.368990e-007 699.345528 257.099351
3 2.203150e-007 722.135071 246.472355
10 3.255130e-008 771.101958 237.559174
3 8.924150e-007 793.956642 270.199220
3 1.818080e-007 821.809776 336.358791
10 6.610390e-008 667.241639 382.271218
3 7.606640e-008 665.026964 392.690597
4 1.993090e-007 558.840350 576.627025
8 8.694370e-008 411.879987 598.814270
11 1.805270e-007 332.836053 587.705423
9 2.568310e-007 175.091752 532.558769
11 8.098210e-008 228.601713 567.979861
9 2.314270e-008 286.332416 481.639609
11 1.392390e-007 255.174195 592.872002
9 5.718890e-008 110.338337 579.104835
9 2.480570e-007 216.748778 477.875170
9 2.120070e-007 94.651104 531.053358
9 1.405500e-007 72.465044 541.642314
11 5.259200e-008 314.916822 543.750036
4 2.101850e-007 385.855234 573.861598
8 9.787070e-008 450.020805 601.098261
4 1.450300e-007 596.183502 579.075875
3 8.955890e-008 731.666823 369.250749
3 5.878070e-007 835.018935 284.355204
10 2.431250e-008 760.273303 215.691231
3 7.118060e-008 914.802203 345.096170
3 7.633470e-008 709.823978 290.742857
10 1.636220e-007 670.699379 302.728677
4 9.330970e-007 496.978550 544.870362
11 1.361890e-008 485.918169 478.959295
8 2.174000e-008 492.093062 468.682489
4 6.720520e-007 505.266689 531.702928
11 1.237170e-007 446.316337 599.456367
8 8.818270e-008 457.568896 604.232796
4 1.054500e-007 561.045564 648.156039
11 8.854220e-008 380.345658 805.243423
5 9.516230e-008 374.324046 808.051359
8 1.403020e-007 369.799295 810.161295
11 6.660200e-008 245.284646 779.509722
5 3.151630e-008 238.969679 776.698126
8 1.234780e-007 290.110508 675.862532
11 1.908590e-008 391.923532 832.260612
5 8.569480e-008 388.189621 837.593191
11 4.356380e-008 250.369842 704.429759
8 3.341510e-008 299.289697 803.181543
5 1.632170e-007 328.954239 884.684351
4 1.300950e-008 317.641436 767.867657
11 4.406390e-008 259.522115 798.770270
11 7.697510e-008 311.993036 810.839437
5 4.724280e-008 351.047710 787.685081
8 7.318190e-008 274.346060 751.918270
5 1.262540e-007 318.828702 978.643237
8 3.692930e-008 292.673058 797.105330
11 1.286240e-007 226.907952 832.363445
8 1.457460e-006 384.999873 688.960269
5 4.418980e-008 411.879211 708.548533
4 1.113390e-007 410.753164 711.201317
11 4.457480e-008 408.347472 716.868740
11 4.949510e-008 119.708136 753.101599
8 4.155810e-008 308.163920 810.022752
5 3.816040e-008 317.908144 821.635397
11 7.649000e-008 306.082207 810.947289
9 3.168570e-008 192.832273 635.231262
11 9.667900e-008 201.974913 648.005883
5 2.729490e-008 218.515360 763.863499
11 8.661040e-008 191.349830 702.849112
8 2.763170e-008 184.433588 687.315077
4 7.507930e-008 368.286275 640.837304
11 1.265140e-008 110.912528 861.045139
5 2.979700e-008 224.500585 864.497486
11 5.684720e-008 241.501606 859.863670
5 3.834720e-008 253.188917 963.682365
5 1.903320e-008 245.880032 784.794631
8 1.929050e-008 219.889826 717.088237
11 4.541630e-008 216.609535 708.542837
5 3.005270e-008 308.565356 802.600284
8 1.521650e-007 387.014810 741.309418
11 1.456190e-007 393.936404 735.901726
4 9.728430e-008 380.640265 721.197014
5 2.096300e-008 311.193826 781.047991
11 2.556370e-007 351.218653 759.766248
8 4.337080e-007 392.423026 725.632049
4 4.658390e-007 407.109009 585.907945
8 8.777510e-008 458.854790 594.573598
11 5.520680e-008 449.926674 593.847663
4 2.868300e-007 520.918159 517.718937
4 1.384230e-007 520.317485 514.041184
8 1.082120e-007 421.649304 617.759311
11 4.171130e-007 379.511861 697.008795
5 1.221620e-007 298.553156 837.488629
8 2.924610e-008 301.234205 750.399143
11 1.233200e-007 321.820631 839.569556
5 2.757050e-008 351.650208 764.779179
4 3.130020e-008 311.618698 725.885039
5 1.326750e-008 229.049123 991.391512
11 1.018550e-007 261.155673 792.339885
5 4.834360e-009 250.189671 797.222215
11 1.513280e-007 200.323406 728.755864
5 5.685150e-008 337.481751 984.504541
11 7.322460e-008 315.363754 830.182871
5 3.550780e-008 207.942078 900.996338
11 6.994190e-008 272.161616 700.542457
8 3.739410e-008 218.099370 739.820733
11 9.824550e-008 269.096993 851.446913
5 4.091900e-008 242.880943 886.381542
11 1.385380e-006 309.870963 709.977414
8 1.236440e-007 321.379433 700.296956
5 1.089600e-007 324.375334 901.812474
11 7.285310e-008 233.053966 743.235113
8 5.557750e-008 228.490616 738.509625
11 4.346180e-006 313.622126 673.020850
8 9.830160e-008 317.969231 668.359129
5 5.624930e-008 342.365031 932.083662
11 4.840170e-009 187.494461 877.210882
5 1.686260e-008 249.061737 856.089135
8 3.226810e-008 289.419261 798.452631
11 5.517680e-008 201.274928 664.114463
5 8.045560e-008 294.401790 877.995681
11 6.605150e-008 283.402816 866.842196
8 3.954150e-008 283.003641 868.070736
5 1.913840e-007 310.371499 896.360478
11 6.799330e-008 249.559388 669.183410
8 5.512410e-008 248.761291 670.134550
5 7.786060e-008 307.062261 804.114252
11 9.172540e-008 273.570011 816.304343
8 4.687720e-008 272.379713 816.737573
5 1.854180e-008 274.864237 896.181657
11 3.541510e-007 329.275658 759.830778
8 4.707800e-008 329.627666 758.679409
5 6.475100e-008 311.372702 827.342367
8 2.948310e-008 228.606923 816.972785
5 1.472330e-007 328.092418 827.833727
11 8.148020e-009 388.561909 835.258530
5 1.279370e-006 369.256189 900.874553
8 1.336520e-008 314.939948 934.815364
5 6.162950e-008 363.427436 826.219916
11 2.195370e-007 391.293755 760.570967
8 1.960180e-007 393.809705 754.643759
4 1.710400e-007 443.387489 609.215513
7 4.213780e-007 232.179951 96.653272
6 8.473220e-008 236.310893 142.565103
9 3.397590e-008 165.093759 218.225038
7 2.482220e-007 253.653631 135.149698
6 5.226660e-008 207.598657 198.838438
7 1.234540e-008 198.964204 231.776535
6 1.355730e-007 191.029971 69.870921
7 1.330540e-006 224.218803 89.763059
6 5.588830e-008 188.685941 154.258530
7 2.187100e-008 183.702729 194.842379
9 3.762150e-008 264.682790 342.365637
2 3.826080e-007 484.112530 157.917712
10 1.230980e-007 569.972057 142.778241
2 3.756370e-007 585.848330 91.686236
10 2.262420e-008 498.256947 82.479992
2 1.592440e-007 434.439242 110.235248
10 2.009310e-007 550.174061 238.772414
10 5.525920e-008 462.828076 239.481023
2 4.382400e-008 543.462020 258.534491
10 1.321970e-007 468.950565 292.657279
2 9.279240e-008 390.080017 178.781033
10 6.976430e-008 478.720962 288.611005
4 3.135970e-007 441.282217 482.334428
3 2.583670e-008 821.618809 473.896039
8 3.834690e-008 500.873170 820.052217
5 8.022330e-008 524.605803 766.061847
4 7.823160e-008 637.337801 628.914620
4 3.846950e-008 605.984635 707.039617
4 2.341360e-007 500.837933 674.900743
8 1.069810e-007 498.753228 674.681636
11 9.024180e-008 455.338902 692.352369
5 1.915940e-008 483.211213 835.743614
4 6.445440e-008 607.287784 552.226107
8 7.965620e-009 608.149060 550.197044
5 9.635940e-008 529.806210 909.863919
5 9.844150e-008 501.789287 884.871843
4 3.635940e-008 563.204630 438.160225
10 5.006490e-007 567.435346 228.371290
2 3.934940e-007 558.020456 121.399459
10 8.646570e-008 517.806759 132.452960
2 2.829590e-007 451.689056 126.984743
4 4.915070e-008 476.843297 386.560627
10 1.354900e-008 426.538426 241.478062
2 3.993800e-008 599.413822 226.353118
10 1.665350e-007 548.620414 315.262869
4 4.445590e-007 561.796973 560.120803
8 2.425140e-008 523.537348 605.590560
4 7.578000e-008 706.902205 608.791532
5 1.563060e-007 469.089554 852.747903
8 2.875290e-008 464.599266 872.197533
5 2.185820e-008 602.780393 852.452257
4 6.789210e-008 618.956876 468.998113
10 6.831980e-008 608.050572 313.037256
3 1.326360e-008 565.796681 338.074414
6 1.134890e-007 166.961019 143.434163
7 1.615320e-007 164.677021 144.356964
9 4.816060e-008 141.341299 330.875992
6 2.306890e-008 118.268607 221.318771
7 3.214590e-007 252.361733 101.087038
6 7.674140e-008 200.934745 121.569066
7 3.631580e-008 263.091177 254.864946
9 5.485590e-008 84.975039 282.790600
6 9.819070e-008 87.255149 102.203358
7 1.513430e-007 95.974742 99.626443
6 2.613300e-008 196.217921 180.160482
7 3.675340e-008 237.675117 257.891381
6 6.027390e-008 93.669695 179.746009
4 3.325880e-007 435.856869 521.231721
8 2.311170e-008 430.235070 548.144663
11 1.813170e-008 428.947145 544.404263
4 2.123980e-007 493.890399 672.868509
8 1.491320e-007 471.228000 736.811162
11 7.423220e-008 471.228000 733.015064
4 2.165270e-007 564.274062 612.229407
8 1.682180e-008 509.182514 530.828615
2 1.222400e-007 498.157709 144.509956
10 4.768340e-007 548.403025 219.001640
3 2.057290e-008 535.800038 344.186025
4 3.512010e-008 516.252946 507.244176
8 1.282930e-008 650.130213 580.060090
4 3.862770e-007 529.553100 638.772004
8 7.073240e-008 455.152730 613.153901
11 1.243550e-007 394.435665 592.247338
9 1.047110e-007 150.709569 559.411819
4 1.841780e-007 393.983164 556.515869
11 4.817530e-008 451.889672 618.612735
8 6.750200e-008 467.066981 634.888338
10 8.146670e-008 511.093894 271.603984
2 6.746310e-008 465.571502 204.113998
10 8.433530e-008 548.028105 147.131329
2 1.515640e-007 514.682554 187.944726
4 2.665630e-007 452.169758 492.387303
4 1.832230e-007 530.825022 565.250708
11 3.909640e-007 396.291114 635.924131
8 3.501440e-007 392.337687 641.170486
5 2.567460e-007 390.030911 854.507644
11 7.888210e-008 289.139186 825.452932
8 5.512960e-008 289.825838 831.986128
5 9.823230e-008 333.381381 885.510672
11 5.728800e-008 220.188184 649.335718
8 2.682780e-008 279.871929 813.315610
5 1.792480e-008 205.292316 862.191845
11 2.179540e-007 242.018974 739.254038
8 6.456740e-008 325.511627 766.382438
5 1.284030e-007 371.445166 840.312638
11 2.440670e-007 266.727605 749.299832
8 3.111320e-008 209.181486 699.275763
4 1.847650e-007 384.370770 646.210607
8 2.745120e-008 362.382809 564.614111
11 1.439650e-007 295.404995 598.741068
4 8.981610e-007 441.477853 548.213715
8 6.494930e-008 388.315163 596.348906
11 9.571220e-008 453.065561 551.010121
4 8.264510e-008 542.817961 722.742146
8 2.377530e-008 579.348340 739.484348
3 2.400630e-008 808.611386 487.688820
5 1.441340e-008 541.887930 949.161973
4 5.656010e-007 517.425031 603.192815
8 2.939010e-008 530.965395 669.555543
5 2.850860e-008 557.583466 703.843277
4 6.031870e-008 615.962942 733.908530
8 1.569890e-008 617.512332 735.255402
3 2.479700e-008 830.796028 435.340471
8 1.492450e-008 642.960068 750.536909
4 3.508850e-009 731.500057 581.318312
5 6.549970e-008 554.475176 903.241563
8 2.495360e-008 526.478025 755.336461
4 1.620600e-007 561.756471 679.681390
5 1.644140e-008 524.963721 744.173467
8 2.319000e-008 543.634361 582.782223
4 1.283340e-007 541.931202 485.208138
8 2.935630e-008 567.278687 790.587860
4 9.544710e-008 526.598276 660.145623
8 1.153340e-007 478.136347 679.905120
11 1.247180e-008 547.271195 641.583019
3 3.484220e-008 677.828491 442.865425
3 2.615670e-008 795.001042 545.824958
4 5.557900e-008 535.947351 517.387877
10 1.144410e-007 602.708009 332.009313
4 1.538830e-007 573.425103 547.373050
8 3.891120e-008 560.935124 717.032877
4 5.330540e-008 634.892731 741.729084
8 6.663510e-008 509.335507 675.746490
5 7.976060e-009 663.093007 832.681034
4 1.656820e-007 592.560946 566.735020
3 4.967270e-007 776.907250 329.484580
10 4.164420e-008 751.930647 328.590473
3 1.183520e-007 703.108016 237.813703
10 7.753670e-008 684.983477 322.165586
3 1.932370e-007 686.367911 327.332423
8 1.672250e-007 457.444615 690.798770
4 7.155080e-008 458.972156 688.043027
11 6.492710e-008 490.574730 631.030764
2 1.451140e-007 423.441118 173.766184
4 8.672260e-008 349.664912 523.386189
8 3.467020e-008 627.295124 632.954375
3 8.323610e-008 812.971623 388.413031
4 2.710050e-007 541.968251 579.620377
8 1.031390e-008 506.768835 593.326912
4 9.686890e-007 527.399985 604.296789
5 2.063530e-008 638.936884 841.563205
4 1.446950e-007 566.538952 610.048212
11 4.676880e-008 466.462123 619.640613
8 9.523610e-008 468.523627 631.331929
5 3.834690e-008 556.128773 823.327223
4 5.298630e-008 650.092969 619.160969
5 3.803140e-007 466.468299 890.282924
8 4.005160e-007 470.651640 703.857630
11 9.332010e-008 470.386826 700.070779
4 1.345830e-006 464.184279 611.373957
8 3.568370e-008 556.083294 643.006518
4 2.465740e-007 553.229743 629.581599
8 1.441630e-008 555.324030 709.278230
4 5.931040e-008 548.816784 721.516532
5 7.631650e-008 504.363422 868.537166
5 6.072440e-008 516.153662 945.576076
8 2.819780e-008 530.007088 850.747855
4 1.622030e-007 556.651026 532.600167
8 1.677080e-008 513.843434 620.199694
11 4.789010e-008 538.393416 582.395884
4 2.230120e-007 609.382163 592.822626
4 3.421180e-007 508.304444 624.692695
8 8.020810e-008 439.612780 606.286915
11 5.034020e-008 436.147850 583.457437
4 2.124190e-007 417.067389 518.793900
10 3.366270e-008 441.640272 231.429379
2 8.238030e-008 441.036956 237.034383
4 7.943140e-008 524.492545 426.884460
8 6.288210e-008 381.228955 591.396792
11 1.786750e-006 315.079027 653.082908
5 4.565880e-008 296.167544 936.527311
8 1.433640e-008 257.979709 786.179870
11 1.535590e-007 251.798861 778.813835
5 2.176050e-008 315.654151 851.702536
8 2.741710e-007 332.017452 745.888111
11 7.344630e-007 338.867880 739.272748
4 2.910200e-008 273.044363 729.018862
5 7.112740e-008 339.586992 848.891455
8 1.820120e-008 272.260812 741.146207
11 2.589510e-007 267.312305 733.226879
5 2.071750e-008 246.408146 850.053947
11 1.916650e-007 284.758087 722.326311
8 2.155050e-007 356.566552 704.422696
4 2.737780e-007 370.099488 523.485040
4 5.411720e-008 395.294187 514.423777
9 2.590280e-008 327.520067 309.433244
7 1.066100e-007 282.830680 144.040983
6 3.795550e-008 246.651027 85.411472
7 4.357830e-008 167.752768 212.206711
9 3.312180e-008 281.791443 317.181709
2 3.351960e-008 361.804550 115.261346
7 6.005780e-008 351.473872 145.185148
10 8.545100e-008 459.070934 240.236517
2 3.465320e-008 458.717983 260.455657
3 2.376830e-008 601.398637 310.357963
10 6.896990e-008 590.541951 261.473333
2 5.676020e-008 510.942123 211.245112
10 8.872980e-008 489.990598 162.384675
4 6.203810e-007 465.500463 527.121766
8 7.170450e-008 521.853453 656.589172
11 4.652350e-008 527.730274 663.846448
4 4.809320e-008 322.779134 559.385578
9 1.728840e-007 166.048849 545.566305
11 4.488110e-008 156.531835 546.734854
4 2.869980e-007 393.070935 537.383796
8 1.801350e-007 405.685869 641.052739
11 2.056540e-007 399.271584 671.229329
5 1.334640e-007 338.362055 889.103920
4 3.728650e-008 327.673143 775.940812
8 5.925200e-008 321.334075 779.170728
11 1.170590e-007 308.934869 785.488438
5 4.768930e-008 336.792818 787.560447
4 9.772060e-008 311.257661 528.760378
8 3.269030e-008 304.561790 526.584745
11 2.342370e-008 244.031030 506.916994
9 1.606280e-007 186.647938 488.271988
8 8.533260e-008 383.830355 790.049497
5 1.238010e-007 378.674499 789.507608
11 8.800120e-008 320.532659 783.396807
4 1.847700e-007 412.720087 628.817222
8 5.892160e-008 371.590113 613.127013
11 1.773410e-007 374.174126 609.240957
4 2.258840e-007 484.259029 463.153700
10 1.462770e-007 551.095423 257.170214
2 1.194400e-007 472.306670 227.364514
4 3.836340e-007 520.094546 498.017968
8 2.770830e-008 591.267256 729.886799
4 1.433950e-007 551.729873 667.033535
8 9.286480e-008 467.675886 579.780501
4 2.446440e-006 445.437338 554.198026
11 2.129980e-007 406.135338 613.912690
4 1.940340e-007 503.732480 449.436625
10 1.983230e-008 509.048979 362.060167
2 5.455500e-008 415.300790 141.720341
10 4.792410e-008 479.908738 189.844642
9 7.966110e-008 197.235973 333.219940
10 1.950740e-007 565.984632 275.084846
4 1.597350e-007 546.975529 504.299132
4 1.687930e-007 568.813026 659.870848
3 7.836630e-008 689.101636 308.200344
10 1.016250e-007 693.742978 305.627605
3 8.481180e-008 844.881396 207.599835
10 9.484030e-009 842.002921 211.867335
3 9.294680e-008 762.717026 377.834614
10 1.271760e-007 668.085727 206.228001
3 1.375000e-006 758.287221 325.929412
4 2.311610e-007 573.251431 580.319563
8 4.659690e-008 542.134484 602.168864
4 2.530980e-008 601.819154 522.823045
8 1.610650e-008 517.122403 502.217799
4 3.047730e-007 555.606533 535.531937
11 1.958700e-008 544.862950 678.951369
8 1.263370e-007 474.940083 645.285531
4 4.577270e-007 476.089034 653.460780
5 9.780480e-008 502.262834 829.255753
11 4.849590e-008 496.334846 659.489270
4 3.245760e-007 548.518590 600.909445
8 5.295390e-008 400.545352 554.835292
11 3.953170e-008 319.073138 550.640239
9 5.070470e-008 364.639561 608.962470
5 1.419660e-007 338.525133 891.541759
8 9.564700e-009 267.400063 905.134027
5 5.348880e-008 197.706892 982.536371
11 1.535580e-007 260.558901 778.954943
8 4.306410e-008 299.572648 695.289905
5 3.214370e-008 217.417698 850.313585
11 5.743270e-008 186.035535 768.376839
8 1.348710e-008 302.254154 869.404198
5 2.100620e-008 281.065046 827.003765
11 7.420830e-008 318.312156 806.827322
8 7.485760e-008 319.746010 813.038002
5 1.059710e-007 341.128483 860.282350
8 3.241010e-008 367.182110 834.048860
11 3.052220e-008 360.033410 775.827522
4 6.279100e-008 268.095266 722.916367
5 7.187360e-008 262.599450 923.698660
11 9.961160e-007 286.701931 686.505997
8 3.824160e-008 330.038104 634.860106
4 3.086430e-007 439.082655 616.089727
3 3.686550e-008 604.936546 294.278491
10 6.756110e-008 605.116189 289.134166
2 5.487520e-008 561.208105 194.867756
4 3.765960e-008 413.580421 371.598118
10 8.513640e-008 539.663965 324.171319
2 6.364940e-008 400.001202 251.948756
7 1.678120e-008 138.002557 165.464502
6 8.522070e-008 135.821935 166.935349
7 6.836580e-008 190.392432 131.585632
6 8.675920e-008 188.091274 130.257053
7 3.193700e-008 50.225930 219.714837
6 3.365110e-008 50.791772 218.788543
6 4.976690e-008 72.186835 149.152224
7 5.735200e-008 130.718215 127.848638
9 7.689560e-009 114.318777 316.333300
6 2.670700e-008 59.050359 140.979933
7 3.201500e-007 234.234510 86.029039
6 8.503530e-008 51.282472 117.709517
9 4.931090e-008 161.069286 250.208054
7 6.914300e-008 247.658184 139.060203
6 5.248530e-007 99.527018 73.107838
6 9.439100e-008 117.775256 163.300744
7 1.833890e-007 174.950653 148.181325
9 3.914990e-008 97.540288 335.334913
6 3.973210e-008 108.544310 215.653362
7 4.083520e-008 199.648962 179.554994
6 1.188850e-007 132.653139 96.172096
7 3.159870e-008 193.941545 215.031269
6 3.375470e-008 294.741024 119.792907
7 3.490560e-008 177.713004 134.888032
6 2.460710e-007 56.696273 74.149001
7 1.680300e-008 161.958657 200.320939
6 3.371770e-008 85.494707 248.213779
7 1.385380e-007 242.735112 153.238673
9 3.533070e-008 279.476943 334.303058
2 2.820620e-007 439.174564 134.621840
10 5.414220e-008 504.733444 180.526731
2 8.516340e-008 439.610826 210.924514
10 3.448650e-008 482.458435 357.101791
4 7.044170e-008 500.307795 402.026672
2 1.468160e-007 567.264854 166.802121
10 1.206940e-006 611.325705 251.063382
3 6.486910e-009 606.976239 334.053385
2 6.726060e-008 697.152055 121.122122
10 9.899080e-008 635.113205 89.172356
4 1.089810e-007 519.196923 465.820013
10 2.103280e-007 594.739943 296.147248
2 1.953520e-007 469.284733 139.479672
10 1.044040e-006 568.179281 212.010944
7 3.084660e-007 305.825426 67.217257
6 7.417830e-008 306.500713 64.508785
7 5.313140e-008 82.701564 139.705613
6 1.204250e-007 81.032636 141.841759
7 6.893730e-007 185.636342 51.839644
6 3.238780e-007 183.776436 49.979725
7 5.179150e-009 142.249482 152.585564
6 6.908670e-008 139.858035 153.804061
6 3.410150e-007 152.332619 100.348646
7 3.600020e-006 223.412482 62.554712
9 3.265870e-008 181.747467 287.184896
6 1.242620e-006 109.934761 64.031574
7 6.095820e-008 107.416684 51.077347
6 6.023750e-008 72.337077 173.502539
7 8.005450e-009 161.315474 136.576445
6 1.938510e-008 206.958330 190.376946
9 5.163310e-008 107.270860 339.275201
7 6.598070e-008 137.372959 85.118810
6 1.036750e-006 132.936357 78.541247
2 7.335240e-008 546.713418 198.723315
10 1.510440e-007 553.052562 185.129102
2 1.524400e-007 603.829181 122.361153
10 2.116810e-007 604.478320 120.461063
7 1.490560e-008 440.146671 65.793513
2 8.241600e-007 465.903485 47.563143
10 1.145480e-007 634.918473 112.709875
2 1.663360e-007 556.553586 104.065198
10 3.036520e-008 471.091227 120.677434
2 1.080340e-007 454.919794 123.392115
10 4.954000e-008 605.964207 43.080409
2 8.214810e-008 624.705181 149.000055
10 1.200610e-007 608.992812 320.082914
4 7.897670e-008 449.951247 482.470205
11 1.930800e-007 416.338212 628.804150
8 1.541910e-007 416.147907 630.005680
5 4.469000e-008 365.035126 812.245544
5 6.640540e-008 323.020789 967.681663
11 2.765040e-007 370.111567 761.613134
8 2.256100e-007 369.669762 760.399281
5 7.424660e-008 247.272150 906.938431
11 3.525180e-007 305.504335 732.128847
8 9.272190e-008 306.609025 731.682523
5 7.715340e-008 344.365151 782.842388
11 1.682730e-007 420.744045 685.081266
8 9.033600e-006 421.547034 684.053482
4 8.207040e-007 445.561106 643.507976
9 3.550550e-007 204.557517 502.008635
9 1.927070e-006 162.053018 440.664934
9 8.685530e-008 141.186007 409.726007
11 4.888340e-009 218.511989 492.913523
9 4.040150e-008 257.611918 525.007000
4 2.391840e-007 418.942967 525.007000
8 2.537580e-008 461.665183 507.290029
10 3.168590e-008 456.558175 102.178098
2 2.971590e-007 456.817242 102.062754
10 2.413540e-008 592.348005 452.255794
4 1.186150e-007 640.034542 515.537818
8 1.669540e-007 522.233715 733.116544
4 4.763030e-008 530.197458 736.334086
4 6.320700e-007 502.622715 614.075843
8 2.714740e-008 465.267888 569.558221
5 1.233740e-008 515.713014 783.943686
8 5.742960e-008 474.323193 781.785097
11 7.762770e-009 512.884277 841.163670
8 4.855820e-008 546.226447 791.124122
5 6.445090e-008 574.558928 951.805941
11 2.506290e-008 520.426572 733.518626
4 1.316670e-007 588.994998 683.700752
8 2.426040e-008 517.923849 714.485961
4 1.013330e-007 616.882885 600.842664
3 4.721750e-008 709.228464 399.256097
3 1.104300e-007 682.410178 335.415886
10 7.763280e-008 682.405088 335.474068
4 4.451410e-008 733.355357 625.821857
4 1.119320e-007 550.507069 440.360673
10 4.304980e-007 550.124017 272.498209
2 8.085730e-008 506.193484 144.914947
10 3.279710e-009 525.797515 379.951504
4 5.470400e-007 446.031258 518.110934
8 1.848250e-008 362.653293 524.833205
11 5.130800e-008 277.438061 523.345750
9 1.908250e-007 190.959571 530.311567
11 4.699870e-007 339.839000 612.536170
4 3.094760e-007 420.390256 615.349069
8 1.373030e-007 422.485177 615.422225
9 8.289900e-008 203.246939 508.993502
9 4.070390e-007 192.323054 472.657687
11 6.757800e-008 318.353729 567.628320
4 1.415990e-007 408.530869 589.900821
8 7.318080e-008 410.624203 589.791123
5 8.396380e-008 528.779373 866.059857
5 1.691660e-008 571.469024 954.995559
8 1.701040e-008 538.590492 615.622223
4 1.330320e-006 509.847939 539.922466
11 2.012810e-008 452.945981 477.044165
4 6.005440e-008 508.700278 376.895275
3 1.609440e-007 758.471242 380.303035
3 1.864600e-007 751.056302 399.776423
4 5.923550e-008 565.675514 444.961545
10 4.166780e-008 418.109452 280.967112
7 1.365560e-007 259.681302 174.847158
6 4.498500e-008 185.241076 131.935005
9 3.183790e-008 102.542536 221.118978
6 6.975640e-008 116.346824 142.831108
7 2.223930e-006 213.094225 59.081380
6 4.954400e-007 94.199674 88.736489
7 4.466390e-008 192.119782 154.280024
9 1.229750e-007 95.984318 312.172447
7 1.374280e-007 240.713000 153.754761
6 9.654630e-008 240.713000 71.404887
7 1.443750e-006 242.900825 85.107880
6 3.086170e-008 244.353401 168.311756
7 4.615680e-007 190.682691 102.690526
6 6.931410e-008 169.369156 182.234338
6 1.321460e-007 48.379710 139.843852
7 3.405010e-007 195.526921 80.392207
7 7.893310e-008 124.068106 160.776610
6 3.408580e-008 121.410246 160.403078
7 1.998120e-008 83.904112 126.562033
6 3.814820e-008 83.202507 129.180461
7 2.866470e-007 191.123173 118.325354
6 7.783300e-008 189.434083 120.411214
7 1.098550e-007 107.353703 92.546103
6 5.434420e-007 105.122119 91.205232
6 3.155040e-007 49.305885 63.607312
7 3.539310e-008 57.614020 24.692717
7 4.943040e-007 189.405783 71.484410
6 8.135590e-008 190.960646 69.263827
7 2.207320e-007 143.808738 121.639316
6 1.379960e-007 142.578059 124.054674
7 1.154480e-007 247.515708 176.675890
6 1.731150e-008 248.017592 179.257886
7 3.315270e-008 81.038693 85.721613
6 3.550230e-007 79.815060 88.230424
9 4.142970e-008 155.727978 334.966481
7 1.919430e-008 99.766337 204.288331
6 2.491110e-008 99.041326 206.816733
7 3.572020e-007 276.204809 60.283917
6 6.346660e-008 216.809738 100.346464
10 3.182850e-008 443.646385 280.746967
2 1.422850e-008 443.553240 281.071805
4 2.205510e-008 485.786516 335.318728
10 2.347320e-007 524.201606 240.238571
2 1.048960e-007 477.934999 196.810841
7 7.305900e-008 379.174170 112.022781
2 1.315250e-007 385.620172 117.826810
10 1.142320e-007 506.516047 226.682374
2 2.131230e-007 548.916320 182.489568
10 6.666580e-008 572.450403 331.080937
2 1.135310e-007 481.172990 182.941120
10 1.193470e-007 528.915470 265.633653
4 7.476290e-008 437.857373 476.262159
8 4.031660e-008 586.514266 674.707787
3 1.160500e-007 680.474187 343.574758
10 1.454330e-007 656.144181 263.994697
4 1.546980e-007 547.216349 590.073316
8 5.416490e-008 489.643920 523.844259
10 6.137180e-008 470.808385 228.872207
2 2.617200e-007 456.809519 149.479649
10 4.205130e-008 620.561326 108.925983
2 1.091290e-007 613.034975 116.194136
4 2.594350e-007 409.981129 481.413066
11 2.337450e-007 369.005520 632.214305
8 8.101000e-008 367.530095 644.230840
4 6.866520e-008 569.521939 414.896517
11 6.856370e-008 285.982687 577.331986
8 3.883470e-008 275.915755 582.684718
9 4.763430e-008 189.096420 548.958961
9 4.265340e-007 89.235261 529.784698
11 2.165800e-007 374.582508 569.436210
4 3.174320e-007 378.657665 570.081637
8 5.549570e-008 385.611473 571.182987
5 1.830920e-008 243.115289 868.623324
11 1.072550e-007 279.295470 743.486982
8 2.748830e-007 323.176423 663.994382
4 1.173620e-007 382.822577 540.134532
4 6.981480e-009 365.563360 435.106251
11 6.006200e-008 475.028447 618.599146
8 1.182380e-007 508.219868 693.148504
4 6.378170e-008 524.287268 666.626534
8 7.790720e-008 524.622352 696.150932
4 2.482500e-007 542.230487 638.364012
8 5.421880e-008 472.876500 586.102147
11 3.512670e-007 422.171237 686.170928
5 7.051110e-008 336.347037 815.006348
5 3.187400e-008 281.796522 834.338382
11 2.352890e-007 335.272997 776.991624
8 1.023560e-007 336.085549 776.120265
5 2.433510e-007 366.424797 833.087006
11 7.425100e-008 394.466030 846.162758
8 1.032690e-007 395.636757 846.708673
11 1.019120e-007 267.942928 671.608537
8 2.864690e-008 318.646993 679.540978
5 1.489250e-007 314.774204 870.508029
11 2.793050e-007 221.335888 725.397564
8 2.509680e-008 220.158334 725.897401
11 2.024780e-008 168.712241 663.153727
5 1.029060e-007 317.125149 939.187525
8 1.097880e-007 407.549932 784.597433
11 1.415330e-007 407.984322 780.464479
4 2.017500e-007 425.007483 618.499498
9 7.947050e-008 291.701091 532.722073
4 7.844780e-008 280.033257 562.394588
8 2.370090e-008 273.025996 564.807405
11 8.546570e-008 269.247849 566.108337
9 4.939030e-007 98.181439 511.368821
4 1.459870e-007 394.901708 537.612112
11 1.891160e-007 406.412478 540.482091
8 1.081250e-008 468.302000 536.866519
10 6.243920e-008 491.212898 261.814084
2 1.423560e-007 487.321788 159.798617
7 5.267900e-008 149.498161 139.895373
6 9.273280e-008 132.805730 152.165718
9 3.678950e-008 132.472020 230.513652
7 9.328560e-008 245.260416 151.203226
6 2.230690e-007 154.483570 100.009253
7 5.907100e-008 89.027259 135.390470
6 1.684990e-008 108.136830 212.034935
6 8.871420e-008 183.778349 108.278561
7 1.201580e-007 184.455764 105.750408
6 5.117550e-008 94.669527 177.046834
7 8.453350e-009 92.774080 178.814370
6 8.180850e-008 162.623190 115.877571
7 1.767910e-007 162.929646 113.381614
9 2.958570e-008 122.259816 274.212676
6 6.711270e-008 101.726826 156.456951
7 3.993130e-008 188.094683 138.098773
9 5.036910e-008 199.826557 300.651501
6 2.947500e-008 67.192486 219.663476
7 5.079630e-008 235.127956 202.013143
9 1.263070e-007 190.235008 340.164001
10 3.037870e-008 581.599675 355.783135
3 3.218300e-008 576.743340 375.687412
2 2.721140e-007 429.729997 92.247208
10 6.518090e-008 505.165810 194.671891
2 6.655260e-008 694.930119 97.769518
3 4.063610e-008 756.364235 115.385573
10 1.319840e-007 620.179473 139.064818
2 4.133050e-008 645.202892 91.296648
3 3.612450e-008 759.789931 75.988418
10 1.102980e-008 774.791913 70.528184
2 1.285060e-006 505.672104 112.180268
10 5.828680e-008 599.535263 15.720744
2 1.355050e-007 468.518001 201.097966
4 9.281890e-008 468.476440 449.839681
5 7.336790e-008 547.723985 879.728622
