11 9.614580e-008 781.958000 531.419000
9 9.808880e-008 781.958000 531.419000
10 8.880450e-008 744.575303 563.915148
4 2.665920e-007 732.135463 574.728891
9 7.382570e-008 723.713681 582.049803
5 1.698510e-006 625.098708 667.794937
11 3.953060e-008 788.582413 601.743424
10 1.618170e-007 648.542082 503.272501
4 6.056410e-008 661.635003 494.104736
10 1.147740e-007 773.711302 365.977048
10 1.657460e-007 676.500917 476.241066
4 5.239250e-008 659.121399 551.520833
5 1.681690e-007 643.876349 617.555101
9 6.392910e-008 585.619894 601.145037
10 2.197520e-007 631.730374 485.860678
4 1.891680e-008 653.852000 514.034057
10 8.933490e-006 732.621001 471.618413
4 7.137720e-008 702.948866 522.626449
9 8.482670e-008 788.178549 670.248601
11 1.440080e-007 811.593231 638.406041
10 3.074490e-007 783.636897 567.057053
4 7.470830e-007 724.125870 618.788985
5 3.017790e-008 787.312250 642.796266
9 7.430860e-008 880.939811 669.643837
11 3.184340e-008 920.735386 659.496021
10 1.920140e-007 815.344360 550.568093
4 7.818060e-007 776.316137 618.166947
5 2.816830e-008 778.648501 633.821069
9 7.429370e-008 848.943212 570.527689
10 8.551800e-007 764.130315 515.485379
4 8.117620e-008 827.483318 503.170729
9 1.588750e-007 760.652872 665.446569
11 2.577240e-008 708.981951 710.363408
5 1.714790e-007 703.421215 715.197281
2 1.526120e-007 639.307595 822.886407
3 7.956450e-007 863.614874 933.704667
11 9.587190e-008 829.279750 906.481701
9 9.876000e-008 681.945629 825.659563
2 9.051590e-008 672.675017 788.477581
5 6.365920e-007 643.984882 673.584486
4 6.377980e-008 635.387494 670.455284
6 4.706670e-008 443.804918 592.131039
5 3.715350e-008 609.029511 585.386996
4 1.252530e-007 702.612767 578.843192
10 6.213920e-008 706.996126 578.536686
9 6.575400e-008 788.023881 572.870824
10 1.170260e-007 609.768763 486.390920
5 1.559030e-007 563.424267 591.921365
4 2.850590e-008 555.577800 596.451540
6 1.390030e-007 457.818704 602.383893
6 3.773980e-008 295.027080 541.952237
7 2.952690e-008 201.142063 531.249996
7 5.334670e-008 147.324126 505.437977
6 1.325990e-007 356.572226 589.612692
7 6.436440e-008 225.989195 739.247537
8 2.086610e-007 249.340121 794.258857
6 1.911070e-007 315.494162 744.864345
8 1.042790e-007 91.425830 733.305174
7 1.926900e-007 87.292277 729.836715
6 9.483120e-008 277.651783 745.536419
7 2.423340e-007 130.672707 679.451539
8 7.016020e-008 109.907442 756.948222
6 2.873340e-008 252.578208 804.704040
8 2.683990e-006 176.752604 802.720177
7 1.150150e-007 181.064616 651.054187
6 1.737610e-008 176.340859 640.484742
2 8.944510e-008 360.386784 914.270828
8 1.937600e-008 128.692842 936.731369
7 7.539370e-008 135.116501 766.661289
8 4.130240e-007 161.343514 863.282723
