9 1.589890e-007 453.410533 436.362221
6 5.478420e-007 435.163147 350.515285
6 1.543490e-007 564.605306 248.586231
9 2.255580e-007 568.633575 325.449046
3 5.515080e-007 642.445940 829.935231
2 2.542270e-008 700.247077 959.758419
3 3.433070e-007 687.075959 846.235963
7 1.180510e-007 454.718212 565.119412
9 6.081280e-007 517.729671 409.158984
6 1.085650e-007 519.506910 404.760117
9 3.774990e-008 521.516949 514.140999
7 3.885480e-007 421.685360 520.060613
6 4.862210e-007 461.475018 360.471617
9 9.512420e-008 556.439546 270.017746
7 5.651120e-008 459.668911 584.780432
6 2.080590e-008 444.993445 468.045612
9 4.783250e-008 444.469766 468.347958
8 7.770500e-008 336.872183 515.325512
7 1.876460e-008 458.597209 376.144092
6 2.680760e-007 514.356410 246.879799
9 1.200800e-007 514.306839 247.446413
6 2.887090e-008 518.294738 104.805330
9 2.698460e-007 450.674052 306.895386
6 4.298860e-007 396.132656 315.531281
9 1.190310e-008 315.549895 265.567705
4 1.486950e-007 31.531980 190.165753
4 2.696400e-008 206.047265 197.440614
4 3.438220e-007 88.518160 146.881483
4 5.075930e-008 118.108737 132.425218
4 6.634700e-008 105.025602 187.003235
4 2.980500e-007 81.487217 170.048904
4 3.607310e-008 207.152077 44.142489
4 1.897030e-007 65.619919 146.504384
6 5.922510e-008 336.972704 338.692311
9 4.414530e-008 342.141619 412.610371
7 6.110930e-007 348.216740 499.487631
8 8.177690e-008 210.058717 583.394048
11 1.552610e-007 167.627754 594.281263
8 7.968240e-008 191.098137 543.490040
11 5.275860e-008 137.709982 497.080552
7 8.930520e-009 129.335501 489.800746
7 1.708630e-007 343.098525 633.659005
8 2.822920e-007 278.392410 653.441680
11 1.900820e-007 200.453919 677.269905
5 5.578720e-008 280.916259 851.285850
7 7.503320e-008 275.225452 725.206780
8 2.673810e-007 272.947160 727.118492
11 1.506450e-007 207.228747 782.262740
8 1.664420e-007 234.675651 775.628606
11 3.291590e-008 304.950311 726.421800
7 1.101960e-007 347.943705 691.264384
8 7.785610e-008 132.765985 826.993117
5 1.297410e-008 160.856353 823.544155
11 4.039650e-008 215.361296 816.851986
8 5.170560e-008 274.305893 794.632793
11 5.926120e-007 182.756241 653.659055
7 4.611830e-008 339.480308 675.160684
2 3.891010e-008 400.233399 858.574966
10 3.536780e-008 349.983682 920.277040
5 1.487750e-007 281.655062 959.726448
11 8.360400e-008 142.479307 756.890532
8 1.715020e-007 148.350151 769.576295
5 1.160990e-007 89.417928 923.635478
5 7.271670e-008 290.929527 913.079036
2 3.765380e-008 366.691824 802.250268
8 1.425890e-007 309.087075 743.643685
11 5.846310e-008 188.160326 827.694860
5 4.814070e-007 176.785590 908.631148
2 6.269520e-008 303.074643 902.958056
5 3.140860e-007 157.438332 909.560364
8 2.894970e-008 105.990815 854.176321
11 1.879520e-008 105.353990 855.752513
5 4.666840e-008 294.055135 866.323768
2 5.826910e-007 431.911839 853.074857
3 1.805360e-008 378.628953 787.275574
10 1.556780e-008 375.839570 783.830952
8 1.295440e-008 300.466960 690.752964
7 1.354670e-008 281.521373 722.495399
11 7.947810e-008 274.715745 741.193633
5 9.491000e-008 252.452936 883.040228
2 5.502420e-007 401.115914 922.874335
10 3.330120e-008 368.135062 937.188439
5 2.503510e-008 27.644538 896.414939
11 4.209210e-008 41.829997 801.606390
8 9.711530e-008 175.299799 823.483536
5 6.216100e-008 240.399313 797.226739
7 5.827340e-008 200.026329 624.322501
11 2.459850e-007 102.386032 629.439525
8 6.768370e-007 138.852270 694.239913
11 9.037120e-008 122.947693 746.152636
8 1.362160e-008 224.347889 863.596031
5 2.790930e-007 245.575573 933.028917
11 4.687870e-008 252.065422 838.992212
2 7.982100e-008 384.132749 800.120839
10 1.972850e-008 384.455193 798.462025
7 5.650120e-006 338.802226 558.186857
8 1.017060e-007 378.425711 689.413456
7 6.029830e-009 200.653976 438.632011
8 2.434770e-007 186.884488 569.599076
11 4.599480e-008 187.245379 567.901231
7 9.404170e-008 201.503408 518.915756
9 1.638340e-007 598.592737 395.849719
6 1.401370e-007 597.228438 317.710336
7 3.679800e-008 568.378153 539.116545
9 1.520680e-008 524.403470 588.493796
7 1.122260e-007 469.019510 546.053027
9 1.938000e-008 469.274889 548.132990
3 5.243340e-008 692.121979 778.700085
3 5.375220e-008 527.805636 771.637977
7 1.576520e-007 421.463188 562.488211
8 1.795180e-007 252.879670 553.035243
7 3.267270e-007 301.022826 573.597481
8 4.758740e-008 371.704418 665.292014
7 9.993520e-008 392.500528 685.150809
5 3.387760e-008 333.860872 857.521960
8 2.584170e-008 320.499714 883.744787
2 1.349210e-008 335.128834 760.877468
11 1.134160e-007 260.532714 730.351134
7 1.282030e-008 236.217587 743.279725
8 1.775060e-007 312.365530 726.085679
5 2.324540e-008 228.294623 763.639220
11 1.601080e-007 232.345651 762.400699
7 7.895170e-008 269.994005 683.624339
8 4.847150e-007 253.387507 677.249762
5 2.520600e-008 175.271518 732.460102
11 1.884910e-007 174.854528 728.492627
8 2.575350e-007 117.743001 733.212759
11 1.332950e-007 241.923240 645.054114
7 9.093560e-008 283.882412 647.988104
8 6.263640e-008 365.630844 607.693452
6 2.239530e-008 488.487700 537.262345
9 3.770390e-008 488.829992 537.716583
3 6.082150e-008 651.474544 704.268439
3 7.186960e-008 685.936670 980.340326
10 5.241020e-008 673.621958 855.683896
3 1.198010e-007 707.535087 861.317058
10 4.479560e-008 613.747393 964.594283
2 2.030990e-007 554.935604 931.994443
3 3.965530e-008 636.182366 803.878367
2 2.124140e-007 458.375121 882.813545
10 6.993210e-008 455.704072 899.678055
3 1.087700e-007 603.589339 769.158289
7 3.381680e-008 552.580008 618.875828
3 1.240490e-007 694.907778 779.421171
3 7.570770e-008 657.490582 719.793798
3 8.941080e-008 763.009458 905.964212
3 7.787110e-008 583.139307 749.738326
6 1.734370e-006 472.951816 348.781619
9 8.006790e-007 473.199782 348.249855
6 2.288210e-007 509.792608 268.956711
9 2.567330e-006 504.895179 324.944408
6 7.069380e-007 435.351966 332.833404
9 2.307440e-005 505.054058 341.391625
9 1.361430e-007 504.800329 259.070498
6 5.968970e-007 490.820530 265.294716
7 3.267570e-007 396.195108 498.346494
9 1.310020e-005 503.289428 348.359711
6 6.011870e-007 500.823018 339.591202
6 1.628140e-007 428.541689 265.239487
9 1.620590e-007 405.465239 328.641941
9 7.445410e-008 548.063767 243.684054
6 1.438900e-007 547.545521 258.523222
4 2.348600e-008 141.883417 133.478390
4 7.521100e-008 93.232183 187.697481
4 2.002510e-007 66.740286 181.625320
4 3.775170e-008 224.951046 169.659119
4 3.094550e-008 207.283787 227.413496
7 1.959910e-008 240.214395 276.730173
6 5.026580e-008 349.868099 228.592313
9 4.384400e-007 498.882702 295.714334
6 2.074060e-008 560.807992 101.248261
6 9.103190e-008 374.661388 250.380680
9 3.710530e-008 395.574165 189.645406
6 1.780970e-007 441.345018 328.447530
9 1.757450e-007 382.655195 345.276362
3 2.097110e-007 604.469452 783.131571
2 4.706320e-008 680.149578 845.246836
3 1.268280e-007 640.305023 775.845922
9 3.816060e-008 446.300487 484.062607
6 4.300860e-008 449.996297 486.650455
7 2.749220e-008 494.642214 517.912043
7 3.500080e-007 446.434655 533.213269
9 2.381720e-008 513.658481 540.278449
9 1.048090e-007 636.118187 312.141510
6 4.402500e-008 670.819169 270.401483
9 5.958820e-008 650.687347 460.154158
7 3.847790e-007 329.455118 587.230266
8 5.680970e-008 246.098411 575.515301
11 1.107250e-007 180.777676 537.860980
8 2.827250e-008 277.249110 522.615436
7 1.105470e-007 278.846954 521.125424
11 7.200440e-009 247.358854 558.501795
8 4.331660e-007 187.974218 594.044963
7 1.064230e-007 185.766952 594.083491
11 8.018050e-008 96.620047 555.887926
8 8.905540e-008 143.083271 525.714260
7 1.497450e-007 214.716834 479.194734
11 2.327100e-008 73.252861 541.956292
7 3.230900e-008 137.488542 438.626539
11 1.007360e-007 123.130038 601.039779
8 8.447340e-008 183.084419 579.217931
7 5.696150e-006 356.212102 561.278838
9 1.020960e-007 411.426844 480.643637
6 2.061520e-008 475.285019 527.039089
