7 7.138790e-008 781.958000 531.419000
2 3.841420e-008 781.958000 531.419000
5 1.280750e-007 738.084895 569.557150
7 1.995490e-007 723.273062 582.432827
6 1.406740e-007 634.906875 663.832192
2 7.826670e-007 724.588462 627.598584
5 2.451790e-007 642.987630 507.161771
7 7.802570e-008 658.577078 496.245919
8 9.840180e-008 758.062117 426.585728
9 1.624680e-007 700.747037 284.052038
5 6.332660e-008 845.265696 334.119188
8 2.673780e-007 706.235790 396.018885
9 8.800880e-008 734.027466 328.859399
4 7.644340e-008 757.271777 323.422070
5 6.254090e-007 703.708585 409.140466
6 8.009230e-008 663.246506 533.652842
8 1.224580e-008 661.004318 543.364928
7 2.428220e-007 645.077740 612.351252
2 9.518960e-008 644.940725 612.944735
11 4.690250e-007 453.710591 437.773877
9 3.433040e-008 534.689749 229.343951
9 7.036680e-007 564.722911 250.830236
8 4.399230e-008 565.354510 262.881691
11 3.863330e-008 596.979936 403.993721
5 5.241960e-007 641.564994 509.029607
7 1.335560e-008 653.852000 502.528478
6 6.069570e-008 653.852000 501.886795
2 3.962460e-008 653.852000 420.439363
9 5.689300e-008 730.861864 271.915171
8 1.329680e-007 740.627193 264.007430
4 2.133200e-007 831.136461 241.524833
5 5.994510e-008 861.950942 399.929100
2 2.954480e-007 717.209732 547.326995
7 1.984580e-006 759.312615 620.251333
6 4.807590e-008 759.674905 620.878838
5 4.000670e-008 874.263563 490.763040
2 1.170810e-006 756.193112 633.872897
7 1.910920e-007 839.541372 657.772893
3 3.522530e-008 927.286444 682.933669
