10 4.134500e-008 745.422680 563.178537
11 3.352600e-007 728.592569 577.808668
10 8.825100e-008 635.264634 512.569472
11 3.367280e-008 652.978314 500.166217
10 1.014960e-007 838.368142 329.374945
10 6.212870e-006 708.808816 400.978451
11 7.894830e-008 646.631238 605.622238
7 8.017850e-008 452.449439 431.840639
2 1.156660e-007 732.390458 92.915088
10 2.743920e-007 591.129307 390.210494
10 1.253790e-007 870.179959 369.230163
11 2.714800e-007 737.158463 581.879213
10 4.082800e-008 859.013675 501.533292
11 6.472360e-006 779.938764 640.681929
10 9.415610e-008 831.335087 522.871347
11 5.265270e-006 773.112557 638.805635
10 2.133880e-007 716.159984 524.809923
11 6.797830e-008 894.645782 490.115591
4 8.341140e-008 642.379841 829.786769
11 5.263870e-008 669.678157 776.457966
7 3.118830e-007 479.393786 504.044600
10 1.954320e-008 737.591040 576.397338
11 6.427670e-007 739.127927 576.289871
7 1.517390e-007 473.106198 528.022724
10 9.229620e-008 588.608301 438.863653
11 1.389460e-008 597.764672 572.094854
7 1.361740e-007 457.679527 603.708069
6 2.047670e-008 457.999109 600.667459
7 4.128610e-008 451.613275 393.430069
5 9.400030e-008 491.341151 142.124984
10 4.401250e-008 491.863203 370.801567
7 4.691560e-008 342.101109 412.031051
9 2.745730e-007 161.385839 606.020601
9 7.738490e-007 183.992544 534.134604
7 2.243520e-007 283.503748 526.094931
6 4.040230e-008 295.903227 648.088078
9 2.570180e-008 226.841418 669.202424
3 1.854620e-007 250.668335 797.387931
8 1.305410e-008 305.468608 775.720308
7 3.355330e-008 294.123998 709.349031
6 1.286880e-007 287.712437 714.728965
3 2.626250e-008 100.843185 741.207265
9 4.261910e-008 128.617212 767.911044
6 3.136250e-007 348.488337 691.441345
9 3.763370e-008 112.835240 746.021581
3 8.862980e-008 95.103006 812.198887
6 2.670040e-008 187.974986 800.186490
3 3.042510e-007 231.408307 808.464723
9 9.621060e-008 181.432835 651.621193
7 2.569380e-008 372.873646 703.409322
6 1.544000e-007 373.415376 706.481638
4 7.348850e-008 386.079399 778.303243
8 6.918800e-008 400.910297 862.413864
3 2.966890e-008 369.662052 908.915768
3 3.463330e-008 156.624022 748.022150
3 1.721190e-007 116.849947 928.308414
6 5.618330e-008 337.803210 881.622028
8 2.422990e-007 339.843574 876.016107
4 2.814540e-008 367.526441 799.957149
3 8.386200e-008 229.970640 767.832021
6 6.918330e-008 304.710429 901.536126
4 4.508370e-008 301.214128 904.575335
8 7.515740e-008 300.162126 905.489802
3 7.369290e-008 240.875073 957.025904
3 3.597820e-007 152.185536 924.747801
6 2.454140e-007 382.351535 858.598649
8 1.087570e-007 388.112607 858.094609
4 7.130640e-008 409.665645 825.602928
7 2.114900e-008 280.997302 723.935267
3 1.838250e-007 263.809765 771.157450
6 2.374080e-008 361.998974 912.392987
8 1.836550e-007 368.114166 914.031547
4 8.802280e-008 435.261087 932.023502
3 9.715070e-008 147.908542 928.639955
3 5.260060e-008 147.204711 818.022335
7 3.866600e-008 247.458492 621.836729
9 3.039820e-007 170.719811 625.858365
3 1.064680e-007 176.755473 734.117848
8 2.284710e-008 260.056483 980.394012
3 1.426820e-007 259.215373 979.741519
4 1.481520e-007 374.494886 849.702809
6 1.776880e-007 376.628394 838.726981
8 5.580700e-008 398.037069 728.590085
7 5.669240e-007 351.458671 586.613883
6 1.138010e-007 367.630284 658.061496
7 4.670740e-008 239.311979 458.329202
9 7.504270e-008 181.212573 428.726143
9 2.924070e-007 197.594808 541.082462
7 1.398660e-007 289.512896 593.118230
11 2.877350e-008 593.720825 520.365705
10 1.930690e-007 599.330217 438.088468
10 1.721540e-008 657.657570 603.942810
11 4.003400e-007 722.799300 644.358593
11 8.284260e-008 851.629715 591.645529
11 6.020780e-008 910.329715 670.634825
11 2.887790e-008 885.073830 515.069328
10 9.579070e-008 788.336531 488.165350
4 2.499140e-008 535.174766 616.565552
7 2.452220e-008 540.497922 526.703438
11 5.539240e-008 693.884734 594.995807
4 9.675050e-008 558.873342 711.004863
11 5.323420e-008 658.264003 563.653529
10 5.160050e-008 628.174333 533.933680
7 3.484740e-007 463.620838 502.082904
6 1.216540e-007 537.026264 717.887516
4 1.355030e-007 546.508855 721.718710
11 3.454520e-008 777.652193 772.719401
4 7.083720e-008 513.545175 778.287710
6 6.765490e-008 499.653772 707.301445
7 2.180940e-006 385.225812 556.098480
9 7.190200e-008 237.859910 511.468545
7 2.503560e-008 322.274475 578.896173
9 8.166240e-009 363.837894 650.497230
6 3.052660e-007 393.213623 680.648552
7 4.195430e-008 393.536878 678.607618
4 1.808460e-007 369.058796 788.441939
8 9.071340e-008 338.940991 847.551635
3 8.393140e-008 333.750672 857.738241
6 4.748850e-008 317.238039 890.146205
3 2.095450e-008 300.378959 730.686866
6 1.204340e-007 319.007720 723.535996
6 2.020380e-008 247.201092 674.875042
9 3.903990e-008 182.814186 693.248965
3 6.027810e-007 186.958227 843.653995
9 1.774650e-007 121.753236 654.966419
7 1.460080e-007 342.335635 642.230114
6 3.647050e-008 349.647041 631.390479
11 1.491900e-006 736.252796 602.072948
11 1.591700e-007 738.066166 566.677512
10 1.607190e-007 776.406440 534.080439
4 3.876470e-008 687.133104 790.842600
11 5.002650e-008 736.113021 735.660595
11 1.216990e-007 773.036096 737.153316
8 4.178260e-008 551.492127 930.085696
4 1.020870e-007 529.547550 917.921643
6 6.033220e-008 526.082439 855.475604
4 2.857290e-006 469.261278 814.080348
8 4.843130e-007 457.777521 886.586683
6 4.726170e-008 488.544188 894.294566
11 4.053330e-008 581.090514 627.108372
4 5.920170e-008 595.829693 778.050650
6 6.161070e-008 591.631596 773.852525
7 1.879750e-007 482.784021 628.684740
11 1.370470e-007 709.559113 541.453362
10 1.789820e-007 796.725036 470.720519
11 4.408460e-008 834.464579 775.622201
11 9.732290e-008 623.925046 622.311666
11 3.174140e-008 752.364091 730.501916
4 2.302540e-007 559.208694 731.052937
6 2.245490e-008 551.853131 661.071384
7 2.834060e-008 528.457141 523.666941
5 5.220050e-008 523.741154 106.853798
7 3.404800e-008 246.834348 351.975611
10 7.294840e-008 588.728557 319.934630
5 1.062520e-006 424.115641 37.010560
7 1.134180e-006 399.196862 504.783813
5 2.294260e-007 447.507804 80.809720
10 3.767950e-008 490.311136 395.759065
7 7.795840e-008 330.253072 335.820819
5 1.550670e-007 255.086775 60.196064
5 4.316090e-008 247.857906 133.799636
5 1.144660e-007 296.389733 163.838768
2 3.568300e-008 638.861385 98.678800
5 3.908220e-008 540.219531 87.132989
5 8.406340e-008 342.882375 169.278238
5 7.275640e-008 499.390671 137.094639
7 2.049240e-008 477.806250 366.858471
4 8.240220e-008 607.929665 786.764006
11 3.569460e-008 739.635448 703.650831
10 4.524120e-007 735.449416 465.825349
10 2.225400e-007 838.960721 398.424468
11 1.203270e-007 709.199917 520.989448
4 2.054800e-007 567.426566 759.020779
6 1.005760e-007 499.978956 735.553190
11 4.788020e-008 651.605430 554.104507
10 3.218360e-007 664.180955 464.627545
10 2.240440e-008 759.095565 289.158948
10 8.480030e-008 559.337695 492.102577
7 2.121990e-007 437.495993 477.897598
11 7.128290e-007 731.327653 579.518978
10 3.456840e-008 623.165248 576.745662
7 3.102430e-006 407.843589 529.157372
10 1.081290e-006 687.304570 437.602679
11 3.541510e-008 688.264581 436.417166
10 3.134380e-008 766.730961 286.756627
10 2.593190e-007 770.992273 417.847464
10 1.306990e-007 741.390668 277.135000
10 1.361470e-007 818.415744 388.700318
11 1.560300e-008 650.677566 430.720913
10 1.691110e-007 815.861000 349.929299
10 2.057980e-007 760.506906 319.847037
10 3.310570e-007 751.168231 345.005931
10 5.155160e-008 592.636423 570.057748
11 1.106920e-008 536.777513 580.915596
7 1.415520e-007 454.425444 596.923181
6 2.227930e-008 287.177668 581.288586
9 2.948810e-007 231.060047 573.401807
7 1.216530e-007 298.386019 502.904953
9 8.873920e-008 298.658690 502.650684
7 3.178450e-008 158.776280 594.554607
9 4.080070e-007 158.399704 594.561180
9 5.596280e-007 168.401822 509.272149
7 3.879490e-008 144.896417 491.167504
9 2.442370e-006 133.635945 511.189618
9 9.000720e-008 51.862604 505.957662
7 1.547250e-007 286.019534 541.752206
7 9.282130e-008 509.618300 551.983556
11 4.327930e-007 744.332595 591.840796
10 8.367320e-008 726.576861 540.274256
10 1.360740e-006 719.390784 368.944452
10 2.109260e-008 776.167046 220.268752
10 2.506830e-008 856.972111 284.318797
10 5.155740e-007 698.680579 472.988042
11 2.217010e-008 653.705442 509.257524
10 1.925170e-007 725.428072 485.480954
11 1.184030e-008 663.722079 504.346351
7 4.732060e-008 506.381440 542.699509
10 2.397590e-008 467.267443 386.258188
7 3.385650e-007 417.880532 466.085604
7 3.671670e-007 456.027834 603.578654
6 1.098690e-008 504.248251 624.047008
4 1.045150e-007 423.922738 783.410454
8 5.736290e-008 348.850856 819.929754
6 5.110100e-008 326.049518 830.562238
3 7.991400e-007 272.944010 855.325850
4 1.463420e-008 288.018596 807.669596
6 1.515880e-008 203.163674 760.756316
3 5.595250e-008 132.611315 729.344481
9 9.179090e-008 166.753243 681.804904
4 9.657380e-008 381.940264 846.518199
6 1.487830e-007 375.780917 855.314660
8 2.596560e-007 337.342633 910.210234
3 7.889310e-008 334.088028 914.858293
6 8.350100e-008 288.724783 774.154628
3 6.651980e-008 320.672132 861.929407
8 1.062510e-007 350.448291 860.338821
4 9.981940e-008 352.007041 856.996069
3 7.634120e-008 153.242070 705.466544
9 8.008310e-008 129.346131 720.417275
6 2.472010e-007 356.961344 798.790221
4 7.340360e-008 345.571646 785.131533
3 1.391720e-007 276.454046 752.901247
9 2.765130e-008 143.974392 728.602024
3 7.654790e-007 241.470002 918.203208
8 1.320740e-008 344.277308 998.526127
6 1.088900e-007 305.784980 842.832504
3 1.038690e-007 123.841692 876.977141
9 1.680820e-008 327.111922 700.212562
6 9.272650e-008 340.100195 697.687894
7 1.738080e-008 409.187490 684.258666
4 3.934240e-008 397.233625 743.051174
8 4.992000e-008 365.913212 816.837017
3 5.928760e-008 345.165394 865.715534
9 1.398100e-007 143.450561 665.614095
3 3.054440e-007 180.283143 790.841070
6 2.468300e-008 170.713948 768.695593
9 1.029670e-007 191.321450 707.231132
3 1.370060e-007 303.551731 804.526192
6 2.698210e-007 341.771190 850.583997
8 3.429970e-008 293.521917 796.997648
4 2.383720e-008 291.028253 794.228148
9 4.269470e-008 71.171352 671.133627
3 6.316590e-008 57.137854 943.734188
3 1.231150e-006 203.229625 889.032294
9 1.073310e-007 241.001562 657.214280
7 3.849610e-007 379.642193 630.965797
6 4.259480e-008 373.388631 636.401912
3 1.082250e-007 175.412083 806.923319
6 3.790680e-008 220.810861 869.967676
3 5.585210e-008 154.367122 949.810283
6 1.856830e-008 262.114341 962.427973
3 4.452620e-008 102.776611 984.821532
3 7.438260e-007 249.927788 908.539500
8 2.168400e-008 252.584236 802.259577
6 6.332960e-008 249.156109 793.329054
9 2.645910e-008 257.278002 762.957088
3 1.141310e-007 224.753341 943.096141
6 9.348820e-008 325.261617 789.555856
8 5.057910e-008 380.911719 746.077632
4 6.110590e-008 430.950563 706.983363
3 7.194240e-008 215.911715 759.786042
9 3.546210e-008 106.929515 754.746881
6 3.951100e-007 316.921829 778.002334
3 2.176870e-008 391.124882 737.982736
4 5.066060e-008 391.453631 734.854978
7 6.462060e-007 406.632581 590.440739
10 2.026390e-008 567.700955 531.731136
6 2.318870e-008 469.714322 572.628098
7 5.836580e-008 528.455146 509.636542
11 7.735460e-008 701.691900 536.184506
10 2.149220e-007 708.022920 533.650768
7 2.037290e-007 445.046146 573.755985
6 5.025310e-007 364.826184 722.700156
4 2.118080e-008 322.277159 796.397372
3 3.950180e-007 281.090745 867.734472
6 4.186900e-008 332.018095 876.116999
8 4.384330e-008 345.700316 798.522260
3 1.103060e-008 360.244215 716.040766
4 2.794600e-008 360.801608 712.879674
7 4.662690e-008 342.729140 697.872990
8 9.500400e-008 248.285537 994.095266
3 1.720740e-007 161.995771 981.966897
6 1.101770e-007 299.380608 854.236875
3 4.640120e-008 175.783559 830.349620
9 3.775960e-008 93.481851 690.309135
3 2.069860e-007 205.689601 805.492871
3 4.610950e-007 171.056438 863.183506
3 6.729650e-008 339.439248 953.691471
8 1.190930e-007 336.073880 934.605636
6 5.252380e-008 321.488754 851.889793
3 8.699900e-007 179.537451 866.825994
6 6.769760e-008 274.979835 701.514643
3 3.553600e-008 235.244060 695.330025
6 5.597360e-008 269.330679 854.117903
3 1.944200e-007 181.544988 820.084509
3 8.738740e-008 140.494666 762.210976
9 6.595910e-008 196.779160 700.083056
6 2.161250e-007 345.028746 713.053355
7 2.683260e-008 195.200044 644.118147
3 1.862200e-007 132.608633 906.863566
6 1.147720e-007 363.717943 878.541685
8 1.720120e-007 363.130394 877.933260
4 6.918070e-008 308.866872 821.741712
3 2.762950e-007 181.796919 848.349004
9 1.808620e-008 76.550124 796.304338
3 3.220030e-007 175.731957 812.241043
6 9.681340e-008 301.434075 686.090995
7 6.556320e-008 318.811999 680.584583
3 9.808810e-008 106.822327 944.057563
8 8.427970e-008 339.982901 934.082492
4 7.481840e-008 387.165297 894.492042
6 1.595230e-007 419.776377 867.128291
3 1.046980e-007 294.499945 897.171590
9 2.953040e-008 158.038666 774.485719
3 4.276330e-007 262.133776 837.420333
6 7.979690e-008 304.704825 776.622588
8 1.783920e-007 288.435433 968.197955
3 1.680680e-007 154.834377 785.096932
9 1.494630e-007 195.668575 663.943285
3 2.189460e-007 282.269899 840.656647
6 5.592340e-008 299.671386 894.214228
8 4.752770e-008 329.132015 984.886937
4 2.606910e-008 317.825064 859.949204
3 2.070170e-007 242.500464 993.290339
8 4.791910e-008 326.004180 874.034702
6 1.423610e-007 352.784405 814.093991
7 9.629280e-008 253.126539 664.932218
9 1.289820e-008 249.538545 669.208250
3 8.539540e-008 176.727498 755.981626
6 9.060300e-008 290.877519 810.004973
3 5.272510e-007 164.945436 855.840159
6 5.767340e-008 277.175438 929.231859
3 8.691860e-008 314.245805 808.991317
4 1.963440e-008 343.448505 755.266440
8 3.710640e-007 404.328445 905.948611
6 5.168120e-008 287.249600 803.219421
3 2.610390e-007 318.962800 870.556426
8 3.303630e-008 270.491571 857.420256
6 3.961400e-007 360.325323 831.791474
4 4.961710e-008 367.491837 860.893140
3 5.127270e-007 277.603447 888.374741
8 1.775610e-007 411.481668 868.041321
6 5.721530e-008 327.257653 927.118350
3 4.005350e-006 225.821094 858.762915
9 3.701130e-008 40.862269 680.925168
3 1.116020e-006 230.345118 843.104524
6 2.183340e-007 361.900606 829.816903
4 6.004610e-008 396.203925 749.003330
8 3.260760e-008 396.748589 747.720181
7 3.347920e-007 445.685267 587.353682
5 4.954310e-008 273.277944 108.223466
7 5.574760e-008 390.251651 311.630112
5 6.597940e-007 446.927803 47.268551
5 1.666160e-007 461.214627 96.990197
7 1.008410e-008 512.872055 393.499020
10 4.684310e-008 587.985633 283.283217
5 2.102960e-008 442.815400 113.657864
7 8.484470e-008 382.928418 365.712209
7 2.238660e-007 393.019648 449.790780
10 6.254750e-008 686.900463 569.485465
11 4.883140e-007 759.069472 577.070714
10 6.159140e-008 710.765164 631.038688
11 1.618090e-007 693.067137 697.088726
4 3.310120e-005 495.232836 822.446409
8 2.316020e-008 493.949676 822.991080
6 3.581400e-008 519.679479 774.260678
11 2.137160e-007 734.482845 604.693913
10 1.809500e-007 633.186107 509.602233
11 2.928870e-008 708.829915 773.827904
4 8.241920e-008 602.905462 800.332622
6 1.448600e-008 662.824717 828.273428
11 5.302790e-009 759.997997 731.297407
4 6.714980e-008 538.363772 678.844787
6 2.504530e-007 458.942189 710.889755
8 4.538890e-007 491.803910 879.899670
4 5.035070e-008 585.507603 603.537593
11 1.873470e-008 601.972115 564.749185
10 1.043870e-007 596.067331 559.554412
11 1.195400e-007 814.647861 716.738108
11 6.504670e-008 849.082993 688.320176
8 1.365420e-007 562.908266 912.570554
4 3.520540e-008 554.439261 910.459007
6 2.971690e-008 576.322077 812.608419
8 1.985810e-008 591.609125 797.321475
4 7.520180e-008 597.973833 790.956810
11 1.486810e-006 768.319062 649.673299
4 1.480760e-006 528.584804 847.990849
6 5.832830e-008 516.159514 865.092853
8 2.605430e-007 502.919825 890.715000
11 9.493820e-008 764.962376 734.817480
4 4.255880e-008 642.767714 744.187768
11 1.166320e-007 857.455022 596.952984
10 1.940670e-007 763.731609 476.992729
11 2.373780e-008 708.080278 809.099984
11 1.033130e-007 701.198000 659.489843
11 3.153360e-008 616.327719 497.159504
10 3.448820e-008 577.201314 453.705146
5 9.558970e-008 506.177937 36.587448
11 3.195160e-008 632.734906 665.290216
7 4.495530e-008 625.587828 607.372040
11 2.550630e-008 596.705916 650.679668
4 1.395820e-007 492.740155 750.305598
6 3.184170e-007 477.878187 814.680039
8 5.911250e-008 483.803541 883.335934
4 6.548260e-008 500.422962 926.819516
8 3.027720e-008 643.140938 823.136135
11 3.623980e-008 816.135649 779.155686
11 4.292720e-008 620.536639 491.588826
10 1.119820e-007 615.766783 423.379578
7 6.670160e-008 411.889882 401.530586
7 7.294750e-008 373.814103 316.070813
7 2.148650e-007 420.195618 432.411264
7 2.088920e-007 503.843971 572.586692
6 9.881250e-008 489.017521 695.793877
4 3.134120e-007 471.502072 778.198577
8 3.483440e-008 471.228000 694.681048
11 3.797750e-008 587.172926 635.941912
7 1.594540e-007 509.795794 495.693741
5 9.070360e-008 487.327804 128.453976
10 1.089360e-007 558.323023 329.559518
7 1.164490e-007 443.683067 429.422340
11 9.824950e-008 724.434125 595.853719
4 5.577780e-008 647.068170 933.802743
8 1.948350e-008 653.776418 934.271817
11 2.030560e-008 785.958485 775.540866
4 7.754490e-008 637.421035 788.744409
7 2.492230e-007 420.597990 601.255749
6 3.759270e-008 417.530202 600.199425
9 7.998160e-008 265.092229 569.419177
7 1.129470e-007 433.744632 599.154643
6 2.497300e-008 529.947114 593.975734
10 5.315710e-008 579.502744 453.848002
5 2.208840e-007 396.981229 113.677342
5 1.719610e-007 419.706940 133.105325
7 1.078670e-007 442.683868 467.675653
11 1.032000e-007 731.320703 563.619967
10 5.383080e-008 743.289020 572.315404
11 1.739740e-006 773.087564 632.467394
10 4.825390e-008 555.224244 560.507921
7 5.726850e-008 474.739460 576.152772
6 2.189740e-007 359.508608 684.735981
3 4.462240e-008 351.728844 807.208484
4 1.547970e-007 407.181277 875.686604
8 1.021550e-006 441.417759 917.970751
6 4.015360e-008 293.864998 870.417000
3 3.742590e-008 314.625025 960.737706
8 9.531980e-008 353.342046 805.453462
4 1.243220e-007 356.881099 791.259210
9 7.726640e-008 220.199378 649.366473
7 5.077000e-008 223.657767 658.868327
6 6.982100e-008 282.183969 819.667893
3 3.084570e-007 282.675492 821.018344
6 1.774110e-007 331.747897 768.408724
3 6.670790e-008 333.073723 768.839511
4 6.126710e-008 365.762386 815.697707
8 2.143710e-007 384.782747 898.084295
6 1.285200e-008 191.853184 684.212502
3 5.605220e-008 190.746876 683.250804
9 1.832440e-007 156.459242 652.418294
7 1.679930e-007 381.878162 650.359047
7 3.479380e-007 445.143457 545.349824
6 3.886520e-008 319.392022 644.609482
4 8.538590e-008 545.060311 679.955586
7 2.818720e-008 565.005749 641.535890
6 4.204630e-008 571.580796 695.084711
11 9.359690e-008 661.927437 665.129648
10 1.926900e-007 799.555840 470.160888
11 1.018700e-007 783.384374 732.664747
4 5.966560e-008 618.237163 760.754301
8 5.554710e-007 507.288310 959.083248
4 5.150420e-009 684.328897 908.317710
11 6.641270e-008 756.021605 743.930083
11 8.506250e-008 617.499832 661.095554
11 4.954540e-008 846.189799 492.356131
10 7.609720e-008 782.591697 488.838505
6 3.186250e-008 545.997678 697.827352
4 1.464620e-007 555.300940 715.324364
11 7.286940e-007 740.475178 661.165608
4 9.082170e-008 578.323569 887.644022
8 3.004640e-008 569.857309 820.623540
6 5.399040e-008 568.857418 811.110013
11 3.147380e-008 704.266733 810.670262
4 8.147780e-009 583.145071 701.565306
11 4.258910e-008 677.373916 545.712209
10 1.920370e-007 695.046767 510.587541
11 5.038010e-008 613.676552 684.714133
4 7.361480e-008 604.091886 740.122176
11 2.445800e-007 716.311841 592.353207
10 6.624730e-008 757.963443 562.091520
11 2.247680e-007 817.242777 675.213030
8 2.146130e-007 555.727347 906.053970
4 1.573320e-006 518.241879 821.860724
6 7.756740e-008 518.012109 821.344657
11 5.315430e-008 564.655420 684.367936
4 2.293060e-008 537.849471 639.229096
6 9.427800e-008 537.919008 638.662770
10 1.301760e-008 540.112000 582.761792
4 1.356100e-007 559.451267 734.892631
6 2.784160e-008 583.030056 808.812941
11 3.890130e-008 852.335774 749.212256
11 2.128370e-007 806.636168 594.767256
10 7.882920e-008 754.706799 580.356464
11 2.859380e-007 756.350473 555.600814
4 4.689320e-008 467.420433 686.493262
7 5.452610e-008 523.536063 654.739627
6 2.618400e-008 531.002782 650.600755
11 2.676050e-008 647.967390 536.388956
10 5.095180e-008 646.748964 466.584257
11 4.443480e-008 887.313188 695.830901
10 4.073870e-008 858.730124 482.095876
11 2.102350e-007 727.721025 613.104975
11 3.374960e-008 659.463499 581.999071
10 2.382560e-008 611.190932 576.174710
7 4.995150e-008 488.279722 418.236947
10 1.817230e-007 599.437328 424.993876
4 5.099020e-008 640.455426 761.252000
6 3.798970e-008 641.026031 761.252000
11 1.345990e-008 746.229889 862.933802
11 5.254450e-007 784.011847 648.321563
10 6.291180e-008 793.949219 578.417359
11 1.127540e-007 833.408767 559.145467
4 7.648040e-008 604.220545 829.391752
6 1.258220e-007 515.455265 702.253985
8 4.774780e-008 629.033138 840.544351
4 3.331260e-008 741.312701 814.622649
11 4.567320e-009 714.763212 830.973851
10 1.735810e-006 706.121723 427.433277
10 4.581780e-008 700.838381 252.859243
10 9.567840e-008 789.684006 299.684629
11 5.963280e-008 822.765735 474.623809
11 1.712090e-006 751.836142 638.381084
4 8.508750e-008 592.725844 832.632766
6 2.436630e-007 476.417486 720.314874
7 3.196540e-008 505.975922 603.246418
10 1.312940e-008 483.061016 431.188518
7 6.982890e-007 381.127015 461.638197
11 6.478590e-008 663.423643 630.428006
4 1.386980e-008 708.753978 717.372085
11 2.215910e-007 818.379471 570.363944
10 1.881600e-007 772.664186 510.465032
11 3.868820e-008 677.773569 503.220410
10 1.319510e-007 755.855778 527.092870
11 1.113930e-007 701.546769 672.573224
11 2.307990e-008 544.518784 580.864354
7 1.460120e-007 476.169473 490.086063
11 1.290450e-008 600.722616 698.998200
4 1.505500e-007 583.867060 772.007855
6 4.414640e-008 619.795060 845.284080
8 2.082200e-008 620.608883 845.125885
11 7.713740e-008 651.256644 632.748433
7 1.777130e-007 467.320527 624.508841
6 1.314240e-007 480.758533 700.719204
4 7.240640e-007 514.222957 800.098491
11 1.597080e-007 819.182435 724.508214
11 8.228230e-008 858.264946 709.007483
11 2.835340e-007 701.446817 593.153450
11 9.371150e-008 801.668696 762.816758
4 2.337130e-007 524.049964 895.645867
8 5.764740e-007 468.735982 890.806468
6 4.057750e-008 478.151464 890.079015
4 1.693230e-008 469.545607 688.041291
6 1.241290e-007 464.636843 617.845653
7 1.346910e-007 524.922244 596.092600
11 6.702950e-008 656.905342 615.232425
4 9.719990e-008 608.871463 859.058212
8 1.530360e-008 640.468761 981.495209
4 1.772910e-008 572.422779 719.877833
6 2.456780e-008 557.971108 651.887994
7 3.217710e-008 605.988972 536.573538
10 1.090920e-007 674.153157 520.836432
11 1.059110e-007 767.877895 523.074442
4 3.468240e-008 615.807717 757.943743
11 5.336020e-009 557.717753 704.776310
6 1.814090e-007 484.782453 851.515649
8 1.364920e-007 518.405556 880.743836
8 1.940250e-008 557.655097 962.188122
4 3.249740e-008 555.139671 964.885584
6 1.420630e-007 486.113916 804.250030
4 7.584270e-008 612.807000 809.190088
11 2.502520e-007 696.309481 655.758010
11 4.695930e-008 614.252332 646.470468
7 1.208340e-007 502.149600 501.531907
10 1.605590e-007 614.040726 465.908773
11 1.643840e-008 611.146916 711.868149
4 8.848840e-008 621.058813 782.395688
7 3.298930e-007 405.330629 597.101088
7 5.732030e-008 484.898495 418.230505
5 3.247660e-008 448.930240 264.561413
7 1.258160e-007 415.215704 411.526213
9 6.996700e-008 274.087097 691.308694
3 5.395490e-008 201.240716 736.167750
6 2.168900e-008 192.313849 738.896973
8 3.340990e-007 379.247352 930.700735
3 6.834410e-008 368.317560 917.675141
6 3.781080e-008 362.259039 910.454892
4 2.999370e-008 313.505711 852.353052
3 3.591490e-006 217.815413 860.262436
6 9.472610e-009 216.441511 857.498194
3 4.474250e-008 325.146645 846.984241
6 1.322340e-007 332.832384 851.786824
8 5.963300e-008 335.631559 842.561390
4 2.234580e-008 291.427140 771.818981
9 3.279360e-008 133.313670 768.643883
3 1.904630e-007 242.266740 805.870094
6 4.375640e-008 256.365153 838.995590
3 3.651200e-008 298.880087 718.805349
6 8.881790e-008 364.759134 676.428012
7 5.700990e-007 367.477502 598.576390
7 4.008870e-008 375.063399 336.149458
7 1.003930e-007 413.385756 432.379147
7 1.586020e-007 333.169900 387.106715
5 5.800220e-008 242.987769 73.429479
5 1.324190e-007 352.710872 83.547842
10 1.728650e-007 599.654221 319.332077
5 2.863420e-008 393.085072 216.128036
7 2.583360e-007 464.875858 533.064355
6 6.811800e-008 542.835084 682.499353
4 1.441180e-007 582.516108 731.501386
7 3.385780e-007 317.231599 557.899106
9 4.998390e-008 246.574627 538.966446
7 2.174650e-007 321.526166 564.847192
6 4.086300e-007 383.377355 741.865087
4 1.603180e-007 360.062753 818.123933
8 1.302610e-007 345.552006 865.586583
3 7.486800e-008 337.544916 891.776669
6 6.199960e-008 248.192077 816.438430
3 3.999400e-008 353.472784 781.489458
4 2.538860e-007 412.708465 750.160135
7 8.943380e-007 379.485208 579.244720
9 2.806650e-007 187.080999 488.412698
6 3.312320e-007 407.394524 720.528111
7 7.147230e-008 411.966095 732.437412
4 1.449870e-007 422.624405 794.126814
8 1.059400e-007 381.612481 789.816395
3 1.023390e-007 271.921504 778.287696
7 8.392180e-008 455.119543 545.603090
6 3.733050e-009 456.592545 542.712142
7 1.465630e-007 522.739110 530.867548
4 9.952750e-008 591.435770 728.316142
11 1.038690e-007 677.415459 659.825384
4 1.916180e-008 453.570174 563.553766
7 3.380380e-007 428.205774 534.375416
6 8.488520e-008 418.715451 680.494710
7 2.034570e-008 538.303582 426.118111
10 1.436910e-007 594.026368 388.532600
5 5.490130e-008 406.553580 182.872613
7 7.741380e-008 459.058810 445.363858
10 2.194710e-008 535.343056 404.356253
11 1.098700e-007 648.447796 659.630700
4 9.536300e-008 573.723118 812.838779
11 3.676580e-008 552.631399 643.689334
11 7.359720e-008 662.785378 544.194482
10 1.011960e-007 647.317291 480.248707
2 2.349100e-008 824.728937 237.476986
10 2.371320e-007 745.138370 357.021476
10 5.227190e-009 664.290031 201.190942
11 3.544010e-008 655.583970 545.371084
7 1.197880e-007 530.610272 605.473383
10 7.893640e-008 777.901453 554.221585
11 1.015340e-007 881.818225 545.129946
10 5.224730e-008 526.552657 416.469939
7 7.526640e-007 384.631910 488.782007
6 6.523000e-008 527.423093 680.477105
4 7.460990e-008 541.939897 679.207094
11 1.334740e-007 664.922557 664.131888
7 6.707010e-008 482.675145 700.323598
8 8.359060e-008 502.186648 827.073920
6 1.286040e-007 501.842707 817.224095
4 4.211600e-006 501.302393 801.750514
11 1.506900e-007 693.449755 660.468442
11 2.792390e-008 834.635533 809.724618
7 2.680780e-007 427.072771 559.991739
9 5.242840e-008 344.951099 583.762444
6 1.064430e-007 435.714130 706.340485
4 4.946030e-008 392.671201 794.590816
8 1.253510e-007 366.997182 847.229908
3 3.234810e-007 295.948369 903.750468
6 7.598250e-008 294.222213 875.344920
3 7.328370e-008 176.071473 982.525340
6 4.811630e-008 275.329188 747.280041
3 1.114970e-007 171.310984 814.984892
3 1.785380e-007 161.253686 753.034700
6 5.239650e-008 289.619001 864.147571
8 2.480220e-008 217.922051 824.405374
3 1.672290e-007 127.227253 933.581799
3 5.145900e-007 266.685052 851.910600
6 1.500260e-007 322.393636 824.506095
8 1.217060e-007 339.938879 900.502635
4 2.984530e-008 340.785858 904.171289
3 1.137850e-006 244.646521 889.779849
6 3.810100e-007 367.615117 837.575412
8 3.547210e-008 356.577306 747.679880
4 5.745420e-008 356.132498 744.057219
7 8.291230e-008 307.858824 687.113036
3 1.581150e-006 210.163703 839.784096
8 5.330270e-008 256.459401 898.896457
6 5.571030e-008 203.317009 785.879992
7 2.135520e-007 402.257014 621.922374
10 7.348640e-008 590.790606 428.871293
7 5.088470e-008 405.681852 405.810943
10 1.242520e-007 593.818189 364.728298
5 7.936770e-008 207.972010 70.479217
5 5.501030e-008 203.207899 69.597232
5 2.614280e-008 497.724363 175.618912
7 3.087390e-008 444.384446 270.280221
10 9.754800e-008 601.273960 307.172052
2 8.379800e-008 726.485883 102.014038
10 6.459750e-008 536.329286 417.915948
7 4.488910e-008 545.820985 406.021262
5 2.065750e-008 515.268052 116.049974
7 1.768370e-008 314.010279 306.018279
5 2.900320e-007 295.196212 75.656271
5 1.085980e-007 509.595904 46.619533
5 2.285610e-007 442.918450 92.165248
2 4.305800e-006 796.643996 11.908704
5 4.984450e-008 431.418190 128.389107
5 5.684590e-008 579.496397 57.153587
10 1.790310e-007 606.240661 346.267946
7 4.626670e-007 432.325176 527.866932
6 6.653760e-008 408.748926 676.720775
4 1.087970e-007 359.776318 827.518161
8 1.038040e-007 321.427488 898.743243
3 7.043380e-008 320.919520 899.073127
3 2.589510e-008 22.868607 925.041900
8 1.570080e-007 357.287005 965.885910
6 2.995810e-008 441.267332 957.112346
4 7.704620e-008 413.726222 881.443630
3 4.176300e-008 381.577858 793.116565
8 1.383400e-008 224.371065 883.223569
3 4.512650e-008 262.961680 749.317209
6 2.357650e-007 321.812027 725.540107
4 6.414750e-008 361.641556 760.729463
6 1.633800e-007 422.513874 682.815975
7 7.368690e-007 368.874597 569.452709
9 1.086580e-007 230.213734 501.560856
7 3.537430e-008 198.608086 430.113457
9 1.111930e-007 134.940081 445.445659
9 6.995220e-008 122.092155 390.632155
7 1.413920e-007 222.742617 496.591167
9 1.355260e-007 237.830489 509.707026
7 3.090740e-007 461.989832 508.817396
5 1.347030e-007 486.956460 88.643862
10 5.841450e-008 592.529286 388.248611
11 7.357170e-008 674.073048 560.708335
11 1.557570e-008 753.428105 801.012470
4 2.320340e-007 545.350151 763.778574
6 8.636920e-008 488.579501 719.519436
11 6.043130e-008 672.945252 731.060370
11 4.855590e-008 656.445775 604.802148
4 3.007020e-008 536.696954 654.683822
7 4.940630e-007 436.810992 535.644710
11 1.113810e-008 622.389171 722.273773
4 3.212680e-008 646.901970 802.451725
4 8.026290e-007 510.222838 781.146310
8 1.133120e-008 460.749353 755.938385
6 4.868780e-007 461.118263 761.451388
11 1.481900e-007 701.067909 683.840544
11 1.003880e-007 693.566561 736.483375
11 1.422320e-008 783.532694 720.937363
10 2.855110e-007 764.957096 499.948387
11 5.834500e-008 729.580853 760.231806
11 3.294230e-008 834.347920 693.001313
4 1.646040e-007 541.963175 766.945854
6 6.866430e-008 556.208088 847.732935
8 8.533790e-008 570.497942 928.774897
11 3.995470e-008 638.640859 647.630924
4 3.339600e-007 485.840577 753.804768
6 4.755070e-007 486.343810 754.119224
8 3.369910e-008 561.168041 800.874773
11 4.781320e-008 621.909338 708.900749
10 1.634860e-007 637.966882 467.722402
11 2.782060e-008 711.645431 504.506430
10 5.964640e-007 692.257051 346.597791
11 2.451430e-008 825.754071 446.486316
10 6.846960e-008 759.499593 509.642268
4 6.123160e-008 644.846975 759.960321
11 7.501490e-008 754.797845 752.271759
10 9.435450e-008 753.033889 499.275888
11 2.011350e-008 852.965871 512.491465
11 1.153090e-007 764.004853 516.825607
10 1.351690e-007 751.442422 505.925232
5 1.034440e-007 439.983806 165.430637
10 1.045820e-007 516.165571 396.634547
7 3.074640e-007 455.846644 501.110160
9 2.928020e-007 218.045637 524.058306
7 9.869560e-008 334.404871 612.346406
6 4.659130e-008 423.948998 615.473343
9 3.029210e-007 171.122156 482.037688
9 3.513560e-007 213.727703 488.787197
7 2.522280e-007 326.779447 573.977534
4 5.281510e-008 585.713107 754.846795
6 2.915020e-008 588.603796 771.240839
11 2.555080e-008 801.424022 645.692702
8 2.602040e-008 539.865021 861.124221
4 3.457790e-007 543.234438 859.624064
4 5.692480e-008 711.721452 792.332077
11 3.739820e-008 744.149710 835.365961
11 4.777470e-008 836.152018 794.090424
10 2.164000e-007 754.531497 497.631510
11 3.386130e-008 736.721821 511.052053
4 5.011540e-008 626.363670 867.207395
8 9.775380e-008 569.428907 957.342452
11 4.621120e-007 768.331614 677.305421
4 4.675750e-008 587.995786 701.194546
7 2.732600e-008 498.701948 476.710709
10 1.379280e-007 567.632657 487.731613
7 4.790550e-008 574.507442 500.661280
11 4.314970e-008 668.988950 451.010698
10 8.720340e-008 761.087062 362.341367
10 6.160080e-008 705.013409 533.629753
11 1.365580e-007 678.395466 602.971452
7 6.690300e-008 451.391023 427.737157
5 5.385340e-008 214.311748 96.035858
5 1.580320e-007 324.261745 41.901612
5 1.122440e-007 230.570667 48.234800
5 1.055310e-007 295.499547 70.886485
7 9.682710e-008 408.979929 379.528669
5 1.156370e-007 412.637019 140.047863
5 2.188050e-008 462.624535 187.162123
10 7.604800e-008 542.110784 372.490820
10 8.117040e-008 491.566549 357.372138
7 1.619980e-008 398.865164 418.453573
11 3.705430e-008 644.732318 756.322125
4 3.596890e-008 683.179960 831.779726
11 2.681320e-008 696.511268 783.057662
10 1.765980e-007 741.769881 498.098582
10 6.507470e-008 621.723861 510.059973
11 3.233950e-008 578.533514 584.867854
7 1.531040e-007 432.247646 456.279394
5 4.204200e-007 445.327825 84.362869
2 2.087030e-007 761.638526 113.260038
2 5.809850e-008 785.787198 85.442273
10 1.805670e-008 540.587454 428.645049
7 1.620460e-007 458.147248 461.952825
6 5.324560e-007 371.690231 683.642083
7 6.202140e-008 522.771449 460.042869
10 1.014120e-007 577.385275 407.302994
9 4.642200e-008 230.145428 588.599541
7 1.902140e-008 152.697952 513.809357
9 1.136490e-007 37.576710 524.593979
7 1.372790e-006 369.322705 568.603158
6 1.557960e-007 393.006809 630.826430
3 5.779090e-007 256.110507 836.459103
6 7.625820e-008 306.437422 692.987171
7 1.155590e-007 347.349292 622.125762
10 3.287160e-008 475.369332 452.497436
7 1.205880e-007 455.571630 449.361855
4 1.277470e-007 539.102650 762.512559
6 6.334480e-008 548.051676 782.612455
11 1.258470e-007 682.280975 655.940523
7 3.190230e-008 523.311547 695.363323
4 8.046210e-008 598.064455 740.279327
6 2.960070e-008 615.629604 750.833516
11 2.060500e-008 823.888748 810.298857
11 4.825610e-008 833.468912 759.339916
11 4.645840e-008 672.662638 704.172114
4 6.858700e-008 531.911747 630.588300
7 8.644490e-008 474.097830 587.022483
6 4.233160e-008 451.814845 570.231086
3 9.819560e-007 259.082432 869.107454
3 1.066680e-006 179.758935 867.875514
6 4.395800e-007 347.694276 779.789379
8 1.391320e-007 321.111001 930.551375
3 2.909580e-007 266.576418 841.270507
4 8.705950e-008 396.513686 847.117589
6 1.441640e-007 421.550687 858.792455
8 5.745570e-008 314.523346 808.885141
3 2.934030e-006 245.161343 876.444472
3 1.194100e-006 185.007189 864.866185
9 8.390370e-008 164.088825 675.235406
6 1.327760e-007 321.685583 677.491423
3 8.919720e-008 175.494373 776.098686
8 1.119150e-008 339.121264 870.083010
4 2.131790e-008 335.241436 870.150739
3 2.607540e-008 229.138660 750.458666
9 1.276070e-007 201.301646 662.250819
3 6.497040e-008 165.922826 754.416174
3 4.147840e-008 127.390901 751.767820
9 6.198290e-008 186.419445 680.798869
3 4.830150e-007 167.949644 914.618696
6 4.858490e-008 352.858530 965.149288
8 1.135640e-007 366.546379 975.094070
4 4.128300e-008 405.520000 885.028801
7 3.304170e-007 416.288980 584.362804
9 7.295980e-008 269.637621 536.216658
7 2.105180e-007 239.800238 576.248060
9 2.350760e-007 76.302535 512.515510
7 8.627840e-007 421.946983 544.355308
5 1.172080e-007 417.832904 182.377034
7 9.161470e-008 360.814982 391.885650
5 1.956860e-008 269.904118 156.303822
10 1.080760e-007 582.772804 374.295405
7 1.165900e-007 417.771808 412.388771
5 2.921320e-007 419.365402 108.834012
2 1.579540e-007 767.054346 118.450931
2 1.815260e-007 652.924668 84.584224
5 1.577230e-007 441.429580 80.847180
7 2.269570e-007 394.058798 428.500735
10 1.466860e-007 627.309650 515.618396
11 5.961530e-008 696.830447 555.756100
4 1.840660e-007 550.811246 876.747290
8 1.638410e-007 536.264572 898.387801
11 5.549620e-007 729.401039 639.354221
10 3.466620e-008 737.792656 640.030220
11 2.153290e-007 744.718101 729.005453
8 2.326830e-008 624.493268 872.487296
4 1.037070e-007 627.205639 870.045051
11 1.794630e-008 643.438284 732.216344
6 8.316050e-009 632.635744 774.328735
11 1.471610e-006 749.622482 638.928497
10 6.595720e-008 578.461441 436.379254
5 1.463590e-007 437.820326 108.707123
10 1.015280e-007 602.949469 485.280121
7 3.785610e-008 607.055700 488.155339
11 2.566070e-008 705.114647 556.817056
11 1.226310e-007 668.447005 578.178373
10 2.142900e-008 579.357522 467.722254
5 7.878090e-008 485.068080 73.851692
7 3.643210e-008 372.364665 300.780054
5 1.182280e-007 467.143187 147.998574
10 2.871100e-008 603.533524 310.271200
2 6.202390e-008 772.081026 147.991103
7 2.035310e-007 394.434585 425.316000
10 1.110420e-008 563.365819 395.995027
5 1.194540e-007 456.959163 112.355744
10 2.353980e-008 520.369980 446.724724
7 9.913050e-008 514.769000 434.980629
5 5.238580e-008 524.654127 164.068837
7 1.022050e-007 479.512800 464.134196
5 5.784470e-008 396.175097 89.509221
10 1.035450e-007 566.848020 334.614038
7 1.607270e-007 440.314523 417.723556
7 3.044290e-007 421.906994 566.152742
10 6.987700e-008 603.704582 462.978310
7 3.567030e-008 363.361811 350.338562
11 5.480520e-008 597.382769 677.894737
4 7.159450e-008 605.448210 743.582007
11 2.797040e-007 802.006432 681.054984
11 1.105260e-007 668.004754 680.320591
7 2.050290e-007 476.844230 571.180825
5 1.755510e-007 379.085831 110.473561
2 9.097430e-007 756.882728 38.173259
5 3.253940e-008 472.457174 211.909413
10 1.234360e-008 554.526392 241.718511
5 3.341800e-008 524.986207 166.542018
5 7.019860e-008 460.784073 172.548427
5 4.513860e-007 463.552516 46.302126
5 2.180710e-008 552.892883 33.790259
7 3.261990e-007 460.186381 504.706270
11 4.364450e-008 660.546840 507.261363
10 6.665640e-008 678.819446 601.265316
11 5.540600e-008 805.177228 732.793034
8 9.818910e-008 564.944425 956.471389
4 1.798820e-007 514.573316 900.328346
6 2.403370e-008 524.778833 827.712357
4 4.514250e-008 601.035764 759.099013
11 1.740610e-007 772.330231 730.152507
10 1.228030e-007 811.885781 489.251937
11 1.999290e-008 922.795459 682.301535
10 4.397640e-008 737.550811 582.982362
11 3.448260e-007 736.899708 584.378641
11 1.843400e-007 699.443303 640.049898
11 2.600410e-008 660.614634 845.649366
4 1.159590e-008 693.161484 904.814332
11 7.538740e-008 801.926504 743.912711
11 4.186710e-007 760.837897 675.888900
10 9.981910e-007 699.807623 441.339370
11 1.114070e-007 729.359186 553.684968
11 2.246900e-007 738.190574 690.169570
11 6.248030e-008 818.282698 518.451112
10 9.709590e-008 788.356337 492.617193
11 1.405000e-007 853.179313 688.462734
4 1.011620e-008 683.604338 897.237569
8 2.825070e-007 508.541544 992.343980
11 1.007020e-007 749.789951 745.551256
4 5.060120e-007 493.441523 761.271644
6 7.323630e-008 502.554787 702.921947
10 1.068680e-007 732.648506 554.041631
11 1.571710e-008 734.096754 553.991053
7 3.048830e-008 513.782177 498.359569
4 2.637620e-008 509.632983 617.519074
6 2.904970e-008 510.879445 611.654904
7 1.820480e-007 407.608795 633.928010
3 1.685120e-007 212.381907 772.494127
6 2.300450e-008 178.133557 771.896330
3 1.123760e-008 61.905822 981.094794
6 1.170050e-007 324.848109 839.488989
8 4.506940e-008 282.625712 884.713575
3 1.350770e-007 204.366904 955.177540
4 3.733510e-008 307.179647 903.986543
3 4.353080e-008 341.118785 1004.844070
8 3.044880e-007 406.087499 1006.551726
3 5.826110e-008 288.217392 764.294509
6 8.848170e-008 346.132780 756.155023
4 4.505430e-008 341.922945 736.038161
9 4.978110e-008 172.082341 751.319649
3 8.868450e-008 127.512231 817.771382
9 4.628810e-008 82.415735 678.073095
6 2.901110e-008 236.887452 681.645878
9 6.038200e-008 267.476514 699.925539
7 2.121080e-007 458.588577 569.163495
9 5.137430e-008 104.230763 588.978133
7 2.600280e-007 256.521793 546.250539
9 1.001680e-006 174.211763 535.451241
7 6.523900e-008 240.394843 493.826950
9 3.701130e-007 80.943905 498.549941
7 4.380570e-008 278.047580 512.573476
6 4.379900e-008 291.881475 585.857988
9 2.521740e-007 203.864505 571.917378
7 9.282140e-008 266.329851 555.385159
9 8.959080e-008 314.378422 570.075026
9 3.386820e-007 90.027239 499.608654
9 9.453280e-008 168.356584 402.500797
9 4.451410e-008 138.909897 441.861794
7 1.038760e-007 252.701529 450.390339
9 8.536220e-008 247.486996 408.180154
7 3.767220e-007 289.438853 508.497815
9 2.479630e-008 325.812064 452.276002
9 2.045810e-007 118.627669 480.447537
7 2.441540e-007 293.462467 533.695545
6 1.016510e-007 404.528965 657.046812
4 2.973940e-008 371.415689 795.954913
8 6.553240e-008 351.194533 843.592661
3 1.431590e-007 328.191909 855.075306
3 2.053110e-006 217.240418 906.281176
6 1.558470e-007 264.768098 853.377542
3 2.503980e-007 218.109111 949.042200
8 1.119660e-007 373.259331 973.227616
6 2.983420e-008 261.247913 843.435264
3 4.597990e-008 338.312960 771.571444
4 6.729640e-008 367.376971 714.348646
7 4.073020e-008 364.789406 714.758480
