9 1.035610e-008 781.958000 531.419000
5 2.814370e-008 723.748932 582.019161
9 6.107870e-008 728.041159 626.203607
6 7.908440e-009 645.627914 609.968160
9 2.896590e-008 564.881990 587.157182
7 3.974320e-008 450.480404 422.577086
10 1.496520e-006 480.232244 276.683349
7 7.981290e-009 565.091862 257.870134
10 1.997610e-007 565.324147 262.302330
9 5.869160e-008 793.383433 679.263724
5 1.834720e-007 826.374764 603.582708
9 4.528560e-008 906.989074 677.113427
5 7.733820e-007 907.926284 622.295511
5 1.381870e-007 870.711105 516.149409
5 4.275880e-008 768.772133 658.388604
9 4.897210e-007 732.511361 689.909607
8 1.573760e-007 633.708282 775.797798
2 1.521920e-007 733.985696 961.258286
9 3.703080e-008 693.308527 871.233150
8 1.388890e-007 690.231317 858.891275
6 1.803500e-007 585.696514 652.369189
7 2.736560e-007 507.159866 418.133404
10 3.092680e-008 459.954312 476.427523
6 1.548110e-007 407.625894 571.105537
9 3.566730e-008 740.222716 576.213318
5 4.623820e-008 790.759429 568.225723
6 1.770320e-007 545.407145 507.290513
7 4.801940e-008 415.677045 544.158858
10 1.018130e-006 495.101128 287.529385
7 7.406430e-007 555.158909 343.380380
9 3.451730e-008 536.516710 607.456504
6 9.548240e-007 533.414796 609.247401
7 4.692950e-008 450.386620 464.931861
10 1.863280e-006 505.786892 259.344629
7 1.416590e-007 514.866911 241.044576
10 2.541680e-008 492.931151 132.004433
7 1.044100e-007 405.872917 255.545786
10 1.249780e-007 441.102282 341.494614
4 4.109510e-008 255.807946 313.380099
7 4.528420e-008 309.409493 259.637990
10 4.072590e-008 306.282700 256.618482
4 1.446870e-008 83.188205 177.109188
4 1.662990e-008 88.779842 159.029377
4 1.324320e-008 214.812166 196.220413
4 4.722380e-008 145.956990 286.206979
4 4.964500e-008 176.514510 292.138745
10 2.688820e-008 339.425347 373.766318
7 5.444260e-008 343.867094 437.285519
11 6.208450e-007 167.365860 594.773815
4 9.043520e-008 115.846651 399.402625
11 1.657230e-007 192.686274 543.789977
4 1.200030e-007 152.738465 451.705724
11 2.517330e-008 369.543870 600.888824
6 5.988800e-008 354.873599 630.058999
3 1.086800e-007 220.205672 725.622415
11 6.675820e-008 195.590895 792.028049
3 2.042350e-007 152.152517 784.260861
11 8.748340e-008 304.493357 726.741762
3 3.203800e-008 339.961550 688.670840
3 1.033440e-007 284.253556 808.393329
11 6.301450e-008 96.489098 794.284142
3 4.003390e-008 189.465695 663.990681
11 4.845920e-008 348.267028 677.028336
3 5.856030e-008 284.243003 958.232304
11 1.976580e-007 154.412655 741.054474
3 2.615050e-007 120.183833 842.951976
3 1.187570e-007 219.159596 919.357839
6 3.980180e-008 299.124480 746.689558
11 5.915050e-008 185.429154 847.128360
3 4.764650e-006 184.211442 855.792917
3 6.772930e-008 168.967235 947.269042
11 3.773860e-008 92.474020 887.631448
3 3.356910e-007 256.359876 869.621754
8 2.176550e-008 390.687643 802.166905
11 5.681350e-008 267.933814 759.826764
3 9.487600e-008 228.262334 876.558379
3 1.668060e-008 35.610923 898.549551
3 1.609420e-006 180.352101 824.465616
11 3.103440e-008 181.725953 824.732670
3 5.344640e-008 155.788746 705.663709
11 3.462290e-007 156.914511 706.423047
3 1.241780e-007 234.512493 896.843078
11 3.392160e-008 279.053632 856.518599
6 6.714740e-008 382.038046 655.296735
4 7.313520e-008 143.604292 450.819757
11 3.566850e-007 179.721272 603.299108
6 1.338900e-007 442.453810 591.750435
9 3.193320e-008 589.035695 587.365405
7 1.186170e-007 596.969476 302.878437
10 4.115140e-008 594.029088 245.600411
6 5.004840e-008 602.229148 499.697726
9 1.396740e-007 753.928012 649.847569
5 3.680560e-008 860.262552 669.664190
9 1.824140e-007 762.194154 690.974192
5 2.880130e-008 733.710978 722.608095
5 2.957330e-008 809.113480 789.426416
9 1.416970e-007 764.334992 828.351530
2 4.611980e-008 776.309356 812.709285
5 1.016050e-008 754.973205 499.653401
6 9.234740e-008 610.320165 629.728438
9 1.171340e-007 606.514023 635.589365
8 4.015570e-008 539.072514 628.561529
6 1.220060e-007 605.191543 555.507135
9 5.579750e-008 598.998849 552.749975
8 5.329370e-008 590.693794 663.829545
6 1.419730e-007 507.297867 506.026859
8 1.209510e-007 584.228072 736.958176
9 2.412140e-007 652.178005 764.411576
5 2.445820e-008 868.808448 755.627077
8 6.200760e-008 645.590621 716.714175
9 6.563030e-008 566.043218 753.807577
6 2.843460e-008 509.102042 760.885260
11 2.635300e-008 198.016107 485.593733
4 3.252700e-008 147.502848 461.432826
6 1.304320e-006 461.766778 613.675912
6 2.789540e-007 416.026553 536.614818
3 9.020660e-008 322.994653 847.217028
11 2.699470e-008 198.970889 763.084159
3 1.921850e-007 192.295699 772.175799
11 7.012600e-007 205.732674 658.956959
3 7.083720e-007 186.141973 788.542924
11 6.689340e-008 88.751901 777.854924
3 3.952410e-008 90.406188 736.628221
6 1.119750e-007 385.259599 578.592548
9 8.270120e-008 650.146091 623.541575
5 2.256580e-008 793.334555 703.573611
2 4.183770e-008 747.052220 755.087634
8 5.322510e-008 656.426534 657.347062
9 2.372420e-007 662.099333 651.046811
6 3.040470e-008 664.543088 648.332759
5 9.475520e-008 817.726378 590.952838
2 4.437950e-007 863.427792 893.511198
8 1.962190e-007 672.922733 842.341841
9 3.899050e-007 696.732583 794.721044
2 8.898140e-008 836.068231 851.016344
9 1.629930e-008 888.840403 806.945001
5 9.619870e-008 820.622999 639.585336
8 4.853840e-008 738.730476 807.285080
9 1.078330e-007 635.070425 824.223481
8 2.405650e-007 642.593409 822.066277
6 6.557880e-008 473.490954 787.374950
8 1.581940e-006 575.081959 807.756235
9 9.135340e-008 599.654441 744.314684
6 1.197950e-007 576.968227 603.653563
8 3.059090e-008 495.398423 677.618716
6 1.091890e-007 656.424940 602.577247
9 1.225040e-007 692.720234 560.824280
5 1.617820e-007 804.287626 615.030429
8 6.156870e-008 649.513126 783.392737
9 2.865360e-007 657.796296 782.668045
2 4.428380e-008 791.860909 770.938766
9 2.843480e-008 873.094260 857.165493
2 9.225870e-008 751.432218 807.536273
8 2.195710e-007 671.889612 761.611934
6 5.487150e-009 629.211510 637.664788
9 1.172370e-005 687.585880 748.041545
5 1.043840e-008 909.443853 826.840157
2 8.551770e-008 919.818338 939.328713
