6 1.779110e-007 677.312209 240.100365
3 1.006510e-007 765.182435 310.762465
6 3.110150e-007 542.211444 222.805413
7 1.994990e-007 666.680832 133.974878
3 2.159560e-007 674.865988 128.860243
10 2.063410e-007 737.472153 89.739704
9 2.796870e-007 740.006342 88.156172
6 1.512960e-006 564.429294 245.227779
6 9.245050e-008 726.322184 275.591300
3 3.433060e-007 784.224510 228.703318
5 1.436580e-007 442.213547 596.069861
5 1.431840e-008 571.159001 585.412316
5 7.496640e-008 422.629513 516.273785
6 2.177310e-007 515.288339 247.909888
7 4.426460e-008 556.401392 272.203460
5 1.323730e-007 458.123349 652.717089
5 2.026640e-008 420.020677 440.458123
6 2.511670e-007 503.223985 265.688096
2 3.997070e-008 426.845334 202.872759
6 5.167390e-008 488.216538 137.060234
8 2.987470e-008 515.580583 109.957994
7 2.254480e-007 503.761625 125.642367
2 9.153030e-008 289.246621 305.318716
2 1.544330e-007 164.278782 180.883492
11 2.971450e-008 109.090890 184.742481
2 2.725320e-007 218.458770 197.874007
11 5.378990e-008 224.304128 198.078119
11 1.169190e-007 95.332515 100.840878
2 1.082720e-007 175.970121 201.381953
11 5.973650e-008 179.284282 213.410167
2 4.743390e-008 85.780662 198.114302
11 3.159100e-007 148.487588 98.129869
2 2.463530e-007 220.494274 187.796295
8 2.085230e-007 239.342047 118.758943
11 4.097410e-008 77.022896 187.741228
2 8.166240e-008 123.309503 230.152643
11 1.537940e-006 226.349752 22.058132
8 6.191730e-008 185.472843 26.893873
2 1.961510e-007 224.227484 102.794062
11 2.707250e-007 102.886119 137.900811
8 8.972190e-008 210.038901 176.201021
2 1.946500e-007 153.773243 243.255686
5 3.347380e-008 284.614397 547.030838
5 2.259400e-007 365.403033 597.289233
5 7.678250e-008 323.518724 720.166897
4 2.748330e-007 136.614197 771.222676
5 5.691290e-008 312.945089 720.823801
4 2.295170e-007 107.308457 766.647725
4 4.448340e-008 201.698181 805.342063
5 2.180050e-006 367.611657 681.140115
4 1.054520e-007 101.186205 922.105797
4 6.710450e-008 185.680870 842.861249
5 1.494740e-007 379.808848 766.211110
4 1.029600e-007 189.945351 814.993612
4 4.139320e-007 132.762260 828.849993
5 8.819530e-009 420.042806 838.417733
4 3.074240e-007 31.467443 897.439296
4 8.383260e-008 184.648062 825.300677
5 3.817410e-008 262.708182 638.495398
4 1.169340e-007 214.759376 745.439897
4 2.070890e-007 184.970461 804.830340
5 2.937150e-007 400.780726 714.475344
5 5.615450e-008 327.236548 540.750415
5 2.802770e-008 307.487069 589.297706
6 1.576250e-007 597.014013 305.429259
3 4.710230e-008 587.984750 303.109716
5 2.681510e-008 548.266890 711.260991
5 1.906190e-007 483.768918 666.181324
5 9.883390e-008 499.771146 707.967110
5 1.622600e-007 354.221896 586.861652
5 3.613090e-007 401.077551 630.998162
5 3.564690e-007 344.860947 691.629588
4 1.010080e-007 191.361848 772.534373
5 6.224860e-008 200.888022 768.877540
4 8.471470e-008 185.377072 766.639327
4 1.367870e-007 88.203146 742.367338
5 7.873570e-008 272.301377 647.178301
5 3.928220e-008 477.325925 763.161648
5 2.713250e-008 463.376445 645.596527
5 5.667050e-008 544.100005 587.307388
6 1.339400e-007 482.387777 328.546082
7 6.041250e-008 503.072234 189.951647
2 1.023350e-007 377.032036 226.485199
9 1.493120e-007 605.330174 136.549673
6 2.285240e-007 646.776248 151.634760
10 7.296650e-008 623.604515 152.528265
3 9.209560e-008 618.804670 151.420129
7 6.418260e-008 577.054593 141.781320
2 4.425950e-008 243.375354 351.915240
11 3.403680e-008 278.747587 230.043985
2 1.638430e-008 412.332659 330.007028
6 1.914960e-007 578.715821 287.184452
7 8.793740e-009 517.736441 127.419184
8 4.419980e-007 402.559199 16.193730
9 1.115780e-007 598.418319 69.394548
6 1.606080e-007 556.342366 163.898655
7 3.602220e-008 521.029817 243.211915
5 6.690560e-009 441.805823 480.211070
2 3.805150e-008 317.023985 320.273029
6 6.093940e-008 441.248610 231.717978
7 1.702610e-007 594.432305 152.697756
9 1.978110e-007 670.245490 117.345341
10 2.115340e-008 627.131626 125.301020
3 5.294680e-008 622.139773 126.453493
2 7.411530e-008 425.604704 273.308841
6 6.039280e-008 424.424723 276.550835
7 1.710230e-008 521.190041 179.767834
8 5.241390e-008 428.931510 57.335873
6 3.696730e-007 535.225351 193.083513
2 9.273550e-009 142.424059 339.098669
11 8.049290e-008 143.612278 134.878391
2 1.749160e-007 262.551778 91.120460
8 9.041780e-008 261.583149 86.137348
11 3.529950e-008 232.735387 272.521306
2 1.034570e-007 159.355988 282.131813
11 9.634170e-008 95.923424 180.613960
8 1.935470e-007 264.917884 101.714371
2 5.070060e-007 218.523914 188.969049
11 8.130580e-008 243.426487 161.726640
2 1.329250e-006 250.036122 154.882149
8 3.945980e-007 295.029714 108.289834
11 1.060450e-007 220.786349 162.145793
2 4.221570e-007 225.787745 171.168566
8 2.635290e-008 279.672295 288.261662
11 9.082100e-008 205.619127 219.581912
2 9.673430e-008 207.618224 228.986894
8 2.304270e-008 275.188350 247.749757
2 6.805860e-008 321.615970 315.543376
6 1.789780e-007 512.855751 267.598650
7 2.776130e-007 494.860647 109.776549
9 2.799290e-007 656.030384 121.046388
3 2.178910e-007 671.200036 111.744396
10 3.476630e-008 600.816721 83.307835
8 1.010180e-008 562.660560 121.689015
7 1.157520e-007 610.007865 194.597199
6 5.210930e-007 612.213926 197.994221
9 9.375520e-008 568.085443 114.377069
11 4.675180e-008 342.576303 175.118721
2 6.107900e-007 341.777396 190.363527
8 6.878510e-008 341.506310 195.536415
2 1.040730e-008 343.016205 342.285205
8 4.188550e-008 474.079407 144.833074
6 1.586930e-007 477.547357 143.772814
7 1.215490e-007 554.688026 120.188532
9 1.076760e-007 598.750712 125.431585
6 8.430710e-008 541.198406 384.900615
3 1.262730e-007 788.938843 274.413838
6 2.533620e-008 777.789058 270.891461
5 3.876470e-008 560.042924 681.471098
6 1.889730e-007 711.663512 294.477176
3 4.032990e-007 729.817651 247.183995
9 1.816770e-008 746.728000 245.237711
3 8.175480e-008 799.136873 338.155814
5 2.749090e-008 410.176822 529.402594
3 4.533810e-007 837.486978 219.124244
6 5.666830e-008 763.063314 203.869360
3 4.843390e-008 724.055160 372.830347
3 9.006340e-008 739.174241 249.560521
6 6.117930e-008 742.469666 253.094440
3 9.199970e-008 919.419041 288.512332
10 3.673190e-008 763.086269 247.783270
6 3.943160e-007 635.828199 286.718128
3 2.552780e-006 795.933975 212.059175
9 3.275250e-008 776.184048 244.817188
6 2.867570e-008 777.093619 246.116197
3 8.899880e-008 831.593251 323.950158
3 1.311690e-008 759.905468 360.121612
6 6.265310e-008 658.229656 424.669874
5 8.560750e-008 466.964701 594.485802
5 2.615360e-008 259.933873 483.023099
5 1.053480e-007 340.741399 554.711916
3 1.173380e-007 833.271771 305.760950
3 2.509720e-008 749.439709 361.410850
3 2.144570e-007 851.101021 273.396541
6 4.825910e-008 701.941316 319.340389
5 4.188680e-008 464.950954 513.854795
6 8.291690e-008 518.852386 379.008353
5 6.804000e-008 378.264110 539.060482
5 5.360710e-007 411.970798 731.641005
4 4.171720e-008 270.578129 885.982784
4 9.366250e-008 90.726459 699.356978
5 1.031360e-007 311.452332 706.341571
4 3.041130e-007 152.485053 821.084411
5 1.151460e-007 277.389813 743.011998
5 2.307390e-008 219.884754 804.268929
4 8.606820e-008 155.538341 708.870924
5 2.433050e-008 312.028202 769.489861
4 4.225540e-007 100.163119 759.279050
5 1.853870e-008 211.459644 841.282546
4 8.804780e-008 136.003317 884.847357
5 7.670080e-008 401.377502 733.288867
4 9.185560e-008 34.768626 654.435830
4 1.938640e-007 25.572576 721.731812
5 1.498800e-008 283.025833 780.064525
4 9.809630e-008 158.699971 692.957076
4 3.237990e-006 62.626980 786.547170
4 1.614340e-007 74.508552 946.343050
5 9.288810e-007 351.951297 633.631211
4 8.462990e-008 162.696585 817.592942
4 2.068590e-008 161.840367 919.837094
4 5.012850e-008 185.655087 940.934823
4 3.367050e-008 225.763098 719.580541
5 4.595200e-008 274.248322 786.314730
5 3.483860e-008 332.616061 783.809987
4 1.264960e-007 119.548005 730.324772
5 2.224820e-007 391.975270 729.892042
5 7.402900e-008 487.155814 553.924467
5 1.172280e-007 433.819914 594.869584
5 1.353680e-007 295.288202 724.643942
5 1.577540e-008 259.248005 793.189225
4 5.088870e-007 94.078905 852.918310
4 3.574360e-008 212.286161 899.824176
4 6.804810e-007 77.988081 841.696823
4 1.753640e-007 200.830680 829.944975
5 5.223680e-008 265.987390 705.028267
4 3.979470e-008 255.334926 694.148991
5 9.257230e-009 271.048935 873.757262
4 1.410140e-007 200.794815 802.751772
4 1.496270e-007 139.691303 750.722479
5 1.074130e-007 317.400551 710.636175
4 5.284120e-008 90.712561 716.408672
5 2.600020e-008 216.179197 763.249945
4 1.199130e-007 194.513579 816.874191
4 1.241920e-006 73.076460 871.509084
5 2.622170e-007 318.526665 667.761352
4 1.090610e-007 93.661956 954.714569
4 9.451020e-008 188.184211 821.539963
5 2.282350e-008 313.017559 812.384127
4 3.237550e-007 141.772620 819.124169
5 1.441530e-008 133.361072 722.046320
4 5.287310e-008 276.094755 821.651043
5 1.933930e-008 276.054171 889.459069
5 1.357660e-007 244.889671 674.748597
4 4.062020e-008 172.254386 870.504711
4 3.456780e-007 161.213155 823.292086
5 8.829510e-008 264.551212 748.705253
5 2.779200e-008 270.063554 792.301360
5 5.911540e-008 416.407687 838.677600
4 5.888100e-008 164.623774 742.783918
5 7.689950e-008 396.163162 749.099360
2 1.976130e-006 290.920469 211.938314
8 1.037830e-007 226.259509 90.855125
11 3.819990e-007 228.284381 101.272206
2 5.590550e-008 118.139946 163.953909
11 1.456040e-007 274.613525 130.694553
8 1.035740e-007 279.114793 129.737782
2 8.768260e-008 217.963637 85.225305
11 4.384250e-008 195.890749 253.645741
8 8.062480e-008 298.197712 142.444725
2 6.366130e-008 160.122205 55.458512
11 3.150370e-007 257.734568 106.840117
2 4.821000e-007 189.996339 177.934295
8 2.193390e-008 188.986680 151.809278
11 3.874550e-008 178.935055 233.670866
2 6.622560e-008 417.175399 184.965414
6 2.499890e-007 590.718031 139.120138
7 1.041110e-007 591.795878 138.930083
9 9.883730e-008 572.891245 109.923534
8 7.950780e-008 441.899456 45.921207
6 5.121350e-008 477.092514 80.255516
7 1.477560e-007 475.992957 80.139948
9 5.423300e-008 585.803154 110.085110
8 1.482610e-007 421.638128 96.018101
2 5.460810e-008 477.891815 158.494454
6 1.566310e-007 508.350844 192.322799
7 2.180520e-008 509.098148 193.152767
6 8.630830e-008 451.088143 203.349586
7 9.729840e-009 466.393847 243.872703
6 6.396960e-008 471.613234 343.463521
2 2.473280e-007 374.168689 198.430007
8 8.430510e-008 429.100060 130.595002
7 5.521770e-008 467.780843 71.564455
2 3.264660e-008 316.393645 350.747347
6 4.108050e-008 416.416110 354.200940
5 1.178400e-007 455.745309 694.443159
6 6.360060e-008 487.617303 351.476334
9 6.403670e-008 567.061393 136.446091
7 9.265210e-008 562.839748 129.420101
6 4.151440e-007 562.273601 175.429736
8 2.295180e-007 455.323897 114.308623
7 5.279840e-008 449.966999 132.990237
2 5.351400e-008 423.973486 271.549112
6 4.070660e-008 463.014841 351.595463
6 1.330470e-007 532.712539 207.162275
8 4.243430e-008 467.086861 236.527307
2 4.659570e-008 470.913782 240.222898
5 4.091200e-008 578.996395 606.558700
6 8.536020e-008 609.061477 327.493267
2 3.938580e-007 256.974797 246.701621
11 1.978790e-007 187.271667 135.228083
8 1.351420e-008 164.399970 144.468900
2 5.113200e-008 225.333489 271.735456
11 4.109000e-007 250.899764 110.317479
8 1.242860e-007 252.408962 100.788845
2 2.468090e-007 204.090495 129.606835
11 2.512890e-008 265.546458 260.130353
8 3.183720e-008 269.539536 268.693598
2 9.871610e-008 191.362851 275.833284
11 3.903450e-008 88.571143 119.967774
8 7.559800e-008 209.705786 206.632088
2 3.510730e-007 217.031495 221.009700
8 2.156060e-008 405.843942 309.767912
2 4.480800e-008 405.877540 309.828525
11 3.810480e-008 67.380517 157.686789
2 7.930690e-008 158.131027 233.835444
5 6.934310e-008 445.113728 573.730623
5 8.056580e-008 486.040179 709.801335
6 4.097490e-008 441.413610 313.161569
2 9.502110e-008 364.614117 232.628775
8 4.796980e-008 484.300109 124.863353
7 5.599200e-008 528.558048 189.580276
6 9.440780e-008 565.854203 324.668744
5 9.990960e-008 433.682488 605.761103
5 6.525470e-008 424.669801 589.423119
6 1.612330e-007 477.546149 221.867212
2 7.523930e-008 396.193901 108.706325
8 9.807200e-008 397.792861 118.801812
6 1.009250e-007 537.678201 159.547346
9 3.965650e-008 505.689420 199.050369
7 6.107860e-008 503.936104 201.215543
2 2.592780e-008 425.214763 229.100660
8 1.369190e-007 427.435453 101.875287
5 2.709590e-008 539.105532 516.012525
5 2.753510e-007 426.933097 595.260998
5 2.504410e-008 289.567066 785.968538
5 1.032510e-007 242.690350 660.478909
4 1.599850e-007 94.472588 912.555984
5 6.539320e-008 363.400571 805.467520
5 2.393100e-008 160.041728 656.559230
5 1.281000e-007 307.212577 592.724795
5 6.501820e-008 441.650640 559.002947
5 2.846770e-008 526.563661 661.277027
5 1.489450e-008 599.289822 719.414730
5 5.679190e-008 572.100067 657.499417
5 4.760620e-008 555.820003 709.054731
5 7.820890e-008 492.931147 671.704223
6 1.721930e-007 603.208026 315.856328
