4 4.542990e-008 741.794980 566.332035
8 2.031350e-006 629.339410 666.081587
7 1.205650e-007 650.861147 657.386266
3 4.636460e-008 796.949283 598.362999
4 8.700900e-007 783.581118 408.717128
4 1.344710e-007 690.368287 403.083506
8 2.351270e-006 642.847494 622.011608
7 3.249710e-008 578.862332 596.587016
2 2.847930e-007 470.058761 514.685726
10 1.509400e-007 743.390472 86.041541
8 1.620930e-007 653.852000 523.168999
4 9.143050e-008 696.044609 300.109389
4 4.375920e-008 704.373820 525.094543
8 8.223090e-008 748.566803 601.639039
3 4.166790e-008 815.228207 629.842520
8 5.050820e-008 802.523109 647.157958
3 9.506080e-008 917.585459 650.347924
4 1.135870e-007 818.665995 544.814854
8 4.772280e-008 790.068672 623.538344
4 2.661990e-008 741.794166 519.827113
3 3.501270e-008 810.679265 611.122179
8 5.601230e-008 756.372061 669.167820
7 1.427520e-007 636.913893 773.011204
6 5.923430e-008 712.739645 965.774287
3 2.685300e-008 687.532029 848.065141
7 1.065460e-007 683.684256 832.632739
8 5.411150e-007 644.149177 674.067956
2 2.174830e-007 452.723023 570.057728
8 3.974250e-007 561.986654 584.609869
2 6.081220e-009 582.517830 586.406049
3 2.737750e-008 708.194897 531.465430
8 1.431680e-007 474.782954 527.541917
2 2.236170e-007 454.971819 533.222736
11 1.175070e-008 557.974172 182.105112
2 5.989590e-008 583.721274 427.887187
8 4.763820e-007 614.909728 562.196117
7 9.268950e-008 473.195146 644.015352
2 8.288890e-007 441.742580 469.922500
2 1.157360e-007 475.576535 397.228253
11 4.674840e-008 394.652424 262.548977
2 8.347410e-008 520.502786 376.724610
11 8.642600e-008 300.469221 304.730551
11 9.100480e-009 190.072323 179.079891
11 1.374360e-007 219.993982 174.770767
11 4.444020e-008 153.270185 197.779253
11 1.983590e-007 248.446330 146.355440
11 2.892270e-008 201.480691 20.749048
11 1.229710e-007 220.525609 163.703474
2 1.148190e-007 343.091565 426.195071
2 1.658880e-007 294.326710 535.503232
9 1.679900e-007 248.528585 792.346998
5 1.426120e-008 304.284614 779.364325
9 7.126160e-008 271.249083 750.019634
9 1.474590e-007 256.623982 811.785714
9 6.892770e-008 213.431877 700.895270
9 4.026090e-007 321.581527 936.674974
5 1.795320e-006 276.528439 962.686294
9 1.808470e-007 225.896653 809.116188
5 3.581230e-008 226.789533 808.366972
9 2.577410e-007 378.584980 769.573700
5 4.438150e-008 167.553125 974.324232
9 1.613880e-007 277.298797 909.227341
5 4.556940e-008 137.436677 844.139054
9 2.640020e-007 259.011580 869.389755
5 3.719050e-008 359.453037 860.602056
7 3.647700e-008 324.691548 720.668021
9 1.506530e-007 229.145457 866.396479
5 3.582330e-007 321.870973 901.640727
5 1.524950e-007 216.076684 882.859121
9 4.714420e-008 145.730520 850.056099
9 1.156690e-007 214.875940 832.614567
5 3.232310e-007 235.605043 900.416660
9 5.688360e-007 363.653129 905.478215
5 5.421160e-008 378.036068 831.485205
2 5.146810e-007 318.803272 513.268176
2 3.656540e-008 199.711739 529.076787
7 2.207090e-007 572.496964 644.290671
8 4.076640e-007 574.626644 645.151107
8 2.979900e-007 638.854994 568.580517
7 2.053390e-008 762.223581 651.310340
3 1.517350e-007 817.088477 660.984754
8 1.335750e-007 757.216144 617.072959
3 1.474880e-007 774.278820 677.552756
7 4.303390e-008 745.670227 645.813627
4 3.004750e-008 875.234090 635.539434
3 1.559070e-005 855.776156 748.863411
6 1.481620e-007 789.017681 806.895323
4 1.131070e-007 839.849685 470.427738
8 1.153470e-007 674.863825 530.340207
7 1.204080e-007 584.628275 669.290363
2 2.250180e-008 578.188558 543.484430
8 6.445900e-007 680.690935 589.121536
7 4.336430e-007 546.989712 704.690451
8 5.001380e-007 641.037110 589.193209
2 1.520840e-007 483.952641 500.637133
7 2.689500e-007 515.072520 709.017678
8 2.510150e-007 602.522023 744.349370
3 7.016360e-007 822.361912 769.593083
6 4.794850e-008 824.180389 769.465926
7 2.875930e-007 634.985313 721.659489
8 2.049700e-007 628.055812 724.890755
2 1.378730e-008 478.585294 587.816148
2 1.156570e-007 310.931934 576.068127
8 2.312470e-008 378.347027 564.671378
2 1.008140e-007 394.098125 675.064085
7 1.903580e-008 377.086526 772.686585
9 3.042480e-007 358.540762 809.084805
5 2.480120e-008 328.600071 807.332232
9 4.567600e-008 234.897799 755.822584
9 1.295560e-007 311.570297 699.583831
2 3.060330e-007 406.324299 547.362760
7 8.393290e-008 571.042567 643.264128
8 5.668720e-007 578.020568 641.524332
3 2.539340e-007 794.137455 706.373653
6 1.060000e-007 817.335493 787.274797
7 3.231140e-007 643.291630 699.917537
8 2.765240e-007 636.340221 696.221433
4 1.650340e-008 809.781770 580.017949
3 2.267380e-007 868.336012 660.611490
6 7.000390e-008 876.051104 813.811498
7 1.241630e-007 709.006048 799.679850
3 7.564980e-008 819.711886 844.407946
6 4.024670e-007 821.367170 845.076725
8 6.466220e-008 783.706750 750.549903
3 1.430180e-007 845.657751 681.533740
6 4.227060e-008 845.076496 679.845656
7 3.623190e-008 688.339708 894.564416
9 1.230030e-007 495.807807 864.156804
7 7.667070e-007 588.228925 780.489868
8 1.268740e-007 510.041503 742.355246
9 9.522850e-008 454.475489 928.363486
7 1.381510e-006 597.583647 731.240397
8 1.921310e-006 581.634340 630.541900
7 8.780850e-008 478.787223 629.246437
2 9.022860e-008 516.942982 623.884145
8 6.225670e-007 582.937304 614.609507
4 1.345600e-007 785.564597 454.019039
3 1.541290e-007 804.543579 653.909111
8 2.023190e-007 713.809265 724.798653
7 3.707850e-007 665.036543 762.904148
6 4.958240e-008 822.913375 768.221993
3 1.302510e-008 685.380106 865.201628
6 1.117380e-007 737.563401 801.932920
7 4.122840e-008 654.618395 711.452298
8 4.609170e-007 647.102092 689.623203
3 5.112680e-008 698.700718 767.325483
6 3.923970e-008 799.479208 754.951409
3 3.231060e-008 785.130934 914.901885
6 4.087450e-007 791.608816 917.519124
3 9.892130e-008 718.541657 686.598857
8 3.021830e-007 666.573122 710.832304
7 8.409390e-007 594.533638 744.425035
2 6.184720e-008 511.206417 473.567205
10 1.977000e-008 486.918637 196.478168
11 2.200510e-007 408.149682 228.303103
10 1.233740e-007 642.420552 156.872309
11 3.895300e-008 512.971207 291.573315
2 8.241370e-008 295.140265 352.818713
11 3.082890e-007 307.374370 255.819636
2 6.942470e-008 444.429791 333.948005
11 1.752020e-008 411.214880 10.390758
10 1.193260e-008 583.696285 102.460768
2 4.285700e-008 342.068973 331.523295
11 5.558730e-008 338.305833 333.198756
11 6.223340e-008 343.009424 323.004225
2 6.841160e-008 328.392338 305.007913
10 1.268900e-007 598.819650 131.837428
11 5.624360e-008 429.448291 262.748602
2 4.842790e-008 466.408713 287.470695
11 6.753930e-008 475.501301 116.639906
2 8.857330e-008 441.975881 376.230368
11 3.832750e-008 213.157402 337.864284
11 2.329530e-007 276.476818 162.757842
11 6.905980e-008 262.894852 105.519153
11 2.804170e-008 242.468563 162.718601
11 1.320680e-007 254.142304 222.321636
11 2.695230e-008 215.808151 267.517359
11 3.009150e-008 329.038111 292.700389
11 2.796850e-008 520.951246 111.600942
10 1.966140e-007 674.081318 112.908504
11 2.296970e-007 364.013523 133.099301
2 2.276160e-008 255.670647 306.725307
11 2.788110e-008 285.484443 333.849237
10 9.292370e-008 579.443454 178.478156
2 2.033540e-007 404.001784 339.155400
11 4.341500e-008 354.533267 358.238330
8 1.571480e-007 532.597599 585.664922
7 5.394140e-007 565.070802 674.884474
6 2.250490e-007 760.513927 910.324934
3 2.274770e-007 748.145318 764.202636
8 9.384590e-008 729.112329 648.921923
4 3.271290e-007 762.091994 449.177200
4 2.447440e-006 810.164806 412.469232
8 7.399400e-008 736.689141 544.885596
3 1.223790e-007 792.048534 650.911724
7 4.463850e-008 699.279210 789.461045
6 1.533920e-008 609.023319 768.624047
8 2.087460e-007 538.062751 701.262227
4 6.478870e-008 689.361846 352.575043
4 2.911980e-008 770.304374 202.509474
8 1.396280e-007 628.339671 501.800130
2 6.466330e-007 468.542911 479.342257
8 8.277070e-008 772.581346 575.909661
3 3.695750e-008 668.524780 575.953921
2 3.198340e-007 426.436461 535.419727
8 2.026150e-007 609.971444 533.100959
4 1.668680e-007 710.183663 409.349405
4 2.942660e-008 765.487610 251.150245
4 4.269840e-007 812.483512 366.609740
4 6.159110e-007 801.121949 329.058465
4 7.404050e-008 789.063701 296.639730
8 5.535800e-008 657.521510 486.461675
4 6.037300e-008 815.861000 224.798556
4 9.177020e-007 856.199231 359.091328
4 3.692770e-007 733.549559 370.238690
4 3.594660e-008 647.482997 475.229654
8 1.849430e-007 574.857707 573.513573
2 1.094740e-007 415.104229 599.267406
2 2.375010e-008 303.569293 480.736261
2 3.046280e-007 361.022237 563.320619
8 2.163080e-007 478.357602 601.648108
7 2.872650e-008 436.519082 544.062563
2 1.936770e-008 569.353749 576.256014
8 1.411310e-007 729.350356 593.071982
4 1.033710e-007 701.832260 468.410512
4 6.882570e-008 780.091150 323.203981
4 1.960970e-007 889.474065 322.290656
4 1.355360e-007 742.676419 286.709160
8 1.838360e-007 692.321161 556.944241
3 1.037350e-007 803.328882 562.861468
4 2.641780e-007 834.673653 460.337200
8 8.916650e-008 587.472689 523.977910
2 6.720810e-008 458.227941 553.816745
2 5.638440e-007 458.976680 497.053889
2 7.367310e-008 504.802456 624.282254
8 2.853400e-007 529.695891 634.848891
7 1.261690e-007 552.604624 644.573072
9 2.675150e-007 405.301023 793.606496
5 4.832330e-008 258.258640 862.173780
9 7.107930e-008 271.455612 791.161750
9 3.831600e-007 383.908277 809.818555
5 4.214400e-007 316.218997 940.377920
9 3.762190e-008 222.368035 737.801043
5 2.934290e-008 359.461971 841.008919
7 6.200740e-008 402.052941 722.985233
9 8.875190e-008 313.463839 770.088927
9 3.123240e-007 236.587359 831.044318
5 6.791140e-008 295.737599 815.195066
9 6.017190e-007 245.052381 921.002105
5 2.516780e-007 249.879993 924.773899
9 5.606760e-008 222.474265 720.552090
5 3.493180e-008 305.619370 819.858394
9 7.838140e-008 242.084458 722.022221
9 6.611050e-008 150.378149 762.478334
9 9.368260e-007 327.542157 834.781025
5 4.364000e-008 275.694394 777.198139
5 5.386030e-008 198.828004 890.992037
9 2.223160e-007 253.911541 843.364113
9 2.207260e-008 175.802248 806.595930
5 7.567460e-008 228.494840 858.575815
9 6.720260e-008 192.860080 795.425318
5 1.108950e-006 275.405650 960.559993
9 2.093690e-007 246.290958 910.039213
5 6.125190e-008 96.176017 943.538835
9 1.919750e-007 245.103523 782.771769
5 9.728040e-008 321.599370 889.413620
9 1.657950e-007 253.949508 860.068495
8 7.204820e-008 396.190993 715.227663
7 3.250500e-008 383.903907 719.944222
5 1.783260e-008 291.182765 791.688144
9 2.145390e-007 299.371826 787.333909
7 3.019640e-008 398.230119 670.382713
2 1.621410e-007 405.942958 597.001888
8 5.262900e-008 614.225347 500.401754
2 6.684740e-008 523.816620 514.610731
7 2.461150e-008 529.226883 508.808958
8 2.256510e-007 543.188828 605.724441
7 1.026900e-007 731.317918 723.371112
3 1.817590e-007 729.427273 718.411277
8 1.798410e-007 705.413479 594.870467
2 1.987970e-007 463.387020 539.261608
9 9.255520e-007 300.095640 834.816963
5 7.460760e-008 272.478841 851.736881
9 1.402580e-007 351.130259 767.727916
5 1.946780e-007 261.756814 911.467938
9 6.451570e-008 232.134005 991.825104
5 8.199220e-008 306.438339 921.386504
9 7.714630e-008 252.991524 795.974762
9 7.575380e-008 212.542995 903.496923
5 1.284860e-007 198.093284 921.329674
9 7.034730e-008 220.785422 996.767869
5 1.676740e-006 242.575622 994.477991
9 1.716050e-007 286.931118 958.385118
5 1.566870e-006 282.026450 954.821675
9 8.905940e-007 268.077129 839.790057
5 1.631620e-007 239.597171 887.079538
5 1.624420e-007 258.891339 918.139516
9 1.741840e-007 268.345081 915.782426
5 2.561200e-008 140.783155 850.189434
9 6.134120e-008 139.361567 841.213973
9 2.911240e-008 235.382107 756.923383
5 6.856440e-008 196.995768 871.036903
9 1.471210e-007 264.346895 983.645522
5 6.267130e-008 325.046202 887.246567
9 5.435750e-008 166.859294 775.808450
5 1.213470e-008 245.128639 861.706179
9 2.945500e-006 307.950214 884.849657
5 1.047480e-007 143.545663 814.505207
9 1.530470e-007 254.461753 804.547184
5 3.799660e-007 303.550820 906.154189
9 1.840050e-007 258.835380 942.453222
5 3.548140e-007 289.093452 926.748671
9 1.081510e-007 166.593926 843.874173
5 1.438530e-007 183.939689 925.480093
9 1.487170e-007 267.253142 787.342900
5 3.326780e-007 284.948009 904.820291
9 1.023230e-007 390.813377 906.782528
5 2.883640e-008 266.434771 782.404727
9 1.165750e-007 230.552532 818.851635
5 1.465970e-007 245.968238 898.046582
9 2.215460e-007 386.568164 872.884052
5 1.010150e-007 220.796747 827.041104
5 5.113520e-008 279.139974 841.400454
9 1.473150e-006 294.041654 840.880040
7 3.482520e-008 409.871338 716.804913
8 5.361900e-008 446.053287 583.852218
2 2.541510e-007 450.557613 540.996540
11 1.015930e-007 318.377250 265.825414
11 1.896160e-008 98.266400 176.466866
11 7.232820e-008 200.712867 122.219911
11 2.753410e-008 184.542894 66.845972
11 3.621720e-008 189.188384 189.488055
2 9.991620e-008 382.288247 349.094514
11 1.410570e-007 397.326372 278.346579
11 7.834160e-009 501.885959 61.994575
10 8.697650e-008 593.733767 92.515030
11 4.495320e-008 428.063570 103.154312
2 1.796360e-007 471.267555 367.486062
11 7.562470e-009 507.980079 391.327315
11 9.339030e-008 465.584703 228.433469
2 7.238440e-008 412.636424 278.654422
11 1.681040e-006 357.802830 174.120573
2 1.441780e-007 366.309471 368.047893
11 2.206550e-008 348.260688 358.967051
2 1.158390e-006 393.769821 448.379917
8 2.212230e-007 566.245954 554.482147
4 7.025460e-008 799.881378 562.419416
8 1.503840e-008 719.296155 599.200545
7 7.273790e-008 687.925643 716.277074
8 8.801370e-006 636.151962 629.210280
3 1.614570e-008 701.349807 541.387620
4 6.648580e-008 697.265919 539.483263
7 1.091240e-007 605.320000 640.802802
8 5.168210e-007 618.634367 715.254422
6 7.153250e-008 750.769953 801.063993
3 1.171160e-007 721.753733 814.987712
7 8.211610e-008 690.641387 841.244553
6 7.079680e-008 668.883441 806.442937
8 3.499870e-008 648.017621 867.655563
7 3.633570e-008 787.082798 684.385173
3 2.073220e-007 789.426636 680.325529
8 3.947060e-007 705.443638 663.333877
7 2.198580e-007 465.707665 745.695269
9 8.911770e-008 488.753237 864.254983
8 4.623690e-007 554.482031 676.630111
7 1.378040e-007 546.399139 652.966726
8 5.031740e-007 709.075696 648.306939
3 6.927750e-008 756.674170 660.753590
6 1.594920e-007 880.097118 779.941691
3 1.203290e-007 922.327548 658.727645
6 3.898000e-008 780.850804 715.887593
7 4.260150e-008 724.487884 836.395021
3 2.938060e-008 857.488007 861.988543
6 6.620190e-007 779.792186 902.405185
7 2.484410e-008 550.869450 909.568959
6 2.434740e-008 614.614178 944.679404
7 4.942080e-007 589.631039 799.299548
8 1.969140e-007 701.811586 699.790168
3 3.332170e-008 763.543070 653.272259
6 1.527930e-007 750.077789 803.272965
7 1.887460e-007 679.416150 760.815135
8 2.359070e-007 600.644506 748.808830
9 8.332920e-008 545.846783 890.715000
6 1.327220e-007 720.145695 873.488966
3 4.465260e-007 788.550987 733.237280
8 3.551750e-008 684.028263 795.805801
7 2.627810e-007 635.171779 816.459742
3 2.675960e-008 851.575688 589.427795
4 8.512450e-008 762.505760 505.655858
8 2.015170e-008 801.190710 671.057334
6 1.702960e-007 710.475421 805.549019
3 7.370590e-008 702.951734 816.703404
7 5.060740e-008 701.198000 758.528402
8 1.987370e-007 701.198000 663.295462
3 1.937240e-008 701.198000 649.656565
8 9.585980e-008 607.913838 487.814925
2 5.767580e-008 461.730917 321.697448
11 2.649360e-008 508.989975 244.031656
10 5.898990e-008 557.076907 162.567408
11 1.052960e-007 443.186115 156.637850
2 1.007180e-007 493.229848 416.122874
11 6.535090e-008 464.401771 238.165382
2 5.689900e-008 544.060161 516.446189
8 6.529620e-007 582.245664 590.437120
7 2.723690e-008 623.243234 651.218287
8 3.790520e-007 681.550087 619.798971
7 1.954790e-007 597.411917 650.422705
9 6.880520e-008 473.477891 881.328859
7 6.393930e-008 514.122356 941.826602
6 4.532930e-008 779.960234 776.025812
3 2.004130e-007 783.242929 774.895497
7 4.481670e-008 693.355120 728.529505
8 1.078880e-006 683.007857 656.792749
3 2.308470e-008 651.968158 575.931233
2 1.467690e-007 471.180092 436.053149
11 6.033600e-008 278.833301 281.682552
11 6.483880e-008 233.949852 217.334267
11 5.806790e-008 214.376465 150.395139
11 8.469580e-009 194.289826 326.956734
11 4.243120e-008 211.721359 210.587900
2 1.190870e-007 392.315400 397.129853
11 8.211560e-008 400.373643 299.899263
11 4.645900e-008 273.084156 321.714565
2 1.618370e-007 416.268013 411.186035
7 3.606350e-008 440.542095 578.078373
8 3.390690e-008 411.027724 492.362598
2 5.693120e-008 490.000767 554.216142
7 9.538530e-008 471.782068 776.881282
9 5.814310e-008 471.228000 709.562615
8 7.192420e-008 471.228000 615.361288
2 2.224470e-008 599.772205 666.692000
7 3.227010e-008 535.143220 582.063490
11 9.055760e-008 356.177417 240.225191
2 1.272170e-007 439.183705 424.597355
8 4.974360e-007 620.249796 573.708874
3 3.673230e-009 696.055711 637.882701
7 1.736830e-007 594.122325 674.983352
8 5.104580e-008 718.980889 824.777073
6 9.743970e-008 656.663977 873.464637
3 1.040550e-007 829.017305 844.408977
6 9.928190e-008 785.150987 775.834773
7 8.944230e-007 602.821509 728.816175
8 3.550170e-007 599.187829 722.522447
2 2.099250e-007 329.137923 575.022545
2 2.340430e-008 497.135637 667.132888
8 6.162660e-008 503.693069 652.943410
7 5.114900e-008 529.114176 595.846546
11 7.362360e-008 434.773613 158.454071
11 2.545750e-008 438.080787 282.540434
2 6.704570e-007 451.800605 491.425626
8 1.005790e-007 610.343185 519.745854
3 1.723340e-007 850.227646 639.600137
4 9.688980e-008 815.323669 510.313880
8 1.367170e-007 672.536268 567.168299
2 8.701520e-008 435.828051 583.716476
9 3.169870e-007 341.390883 794.442152
5 4.359430e-008 307.140166 801.244650
9 5.785620e-008 314.498065 961.246912
9 3.680160e-007 282.499523 820.534872
5 3.081930e-008 230.798411 850.298133
9 2.864770e-007 362.587397 801.945259
5 7.593300e-008 380.377035 879.000978
2 6.716930e-008 453.466485 531.214826
2 3.300950e-008 339.866139 627.601684
8 5.929940e-008 500.125293 592.382057
7 9.283240e-008 520.333589 662.857218
8 3.626220e-007 606.880548 714.694188
7 1.275280e-007 657.661616 668.970618
4 1.418130e-007 794.594492 479.491741
3 1.206910e-007 779.591739 696.580272
8 5.490480e-008 780.909878 709.121521
6 4.053020e-007 794.004593 833.709281
7 8.154750e-008 690.467491 782.154484
7 4.486200e-008 651.420840 917.753937
6 5.171870e-008 722.551363 813.058314
8 7.779950e-008 750.827615 714.448485
3 1.582040e-007 751.526598 712.010871
8 1.804920e-007 639.902563 667.944731
3 3.288360e-008 637.527444 667.218587
7 2.242130e-007 636.496431 678.041408
6 1.080350e-007 763.715868 784.790990
4 7.439990e-008 864.888917 478.770454
8 2.783950e-007 608.218113 548.638917
2 2.890560e-008 509.689120 607.841011
7 2.960840e-008 507.504415 609.153712
6 4.551150e-007 801.261711 851.643952
3 1.101350e-007 800.221478 845.045089
8 4.428630e-008 762.248560 750.584329
7 3.671400e-008 771.848063 789.085508
8 2.033130e-007 611.304726 729.859183
7 2.924070e-007 639.754040 754.589929
3 3.771490e-008 655.545088 766.754702
8 1.439930e-007 745.050148 667.802658
4 3.841440e-008 730.707862 490.820267
8 1.941780e-006 647.672740 634.312597
7 3.529310e-007 619.893163 675.497607
3 2.718660e-007 777.634723 785.884148
6 5.794200e-008 721.337261 746.464136
8 2.038130e-006 653.264638 638.159724
7 2.531870e-008 707.136282 599.019647
3 2.074680e-007 767.223113 717.334847
6 3.148280e-008 774.940623 804.439830
8 3.113710e-008 775.562208 810.353669
3 3.571310e-008 785.612148 905.970073
7 2.140230e-007 508.242579 799.402061
8 2.171970e-006 588.376396 622.594626
7 8.616740e-008 540.875827 614.581790
2 1.307880e-007 541.673780 470.460451
8 6.046630e-008 541.128340 439.212145
7 6.014040e-006 560.702642 743.796665
6 1.013450e-008 739.956523 872.215527
3 2.894970e-007 797.987602 832.900405
6 1.504590e-007 867.176506 777.307997
3 2.739890e-007 842.488936 693.272254
8 5.248730e-008 764.245354 549.157078
4 2.696500e-008 745.885332 609.210345
7 4.440040e-008 761.210634 633.835475
3 2.620890e-008 824.690424 532.246090
8 8.283030e-007 645.219099 607.332299
7 3.018480e-007 501.127627 667.160836
4 2.326470e-008 665.166383 419.051352
8 8.709610e-008 749.441385 569.905386
3 4.775020e-007 870.281149 674.949496
4 3.855560e-008 844.844625 494.014024
8 7.417790e-008 720.332175 640.849482
3 3.107380e-007 764.849977 697.829369
6 6.146580e-008 831.875800 752.979087
8 7.488260e-007 637.563830 581.234321
7 1.208780e-008 576.792717 549.299831
2 3.016310e-007 448.135390 448.781530
11 9.791910e-008 417.668666 304.162898
8 2.191310e-007 571.793386 561.753573
7 1.549830e-007 565.729408 648.471897
3 1.100130e-008 765.190981 773.728782
6 1.106680e-007 747.157153 858.571363
3 1.118150e-006 802.697503 733.065644
8 8.583670e-008 771.363698 576.589837
4 1.301660e-008 768.674378 536.352520
3 5.924400e-008 835.638473 545.907380
7 4.947310e-008 647.340485 677.691733
8 5.023240e-007 646.906632 679.923686
7 2.581750e-007 564.253160 855.499942
6 1.106450e-007 741.166112 818.661853
3 3.530750e-008 733.743736 822.122999
8 1.195170e-007 665.251536 754.401230
7 1.663720e-007 683.314089 725.494916
4 5.514130e-008 741.016951 391.648145
4 2.103870e-007 712.321373 343.120702
4 2.511330e-008 719.618163 451.425437
8 8.205310e-008 755.391380 508.952694
3 1.380120e-007 803.986808 641.873439
8 2.304460e-007 691.826527 645.789919
3 3.244550e-008 799.654181 793.202590
6 3.290530e-008 805.792453 796.064926
7 4.085140e-007 575.041527 815.555187
8 1.600590e-007 498.613718 741.749567
2 8.406480e-008 546.747565 529.692798
11 3.290190e-008 416.957445 243.574899
2 1.354300e-007 424.817314 375.890961
8 6.448500e-007 555.456691 622.067484
7 9.084160e-008 616.518299 633.707969
3 1.797450e-008 676.157264 773.831335
8 1.341170e-007 734.387176 672.974013
7 2.661120e-008 786.149233 602.593954
4 1.142030e-007 862.583983 494.609946
8 1.697270e-008 767.196224 439.251662
4 2.617500e-008 685.896510 505.703877
3 6.895370e-008 862.725268 628.873689
6 1.706680e-008 795.902960 729.267751
8 1.773570e-007 692.043752 652.421247
4 4.680240e-008 833.166197 586.745253
3 8.501240e-008 822.690876 590.557987
7 4.935640e-008 582.923790 599.595715
8 5.873300e-008 491.183627 554.851078
2 1.857340e-007 481.236402 522.077569
8 6.866770e-007 575.792355 630.027702
7 2.503720e-007 603.273944 687.947150
6 1.776760e-007 761.365289 803.929959
3 1.955260e-007 754.499276 792.037720
8 1.223100e-007 703.818351 704.256115
7 5.489280e-008 662.211877 635.683903
2 2.110390e-007 461.523791 591.634074
7 1.112530e-007 654.830926 878.038622
6 7.795760e-008 692.239484 861.707124
3 1.076590e-007 707.282439 784.319670
8 9.456200e-008 796.426665 717.983031
6 3.814100e-008 699.646391 755.482139
7 8.994070e-008 699.406238 769.240725
3 6.008840e-008 698.522830 819.851945
6 1.519980e-007 757.536967 826.732566
3 2.602940e-007 783.772895 788.890659
6 3.056950e-008 809.176512 644.369659
3 1.067990e-007 809.323301 616.083396
8 6.786560e-007 646.421846 581.457486
7 2.523240e-008 643.441350 580.823959
6 2.721110e-007 766.341077 892.829098
3 5.530140e-008 767.371778 912.496546
7 7.503340e-008 525.504524 895.773126
9 2.199660e-008 536.228745 889.065374
7 8.967620e-008 468.595779 674.458695
8 2.064770e-007 523.196121 596.122726
2 2.080410e-008 558.707762 595.502938
7 5.415750e-008 613.671610 889.364507
6 1.238230e-007 750.772326 863.208863
3 3.129280e-008 715.350527 819.838128
8 3.553760e-007 578.847955 750.105942
7 3.271460e-007 562.798418 674.598727
2 3.803800e-008 640.971408 528.497122
4 8.000690e-009 790.313727 541.900362
3 6.472890e-008 878.568118 615.954674
6 3.460520e-007 852.673022 846.834503
7 1.984520e-007 627.985374 793.310238
8 2.439210e-007 598.769263 708.460464
9 2.163670e-008 522.593185 884.384094
6 1.539720e-007 814.913321 958.966984
3 3.204370e-008 726.032752 883.592365
7 3.709690e-008 600.752381 915.971957
9 3.843510e-008 492.463392 800.925711
7 4.314100e-008 612.807000 881.644398
8 3.628430e-008 683.231153 669.300959
3 1.695100e-007 800.476330 652.709482
6 1.088410e-007 787.350284 779.497879
7 1.169150e-007 660.669619 761.356451
8 7.660630e-007 627.686696 679.721445
2 1.515820e-007 519.710921 465.958476
7 3.386050e-008 558.422610 551.553507
8 2.264770e-007 559.660955 549.646615
7 4.133600e-008 623.026340 786.683863
8 9.291800e-006 601.713440 649.721429
2 6.625570e-008 437.574879 605.740864
8 5.527000e-008 413.323910 564.871891
2 3.731890e-007 457.608996 458.688709
11 2.987600e-008 442.978894 235.316992
2 6.321380e-008 446.988709 308.035118
11 3.143180e-008 358.409316 341.409614
2 1.517290e-007 493.398816 475.839774
9 6.590700e-008 264.046021 700.672196
5 2.874320e-007 213.307390 942.321309
9 1.548820e-007 320.031671 934.858612
7 1.862310e-008 332.190575 850.255766
9 3.820730e-006 308.132599 852.360596
5 1.522270e-007 243.606092 858.006013
9 1.872560e-008 235.665334 791.070103
5 2.975320e-008 284.402544 760.577190
9 4.813130e-007 272.900313 804.264602
5 1.753930e-007 175.346218 928.976076
9 1.420730e-007 313.515233 715.156448
2 2.151240e-006 370.818341 502.897721
8 1.421040e-007 522.217955 606.875127
2 1.178490e-007 380.870793 338.981902
11 3.361880e-008 343.857471 322.028891
2 1.202810e-006 409.917057 438.387120
11 4.583060e-008 301.026491 359.338000
2 1.759440e-007 346.942679 409.861849
11 3.565650e-007 328.511829 253.722111
11 5.501120e-008 180.815811 165.036436
11 4.837640e-007 378.730911 174.290736
11 5.889500e-008 460.007623 186.577329
11 1.094390e-007 414.245195 268.015523
11 1.707520e-008 476.590091 355.102757
2 2.278460e-007 478.608885 402.406230
8 1.262870e-007 472.969604 596.222586
7 1.530510e-006 574.941081 722.146996
2 7.120200e-008 343.817092 565.022736
2 6.589120e-007 387.352668 539.578827
9 1.350340e-007 367.445701 793.975328
5 5.273240e-007 324.835687 933.346803
7 3.577280e-008 339.705678 769.809931
9 3.047010e-007 248.815535 819.581444
2 3.990570e-007 350.108261 541.383777
7 5.556650e-008 435.178654 792.907945
9 1.011330e-007 431.133992 795.021185
2 2.880360e-007 439.514431 576.230035
8 7.057650e-008 487.211941 470.346118
2 1.281680e-007 510.489154 398.780424
11 1.055210e-007 410.005605 205.912691
2 1.000400e-007 521.531494 518.567711
8 1.454140e-007 537.832748 574.702450
7 2.469920e-008 570.187343 668.666576
8 2.396640e-007 569.618606 722.061827
7 1.172190e-008 650.620393 675.295498
3 1.301430e-008 636.097472 638.172291
2 1.601840e-007 435.954040 543.288760
2 8.341330e-008 528.512361 432.722377
11 4.653670e-008 417.225777 158.416144
2 2.305820e-008 442.244974 238.051964
11 3.207700e-008 298.553636 315.170005
2 2.405850e-007 464.542403 437.426324
8 1.644290e-007 611.467292 573.458059
7 4.490970e-008 655.527423 645.115335
3 1.008720e-007 722.658445 689.227195
8 1.001390e-006 634.411615 662.247532
7 8.038950e-008 560.206225 639.560752
6 7.380450e-008 737.153259 721.998814
3 1.800060e-007 817.741720 635.578364
8 6.716560e-008 704.814941 562.035075
4 3.241600e-008 661.268960 347.507206
10 2.926670e-008 772.819649 198.683284
4 2.692790e-007 745.901572 354.342976
4 1.247720e-007 825.490045 253.648778
10 3.982070e-008 685.904365 229.874130
4 1.997090e-007 723.258491 454.903019
8 4.488860e-007 619.232397 560.801583
7 1.573030e-007 491.717901 616.625607
2 7.481090e-008 574.099294 593.003089
4 4.057470e-008 863.687256 546.716218
3 3.762800e-007 824.425849 681.964740
6 5.626460e-008 732.128843 666.665282
8 1.973360e-007 706.430639 645.101887
2 3.340520e-007 474.823046 442.827432
8 1.697660e-007 553.921927 538.985879
7 1.068940e-007 485.355076 684.157452
8 1.033430e-007 474.470521 641.944407
7 1.591540e-007 498.021396 809.518316
9 2.251620e-008 498.819864 730.655533
8 3.315080e-007 684.738196 659.088652
3 6.645520e-008 752.863593 768.732632
6 1.965660e-007 782.683890 829.873323
7 4.467980e-008 788.716193 842.241382
3 1.744620e-007 766.353229 783.630564
6 9.217080e-009 713.388599 718.224476
8 1.195110e-006 654.047191 666.850588
7 5.068910e-008 651.512824 665.266950
2 1.529630e-007 433.548845 561.250570
7 3.075950e-008 391.007970 798.000916
9 2.898070e-007 369.238666 842.634223
5 2.523760e-007 235.407302 921.110364
9 2.438160e-007 237.966225 937.823715
5 2.584620e-008 111.707872 937.457285
9 1.791310e-007 275.726912 746.427121
5 2.366280e-007 253.229320 912.341109
9 1.235740e-007 243.791829 895.994902
9 3.328600e-008 132.714311 777.174036
5 2.312940e-008 98.596163 905.520323
9 6.709980e-008 213.927821 943.288637
5 1.764540e-007 341.364501 906.677658
9 1.545750e-008 180.068790 921.496730
9 4.293690e-008 228.412186 758.647235
5 3.896390e-008 238.874523 885.730919
9 2.220750e-008 272.633675 703.271843
2 5.649950e-008 459.428987 612.867163
8 2.488910e-007 546.408585 594.507326
10 6.238510e-008 533.938453 200.664143
11 4.273890e-008 450.699237 218.357317
2 1.483280e-006 399.615592 432.087082
11 1.389960e-008 556.866695 339.660697
11 9.411330e-008 250.368662 211.713774
11 1.310890e-007 245.687856 207.017740
11 4.382050e-008 171.671514 146.742644
11 1.035990e-007 241.066575 140.427722
11 5.335750e-008 216.577314 132.027545
11 3.480420e-007 253.499584 164.015440
11 1.356650e-007 244.024437 222.254050
11 1.218770e-007 249.368114 181.291444
11 4.685400e-008 185.219301 216.105063
11 7.461740e-008 213.401447 163.787853
11 2.427310e-008 152.186703 199.273163
11 2.414960e-007 248.179414 159.545938
2 8.696450e-008 398.545163 327.925051
11 1.985940e-007 421.463978 141.271599
10 5.262510e-008 532.161870 73.711425
11 9.055600e-008 434.736563 238.986226
2 7.875100e-008 496.841844 392.701913
10 3.402310e-008 613.357987 212.286410
10 2.173920e-007 754.695946 105.978732
2 1.371860e-007 529.775080 442.061032
11 4.386070e-008 487.882724 130.003512
10 9.787450e-008 600.720659 127.236775
2 2.646410e-007 410.612074 395.013952
11 9.444340e-008 293.865349 285.873349
11 5.371370e-008 200.013147 96.346609
11 2.619580e-007 268.979325 183.217934
11 5.905430e-008 241.005380 102.267144
11 2.648490e-008 168.897199 70.919774
11 1.404880e-008 287.281257 268.683009
11 1.088470e-008 119.457382 130.408777
11 3.029830e-007 267.879672 229.211391
11 9.737920e-009 128.893404 72.547297
2 2.838940e-008 436.790836 283.607517
11 8.132660e-008 444.508679 278.203400
10 3.133160e-007 625.213784 30.380297
11 2.930020e-008 480.489741 84.652530
11 5.211980e-008 458.490114 189.016734
10 1.228440e-007 651.138946 121.554643
11 7.961030e-008 462.899861 117.824242
10 6.485580e-008 532.331225 102.537068
11 3.280560e-008 481.078655 143.984819
2 6.647380e-007 437.334557 496.239108
9 1.234780e-007 369.350201 799.713719
5 5.281750e-007 275.926308 928.292586
9 3.047810e-008 115.838544 859.375152
5 1.260110e-006 240.877575 971.986457
9 4.140740e-007 392.855967 824.102971
5 5.426350e-008 295.113213 923.761653
9 9.928900e-008 294.878775 736.421855
5 3.011320e-008 346.514706 780.091067
9 9.190570e-009 402.935649 707.875112
8 4.148440e-008 393.066878 592.814912
2 1.135380e-007 381.444589 581.591404
2 5.091020e-008 229.967387 423.447785
2 4.621940e-008 259.573463 528.607876
2 1.507630e-007 433.692879 525.007000
11 6.829470e-008 429.136965 152.305767
10 1.835700e-007 615.759097 31.297032
8 3.305610e-007 691.330726 583.609993
3 8.656450e-008 682.552332 733.409400
7 1.145560e-007 680.926964 738.725728
6 9.612300e-008 726.232861 798.884401
7 4.287190e-007 572.165164 783.984981
8 4.512420e-008 514.678019 740.665641
6 1.915000e-008 667.105824 697.943536
7 4.892340e-008 698.858149 621.452088
8 4.090920e-008 754.808837 662.102500
3 4.703530e-007 811.084138 702.988755
7 3.675640e-008 697.956132 753.289019
6 3.025290e-008 648.130042 724.521851
8 1.553580e-007 638.674197 719.062505
2 1.137800e-006 414.864472 509.489941
7 1.518820e-007 585.774790 620.399953
8 9.567490e-007 610.692795 684.016556
3 1.317690e-007 806.390582 885.466301
6 1.362520e-006 812.802368 888.056823
7 1.025000e-007 627.158816 840.727989
8 6.475680e-008 485.303878 768.449504
6 3.106900e-008 755.418671 969.351951
7 2.083530e-008 692.492663 704.042568
8 1.970050e-007 693.408279 701.885511
3 2.945630e-008 717.230337 645.764231
6 1.403810e-007 840.287925 814.445999
3 2.440190e-008 711.424684 776.593281
7 1.024020e-007 696.047245 742.055071
8 2.267010e-007 716.917053 704.529411
6 6.438790e-008 827.566507 795.817229
3 4.280730e-007 787.171839 762.532132
4 2.829820e-007 778.031000 463.322554
8 3.992230e-007 722.978340 665.812610
3 4.298830e-009 726.518101 716.432940
7 5.878130e-008 729.902504 764.831585
6 1.442340e-007 736.737665 862.577762
3 9.362410e-008 919.370295 783.415096
6 4.607010e-008 914.508103 922.650680
3 5.061260e-007 916.481339 723.523333
8 4.742690e-007 660.130515 696.995201
7 1.310670e-007 647.837205 702.727705
7 3.174160e-007 529.731429 726.758252
8 1.716340e-007 531.646039 725.367207
7 3.276350e-008 646.558278 824.863952
8 1.421170e-007 631.592365 754.455436
4 1.516750e-007 712.708421 397.246942
4 1.152150e-007 680.639119 355.658968
8 2.958740e-008 751.637939 476.431090
4 3.796630e-008 681.512776 584.674556
7 6.862410e-007 619.760217 730.154568
8 9.177820e-008 660.794464 758.845157
3 1.495560e-007 733.686224 753.748036
6 2.317840e-008 809.026423 739.379687
4 8.540930e-008 730.259923 490.074601
8 2.222240e-007 679.268504 599.442008
3 3.540680e-007 840.495865 678.077634
4 2.938600e-008 657.394461 502.640957
8 8.798780e-008 564.690144 499.403603
2 9.817860e-008 550.105716 451.853738
11 1.541970e-007 418.104468 193.434843
2 5.749240e-007 469.191294 477.996513
2 9.618410e-008 373.616191 613.715690
2 9.436900e-008 277.524895 536.861682
8 5.903310e-007 557.976711 597.544627
7 2.449410e-007 572.443768 679.592036
6 8.979160e-008 798.598208 807.583712
3 3.146250e-007 798.657035 804.213491
8 6.267710e-008 722.783745 761.124508
7 5.380470e-008 695.546999 836.965049
6 4.709800e-008 675.915557 996.849106
7 7.996270e-008 703.140832 788.429335
3 7.252500e-008 750.067469 843.219117
8 1.565950e-008 751.717141 845.408313
6 6.683350e-007 803.818053 914.548770
7 8.301470e-008 706.102272 794.460661
8 1.200280e-008 770.980321 763.700547
3 4.768930e-007 844.721125 798.086240
6 2.526290e-007 846.424325 798.880450
4 2.447900e-007 801.825885 481.195176
8 6.758830e-007 648.295216 577.686225
7 4.530370e-007 654.647495 708.511891
6 4.342070e-008 736.987396 733.851596
7 9.323310e-008 738.846039 730.498531
3 1.098380e-007 762.510598 687.806758
8 1.729740e-007 722.122524 683.219714
2 1.887340e-007 499.894810 483.475729
2 1.298530e-007 526.986040 411.285994
8 1.556940e-007 601.239365 531.751277
4 1.167000e-006 777.338558 378.652322
4 5.116560e-007 763.163124 391.331367
8 1.659670e-007 687.144217 580.180314
7 8.665990e-009 613.390855 513.105885
2 8.087820e-007 389.790529 420.173709
11 3.693230e-008 497.636643 280.475268
11 8.452390e-008 237.516946 275.570597
11 4.965400e-008 312.356107 45.131028
11 1.478810e-007 218.158832 150.072392
11 4.705150e-008 240.713000 214.161599
11 3.096480e-008 244.122654 155.094504
11 1.654480e-008 152.101283 246.679415
11 4.337150e-008 196.203380 142.739770
11 7.017980e-008 187.035525 169.625976
11 4.951220e-008 158.452730 158.670138
11 2.161930e-008 147.127115 116.444380
11 4.494170e-008 257.149177 282.942807
11 1.721980e-007 301.814609 256.448914
11 9.017810e-008 246.798563 162.479691
11 3.518000e-008 296.319765 297.698937
2 6.181920e-007 402.808482 418.493392
11 2.249350e-008 433.073022 227.411872
11 9.377630e-008 409.484553 137.307452
11 8.483570e-008 454.440689 179.793326
2 6.425710e-008 481.520622 360.713158
11 1.310470e-007 437.295091 221.585530
2 1.064810e-007 435.233671 371.417380
8 1.820390e-007 537.630389 614.341168
7 2.381640e-007 586.210292 674.332410
6 1.193000e-007 711.847677 888.043180
3 1.171400e-008 893.978212 811.531659
7 6.409100e-008 728.918257 724.593192
8 9.019710e-008 765.308677 658.942334
4 1.163510e-007 716.540782 443.994291
8 2.147740e-007 590.986456 563.298724
7 3.830300e-008 549.463010 592.657786
2 6.317990e-007 442.036623 469.078698
11 2.987120e-008 473.375166 243.429333
10 2.822920e-007 658.301535 91.295048
10 6.720900e-008 845.366284 135.912235
10 1.569170e-007 678.269928 100.309984
2 4.667580e-006 396.305245 486.938444
2 8.532340e-008 568.831319 415.563440
2 1.730420e-007 348.162685 565.251815
9 1.812120e-007 292.415536 746.601203
5 2.343620e-007 229.796380 901.588708
2 3.584960e-007 376.537401 571.570494
2 9.455870e-007 396.700335 440.037757
7 1.098780e-007 501.487251 678.026758
8 9.691420e-008 532.942869 748.677426
7 1.386520e-007 511.407565 688.210701
8 1.098690e-007 573.148638 725.308418
3 2.191580e-007 787.659004 802.598037
6 9.185160e-008 789.460445 802.980942
3 1.197850e-008 769.024586 876.305959
6 2.625790e-007 767.173899 875.979635
7 4.237280e-008 734.041306 823.909220
3 1.207160e-007 820.929071 849.060408
6 8.731760e-007 820.765282 847.188318
8 1.643930e-007 701.222414 710.765680
7 4.948040e-008 623.227893 692.759166
2 1.646070e-007 445.027950 594.498470
9 6.263760e-007 347.093254 807.481787
5 6.299830e-008 213.309475 894.868183
9 3.624350e-007 262.829727 854.677870
5 1.010900e-007 270.365804 846.596381
9 5.108880e-007 290.088346 797.490976
7 4.391630e-008 368.874678 834.229404
5 7.113830e-008 244.601587 892.474442
9 4.142770e-008 212.278501 976.552270
5 4.159040e-008 169.354538 866.235647
9 8.197040e-008 214.300965 749.923297
5 1.057680e-007 317.808281 853.225234
9 6.616340e-008 257.308801 710.128107
9 7.807730e-008 172.079471 892.389837
5 4.857440e-008 163.161632 899.109908
5 5.297390e-008 405.520000 967.322303
9 8.476340e-008 405.520000 963.365856
7 4.690120e-008 423.478251 633.049208
2 2.763890e-007 396.434028 580.503449
2 5.855510e-008 221.896311 576.065083
2 2.852140e-007 457.466123 553.211292
8 7.001270e-008 468.302000 465.372713
11 1.136340e-007 437.992896 175.826624
2 5.733920e-007 386.133908 413.130758
11 4.058240e-008 205.799906 237.412650
11 2.714210e-007 291.787637 169.063341
11 9.461840e-008 234.538570 173.630666
11 1.027830e-008 169.186223 275.505751
11 9.036020e-008 242.348830 218.116940
11 3.249360e-008 271.317664 120.409064
11 5.947120e-008 234.550900 202.073793
2 5.889020e-008 382.476686 306.502091
11 5.603780e-008 432.253645 307.257233
2 5.419400e-008 374.726260 267.185722
11 1.222890e-006 362.149790 200.398045
10 1.082990e-007 584.459303 96.752918
10 8.839240e-007 702.739959 50.529442
10 1.039320e-007 695.910392 111.164570
11 8.750290e-008 415.747353 61.561379
10 1.407070e-007 580.517968 65.262551
11 5.856770e-007 356.639790 216.821081
2 1.442980e-007 367.601702 420.914274
8 4.264260e-008 675.474831 543.426474
3 4.891960e-008 677.175525 727.358498
7 1.890680e-007 645.060200 785.732175
8 7.278490e-008 701.414890 760.575006
6 1.301650e-008 718.959733 684.580283
3 7.359090e-008 719.717981 681.295966
7 5.341570e-008 733.550701 761.502127
8 3.917070e-007 699.999288 599.133217
3 1.166910e-007 757.785098 766.954586
6 3.746670e-008 731.639789 811.281796
7 4.384390e-008 592.847004 900.981890
8 8.834750e-008 618.746350 722.738038
7 1.104880e-007 680.777131 820.818311
6 4.488960e-008 772.660344 733.448024
3 7.182300e-008 774.396385 730.558769
8 6.254910e-007 663.201655 604.011860
2 1.087010e-007 414.041433 297.890321
11 1.310410e-007 391.610717 231.056229
11 2.261420e-008 458.253981 102.898042
2 6.225520e-008 533.143279 408.941272
8 1.093720e-007 658.191726 523.961224
7 6.386720e-008 551.322313 595.895418
3 7.603050e-008 696.537695 623.132911
8 2.224050e-007 689.646473 612.104643
4 2.850040e-008 595.181429 481.477704
2 3.763890e-008 530.274092 425.054874
11 8.004940e-008 330.035889 312.345492
11 2.399630e-008 187.881153 245.557896
10 1.095320e-007 612.749797 124.822729
11 4.147930e-008 411.747881 296.239971
10 1.512510e-008 610.448048 134.897011
10 1.472450e-007 673.090995 130.536352
2 3.070430e-008 406.523925 408.245416
11 7.706520e-008 448.551052 225.708786
2 9.885850e-008 514.769000 456.855453
10 1.114710e-008 524.433077 164.676171
11 2.396510e-008 500.300183 192.946009
2 1.227740e-007 480.712506 465.394465
8 2.350700e-008 481.211550 415.490219
11 2.685050e-008 437.139225 173.498011
2 2.956630e-008 463.643749 325.210780
11 1.241740e-007 399.102549 255.998838
11 5.039760e-008 455.246936 193.502960
2 2.948060e-007 439.651191 402.245838
