9 1.589890e-007 453.410533 436.362221
6 5.478420e-007 435.163147 350.515285
6 1.543490e-007 564.605306 248.586231
9 2.255580e-007 568.633575 325.449046
3 5.515080e-007 642.445940 829.935231
2 2.542270e-008 700.247077 959.758419
3 3.433070e-007 687.075959 846.235963
7 1.180510e-007 454.718212 565.119412
9 6.081280e-007 517.729671 409.158984
6 1.085650e-007 519.506910 404.760117
9 3.774990e-008 521.516949 514.140999
7 3.885480e-007 421.685360 520.060613
6 4.862210e-007 461.475018 360.471617
9 9.512420e-008 556.439546 270.017746
7 5.651120e-008 459.668911 584.780432
6 2.080590e-008 444.993445 468.045612
9 4.783250e-008 444.469766 468.347958
8 7.770500e-008 336.872183 515.325512
7 1.876460e-008 458.597209 376.144092
6 2.680760e-007 514.356410 246.879799
9 1.200800e-007 514.306839 247.446413
6 2.887090e-008 518.294738 104.805330
9 2.698460e-007 450.674052 306.895386
6 4.298860e-007 396.132656 315.531281
9 1.190310e-008 315.549895 265.567705
4 1.486950e-007 31.531980 190.165753
4 2.696400e-008 206.047265 197.440614
4 3.438220e-007 88.518160 146.881483
4 5.075930e-008 118.108737 132.425218
4 6.634700e-008 105.025602 187.003235
4 2.980500e-007 81.487217 170.048904
4 3.607310e-008 207.152077 44.142489
4 1.897030e-007 65.619919 146.504384
6 5.922510e-008 336.972704 338.692311
9 4.414530e-008 342.141619 412.610371
7 6.110930e-007 348.216740 499.487631
8 8.177690e-008 210.058717 583.394048
11 1.552610e-007 167.627754 594.281263
8 7.968240e-008 191.098137 543.490040
11 5.275860e-008 137.709982 497.080552
7 8.930520e-009 129.335501 489.800746
7 1.708630e-007 343.098525 633.659005
8 2.822920e-007 278.392410 653.441680
11 1.900820e-007 200.453919 677.269905
5 5.578720e-008 280.916259 851.285850
7 7.503320e-008 275.225452 725.206780
8 2.673810e-007 272.947160 727.118492
11 1.506450e-007 207.228747 782.262740
8 1.664420e-007 234.675651 775.628606
11 3.291590e-008 304.950311 726.421800
7 1.101960e-007 347.943705 691.264384
8 7.785610e-008 132.765985 826.993117
5 1.297410e-008 160.856353 823.544155
11 4.039650e-008 215.361296 816.851986
8 5.170560e-008 274.305893 794.632793
11 5.926120e-007 182.756241 653.659055
7 4.611830e-008 339.480308 675.160684
2 3.891010e-008 400.233399 858.574966
10 3.536780e-008 349.983682 920.277040
5 1.487750e-007 281.655062 959.726448
11 8.360400e-008 142.479307 756.890532
8 1.715020e-007 148.350151 769.576295
5 1.160990e-007 89.417928 923.635478
5 7.271670e-008 290.929527 913.079036
2 3.765380e-008 366.691824 802.250268
8 1.425890e-007 309.087075 743.643685
11 5.846310e-008 188.160326 827.694860
5 4.814070e-007 176.785590 908.631148
2 6.269520e-008 303.074643 902.958056
5 3.140860e-007 157.438332 909.560364
8 2.894970e-008 105.990815 854.176321
11 1.879520e-008 105.353990 855.752513
5 4.666840e-008 294.055135 866.323768
2 5.826910e-007 431.911839 853.074857
3 1.805360e-008 378.628953 787.275574
10 1.556780e-008 375.839570 783.830952
8 1.295440e-008 300.466960 690.752964
7 1.354670e-008 281.521373 722.495399
11 7.947810e-008 274.715745 741.193633
5 9.491000e-008 252.452936 883.040228
2 5.502420e-007 401.115914 922.874335
10 3.330120e-008 368.135062 937.188439
5 2.503510e-008 27.644538 896.414939
11 4.209210e-008 41.829997 801.606390
8 9.711530e-008 175.299799 823.483536
5 6.216100e-008 240.399313 797.226739
7 5.827340e-008 200.026329 624.322501
11 2.459850e-007 102.386032 629.439525
8 6.768370e-007 138.852270 694.239913
11 9.037120e-008 122.947693 746.152636
8 1.362160e-008 224.347889 863.596031
5 2.790930e-007 245.575573 933.028917
11 4.687870e-008 252.065422 838.992212
2 7.982100e-008 384.132749 800.120839
10 1.972850e-008 384.455193 798.462025
7 5.650120e-006 338.802226 558.186857
8 1.017060e-007 378.425711 689.413456
7 6.029830e-009 200.653976 438.632011
8 2.434770e-007 186.884488 569.599076
11 4.599480e-008 187.245379 567.901231
7 9.404170e-008 201.503408 518.915756
9 1.638340e-007 598.592737 395.849719
6 1.401370e-007 597.228438 317.710336
7 3.679800e-008 568.378153 539.116545
9 1.520680e-008 524.403470 588.493796
7 1.122260e-007 469.019510 546.053027
9 1.938000e-008 469.274889 548.132990
3 5.243340e-008 692.121979 778.700085
