10 1.638570e-007 753.014459 568.126185
6 2.021980e-007 647.059610 504.310539
7 9.482570e-008 677.997541 240.480250
6 1.936470e-007 695.694797 400.712007
10 1.335550e-007 663.425266 532.878536
6 2.717570e-008 658.583456 553.850946
7 5.512330e-007 479.401346 277.405641
2 7.106510e-008 595.393796 178.519809
7 2.078860e-007 560.204280 164.610896
6 2.376700e-006 597.165675 404.431294
10 2.360280e-007 653.852000 517.889248
7 8.491270e-008 714.568658 285.109036
6 3.391830e-008 704.193876 524.782871
10 1.638120e-007 708.895536 532.926385
10 2.863940e-007 739.734066 629.153288
