7 4.527090e-008 839.626761 330.072607
7 2.189510e-007 708.068884 402.162580
7 3.375410e-008 431.555229 333.541418
3 3.626610e-008 706.133357 90.368108
7 2.191180e-007 568.160409 316.420638
7 3.013510e-008 771.647620 238.887796
7 4.151810e-008 727.982784 522.511790
8 6.038540e-008 640.570068 825.721963
7 2.756700e-007 512.162391 422.938625
9 2.272340e-008 479.438866 577.388132
7 2.128760e-008 754.895374 575.187333
9 1.249850e-008 443.475019 432.666299
7 8.328560e-008 489.592477 298.340685
7 3.133310e-008 607.128681 566.688522
9 1.620510e-008 458.962651 591.500015
10 6.600040e-008 324.415158 526.541889
7 1.035690e-007 509.862423 298.247767
7 2.071190e-007 508.495591 364.717330
6 9.376740e-008 230.480670 308.398583
10 1.725390e-007 191.655862 312.260448
5 1.846130e-007 209.909245 177.692803
11 9.265420e-008 200.321169 178.363245
5 5.162900e-008 40.397172 186.229039
6 3.584490e-008 221.511310 175.956236
11 7.204910e-008 152.014541 121.659296
5 1.042740e-007 102.742063 66.213651
11 4.598040e-008 83.692800 155.601404
6 2.173120e-008 59.320500 143.687158
5 4.697930e-008 168.716111 192.736933
11 2.067450e-008 12.643567 113.281889
5 7.405990e-008 95.455261 192.528672
11 2.195980e-007 147.983462 90.920837
10 5.311370e-008 201.341122 216.192167
6 1.113510e-008 201.806792 215.501778
5 2.819180e-007 251.330942 142.078803
11 3.834750e-008 75.958691 171.845224
10 3.187640e-008 154.888343 308.312792
6 2.283470e-007 154.579603 307.548634
5 5.102660e-008 102.864669 179.550051
11 2.991680e-005 221.608643 27.512144
5 2.484450e-006 197.497007 99.984540
11 5.358150e-009 94.716515 139.786911
5 3.969900e-008 170.875451 222.874109
6 1.761970e-007 151.673496 289.965418
10 3.593140e-008 221.493962 296.073974
9 1.494800e-008 209.491273 583.670808
10 1.046550e-007 190.631642 551.017228
6 1.370670e-007 245.258647 448.278742
10 3.308380e-007 176.394954 530.708793
9 1.063210e-008 138.592758 497.847935
6 1.429710e-007 75.694149 443.171158
9 2.608320e-007 339.823009 634.660433
9 1.022720e-006 324.745969 683.654169
9 4.256960e-008 179.351130 812.013188
9 4.670870e-008 95.771187 809.705213
9 1.029540e-007 244.291954 809.818849
4 1.614850e-008 279.997675 803.397346
9 3.812880e-008 394.193375 824.320119
8 1.356830e-007 402.587439 871.925459
4 7.293570e-008 354.724734 917.539803
2 1.605190e-007 352.435927 918.861241
9 1.740580e-008 140.598152 789.770918
4 4.487480e-008 282.646046 913.803717
2 8.156280e-008 341.638728 871.083903
9 3.984210e-008 379.668754 766.596019
8 8.678180e-008 393.628409 717.796791
4 4.148600e-008 182.466412 968.485144
2 2.083520e-008 325.801126 878.919748
8 4.346700e-008 292.945790 911.762704
4 4.225540e-008 144.799224 929.544533
2 7.794230e-008 378.275743 858.955243
8 1.503970e-007 423.039292 842.118107
9 1.318270e-007 365.339181 770.863972
4 7.074250e-008 238.908656 879.411051
2 1.732450e-007 410.412092 925.365237
8 4.754600e-008 414.734193 926.523340
4 4.305070e-008 186.246081 868.948854
9 4.865150e-008 238.565065 810.277716
10 8.947750e-008 116.926531 628.677503
9 1.404150e-007 214.487600 746.377845
4 3.316740e-007 249.121699 944.627814
2 9.450180e-008 247.100381 951.200201
9 5.004680e-008 200.684899 805.625238
8 7.126940e-008 364.486280 901.192072
9 3.757070e-008 315.293753 506.065325
10 3.302530e-008 342.173468 584.129522
6 4.856790e-008 243.297088 460.359712
10 1.302080e-006 145.003802 457.403941
9 8.532430e-008 196.541017 524.169020
6 1.620080e-007 212.756878 455.094343
10 7.064560e-008 201.027607 611.926339
9 6.136730e-009 443.203506 592.053329
7 4.282220e-006 598.663795 399.919545
7 1.540750e-007 675.785021 528.921695
7 8.251700e-008 664.438829 581.885615
8 8.906420e-008 574.318789 688.106262
7 7.210370e-008 574.580820 521.560514
8 3.844000e-008 572.118454 732.065601
8 1.277590e-007 510.594312 769.348345
9 6.751320e-008 274.583619 535.317149
10 1.426990e-006 204.612214 489.877285
6 2.117620e-007 136.290584 445.508797
9 5.518240e-008 432.888130 606.475573
10 5.882890e-008 336.395010 598.884655
6 2.535020e-008 336.798075 599.642711
8 3.408330e-008 396.399585 660.533382
9 3.478310e-008 411.370584 566.011156
2 6.542690e-008 319.251897 886.193773
8 3.658800e-008 317.466199 886.554187
4 5.135810e-008 328.071601 811.092506
9 4.048130e-007 344.803358 692.039353
9 8.253790e-008 186.717528 774.317042
8 2.376210e-008 307.736090 698.112031
9 4.396140e-008 186.902284 810.315055
9 1.204210e-007 225.224929 643.886486
10 5.088640e-008 326.608722 650.975736
2 7.088240e-008 514.297212 909.468260
8 2.120010e-008 501.221244 902.220147
8 2.996210e-007 464.345357 845.118569
2 5.762360e-008 451.322492 927.342550
7 4.383510e-008 584.919960 660.232691
8 1.636400e-007 572.701931 754.922735
7 1.647020e-008 751.650175 493.033126
8 2.269660e-008 727.317169 776.585681
7 4.323830e-008 643.607219 653.728164
8 9.951790e-008 557.067054 710.677163
7 2.975730e-008 502.974722 449.660626
7 7.278170e-008 440.068848 334.055167
6 2.056850e-007 230.707771 351.694148
10 1.295190e-007 226.360876 351.618280
5 1.619040e-007 259.238616 212.478042
10 3.394070e-008 445.679983 334.101507
7 4.471010e-007 570.029189 349.369456
10 2.321010e-008 343.678372 385.723333
7 1.569270e-007 485.347904 386.835241
6 2.208440e-008 374.177994 275.274273
7 3.853310e-007 544.431920 347.676334
10 1.094210e-007 210.871734 337.904172
6 3.823420e-007 205.069515 338.005428
5 2.145450e-007 150.909724 140.787734
11 1.866780e-007 154.805832 143.942734
5 4.300050e-008 225.654988 267.377106
11 2.836240e-008 221.874753 264.630611
6 5.332380e-008 137.546006 203.362329
10 1.439190e-007 193.219276 330.435858
5 1.276380e-007 149.307669 137.966019
11 4.356810e-008 153.640058 136.215610
6 7.305840e-008 134.007522 238.069215
10 4.829240e-008 126.843275 232.057700
6 3.617720e-008 203.047960 203.539905
5 1.172120e-007 214.796711 191.373695
11 4.067480e-007 273.442368 130.644227
5 1.426340e-006 199.122705 123.063476
11 3.660710e-008 243.498833 203.120271
6 1.409750e-007 204.508336 314.142787
10 1.067400e-007 200.439163 315.543921
5 6.665290e-008 196.959991 178.843996
11 7.846680e-009 211.553867 247.502586
6 1.005710e-007 239.542414 295.974349
10 4.944230e-008 239.698730 291.497773
7 6.645250e-008 513.587046 272.802143
5 7.799590e-008 342.099204 184.222753
11 3.400370e-008 341.844481 189.083407
10 1.800910e-008 289.215534 326.881163
6 1.373560e-007 236.667575 295.307079
7 1.133040e-008 502.686019 310.858495
10 3.976040e-008 412.142738 362.266802
7 1.157960e-007 535.700717 594.190682
8 4.421380e-008 637.219787 810.482800
7 3.366900e-008 786.134327 434.153866
7 1.269230e-007 720.996334 455.959783
8 4.931280e-008 598.170209 766.118435
7 4.010810e-007 672.663798 404.270695
7 2.983190e-008 763.679983 245.540184
7 8.522560e-008 516.765509 486.119472
7 6.028970e-008 668.377664 460.975419
7 8.831300e-008 768.298184 331.637845
7 9.435330e-008 743.844819 359.134406
7 6.529160e-008 769.069218 259.287716
7 2.418630e-007 660.546360 495.184940
7 1.485500e-007 730.026549 304.980712
7 5.939850e-008 792.328576 317.242979
9 2.625130e-007 315.067849 585.208277
10 3.119840e-007 179.562129 536.727463
6 5.454640e-008 113.308198 474.944667
9 1.024800e-007 229.774355 566.886354
10 1.382420e-007 292.436493 481.319707
6 1.602960e-007 216.912258 485.277768
9 6.835880e-008 268.829519 592.633651
10 7.404600e-008 108.166010 595.437999
6 7.333370e-008 160.006568 449.714354
10 6.413730e-007 198.329583 489.836772
6 1.530020e-007 113.946173 499.460582
10 2.696760e-007 115.010317 520.679836
6 1.885780e-007 175.648647 474.558658
10 7.982730e-008 87.168212 567.109077
9 8.211770e-008 212.070257 568.667834
7 7.001620e-008 567.445299 576.055432
7 1.133530e-007 717.355708 374.709242
7 1.354770e-007 745.824204 260.161402
7 4.643830e-008 818.338908 322.951732
7 9.827680e-008 734.851443 451.254416
7 7.457880e-008 668.838945 502.781970
9 2.384440e-008 478.521522 491.269450
7 2.025210e-008 391.588076 396.894293
6 4.472580e-008 397.144036 450.459475
10 3.120930e-008 404.921023 456.319877
9 3.985060e-008 468.019193 608.668684
8 7.945970e-008 392.001023 799.808414
9 3.119960e-008 298.767711 843.284009
4 8.981810e-008 309.531397 900.935377
2 1.670990e-007 311.998758 901.882497
9 8.362850e-008 174.552988 748.018058
8 8.343520e-008 381.625176 846.968192
2 4.124180e-008 360.651340 876.921942
4 1.018950e-007 324.194901 928.987146
9 5.798730e-007 231.195677 727.280660
8 1.960400e-008 339.456810 883.910128
4 3.407710e-008 353.645820 853.481697
2 6.376410e-008 354.751239 851.111118
9 2.003200e-007 286.650476 784.345854
9 2.891270e-008 350.588511 800.497815
8 2.037920e-008 311.413332 769.203141
4 4.279340e-007 310.523606 972.154501
2 1.598110e-007 312.584769 973.764878
9 3.761630e-008 266.381156 809.573538
9 1.081210e-007 416.329635 682.870372
8 6.873990e-008 370.344791 806.396933
4 2.888430e-008 290.250989 796.192924
2 5.373750e-008 288.737376 793.862141
9 4.357420e-008 62.314315 636.083007
9 1.250250e-007 182.845809 707.972631
8 4.675320e-008 311.105978 816.526764
9 4.909560e-008 64.421582 669.450711
10 1.123630e-007 206.468015 644.620080
4 7.963500e-008 250.051431 868.185722
9 1.424980e-007 216.294997 758.876515
9 6.756160e-008 169.368548 811.994472
4 4.145850e-008 151.373755 972.911463
9 5.152030e-008 228.997275 839.852549
2 1.513090e-007 296.803639 948.365454
4 5.472570e-008 126.279778 981.518362
4 4.461430e-008 241.758880 910.425465
9 2.378830e-007 219.742223 716.703721
2 1.658890e-007 313.305395 894.011036
4 1.476230e-007 232.234104 938.949495
9 4.133800e-008 312.652029 799.407455
8 4.348290e-008 435.304755 703.581526
9 1.191460e-008 242.539633 817.552357
8 2.410010e-008 392.043380 729.244044
7 1.867630e-007 612.509674 500.704273
7 1.411930e-008 539.889730 618.956248
7 1.932200e-007 592.753047 519.106409
9 2.485010e-007 376.094076 703.183556
4 5.044220e-008 273.127327 839.362839
9 7.693080e-008 323.439597 846.582132
2 2.935870e-008 352.036366 762.589192
8 9.630510e-009 352.776017 758.394478
4 8.655830e-007 301.009887 982.283644
2 1.055840e-008 210.693412 988.811544
4 2.732240e-008 296.212031 824.089967
9 1.061510e-007 269.222113 788.748511
9 8.373830e-008 187.922448 713.855651
4 2.569750e-008 186.946520 919.364190
4 9.411620e-008 171.601902 1001.936443
2 9.443720e-007 334.524259 984.815337
9 1.555610e-007 314.298418 821.506544
4 1.057150e-007 335.118501 991.069794
9 3.462710e-006 277.038732 697.948523
9 3.198100e-008 268.350496 842.914592
4 8.211660e-008 227.943109 889.556717
9 5.414550e-008 85.179984 758.208908
9 3.690610e-007 236.167792 703.529152
4 4.663520e-008 157.287636 936.274933
2 1.508830e-007 326.642005 901.247328
9 4.129200e-007 235.565573 745.835960
9 8.925670e-008 244.560936 747.080249
4 1.077640e-008 121.710979 932.001029
2 8.489490e-008 332.020476 940.763712
8 2.624630e-007 410.166671 859.589412
4 7.891380e-008 231.690576 914.839828
9 8.062260e-008 151.445461 751.492346
2 1.082070e-007 302.235589 966.571601
4 6.184520e-007 302.052381 969.191576
9 2.785050e-007 202.085386 657.959475
4 1.003630e-007 300.743248 897.513160
2 7.117750e-007 325.920066 975.001333
9 6.302920e-008 289.555216 847.906997
4 2.631360e-007 275.418152 946.279020
2 2.049090e-007 320.280812 882.208516
8 4.339520e-008 308.772685 686.275570
9 3.126970e-007 271.882669 642.579391
4 3.523930e-008 206.470438 968.767405
2 3.704710e-008 304.425823 812.006340
9 9.999960e-008 306.863916 804.186444
9 4.324940e-008 274.878964 896.392250
4 1.461930e-007 283.871454 908.341550
2 8.992500e-008 287.583296 896.200636
8 1.935820e-007 392.334150 876.261880
9 2.076830e-007 261.028290 776.998281
4 6.182210e-008 350.959014 921.761015
2 1.750340e-007 353.804433 937.874425
9 7.993200e-008 395.361876 836.093470
8 2.055620e-008 403.132597 849.996680
4 5.599230e-008 301.458504 881.081528
2 9.353680e-008 236.720044 900.874035
4 1.461550e-007 229.609780 882.683232
9 1.194440e-007 181.495878 752.921705
4 6.967280e-008 275.230062 841.537001
9 6.747700e-008 356.207055 838.709028
8 3.633320e-008 420.792900 691.075320
7 4.283410e-008 414.517633 379.875087
5 1.348360e-006 234.877112 101.946762
11 1.574820e-007 232.601104 97.479833
6 1.445550e-008 174.090834 223.847008
5 4.009980e-007 248.124540 136.324938
11 9.254720e-008 252.790284 135.333208
6 4.342170e-008 170.406681 187.212109
5 1.585850e-007 199.774963 226.007567
11 4.238580e-008 199.090801 230.875730
10 4.430900e-008 239.192120 223.658974
5 3.142080e-005 233.112878 94.294796
11 3.433520e-008 237.449717 96.504516
6 2.445470e-007 181.280617 302.569175
10 5.934000e-008 187.138531 218.800969
5 1.396420e-007 182.437532 205.146290
11 6.437260e-008 181.820609 210.170583
6 4.921830e-008 347.572758 366.134197
7 1.956980e-007 497.424014 345.955312
10 7.463800e-008 362.452707 368.589936
6 1.551850e-008 368.320302 367.765284
7 1.797090e-008 416.420718 354.200618
8 2.771190e-007 528.206828 808.449709
7 1.189510e-007 605.320000 531.181560
8 1.066810e-007 633.129967 814.426539
9 2.908790e-008 464.859943 741.334095
8 1.222390e-007 472.224436 779.221296
7 1.555160e-008 635.409590 485.974513
8 4.997470e-007 514.789559 900.573287
8 1.127670e-007 616.746291 772.184480
8 3.422140e-008 619.213939 724.641969
2 3.336230e-008 577.997839 890.715000
8 4.789800e-008 643.889734 733.512237
7 3.781930e-008 770.450130 527.482733
7 3.867740e-007 612.744332 493.179742
7 6.877570e-008 470.383707 374.907168
7 4.308870e-007 550.545702 392.700942
9 1.489120e-008 491.719411 754.726937
8 1.098440e-006 472.210359 839.230170
2 9.276010e-008 505.949791 922.804027
8 1.289350e-007 590.972030 861.031562
7 1.391540e-007 618.455762 461.832152
6 8.634780e-008 296.884716 308.401804
10 1.362330e-008 256.242714 245.530042
5 4.686400e-007 187.991462 136.305169
11 1.091830e-007 123.421680 161.025296
6 1.225570e-007 132.803333 329.960637
10 1.657590e-008 123.756239 301.609533
5 6.458830e-008 230.773589 237.388260
11 1.914610e-007 256.094872 109.408606
6 9.894280e-008 251.957022 242.373277
5 1.874150e-006 205.972596 132.372852
10 7.550660e-008 251.572321 246.933883
11 6.841510e-008 173.291520 128.656406
5 5.774460e-008 195.732039 311.416909
6 7.120400e-008 147.921565 308.222701
11 2.930500e-008 90.946790 113.440702
5 4.726600e-008 57.042094 206.593587
6 6.052940e-009 86.323359 163.435214
6 3.117700e-008 251.743518 251.613740
5 7.224990e-008 178.307405 214.196082
10 4.285640e-008 311.872687 345.952402
6 3.946270e-008 390.581650 395.135366
8 7.084920e-008 471.228000 740.368200
9 4.287790e-008 471.228000 651.628355
7 1.392920e-007 511.659016 388.949714
7 1.206870e-007 587.653076 310.512479
8 6.239790e-008 605.321946 930.883640
8 7.885100e-008 624.549199 766.449699
9 9.459150e-008 377.305702 586.349018
10 1.587280e-007 214.010123 564.949995
6 1.189850e-008 329.500581 518.947065
9 6.714210e-008 463.770266 631.353058
7 5.529410e-008 571.166655 501.394929
7 9.951940e-008 603.203367 519.371679
9 3.152210e-007 376.129153 662.679856
8 2.333440e-007 424.226114 896.735244
2 3.138030e-007 425.648252 904.262484
4 2.652470e-008 368.844971 854.883988
9 7.423370e-008 290.978262 842.950950
8 1.210990e-007 342.770348 847.853886
9 3.315390e-007 226.146223 665.705310
4 3.380900e-008 215.242162 857.552146
9 1.833350e-007 258.089602 744.475700
4 6.547120e-008 387.707075 910.751007
8 4.304180e-008 390.441181 922.593771
2 2.472680e-007 394.735210 960.329064
9 2.402280e-007 265.441878 748.182166
9 1.230400e-007 286.216420 603.676462
10 7.172240e-008 335.689436 582.676413
9 5.474250e-008 454.461086 550.032963
8 4.167830e-008 545.610519 669.457004
8 7.248890e-009 628.039552 786.290212
2 1.460540e-007 528.388053 953.032998
8 6.966990e-009 700.204526 890.990060
7 1.825590e-008 825.937587 507.070195
8 3.794080e-008 600.918336 794.197129
8 3.011680e-007 575.920436 878.311555
8 3.589420e-008 575.250138 694.456662
7 1.331650e-007 700.767912 507.416257
8 3.716110e-008 664.264089 756.245324
8 2.206360e-007 553.952253 902.067068
8 1.170030e-007 525.121987 742.884518
7 4.790540e-007 541.066234 435.654121
8 1.576530e-007 612.524302 820.729424
7 7.053190e-008 749.836029 596.288125
8 1.826210e-008 545.049725 642.814401
7 2.170300e-007 646.458219 449.927275
7 4.127620e-008 479.231952 473.076871
7 1.330910e-007 541.390078 330.460667
8 7.862430e-008 557.900289 760.432739
8 1.744890e-007 612.116056 843.067183
8 2.022820e-007 582.597305 892.604443
7 2.823480e-007 635.235202 484.836302
7 5.336150e-007 703.924490 341.227099
7 1.480740e-007 694.911299 359.217135
8 9.898400e-008 603.589415 843.043176
9 6.746660e-008 473.227441 662.325943
7 8.075940e-008 511.286715 461.456698
7 1.375730e-007 533.028453 462.483390
7 2.051310e-007 766.109707 440.458359
7 5.993980e-008 479.923856 513.790429
8 1.509240e-007 576.581592 803.564779
8 1.337660e-007 488.123988 742.490578
8 1.280000e-006 507.308106 894.181128
2 1.789580e-007 494.675360 889.790618
8 1.210490e-008 468.464300 672.578526
8 9.074260e-008 611.475004 875.495974
8 2.940290e-008 568.996504 703.758456
7 1.120070e-007 607.738433 536.169638
8 9.502690e-009 625.677326 786.607180
8 6.531730e-008 585.704370 932.108967
2 1.196920e-008 513.477081 932.983737
8 8.176240e-008 612.807000 874.121111
7 1.896140e-007 503.171408 436.120415
7 3.713700e-008 607.429773 620.744720
8 5.825070e-008 630.954426 852.807367
9 4.598310e-008 466.070874 572.566228
7 3.497300e-008 477.867440 551.152695
7 1.713880e-007 473.401613 367.359399
7 1.468360e-007 536.671942 428.596205
9 1.926950e-006 302.720882 664.607123
4 1.130720e-007 225.549401 941.465286
2 2.641010e-007 320.052894 934.857128
8 5.710970e-008 355.242630 902.093077
9 1.224320e-007 240.153458 764.935412
2 6.286820e-008 292.264798 853.748868
4 5.259310e-008 215.771331 860.441272
9 1.617890e-007 340.105372 738.077719
8 3.942100e-008 333.272166 838.785543
2 8.582450e-008 327.145277 828.980395
9 5.343600e-007 274.848014 745.286627
9 3.164090e-008 210.080846 890.399430
4 7.960020e-008 156.279764 950.151481
9 5.901710e-008 367.172916 607.299454
7 1.409490e-007 516.181745 434.019500
6 2.015580e-008 355.997728 329.614995
6 8.459670e-008 287.399271 359.338000
10 1.447020e-007 266.869952 347.331754
5 2.265960e-008 305.696822 188.918465
11 1.942790e-007 249.255009 78.144793
5 5.925430e-008 147.097463 161.082975
10 8.893110e-008 218.076644 334.253924
6 4.284600e-007 223.681994 332.751985
5 1.040410e-007 354.357692 89.291002
11 5.490330e-008 351.306341 154.783029
7 3.268210e-007 597.492605 330.452474
7 1.069510e-007 472.034579 464.955185
8 6.203040e-008 528.379332 679.923332
9 5.013060e-008 330.355546 561.415691
10 2.295030e-007 217.201521 539.285514
6 2.609220e-008 51.303082 559.655388
9 5.637180e-008 323.379631 564.135715
8 2.157900e-008 378.681661 757.224054
2 1.267850e-007 336.126541 896.415977
4 5.211360e-008 332.764819 914.673676
9 9.951260e-008 383.671937 788.673425
8 4.847140e-008 405.445637 712.796875
9 2.608030e-007 388.287120 624.525727
10 2.251570e-007 220.921456 499.408194
6 5.007300e-008 225.102159 513.132567
9 3.506830e-007 401.297835 704.645760
8 2.607700e-008 372.487319 788.857325
9 5.031560e-008 448.639725 558.320526
7 1.003470e-007 508.606832 405.344829
7 5.427330e-007 514.979828 424.872547
8 2.090960e-008 578.206371 644.791162
7 7.560220e-008 554.631149 611.671176
9 9.797570e-008 415.045662 677.312906
7 2.884450e-007 522.672130 436.661664
7 4.133340e-008 507.434262 343.707949
6 2.049710e-007 206.581104 328.095918
10 6.943700e-008 175.525273 334.357776
7 2.129780e-008 549.611208 277.318561
7 2.782950e-007 532.582890 426.836418
8 8.542780e-008 620.798852 778.137674
7 1.912210e-007 648.028948 473.477727
7 2.524420e-008 655.853285 194.598757
7 8.891370e-008 776.756209 349.294818
7 1.055840e-007 767.741605 374.653614
7 5.731920e-008 682.398737 562.577081
7 3.649020e-007 575.031698 472.443409
7 1.291710e-008 530.330318 587.355672
8 1.397430e-006 500.464792 826.904059
9 1.723870e-007 352.423668 593.326875
10 3.344850e-008 360.678284 603.892278
8 3.151600e-008 387.868518 804.437691
4 8.689460e-008 294.015065 904.304834
2 5.005980e-008 291.422171 905.048336
9 5.387700e-008 267.124447 905.440130
4 1.462520e-007 161.651358 972.428227
9 8.540360e-006 299.751990 694.905305
4 7.965110e-008 223.928859 915.973897
9 4.900070e-008 184.899683 793.990753
4 5.979310e-008 109.054400 932.764969
9 1.367710e-007 312.893480 783.356535
2 1.595230e-007 346.906461 930.682447
8 6.010350e-008 350.169705 944.817063
4 9.550460e-008 310.528141 961.381994
9 5.184020e-008 341.336373 860.218792
8 2.561800e-008 353.027804 718.771580
9 5.808960e-008 262.712430 923.879466
4 3.372960e-007 291.707858 968.075427
2 3.043830e-007 290.446152 965.599190
9 4.484690e-008 441.704423 615.674477
7 2.406060e-007 579.868910 469.631634
7 8.365920e-007 592.792144 372.008055
10 5.641540e-008 240.005416 190.465877
5 7.403000e-008 236.391805 183.056843
11 6.620240e-008 130.203485 170.725036
5 6.862750e-008 258.730536 252.502859
10 4.165940e-008 258.636967 274.291231
6 2.363430e-008 252.625472 258.630817
11 1.684740e-007 182.162300 126.833947
5 2.995020e-007 182.167483 100.054018
11 1.311040e-007 145.050272 94.471961
5 6.427750e-008 75.146952 133.219746
10 4.688660e-008 127.846179 293.808365
6 1.286270e-007 127.442449 293.080020
5 5.407950e-008 134.942533 126.311119
11 3.140980e-007 200.215010 102.553984
6 1.427600e-007 219.889769 305.237297
10 9.086500e-008 155.548427 311.999872
5 7.911510e-008 83.739913 170.403645
6 3.802710e-008 186.776452 209.661337
11 2.314780e-007 237.777812 76.798435
5 2.867500e-008 59.459609 139.011544
6 1.233090e-007 134.225095 275.240658
11 5.142560e-008 225.658296 129.265203
5 1.304840e-007 92.542863 75.257728
6 1.723290e-008 151.439470 250.261922
11 6.529120e-008 122.811854 158.264146
5 1.060600e-007 181.554138 155.262711
6 3.132430e-007 213.759617 309.277761
10 1.769100e-007 136.462275 342.088555
5 5.680260e-008 92.137667 154.423341
6 4.393160e-008 183.640955 305.975023
10 3.322120e-008 221.078862 248.325441
11 6.844620e-008 189.671737 179.206538
5 1.134040e-007 80.140682 175.381146
11 3.294270e-008 205.387255 191.563960
5 2.673360e-006 245.858100 108.585988
11 8.774120e-008 160.519832 138.469047
5 7.223580e-008 104.633373 205.071693
6 6.040080e-008 153.628955 200.665929
11 4.355460e-008 148.600946 195.810436
5 1.815490e-007 144.508613 191.858515
11 9.921220e-008 240.662917 178.149732
5 1.821980e-007 238.616165 183.215568
6 2.245090e-007 187.854347 308.854194
10 2.729840e-008 234.592739 332.735677
7 1.695760e-008 577.445113 165.846565
7 7.078820e-008 481.523489 357.773857
7 2.467560e-007 602.831252 321.988662
3 1.700750e-008 706.476962 99.201948
7 2.211960e-007 575.166477 316.742607
7 2.858210e-008 448.336013 357.290272
10 4.659210e-008 277.480099 269.488099
6 2.655350e-008 272.156663 202.257385
5 1.428450e-007 287.202858 141.909456
11 2.343120e-007 302.957076 78.721756
5 2.263210e-007 128.727118 80.795183
11 1.303780e-007 99.584278 118.096576
6 1.550200e-007 164.141176 293.254625
10 9.749280e-008 212.772982 315.631888
5 6.159160e-007 247.842124 114.045871
11 1.124560e-006 204.450713 70.654150
5 1.556750e-006 236.266930 104.681494
11 1.669760e-007 166.440957 140.259446
5 3.722640e-008 84.786034 151.709984
11 6.287260e-007 185.912213 82.494012
6 2.099470e-007 124.841900 288.178266
5 1.881900e-008 132.032275 288.052747
10 5.862300e-008 216.596731 286.576551
11 1.561190e-007 108.602034 57.175372
5 1.742610e-007 100.434081 15.155397
11 2.278400e-008 74.904043 179.549906
5 4.668600e-008 84.790005 202.839678
6 5.622670e-008 209.096620 256.501431
11 5.506490e-008 211.400525 195.310493
5 2.454810e-007 228.508466 214.310749
6 9.650330e-008 218.769183 298.692954
10 9.476730e-008 166.377932 317.761893
11 5.856970e-008 167.234120 129.390000
5 1.990300e-007 152.341371 107.310492
6 5.200670e-008 382.056631 321.932990
3 8.772880e-008 780.421325 24.133366
7 7.222300e-007 572.650620 390.009670
9 7.184560e-008 391.769245 734.604402
8 5.882300e-008 366.295826 808.584224
4 1.499400e-007 274.728209 929.070654
2 1.318030e-007 272.420280 930.569468
9 1.316600e-007 185.594589 810.531252
4 3.630230e-007 242.318314 971.910953
2 1.827720e-007 330.656437 967.281510
8 1.264200e-007 426.473042 916.465293
9 5.422210e-008 329.850873 845.740008
4 9.392600e-008 294.549417 925.027954
2 6.456540e-008 242.169020 901.653965
9 7.724640e-007 266.818927 732.937364
8 2.457980e-008 402.342171 708.634734
9 9.294510e-008 432.245840 630.649579
10 1.516540e-007 251.047209 501.197248
6 5.034430e-008 169.595455 502.618830
10 1.569670e-007 96.947651 452.144726
6 9.069340e-007 183.024129 436.967174
10 2.032280e-007 121.025651 405.455006
6 8.965770e-007 155.946936 424.486936
10 9.161200e-007 210.976421 486.363014
6 3.111030e-008 278.286299 525.007000
9 4.094940e-008 353.270098 525.007000
7 1.105600e-006 594.757885 362.775893
8 1.799840e-007 574.825711 785.989832
8 1.098600e-007 671.530100 830.979287
8 1.959140e-007 471.158084 761.241883
9 3.831760e-008 488.556168 803.701851
8 1.848710e-008 687.060065 716.840973
8 8.491370e-008 559.518553 743.911649
8 1.858700e-007 514.122163 771.477132
7 6.785220e-007 650.010472 433.445618
7 2.773700e-007 687.511743 307.949636
8 2.822880e-008 660.472507 758.867671
7 4.757100e-008 724.032956 487.558742
7 1.869320e-007 666.069718 502.943908
7 2.058750e-007 515.481695 397.819057
10 2.235820e-007 256.503562 522.980332
9 5.207130e-008 173.825701 534.267200
6 3.233280e-008 170.009248 535.148291
9 4.218820e-008 397.776467 604.055237
10 2.284680e-007 256.381287 544.036559
6 2.535440e-007 122.259786 441.037411
10 9.961660e-008 128.570748 499.608048
6 1.032260e-008 266.181974 528.314204
9 8.700260e-008 332.822625 578.531382
8 5.039160e-008 653.425976 801.723048
8 2.462330e-007 564.308075 906.605084
8 1.103230e-007 631.759249 839.482221
8 3.385450e-008 674.878595 864.589739
7 4.614680e-008 638.521418 606.694586
8 1.196970e-007 631.918488 858.971998
7 1.046340e-007 482.740041 386.186658
7 2.009810e-007 570.609564 493.330394
7 6.801450e-008 776.423001 379.804764
7 3.392100e-008 678.431161 602.878465
7 1.308950e-008 386.442899 281.519800
6 1.405940e-008 270.844769 213.778934
5 3.500990e-007 253.866362 154.567978
11 2.479560e-007 233.108011 82.174743
10 2.134430e-008 245.080889 277.178362
6 1.282250e-008 268.308192 285.644363
5 1.261830e-007 119.282900 126.179823
11 2.223080e-007 142.364728 69.021766
5 1.152890e-007 81.222543 119.308786
11 1.522090e-008 52.939154 185.940470
5 6.217670e-009 131.203088 235.741462
6 2.040640e-007 202.868543 277.409755
10 4.275310e-008 131.138576 303.517495
5 2.051990e-007 240.713000 144.271838
11 4.219100e-007 240.713000 64.835318
5 2.935730e-006 243.068095 94.689154
11 4.682200e-008 244.469283 174.949469
5 1.197750e-006 188.228350 111.850325
11 6.705850e-008 167.668833 188.580078
6 3.514190e-008 144.904355 176.157226
5 4.881230e-008 180.668069 261.778083
11 7.284010e-008 143.322184 101.484401
5 2.546420e-008 162.794853 245.559981
6 5.244840e-008 270.501258 301.380582
10 7.134050e-008 274.784853 302.690204
11 5.095310e-008 176.949203 168.208456
5 1.141960e-008 77.790754 154.272846
11 1.193230e-007 101.980560 59.099754
5 5.268660e-008 75.805203 156.787599
6 3.109170e-008 43.262472 197.000985
11 1.005770e-006 207.697200 67.235711
5 3.366400e-007 171.625593 142.402948
6 1.130490e-007 182.197611 260.532511
10 6.904550e-008 90.832213 317.838726
5 4.076100e-007 151.435648 119.033209
11 1.890410e-007 147.388699 116.601556
5 2.405920e-008 35.141110 198.375880
11 1.301090e-008 35.634622 193.680442
5 5.349150e-008 266.697397 289.934997
6 3.729080e-008 249.999789 278.979814
11 4.412370e-007 191.925399 67.886013
5 3.736210e-008 57.961117 100.140258
11 1.798410e-007 149.036267 111.379651
5 2.881090e-008 256.023575 250.330143
11 9.948880e-008 242.438793 150.557122
6 1.154000e-007 231.645111 261.486752
5 7.477510e-008 83.611940 210.514681
11 1.011800e-007 100.597436 45.620370
6 1.851510e-007 133.704734 323.707380
10 8.407780e-008 152.865305 320.239307
5 1.109020e-007 118.243649 142.126357
11 2.612550e-008 115.609420 149.037159
6 7.742150e-008 160.897701 260.747254
5 2.623580e-007 304.800098 53.394698
11 6.906340e-008 309.454880 44.640328
6 6.883310e-008 255.197284 286.061346
7 7.240730e-008 492.281878 319.242231
5 2.643210e-008 358.824967 188.119964
11 3.592190e-008 356.894485 198.051422
7 4.643820e-007 573.339540 336.694842
7 4.018010e-007 567.682866 338.394374
10 3.409340e-008 447.064096 489.911749
8 1.761860e-008 645.301865 757.439921
8 3.422450e-008 729.870479 722.875316
7 2.541940e-007 704.224069 417.580858
7 8.262830e-008 586.538096 571.003511
3 6.492660e-008 824.725484 126.669606
3 4.064600e-008 724.553106 34.061041
7 2.714890e-007 557.476565 366.012723
9 1.109680e-007 367.477867 644.656208
7 1.033920e-007 567.492732 416.856097
9 1.105220e-007 275.559426 582.874183
10 3.024790e-007 164.024137 524.746930
6 2.827370e-008 104.202746 466.978065
10 1.548130e-007 209.096430 544.502114
6 9.396020e-008 209.957104 544.607794
9 1.015270e-007 356.445279 566.563620
4 4.535780e-008 241.053365 861.184010
9 1.997430e-007 273.620887 760.951542
7 3.717780e-008 423.283156 367.403094
9 6.102770e-008 486.611750 644.615742
8 1.741480e-007 541.515680 767.932329
8 4.771710e-008 602.800749 743.125175
9 6.344260e-008 415.551752 712.719999
8 2.993630e-008 381.201923 783.598707
4 3.685930e-008 244.953629 879.000520
4 4.638930e-008 247.472048 871.147040
9 2.744590e-008 298.939174 815.955055
8 6.122930e-008 321.257155 929.722491
2 2.193720e-007 321.092623 930.655605
9 1.020390e-007 327.412905 814.895585
8 2.380210e-008 301.146897 802.647645
4 1.133140e-007 243.475914 924.710821
2 6.524370e-008 207.420113 975.340949
9 8.138500e-009 142.240351 868.607889
4 2.048910e-008 122.814513 870.307470
9 9.431220e-007 262.858767 717.170630
4 2.887430e-008 347.067521 869.944295
8 1.997000e-008 271.049111 871.271323
2 5.849920e-008 270.092257 871.288026
9 8.917550e-007 253.506000 715.658615
9 9.061340e-008 145.336311 808.046098
9 1.214090e-007 182.577091 661.031857
10 1.730760e-008 192.530532 712.237396
4 7.240510e-008 208.494770 891.209962
2 1.590420e-007 353.636885 965.714795
8 2.241110e-007 405.520000 919.403118
9 2.941550e-008 423.575465 632.124269
10 1.989000e-007 214.985848 544.872835
9 2.266460e-008 228.114700 578.206254
6 1.909380e-008 158.710983 554.308549
10 1.021990e-007 74.598347 525.346138
7 7.622390e-008 468.302000 354.642958
10 3.747720e-008 340.948680 375.215838
6 6.855830e-008 224.586437 269.951807
5 1.141570e-007 162.480630 162.381622
11 1.061210e-007 131.764501 122.349265
10 3.425130e-008 131.435626 215.692704
5 5.176360e-007 235.385678 147.412672
11 3.134960e-008 305.621484 174.373653
6 2.701280e-008 81.891195 200.543676
5 4.925560e-008 86.441744 125.020511
11 6.603690e-008 88.815908 134.542782
6 8.383080e-008 142.197736 263.459996
5 1.903940e-008 145.511732 251.091960
11 2.642930e-007 184.217995 106.637776
10 3.480610e-008 184.040713 191.263114
5 7.504850e-007 202.592271 86.053703
11 5.437890e-008 93.439367 178.193979
5 1.311830e-007 148.209367 191.176992
6 8.437670e-009 159.487579 141.415839
11 5.579480e-007 170.973080 47.871149
5 3.075400e-008 123.025749 217.362266
6 4.231680e-007 153.083783 354.512007
10 9.745290e-008 120.773610 270.340970
5 1.622480e-007 166.625961 142.662121
11 7.663390e-008 208.148018 133.836277
6 6.330570e-008 200.108492 300.820905
10 8.677310e-008 196.306610 298.536496
5 8.927160e-008 250.125059 200.436920
11 4.301180e-008 132.296496 207.902666
6 3.133620e-008 78.648397 236.108158
10 1.900290e-007 181.689758 332.195453
7 4.382270e-007 582.085612 355.941027
3 7.407380e-008 797.925358 132.234777
3 6.897630e-008 727.367910 95.821754
10 3.462620e-008 355.885412 404.234791
7 2.414820e-007 583.077031 490.080775
8 1.511740e-007 597.064329 832.081227
7 4.284150e-008 736.643581 672.934944
8 5.845200e-008 627.605453 869.685055
7 4.028540e-007 588.789533 470.160955
7 8.272230e-008 513.196660 380.454496
7 1.247180e-007 566.654749 456.679952
6 4.748400e-008 219.165609 303.273239
10 8.311300e-008 209.765535 304.930702
11 6.900190e-008 129.333011 148.001232
5 1.802030e-007 156.439459 167.737425
6 5.443020e-008 258.992597 306.644995
10 7.664590e-008 268.456952 304.805308
7 2.010060e-006 595.381912 376.660604
7 1.146070e-007 463.787583 334.950852
7 1.082660e-007 538.572588 331.800966
5 5.390050e-008 385.539512 194.254411
11 2.876410e-008 389.494005 196.921751
7 1.615790e-007 496.605400 365.051637
7 1.301000e-007 519.165819 369.017615
7 7.623380e-008 570.326851 332.764309
7 1.145930e-008 443.863683 409.918415
9 2.173150e-008 420.619364 576.435324
7 1.240680e-007 598.632569 511.233943
7 1.018580e-008 486.312157 331.895567
6 3.046300e-008 291.632691 287.985112
10 3.104390e-008 333.652908 326.270112
7 1.008840e-007 547.929219 522.788613
7 1.558240e-007 515.616977 376.050235
5 3.611900e-008 447.696827 122.571614
3 2.705960e-008 704.455231 62.854520
7 8.589050e-008 543.376872 286.605662
7 6.968200e-008 539.655130 304.023021
7 5.182160e-008 502.847093 320.287654
7 3.494410e-008 561.284113 222.661106
7 1.641100e-007 638.011656 507.915514
8 1.740970e-007 508.347770 950.522846
2 2.160340e-008 519.122002 867.962777
7 4.335920e-008 575.661622 635.641924
8 7.318780e-008 625.989632 776.571805
8 1.491730e-007 609.993189 896.270811
7 3.508630e-007 684.092828 418.896178
7 6.928920e-008 816.777463 527.714366
8 2.510720e-008 669.575813 848.314058
2 1.573210e-007 535.588949 962.304853
8 9.124340e-008 660.481871 843.777685
8 9.697790e-008 554.031305 752.756288
7 4.956830e-008 754.208220 560.908666
7 6.770980e-008 524.296997 494.678043
8 1.217600e-008 514.251364 595.791189
9 1.768200e-008 402.883142 639.364234
4 7.117650e-008 128.746516 927.277511
9 6.363660e-008 266.887054 821.768541
4 1.992580e-007 262.235861 903.072528
2 3.567640e-008 201.009081 958.200912
8 2.957510e-008 277.450256 928.932513
4 5.189490e-006 272.293451 1002.439392
2 1.222500e-006 346.062121 1005.016785
9 3.957030e-007 275.958382 766.017403
8 1.615040e-008 321.001952 729.240450
9 1.151060e-006 277.565386 717.448533
9 1.453070e-008 127.279729 699.006183
9 1.012370e-007 260.294074 580.766694
10 8.596010e-008 206.624146 583.611852
6 1.278610e-007 159.597358 457.708626
9 1.992040e-007 265.450912 588.128301
10 1.120100e-007 263.008327 586.718070
6 8.636490e-008 253.294583 444.309253
10 1.608750e-007 163.040004 558.196660
6 1.512150e-007 139.841307 459.951750
9 6.551710e-008 348.981945 570.015099
10 5.534920e-008 188.558763 569.493170
6 1.945430e-008 102.363647 507.383469
9 4.583050e-008 258.631154 553.031439
10 7.418970e-008 328.046808 574.253856
6 1.357570e-007 243.298639 442.471105
10 5.545970e-008 162.699279 569.787349
6 5.734830e-008 61.672347 457.133243
10 1.066660e-007 68.313487 416.560491
6 6.491470e-008 74.152670 528.518808
10 2.639510e-007 70.449958 486.320387
9 2.977270e-008 237.727020 487.453802
6 1.846870e-008 266.671294 415.813717
10 5.984420e-006 183.797695 432.628262
9 7.307260e-008 260.606908 552.895374
10 1.841220e-007 298.296769 493.069100
6 5.691590e-008 269.950928 535.093532
10 1.629520e-007 124.640343 496.763953
6 1.982090e-007 159.825695 502.968109
9 1.013270e-007 366.335900 614.629313
8 9.130030e-008 363.326055 815.012772
4 1.881110e-008 243.808199 815.726437
2 1.989960e-008 241.289451 814.551922
9 7.519920e-009 100.354671 844.014458
4 1.727500e-008 178.669519 839.304470
9 1.166510e-007 264.422893 804.918116
4 4.130030e-007 242.959024 1001.262090
2 2.120910e-007 292.926052 1002.135457
8 3.100910e-008 299.457685 896.801676
9 2.558810e-007 332.679129 776.825040
2 7.579010e-008 243.245962 920.065524
4 1.468500e-007 240.695743 920.021005
9 4.546910e-007 270.085390 770.625443
9 3.483090e-008 432.931621 759.832649
8 8.874230e-008 439.471692 729.364000
10 3.537310e-007 232.136875 503.214459
6 1.614810e-007 187.479282 489.384121
9 5.976800e-008 304.486639 580.799942
8 4.900580e-008 609.605283 924.925523
8 4.700330e-008 625.087029 744.848878
9 1.572330e-007 383.555619 633.965207
2 6.412790e-008 260.649956 985.889986
4 8.426260e-007 262.603824 987.529485
9 1.159660e-008 145.722467 773.498926
9 6.966860e-008 156.784117 725.967060
4 1.442040e-007 286.188954 920.940149
2 4.401430e-008 230.340622 895.786414
4 7.459260e-008 260.465110 904.872770
2 2.206020e-007 314.503080 945.439814
8 1.322630e-007 432.502265 799.722897
9 2.221460e-007 314.650541 782.762027
9 2.486450e-008 125.400000 716.898139
2 1.693700e-007 304.985807 960.164480
4 4.760350e-007 305.121936 962.762042
4 4.312490e-008 175.580424 889.255520
9 4.272770e-008 136.788938 744.484224
2 1.594700e-006 376.813854 984.240005
4 3.073300e-008 387.484788 982.387103
8 8.092650e-008 347.534587 933.052858
9 8.715860e-008 270.015043 794.732003
8 5.804670e-008 335.942580 811.287885
4 2.366610e-008 247.214206 795.642727
9 4.023120e-008 161.311338 780.495780
2 1.866610e-007 394.941045 932.302483
8 5.745990e-008 397.648131 951.564135
4 1.889470e-008 375.957440 864.911973
9 3.419320e-007 318.127853 750.725720
2 6.055670e-008 302.293598 941.595911
4 1.368350e-007 279.326460 943.605312
9 3.962660e-008 140.523071 826.575099
9 1.827890e-007 321.313479 759.137235
2 1.234070e-007 349.819019 891.168833
8 1.576200e-008 278.899699 939.004700
4 2.921120e-007 271.451168 944.028816
9 2.101240e-007 216.106849 708.211544
8 2.604280e-008 384.938348 711.926308
9 3.539760e-008 398.546848 598.925622
9 1.368390e-007 197.721321 737.331610
9 3.425530e-008 252.443133 752.401787
9 6.736880e-008 161.445623 807.191482
9 1.925250e-007 235.953820 692.476917
4 3.030290e-007 202.620525 940.981079
2 4.151210e-007 354.740828 935.668488
8 1.481450e-007 394.035496 908.486786
9 3.109840e-007 357.167772 735.036898
10 1.443100e-007 275.750599 529.875867
6 2.774900e-008 110.349903 583.542783
9 1.911300e-008 104.000505 585.980099
10 7.366840e-008 45.746483 540.824277
6 3.429550e-007 175.532823 449.959028
9 3.039520e-008 398.647931 547.746014
7 3.453680e-008 628.656863 549.721991
7 1.156380e-007 698.093480 438.305465
7 8.656630e-008 782.463091 373.248928
7 8.946190e-008 654.703828 252.498821
7 1.191970e-007 702.113710 332.307305
7 4.457160e-007 651.741640 503.739839
7 8.986920e-008 760.426413 512.288206
7 1.266120e-007 549.648709 508.500213
7 1.803550e-007 569.706327 322.843282
11 4.690160e-008 403.420617 40.312055
5 7.460640e-008 370.305878 57.755795
7 2.064400e-007 571.109232 312.664540
9 7.939110e-008 409.226846 650.867735
9 2.502360e-007 229.995913 670.528815
4 1.144590e-006 249.392550 966.827745
2 2.041770e-008 214.892846 885.551033
9 6.048770e-008 227.117932 858.758548
8 2.679450e-008 405.721158 778.685607
4 1.183590e-008 410.169869 770.980199
9 9.973310e-008 283.966031 567.325784
10 4.523450e-008 216.459089 563.787893
6 4.858430e-008 130.973536 559.307781
10 1.300730e-007 247.311988 507.232957
6 1.443330e-008 250.393702 595.485728
9 1.771030e-007 250.623996 602.080802
7 3.922640e-008 455.815076 355.682409
10 7.745190e-008 254.275776 289.780536
6 3.642450e-008 255.125936 283.731473
5 5.527560e-008 272.217219 162.123550
11 1.122310e-007 279.728711 128.291692
10 3.822450e-008 86.716698 350.843393
6 3.059060e-008 92.675137 349.021688
6 4.404900e-008 272.365351 305.878212
10 7.056560e-008 328.426933 295.247719
11 1.122800e-008 365.217408 202.623194
5 5.450710e-008 365.231438 203.024957
7 1.184090e-007 504.103975 374.847684
7 4.161490e-008 593.630296 197.817487
5 4.732510e-008 399.652143 84.585955
9 1.764860e-007 352.971919 592.813376
10 6.529180e-008 335.286230 424.541741
7 4.394210e-008 467.525346 539.889958
10 5.470800e-008 309.175281 333.169101
6 4.920110e-008 362.560273 303.468092
7 1.443510e-007 503.093288 386.282148
7 1.262430e-007 647.187470 570.709391
8 2.214370e-007 602.552967 884.583430
7 1.427650e-006 635.763438 421.040208
7 9.262740e-008 720.565277 381.510077
9 4.154280e-008 328.094750 574.792867
10 1.354850e-007 147.200455 597.419074
6 1.062820e-007 253.103066 474.585784
10 2.025260e-006 170.093892 464.876450
6 2.322510e-008 87.080904 590.919104
9 9.987400e-008 256.906567 614.149314
10 3.221000e-008 342.165420 571.694575
6 5.054060e-008 362.787714 328.452637
5 4.302410e-008 354.763795 160.544594
6 1.003580e-007 258.963116 281.091131
10 2.830260e-008 195.671033 248.446306
11 1.739390e-007 209.053156 137.078963
5 1.124150e-006 214.352128 136.334243
6 2.506390e-007 230.485440 339.366466
10 1.063500e-007 227.175000 336.685718
11 5.429270e-008 213.724580 197.576414
5 1.180870e-007 219.158328 197.005316
6 5.695450e-007 195.844747 355.691185
10 1.020280e-007 155.510736 330.897263
5 4.203230e-008 187.821082 243.996705
11 1.813410e-007 179.235820 94.732116
5 6.640300e-008 45.599845 61.746245
11 2.872960e-008 56.442896 206.795468
5 3.580830e-008 248.261739 307.376408
6 1.224440e-007 292.131563 341.751990
10 7.324500e-008 296.593826 341.361588
7 6.523570e-008 567.359266 197.151282
3 7.901560e-008 751.418409 45.062698
5 4.400870e-008 432.355586 229.375664
7 2.294120e-007 535.137154 451.085546
8 4.399650e-007 531.743441 794.350755
8 1.237820e-007 571.932678 873.668309
7 1.465780e-007 723.712505 510.487705
8 2.226370e-007 558.809788 781.746449
8 7.459180e-008 479.092474 745.543301
9 7.222080e-008 407.207306 624.655134
8 3.034120e-008 373.377901 721.380813
4 1.264390e-007 399.128374 931.378885
2 2.554180e-007 391.535150 932.854869
9 9.640480e-008 346.322731 817.718636
8 2.544090e-008 402.105793 652.526005
7 1.470540e-007 528.242927 526.625258
9 7.936670e-008 233.695775 525.227633
10 2.863800e-007 230.908842 524.213281
6 7.389740e-008 265.216429 542.173290
8 1.549630e-007 389.430808 828.617729
4 7.096060e-008 255.978135 918.633012
2 6.466630e-008 248.938893 918.112286
9 1.027800e-007 165.983205 750.803289
9 1.632580e-007 210.783754 795.846931
4 1.097750e-008 203.089001 864.836154
2 7.074520e-008 283.361367 862.820340
9 1.408420e-007 226.590368 771.968501
8 7.845130e-008 395.858608 748.024415
9 3.827740e-007 357.288559 710.311104
9 5.494190e-008 230.296450 836.109772
4 4.667930e-007 246.897828 994.060550
2 2.908970e-008 229.427911 905.349585
9 4.457550e-008 82.819386 734.596861
4 1.150430e-008 168.186291 802.546179
9 1.244220e-007 150.030121 709.140908
9 4.308610e-008 231.871436 807.205671
4 1.062970e-007 242.388015 941.061010
2 4.457630e-008 195.511672 866.043332
4 4.758780e-008 331.288343 955.359646
8 8.586850e-009 314.147048 937.365287
2 2.728810e-007 302.959620 933.293409
9 1.612650e-007 194.413878 705.399173
8 4.354090e-008 259.321193 803.139443
9 4.449270e-008 172.693194 813.776194
4 4.237780e-008 235.231954 943.709979
2 8.753620e-008 232.616684 943.664334
9 4.575340e-008 191.345762 819.317099
4 1.816540e-007 186.337801 980.528419
2 1.980900e-007 314.549760 933.862975
8 1.530570e-007 338.980242 883.853161
9 2.412080e-007 254.176561 748.336902
4 5.310470e-007 269.688661 948.029126
2 3.236120e-008 192.307941 973.484960
9 3.083080e-008 170.126526 821.487237
4 9.958770e-008 194.944181 945.438468
9 2.749060e-007 271.772426 810.838068
4 3.102810e-008 341.284779 871.264744
8 5.970810e-008 400.446940 918.568620
2 1.863530e-007 400.332597 917.637362
8 1.799750e-008 718.563606 761.567305
7 2.087060e-007 580.206095 490.667734
7 5.250210e-008 465.753298 460.985173
7 1.038970e-007 498.341396 440.037246
8 7.535890e-008 597.245513 788.342384
8 1.722280e-008 632.191600 708.857828
8 2.112160e-007 600.585869 857.351434
7 8.267520e-008 769.139872 579.449819
7 4.489600e-008 680.375022 551.476987
8 4.623520e-008 597.214852 674.425316
8 1.684310e-007 572.193171 836.239400
8 4.025390e-007 567.044361 857.855645
2 2.702140e-007 457.578894 950.244749
4 1.302260e-008 461.926179 867.294062
8 1.631890e-007 522.852170 935.434516
2 1.047510e-007 487.962559 949.904214
8 1.276550e-007 462.355954 788.232009
7 9.348290e-008 506.073335 372.769751
8 1.997750e-008 635.631029 709.658686
8 1.605250e-007 578.276938 831.839503
7 4.633470e-008 772.545759 491.457024
7 6.432200e-008 761.965599 488.747997
7 5.908950e-007 685.942826 425.075154
9 5.022750e-008 347.902285 561.112312
6 1.413280e-007 241.499988 447.008758
10 7.134600e-007 238.505039 443.797039
6 2.984570e-007 203.586547 452.850433
10 8.365290e-006 205.968531 449.318977
9 8.119530e-008 233.660581 576.810092
10 4.312870e-007 154.068182 518.982877
6 1.056410e-007 101.888970 481.072491
10 4.640120e-006 184.831230 465.154944
6 1.420610e-007 230.471750 462.763033
9 1.988370e-008 143.046758 577.837661
10 1.987770e-006 161.241402 433.865126
6 3.154380e-007 189.208180 448.114903
9 1.002530e-007 352.197089 572.619000
10 1.324320e-007 191.509244 572.619000
9 5.171590e-008 316.697397 529.556598
6 1.319840e-007 262.859409 305.951426
10 5.076470e-008 261.308170 304.224943
9 1.209750e-007 347.283151 568.697176
7 1.549950e-007 521.697506 352.046178
7 2.482530e-007 528.135736 394.464061
7 1.463600e-007 591.966000 277.784398
3 3.821640e-008 765.107282 113.600921
7 8.264020e-007 586.594863 373.507096
7 3.530600e-008 570.244320 540.881137
10 3.232350e-008 246.356261 574.897727
9 9.099110e-008 201.374934 570.169990
6 3.610040e-008 80.390034 557.453939
10 1.348910e-007 329.556013 545.652761
9 4.205440e-008 311.796105 544.616698
6 9.764000e-008 187.513059 491.862016
10 6.917240e-007 168.460738 404.763302
6 6.284410e-008 181.834048 526.720527
9 1.091370e-007 195.396992 580.344133
10 5.743260e-006 190.631040 467.707532
6 1.065440e-007 172.924955 516.883646
10 6.318680e-008 324.988809 556.945699
9 9.300390e-008 368.671810 621.708166
7 9.628210e-008 491.982765 421.951820
7 1.953010e-007 644.290470 505.761034
8 8.809730e-008 614.669932 763.253834
8 6.522950e-008 620.805266 898.151541
7 9.283880e-008 630.843674 515.898652
10 6.248820e-008 390.810551 398.008776
7 1.077560e-007 516.579669 476.981937
9 7.718160e-008 434.537220 752.938413
8 6.537990e-007 447.878108 828.598583
6 1.163740e-007 261.969975 449.689024
10 3.472100e-007 254.120639 454.593860
9 3.852660e-008 255.451356 592.280160
7 4.562260e-007 567.698687 426.949185
5 2.312500e-008 391.244507 31.628404
6 5.685680e-008 212.571084 224.652953
5 5.735180e-008 207.548563 219.451990
11 1.205890e-008 18.060055 100.399804
6 2.663390e-008 204.725948 179.481149
5 1.852970e-007 210.264549 174.833684
10 1.264550e-007 176.512092 328.329466
6 2.653590e-008 209.851588 219.280448
5 7.716240e-007 231.506996 148.448511
11 4.614470e-008 175.044696 168.272116
5 4.741130e-008 41.888700 172.747664
6 6.764870e-008 115.003999 304.212356
10 3.141400e-007 156.990584 356.061745
11 3.826210e-009 112.749865 249.180869
5 1.473190e-008 101.226587 295.398640
6 2.028170e-006 160.411119 364.853952
10 4.069680e-007 226.092822 357.950496
5 2.998460e-007 183.954141 151.351605
11 1.555700e-007 259.085623 69.248873
6 5.611680e-008 284.650729 307.315066
10 2.051250e-008 337.501390 366.012157
9 9.997360e-008 334.857874 561.567244
10 9.178340e-007 210.221295 487.330956
6 2.459610e-007 209.441916 487.711086
10 1.302720e-007 136.398717 553.832005
6 3.035950e-008 202.395479 576.556543
9 7.422960e-008 268.989299 599.486666
10 9.692050e-008 298.608804 525.981831
6 4.918110e-008 160.631514 501.653020
10 1.396600e-007 222.340045 565.861787
9 9.704830e-008 208.846977 555.654428
6 5.897280e-008 192.277590 470.412032
10 2.037040e-007 145.004408 433.088126
6 3.112360e-007 191.507698 458.516681
9 8.093300e-008 270.490557 585.506249
8 1.230690e-007 538.873493 761.192381
9 5.284980e-008 505.230739 637.516540
7 4.828140e-008 600.384971 547.482205
7 1.097560e-007 477.629738 374.663363
9 1.137540e-008 510.010596 604.879963
8 4.342470e-008 582.113862 753.949531
8 4.180570e-008 618.475308 781.020824
2 6.571710e-008 535.671615 966.591622
7 5.001510e-008 803.501270 485.270350
7 8.195530e-008 709.464779 525.999850
8 5.674480e-008 596.738553 784.954225
8 2.772500e-007 534.414104 878.791454
8 7.654620e-009 543.605105 740.588643
8 2.179540e-007 580.852599 926.722924
8 4.846230e-008 498.907349 704.558781
7 3.272100e-006 614.250456 429.000134
7 9.782030e-007 586.623472 440.041445
7 1.464860e-007 599.995243 602.890652
7 6.439070e-008 579.568078 290.677537
8 1.103960e-007 571.833496 795.399642
9 9.871210e-008 358.539236 555.673005
7 8.741470e-008 556.504668 441.223335
7 4.266750e-008 510.625943 251.539778
6 8.748450e-008 254.697174 262.019775
5 6.941130e-008 234.713800 242.323225
3 1.906130e-007 832.357793 72.172968
3 4.545980e-008 741.434922 69.764959
5 2.985640e-008 427.303107 130.221614
7 8.878930e-008 558.564129 351.106336
7 8.179890e-008 697.410568 249.146021
7 9.494180e-008 734.458583 452.110336
8 4.489250e-008 590.578233 737.198091
8 6.295470e-008 536.326904 981.016190
2 5.443940e-008 580.756757 939.584565
7 4.123160e-008 778.493518 479.705337
7 4.910580e-007 654.571822 391.046645
7 9.345230e-007 649.989228 384.615888
7 6.502730e-008 729.374451 549.667197
7 9.235110e-008 754.471754 495.404108
8 2.094110e-007 574.006440 919.110377
2 1.974710e-008 591.224053 927.357233
8 1.708160e-007 558.746149 901.492028
2 3.297740e-008 591.113543 860.917269
10 5.332090e-008 342.051866 536.244366
9 7.468370e-009 354.824295 532.339443
7 1.354280e-007 503.519253 447.381249
5 5.298650e-008 454.045751 105.269855
7 1.747970e-007 469.615583 425.872890
9 3.883160e-008 195.618243 561.130529
10 7.800950e-008 192.804681 561.327267
6 2.041220e-007 116.833089 491.230350
10 5.517440e-007 150.900698 477.271823
9 1.799220e-007 388.392538 617.801928
7 2.400010e-007 531.040637 463.214205
7 1.213270e-007 594.319728 483.490576
7 4.869450e-008 774.966157 477.286140
8 3.805610e-007 560.380262 877.301530
2 2.390720e-008 552.450423 849.576227
8 1.503300e-007 623.545329 915.301699
8 1.441510e-007 614.876773 809.765808
8 1.393010e-007 602.329949 795.352350
7 1.736180e-008 771.973867 463.378385
7 1.033140e-007 538.345183 323.787943
7 3.769060e-007 525.475153 395.816891
3 7.451600e-008 870.797615 154.491955
5 2.685890e-008 412.259201 234.968000
5 6.608080e-009 356.167264 21.833220
11 4.960910e-008 385.664403 30.418951
3 1.827290e-007 864.250856 71.492992
7 6.535210e-008 529.529863 458.981863
7 2.297790e-007 509.893339 398.399251
8 7.692940e-008 628.876836 770.818511
7 5.919650e-008 630.971737 548.331636
7 8.941410e-008 572.147076 544.301401
7 2.944160e-006 595.910996 377.131155
7 5.762800e-008 654.069344 578.003037
8 2.791210e-008 685.161644 752.858809
7 4.882710e-008 715.336358 498.886851
7 1.179800e-007 617.184643 537.708368
8 3.881150e-007 482.379170 778.973061
8 1.583390e-007 566.686072 845.680921
8 6.684120e-008 647.716236 765.815660
7 7.821430e-008 671.688027 522.184175
7 6.012190e-008 702.911480 594.717367
7 1.153830e-007 729.375787 388.849571
7 1.641150e-007 688.519479 482.685692
7 3.485620e-008 740.256908 338.569908
7 1.149310e-007 770.491493 377.615689
7 2.502000e-007 681.289865 383.422978
7 1.968280e-008 823.463685 579.006424
8 1.476360e-007 533.933091 773.089531
7 1.291700e-007 740.877783 492.775532
8 1.625150e-007 506.848902 764.349061
7 5.945100e-007 656.278941 478.341079
7 2.111380e-007 674.697447 290.275496
7 2.091810e-008 614.835990 634.290035
8 1.894860e-008 536.535470 679.879729
8 1.616450e-007 529.718668 720.415799
9 4.607730e-008 445.780612 550.678675
7 2.681280e-007 535.487732 439.289166
7 5.145620e-009 381.255908 404.218904
6 3.924270e-008 349.721318 329.367978
7 1.538220e-007 555.741475 301.706964
6 1.825880e-007 261.113479 327.460261
10 8.482970e-008 155.123662 319.878760
11 8.437690e-008 140.899589 94.972891
5 1.393270e-007 141.126773 94.660199
10 2.748550e-008 98.600880 313.131946
6 7.426570e-008 98.012033 313.720792
5 1.487910e-007 170.125452 171.446176
10 1.761670e-007 248.940794 326.128337
6 9.647870e-008 249.314966 326.862682
11 1.581620e-007 128.842609 86.561631
5 5.584690e-008 128.947037 86.197448
11 3.344610e-008 181.901381 225.440463
5 8.506110e-008 182.086466 225.837381
11 2.998460e-008 160.722169 236.275651
5 7.332300e-008 160.965683 236.565862
6 1.000460e-007 196.408745 278.805494
10 1.783290e-008 170.441194 221.059189
5 3.381820e-008 284.855945 295.045568
6 5.397250e-008 283.903266 349.619894
10 1.819340e-007 263.950860 356.541400
5 4.450560e-008 344.993203 215.985161
10 1.833290e-008 271.360236 290.282484
6 4.359720e-008 248.275051 269.496449
11 1.011830e-007 101.084186 82.712275
5 4.538640e-008 102.386234 63.109331
6 1.161810e-007 135.770137 288.238315
10 7.658640e-008 123.942391 316.658240
5 7.391740e-008 276.696444 217.980743
11 7.706830e-008 314.761046 37.632371
5 7.202280e-008 59.661555 198.411316
11 2.672470e-007 131.751658 4.920389
5 1.208000e-007 168.711461 110.024910
11 1.421330e-008 149.336074 212.495897
5 2.417410e-007 152.521665 73.265905
11 3.980910e-007 177.466275 64.823832
5 6.028600e-007 169.359241 82.648159
11 1.195200e-007 189.111859 184.728978
6 8.381610e-008 151.026388 251.000452
5 3.547500e-007 160.841177 153.762731
11 4.630660e-007 186.144109 3.887265
5 4.657030e-007 190.561479 41.819249
11 7.081420e-008 258.321957 141.495088
5 2.527440e-007 254.365614 206.574198
6 1.011310e-007 288.771154 292.796650
10 4.770220e-008 370.093189 479.036585
9 9.238170e-008 301.420171 529.011100
6 1.322660e-007 218.862173 465.918223
10 8.049730e-008 364.635077 543.691820
7 9.429810e-008 548.897595 482.492974
7 5.187650e-008 745.459363 521.208090
7 8.309390e-008 747.314280 577.760468
7 6.308980e-008 534.174615 441.169001
11 1.101090e-008 405.992570 89.464330
5 1.679590e-008 406.371980 89.390580
7 1.073380e-007 538.476386 287.355469
7 4.909830e-008 416.551732 322.724782
6 1.540690e-008 338.015243 458.754009
10 1.258750e-008 367.602628 306.195045
3 2.598020e-008 682.345839 66.761868
7 4.121920e-007 587.743553 347.283335
7 1.241140e-007 633.661202 510.361984
11 2.374780e-008 395.470195 21.544007
9 1.297720e-008 418.553419 701.702381
8 1.559960e-007 393.047994 780.199623
2 6.548620e-008 315.995268 912.337032
4 1.631320e-007 267.305873 953.190842
9 1.647210e-008 288.610620 894.060494
8 6.623980e-009 287.613673 894.443185
4 4.207870e-008 247.357835 881.690354
2 2.295170e-007 379.635339 907.204232
8 1.961850e-008 372.778077 959.133951
4 1.344600e-008 294.068289 814.435315
9 2.094740e-007 315.701624 765.846106
9 4.114560e-008 381.917677 573.124217
10 3.100010e-008 409.735597 537.239953
9 9.914380e-009 524.618505 605.767116
8 1.845890e-007 574.743921 881.273778
8 8.434050e-008 590.907072 734.447524
7 2.341870e-007 698.038980 420.670843
7 1.019630e-007 583.196178 273.361195
3 4.248830e-008 759.487716 64.655032
7 4.444910e-008 558.963231 229.126999
6 2.095330e-008 319.887891 300.476850
10 6.334560e-008 330.417727 289.946943
7 9.816710e-008 515.919401 345.850723
7 8.577410e-008 573.076985 269.475238
9 2.296530e-007 364.970279 691.125858
4 3.542780e-008 174.682386 878.839579
9 6.464740e-008 280.005027 841.577725
4 9.058640e-008 352.910205 881.360227
8 3.660300e-008 295.047799 859.771606
2 2.048730e-008 294.132615 859.491805
9 1.646060e-007 268.630692 772.707957
4 7.760160e-008 353.999000 903.618659
8 1.150740e-008 334.052984 907.321664
2 5.746930e-008 333.645927 906.487075
9 8.276650e-008 193.470392 807.180642
9 1.024140e-007 337.069881 766.907809
8 1.684810e-007 398.065078 832.317174
9 1.734000e-007 211.668477 779.245924
4 1.468350e-007 242.864384 926.014064
9 6.872930e-008 325.059145 842.868516
2 8.759920e-008 424.873923 813.055138
4 6.955360e-009 424.609947 810.543576
8 2.703020e-007 424.424196 808.776275
9 1.641850e-007 184.753751 719.547466
4 1.778180e-007 260.213135 958.322458
2 1.256340e-007 336.269324 922.856935
8 7.845760e-008 403.996704 891.275192
9 4.543050e-008 369.719135 743.680492
2 4.449450e-008 241.070362 904.853705
4 5.599670e-008 238.634191 905.109752
4 2.414300e-008 181.943210 842.227756
9 2.755250e-007 184.506003 695.430433
4 5.067050e-007 274.871824 954.456664
2 7.388590e-008 254.601868 898.765543
9 5.234160e-008 223.610102 813.616560
4 2.557530e-007 219.607575 949.701046
9 6.275210e-008 354.242712 851.063612
8 3.607840e-008 283.937678 883.847551
2 1.182050e-007 283.044587 884.264009
4 4.960320e-008 299.078799 803.306042
8 6.742250e-008 346.816280 956.402685
2 3.415200e-007 346.092042 955.836850
9 5.863020e-008 192.546043 800.441508
4 2.070580e-008 310.795576 799.759619
9 2.151100e-007 366.957989 732.215374
9 2.998470e-007 365.214001 646.528521
7 1.349960e-007 532.492011 435.947952
7 2.064380e-007 544.004589 369.687772
10 9.610640e-009 364.732312 321.794911
6 7.640910e-008 365.445651 321.399497
7 7.173380e-008 501.183525 410.052934
9 4.168350e-008 454.117775 716.549984
8 4.826370e-007 455.786042 812.125047
2 1.392910e-008 488.287724 749.768489
9 8.264920e-008 260.240793 573.540013
10 5.396370e-008 310.123810 578.782686
7 4.996390e-008 618.095669 293.287529
7 6.660970e-008 496.146451 276.740351
7 1.658720e-007 600.393606 509.169564
8 1.166690e-007 473.837105 776.546931
8 1.330990e-007 516.051096 791.739295
2 7.768840e-008 514.273972 865.014997
8 6.295530e-008 633.253093 870.390699
8 4.723920e-008 648.918221 778.495259
7 5.926080e-008 459.791798 514.432847
9 7.128710e-008 440.075308 557.642153
10 1.090630e-008 443.041088 558.058964
7 1.380120e-007 525.858050 371.743559
9 5.886930e-008 405.852029 624.864698
7 6.575520e-008 473.839514 383.800584
5 5.898970e-008 347.222102 253.347531
6 2.975270e-008 394.549854 327.852609
10 3.318800e-008 377.753377 288.310957
7 1.283680e-007 521.485223 257.402015
5 4.234100e-008 360.102991 79.309401
11 2.643000e-008 364.549492 77.329686
7 2.597180e-008 547.330599 228.604327
7 3.400880e-007 549.821347 383.968224
8 6.879510e-008 628.919282 806.936462
8 1.096430e-007 593.473277 950.023480
8 7.153040e-008 610.207762 876.096821
8 1.600290e-008 596.284319 636.244519
8 5.787160e-008 605.607808 771.093815
7 4.919380e-008 580.189173 513.635152
8 1.483800e-007 555.478732 952.320092
2 2.925190e-008 601.403305 912.331788
7 1.266430e-008 806.908375 554.335454
7 2.766440e-006 652.241414 398.695810
7 1.581780e-007 688.599774 508.091590
7 8.739500e-008 531.647471 301.752720
3 9.150780e-008 802.673909 55.228788
3 4.856270e-007 856.040336 51.373895
3 3.382750e-008 689.750130 25.619469
6 7.108980e-008 225.210444 293.092360
10 6.831870e-008 216.276232 288.540156
9 1.362170e-007 351.698732 575.169813
8 1.852400e-006 499.013451 833.333467
8 1.572810e-008 628.961218 699.760046
7 6.048340e-008 506.955402 510.764904
10 2.822810e-008 476.044366 403.173633
7 2.780470e-007 537.641765 389.817319
8 3.452160e-008 465.971299 737.504634
7 6.074950e-009 477.413917 540.404119
10 4.418950e-008 405.921793 418.686807
7 1.541320e-007 540.657434 430.498791
8 1.812230e-008 679.222743 991.793681
8 8.071950e-008 600.206766 978.169205
8 2.871090e-007 571.831938 791.830668
7 3.104350e-008 407.666526 429.897974
6 1.975790e-008 375.973510 551.154641
9 4.485190e-008 434.894598 571.295769
7 8.075580e-008 488.975571 480.637218
6 3.860080e-008 319.131908 300.215408
3 1.350520e-008 670.792612 122.530224
7 4.830740e-008 425.563296 333.405974
10 2.645710e-008 397.557426 551.461435
9 4.068690e-008 520.860513 668.001403
7 1.769020e-008 651.981985 552.435623
8 1.652270e-007 552.308339 876.158176
2 1.400580e-008 481.287221 837.546436
7 3.862600e-007 566.401060 470.960422
10 2.211340e-008 268.731821 581.767891
9 1.067440e-007 257.128730 585.537966
7 3.812030e-008 601.592541 514.931657
7 4.263080e-008 426.735175 374.852599
6 3.481980e-008 360.869209 240.848324
7 5.572040e-008 438.401598 476.087962
10 5.627260e-008 289.491282 539.799667
9 1.066010e-007 217.237245 576.614812
6 2.119940e-008 139.036694 616.459847
9 6.732190e-008 346.856892 583.528089
10 2.336350e-007 236.585961 491.756226
6 9.091210e-008 154.386196 496.064211
10 9.873110e-008 175.102800 572.933172
6 1.350300e-007 265.088868 462.479120
10 2.397520e-007 157.522436 535.823714
6 1.711290e-007 99.308928 486.253420
10 4.354280e-007 125.909442 436.874899
6 5.586150e-007 134.691442 428.146590
10 3.620980e-007 122.321402 509.556861
6 4.516010e-007 212.099456 428.607863
9 7.547690e-008 405.521142 563.858366
7 3.371080e-008 636.980814 542.520821
8 1.312790e-007 620.726539 874.867774
7 8.099910e-008 728.802372 566.555493
8 6.463660e-008 653.131465 776.512204
7 9.434400e-007 645.060218 443.525605
8 4.565240e-008 674.417696 746.735431
8 2.876300e-008 727.633545 896.504082
7 1.178800e-007 613.288606 555.932326
7 4.810810e-008 723.783006 458.767586
7 4.793630e-007 699.699663 387.408536
7 2.755470e-007 706.925471 387.928605
10 1.763410e-008 434.827767 493.375251
7 2.104920e-007 572.021270 466.157133
7 1.796500e-008 606.444319 598.363606
7 2.678920e-007 600.217472 437.741509
7 7.700090e-008 535.419253 269.830174
7 1.147670e-007 484.916035 413.613741
3 3.651570e-008 857.127743 166.681645
7 2.387810e-007 563.211507 355.256806
7 4.089410e-008 721.376398 625.146185
7 4.718530e-008 661.305666 233.496112
7 4.326190e-008 781.106133 306.035843
7 3.718780e-008 508.199931 544.091336
7 9.811700e-008 581.424268 568.274658
8 7.968810e-008 585.839545 779.986354
7 9.994290e-008 658.558936 496.869429
7 2.372420e-007 703.593583 424.066645
7 1.079070e-007 682.310648 352.369804
7 4.996400e-009 666.094329 541.613178
8 1.977210e-008 494.232954 694.787919
2 2.715370e-008 550.216609 920.325035
7 1.066510e-007 719.286809 458.383776
7 2.007940e-007 684.147128 526.054557
8 3.234560e-007 545.795209 824.156611
8 8.415060e-007 554.707276 861.706289
9 9.184750e-009 524.295004 688.051421
8 9.556510e-008 598.772122 845.392250
7 1.084690e-007 674.617165 490.152200
8 5.735120e-008 640.702000 865.461087
7 3.640720e-007 604.116964 472.071299
10 2.349210e-008 292.689722 270.136731
6 6.717670e-008 210.805134 274.428009
5 3.611040e-007 145.898892 130.589664
11 7.787180e-008 150.685121 132.237700
6 1.857990e-008 53.422047 278.632998
5 2.491330e-007 168.367338 110.892695
11 1.780110e-007 172.582556 108.459029
6 1.345530e-007 50.400375 322.615714
10 7.900320e-008 101.362864 287.430509
6 3.727630e-008 55.929920 205.467346
5 3.896580e-008 78.643329 205.778356
11 4.028240e-008 79.971539 210.410357
10 2.430010e-008 130.748066 273.022295
6 1.183430e-007 132.893376 267.433558
5 1.423470e-007 125.324240 180.723153
11 8.999920e-008 205.800122 211.614705
5 6.023520e-008 120.531454 209.089954
6 4.176680e-008 116.781130 293.273113
10 1.380880e-008 122.105943 217.125628
11 3.479300e-008 126.944532 147.931370
5 6.821920e-008 153.051027 104.126420
11 4.296680e-008 207.251501 109.823104
5 1.528310e-007 160.328708 159.260150
11 4.070350e-008 95.124327 193.929961
5 5.923420e-008 147.886001 248.327328
6 2.842020e-008 203.195617 209.599060
11 8.945930e-008 238.761997 211.730981
10 9.824630e-008 182.021267 274.064338
5 2.734300e-007 277.251596 142.991155
6 6.640930e-008 148.346155 289.755578
10 5.367790e-008 329.523425 345.352659
7 3.043870e-007 543.065925 426.195157
8 1.641580e-008 674.074728 865.204285
8 6.343540e-008 643.156024 811.268416
8 4.218460e-007 533.276512 930.865473
2 1.769650e-007 483.867817 953.905184
7 1.373380e-007 686.792881 504.989492
7 8.718260e-008 764.663719 325.252121
7 1.298800e-007 764.786983 310.686860
7 1.639050e-007 719.593917 335.562995
7 6.486530e-008 727.609000 399.502552
7 3.448470e-008 732.626489 540.164489
8 2.360090e-007 546.214870 827.655360
8 4.092800e-007 554.690553 917.886637
8 3.278350e-008 618.767092 745.182858
8 2.237560e-008 658.004801 899.053924
7 1.514190e-007 550.954527 458.005524
6 1.863130e-008 277.771570 182.552850
5 1.092110e-007 276.682378 180.740135
11 3.784230e-007 229.539121 102.280760
5 1.467250e-007 132.367370 127.442175
11 4.778340e-008 85.418933 55.147594
6 3.889040e-008 52.727371 316.582385
10 5.991530e-008 28.265079 356.057344
5 2.470870e-008 211.968981 194.542865
11 5.043350e-008 279.650754 139.735215
6 6.207480e-008 348.127612 338.623045
7 1.825020e-007 530.349281 348.801067
9 1.432500e-007 334.952260 579.621914
10 1.450270e-008 318.954824 597.388747
6 1.834460e-007 233.737129 444.742974
10 6.416800e-006 176.213957 449.723369
6 3.502310e-008 16.355357 528.354428
9 5.431460e-008 318.146050 549.528851
10 6.668960e-008 331.953919 549.287832
6 8.408100e-008 247.962133 502.224735
9 2.957370e-008 484.194300 569.131988
7 5.044450e-008 591.780536 549.233140
