6 1.147130e-007 734.116539 573.006775
2 3.698910e-008 671.632666 627.322952
6 1.697140e-007 647.164325 504.237217
6 2.131510e-007 659.699956 549.014798
10 1.650390e-007 518.051396 555.569634
3 1.454720e-007 433.314628 341.818714
11 1.043860e-007 466.748690 288.404476
9 9.606140e-009 711.516612 88.722294
3 2.728180e-008 569.325625 338.653950
6 7.762490e-008 653.852000 516.606012
9 5.130160e-008 828.081669 231.533072
6 7.787490e-008 701.609865 520.307232
2 8.885650e-008 778.308382 653.152969
6 1.142250e-007 726.106945 617.066870
2 2.944290e-007 877.145990 668.555964
6 6.789660e-008 777.615346 615.916653
2 1.616690e-007 846.094853 573.092352
6 3.544400e-008 824.854538 503.681715
2 1.729340e-007 817.680328 602.161275
2 5.824820e-008 646.389916 683.054970
6 2.680650e-007 646.300895 682.697931
10 1.222870e-007 491.492691 618.081695
3 4.287330e-008 473.520539 459.674594
10 3.353940e-008 516.896148 580.665102
6 5.107150e-008 517.793439 580.743602
2 5.566840e-008 736.593975 576.467058
6 1.770340e-008 502.740780 519.525043
10 3.072810e-006 439.968722 537.524857
3 2.963800e-008 459.886514 366.842812
11 8.250050e-008 526.860939 225.197458
6 1.615410e-007 627.483260 554.936760
10 2.099130e-007 493.814539 632.110699
8 2.388810e-008 457.652356 603.966581
7 3.335760e-008 326.834768 524.363258
10 2.309760e-007 391.195156 466.412790
3 1.913100e-007 473.716410 338.722468
11 4.705330e-008 510.316514 293.057340
10 2.458320e-008 441.648663 340.763236
3 1.872960e-007 423.516571 206.442418
11 9.206240e-008 501.511896 128.627874
