11 9.614580e-008 781.958000 531.419000
9 9.808880e-008 781.958000 531.419000
10 8.880450e-008 744.575303 563.915148
4 2.665920e-007 732.135463 574.728891
9 7.382570e-008 723.713681 582.049803
5 1.698510e-006 625.098708 667.794937
11 3.953060e-008 788.582413 601.743424
10 1.618170e-007 648.542082 503.272501
4 6.056410e-008 661.635003 494.104736
10 1.147740e-007 773.711302 365.977048
10 1.657460e-007 676.500917 476.241066
4 5.239250e-008 659.121399 551.520833
5 1.681690e-007 643.876349 617.555101
9 6.392910e-008 585.619894 601.145037
10 2.197520e-007 631.730374 485.860678
4 1.891680e-008 653.852000 514.034057
10 8.933490e-006 732.621001 471.618413
4 7.137720e-008 702.948866 522.626449
9 8.482670e-008 788.178549 670.248601
11 1.440080e-007 811.593231 638.406041
10 3.074490e-007 783.636897 567.057053
4 7.470830e-007 724.125870 618.788985
5 3.017790e-008 787.312250 642.796266
9 7.430860e-008 880.939811 669.643837
11 3.184340e-008 920.735386 659.496021
10 1.920140e-007 815.344360 550.568093
4 7.818060e-007 776.316137 618.166947
5 2.816830e-008 778.648501 633.821069
9 7.429370e-008 848.943212 570.527689
10 8.551800e-007 764.130315 515.485379
4 8.117620e-008 827.483318 503.170729
9 1.588750e-007 760.652872 665.446569
11 2.577240e-008 708.981951 710.363408
5 1.714790e-007 703.421215 715.197281
2 1.526120e-007 639.307595 822.886407
3 7.956450e-007 863.614874 933.704667
11 9.587190e-008 829.279750 906.481701
9 9.876000e-008 681.945629 825.659563
2 9.051590e-008 672.675017 788.477581
5 6.365920e-007 643.984882 673.584486
4 6.377980e-008 635.387494 670.455284
6 4.706670e-008 443.804918 592.131039
5 3.715350e-008 609.029511 585.386996
4 1.252530e-007 702.612767 578.843192
10 6.213920e-008 706.996126 578.536686
9 6.575400e-008 788.023881 572.870824
10 1.170260e-007 609.768763 486.390920
5 1.559030e-007 563.424267 591.921365
4 2.850590e-008 555.577800 596.451540
6 1.390030e-007 457.818704 602.383893
6 3.773980e-008 295.027080 541.952237
7 2.952690e-008 201.142063 531.249996
7 5.334670e-008 147.324126 505.437977
6 1.325990e-007 356.572226 589.612692
7 6.436440e-008 225.989195 739.247537
8 2.086610e-007 249.340121 794.258857
6 1.911070e-007 315.494162 744.864345
8 1.042790e-007 91.425830 733.305174
7 1.926900e-007 87.292277 729.836715
6 9.483120e-008 277.651783 745.536419
7 2.423340e-007 130.672707 679.451539
8 7.016020e-008 109.907442 756.948222
6 2.873340e-008 252.578208 804.704040
8 2.683990e-006 176.752604 802.720177
7 1.150150e-007 181.064616 651.054187
6 1.737610e-008 176.340859 640.484742
2 8.944510e-008 360.386784 914.270828
8 1.937600e-008 128.692842 936.731369
7 7.539370e-008 135.116501 766.661289
8 4.130240e-007 161.343514 863.282723
8 1.778880e-008 345.883955 859.420100
6 5.848450e-007 395.282199 723.697921
8 4.607170e-008 182.164408 968.673857
6 1.477020e-008 251.109821 948.129206
8 2.432900e-007 126.494214 808.348502
8 2.334430e-008 410.136456 856.167725
2 5.294140e-008 383.944758 793.840085
6 6.242600e-007 331.415110 728.970979
8 3.377650e-008 375.670014 916.056130
2 1.074150e-007 397.323095 935.147388
8 3.753340e-007 139.681691 887.444448
7 1.250330e-007 50.057743 799.138637
8 2.325200e-008 250.456553 725.667790
6 5.801190e-008 260.294821 655.666866
7 1.455360e-006 60.960038 631.610533
8 4.124660e-008 134.805773 720.487469
7 4.539350e-008 172.545763 775.954367
8 8.275030e-007 203.176391 847.721099
6 3.492210e-008 360.372371 909.327720
2 4.823340e-008 379.033243 826.355240
6 3.074130e-006 367.048182 656.370781
7 1.043330e-007 173.958922 593.627214
6 1.129040e-007 358.281258 578.501079
5 2.973710e-007 565.479437 641.455438
10 1.416020e-007 594.792205 505.044438
10 1.993080e-007 632.819236 557.228975
4 2.557800e-008 668.795624 624.890319
5 5.786390e-008 674.678506 635.873377
9 1.454000e-007 678.885798 636.615255
11 5.768130e-008 833.277236 663.839344
10 6.660850e-008 745.532212 621.096029
4 7.089520e-008 829.917668 592.040006
9 1.800760e-008 845.383005 586.714904
11 6.528090e-008 773.469915 678.451139
5 7.811050e-008 743.562987 653.162553
10 1.367630e-007 812.564573 572.870334
4 8.294070e-008 888.195954 648.501212
9 1.096030e-007 849.887816 753.982037
11 9.776680e-007 842.602416 760.315100
3 6.484240e-008 798.466781 798.681395
4 2.125680e-008 886.679648 545.709156
10 2.004780e-006 746.329028 502.629866
5 3.354870e-006 580.214029 676.087686
9 7.842280e-008 539.718444 630.549486
6 3.217100e-008 500.910771 511.112332
10 6.731800e-008 610.355742 557.806216
4 1.976370e-007 694.358280 595.206644
5 5.795190e-008 570.164839 539.912272
2 4.654640e-008 578.484646 681.930182
9 2.383020e-008 628.762674 607.390639
4 5.458970e-008 658.556710 563.219577
10 3.561540e-007 647.918162 538.491949
5 1.666340e-008 567.150547 519.845083
6 1.071440e-007 490.220664 698.976933
2 7.296690e-009 659.245728 767.267105
9 9.146200e-008 662.390124 768.537516
11 1.492230e-007 726.998215 776.261371
4 4.759670e-008 727.342947 776.237266
5 6.481820e-008 754.308445 774.351708
3 1.709380e-007 812.378949 770.291140
9 9.185320e-008 556.254855 758.371946
2 5.395350e-008 506.603410 746.714810
5 2.767930e-007 504.061514 732.299001
6 7.110510e-008 484.461531 621.141948
6 1.413930e-007 358.141789 587.839002
5 3.147790e-008 373.587741 561.923602
6 3.462070e-007 401.709538 627.007990
6 4.121240e-007 336.031234 754.456528
8 7.282040e-009 336.702236 749.682080
6 1.172930e-007 245.561469 751.729138
8 1.015640e-007 241.060385 753.456929
7 4.235190e-008 185.219944 762.139851
8 2.161110e-005 187.781862 835.502490
6 3.485270e-008 160.223789 667.798393
8 7.163740e-008 112.649608 678.682167
7 5.234390e-007 116.407667 668.892094
6 1.522640e-006 328.263009 651.091411
5 3.067520e-007 547.806582 615.981331
9 7.677200e-008 660.002979 621.083998
4 1.334110e-007 702.845803 610.402175
10 1.083070e-007 768.787341 617.967330
11 7.059270e-008 790.206325 692.664178
3 1.513560e-007 802.502921 784.571087
5 7.608560e-008 693.699933 726.719919
9 1.038830e-007 669.540807 642.782257
4 2.823650e-007 712.845495 594.687766
10 4.491480e-007 774.011395 530.783922
11 1.551660e-007 888.636110 734.353652
3 7.005630e-008 874.742725 822.072198
9 2.343240e-008 767.957785 940.335970
2 1.437840e-007 673.454602 852.490552
11 9.543540e-008 686.660744 790.651754
5 2.918860e-008 693.023439 793.222452
4 8.434140e-009 760.963746 820.672139
3 1.961730e-007 843.034756 853.831004
9 3.301190e-008 802.811584 804.729170
11 2.900610e-007 890.066982 814.457514
4 3.249190e-007 809.992837 661.380480
9 2.630130e-007 805.298719 671.004885
5 3.720770e-008 736.858615 810.527238
3 2.141310e-008 703.365113 868.539662
2 1.689170e-007 624.686966 970.658175
5 9.818050e-008 646.495174 820.947453
9 8.443490e-008 613.409629 792.771340
11 2.298680e-008 578.510863 775.750045
2 1.260200e-008 499.670156 737.296793
6 5.557230e-008 474.272884 782.437991
5 1.920300e-006 597.939587 733.487682
9 6.201460e-008 587.142110 665.316086
4 3.124670e-008 582.138798 640.443828
2 8.734130e-008 540.979474 723.200068
6 1.227250e-007 486.878399 669.098636
5 1.179340e-007 476.462901 629.573090
4 2.269210e-007 681.793589 573.393949
9 8.377430e-008 692.849590 560.675473
10 1.773890e-006 744.429270 501.339828
11 1.207630e-007 740.284527 704.113875
5 1.520960e-007 666.961629 761.400104
4 1.731510e-008 657.208662 782.719457
9 1.875230e-007 673.996602 781.250684
2 5.286340e-008 686.654845 780.143218
3 4.121770e-008 794.304587 799.752877
11 1.037500e-007 713.293645 871.146498
9 4.888240e-008 860.056132 851.423083
4 2.039880e-008 664.372247 739.779756
5 4.073420e-007 655.390350 713.694236
10 6.321170e-008 639.138147 644.144124
9 8.881160e-007 687.665945 748.213247
11 2.127800e-007 744.382215 761.716486
3 9.188520e-008 895.091486 745.445161
4 1.030750e-008 897.945478 761.630695
9 5.252300e-008 749.080555 900.336560
11 4.010150e-008 752.826035 901.849835
3 1.214120e-006 899.785690 961.225497
2 4.089330e-008 746.480718 778.419498
5 6.910770e-008 757.006942 692.687856
4 2.582590e-007 758.067782 684.047763
9 1.102890e-007 755.937802 669.160662
11 7.294570e-008 752.052471 670.972430
6 2.919050e-008 432.098871 501.027590
5 5.399310e-007 553.130216 642.077924
9 1.392420e-007 599.069186 768.294436
2 4.480720e-008 684.104866 848.449782
11 7.109820e-008 755.857559 906.554262
3 1.791480e-007 761.796561 861.337779
4 4.614820e-007 736.547688 687.173527
5 6.093310e-008 734.166223 674.921954
9 4.697040e-008 705.442022 527.148769
10 6.026570e-007 704.738664 523.530308
10 6.344680e-008 833.050540 401.307068
4 5.132060e-008 720.856576 531.122482
9 1.240940e-007 802.219743 635.249481
11 5.945730e-008 799.974687 638.706554
5 5.240640e-007 628.611081 773.146191
2 9.453080e-008 554.457650 756.026700
10 4.637240e-007 655.312340 527.729228
4 9.487630e-008 656.193883 521.456902
9 5.188370e-008 657.057106 515.314920
10 2.181640e-007 752.564299 351.301124
4 6.398880e-008 692.317285 474.383167
10 9.484470e-008 604.548146 498.456464
5 7.508900e-008 673.716951 584.559381
4 1.000770e-007 716.903033 580.780998
9 9.892890e-008 767.318604 576.370102
10 5.144490e-008 785.000511 573.920861
6 7.191590e-008 414.153185 529.820507
5 6.936040e-008 597.092307 549.005339
10 2.185180e-007 645.067300 489.761266
4 5.474290e-008 688.584400 436.022224
10 8.476570e-008 769.026323 352.489883
10 1.002820e-007 780.558197 406.034459
10 1.034240e-007 791.360790 406.949180
10 5.474690e-008 798.436078 357.038327
10 1.655780e-007 689.974303 386.281680
10 1.659390e-007 636.017716 529.170334
4 5.873070e-008 590.720026 570.430257
5 1.763990e-007 584.248526 571.688186
6 2.316590e-007 347.877618 589.819367
7 6.621190e-008 181.186143 612.195587
6 1.818300e-007 289.843488 592.266856
7 2.110470e-007 114.097431 569.312037
7 7.912220e-008 78.418899 507.132925
7 2.214670e-007 135.432304 596.562072
6 1.516080e-007 435.438996 594.908652
5 1.091340e-007 474.957383 596.968127
10 8.634160e-008 701.553790 590.150506
4 1.889250e-007 707.608389 590.786857
5 8.666070e-008 735.045939 593.670599
9 1.066230e-007 732.322750 556.961576
10 4.138270e-008 704.001112 380.541267
10 1.682210e-007 743.453885 409.810111
10 8.640930e-008 789.767635 366.038694
4 4.490060e-008 664.106798 493.762044
9 2.220200e-007 736.077452 610.979073
11 3.490690e-008 797.353660 582.405565
10 1.250460e-007 809.838061 541.570872
4 1.000710e-007 688.339090 496.820183
6 1.624280e-007 457.328507 604.130757
5 1.937970e-007 545.285777 641.466406
6 7.744900e-008 370.024596 810.056234
8 2.795920e-007 242.645774 875.260676
2 7.024690e-008 394.246452 913.897452
6 4.968710e-008 234.460828 774.690663
7 1.263920e-007 140.871178 733.021997
8 1.406200e-007 86.618212 708.867097
6 3.318590e-008 394.286428 828.886045
8 3.702860e-008 180.686942 905.161113
7 2.810020e-008 223.832856 736.055336
6 1.643540e-007 271.459104 726.717479
8 2.016120e-007 244.631851 806.687569
6 3.393870e-008 229.962610 814.487348
7 4.651950e-007 120.755905 680.003017
8 9.646640e-008 328.440791 806.432276
6 8.863000e-008 341.855729 783.398760
7 9.817300e-008 51.286262 793.503040
8 1.431360e-007 123.181863 861.801412
6 5.251120e-008 226.039303 832.864960
8 3.962660e-007 208.181914 843.174948
7 2.638360e-008 210.402127 732.915892
6 4.628110e-007 401.801509 732.289975
2 6.404470e-008 349.011513 856.654697
8 1.424510e-008 302.116943 814.465076
7 4.052290e-007 119.407295 656.863089
8 4.043320e-007 128.282399 804.774638
6 9.608780e-009 147.997638 761.750542
7 2.236470e-007 75.214472 739.498563
8 1.257500e-007 269.307442 763.715680
6 6.058700e-008 325.876480 832.931099
7 5.307820e-007 60.212146 668.401175
6 3.496370e-008 173.244154 669.656111
8 7.355560e-008 105.905818 720.399300
7 2.100360e-007 19.218850 788.166763
8 3.110850e-008 60.938175 943.865747
6 5.760940e-008 247.146764 655.908078
7 3.873940e-008 257.236109 653.763524
8 1.794110e-007 241.619966 750.946190
8 4.626910e-008 169.189566 946.498683
8 1.874290e-008 157.198506 977.172998
8 9.580400e-008 211.026089 917.520779
6 1.008900e-007 220.088519 711.770153
8 1.008430e-007 246.464887 931.061259
6 6.211950e-008 304.292123 805.938869
5 1.816970e-008 381.291891 720.946879
8 6.699430e-008 224.354193 762.367161
7 3.610510e-007 63.606243 713.221700
6 1.580220e-007 379.630164 744.659462
8 3.087670e-008 383.887196 742.395941
10 5.120830e-008 566.689289 532.315223
5 6.132490e-008 459.563935 583.513009
6 1.123090e-007 472.093740 570.076495
9 4.132630e-008 680.783712 550.287268
4 1.699570e-007 688.929505 544.792857
10 3.831880e-007 696.968297 539.370619
5 5.120340e-008 703.471693 534.984020
11 1.061110e-007 730.216101 722.469461
4 2.159050e-008 522.687810 514.206935
10 2.424090e-008 512.919097 513.523835
5 3.257170e-008 505.016236 512.971209
6 2.055920e-007 419.255549 622.261338
8 1.664620e-007 293.625618 846.023392
6 1.343340e-007 306.088356 771.424974
8 2.791850e-007 227.719376 801.428549
8 2.228230e-008 267.716334 987.839265
6 6.783280e-008 217.074242 811.966007
8 5.173260e-008 33.942487 729.620823
7 7.520420e-007 24.326276 709.904740
6 5.917680e-008 203.655852 776.410106
8 1.377520e-007 98.871845 903.834184
7 3.571010e-008 28.541124 843.227624
8 5.480780e-008 76.400083 914.180143
6 3.958610e-008 314.851346 826.009712
8 4.752710e-008 319.872902 866.906348
6 1.162870e-007 262.483179 707.574209
8 1.297500e-007 227.464870 733.016341
7 7.161780e-008 148.797019 778.810923
6 4.832500e-008 271.401042 877.781781
8 5.261920e-008 233.430263 888.390372
7 1.116310e-007 65.924593 753.408042
8 1.735370e-008 24.570073 754.245289
7 2.028670e-008 272.896841 706.742562
6 3.231310e-007 283.965541 707.710959
8 2.213800e-008 348.218804 713.332452
7 3.162420e-008 100.322547 868.386408
8 1.091110e-007 147.036047 924.057534
2 2.227810e-008 296.028142 808.446812
6 9.858090e-008 228.666808 738.692076
8 9.271140e-007 168.123517 882.191837
7 1.602200e-007 113.686909 731.981475
8 4.908040e-007 136.654694 834.802258
6 1.344550e-007 261.659402 728.744305
8 4.705640e-008 142.597408 915.087614
2 8.239320e-008 392.627196 865.288300
8 4.074810e-007 207.679040 863.346831
7 5.997850e-008 146.136902 731.369057
6 4.268750e-007 315.298405 761.493392
8 1.011480e-007 313.885601 799.970703
7 1.755230e-007 184.265063 708.426931
6 4.876090e-008 190.127272 693.155268
8 4.927450e-008 191.439939 667.886575
8 2.619380e-008 334.700925 1002.026696
6 1.216300e-007 288.096567 852.396270
8 5.774450e-008 337.657649 770.163010
6 1.246190e-007 258.943727 657.999519
7 1.274840e-008 157.430949 800.765478
8 5.638220e-008 217.626908 950.913357
6 3.490630e-008 287.566223 811.210177
7 3.560220e-008 218.645777 763.819021
8 9.547400e-008 263.708183 736.649930
6 4.727780e-008 276.311557 916.878353
2 1.183760e-007 408.645676 916.634063
6 4.551000e-008 296.266345 812.236108
8 6.256460e-008 292.684954 808.654740
8 3.567820e-008 368.539047 832.800004
6 3.004600e-008 420.376727 844.724628
2 3.277980e-008 359.809776 863.241778
8 8.341720e-008 247.366734 977.040113
6 3.713290e-008 108.637206 709.143780
7 1.929400e-007 90.528054 698.262699
8 4.325570e-007 130.881362 824.986643
6 1.902590e-007 395.743397 750.088264
5 1.352400e-008 446.110306 583.309721
5 9.894320e-008 598.364951 560.180033
10 2.082450e-007 688.073502 569.608756
9 1.680730e-007 733.242778 574.356226
4 5.293880e-007 765.025204 577.696685
10 7.582850e-008 714.472376 617.203163
9 2.254190e-007 699.400637 673.451748
5 1.486760e-007 693.859636 694.131075
4 2.783710e-007 691.606612 702.539490
11 1.233790e-007 682.375590 736.990185
2 4.592790e-008 583.811552 784.846787
9 2.252630e-007 710.739007 610.613850
5 5.114230e-008 731.511860 605.434654
4 5.328010e-007 739.958260 603.328754
10 9.307460e-008 784.032573 592.339917
9 3.122740e-007 673.313007 750.763030
5 1.492520e-007 706.104686 772.058125
4 2.766270e-008 713.852324 777.089483
11 3.881410e-007 727.279034 785.808862
3 5.983110e-008 681.756471 808.652807
2 9.123190e-008 654.792617 824.527998
9 1.108620e-008 753.829451 863.739772
11 7.786800e-008 703.561035 829.833281
4 4.166250e-008 635.025182 783.605242
5 1.657160e-007 632.441409 819.716386
2 8.527230e-009 689.185286 933.733664
9 3.987660e-007 743.149670 760.479553
11 2.417560e-007 772.538922 709.575895
4 7.586560e-007 812.608131 640.174017
10 8.519190e-008 754.029378 637.500334
5 4.523650e-007 662.830311 685.991825
6 9.788910e-008 454.512338 688.100046
2 3.143150e-007 487.936948 860.055520
5 7.620040e-008 543.479640 710.879184
4 4.946390e-008 570.789406 638.211897
10 2.929410e-007 633.201418 491.176701
9 2.198940e-007 653.176347 655.170287
5 2.128110e-007 674.208725 652.587922
4 1.936940e-006 746.359666 650.792994
11 3.822500e-008 803.315361 705.794445
3 1.047730e-007 860.870486 766.296861
9 3.080360e-007 802.576617 655.813262
5 2.772430e-008 823.545278 656.179334
4 6.421000e-008 912.698900 657.735782
11 5.670130e-008 877.857650 676.694535
3 2.054920e-007 819.593331 886.597580
9 4.571440e-008 821.317696 885.477767
11 2.071340e-007 859.235408 858.369177
2 9.995660e-007 581.406531 917.182661
5 1.249540e-007 569.578419 819.352031
2 2.548380e-007 577.707071 811.223434
9 1.842490e-006 701.575702 699.967919
11 1.092700e-007 708.686382 694.609649
4 8.739750e-007 760.738235 655.385849
10 4.241760e-008 806.214129 685.477538
3 4.491710e-008 769.532155 814.962336
5 1.570820e-007 663.468627 751.232889
9 7.762920e-008 591.751125 761.049561
2 1.212990e-007 563.406260 800.063058
11 1.168090e-007 728.785149 855.775455
3 5.237260e-008 788.656140 733.021686
4 1.361900e-007 800.373425 708.997681
9 4.118780e-007 780.711549 722.949610
5 2.315120e-007 671.022700 805.606210
2 2.723890e-007 635.041663 817.697741
10 1.048970e-007 788.227020 622.085103
4 2.527100e-007 832.733754 618.972852
11 7.277800e-008 870.491107 616.332568
9 6.214530e-008 869.717361 612.648031
4 3.832040e-008 733.433707 771.511774
11 2.602750e-007 713.693221 800.778408
9 5.140310e-008 710.233757 805.907303
5 3.562070e-008 764.267165 839.685694
3 9.909410e-007 839.003199 863.969022
4 1.722130e-007 701.198000 691.721310
11 3.204310e-008 701.198000 653.871772
9 3.229880e-007 701.198000 647.238782
10 7.573230e-008 725.244369 612.865141
5 3.758800e-008 733.097203 614.391578
4 5.800800e-008 626.934419 508.939460
10 4.488420e-008 554.565695 428.491662
5 3.588590e-007 597.672940 613.308911
4 3.141240e-008 642.099162 679.173243
9 4.253280e-007 654.639009 697.764262
11 5.778090e-008 614.445122 680.822084
10 8.847480e-008 647.898615 632.047083
5 5.572660e-007 640.381274 634.783166
4 2.898800e-008 565.725629 661.955550
9 8.469660e-008 544.653146 669.625292
6 8.085140e-008 481.659744 798.300269
2 2.091690e-007 479.718426 806.709064
2 6.761980e-006 562.563349 881.671741
9 7.840020e-008 693.474846 805.804905
5 9.703600e-008 694.298447 805.521318
11 8.462610e-007 763.956982 781.536134
4 4.656510e-008 769.416853 779.656163
3 1.488230e-007 844.776097 753.708081
2 2.695480e-008 686.940831 820.257534
9 4.686660e-007 685.000691 661.984282
5 1.811040e-007 684.697629 661.194773
11 2.247980e-008 659.064924 594.419018
4 3.258630e-008 657.055851 589.185182
10 7.399590e-008 634.801088 531.209304
6 4.552370e-008 450.621810 607.351929
5 8.423420e-008 502.326677 633.178466
6 8.596050e-008 477.958911 747.821170
2 3.096850e-008 471.228000 733.497078
9 2.306360e-007 642.336641 693.065702
5 4.063720e-007 627.768400 677.979823
11 1.294640e-008 594.073720 643.087905
4 1.733490e-008 590.335099 639.216443
5 1.157400e-007 663.103415 582.817602
10 7.108950e-008 681.725149 586.775735
4 1.656620e-007 719.656782 594.838273
9 1.102550e-007 749.700971 618.357458
2 6.426700e-008 730.664643 797.945246
11 2.666510e-007 727.918411 817.794278
5 6.734530e-008 687.138951 849.654852
3 5.665500e-007 827.482884 849.131482
11 3.189940e-007 859.587392 750.323097
9 4.970110e-008 850.777610 751.948561
4 6.689350e-008 724.490103 797.913597
5 1.093670e-007 651.851125 813.738096
2 8.260170e-008 613.517484 747.342178
6 7.964580e-008 393.449357 591.907725
7 1.129940e-008 224.247256 541.319236
6 4.659680e-008 452.573731 619.346295
5 7.170870e-008 528.110787 598.100199
5 6.622070e-008 600.093131 519.208682
10 1.205840e-007 677.984498 524.869187
4 2.949340e-007 740.582788 570.349224
9 6.677560e-008 829.577074 635.006955
11 2.311020e-008 842.151308 593.797698
10 7.487790e-008 810.832690 638.919229
4 1.721890e-005 764.039981 626.591796
9 1.260240e-007 690.051564 578.542921
5 9.739270e-008 541.611119 563.154077
6 2.331590e-007 405.254816 624.028941
8 3.718810e-008 362.802394 820.883193
2 2.081630e-007 420.952188 900.180245
6 1.136650e-007 285.919576 794.819732
8 5.428700e-008 339.652064 860.360541
6 2.019640e-007 228.836828 645.622818
8 5.997490e-007 196.535764 866.275100
7 1.090620e-007 165.186762 714.289746
6 9.930950e-008 325.279964 766.307166
2 3.223350e-008 400.829573 973.398433
8 9.998720e-008 270.289440 752.396088
6 6.741680e-008 197.250380 688.904212
7 1.009790e-007 162.066680 653.712881
6 7.460140e-008 290.308378 601.939529
6 3.150880e-008 471.449823 538.137303
5 2.255100e-007 531.577615 702.070051
10 1.945820e-008 562.076362 617.678229
9 8.888910e-008 614.149669 708.149029
4 8.930110e-008 669.780892 658.058351
5 1.058520e-007 674.680177 653.647007
11 4.017610e-008 721.963068 611.073216
10 2.533360e-007 808.551177 487.949610
9 9.343390e-008 783.512803 733.886670
4 6.976480e-008 784.489020 743.174748
11 1.523250e-006 791.828820 813.008204
3 7.583840e-008 741.563829 810.477589
5 1.067860e-007 669.394842 770.473748
2 1.200240e-007 674.822115 908.162073
9 1.420520e-007 717.055690 832.223772
11 1.582130e-007 739.213317 754.951869
5 1.421550e-007 739.741002 753.111637
4 1.403190e-007 757.183757 754.987454
3 2.938030e-007 774.220870 917.088248
9 8.366060e-007 768.963516 707.402478
11 5.592530e-008 679.366246 680.009945
5 1.917350e-007 677.573299 679.461788
4 2.376630e-008 622.114501 665.973557
9 6.516590e-008 718.054255 585.451865
10 2.331860e-007 753.084641 560.000851
4 5.265960e-008 866.755264 477.414477
5 1.670010e-007 505.179622 610.550587
9 8.595190e-008 621.533478 800.108352
2 1.513610e-007 654.338148 809.514823
11 1.528760e-007 713.083920 826.359692
3 1.916820e-007 798.559331 839.929547
4 1.851520e-007 748.350328 685.402733
5 8.336050e-008 752.217136 710.350822
9 1.446190e-007 784.539041 858.662288
11 4.261080e-008 690.226110 871.917124
2 7.453480e-007 596.960443 885.024777
5 2.347560e-006 570.283037 694.199379
9 8.175720e-008 693.892031 801.651623
11 1.094810e-007 662.182095 772.730702
2 3.503360e-008 596.308313 713.417565
4 5.861450e-008 653.387714 689.032630
5 1.262390e-007 748.788752 700.746588
10 1.442680e-007 699.547068 585.713403
9 7.214880e-008 691.438936 571.086030
4 4.942340e-008 731.640407 530.100433
5 4.298850e-007 632.844678 656.296154
10 5.944230e-008 631.331548 658.539465
9 4.967470e-008 630.406427 659.911017
2 3.136300e-008 651.231929 752.753356
11 1.385510e-007 722.856454 771.945155
3 1.183550e-008 697.383625 729.691576
4 9.667660e-008 679.453814 717.136953
5 1.305860e-007 688.020043 612.908421
9 1.624250e-007 691.618842 610.293738
10 1.227450e-007 746.020747 570.768404
11 2.521860e-007 766.666867 723.693011
4 3.145760e-007 806.761958 677.822037
9 8.883760e-007 792.959890 725.000120
11 6.404850e-008 786.279311 912.317541
3 6.296410e-008 785.748062 976.619955
2 3.348690e-007 572.180090 943.007218
5 5.579950e-007 532.028810 743.432733
6 1.111040e-008 546.737914 711.888875
4 1.713570e-008 588.299347 625.847030
10 2.668950e-008 564.803449 684.001550
2 4.098390e-008 521.524676 772.181803
5 9.168810e-008 543.134757 554.159860
10 3.721660e-008 540.112000 589.337464
9 4.525870e-008 583.049791 808.820915
5 1.959350e-007 583.841699 809.140867
2 3.162990e-007 599.631911 815.520545
11 1.111600e-007 749.150293 875.930062
3 1.372370e-007 795.255568 837.107334
4 2.311070e-008 879.380763 711.912953
11 7.016440e-007 860.625346 752.858517
3 5.748130e-008 838.688927 682.831779
9 2.070060e-007 837.927137 680.738772
10 1.485000e-007 788.101086 543.842368
4 1.304050e-007 782.178871 527.571163
5 1.625780e-007 736.743865 672.990677
11 3.059160e-008 790.629861 586.754644
9 6.160500e-008 819.186073 526.300094
10 1.176500e-007 697.309488 583.132076
4 1.662820e-007 682.823509 589.886999
5 1.016510e-007 461.522376 689.114402
6 7.413620e-008 510.697384 661.856229
9 7.407510e-008 643.427381 588.282734
10 3.286430e-007 646.818639 470.576021
4 8.790190e-009 646.536787 454.428459
9 6.796800e-008 879.960189 683.363333
11 1.318870e-007 887.033391 689.511956
4 2.079370e-007 806.608290 663.224028
5 6.229770e-008 723.871874 599.174533
10 1.520840e-007 729.957078 593.884721
9 1.932580e-007 732.432841 656.337547
4 6.405820e-007 747.334628 675.410863
11 8.905890e-008 777.832529 714.446190
3 7.193770e-008 829.900654 724.734378
10 1.740110e-007 761.630793 585.566816
5 1.411410e-007 621.777183 580.683041
4 2.814960e-008 584.237571 555.116399
9 2.022240e-008 549.858907 528.256795
10 4.749940e-008 597.018474 436.373809
5 3.445090e-006 562.600458 693.217662
2 7.312980e-008 622.004490 761.252000
9 1.289730e-007 630.547068 761.252000
11 6.038420e-007 763.837192 780.097863
4 5.109730e-008 763.762378 780.449836
3 6.855600e-008 744.205972 872.455592
9 3.516050e-008 841.181776 784.136284
11 2.003160e-007 798.934066 728.071367
4 9.165560e-007 783.926248 647.836099
10 4.314760e-007 766.700349 533.067149
9 3.456290e-008 850.913338 612.070208
4 1.869180e-008 831.351124 544.504775
11 2.066020e-007 850.368670 701.434355
5 2.117640e-007 647.788353 675.387676
9 4.992840e-008 639.110962 720.028434
2 3.421150e-007 613.815038 846.009907
6 1.651100e-008 509.280153 675.506728
5 9.038630e-008 561.896162 856.044096
9 1.002590e-007 690.228911 826.416236
2 5.639740e-008 723.154850 818.814707
3 5.591890e-008 715.505252 830.627829
11 9.196120e-008 714.632410 831.034846
5 1.866180e-007 673.794838 740.729001
4 5.990890e-008 659.740126 674.243276
9 7.788310e-008 622.066778 613.953824
10 3.214620e-008 577.130110 542.040728
10 2.059540e-008 703.585975 331.534049
10 7.497060e-008 689.183677 308.477405
4 4.984630e-008 763.614548 504.762788
11 1.010130e-007 812.819316 641.565021
9 8.196560e-008 811.748469 641.602413
4 1.750980e-007 700.231820 644.717397
5 4.954420e-008 738.313252 640.041512
10 1.195770e-007 741.026090 639.708412
11 4.971450e-006 791.644259 789.467485
9 4.143490e-007 792.615397 789.920336
3 2.137050e-007 845.014110 814.354368
4 9.480940e-009 909.476899 844.413995
2 3.920010e-007 618.303169 855.389461
9 6.867530e-008 573.610606 814.173359
5 2.598960e-007 524.404310 766.655300
6 4.518940e-008 457.320449 691.022771
10 1.764280e-008 478.619948 426.426083
6 2.977740e-008 407.458860 498.666182
5 4.735980e-007 603.911880 634.589501
4 3.144030e-008 648.523046 631.469964
9 1.572880e-007 760.765237 627.285768
10 5.659970e-008 758.993690 630.354184
11 8.833500e-008 730.138546 680.332847
2 2.994100e-008 684.777522 758.900593
5 4.219440e-008 777.486930 611.256196
4 3.400990e-007 797.560648 591.182620
10 5.599570e-008 892.177357 496.566581
10 4.348270e-006 706.503656 471.058518
4 5.848170e-008 742.869886 523.122630
9 7.344040e-008 855.941621 706.409022
11 6.558500e-007 848.305981 760.754444
3 7.234290e-008 827.539558 748.276805
5 3.730850e-007 686.837328 663.734962
4 1.872610e-007 729.049875 635.944963
10 2.470180e-008 827.947577 591.912610
9 6.199460e-008 762.533567 612.453620
5 1.232400e-007 528.452365 573.028244
6 4.149790e-008 520.042981 600.384965
5 8.495420e-007 608.589306 664.923720
4 1.259370e-008 594.643152 725.331331
9 5.535540e-008 594.455306 726.144983
2 6.578310e-007 580.901711 852.844346
11 1.905560e-007 751.371383 819.707675
3 6.264570e-008 731.019860 751.370333
5 1.191600e-007 667.171135 640.781515
4 5.246330e-008 609.786240 621.636382
9 5.665880e-008 609.033411 621.434661
10 3.604250e-008 569.689124 610.892305
6 6.383840e-008 471.241912 646.748020
2 2.530490e-007 516.519319 801.371383
5 3.688730e-008 662.132329 882.085849
11 2.128810e-008 698.846390 827.718347
9 4.952240e-007 707.708297 782.128872
4 7.273200e-008 795.427650 717.696565
3 2.396250e-008 850.161113 749.286829
5 5.865880e-008 699.269033 777.101316
11 9.070360e-008 699.035818 790.462411
9 9.458590e-008 698.216849 837.381838
2 1.675640e-008 697.501361 945.222968
3 1.069250e-006 874.342978 939.531383
11 4.220460e-007 762.486274 811.717832
9 5.767290e-007 807.533385 763.410579
4 1.162740e-008 818.055037 752.127456
3 6.463710e-008 764.857057 798.928672
11 6.576920e-008 814.832842 624.643858
9 8.295310e-008 758.892250 605.363902
4 3.776740e-006 743.655254 602.125166
10 1.965690e-007 728.548194 598.914049
5 1.438730e-007 614.821977 583.889977
11 9.302460e-008 767.436296 913.727668
3 1.760890e-007 771.693065 930.847198
9 1.065620e-007 776.638562 909.426005
4 2.251240e-008 754.096921 819.510222
5 5.285120e-008 709.186860 873.031599
2 4.283280e-007 618.399070 903.900434
5 8.502380e-008 476.060928 781.210805
2 4.131600e-008 474.595552 760.255825
6 7.083630e-008 470.668280 704.095584
4 2.366780e-007 655.034394 620.372795
10 2.490490e-008 634.856734 675.810272
9 7.679400e-008 632.607939 681.988765
11 4.442150e-008 603.975381 760.655810
5 3.714990e-007 598.216670 776.477686
2 1.016910e-007 596.712333 782.290124
3 9.743570e-009 763.542575 849.514417
9 4.384450e-008 699.168586 812.633512
11 5.786790e-008 620.274944 777.508032
5 5.188880e-007 604.407485 770.443431
2 1.480250e-007 598.711951 767.907632
10 1.169180e-006 690.933575 516.962327
4 1.521920e-007 772.244829 526.738738
3 4.356240e-008 866.950047 802.034413
9 7.657750e-008 866.458625 804.162972
11 1.229030e-007 865.512808 808.259715
2 1.490260e-007 635.095022 813.958164
5 2.588380e-006 610.323989 742.017835
4 4.893320e-008 577.586602 667.408585
9 4.042920e-008 511.852424 791.036113
2 7.070230e-008 667.233642 987.673225
3 6.709250e-007 830.446572 943.875823
11 9.781370e-008 765.915832 906.618915
9 1.219130e-007 664.913289 848.304962
2 1.238620e-007 536.284392 985.105390
5 6.163060e-008 544.497543 869.977330
2 1.371860e-007 612.807000 795.619063
9 1.513980e-007 626.420885 728.129469
4 1.408460e-007 678.964169 673.719532
10 6.621020e-008 727.883804 623.061977
11 3.462390e-008 772.363572 617.993374
5 5.069590e-008 792.797280 643.226716
3 1.023570e-007 783.871873 780.429918
9 2.373320e-007 695.640120 804.071595
4 5.100770e-008 624.085932 670.809305
2 1.639670e-008 623.045483 668.234123
5 2.435700e-007 586.921621 587.209747
6 3.111320e-008 516.511564 616.091119
10 4.168640e-008 600.635327 486.551360
9 1.934690e-007 608.512210 693.121046
4 3.826240e-008 609.811964 702.369369
5 1.418030e-005 610.729465 708.897799
2 1.042510e-007 630.517903 849.701310
11 4.294440e-008 626.179898 812.366907
6 1.054370e-007 434.735953 604.980180
5 3.249710e-008 576.768733 532.275064
10 2.831590e-008 493.871377 547.750941
6 1.203500e-007 377.682677 594.703766
8 1.090890e-007 189.251615 739.833194
7 1.059740e-007 116.763525 761.995072
8 9.461220e-008 247.872731 774.134865
6 3.033880e-008 306.188015 791.985078
2 6.795120e-008 375.740427 846.445595
8 8.139350e-008 343.219372 735.070573
6 5.281820e-007 316.216396 720.627262
7 6.126680e-008 237.597941 792.277730
8 7.753520e-008 264.168952 728.196423
6 3.224080e-008 209.470760 702.441347
7 2.955260e-008 140.203692 811.219174
8 3.402820e-007 196.329279 905.672066
6 3.400410e-007 295.807842 719.571335
5 1.590390e-007 522.579645 617.232635
6 4.145390e-008 400.691184 454.366832
5 1.072080e-007 520.027157 654.333881
6 2.770680e-008 538.378733 676.996212
9 2.408720e-008 524.499898 676.043898
2 4.824040e-008 523.060434 674.604434
6 1.383720e-008 155.576101 546.852204
7 2.619020e-007 40.793994 560.945748
6 8.970270e-008 416.872868 588.422472
5 3.002870e-008 391.821321 706.279778
8 6.129940e-008 324.521148 934.375616
6 2.850540e-007 366.455376 756.180281
8 2.674460e-008 392.869337 767.150338
2 3.010480e-008 408.125137 726.581428
6 1.509430e-007 352.222438 542.070719
5 9.165810e-008 428.611011 775.798719
6 1.043430e-007 431.460349 783.221468
2 2.900270e-008 385.494612 790.224413
8 1.636200e-007 243.788571 770.010296
6 3.299740e-008 487.985122 481.100359
5 7.716370e-007 564.161710 651.166947
9 4.070510e-008 574.095910 618.839408
10 6.533750e-008 554.646358 611.380958
2 3.768210e-008 610.270511 698.591476
5 5.006080e-006 622.440498 691.565142
4 4.140750e-007 709.334177 634.334134
9 1.437500e-007 633.891948 638.287877
6 7.808560e-008 481.339030 595.498120
6 1.091580e-008 471.161033 471.406354
10 1.298520e-007 613.606926 575.752535
5 1.560040e-007 642.752910 607.007767
4 1.172990e-007 648.229472 660.078330
9 1.228460e-007 620.832862 716.249625
2 2.820120e-007 582.067737 807.323670
11 5.777930e-008 721.571058 688.894749
5 6.006410e-007 605.308312 653.349792
4 4.738780e-009 544.773118 634.842395
9 2.845720e-007 642.595797 733.653101
2 4.393720e-008 705.344330 756.109677
11 1.670140e-008 818.590676 634.667971
10 5.261940e-007 706.639401 562.809517
4 5.847300e-008 676.815532 550.149963
10 4.679220e-008 778.804148 312.345755
10 1.892640e-007 752.762300 401.676909
4 7.700040e-008 655.102138 545.575612
5 1.990260e-007 578.904342 577.920018
10 3.078820e-007 698.261287 561.189272
9 1.718640e-008 748.458354 556.797550
4 1.431020e-008 893.100368 547.183627
11 5.843520e-007 803.091209 723.836261
5 4.207900e-008 659.995977 606.138502
10 7.012280e-008 649.453265 597.292099
9 3.266580e-008 614.221471 546.148300
5 1.074850e-007 522.765268 602.866266
6 1.001890e-007 500.634742 682.820701
4 5.408320e-008 667.288353 668.240906
9 3.034260e-007 678.067976 667.297844
11 4.365950e-008 612.261527 656.730772
5 1.303160e-007 486.841153 729.966409
2 2.454970e-007 501.461327 833.994810
6 5.583510e-008 497.420393 690.577313
9 3.026520e-007 699.834717 661.479731
4 2.569580e-007 702.178821 664.813410
5 8.884330e-008 731.887752 725.725769
11 6.432350e-008 733.280946 728.582239
3 1.463600e-007 803.756309 819.705808
9 1.079140e-008 826.970524 829.692664
4 4.188860e-008 825.429819 833.706341
11 1.760270e-006 785.042161 806.709549
5 1.257190e-007 680.832387 683.587722
6 1.013690e-007 309.993990 539.019486
5 2.620500e-008 405.718102 767.840932
2 4.443870e-008 348.274368 885.617037
8 1.795590e-007 214.418998 927.128672
8 1.391500e-007 106.595028 933.877219
6 6.352740e-007 297.201268 700.375331
8 1.815470e-007 216.012279 767.919028
8 1.824620e-006 192.878352 807.810207
7 6.002510e-008 209.619526 788.878100
8 3.042110e-007 124.460745 880.792824
7 7.740620e-008 103.427402 847.024771
8 2.008640e-007 249.145958 882.289147
6 6.779700e-008 320.848027 817.811347
8 1.432160e-007 225.423539 895.656906
6 5.938470e-006 348.976438 685.775930
8 6.747050e-006 199.716435 823.065007
7 3.188260e-008 260.960962 717.182801
6 1.191930e-007 261.140134 716.969272
5 1.014770e-007 547.965688 588.696136
10 7.882500e-008 603.345735 339.833568
10 6.713680e-009 595.443412 251.698202
10 6.767220e-008 535.439567 429.338358
6 5.327260e-007 409.812812 670.003695
8 7.168330e-008 252.797652 943.312781
8 3.801520e-008 169.178409 958.820127
2 1.459010e-007 423.925083 909.464821
6 1.108230e-007 359.414273 779.339876
8 7.322170e-008 323.990248 858.903116
6 2.585920e-007 315.636477 728.035193
8 1.411720e-007 169.331051 748.377781
7 2.046220e-008 214.934261 787.162223
6 1.776670e-007 418.024763 688.561810
6 9.473790e-008 363.102906 525.007000
10 7.290760e-008 602.235368 465.376737
4 1.910260e-007 693.914009 587.038117
9 4.323350e-007 705.378166 658.749613
5 6.738270e-008 700.429018 674.937512
11 6.167700e-008 686.892340 719.213901
2 1.157770e-008 747.591234 791.530144
3 7.379920e-008 715.771400 818.572004
9 9.420170e-008 638.955566 834.314775
11 2.107020e-008 601.384049 806.002823
5 5.427940e-007 557.009393 772.564376
6 3.907930e-008 552.076436 745.173717
2 9.169390e-008 560.661471 748.642277
4 1.298790e-007 650.098476 601.490685
9 8.542860e-008 647.114739 584.569179
10 9.093200e-008 703.288628 624.671008
5 1.561130e-007 726.096039 641.241504
11 7.568960e-008 778.642510 679.418616
4 8.573700e-008 708.137662 732.744430
9 8.848400e-006 708.418048 733.438411
5 4.121660e-007 669.096529 736.626884
11 2.659540e-008 613.421453 704.482795
6 8.532630e-008 455.604253 558.041582
5 8.740790e-007 600.210390 649.730067
4 2.462140e-008 624.055868 727.725306
9 1.819350e-008 624.279218 728.455854
2 1.023990e-007 678.034976 833.607420
11 8.085840e-008 774.415311 872.547490
3 5.055060e-007 840.117524 899.422568
9 1.761770e-008 567.497311 810.329025
5 3.377500e-007 566.721230 809.933593
2 7.548970e-008 464.520305 757.859775
6 4.912580e-008 491.002229 807.468436
3 1.451880e-007 723.711108 912.997805
11 6.666560e-008 681.691235 855.162103
9 4.968550e-008 681.054792 854.286109
2 6.277740e-008 674.025433 844.610975
5 2.422460e-007 658.397877 784.364887
4 2.695840e-007 715.771408 649.201256
10 7.388250e-008 777.263841 652.486721
3 1.440130e-007 868.915347 777.804466
11 2.929710e-007 816.122216 845.376785
9 1.174860e-007 815.462515 846.221167
4 7.870140e-008 705.705915 706.305071
5 5.442340e-008 727.597995 702.837725
11 8.241290e-007 839.018663 772.336822
9 1.776520e-007 838.539044 773.320186
3 1.458350e-007 812.660938 826.378187
4 4.496610e-007 778.031000 654.482096
10 2.996840e-007 778.031000 497.487069
9 7.224580e-007 725.189316 697.430649
5 1.079810e-007 728.611439 746.368716
11 1.332250e-007 729.965214 765.728358
4 2.221150e-008 734.473164 830.194276
2 4.010050e-008 773.065846 883.929191
3 9.985650e-007 848.969399 926.003460
11 6.555900e-008 917.197076 845.648219
3 4.677510e-007 823.782637 896.854061
9 1.685190e-007 767.837323 827.605101
11 2.272260e-007 858.180651 699.835271
4 3.490470e-008 848.266728 696.992486
5 1.649300e-006 630.806797 710.669169
9 1.015080e-007 549.883955 748.404367
2 1.455050e-007 548.092208 749.239878
6 4.079280e-008 542.915767 717.179271
5 7.798880e-007 558.081121 706.160996
9 4.231300e-008 631.032400 653.158793
4 4.385980e-008 616.538374 657.550854
2 8.779880e-008 552.913684 795.716859
5 7.013360e-008 642.612702 806.301627
9 1.496420e-007 623.864670 718.099788
4 5.213050e-008 610.647273 640.213102
10 1.273490e-007 637.310150 471.868880
4 1.469070e-008 703.098456 434.895608
10 9.204990e-008 692.768667 350.764647
10 3.224770e-006 750.331787 516.804959
4 4.750070e-008 749.622981 517.358740
9 8.882850e-008 665.434823 622.551866
5 1.745140e-006 633.401369 698.018006
2 4.282580e-008 702.593106 755.922293
11 9.288880e-007 775.054245 750.855284
4 1.060260e-007 831.224262 634.945571
9 3.904590e-008 829.176418 530.039490
10 4.627470e-007 789.029507 513.819073
4 7.500810e-008 787.301812 539.021644
5 9.227460e-008 689.384902 604.376092
10 7.835290e-008 706.329774 612.640636
9 9.948340e-008 712.674862 615.735333
11 1.196630e-007 851.219282 683.307779
4 6.912980e-008 717.929237 504.754909
10 4.862850e-008 549.478250 469.821734
6 5.190460e-008 319.658505 524.082719
7 1.386930e-007 73.711731 557.380144
6 2.460090e-007 315.364345 611.681499
7 1.790500e-007 13.826690 589.255971
6 1.642360e-007 354.440176 592.735370
5 2.871390e-007 561.790933 619.176327
9 1.185330e-007 578.378903 713.252124
2 7.117860e-008 665.663634 803.442931
11 6.261700e-007 760.430442 816.761479
3 4.144550e-008 798.935783 788.244034
4 1.655000e-007 800.608266 692.427370
9 2.154300e-006 748.568805 712.629995
5 5.458650e-008 712.269337 780.899180
11 5.179940e-008 683.896281 931.851812
2 1.171980e-007 683.539078 934.760981
9 6.896600e-008 658.860214 808.144285
5 1.900200e-007 664.206147 805.764128
11 5.506810e-009 615.176824 848.325711
2 5.598300e-007 612.752918 849.960652
9 3.854590e-008 794.239252 901.837233
3 3.596700e-007 822.471871 939.303299
2 1.507040e-007 665.008167 886.758941
11 6.248900e-008 736.369610 747.561406
5 9.497160e-008 742.916387 750.614199
4 1.778000e-008 774.757285 765.461764
9 2.470860e-007 832.553843 792.412578
3 3.881730e-007 917.666745 830.826481
10 4.856440e-008 803.383816 570.433738
4 6.536340e-008 790.281704 470.691818
9 4.558750e-008 641.308386 624.291027
5 2.382150e-007 641.445965 625.159680
11 5.069380e-008 629.599276 862.410388
2 2.791710e-007 627.874019 864.968200
9 7.257360e-008 697.505908 805.077716
5 1.735170e-007 732.344282 742.227951
4 4.861520e-007 768.587850 676.843162
11 4.125710e-008 753.841394 659.317904
10 3.608790e-008 710.687067 691.836922
2 3.531400e-008 589.346248 703.533609
5 4.338170e-008 505.368972 514.521098
10 6.300830e-008 619.643977 509.817578
5 5.554520e-008 637.580231 488.442043
10 9.292660e-008 796.014790 362.773929
4 7.103770e-008 672.791739 597.938855
9 6.550360e-008 666.649798 589.167283
10 2.022730e-007 656.117500 574.125653
5 2.362040e-008 651.885369 568.081564
5 1.749500e-007 541.307285 618.881760
9 2.078820e-007 620.857168 717.117782
4 5.035640e-008 623.703674 720.632927
2 1.102020e-007 681.953755 829.373167
11 1.014430e-007 702.004100 868.724109
3 1.998620e-007 737.364886 910.815117
9 3.754640e-007 729.808160 794.276624
4 3.513740e-008 716.913374 746.250839
5 3.769150e-007 727.768724 726.667029
11 8.651040e-008 757.058792 673.825703
10 1.091780e-006 748.193831 511.874869
10 1.871940e-007 629.104869 497.275692
9 2.725820e-008 548.197520 591.202016
5 1.407420e-007 541.051824 582.981888
6 2.595640e-008 499.721721 535.437365
10 1.887910e-008 476.255430 454.636695
6 1.252510e-006 365.584618 660.075709
10 9.200460e-008 558.901377 412.712318
6 7.926650e-008 276.130836 582.570356
7 3.189940e-008 111.231676 473.765827
7 2.441260e-008 199.961696 543.380486
6 4.396290e-008 385.375849 571.145669
5 3.011950e-008 385.347663 638.757729
8 8.165530e-008 259.483760 828.110027
6 6.412380e-007 308.094638 690.116790
6 6.853070e-008 479.800720 629.317877
5 3.706660e-007 515.740129 710.039334
2 1.799000e-007 579.629878 782.705037
9 2.354860e-007 640.556985 707.465752
4 1.630680e-007 682.597594 655.549529
5 9.834170e-007 539.383110 705.020076
6 3.532150e-008 592.819908 737.128090
2 1.361880e-007 651.441689 772.351552
11 1.130550e-007 723.382881 788.935812
9 3.072520e-007 744.594365 793.444424
4 3.248460e-008 809.278172 807.193303
3 1.529600e-007 830.570940 827.965407
11 6.007970e-008 835.059112 887.949569
3 4.889780e-008 684.526205 856.064832
9 2.914240e-008 690.849357 851.958513
2 4.596620e-008 764.381036 804.206289
4 2.162530e-008 850.115640 797.570701
11 2.571040e-008 828.145950 931.548427
3 8.617340e-008 812.219184 749.507487
9 2.253140e-007 811.574947 742.143938
5 5.021430e-006 598.535691 680.792935
4 1.933080e-008 595.779530 678.716022
6 1.519960e-007 438.114533 622.226424
8 7.686680e-008 222.329743 891.223729
7 9.431740e-008 68.559244 771.300011
8 6.614550e-007 198.801590 888.296190
6 3.755900e-007 346.127200 765.351864
8 2.293160e-007 262.301680 830.134407
6 3.498630e-008 410.104983 853.455272
2 5.155410e-008 417.131662 856.731847
8 1.458990e-007 244.206416 903.791105
8 2.554530e-007 143.241848 868.520267
7 2.290390e-007 112.785210 709.383076
6 3.579290e-006 331.647229 670.772204
8 7.748100e-007 195.463124 762.629587
8 2.574200e-007 224.328162 757.328746
6 5.861410e-008 235.182064 719.520264
7 1.003790e-007 102.360475 775.899171
8 1.349520e-007 168.928373 746.586423
7 3.020740e-007 86.946099 691.289089
8 1.461020e-007 123.771865 759.528885
7 4.311720e-008 203.224164 767.250849
6 1.696670e-008 217.866749 842.579717
8 5.701630e-008 91.577654 958.712077
2 7.607630e-008 405.520000 922.506994
6 2.006800e-007 412.088434 741.416358
6 5.312710e-008 327.867168 545.923894
7 6.955490e-008 45.057214 515.174273
6 2.235840e-008 468.302000 526.412645
10 1.153070e-007 678.304995 545.060464
4 3.694820e-007 738.190399 579.635192
9 5.506970e-008 733.704944 594.184298
5 3.576510e-007 675.936720 730.276923
11 2.077300e-008 668.502453 747.790859
2 8.875010e-008 613.647883 816.066683
9 3.251410e-008 686.948755 804.229859
5 1.032390e-007 723.974189 662.860383
4 1.281620e-007 724.791361 659.320843
11 5.620540e-008 728.254232 644.321566
10 5.663730e-008 735.737599 698.878476
9 3.604070e-007 705.307602 637.832264
5 1.293790e-007 737.021021 706.651619
11 7.777010e-008 738.066386 709.687563
4 1.146330e-007 738.180043 710.017645
3 6.600950e-008 706.894050 827.351908
2 1.334470e-007 638.105647 872.023735
9 1.458870e-007 683.219707 819.609456
5 2.816450e-007 650.865628 735.067423
11 1.884380e-008 647.959736 733.951960
4 5.209680e-008 647.643791 733.830680
2 1.026460e-007 637.887459 779.400255
9 4.731820e-007 753.962153 764.567015
11 7.484550e-008 740.042420 635.057861
4 5.147440e-006 739.722076 634.928433
5 1.956740e-007 667.442343 605.725227
10 7.057270e-008 655.540835 600.916656
10 2.929310e-007 665.308779 528.944645
5 5.340890e-008 724.436825 570.346611
4 2.460810e-007 727.472008 572.471872
9 7.235930e-008 677.619276 589.276084
11 1.421530e-008 701.418269 630.943470
10 6.342280e-008 657.635268 560.875964
5 9.386850e-008 648.052150 545.539756
4 9.434180e-008 646.146388 542.489897
10 4.954250e-008 537.917031 370.546419
10 1.587700e-007 610.044885 503.673675
6 5.147260e-008 429.052069 523.192901
10 5.268260e-008 606.945310 432.145712
5 1.032470e-007 592.103417 634.898173
4 1.691270e-008 602.356026 718.398373
9 1.081180e-007 636.471785 749.683899
11 1.086700e-007 726.586083 733.794192
4 2.447110e-007 827.476074 647.255567
9 5.322230e-007 785.107291 703.480941
11 3.289070e-006 823.749173 781.764108
3 7.920480e-008 853.830368 833.866449
4 1.757200e-007 707.325953 683.070313
5 7.493800e-007 651.064385 679.135955
9 2.206860e-007 641.915101 678.496148
6 5.044490e-008 460.401565 557.383828
10 3.632870e-007 664.597138 528.098237
4 6.321930e-008 685.409912 635.170158
5 1.926350e-007 686.759574 642.113534
9 1.037980e-007 688.656971 651.874749
11 3.029830e-008 755.162459 658.504577
3 9.425400e-008 763.896359 830.780784
4 2.109450e-008 746.071054 865.765020
9 4.158060e-008 738.345380 880.927554
2 3.133840e-008 717.094269 946.798626
11 1.521050e-007 814.788998 883.354400
3 6.470210e-008 682.753759 968.853638
2 2.199890e-007 507.691027 949.298350
5 4.927960e-008 528.515003 801.128137
9 6.675970e-008 550.387660 645.498632
4 3.029260e-008 572.568076 610.446424
5 4.265520e-008 692.035839 822.817608
2 1.017810e-008 692.900992 823.423391
11 3.206430e-008 743.611826 858.931308
3 5.876290e-008 764.336138 787.033042
9 2.535920e-007 764.628241 784.954634
4 2.145970e-006 779.854813 632.343217
10 2.337490e-007 774.115731 550.274292
4 2.176810e-008 912.174636 789.167017
11 3.344110e-007 861.303983 775.536404
3 3.896530e-008 821.318400 764.822408
9 2.493570e-006 737.279830 742.304568
5 5.290370e-008 731.994888 667.395942
10 3.340560e-007 763.340571 531.625047
4 1.324190e-007 687.381879 690.568691
11 5.999400e-008 713.136279 700.059929
9 1.032230e-007 817.711108 655.671064
10 4.341380e-008 705.721314 623.587613
5 6.848810e-008 671.295054 621.783327
4 2.976070e-007 785.049478 681.802662
11 1.957060e-007 840.936702 711.965315
9 4.933360e-008 869.820169 837.073734
3 1.617200e-006 876.490364 865.965610
5 5.790650e-008 701.127017 805.136983
2 3.053110e-007 620.020159 886.243841
9 6.414630e-008 785.687682 891.810824
3 1.501520e-007 798.120370 878.011717
11 1.610110e-007 793.979735 867.763289
5 2.657800e-008 754.249194 717.484738
4 1.294260e-007 757.362835 719.210658
11 7.805860e-008 782.744177 950.594144
3 9.310580e-008 780.075661 953.774352
9 1.361350e-006 759.760734 737.599638
4 7.619650e-008 759.930517 727.872762
10 1.409910e-007 762.388694 587.043683
5 3.103430e-008 762.799119 563.530437
9 3.985080e-008 764.738222 540.808044
4 8.921440e-008 773.788414 537.514041
10 1.509560e-007 812.024048 523.597399
11 1.743380e-006 797.744518 767.057775
3 9.932330e-008 737.567813 831.589570
9 8.802060e-008 752.536186 882.198975
4 1.520260e-008 759.839505 888.327200
2 3.407270e-008 751.494588 854.562101
11 1.940500e-007 753.471347 853.995272
3 3.356470e-007 834.048648 830.889992
9 5.648380e-008 860.585684 800.375225
4 2.692260e-007 725.866785 679.073120
5 6.951640e-008 769.477059 723.198385
11 5.562920e-008 883.033921 774.833372
3 4.906950e-008 904.593819 688.361845
10 1.201270e-007 818.552898 518.712041
4 7.835040e-008 796.178901 497.105756
11 6.627520e-008 839.636482 706.704314
9 6.108730e-007 782.593051 751.271737
3 1.821500e-007 777.650657 895.910473
11 1.801420e-007 875.209118 733.630876
4 8.809510e-008 846.337324 674.434469
9 6.721250e-008 843.803202 669.238710
10 3.928550e-008 767.634666 674.276296
5 1.835140e-007 722.870062 743.207507
3 1.200980e-007 773.187945 958.460895
11 2.850380e-008 763.334416 944.898654
9 4.307060e-008 660.837589 803.823627
2 4.450440e-008 663.020644 825.453362
5 7.300790e-008 695.337798 938.157199
2 2.001850e-008 651.859023 844.836423
9 1.028530e-007 676.452733 841.816737
11 1.532790e-007 755.036955 832.167943
5 7.732810e-008 772.980264 829.964813
3 2.362700e-007 839.051800 821.852362
9 1.836450e-007 696.265128 787.886616
11 3.239490e-007 758.518172 782.440104
4 3.160700e-008 832.829193 775.938642
3 1.433840e-007 842.015364 775.134945
5 2.393870e-007 660.179995 737.838032
9 3.059270e-008 487.772333 762.068398
2 1.110220e-007 482.290708 761.772828
6 8.059260e-008 505.456814 694.493888
10 1.424070e-007 648.989214 556.963301
4 1.895900e-007 714.641352 554.670502
5 7.418250e-008 773.153356 605.540894
9 2.420310e-007 821.076723 718.441987
11 3.002490e-007 820.722217 734.768891
10 1.179360e-007 609.063445 568.364983
4 2.872380e-008 558.441408 524.359565
5 1.311190e-007 493.609577 690.289209
6 9.655820e-008 494.762456 687.479760
6 2.360740e-007 260.845558 754.806923
8 3.714640e-007 220.943986 772.643576
7 2.096300e-007 45.954731 774.372564
8 4.743550e-008 62.331043 985.011747
7 4.556470e-008 183.207207 796.185078
6 4.409470e-008 317.818306 853.026283
8 3.190450e-008 199.480169 959.577540
2 4.155990e-008 288.418430 919.729104
8 2.974610e-006 191.873349 835.852495
6 1.697030e-007 290.147586 764.023238
8 5.686710e-007 165.619571 792.123570
7 6.251020e-008 156.045716 852.569907
6 9.419180e-008 233.667329 708.915794
8 1.174050e-007 212.616454 704.823994
7 1.004720e-006 88.229058 677.971614
8 4.988450e-008 120.759638 705.048964
7 3.230910e-008 273.642987 699.710203
6 1.248860e-005 345.404416 660.819086
7 1.859070e-007 113.735562 588.480001
6 8.319140e-008 270.421595 590.998132
7 1.277730e-007 129.342723 533.713983
6 2.048710e-007 373.786994 598.830634
