8 1.698950e-007 678.702276 621.177459
9 1.869010e-006 752.327632 567.862537
8 4.957020e-008 705.487696 463.398743
6 1.268020e-007 675.508339 239.100466
11 3.859460e-008 749.444630 280.083938
9 7.113600e-008 663.258043 533.602869
8 2.965380e-007 643.516862 619.112228
3 2.576390e-007 474.852268 281.360113
5 1.654640e-007 610.604269 169.015284
11 1.871510e-007 619.223582 163.629357
6 7.135050e-007 619.479445 163.469477
10 3.304630e-008 677.064209 127.486647
9 3.648240e-008 653.852000 501.868357
8 3.945130e-008 653.852000 495.589650
6 1.153670e-007 732.960998 270.215340
11 6.036100e-008 798.657369 217.015918
9 1.387470e-007 786.725165 441.627752
8 6.128440e-008 712.551373 539.258480
9 2.051040e-006 816.742593 538.278830
9 3.652100e-007 837.055570 512.963180
8 4.509660e-008 783.825620 629.159589
9 1.057470e-007 704.585400 527.059807
8 2.888430e-008 750.650623 674.141390
9 3.848950e-008 634.389217 775.205871
8 5.948830e-008 637.308887 671.154615
8 1.808890e-007 533.656692 582.131407
9 5.810340e-007 746.986919 575.740332
8 3.218030e-008 487.433801 523.914301
3 1.194760e-007 464.356944 348.912743
6 3.723870e-007 556.424199 167.176491
10 3.285620e-008 557.591178 204.045336
5 4.030920e-009 557.497796 209.394793
11 9.543650e-008 556.981072 238.995884
8 3.456560e-008 609.340429 485.428864
9 3.187100e-008 558.411588 594.815446
3 3.651730e-008 505.111338 261.016697
3 3.271440e-008 491.688424 133.337094
10 3.429200e-007 510.947397 112.684386
11 1.968840e-008 514.860301 110.913845
6 1.253770e-007 514.659790 111.179933
5 3.033170e-008 493.434145 139.347470
3 1.836730e-007 429.569833 334.836324
4 2.512030e-007 170.108321 311.884377
2 5.859280e-008 246.126610 313.211130
3 1.053910e-007 286.040271 237.070606
4 1.129830e-007 39.903977 189.580345
4 7.451160e-008 213.097092 197.686785
3 7.353410e-008 240.642606 190.903275
4 2.109400e-008 92.572124 123.890292
4 9.326770e-008 132.532369 149.614689
4 1.143740e-007 130.346005 172.384499
4 1.751780e-007 200.555253 217.357272
2 1.658800e-007 159.024343 318.549719
4 2.248790e-007 155.409368 309.602369
4 5.526080e-008 177.010407 120.787885
4 5.673610e-007 171.039897 291.659774
2 3.510440e-008 193.260836 293.603873
3 6.595230e-008 337.096951 340.469107
2 6.081750e-008 217.273716 500.910760
4 1.490770e-007 105.612995 397.781756
2 5.292720e-007 121.131958 482.669534
7 1.635520e-007 50.421556 879.055075
7 1.948510e-007 136.399090 926.598154
7 2.863160e-008 245.558190 929.061058
7 2.313650e-007 75.530631 929.567664
7 2.497980e-007 49.002546 902.137867
2 3.067470e-007 151.549153 413.611911
4 2.739600e-008 144.699582 455.972697
2 3.793380e-008 194.311384 559.703628
8 2.165720e-007 533.258377 628.437436
11 3.168810e-008 587.135550 311.189492
6 1.433270e-008 587.094303 311.581939
8 6.589120e-008 609.446171 513.270893
9 1.930820e-007 775.386637 653.631402
8 1.027960e-007 700.287016 636.675082
9 2.613270e-007 814.425774 632.964862
9 4.507040e-008 836.657024 765.483320
9 2.618820e-007 804.818914 482.489943
8 2.176260e-006 616.468784 620.260422
9 1.661840e-007 681.584945 589.519576
8 3.527310e-007 629.183858 566.189181
9 1.615530e-007 655.430295 540.226280
8 2.375750e-007 633.343922 535.127186
8 2.722230e-008 689.861364 778.858158
9 1.246090e-007 722.772757 696.624502
8 6.459170e-008 544.361260 763.917996
2 1.767430e-006 116.653190 432.756152
4 2.970480e-008 163.326020 475.187661
8 2.545550e-008 411.106002 583.584789
8 1.315220e-008 415.519948 684.829089
8 7.546940e-008 515.731460 573.416114
9 1.570390e-007 709.567406 608.726306
8 2.220440e-007 653.008442 661.143218
9 1.324810e-007 706.959555 601.224733
8 1.776480e-008 780.972067 748.906741
9 2.191070e-008 789.242149 753.875903
8 2.053270e-008 472.812596 791.657980
8 8.129120e-006 579.719886 623.232496
8 1.265510e-007 669.925568 587.046548
9 2.321510e-007 728.831625 519.282869
8 1.388220e-008 809.895677 769.360908
8 5.013660e-007 626.093214 628.608530
9 4.682820e-008 705.256196 692.794001
8 1.396800e-008 699.155124 695.638991
3 7.032220e-008 510.653900 267.929020
6 8.597140e-008 546.773268 190.470572
5 2.720090e-008 546.787587 190.439865
11 2.876260e-008 501.363334 190.642092
10 7.606500e-008 491.379377 194.675900
6 1.263180e-006 649.820860 152.742904
5 1.288340e-007 649.853674 152.754848
11 1.994480e-007 657.158251 160.274790
10 5.096960e-008 565.124544 139.027039
3 1.041860e-008 510.741816 275.710590
4 1.173630e-008 144.647753 350.192110
2 5.085130e-008 144.204445 350.184372
3 4.799440e-007 306.835010 255.333995
6 1.899790e-007 542.620689 169.122609
5 4.665580e-008 542.610177 169.088225
11 5.570130e-008 494.987388 105.450662
10 5.892390e-007 487.843166 98.551562
6 6.252830e-008 535.408800 210.916200
5 3.879440e-008 535.394457 210.948415
3 4.850150e-008 498.865224 261.712981
11 2.114980e-008 481.649777 269.377806
3 1.760360e-007 443.986334 333.617390
4 3.498850e-008 389.854936 265.093518
10 1.534630e-008 522.547060 186.218535
6 2.909830e-007 576.780867 160.928791
5 8.249270e-008 576.813141 160.913741
11 1.193010e-006 640.210578 131.350909
3 2.836420e-007 452.580137 199.193947
6 1.091250e-007 523.034057 182.214941
5 2.009260e-008 523.013876 182.188159
10 4.394080e-008 517.107344 174.349878
11 4.420610e-008 483.368748 129.576974
3 1.378280e-007 475.040357 116.049922
3 2.124260e-008 278.710840 336.720295
2 1.106650e-007 142.007974 339.105931
4 2.082220e-007 141.655920 334.128306
3 2.534050e-007 289.382102 229.149081
4 1.187790e-007 239.095115 212.346528
2 6.873400e-008 182.871618 314.501923
4 5.399990e-006 134.208433 239.567478
4 3.318780e-007 104.513334 213.320661
2 1.129880e-007 71.222075 309.084690
4 3.740270e-008 229.242093 176.415036
3 6.823780e-008 314.721012 87.898860
4 3.644900e-008 210.053281 142.782792
3 9.178770e-008 274.733614 259.469408
2 1.076210e-007 104.073043 348.725563
4 2.456630e-008 201.329025 199.398626
3 4.596140e-008 238.277756 332.191608
4 2.072990e-008 307.653972 347.668066
3 7.395960e-008 380.684526 173.316328
10 3.342580e-008 449.670488 244.753506
5 8.808710e-008 499.983433 176.006381
6 1.007690e-007 507.546701 110.663625
11 2.675830e-007 597.165466 116.930242
10 3.784680e-007 561.413865 67.388128
5 4.001200e-008 580.318515 148.879779
6 1.477950e-007 625.134870 217.890656
11 1.372870e-007 587.946980 150.208063
10 1.577740e-007 422.421852 102.042988
3 2.206510e-007 350.781638 140.134831
4 5.090830e-007 173.764364 257.510914
3 8.219940e-008 297.908418 342.229343
10 2.289670e-007 485.381142 141.377784
6 6.623950e-008 551.636982 121.121330
5 1.401320e-007 551.670369 121.111123
11 4.718990e-007 595.390211 134.664541
3 5.340500e-008 538.925602 289.800706
8 2.309380e-007 531.516908 582.695741
9 2.207940e-007 720.669374 605.486692
8 6.772250e-008 710.111030 551.168731
6 3.958130e-008 770.882986 261.028571
11 2.323290e-008 773.607673 264.919826
9 8.918810e-008 689.380975 471.379689
8 4.038660e-008 696.848697 510.252638
8 1.034660e-007 509.360276 727.106172
9 4.376460e-008 655.734002 524.729027
5 7.219480e-009 746.728000 250.002132
6 8.391990e-008 746.728000 270.338602
11 4.114840e-008 746.728000 275.138434
9 1.387850e-008 760.080085 279.791660
8 1.184380e-007 554.143257 491.372549
9 5.651200e-007 763.552231 576.699625
8 4.555740e-007 653.668619 576.213232
9 7.427810e-008 666.741960 462.995341
8 1.403990e-008 677.423335 449.804966
9 2.375770e-008 767.848425 318.757918
6 4.220170e-008 744.034123 286.292920
11 1.189250e-008 742.954385 290.969728
9 5.602740e-008 744.195707 361.631068
11 3.583880e-008 803.434544 318.471408
5 6.134470e-009 807.137381 322.442224
11 7.286540e-008 759.243058 240.555239
5 5.602680e-008 761.865664 245.487646
9 2.509700e-007 693.168331 473.181064
6 6.350400e-008 693.432603 259.856608
11 2.333890e-008 734.280064 240.809021
9 1.365750e-008 814.056704 405.113920
11 3.477840e-008 801.562815 281.062019
8 1.890760e-007 630.688770 554.241410
9 2.170270e-008 554.163939 577.536025
2 1.274840e-007 154.724113 513.565637
2 9.730720e-008 193.773065 486.490442
2 3.385690e-007 139.071728 504.251611
2 1.817870e-007 171.524605 484.032516
2 2.150810e-007 79.623855 534.561240
2 6.237630e-008 128.541444 599.070167
8 5.367350e-008 458.559618 574.398634
9 5.602310e-007 745.185202 594.316953
8 3.636350e-008 739.825150 578.750189
11 2.513040e-008 820.093708 259.820420
6 2.679340e-008 820.359040 260.059326
9 4.255810e-008 730.133323 411.156704
9 6.454490e-008 713.767876 463.922688
8 2.025860e-007 703.042038 570.183499
9 1.830900e-007 741.612973 480.532738
8 2.216520e-007 585.410111 524.454099
3 7.701110e-008 428.705340 391.677771
8 5.764810e-008 485.946304 517.377035
3 1.570690e-008 375.575195 462.060072
8 2.107180e-007 521.733125 631.468897
7 8.527990e-008 47.943412 841.641077
7 7.272930e-008 149.809939 833.758573
7 4.242390e-007 56.623200 958.471853
7 2.258320e-008 216.701468 883.034197
7 4.720620e-008 185.115111 842.299473
7 1.185520e-007 109.395673 983.891279
8 1.426540e-007 568.511036 508.462433
8 2.010340e-007 553.764713 563.307372
9 3.680910e-007 710.390753 552.935000
8 1.801870e-008 717.250046 655.764595
7 1.034300e-007 145.876946 977.180164
7 8.340710e-008 88.077832 840.614330
7 4.158250e-007 33.140941 892.244004
7 1.721080e-007 116.473536 973.590389
7 8.649860e-008 69.243572 921.201831
7 1.568220e-007 139.476536 891.184984
7 9.210960e-008 121.586584 893.727966
7 4.378570e-008 144.301708 872.404484
7 1.496510e-007 114.473186 973.165231
8 1.186050e-008 446.845712 576.312818
3 3.683340e-007 337.983272 291.832246
4 1.342030e-007 254.159124 234.386447
3 4.408950e-008 138.170241 201.401436
4 1.476450e-007 186.231479 217.412653
2 9.103240e-009 169.660139 188.813081
4 5.702280e-008 250.339273 208.316230
3 6.580830e-008 294.257228 147.868336
4 1.255780e-007 216.358909 260.758187
3 1.549360e-008 210.992626 268.144188
4 5.457970e-008 298.462091 352.051795
3 8.583820e-008 307.153613 354.544075
10 1.278160e-007 497.209200 155.608397
11 2.145670e-008 512.453685 152.920362
5 1.243580e-007 558.379636 144.822314
6 1.062440e-006 593.814034 138.574225
10 9.484960e-009 572.487499 90.281953
11 1.360170e-007 572.442616 90.277235
5 1.176800e-007 510.083216 83.722985
6 2.486950e-008 489.441138 81.553411
10 7.623270e-008 443.519408 120.319843
3 9.468120e-008 469.707470 149.404774
6 9.303220e-008 499.958607 183.002229
11 4.048340e-008 545.424751 233.497744
3 6.284170e-008 500.732709 356.138327
11 3.034390e-008 555.061510 266.656526
6 1.215410e-007 568.736266 276.231676
5 4.602610e-008 577.710872 282.515751
3 8.831400e-008 462.908568 177.370297
10 2.028940e-008 465.690137 230.445246
3 1.224760e-008 482.989978 64.046091
10 9.348270e-007 477.921860 62.107808
6 6.329100e-008 477.670369 62.342326
5 2.735170e-008 470.042944 69.455012
3 1.829160e-008 445.137123 356.969184
3 1.145990e-007 435.324526 370.227347
8 3.628400e-007 572.918466 557.505506
9 5.280800e-008 707.406128 571.640692
9 1.314810e-007 705.736555 649.805740
8 2.379050e-008 696.105000 685.751251
8 1.694770e-007 708.117585 611.267437
9 1.564340e-007 751.884300 600.355292
8 4.309590e-008 684.645952 758.122706
8 2.269140e-008 650.245408 874.512065
9 1.024370e-007 806.096820 651.451934
8 1.303010e-007 606.292286 685.984215
8 5.438220e-008 557.444126 669.651771
9 4.898830e-008 608.942314 535.340084
8 1.181050e-007 716.231330 647.428367
9 1.677570e-007 739.302500 667.852929
8 5.866310e-008 731.349733 677.531626
9 1.463340e-007 798.136292 627.204452
8 2.832190e-008 569.145914 792.163074
9 2.915190e-008 762.925714 736.352218
8 2.149960e-008 635.628290 812.116242
9 1.673910e-007 865.662936 607.458614
9 2.111740e-008 706.697019 811.150761
8 2.042410e-008 745.379276 616.778971
9 2.286940e-007 754.759104 618.602226
8 3.008490e-008 541.239403 413.161515
3 8.906200e-008 463.026124 323.187413
10 3.403400e-008 606.052026 201.337340
11 8.879640e-008 606.028094 201.297510
6 1.402740e-007 605.857184 201.013068
5 1.614740e-007 572.755138 145.922065
3 4.070990e-008 497.396583 102.193679
10 8.963370e-007 472.811562 65.744946
11 3.380730e-008 472.786551 65.707867
6 2.204670e-008 472.621215 65.462747
5 6.468850e-008 459.033618 101.371362
3 4.634070e-008 441.264725 322.374909
11 1.967930e-008 591.021216 221.700098
6 1.820730e-007 590.728469 221.627108
5 1.765690e-008 575.412771 217.808519
10 6.446410e-008 509.560637 201.389923
3 3.004990e-007 465.891788 235.373244
8 3.478710e-006 580.478757 587.817583
9 1.629690e-007 685.702869 618.287485
8 2.292260e-007 669.275054 624.266709
9 8.511050e-008 678.901175 646.094432
8 6.614700e-008 678.462934 644.952772
3 1.660750e-007 334.086794 338.527270
4 1.528490e-007 238.284160 216.790338
2 1.164650e-007 137.230105 324.033816
4 3.944140e-006 106.302045 272.560871
3 1.017930e-007 237.020526 197.946928
4 7.329980e-008 269.947226 241.204812
3 3.265200e-008 256.225738 240.141857
4 9.594660e-008 222.035646 199.665016
2 1.072490e-007 135.171237 303.071223
4 2.261870e-008 44.151382 179.964793
4 1.466730e-008 156.249487 101.717477
3 4.566490e-008 285.322571 300.793261
3 1.624990e-007 415.787942 357.241820
4 3.485840e-007 163.185037 206.490832
2 4.615430e-008 191.615824 261.932501
3 1.760310e-007 299.931770 338.490867
8 1.166600e-007 449.140411 596.567352
8 4.505760e-008 481.262263 732.279936
8 1.983640e-006 567.151440 615.209024
3 2.005920e-006 359.401368 276.647485
10 1.565510e-007 481.321299 127.545478
11 6.173090e-008 529.568688 191.078610
6 1.089610e-007 529.739085 191.331234
5 2.341900e-008 529.758611 191.360182
3 1.386570e-007 430.726683 412.421033
8 7.482890e-007 606.580409 570.803384
9 1.089890e-007 689.977968 588.529909
8 2.253920e-007 567.900321 668.330808
2 6.472980e-008 179.526071 550.824969
8 1.350470e-007 484.133534 653.189898
3 8.475490e-008 480.571016 226.351779
10 7.657420e-008 430.541136 152.179140
11 1.975980e-007 545.761023 149.565849
6 3.881320e-007 545.571156 149.800316
5 1.438010e-007 545.549401 149.827182
3 3.596840e-008 540.983239 155.465947
10 2.916010e-008 486.319049 222.970887
3 2.277430e-007 383.260556 312.872231
8 3.273930e-008 644.988326 521.561490
9 1.656280e-007 724.631858 558.760267
9 1.026440e-007 779.621481 636.710590
8 1.935510e-007 644.852937 549.190446
7 8.153260e-009 124.695578 824.781746
8 3.214930e-008 395.204320 547.890690
8 7.103780e-008 482.858863 532.166467
8 1.097840e-007 573.119265 707.614387
9 2.993410e-007 727.297016 606.058737
8 8.230670e-009 781.655695 716.217484
9 7.285580e-009 761.833334 799.226177
8 1.654730e-007 652.228661 671.713184
9 1.093300e-007 726.616478 632.668985
8 4.885040e-007 576.515172 567.687935
9 3.778110e-008 556.135313 579.933369
8 2.150570e-008 751.345615 706.855371
9 8.109230e-008 753.589964 715.856890
8 1.001070e-007 578.992484 701.770427
8 4.988520e-008 758.695149 692.418749
9 9.336260e-008 747.047070 671.405179
9 1.455180e-007 696.550396 561.848327
8 3.461310e-007 655.183804 623.176961
8 3.697780e-007 655.047829 636.864159
9 1.834700e-007 718.395597 590.839269
9 4.929580e-008 823.202813 662.993196
8 4.703050e-007 580.264630 639.990411
8 3.648710e-008 541.181878 442.279375
9 1.984590e-007 820.668472 633.320823
8 1.178020e-007 717.470552 702.151427
9 5.197350e-006 790.674105 539.595443
8 4.780540e-008 497.559889 673.074329
9 2.198450e-008 647.213219 493.181873
8 3.082850e-008 737.833035 555.718088
9 1.588940e-007 779.589590 652.307772
8 5.539890e-008 713.916154 626.909846
9 3.252710e-008 763.882077 696.590520
8 2.265760e-007 655.805871 581.871344
9 4.233670e-009 574.156691 547.240338
3 6.374040e-008 581.315741 348.129494
8 1.300050e-007 574.322176 543.152609
9 5.360310e-007 776.507903 605.764276
9 3.401690e-007 839.423037 601.938641
8 1.534680e-007 657.068964 646.006477
8 2.057690e-008 542.629173 819.956718
8 1.044890e-007 637.899261 639.290881
9 6.577720e-008 665.243064 460.536307
11 5.698680e-008 701.625042 220.863573
6 1.412550e-007 701.650550 221.155131
5 1.160260e-007 701.653473 221.188538
9 1.360380e-008 786.398971 348.660507
9 3.716110e-007 792.902893 489.839659
8 1.849720e-008 830.644575 470.609346
9 2.832410e-007 733.523825 640.629589
8 2.787310e-008 776.424639 635.361949
8 1.307520e-007 464.627018 677.841437
3 1.288420e-007 413.720664 305.341256
10 1.030760e-008 425.069864 197.057258
8 2.593670e-007 544.297539 542.666545
9 4.055510e-007 754.938945 637.377220
8 8.802350e-008 742.994694 658.065332
9 1.362270e-007 897.679957 491.064021
9 1.340460e-007 700.455980 475.955801
8 1.509500e-008 785.724101 536.224661
9 5.974170e-008 683.415181 656.262957
8 3.786370e-008 755.743437 624.060154
8 4.412130e-008 478.525150 504.959301
3 4.644640e-008 445.452856 428.821383
8 1.829370e-007 609.407787 661.378480
8 2.024840e-007 676.750606 657.373584
9 4.430310e-008 643.646900 630.709392
8 3.374490e-008 769.372028 710.225153
9 3.628730e-008 840.914770 730.739930
9 3.855710e-008 885.871631 679.402852
8 1.453450e-007 676.245881 587.796805
9 1.991930e-008 661.467864 584.655628
8 6.319880e-008 466.557770 645.315023
9 6.545450e-008 635.606836 673.749391
8 3.567750e-007 560.750495 664.963992
9 1.580630e-007 688.639200 517.492031
8 2.317560e-007 598.072978 706.438305
8 1.284180e-007 649.326148 704.410473
9 3.201260e-007 789.851640 639.589180
8 7.412160e-007 614.816685 647.867280
8 8.564200e-008 586.045099 509.018432
8 9.586070e-008 616.593013 734.289893
8 7.360680e-008 484.478614 549.747442
3 4.189510e-007 432.671943 205.383643
10 2.021950e-008 447.804335 260.634932
3 1.665000e-007 349.196417 369.764315
7 2.817970e-008 100.052827 870.207327
7 2.549610e-008 154.641943 838.376386
8 1.987220e-007 521.185998 577.323535
3 1.106780e-007 360.109692 328.856075
3 3.325910e-008 422.317482 416.908913
4 2.065300e-008 361.906813 287.945957
3 2.858980e-007 381.532366 341.976015
4 1.497560e-008 257.763419 94.843546
3 3.812950e-008 262.101984 224.094544
4 5.706420e-007 184.260283 253.064296
3 4.449090e-006 403.294014 259.952677
10 1.389560e-008 359.534143 107.343478
6 5.379900e-008 447.795086 134.711353
3 1.383300e-007 454.506859 123.970283
10 1.451120e-008 458.580027 268.358605
11 6.586870e-008 615.998440 235.249534
5 5.332970e-008 615.937481 235.563137
6 3.876690e-008 596.910242 333.448426
10 8.753140e-008 517.501804 207.303643
3 4.215840e-007 450.502157 247.561250
11 8.467780e-008 573.647957 143.476445
6 3.691740e-007 576.327744 140.858649
5 2.314430e-008 501.412224 159.536976
3 1.796920e-007 439.488488 293.355751
8 1.205540e-007 467.095510 511.946246
2 8.283640e-008 93.094369 554.524036
8 2.697460e-008 411.512679 613.639973
2 5.515690e-008 258.802835 534.191069
8 5.017280e-008 455.300865 545.247223
3 5.175080e-008 534.727835 314.250503
10 2.589670e-008 361.945798 189.364492
3 5.501160e-008 514.980036 424.875522
8 2.924190e-007 545.531147 597.060118
8 9.631780e-008 575.797730 718.494314
9 7.765190e-008 701.359510 646.001302
8 2.727290e-008 427.617635 578.745225
3 1.361900e-007 419.530108 344.659500
10 9.912760e-009 412.592255 154.462963
3 1.946030e-007 476.951470 193.629764
5 7.890040e-008 511.076262 170.253593
6 1.405040e-007 512.128065 175.202019
3 8.420490e-008 235.065992 324.092623
4 3.008750e-007 169.240112 333.343858
2 6.933360e-008 220.787272 331.985639
11 9.683370e-009 536.360955 322.492632
6 3.360020e-008 522.290694 345.009754
3 3.542310e-009 476.597167 412.378962
8 4.898460e-007 599.146992 560.246159
9 8.926990e-008 639.593661 603.619887
8 1.523550e-007 651.507285 667.474183
9 4.715750e-008 794.225754 660.796122
8 1.293100e-007 642.844460 522.804927
11 2.593100e-007 678.847581 199.620516
5 2.617480e-008 678.500442 199.577893
6 2.363200e-007 667.697532 198.251475
11 1.173160e-007 754.945669 193.730625
5 3.509670e-008 674.426613 185.267680
6 4.017370e-007 664.434873 184.217500
9 1.211790e-007 695.914925 504.231961
8 1.641500e-007 637.073806 553.228270
9 1.457680e-006 835.952535 549.142718
8 2.687610e-007 631.841531 579.286654
8 6.947040e-007 548.584733 549.928709
8 1.367940e-008 478.387951 669.818495
8 5.447810e-008 705.799511 672.236927
9 5.267380e-009 734.300719 730.673084
8 1.231300e-007 674.831975 679.838274
9 4.302660e-008 603.262945 635.117283
7 2.710520e-008 218.553264 903.358748
7 2.306990e-007 66.146742 865.113805
7 2.364910e-007 73.337862 929.149020
7 5.428100e-008 124.906407 974.060873
8 3.782350e-007 541.511713 599.866451
11 1.760230e-007 603.082938 185.966918
5 8.557980e-008 572.876515 192.387540
6 1.329470e-007 562.946867 194.498168
10 5.035080e-008 448.708183 218.780532
3 2.491270e-007 441.461673 220.320836
3 3.437950e-008 564.391369 346.435931
6 4.428320e-008 463.122242 215.505816
10 4.566620e-008 430.335538 234.435224
4 7.085750e-008 259.242486 229.907892
3 4.450590e-008 246.058006 202.875582
4 3.248890e-008 244.504704 202.891607
3 7.911720e-008 262.842478 266.842867
4 4.501440e-008 197.595349 106.287272
4 6.765100e-008 60.448182 141.367353
2 1.422460e-007 128.316885 294.657541
4 5.143740e-008 149.796745 120.904651
3 2.073760e-008 244.216256 230.628614
2 1.564650e-007 76.305903 320.328630
4 7.791650e-008 39.847551 232.250945
3 8.315990e-008 218.233199 127.713822
4 6.240560e-008 65.363057 154.390446
3 4.219960e-008 212.379360 123.353030
4 2.668070e-007 194.759523 226.800199
2 2.577660e-008 13.177996 267.898004
4 1.326290e-007 258.550215 237.831073
3 8.114400e-008 280.957896 280.753768
2 1.931080e-007 103.226069 356.196495
4 1.336470e-005 123.466594 271.343716
3 1.549030e-007 244.705478 181.128601
4 2.441430e-008 110.578083 116.048522
3 1.847880e-008 279.209239 52.517621
4 1.463450e-007 220.520640 169.552840
2 8.080210e-008 42.995706 230.747920
4 7.786790e-008 124.765790 154.391563
2 2.853440e-008 151.826617 235.093035
4 1.285640e-006 159.446192 228.232339
3 5.959170e-008 219.841513 229.683989
10 1.539640e-007 468.059066 154.847017
3 7.577890e-008 474.440499 159.315351
11 1.438780e-008 538.281966 204.017694
6 6.141450e-008 597.518097 240.759903
5 2.665450e-008 596.205057 235.859575
10 3.140510e-008 441.289004 255.204058
3 1.023500e-006 444.092838 262.143778
6 4.025070e-007 603.592642 150.627852
5 3.308100e-007 608.372059 148.499906
10 8.630290e-008 616.320256 155.764801
11 1.757760e-007 614.685746 186.952095
6 8.193510e-008 750.987739 114.511886
5 1.022820e-007 756.075568 113.887174
11 1.704040e-007 779.564323 109.473778
10 5.136920e-008 581.575000 98.744406
8 3.249080e-008 528.386457 445.179936
3 6.859240e-008 495.315760 192.888807
6 7.294610e-008 489.314328 187.292356
5 5.390950e-008 485.565403 183.796411
10 1.050620e-007 482.111909 180.575962
11 4.317790e-008 480.809821 133.607340
3 4.423590e-008 466.524421 339.101989
4 2.314440e-008 286.105777 146.309677
3 5.726060e-008 234.014212 201.098860
4 1.127810e-007 56.354315 173.428789
2 7.678720e-008 212.397537 316.516382
3 7.461210e-008 282.477691 151.417750
4 9.853780e-008 61.924718 201.559763
3 1.043940e-007 208.941497 118.604436
4 8.889720e-008 227.777874 187.688445
4 5.279050e-008 53.687775 101.789739
2 2.335330e-008 215.615976 286.593671
3 1.919240e-007 306.086298 285.014379
4 4.090630e-007 177.066365 226.375142
4 1.551780e-008 88.951380 108.244816
3 1.107840e-007 225.974745 258.275400
4 1.207130e-007 238.567586 203.730756
3 6.707280e-008 203.140474 304.381363
2 2.000450e-007 98.305070 333.181824
4 1.545860e-007 120.378867 300.455960
4 5.423420e-008 243.207197 203.432857
3 2.721920e-007 343.397537 307.182586
6 1.856760e-007 561.027563 168.026816
5 5.126220e-008 563.193934 163.381061
10 1.558040e-007 599.624792 85.255559
11 4.502730e-007 599.643475 85.215494
3 1.319390e-007 489.707208 87.470590
6 2.534510e-006 588.145472 110.255175
5 6.723900e-007 583.708724 107.482789
10 4.011310e-006 509.098009 60.860878
11 4.366200e-008 509.059696 60.836938
3 2.105090e-007 458.984379 179.585728
6 7.920550e-008 472.855019 22.876409
5 2.082870e-007 550.944966 66.162483
10 7.665600e-007 555.202721 68.522601
11 4.297470e-007 614.935341 101.633016
6 4.104810e-007 655.443524 77.132008
5 1.173010e-007 553.029471 104.750219
10 1.382220e-007 548.059637 105.716258
11 2.357780e-008 494.416318 116.143485
3 2.424350e-008 486.908552 110.939846
6 1.999440e-007 484.341344 119.061370
10 3.199850e-007 476.597583 111.865834
11 5.554380e-008 571.202648 61.563450
5 2.554560e-007 609.331083 41.290209
3 3.425410e-008 505.275569 144.829741
6 9.935910e-008 528.260747 145.632351
10 2.090100e-008 622.896037 187.802216
11 3.949460e-008 613.188757 280.161061
8 4.125760e-008 421.113799 598.652427
7 4.565100e-008 181.495617 875.511813
8 2.552900e-008 364.781252 565.499814
2 1.782450e-007 114.658745 494.703041
4 3.092020e-008 186.009100 436.440845
2 3.007750e-008 298.295786 416.641743
3 1.831570e-008 257.091647 471.326317
4 3.984340e-008 169.296931 437.836931
2 1.017700e-007 237.106873 505.646873
8 2.781770e-008 449.207079 448.678605
3 9.554060e-007 424.298736 290.858082
10 7.318090e-008 429.951131 128.990497
5 2.951710e-007 559.650412 56.278316
6 3.203370e-007 578.611755 47.836152
11 2.900490e-007 618.249368 60.096856
8 7.515140e-008 666.648881 550.856155
9 1.225440e-007 711.451391 610.310954
8 4.973180e-008 571.200646 752.900356
9 1.296530e-007 655.671901 590.075552
8 4.631750e-007 650.186072 589.308796
8 2.819650e-008 430.024735 527.557188
9 1.483620e-007 731.256375 613.881907
8 7.624990e-008 736.214908 618.042607
8 7.041000e-008 749.519309 699.365748
9 4.274690e-008 875.949684 696.616980
9 2.821750e-007 778.031000 469.171378
8 8.685950e-008 722.004765 651.889998
9 6.933230e-008 769.693208 674.461784
8 2.306440e-008 610.075875 720.336222
8 9.843410e-008 563.772977 702.025621
9 2.040540e-008 614.699230 658.612685
8 1.234610e-006 612.005914 631.634907
9 5.452720e-008 728.937747 481.699680
8 3.029170e-008 705.955619 458.165766
9 2.054290e-007 794.995846 458.913410
8 1.201550e-007 674.995811 600.027574
9 5.127290e-007 838.337393 601.480439
9 1.155220e-006 755.269261 551.963721
8 6.890930e-008 698.950113 574.718285
9 9.273820e-008 684.407724 503.584295
8 7.641910e-008 625.470771 501.526140
6 3.795860e-008 542.483321 250.308062
3 8.303130e-008 517.495666 177.738797
10 4.597510e-008 514.986565 170.451856
11 6.401060e-008 492.239612 104.390047
5 2.429830e-008 492.125086 104.057439
3 4.424950e-008 492.800305 437.104440
2 1.185650e-007 60.172064 560.505997
8 2.381500e-008 360.998024 588.443718
2 2.259770e-007 156.194101 469.511599
4 2.289690e-008 53.334037 455.355336
2 5.117580e-008 242.834790 510.720893
8 3.704340e-007 546.746020 582.657845
9 2.710670e-007 791.525097 631.841181
9 9.379170e-007 803.862376 597.845777
8 2.083820e-007 650.720675 575.858512
9 2.372040e-007 790.794021 636.782376
8 4.936040e-008 737.752121 671.442004
8 1.028270e-008 446.557313 492.094845
11 7.125870e-008 801.918478 209.957470
9 4.749680e-008 798.234728 360.844172
8 3.139460e-007 665.291268 587.227108
9 6.445520e-008 663.096891 584.093223
3 2.027200e-007 486.162947 291.174693
4 6.420220e-008 259.575831 174.479334
2 3.014010e-008 202.599069 268.148578
3 1.418790e-007 298.120046 288.777651
4 9.115550e-008 229.227748 281.536927
4 4.666950e-008 62.601146 163.178178
4 1.041170e-006 175.377126 247.577799
3 3.559930e-008 153.396922 295.416068
2 2.682070e-007 89.056173 315.257060
4 2.008570e-008 240.713000 133.451801
4 8.375160e-008 244.666550 186.248997
3 2.876800e-008 152.768944 203.800134
4 3.686830e-007 160.901799 213.835188
4 2.904360e-007 84.677242 186.782199
4 9.576000e-008 258.008574 297.561196
3 3.625500e-007 322.902629 317.401243
4 9.667200e-008 81.058418 172.274866
4 5.238440e-008 44.303733 204.409952
2 2.292090e-008 39.901919 173.089363
4 4.250890e-006 123.366287 241.417114
2 6.564660e-008 154.662005 251.585677
3 8.730440e-008 296.535956 297.683177
4 9.638060e-008 172.021323 143.728142
4 2.629040e-007 71.333887 181.218249
4 5.285790e-007 197.354289 261.918376
3 5.961600e-008 209.301800 256.420420
4 3.006320e-007 136.887333 204.598059
3 1.838750e-007 295.225601 265.378379
4 8.974680e-008 265.255775 267.941685
4 1.296540e-007 52.052649 229.777875
2 7.533370e-008 152.567357 345.406237
4 1.431910e-007 64.845311 335.791764
3 6.591910e-008 234.369957 185.854492
2 2.047570e-008 235.368078 183.977301
4 2.047190e-007 162.577339 179.514487
3 1.172490e-007 286.315311 302.364102
3 7.183570e-007 431.258069 238.870956
6 9.388830e-008 449.136084 171.776190
10 6.562630e-008 445.621000 168.720557
3 1.437890e-007 417.560501 144.327805
10 2.282590e-008 429.462219 157.302522
3 1.728530e-007 457.674421 182.705003
11 1.471670e-008 439.949156 161.779683
6 9.904720e-008 435.955606 157.923149
5 5.022460e-008 550.263970 190.998469
10 2.629420e-008 555.896185 226.559599
3 4.640040e-007 383.183614 319.204653
10 1.116660e-007 477.606656 176.764038
6 8.571310e-008 513.053366 238.159639
3 9.176570e-008 378.713916 388.577985
8 9.846470e-008 515.658673 587.208331
8 5.256850e-008 756.276999 675.236111
9 2.275770e-007 788.447116 617.198975
6 1.015090e-007 641.829681 223.531607
5 2.749700e-008 651.618115 293.180271
11 1.159190e-008 652.322484 298.192141
9 5.350370e-008 643.526937 472.295936
8 4.526480e-007 600.489391 546.839157
3 1.673200e-007 475.370235 254.744082
10 4.643080e-007 446.037117 88.385516
6 2.977580e-008 444.115847 77.489309
5 2.270710e-007 577.487622 76.466447
11 4.483210e-008 582.229913 77.302643
6 1.197150e-007 728.713799 48.433625
5 1.132620e-007 776.842470 86.127129
11 4.930710e-008 780.897265 89.073089
10 1.528870e-008 757.277573 59.416603
6 1.355170e-007 769.412227 69.243033
11 1.955440e-007 739.697725 111.141367
5 1.195680e-006 661.812815 97.408150
3 7.571920e-008 510.319756 215.385623
8 4.161050e-008 497.658308 484.294309
2 3.015160e-007 135.121667 496.836131
2 4.407770e-008 165.989298 539.209111
8 1.500720e-008 385.159690 495.542919
3 1.006080e-007 407.352597 355.398506
8 1.345630e-007 501.177121 677.330191
9 2.512580e-008 632.903608 653.289911
8 3.789630e-008 510.798847 687.844946
9 5.952160e-008 710.332518 712.868920
8 6.303190e-008 628.954822 694.081336
7 1.503550e-007 85.041328 946.692301
7 1.405510e-007 126.143564 955.076615
7 1.834180e-007 96.411688 949.409580
2 1.892870e-008 169.812769 558.131215
3 6.705390e-008 485.786762 280.737059
5 4.942250e-008 522.765105 151.779670
10 1.949260e-007 508.705763 152.850508
6 1.864850e-007 508.385366 152.954612
11 3.786030e-008 460.231177 168.600933
3 5.569120e-008 371.529560 400.876251
4 1.434770e-007 202.789242 232.198038
2 1.177060e-007 133.374596 243.420931
4 1.296900e-007 160.898880 118.819889
3 1.209110e-007 243.045466 143.203933
4 3.851230e-007 86.408194 286.732639
2 9.363920e-008 82.538042 212.886179
3 1.146350e-007 245.426430 163.116386
4 3.623170e-008 254.305792 154.541690
2 2.829640e-008 161.110507 192.876358
4 6.797340e-007 175.043893 226.167131
4 1.428490e-008 115.294219 95.433784
4 8.786390e-008 246.619125 229.241396
2 1.638460e-007 153.763474 356.282664
4 2.781480e-007 90.598285 191.731416
3 6.999130e-008 271.324582 204.810891
2 6.690370e-008 142.631556 266.285165
4 2.153820e-004 124.838801 255.594165
3 6.521880e-008 219.909982 201.776063
4 2.114800e-006 142.234140 295.402620
2 1.167830e-007 177.118127 327.932353
3 2.589910e-007 436.690741 308.698946
3 1.292740e-006 364.574573 196.517584
10 2.219810e-007 425.714016 98.674116
6 1.910890e-008 471.305352 25.712795
5 7.413260e-008 471.298752 152.930819
11 1.352520e-007 594.970365 83.772883
10 1.751940e-008 687.645244 95.680602
6 1.175710e-007 770.346552 119.394961
5 1.860000e-007 708.186092 141.666561
11 4.822670e-008 713.684116 38.793258
6 8.230910e-007 650.441283 86.742994
10 4.581720e-008 600.219455 130.400072
5 6.982160e-007 658.754615 112.761990
11 5.530750e-006 680.898562 118.486309
6 8.066460e-008 512.165177 115.347143
3 3.703160e-008 457.351162 88.612634
10 2.686750e-007 449.876849 84.967178
5 2.012570e-008 437.752689 54.833690
11 4.879220e-008 569.466003 94.053936
6 8.051290e-008 475.321236 200.141854
3 4.718880e-007 402.760187 210.339423
10 7.727410e-008 394.967629 211.434572
8 5.162570e-008 618.258326 510.392630
9 1.332050e-007 729.105906 605.018891
8 1.130570e-008 731.430806 630.562376
9 1.406210e-007 737.650420 644.103269
8 9.707970e-009 747.596983 737.366294
8 1.178600e-007 635.435743 729.144469
9 1.508330e-007 780.380653 651.355732
8 5.860990e-008 665.960623 605.126567
3 5.181040e-007 425.127171 304.551263
10 1.756340e-007 439.380054 92.324653
5 3.965170e-008 437.446939 110.324424
3 2.182180e-007 432.955048 166.916889
6 9.736560e-008 456.651295 125.818876
10 5.856020e-008 449.497535 228.128457
8 8.135010e-008 655.628568 522.166479
9 3.179400e-007 729.801881 586.541148
8 1.105540e-007 691.255835 614.680162
9 4.172530e-008 625.795380 509.921450
3 3.251460e-007 372.464942 330.355542
4 9.536610e-008 247.007879 298.363967
2 1.566720e-007 87.896275 326.419231
4 5.430200e-008 230.959919 312.094003
3 3.475970e-007 327.187433 293.389243
10 1.437530e-007 443.880411 119.860221
6 6.431550e-008 476.688537 72.674023
5 1.482590e-007 545.866328 82.396339
11 3.393420e-007 614.695264 92.069627
3 1.932510e-007 476.848570 233.372995
10 4.982160e-007 522.209426 117.474619
11 2.315730e-007 598.746801 75.048924
6 3.561860e-007 603.505300 72.411224
5 1.629210e-006 608.034818 69.900452
8 1.739290e-008 559.035771 418.930119
3 8.786620e-008 510.953061 261.751108
6 2.601860e-007 575.820691 175.668669
10 1.591540e-008 608.639192 132.116953
5 1.399310e-006 618.283341 120.872207
11 9.810740e-007 623.025623 121.708406
6 1.634170e-007 580.185395 164.781967
10 8.410240e-008 551.212046 213.001525
5 8.736720e-009 535.120053 239.782992
11 3.497860e-008 532.639911 243.910624
3 9.722990e-008 453.895250 347.612534
3 3.573390e-007 447.811694 211.600934
6 7.097340e-008 441.387507 89.019547
10 3.309770e-007 452.239313 104.180704
11 7.097120e-009 487.070080 164.509511
5 2.343190e-008 541.398555 313.958976
3 1.645750e-007 514.769000 295.772871
10 6.583300e-008 529.388967 209.606088
6 2.267920e-007 545.049863 135.928033
11 1.262020e-007 547.212630 125.753105
5 1.136400e-007 551.981884 88.985737
3 2.595440e-008 514.419182 103.801266
10 3.027070e-006 495.026364 66.289869
6 2.865070e-008 416.763921 115.193518
3 4.463150e-008 490.363173 404.463136
8 3.709830e-008 481.284668 413.396485
10 7.253170e-008 405.917743 94.551945
3 5.665760e-008 482.985323 137.271007
11 3.945110e-009 551.150015 175.055140
6 2.076070e-007 560.786367 180.396633
5 5.689920e-008 569.285496 231.314660
3 8.132690e-007 431.029636 257.828053
10 1.025660e-007 490.684460 154.145787
6 5.003930e-008 512.593846 160.617924
3 5.924180e-008 522.389759 174.607934
5 2.795390e-008 558.866085 226.701515
11 6.674960e-008 561.571743 230.565593
8 7.062480e-008 578.022604 479.543183
3 3.901390e-008 439.567142 440.490743
8 9.949560e-008 601.102647 487.733382
6 6.520150e-008 484.044135 233.270514
3 1.301160e-007 482.367273 232.181548
10 1.078090e-008 426.314918 306.236642
3 2.179850e-007 430.106244 349.570885
4 2.467440e-008 356.431887 346.780509
8 7.466940e-008 528.734863 504.889535
9 2.247430e-007 892.893075 568.749040
9 3.955750e-008 710.366140 683.282912
8 1.499020e-007 629.601639 677.635071
3 8.358220e-008 553.709843 226.090481
6 1.676650e-007 556.474769 213.082689
5 1.956110e-007 570.055639 144.146790
11 1.519420e-007 565.313331 143.310591
10 2.516960e-007 550.156774 140.638073
6 7.659850e-007 669.823206 92.574243
5 1.681970e-007 746.298009 44.787345
11 1.312800e-007 750.506745 42.157427
10 8.167670e-008 575.523580 152.024530
3 2.693250e-007 481.897810 220.677558
6 1.396380e-007 538.304829 185.147103
10 7.186810e-008 530.950928 159.500960
11 7.478720e-009 530.923305 159.404624
5 4.296950e-008 523.483062 150.152915
3 7.021750e-008 531.670920 228.056784
6 1.031970e-007 526.893102 221.142140
10 2.085180e-008 528.361460 263.185607
11 5.893840e-008 528.364623 263.276176
3 7.457850e-008 547.973306 250.190232
5 7.772940e-008 565.615034 179.432327
3 2.784940e-007 361.882015 302.012888
10 7.417810e-008 457.910018 199.893124
6 1.980420e-008 456.776164 210.680983
11 8.171020e-008 551.242273 162.670814
5 7.107490e-008 541.561324 149.823711
3 2.426050e-008 489.801853 81.136307
6 3.298070e-008 461.872975 54.468873
10 7.862790e-007 463.682638 59.183218
5 1.194800e-007 590.431487 25.811192
6 2.024370e-007 603.865631 23.271583
10 2.396800e-007 599.491860 25.695988
11 7.224790e-008 543.247985 56.872274
3 1.406370e-007 434.559505 223.660057
8 8.453690e-008 557.295686 522.147742
9 6.242640e-008 668.270629 546.996619
9 4.186910e-008 786.850364 785.730879
8 1.065200e-007 547.213519 668.083246
9 4.366650e-007 778.263491 609.587295
8 4.931800e-008 769.114656 478.758896
9 9.123440e-007 757.887472 555.244636
8 6.175950e-008 711.606879 700.709113
9 1.257070e-007 713.345051 623.987174
9 6.757780e-008 772.612859 727.663887
9 1.041920e-007 761.432154 641.843914
8 4.699460e-008 762.919497 556.633973
9 1.245340e-006 775.688020 536.822641
9 3.021970e-008 762.281466 716.002743
8 2.217630e-008 785.651398 739.372831
9 9.141080e-007 801.331977 508.640777
9 1.271200e-007 841.059245 663.612720
8 3.995720e-008 536.302299 755.247942
9 4.701160e-008 691.657667 555.473172
8 1.956870e-007 695.905520 640.713285
9 8.462090e-009 576.163308 539.765102
8 1.908480e-007 526.033438 540.360607
7 3.567900e-007 84.366599 965.856482
2 6.012850e-008 126.225192 587.825438
2 2.596810e-008 193.285550 546.463521
2 3.646030e-007 98.578436 511.362266
2 7.959940e-007 95.612264 501.718378
2 9.690730e-008 191.894215 427.149976
4 2.579720e-008 88.635799 425.347405
2 2.289900e-007 23.900340 415.183154
4 7.602550e-008 125.614327 404.489391
2 4.174030e-008 103.000230 593.311528
4 2.239860e-008 106.160304 463.129719
2 1.589500e-008 157.446033 579.780510
2 7.218900e-008 177.341361 572.100319
2 5.112930e-008 213.230587 447.873186
7 1.451210e-007 46.239929 942.628019
7 5.980260e-008 183.132866 852.653231
2 3.308320e-008 239.795994 530.258262
8 4.132640e-008 470.372087 597.504515
9 2.084210e-007 749.964917 644.202092
9 4.098140e-008 714.134716 631.430963
8 2.703760e-008 789.140220 580.838932
8 1.438610e-007 602.701550 665.536238
9 2.696180e-007 735.124106 555.501347
8 6.911010e-008 770.333928 528.968840
7 8.659010e-008 142.411784 874.223886
7 9.933200e-008 78.654114 881.770025
7 4.744720e-008 166.981185 861.942397
7 4.850710e-007 85.255538 989.813097
7 1.486380e-007 154.495115 918.420157
7 1.319190e-007 83.490550 867.281779
8 4.263020e-008 454.344244 548.647258
2 9.233410e-008 126.954134 577.168990
2 2.122960e-007 96.013515 507.764474
8 1.119660e-007 560.748052 533.563893
9 3.471050e-007 743.366076 582.614605
9 4.894310e-008 837.490083 751.133277
9 1.434210e-007 863.841564 488.181591
9 7.716230e-006 784.787399 538.036293
8 4.793570e-008 707.080889 430.281420
11 5.396290e-008 699.465266 223.515437
6 2.102650e-008 739.517830 295.772876
5 1.633780e-008 739.534256 295.802509
9 1.032900e-007 719.581910 379.828545
11 6.114590e-008 663.907733 269.535628
9 3.293040e-008 668.780208 448.555585
8 1.620430e-008 720.701716 415.683815
8 3.170780e-006 587.962253 611.817617
9 1.777160e-007 709.620146 577.349844
8 2.887200e-007 679.412945 607.115317
9 2.194570e-007 824.503137 640.488332
9 2.495330e-007 714.229886 581.567369
8 6.263440e-008 721.312683 664.582209
9 1.996280e-007 757.677875 641.673285
8 3.019220e-007 672.887243 601.367530
3 5.731690e-008 488.577751 390.440487
6 4.596380e-007 547.556589 148.196311
5 1.169980e-007 547.545109 148.162970
11 8.995700e-008 545.913354 143.424026
10 7.704710e-007 518.320632 89.084254
3 1.069740e-007 471.841192 184.551094
6 6.088530e-008 549.869095 265.350657
5 8.033630e-009 549.892872 265.375279
3 2.822180e-008 563.722267 402.838821
2 4.738550e-008 189.035334 640.598542
7 5.774930e-008 65.317585 886.512420
2 1.285450e-007 142.794386 561.791197
3 8.958340e-008 452.008893 375.263151
4 5.920140e-008 252.612788 301.613028
3 6.538290e-008 284.749222 224.091631
2 1.362900e-007 96.975447 351.635374
4 1.286250e-007 92.066101 352.238181
3 1.038410e-006 366.076343 300.656163
4 1.233810e-008 316.306653 297.384845
3 1.158740e-006 413.298951 272.988685
10 7.393870e-008 362.455495 123.532005
3 4.927940e-008 363.424944 151.293500
6 7.137350e-008 510.834942 201.747672
5 5.257570e-008 510.842887 201.779539
11 3.755650e-008 519.211803 235.345022
3 7.361910e-008 537.826375 337.395238
8 1.983340e-008 408.278000 458.575694
3 5.541940e-008 584.735716 236.972345
6 2.635510e-007 609.401828 226.269949
5 5.565360e-008 609.385568 226.240617
10 1.383320e-007 562.656052 141.938735
11 1.043770e-007 560.165716 137.446071
3 5.446710e-008 407.761909 61.033482
10 1.133710e-007 421.248562 84.166004
8 3.780780e-007 522.583899 608.152412
3 3.243700e-007 344.096756 312.077757
6 1.726230e-007 544.696436 139.659911
10 1.966170e-007 546.535439 135.327458
5 2.102900e-007 576.217796 65.399698
11 1.714760e-008 578.060939 61.057494
3 1.573950e-007 452.057077 219.349605
8 3.598600e-007 591.506865 521.050126
9 6.859120e-008 682.773246 632.660974
8 5.191960e-007 643.685836 670.989646
9 3.205580e-007 761.655612 633.509502
9 4.882280e-008 851.686970 473.334657
8 1.077070e-007 712.513231 577.581031
8 2.370390e-008 695.747537 538.269852
9 1.580410e-007 692.302900 540.024991
2 3.634560e-008 112.497265 596.812395
4 3.375410e-008 90.184681 402.281713
2 6.440190e-008 222.977662 501.906051
3 3.309100e-007 364.191325 337.097773
3 9.859800e-008 253.186278 278.988538
4 1.058560e-006 178.924896 237.982147
3 2.605160e-008 213.734401 325.801710
4 7.159640e-008 212.436659 324.750817
2 6.063860e-008 160.649980 282.814693
3 1.427220e-008 185.931821 369.834216
4 7.928160e-008 184.893145 368.504779
2 1.381770e-007 143.444296 315.453027
3 1.914550e-008 177.012792 90.369154
4 4.928290e-008 176.215612 88.804591
4 2.135560e-008 56.999967 213.162796
3 8.027020e-008 248.160328 306.550498
5 1.188950e-007 572.538314 190.522419
6 6.180750e-006 633.619340 133.047376
10 2.566960e-008 637.613165 130.037806
11 7.648890e-007 637.672887 129.992802
5 2.729310e-008 464.516043 138.448379
3 2.069910e-007 393.546688 133.319728
10 7.505890e-008 402.753847 156.108375
8 1.398550e-007 558.890398 518.028311
8 1.440130e-007 555.049897 624.548770
9 1.049210e-006 760.276609 510.885626
9 6.590860e-008 699.182326 671.151076
8 2.803390e-008 700.403537 671.215074
9 3.247140e-007 839.585916 619.977442
8 8.273020e-008 799.709016 524.645260
9 4.045390e-008 815.237341 649.673505
8 2.416210e-007 688.260520 657.828554
9 1.072620e-007 718.105243 700.047677
8 5.382090e-008 592.277215 702.902113
9 6.185650e-008 821.193570 695.147270
9 7.773090e-008 653.803560 629.506881
8 5.131310e-007 617.217264 610.865274
8 7.650310e-008 508.509044 543.138083
2 3.305460e-008 239.995413 530.412558
7 7.949830e-008 99.469437 859.993397
7 2.454780e-007 105.083000 932.195949
7 1.767990e-007 13.879468 919.174977
7 5.631090e-008 61.350774 800.462052
7 5.602060e-008 50.359853 810.424874
7 7.065520e-008 122.141474 838.520939
7 4.852800e-008 219.866300 961.199168
7 9.287610e-008 115.683780 887.037791
7 5.905790e-008 188.737304 908.546698
7 4.307390e-007 24.269886 942.664612
8 4.490140e-008 460.277621 522.244760
8 2.732870e-007 623.393911 657.592712
9 1.398420e-007 703.345575 633.149022
3 1.977870e-008 515.914365 418.164789
8 1.082540e-007 557.125647 510.727041
6 1.166550e-007 599.978481 225.775431
11 5.922860e-008 532.253566 205.283740
5 2.016990e-008 531.925640 205.255051
10 3.932010e-008 527.328182 204.852839
3 1.484970e-007 435.635213 196.831014
6 6.348060e-008 468.335138 56.890910
10 4.519540e-007 455.972760 82.700390
5 6.044530e-008 499.583853 152.492458
11 4.110820e-008 532.204217 207.979016
3 5.912070e-008 530.683111 206.229185
8 8.371780e-008 488.862375 574.601193
8 2.266080e-007 647.131765 631.997714
9 1.088370e-007 677.503441 583.392039
8 1.322150e-007 546.554735 721.026105
9 1.469790e-007 888.428283 606.078959
8 5.889340e-008 697.433368 589.527734
9 2.695180e-007 863.786270 566.147841
9 6.210290e-007 730.231083 521.114339
8 2.298150e-006 612.039055 622.240909
9 1.671260e-008 654.574467 731.196530
8 1.599150e-008 699.136604 675.445142
9 1.571460e-007 774.943337 663.438410
8 6.302550e-008 700.718099 714.202151
9 6.625010e-008 579.571436 633.965407
8 1.050660e-007 463.984125 628.263310
3 7.509050e-008 506.075386 372.771598
8 9.084220e-007 597.371762 592.906074
8 1.676900e-007 594.032711 714.777397
9 8.442170e-008 824.272499 645.541535
9 1.066280e-007 724.249785 636.798345
8 4.289290e-008 743.394684 672.930586
9 4.760770e-008 756.921472 678.170542
8 1.241950e-007 682.772687 643.594397
9 9.151530e-008 921.835000 604.938626
9 4.191170e-008 885.383924 434.318564
8 9.798880e-007 605.819306 643.315930
9 1.377760e-007 719.547358 616.255000
8 1.318600e-007 585.911878 557.820393
2 1.428250e-007 179.975418 409.513421
4 1.304710e-007 98.890973 398.118100
2 8.330980e-008 230.879139 404.292080
2 2.474780e-007 107.698172 485.293120
4 3.640210e-008 217.924152 421.779885
3 1.532350e-008 199.272241 428.568522
2 4.388150e-008 238.669034 462.333432
2 1.839470e-007 196.676020 451.919955
2 7.944920e-008 151.740194 572.619000
3 1.291040e-007 338.412256 381.504792
4 7.147240e-008 306.561489 339.580775
3 4.362990e-007 368.520635 294.580349
6 1.455770e-006 592.631642 123.084156
11 2.643350e-007 593.701605 118.050383
5 8.249780e-007 593.774316 117.708303
10 4.238410e-008 594.826951 112.756052
3 8.069730e-008 544.442587 208.068805
6 3.433110e-008 536.465072 299.255700
5 1.513540e-008 536.009113 304.467527
3 1.162480e-007 403.813551 123.896994
10 2.585020e-007 477.688799 100.547983
6 6.578920e-007 574.178765 85.265373
5 3.985000e-007 579.554845 84.413879
11 5.226830e-007 620.360110 83.745177
10 1.631670e-007 624.353057 87.008794
6 1.118450e-007 735.631314 96.744358
5 4.407970e-008 740.948416 97.209543
11 1.190750e-007 772.304014 99.952796
3 3.354970e-007 445.514776 223.287460
10 7.404570e-008 477.102565 126.599285
6 1.809030e-007 514.376117 64.565820
5 1.053560e-007 516.739044 62.048514
11 9.827350e-008 535.182912 141.937374
8 7.676680e-007 602.590326 551.173316
9 6.377510e-008 602.387990 555.034063
8 2.329760e-008 478.049386 570.362442
2 4.664580e-008 55.648040 554.853446
4 2.227440e-008 234.197473 439.746582
2 3.109850e-007 165.061456 482.331937
3 4.010260e-008 232.509157 394.619084
4 2.774010e-008 134.291478 410.175153
2 1.519990e-008 201.683739 562.530482
2 5.247130e-008 153.082966 529.769165
8 5.028150e-008 516.435518 485.653575
3 3.220040e-008 547.138736 280.369144
6 8.001760e-008 597.514446 231.721739
11 3.868200e-008 599.407888 278.253530
5 2.150200e-008 599.324094 278.589616
8 6.337660e-008 654.149262 515.619895
9 2.438550e-007 700.122506 561.593458
8 2.377670e-008 732.492365 821.601584
9 1.220200e-007 852.854992 573.477014
8 2.480310e-008 765.053833 572.619017
9 1.757070e-008 643.910978 514.984891
8 3.740940e-008 472.291862 521.844134
3 4.948340e-008 451.729450 418.984879
8 4.065790e-008 429.272008 597.149937
2 2.167700e-007 148.081759 520.854670
8 3.259960e-008 535.046189 540.822640
6 4.003610e-008 511.559794 233.138919
3 2.800810e-008 467.574005 159.434599
5 6.841620e-008 465.552694 156.938495
10 8.449200e-008 419.998022 100.683336
11 3.237160e-008 413.427789 92.569800
6 1.663440e-007 527.774649 191.611579
3 7.587700e-008 492.617022 266.000305
4 1.198730e-007 192.494877 203.863472
4 2.947920e-008 226.865144 160.904054
2 5.120340e-008 160.256843 323.657429
4 2.358600e-007 218.215980 191.921641
4 4.020210e-008 41.888700 208.505072
2 1.646980e-008 136.741687 331.056307
4 1.907180e-007 92.120880 331.919978
2 1.006700e-007 194.416479 361.279828
3 5.731920e-008 234.658667 309.600192
4 5.140830e-008 209.110764 124.374289
3 1.216020e-007 268.740590 289.644921
4 3.855390e-008 326.568626 353.869992
2 1.514760e-007 182.534796 500.834649
2 4.481690e-008 165.524494 563.860828
2 3.268030e-007 115.036518 493.613494
4 2.020740e-008 287.139126 413.204648
2 1.472900e-007 183.703317 426.301072
4 1.144060e-008 203.641221 491.853322
2 3.069700e-008 213.046355 517.693761
8 5.815550e-008 480.942242 677.771773
8 2.631710e-007 544.182127 633.311243
9 7.606570e-008 649.547907 543.180932
8 2.300710e-008 605.380554 386.272370
11 1.882630e-007 587.652726 160.873691
6 6.051550e-007 587.460247 160.694201
5 8.317680e-008 587.435719 160.671329
10 1.491260e-007 535.564673 112.300725
3 1.130380e-008 505.240043 309.977708
8 1.640310e-007 540.496289 515.863119
8 4.072210e-008 576.943946 741.769893
8 6.673840e-008 732.771510 631.282548
9 4.008470e-007 733.442825 627.475287
8 5.693850e-006 577.179150 615.389532
9 2.365650e-007 763.649346 653.113592
8 5.604880e-008 753.470888 570.217662
9 1.195950e-007 792.819180 462.902832
9 2.369960e-007 725.861178 510.710030
8 1.263040e-007 674.383290 565.070398
9 6.010890e-009 644.179017 641.700325
8 1.885500e-007 587.124848 693.071850
