7 4.527090e-008 839.626761 330.072607
7 2.189510e-007 708.068884 402.162580
7 3.375410e-008 431.555229 333.541418
3 3.626610e-008 706.133357 90.368108
7 2.191180e-007 568.160409 316.420638
7 3.013510e-008 771.647620 238.887796
7 4.151810e-008 727.982784 522.511790
8 6.038540e-008 640.570068 825.721963
7 2.756700e-007 512.162391 422.938625
9 2.272340e-008 479.438866 577.388132
7 2.128760e-008 754.895374 575.187333
9 1.249850e-008 443.475019 432.666299
7 8.328560e-008 489.592477 298.340685
7 3.133310e-008 607.128681 566.688522
9 1.620510e-008 458.962651 591.500015
10 6.600040e-008 324.415158 526.541889
7 1.035690e-007 509.862423 298.247767
7 2.071190e-007 508.495591 364.717330
6 9.376740e-008 230.480670 308.398583
10 1.725390e-007 191.655862 312.260448
5 1.846130e-007 209.909245 177.692803
11 9.265420e-008 200.321169 178.363245
5 5.162900e-008 40.397172 186.229039
6 3.584490e-008 221.511310 175.956236
11 7.204910e-008 152.014541 121.659296
5 1.042740e-007 102.742063 66.213651
11 4.598040e-008 83.692800 155.601404
6 2.173120e-008 59.320500 143.687158
5 4.697930e-008 168.716111 192.736933
11 2.067450e-008 12.643567 113.281889
5 7.405990e-008 95.455261 192.528672
11 2.195980e-007 147.983462 90.920837
10 5.311370e-008 201.341122 216.192167
6 1.113510e-008 201.806792 215.501778
5 2.819180e-007 251.330942 142.078803
11 3.834750e-008 75.958691 171.845224
10 3.187640e-008 154.888343 308.312792
6 2.283470e-007 154.579603 307.548634
5 5.102660e-008 102.864669 179.550051
11 2.991680e-005 221.608643 27.512144
5 2.484450e-006 197.497007 99.984540
11 5.358150e-009 94.716515 139.786911
5 3.969900e-008 170.875451 222.874109
6 1.761970e-007 151.673496 289.965418
10 3.593140e-008 221.493962 296.073974
9 1.494800e-008 209.491273 583.670808
10 1.046550e-007 190.631642 551.017228
6 1.370670e-007 245.258647 448.278742
10 3.308380e-007 176.394954 530.708793
9 1.063210e-008 138.592758 497.847935
6 1.429710e-007 75.694149 443.171158
9 2.608320e-007 339.823009 634.660433
9 1.022720e-006 324.745969 683.654169
9 4.256960e-008 179.351130 812.013188
9 4.670870e-008 95.771187 809.705213
9 1.029540e-007 244.291954 809.818849
4 1.614850e-008 279.997675 803.397346
9 3.812880e-008 394.193375 824.320119
8 1.356830e-007 402.587439 871.925459
4 7.293570e-008 354.724734 917.539803
2 1.605190e-007 352.435927 918.861241
9 1.740580e-008 140.598152 789.770918
4 4.487480e-008 282.646046 913.803717
2 8.156280e-008 341.638728 871.083903
9 3.984210e-008 379.668754 766.596019
8 8.678180e-008 393.628409 717.796791
4 4.148600e-008 182.466412 968.485144
2 2.083520e-008 325.801126 878.919748
8 4.346700e-008 292.945790 911.762704
4 4.225540e-008 144.799224 929.544533
2 7.794230e-008 378.275743 858.955243
8 1.503970e-007 423.039292 842.118107
9 1.318270e-007 365.339181 770.863972
4 7.074250e-008 238.908656 879.411051
2 1.732450e-007 410.412092 925.365237
8 4.754600e-008 414.734193 926.523340
4 4.305070e-008 186.246081 868.948854
9 4.865150e-008 238.565065 810.277716
10 8.947750e-008 116.926531 628.677503
9 1.404150e-007 214.487600 746.377845
4 3.316740e-007 249.121699 944.627814
2 9.450180e-008 247.100381 951.200201
9 5.004680e-008 200.684899 805.625238
8 7.126940e-008 364.486280 901.192072
9 3.757070e-008 315.293753 506.065325
10 3.302530e-008 342.173468 584.129522
6 4.856790e-008 243.297088 460.359712
10 1.302080e-006 145.003802 457.403941
9 8.532430e-008 196.541017 524.169020
6 1.620080e-007 212.756878 455.094343
10 7.064560e-008 201.027607 611.926339
9 6.136730e-009 443.203506 592.053329
7 4.282220e-006 598.663795 399.919545
7 1.540750e-007 675.785021 528.921695
7 8.251700e-008 664.438829 581.885615
8 8.906420e-008 574.318789 688.106262
7 7.210370e-008 574.580820 521.560514
8 3.844000e-008 572.118454 732.065601
8 1.277590e-007 510.594312 769.348345
9 6.751320e-008 274.583619 535.317149
10 1.426990e-006 204.612214 489.877285
6 2.117620e-007 136.290584 445.508797
9 5.518240e-008 432.888130 606.475573
10 5.882890e-008 336.395010 598.884655
6 2.535020e-008 336.798075 599.642711
8 3.408330e-008 396.399585 660.533382
9 3.478310e-008 411.370584 566.011156
2 6.542690e-008 319.251897 886.193773
8 3.658800e-008 317.466199 886.554187
4 5.135810e-008 328.071601 811.092506
9 4.048130e-007 344.803358 692.039353
9 8.253790e-008 186.717528 774.317042
8 2.376210e-008 307.736090 698.112031
9 4.396140e-008 186.902284 810.315055
9 1.204210e-007 225.224929 643.886486
10 5.088640e-008 326.608722 650.975736
2 7.088240e-008 514.297212 909.468260
8 2.120010e-008 501.221244 902.220147
8 2.996210e-007 464.345357 845.118569
2 5.762360e-008 451.322492 927.342550
7 4.383510e-008 584.919960 660.232691
8 1.636400e-007 572.701931 754.922735
7 1.647020e-008 751.650175 493.033126
8 2.269660e-008 727.317169 776.585681
7 4.323830e-008 643.607219 653.728164
8 9.951790e-008 557.067054 710.677163
7 2.975730e-008 502.974722 449.660626
7 7.278170e-008 440.068848 334.055167
6 2.056850e-007 230.707771 351.694148
10 1.295190e-007 226.360876 351.618280
5 1.619040e-007 259.238616 212.478042
10 3.394070e-008 445.679983 334.101507
7 4.471010e-007 570.029189 349.369456
10 2.321010e-008 343.678372 385.723333
7 1.569270e-007 485.347904 386.835241
6 2.208440e-008 374.177994 275.274273
7 3.853310e-007 544.431920 347.676334
10 1.094210e-007 210.871734 337.904172
6 3.823420e-007 205.069515 338.005428
5 2.145450e-007 150.909724 140.787734
11 1.866780e-007 154.805832 143.942734
5 4.300050e-008 225.654988 267.377106
11 2.836240e-008 221.874753 264.630611
6 5.332380e-008 137.546006 203.362329
10 1.439190e-007 193.219276 330.435858
5 1.276380e-007 149.307669 137.966019
11 4.356810e-008 153.640058 136.215610
6 7.305840e-008 134.007522 238.069215
10 4.829240e-008 126.843275 232.057700
6 3.617720e-008 203.047960 203.539905
5 1.172120e-007 214.796711 191.373695
11 4.067480e-007 273.442368 130.644227
5 1.426340e-006 199.122705 123.063476
11 3.660710e-008 243.498833 203.120271
6 1.409750e-007 204.508336 314.142787
10 1.067400e-007 200.439163 315.543921
5 6.665290e-008 196.959991 178.843996
11 7.846680e-009 211.553867 247.502586
6 1.005710e-007 239.542414 295.974349
10 4.944230e-008 239.698730 291.497773
7 6.645250e-008 513.587046 272.802143
5 7.799590e-008 342.099204 184.222753
11 3.400370e-008 341.844481 189.083407
10 1.800910e-008 289.215534 326.881163
6 1.373560e-007 236.667575 295.307079
7 1.133040e-008 502.686019 310.858495
10 3.976040e-008 412.142738 362.266802
7 1.157960e-007 535.700717 594.190682
8 4.421380e-008 637.219787 810.482800
7 3.366900e-008 786.134327 434.153866
7 1.269230e-007 720.996334 455.959783
8 4.931280e-008 598.170209 766.118435
7 4.010810e-007 672.663798 404.270695
7 2.983190e-008 763.679983 245.540184
7 8.522560e-008 516.765509 486.119472
7 6.028970e-008 668.377664 460.975419
7 8.831300e-008 768.298184 331.637845
7 9.435330e-008 743.844819 359.134406
7 6.529160e-008 769.069218 259.287716
7 2.418630e-007 660.546360 495.184940
7 1.485500e-007 730.026549 304.980712
7 5.939850e-008 792.328576 317.242979
9 2.625130e-007 315.067849 585.208277
10 3.119840e-007 179.562129 536.727463
6 5.454640e-008 113.308198 474.944667
9 1.024800e-007 229.774355 566.886354
10 1.382420e-007 292.436493 481.319707
6 1.602960e-007 216.912258 485.277768
9 6.835880e-008 268.829519 592.633651
10 7.404600e-008 108.166010 595.437999
6 7.333370e-008 160.006568 449.714354
10 6.413730e-007 198.329583 489.836772
6 1.530020e-007 113.946173 499.460582
10 2.696760e-007 115.010317 520.679836
6 1.885780e-007 175.648647 474.558658
10 7.982730e-008 87.168212 567.109077
9 8.211770e-008 212.070257 568.667834
7 7.001620e-008 567.445299 576.055432
7 1.133530e-007 717.355708 374.709242
7 1.354770e-007 745.824204 260.161402
7 4.643830e-008 818.338908 322.951732
7 9.827680e-008 734.851443 451.254416
7 7.457880e-008 668.838945 502.781970
9 2.384440e-008 478.521522 491.269450
7 2.025210e-008 391.588076 396.894293
6 4.472580e-008 397.144036 450.459475
10 3.120930e-008 404.921023 456.319877
9 3.985060e-008 468.019193 608.668684
8 7.945970e-008 392.001023 799.808414
9 3.119960e-008 298.767711 843.284009
4 8.981810e-008 309.531397 900.935377
2 1.670990e-007 311.998758 901.882497
9 8.362850e-008 174.552988 748.018058
8 8.343520e-008 381.625176 846.968192
2 4.124180e-008 360.651340 876.921942
4 1.018950e-007 324.194901 928.987146
9 5.798730e-007 231.195677 727.280660
8 1.960400e-008 339.456810 883.910128
4 3.407710e-008 353.645820 853.481697
2 6.376410e-008 354.751239 851.111118
9 2.003200e-007 286.650476 784.345854
9 2.891270e-008 350.588511 800.497815
8 2.037920e-008 311.413332 769.203141
4 4.279340e-007 310.523606 972.154501
2 1.598110e-007 312.584769 973.764878
9 3.761630e-008 266.381156 809.573538
9 1.081210e-007 416.329635 682.870372
8 6.873990e-008 370.344791 806.396933
4 2.888430e-008 290.250989 796.192924
2 5.373750e-008 288.737376 793.862141
9 4.357420e-008 62.314315 636.083007
9 1.250250e-007 182.845809 707.972631
8 4.675320e-008 311.105978 816.526764
9 4.909560e-008 64.421582 669.450711
10 1.123630e-007 206.468015 644.620080
4 7.963500e-008 250.051431 868.185722
9 1.424980e-007 216.294997 758.876515
9 6.756160e-008 169.368548 811.994472
4 4.145850e-008 151.373755 972.911463
9 5.152030e-008 228.997275 839.852549
2 1.513090e-007 296.803639 948.365454
4 5.472570e-008 126.279778 981.518362
4 4.461430e-008 241.758880 910.425465
9 2.378830e-007 219.742223 716.703721
2 1.658890e-007 313.305395 894.011036
4 1.476230e-007 232.234104 938.949495
9 4.133800e-008 312.652029 799.407455
8 4.348290e-008 435.304755 703.581526
9 1.191460e-008 242.539633 817.552357
8 2.410010e-008 392.043380 729.244044
7 1.867630e-007 612.509674 500.704273
7 1.411930e-008 539.889730 618.956248
7 1.932200e-007 592.753047 519.106409
9 2.485010e-007 376.094076 703.183556
4 5.044220e-008 273.127327 839.362839
9 7.693080e-008 323.439597 846.582132
2 2.935870e-008 352.036366 762.589192
8 9.630510e-009 352.776017 758.394478
4 8.655830e-007 301.009887 982.283644
2 1.055840e-008 210.693412 988.811544
4 2.732240e-008 296.212031 824.089967
9 1.061510e-007 269.222113 788.748511
9 8.373830e-008 187.922448 713.855651
4 2.569750e-008 186.946520 919.364190
4 9.411620e-008 171.601902 1001.936443
2 9.443720e-007 334.524259 984.815337
9 1.555610e-007 314.298418 821.506544
4 1.057150e-007 335.118501 991.069794
9 3.462710e-006 277.038732 697.948523
9 3.198100e-008 268.350496 842.914592
4 8.211660e-008 227.943109 889.556717
9 5.414550e-008 85.179984 758.208908
9 3.690610e-007 236.167792 703.529152
4 4.663520e-008 157.287636 936.274933
2 1.508830e-007 326.642005 901.247328
9 4.129200e-007 235.565573 745.835960
9 8.925670e-008 244.560936 747.080249
4 1.077640e-008 121.710979 932.001029
2 8.489490e-008 332.020476 940.763712
8 2.624630e-007 410.166671 859.589412
4 7.891380e-008 231.690576 914.839828
9 8.062260e-008 151.445461 751.492346
2 1.082070e-007 302.235589 966.571601
4 6.184520e-007 302.052381 969.191576
9 2.785050e-007 202.085386 657.959475
4 1.003630e-007 300.743248 897.513160
2 7.117750e-007 325.920066 975.001333
9 6.302920e-008 289.555216 847.906997
4 2.631360e-007 275.418152 946.279020
2 2.049090e-007 320.280812 882.208516
8 4.339520e-008 308.772685 686.275570
9 3.126970e-007 271.882669 642.579391
4 3.523930e-008 206.470438 968.767405
2 3.704710e-008 304.425823 812.006340
9 9.999960e-008 306.863916 804.186444
9 4.324940e-008 274.878964 896.392250
4 1.461930e-007 283.871454 908.341550
2 8.992500e-008 287.583296 896.200636
8 1.935820e-007 392.334150 876.261880
9 2.076830e-007 261.028290 776.998281
4 6.182210e-008 350.959014 921.761015
2 1.750340e-007 353.804433 937.874425
9 7.993200e-008 395.361876 836.093470
8 2.055620e-008 403.132597 849.996680
4 5.599230e-008 301.458504 881.081528
2 9.353680e-008 236.720044 900.874035
4 1.461550e-007 229.609780 882.683232
9 1.194440e-007 181.495878 752.921705
4 6.967280e-008 275.230062 841.537001
9 6.747700e-008 356.207055 838.709028
8 3.633320e-008 420.792900 691.075320
7 4.283410e-008 414.517633 379.875087
5 1.348360e-006 234.877112 101.946762
11 1.574820e-007 232.601104 97.479833
6 1.445550e-008 174.090834 223.847008
5 4.009980e-007 248.124540 136.324938
11 9.254720e-008 252.790284 135.333208
6 4.342170e-008 170.406681 187.212109
5 1.585850e-007 199.774963 226.007567
11 4.238580e-008 199.090801 230.875730
10 4.430900e-008 239.192120 223.658974
5 3.142080e-005 233.112878 94.294796
11 3.433520e-008 237.449717 96.504516
6 2.445470e-007 181.280617 302.569175
10 5.934000e-008 187.138531 218.800969
5 1.396420e-007 182.437532 205.146290
11 6.437260e-008 181.820609 210.170583
6 4.921830e-008 347.572758 366.134197
7 1.956980e-007 497.424014 345.955312
10 7.463800e-008 362.452707 368.589936
6 1.551850e-008 368.320302 367.765284
7 1.797090e-008 416.420718 354.200618
8 2.771190e-007 528.206828 808.449709
7 1.189510e-007 605.320000 531.181560
8 1.066810e-007 633.129967 814.426539
9 2.908790e-008 464.859943 741.334095
8 1.222390e-007 472.224436 779.221296
7 1.555160e-008 635.409590 485.974513
8 4.997470e-007 514.789559 900.573287
8 1.127670e-007 616.746291 772.184480
8 3.422140e-008 619.213939 724.641969
2 3.336230e-008 577.997839 890.715000
8 4.789800e-008 643.889734 733.512237
7 3.781930e-008 770.450130 527.482733
7 3.867740e-007 612.744332 493.179742
7 6.877570e-008 470.383707 374.907168
7 4.308870e-007 550.545702 392.700942
9 1.489120e-008 491.719411 754.726937
8 1.098440e-006 472.210359 839.230170
2 9.276010e-008 505.949791 922.804027
8 1.289350e-007 590.972030 861.031562
7 1.391540e-007 618.455762 461.832152
6 8.634780e-008 296.884716 308.401804
10 1.362330e-008 256.242714 245.530042
5 4.686400e-007 187.991462 136.305169
11 1.091830e-007 123.421680 161.025296
6 1.225570e-007 132.803333 329.960637
10 1.657590e-008 123.756239 301.609533
5 6.458830e-008 230.773589 237.388260
11 1.914610e-007 256.094872 109.408606
6 9.894280e-008 251.957022 242.373277
5 1.874150e-006 205.972596 132.372852
10 7.550660e-008 251.572321 246.933883
11 6.841510e-008 173.291520 128.656406
5 5.774460e-008 195.732039 311.416909
6 7.120400e-008 147.921565 308.222701
11 2.930500e-008 90.946790 113.440702
5 4.726600e-008 57.042094 206.593587
6 6.052940e-009 86.323359 163.435214
6 3.117700e-008 251.743518 251.613740
5 7.224990e-008 178.307405 214.196082
10 4.285640e-008 311.872687 345.952402
6 3.946270e-008 390.581650 395.135366
8 7.084920e-008 471.228000 740.368200
9 4.287790e-008 471.228000 651.628355
7 1.392920e-007 511.659016 388.949714
7 1.206870e-007 587.653076 310.512479
8 6.239790e-008 605.321946 930.883640
8 7.885100e-008 624.549199 766.449699
9 9.459150e-008 377.305702 586.349018
10 1.587280e-007 214.010123 564.949995
6 1.189850e-008 329.500581 518.947065
9 6.714210e-008 463.770266 631.353058
7 5.529410e-008 571.166655 501.394929
7 9.951940e-008 603.203367 519.371679
9 3.152210e-007 376.129153 662.679856
8 2.333440e-007 424.226114 896.735244
2 3.138030e-007 425.648252 904.262484
4 2.652470e-008 368.844971 854.883988
9 7.423370e-008 290.978262 842.950950
8 1.210990e-007 342.770348 847.853886
9 3.315390e-007 226.146223 665.705310
4 3.380900e-008 215.242162 857.552146
9 1.833350e-007 258.089602 744.475700
4 6.547120e-008 387.707075 910.751007
8 4.304180e-008 390.441181 922.593771
2 2.472680e-007 394.735210 960.329064
9 2.402280e-007 265.441878 748.182166
9 1.230400e-007 286.216420 603.676462
10 7.172240e-008 335.689436 582.676413
9 5.474250e-008 454.461086 550.032963
8 4.167830e-008 545.610519 669.457004
8 7.248890e-009 628.039552 786.290212
2 1.460540e-007 528.388053 953.032998
8 6.966990e-009 700.204526 890.990060
7 1.825590e-008 825.937587 507.070195
8 3.794080e-008 600.918336 794.197129
8 3.011680e-007 575.920436 878.311555
8 3.589420e-008 575.250138 694.456662
7 1.331650e-007 700.767912 507.416257
8 3.716110e-008 664.264089 756.245324
8 2.206360e-007 553.952253 902.067068
8 1.170030e-007 525.121987 742.884518
7 4.790540e-007 541.066234 435.654121
8 1.576530e-007 612.524302 820.729424
7 7.053190e-008 749.836029 596.288125
8 1.826210e-008 545.049725 642.814401
7 2.170300e-007 646.458219 449.927275
7 4.127620e-008 479.231952 473.076871
7 1.330910e-007 541.390078 330.460667
8 7.862430e-008 557.900289 760.432739
8 1.744890e-007 612.116056 843.067183
8 2.022820e-007 582.597305 892.604443
7 2.823480e-007 635.235202 484.836302
7 5.336150e-007 703.924490 341.227099
7 1.480740e-007 694.911299 359.217135
8 9.898400e-008 603.589415 843.043176
9 6.746660e-008 473.227441 662.325943
7 8.075940e-008 511.286715 461.456698
7 1.375730e-007 533.028453 462.483390
7 2.051310e-007 766.109707 440.458359
7 5.993980e-008 479.923856 513.790429
8 1.509240e-007 576.581592 803.564779
8 1.337660e-007 488.123988 742.490578
8 1.280000e-006 507.308106 894.181128
2 1.789580e-007 494.675360 889.790618
8 1.210490e-008 468.464300 672.578526
8 9.074260e-008 611.475004 875.495974
8 2.940290e-008 568.996504 703.758456
7 1.120070e-007 607.738433 536.169638
8 9.502690e-009 625.677326 786.607180
8 6.531730e-008 585.704370 932.108967
2 1.196920e-008 513.477081 932.983737
8 8.176240e-008 612.807000 874.121111
7 1.896140e-007 503.171408 436.120415
7 3.713700e-008 607.429773 620.744720
8 5.825070e-008 630.954426 852.807367
9 4.598310e-008 466.070874 572.566228
7 3.497300e-008 477.867440 551.152695
7 1.713880e-007 473.401613 367.359399
7 1.468360e-007 536.671942 428.596205
9 1.926950e-006 302.720882 664.607123
4 1.130720e-007 225.549401 941.465286
2 2.641010e-007 320.052894 934.857128
8 5.710970e-008 355.242630 902.093077
9 1.224320e-007 240.153458 764.935412
2 6.286820e-008 292.264798 853.748868
4 5.259310e-008 215.771331 860.441272
9 1.617890e-007 340.105372 738.077719
8 3.942100e-008 333.272166 838.785543
2 8.582450e-008 327.145277 828.980395
9 5.343600e-007 274.848014 745.286627
9 3.164090e-008 210.080846 890.399430
4 7.960020e-008 156.279764 950.151481
9 5.901710e-008 367.172916 607.299454
7 1.409490e-007 516.181745 434.019500
6 2.015580e-008 355.997728 329.614995
6 8.459670e-008 287.399271 359.338000
10 1.447020e-007 266.869952 347.331754
5 2.265960e-008 305.696822 188.918465
11 1.942790e-007 249.255009 78.144793
5 5.925430e-008 147.097463 161.082975
10 8.893110e-008 218.076644 334.253924
6 4.284600e-007 223.681994 332.751985
5 1.040410e-007 354.357692 89.291002
11 5.490330e-008 351.306341 154.783029
7 3.268210e-007 597.492605 330.452474
7 1.069510e-007 472.034579 464.955185
8 6.203040e-008 528.379332 679.923332
9 5.013060e-008 330.355546 561.415691
10 2.295030e-007 217.201521 539.285514
6 2.609220e-008 51.303082 559.655388
9 5.637180e-008 323.379631 564.135715
8 2.157900e-008 378.681661 757.224054
2 1.267850e-007 336.126541 896.415977
4 5.211360e-008 332.764819 914.673676
9 9.951260e-008 383.671937 788.673425
8 4.847140e-008 405.445637 712.796875
9 2.608030e-007 388.287120 624.525727
10 2.251570e-007 220.921456 499.408194
6 5.007300e-008 225.102159 513.132567
9 3.506830e-007 401.297835 704.645760
8 2.607700e-008 372.487319 788.857325
9 5.031560e-008 448.639725 558.320526
7 1.003470e-007 508.606832 405.344829
7 5.427330e-007 514.979828 424.872547
8 2.090960e-008 578.206371 644.791162
7 7.560220e-008 554.631149 611.671176
9 9.797570e-008 415.045662 677.312906
7 2.884450e-007 522.672130 436.661664
7 4.133340e-008 507.434262 343.707949
6 2.049710e-007 206.581104 328.095918
10 6.943700e-008 175.525273 334.357776
7 2.129780e-008 549.611208 277.318561
7 2.782950e-007 532.582890 426.836418
8 8.542780e-008 620.798852 778.137674
7 1.912210e-007 648.028948 473.477727
7 2.524420e-008 655.853285 194.598757
7 8.891370e-008 776.756209 349.294818
7 1.055840e-007 767.741605 374.653614
7 5.731920e-008 682.398737 562.577081
7 3.649020e-007 575.031698 472.443409
7 1.291710e-008 530.330318 587.355672
8 1.397430e-006 500.464792 826.904059
9 1.723870e-007 352.423668 593.326875
10 3.344850e-008 360.678284 603.892278
8 3.151600e-008 387.868518 804.437691
4 8.689460e-008 294.015065 904.304834
2 5.005980e-008 291.422171 905.048336
9 5.387700e-008 267.124447 905.440130
4 1.462520e-007 161.651358 972.428227
9 8.540360e-006 299.751990 694.905305
4 7.965110e-008 223.928859 915.973897
9 4.900070e-008 184.899683 793.990753
4 5.979310e-008 109.054400 932.764969
9 1.367710e-007 312.893480 783.356535
2 1.595230e-007 346.906461 930.682447
8 6.010350e-008 350.169705 944.817063
4 9.550460e-008 310.528141 961.381994
9 5.184020e-008 341.336373 860.218792
8 2.561800e-008 353.027804 718.771580
9 5.808960e-008 262.712430 923.879466
4 3.372960e-007 291.707858 968.075427
2 3.043830e-007 290.446152 965.599190
9 4.484690e-008 441.704423 615.674477
7 2.406060e-007 579.868910 469.631634
7 8.365920e-007 592.792144 372.008055
10 5.641540e-008 240.005416 190.465877
5 7.403000e-008 236.391805 183.056843
11 6.620240e-008 130.203485 170.725036
5 6.862750e-008 258.730536 252.502859
10 4.165940e-008 258.636967 274.291231
6 2.363430e-008 252.625472 258.630817
11 1.684740e-007 182.162300 126.833947
5 2.995020e-007 182.167483 100.054018
11 1.311040e-007 145.050272 94.471961
5 6.427750e-008 75.146952 133.219746
10 4.688660e-008 127.846179 293.808365
6 1.286270e-007 127.442449 293.080020
5 5.407950e-008 134.942533 126.311119
11 3.140980e-007 200.215010 102.553984
6 1.427600e-007 219.889769 305.237297
10 9.086500e-008 155.548427 311.999872
5 7.911510e-008 83.739913 170.403645
6 3.802710e-008 186.776452 209.661337
11 2.314780e-007 237.777812 76.798435
5 2.867500e-008 59.459609 139.011544
6 1.233090e-007 134.225095 275.240658
11 5.142560e-008 225.658296 129.265203
5 1.304840e-007 92.542863 75.257728
6 1.723290e-008 151.439470 250.261922
11 6.529120e-008 122.811854 158.264146
5 1.060600e-007 181.554138 155.262711
6 3.132430e-007 213.759617 309.277761
10 1.769100e-007 136.462275 342.088555
5 5.680260e-008 92.137667 154.423341
6 4.393160e-008 183.640955 305.975023
10 3.322120e-008 221.078862 248.325441
11 6.844620e-008 189.671737 179.206538
5 1.134040e-007 80.140682 175.381146
11 3.294270e-008 205.387255 191.563960
5 2.673360e-006 245.858100 108.585988
11 8.774120e-008 160.519832 138.469047
5 7.223580e-008 104.633373 205.071693
6 6.040080e-008 153.628955 200.665929
11 4.355460e-008 148.600946 195.810436
5 1.815490e-007 144.508613 191.858515
11 9.921220e-008 240.662917 178.149732
5 1.821980e-007 238.616165 183.215568
6 2.245090e-007 187.854347 308.854194
10 2.729840e-008 234.592739 332.735677
7 1.695760e-008 577.445113 165.846565
7 7.078820e-008 481.523489 357.773857
7 2.467560e-007 602.831252 321.988662
3 1.700750e-008 706.476962 99.201948
7 2.211960e-007 575.166477 316.742607
7 2.858210e-008 448.336013 357.290272
10 4.659210e-008 277.480099 269.488099
6 2.655350e-008 272.156663 202.257385
5 1.428450e-007 287.202858 141.909456
11 2.343120e-007 302.957076 78.721756
5 2.263210e-007 128.727118 80.795183
11 1.303780e-007 99.584278 118.096576
6 1.550200e-007 164.141176 293.254625
10 9.749280e-008 212.772982 315.631888
5 6.159160e-007 247.842124 114.045871
11 1.124560e-006 204.450713 70.654150
5 1.556750e-006 236.266930 104.681494
11 1.669760e-007 166.440957 140.259446
5 3.722640e-008 84.786034 151.709984
11 6.287260e-007 185.912213 82.494012
6 2.099470e-007 124.841900 288.178266
5 1.881900e-008 132.032275 288.052747
10 5.862300e-008 216.596731 286.576551
11 1.561190e-007 108.602034 57.175372
5 1.742610e-007 100.434081 15.155397
11 2.278400e-008 74.904043 179.549906
5 4.668600e-008 84.790005 202.839678
6 5.622670e-008 209.096620 256.501431
11 5.506490e-008 211.400525 195.310493
5 2.454810e-007 228.508466 214.310749
6 9.650330e-008 218.769183 298.692954
10 9.476730e-008 166.377932 317.761893
11 5.856970e-008 167.234120 129.390000
5 1.990300e-007 152.341371 107.310492
6 5.200670e-008 382.056631 321.932990
3 8.772880e-008 780.421325 24.133366
7 7.222300e-007 572.650620 390.009670
9 7.184560e-008 391.769245 734.604402
8 5.882300e-008 366.295826 808.584224
4 1.499400e-007 274.728209 929.070654
2 1.318030e-007 272.420280 930.569468
9 1.316600e-007 185.594589 810.531252
4 3.630230e-007 242.318314 971.910953
2 1.827720e-007 330.656437 967.281510
8 1.264200e-007 426.473042 916.465293
9 5.422210e-008 329.850873 845.740008
4 9.392600e-008 294.549417 925.027954
2 6.456540e-008 242.169020 901.653965
9 7.724640e-007 266.818927 732.937364
8 2.457980e-008 402.342171 708.634734
9 9.294510e-008 432.245840 630.649579
10 1.516540e-007 251.047209 501.197248
6 5.034430e-008 169.595455 502.618830
10 1.569670e-007 96.947651 452.144726
6 9.069340e-007 183.024129 436.967174
10 2.032280e-007 121.025651 405.455006
6 8.965770e-007 155.946936 424.486936
10 9.161200e-007 210.976421 486.363014
6 3.111030e-008 278.286299 525.007000
9 4.094940e-008 353.270098 525.007000
7 1.105600e-006 594.757885 362.775893
8 1.799840e-007 574.825711 785.989832
8 1.098600e-007 671.530100 830.979287
8 1.959140e-007 471.158084 761.241883
9 3.831760e-008 488.556168 803.701851
8 1.848710e-008 687.060065 716.840973
8 8.491370e-008 559.518553 743.911649
8 1.858700e-007 514.122163 771.477132
7 6.785220e-007 650.010472 433.445618
7 2.773700e-007 687.511743 307.949636
8 2.822880e-008 660.472507 758.867671
7 4.757100e-008 724.032956 487.558742
7 1.869320e-007 666.069718 502.943908
7 2.058750e-007 515.481695 397.819057
10 2.235820e-007 256.503562 522.980332
9 5.207130e-008 173.825701 534.267200
6 3.233280e-008 170.009248 535.148291
9 4.218820e-008 397.776467 604.055237
10 2.284680e-007 256.381287 544.036559
6 2.535440e-007 122.259786 441.037411
10 9.961660e-008 128.570748 499.608048
6 1.032260e-008 266.181974 528.314204
9 8.700260e-008 332.822625 578.531382
8 5.039160e-008 653.425976 801.723048
8 2.462330e-007 564.308075 906.605084
8 1.103230e-007 631.759249 839.482221
8 3.385450e-008 674.878595 864.589739
7 4.614680e-008 638.521418 606.694586
8 1.196970e-007 631.918488 858.971998
7 1.046340e-007 482.740041 386.186658
7 2.009810e-007 570.609564 493.330394
7 6.801450e-008 776.423001 379.804764
7 3.392100e-008 678.431161 602.878465
7 1.308950e-008 386.442899 281.519800
6 1.405940e-008 270.844769 213.778934
5 3.500990e-007 253.866362 154.567978
11 2.479560e-007 233.108011 82.174743
10 2.134430e-008 245.080889 277.178362
6 1.282250e-008 268.308192 285.644363
5 1.261830e-007 119.282900 126.179823
11 2.223080e-007 142.364728 69.021766
5 1.152890e-007 81.222543 119.308786
11 1.522090e-008 52.939154 185.940470
5 6.217670e-009 131.203088 235.741462
6 2.040640e-007 202.868543 277.409755
10 4.275310e-008 131.138576 303.517495
5 2.051990e-007 240.713000 144.271838
11 4.219100e-007 240.713000 64.835318
5 2.935730e-006 243.068095 94.689154
11 4.682200e-008 244.469283 174.949469
5 1.197750e-006 188.228350 111.850325
11 6.705850e-008 167.668833 188.580078
6 3.514190e-008 144.904355 176.157226
5 4.881230e-008 180.668069 261.778083
11 7.284010e-008 143.322184 101.484401
5 2.546420e-008 162.794853 245.559981
6 5.244840e-008 270.501258 301.380582
10 7.134050e-008 274.784853 302.690204
11 5.095310e-008 176.949203 168.208456
5 1.141960e-008 77.790754 154.272846
11 1.193230e-007 101.980560 59.099754
5 5.268660e-008 75.805203 156.787599
6 3.109170e-008 43.262472 197.000985
11 1.005770e-006 207.697200 67.235711
5 3.366400e-007 171.625593 142.402948
6 1.130490e-007 182.197611 260.532511
10 6.904550e-008 90.832213 317.838726
5 4.076100e-007 151.435648 119.033209
11 1.890410e-007 147.388699 116.601556
5 2.405920e-008 35.141110 198.375880
11 1.301090e-008 35.634622 193.680442
5 5.349150e-008 266.697397 289.934997
6 3.729080e-008 249.999789 278.979814
11 4.412370e-007 191.925399 67.886013
5 3.736210e-008 57.961117 100.140258
11 1.798410e-007 149.036267 111.379651
5 2.881090e-008 256.023575 250.330143
11 9.948880e-008 242.438793 150.557122
6 1.154000e-007 231.645111 261.486752
5 7.477510e-008 83.611940 210.514681
11 1.011800e-007 100.597436 45.620370
6 1.851510e-007 133.704734 323.707380
10 8.407780e-008 152.865305 320.239307
5 1.109020e-007 118.243649 142.126357
11 2.612550e-008 115.609420 149.037159
6 7.742150e-008 160.897701 260.747254
5 2.623580e-007 304.800098 53.394698
11 6.906340e-008 309.454880 44.640328
6 6.883310e-008 255.197284 286.061346
7 7.240730e-008 492.281878 319.242231
5 2.643210e-008 358.824967 188.119964
11 3.592190e-008 356.894485 198.051422
7 4.643820e-007 573.339540 336.694842
7 4.018010e-007 567.682866 338.394374
10 3.409340e-008 447.064096 489.911749
8 1.761860e-008 645.301865 757.439921
8 3.422450e-008 729.870479 722.875316
7 2.541940e-007 704.224069 417.580858
7 8.262830e-008 586.538096 571.003511
3 6.492660e-008 824.725484 126.669606
3 4.064600e-008 724.553106 34.061041
7 2.714890e-007 557.476565 366.012723
9 1.109680e-007 367.477867 644.656208
7 1.033920e-007 567.492732 416.856097
9 1.105220e-007 275.559426 582.874183
10 3.024790e-007 164.024137 524.746930
6 2.827370e-008 104.202746 466.978065
10 1.548130e-007 209.096430 544.502114
6 9.396020e-008 209.957104 544.607794
9 1.015270e-007 356.445279 566.563620
4 4.535780e-008 241.053365 861.184010
9 1.997430e-007 273.620887 760.951542
7 3.717780e-008 423.283156 367.403094
9 6.102770e-008 486.611750 644.615742
8 1.741480e-007 541.515680 767.932329
8 4.771710e-008 602.800749 743.125175
9 6.344260e-008 415.551752 712.719999
8 2.993630e-008 381.201923 783.598707
4 3.685930e-008 244.953629 879.000520
4 4.638930e-008 247.472048 871.147040
9 2.744590e-008 298.939174 815.955055
8 6.122930e-008 321.257155 929.722491
2 2.193720e-007 321.092623 930.655605
9 1.020390e-007 327.412905 814.895585
8 2.380210e-008 301.146897 802.647645
4 1.133140e-007 243.475914 924.710821
2 6.524370e-008 207.420113 975.340949
9 8.138500e-009 142.240351 868.607889
4 2.048910e-008 122.814513 870.307470
9 9.431220e-007 262.858767 717.170630
4 2.887430e-008 347.067521 869.944295
8 1.997000e-008 271.049111 871.271323
2 5.849920e-008 270.092257 871.288026
9 8.917550e-007 253.506000 715.658615
9 9.061340e-008 145.336311 808.046098
9 1.214090e-007 182.577091 661.031857
10 1.730760e-008 192.530532 712.237396
4 7.240510e-008 208.494770 891.209962
2 1.590420e-007 353.636885 965.714795
8 2.241110e-007 405.520000 919.403118
9 2.941550e-008 423.575465 632.124269
10 1.989000e-007 214.985848 544.872835
9 2.266460e-008 228.114700 578.206254
6 1.909380e-008 158.710983 554.308549
10 1.021990e-007 74.598347 525.346138
7 7.622390e-008 468.302000 354.642958
10 3.747720e-008 340.948680 375.215838
6 6.855830e-008 224.586437 269.951807
5 1.141570e-007 162.480630 162.381622
11 1.061210e-007 131.764501 122.349265
10 3.425130e-008 131.435626 215.692704
5 5.176360e-007 235.385678 147.412672
11 3.134960e-008 305.621484 174.373653
6 2.701280e-008 81.891195 200.543676
5 4.925560e-008 86.441744 125.020511
11 6.603690e-008 88.815908 134.542782
6 8.383080e-008 142.197736 263.459996
5 1.903940e-008 145.511732 251.091960
11 2.642930e-007 184.217995 106.637776
10 3.480610e-008 184.040713 191.263114
5 7.504850e-007 202.592271 86.053703
11 5.437890e-008 93.439367 178.193979
5 1.311830e-007 148.209367 191.176992
6 8.437670e-009 159.487579 141.415839
11 5.579480e-007 170.973080 47.871149
5 3.075400e-008 123.025749 217.362266
6 4.231680e-007 153.083783 354.512007
10 9.745290e-008 120.773610 270.340970
5 1.622480e-007 166.625961 142.662121
11 7.663390e-008 208.148018 133.836277
6 6.330570e-008 200.108492 300.820905
10 8.677310e-008 196.306610 298.536496
5 8.927160e-008 250.125059 200.436920
11 4.301180e-008 132.296496 207.902666
6 3.133620e-008 78.648397 236.108158
10 1.900290e-007 181.689758 332.195453
7 4.382270e-007 582.085612 355.941027
3 7.407380e-008 797.925358 132.234777
3 6.897630e-008 727.367910 95.821754
10 3.462620e-008 355.885412 404.234791
7 2.414820e-007 583.077031 490.080775
8 1.511740e-007 597.064329 832.081227
7 4.284150e-008 736.643581 672.934944
8 5.845200e-008 627.605453 869.685055
7 4.028540e-007 588.789533 470.160955
7 8.272230e-008 513.196660 380.454496
7 1.247180e-007 566.654749 456.679952
6 4.748400e-008 219.165609 303.273239
10 8.311300e-008 209.765535 304.930702
11 6.900190e-008 129.333011 148.001232
5 1.802030e-007 156.439459 167.737425
6 5.443020e-008 258.992597 306.644995
10 7.664590e-008 268.456952 304.805308
7 2.010060e-006 595.381912 376.660604
7 1.146070e-007 463.787583 334.950852
7 1.082660e-007 538.572588 331.800966
5 5.390050e-008 385.539512 194.254411
11 2.876410e-008 389.494005 196.921751
7 1.615790e-007 496.605400 365.051637
7 1.301000e-007 519.165819 369.017615
7 7.623380e-008 570.326851 332.764309
7 1.145930e-008 443.863683 409.918415
9 2.173150e-008 420.619364 576.435324
7 1.240680e-007 598.632569 511.233943
7 1.018580e-008 486.312157 331.895567
6 3.046300e-008 291.632691 287.985112
10 3.104390e-008 333.652908 326.270112
7 1.008840e-007 547.929219 522.788613
7 1.558240e-007 515.616977 376.050235
5 3.611900e-008 447.696827 122.571614
3 2.705960e-008 704.455231 62.854520
7 8.589050e-008 543.376872 286.605662
7 6.968200e-008 539.655130 304.023021
7 5.182160e-008 502.847093 320.287654
7 3.494410e-008 561.284113 222.661106
7 1.641100e-007 638.011656 507.915514
8 1.740970e-007 508.347770 950.522846
2 2.160340e-008 519.122002 867.962777
7 4.335920e-008 575.661622 635.641924
8 7.318780e-008 625.989632 776.571805
