4 4.542990e-008 741.794980 566.332035
8 2.031350e-006 629.339410 666.081587
7 1.205650e-007 650.861147 657.386266
3 4.636460e-008 796.949283 598.362999
4 8.700900e-007 783.581118 408.717128
4 1.344710e-007 690.368287 403.083506
8 2.351270e-006 642.847494 622.011608
7 3.249710e-008 578.862332 596.587016
2 2.847930e-007 470.058761 514.685726
10 1.509400e-007 743.390472 86.041541
8 1.620930e-007 653.852000 523.168999
4 9.143050e-008 696.044609 300.109389
4 4.375920e-008 704.373820 525.094543
8 8.223090e-008 748.566803 601.639039
3 4.166790e-008 815.228207 629.842520
8 5.050820e-008 802.523109 647.157958
3 9.506080e-008 917.585459 650.347924
