9 1.589890e-007 453.410533 436.362221
6 5.478420e-007 435.163147 350.515285
6 1.543490e-007 564.605306 248.586231
9 2.255580e-007 568.633575 325.449046
3 5.515080e-007 642.445940 829.935231
2 2.542270e-008 700.247077 959.758419
3 3.433070e-007 687.075959 846.235963
7 1.180510e-007 454.718212 565.119412
9 6.081280e-007 517.729671 409.158984
6 1.085650e-007 519.506910 404.760117
9 3.774990e-008 521.516949 514.140999
7 3.885480e-007 421.685360 520.060613
6 4.862210e-007 461.475018 360.471617
9 9.512420e-008 556.439546 270.017746
7 5.651120e-008 459.668911 584.780432
6 2.080590e-008 444.993445 468.045612
9 4.783250e-008 444.469766 468.347958
8 7.770500e-008 336.872183 515.325512
7 1.876460e-008 458.597209 376.144092
6 2.680760e-007 514.356410 246.879799
9 1.200800e-007 514.306839 247.446413
6 2.887090e-008 518.294738 104.805330
9 2.698460e-007 450.674052 306.895386
6 4.298860e-007 396.132656 315.531281
9 1.190310e-008 315.549895 265.567705
4 1.486950e-007 31.531980 190.165753
4 2.696400e-008 206.047265 197.440614
4 3.438220e-007 88.518160 146.881483
4 5.075930e-008 118.108737 132.425218
4 6.634700e-008 105.025602 187.003235
4 2.980500e-007 81.487217 170.048904
4 3.607310e-008 207.152077 44.142489
4 1.897030e-007 65.619919 146.504384
6 5.922510e-008 336.972704 338.692311
9 4.414530e-008 342.141619 412.610371
7 6.110930e-007 348.216740 499.487631
8 8.177690e-008 210.058717 583.394048
11 1.552610e-007 167.627754 594.281263
8 7.968240e-008 191.098137 543.490040
11 5.275860e-008 137.709982 497.080552
7 8.930520e-009 129.335501 489.800746
7 1.708630e-007 343.098525 633.659005
8 2.822920e-007 278.392410 653.441680
11 1.900820e-007 200.453919 677.269905
5 5.578720e-008 280.916259 851.285850
7 7.503320e-008 275.225452 725.206780
8 2.673810e-007 272.947160 727.118492
11 1.506450e-007 207.228747 782.262740
8 1.664420e-007 234.675651 775.628606
11 3.291590e-008 304.950311 726.421800
7 1.101960e-007 347.943705 691.264384
8 7.785610e-008 132.765985 826.993117
5 1.297410e-008 160.856353 823.544155
11 4.039650e-008 215.361296 816.851986
8 5.170560e-008 274.305893 794.632793
11 5.926120e-007 182.756241 653.659055
7 4.611830e-008 339.480308 675.160684
2 3.891010e-008 400.233399 858.574966
10 3.536780e-008 349.983682 920.277040
5 1.487750e-007 281.655062 959.726448
11 8.360400e-008 142.479307 756.890532
8 1.715020e-007 148.350151 769.576295
5 1.160990e-007 89.417928 923.635478
5 7.271670e-008 290.929527 913.079036
2 3.765380e-008 366.691824 802.250268
8 1.425890e-007 309.087075 743.643685
11 5.846310e-008 188.160326 827.694860
5 4.814070e-007 176.785590 908.631148
2 6.269520e-008 303.074643 902.958056
5 3.140860e-007 157.438332 909.560364
8 2.894970e-008 105.990815 854.176321
11 1.879520e-008 105.353990 855.752513
5 4.666840e-008 294.055135 866.323768
2 5.826910e-007 431.911839 853.074857
3 1.805360e-008 378.628953 787.275574
10 1.556780e-008 375.839570 783.830952
8 1.295440e-008 300.466960 690.752964
7 1.354670e-008 281.521373 722.495399
11 7.947810e-008 274.715745 741.193633
5 9.491000e-008 252.452936 883.040228
2 5.502420e-007 401.115914 922.874335
10 3.330120e-008 368.135062 937.188439
5 2.503510e-008 27.644538 896.414939
11 4.209210e-008 41.829997 801.606390
8 9.711530e-008 175.299799 823.483536
5 6.216100e-008 240.399313 797.226739
7 5.827340e-008 200.026329 624.322501
11 2.459850e-007 102.386032 629.439525
8 6.768370e-007 138.852270 694.239913
11 9.037120e-008 122.947693 746.152636
8 1.362160e-008 224.347889 863.596031
5 2.790930e-007 245.575573 933.028917
11 4.687870e-008 252.065422 838.992212
2 7.982100e-008 384.132749 800.120839
10 1.972850e-008 384.455193 798.462025
7 5.650120e-006 338.802226 558.186857
8 1.017060e-007 378.425711 689.413456
7 6.029830e-009 200.653976 438.632011
8 2.434770e-007 186.884488 569.599076
11 4.599480e-008 187.245379 567.901231
7 9.404170e-008 201.503408 518.915756
9 1.638340e-007 598.592737 395.849719
6 1.401370e-007 597.228438 317.710336
7 3.679800e-008 568.378153 539.116545
9 1.520680e-008 524.403470 588.493796
7 1.122260e-007 469.019510 546.053027
9 1.938000e-008 469.274889 548.132990
3 5.243340e-008 692.121979 778.700085
3 5.375220e-008 527.805636 771.637977
7 1.576520e-007 421.463188 562.488211
8 1.795180e-007 252.879670 553.035243
7 3.267270e-007 301.022826 573.597481
8 4.758740e-008 371.704418 665.292014
7 9.993520e-008 392.500528 685.150809
5 3.387760e-008 333.860872 857.521960
8 2.584170e-008 320.499714 883.744787
2 1.349210e-008 335.128834 760.877468
11 1.134160e-007 260.532714 730.351134
7 1.282030e-008 236.217587 743.279725
8 1.775060e-007 312.365530 726.085679
5 2.324540e-008 228.294623 763.639220
11 1.601080e-007 232.345651 762.400699
7 7.895170e-008 269.994005 683.624339
8 4.847150e-007 253.387507 677.249762
5 2.520600e-008 175.271518 732.460102
11 1.884910e-007 174.854528 728.492627
8 2.575350e-007 117.743001 733.212759
11 1.332950e-007 241.923240 645.054114
7 9.093560e-008 283.882412 647.988104
8 6.263640e-008 365.630844 607.693452
6 2.239530e-008 488.487700 537.262345
9 3.770390e-008 488.829992 537.716583
3 6.082150e-008 651.474544 704.268439
3 7.186960e-008 685.936670 980.340326
10 5.241020e-008 673.621958 855.683896
3 1.198010e-007 707.535087 861.317058
10 4.479560e-008 613.747393 964.594283
2 2.030990e-007 554.935604 931.994443
3 3.965530e-008 636.182366 803.878367
2 2.124140e-007 458.375121 882.813545
10 6.993210e-008 455.704072 899.678055
3 1.087700e-007 603.589339 769.158289
7 3.381680e-008 552.580008 618.875828
3 1.240490e-007 694.907778 779.421171
3 7.570770e-008 657.490582 719.793798
3 8.941080e-008 763.009458 905.964212
3 7.787110e-008 583.139307 749.738326
6 1.734370e-006 472.951816 348.781619
9 8.006790e-007 473.199782 348.249855
6 2.288210e-007 509.792608 268.956711
9 2.567330e-006 504.895179 324.944408
6 7.069380e-007 435.351966 332.833404
9 2.307440e-005 505.054058 341.391625
9 1.361430e-007 504.800329 259.070498
6 5.968970e-007 490.820530 265.294716
7 3.267570e-007 396.195108 498.346494
9 1.310020e-005 503.289428 348.359711
6 6.011870e-007 500.823018 339.591202
6 1.628140e-007 428.541689 265.239487
9 1.620590e-007 405.465239 328.641941
9 7.445410e-008 548.063767 243.684054
6 1.438900e-007 547.545521 258.523222
4 2.348600e-008 141.883417 133.478390
4 7.521100e-008 93.232183 187.697481
4 2.002510e-007 66.740286 181.625320
4 3.775170e-008 224.951046 169.659119
4 3.094550e-008 207.283787 227.413496
7 1.959910e-008 240.214395 276.730173
6 5.026580e-008 349.868099 228.592313
9 4.384400e-007 498.882702 295.714334
6 2.074060e-008 560.807992 101.248261
6 9.103190e-008 374.661388 250.380680
9 3.710530e-008 395.574165 189.645406
6 1.780970e-007 441.345018 328.447530
9 1.757450e-007 382.655195 345.276362
3 2.097110e-007 604.469452 783.131571
2 4.706320e-008 680.149578 845.246836
3 1.268280e-007 640.305023 775.845922
9 3.816060e-008 446.300487 484.062607
6 4.300860e-008 449.996297 486.650455
7 2.749220e-008 494.642214 517.912043
7 3.500080e-007 446.434655 533.213269
9 2.381720e-008 513.658481 540.278449
9 1.048090e-007 636.118187 312.141510
6 4.402500e-008 670.819169 270.401483
9 5.958820e-008 650.687347 460.154158
7 3.847790e-007 329.455118 587.230266
8 5.680970e-008 246.098411 575.515301
11 1.107250e-007 180.777676 537.860980
8 2.827250e-008 277.249110 522.615436
7 1.105470e-007 278.846954 521.125424
11 7.200440e-009 247.358854 558.501795
8 4.331660e-007 187.974218 594.044963
7 1.064230e-007 185.766952 594.083491
11 8.018050e-008 96.620047 555.887926
8 8.905540e-008 143.083271 525.714260
7 1.497450e-007 214.716834 479.194734
11 2.327100e-008 73.252861 541.956292
7 3.230900e-008 137.488542 438.626539
11 1.007360e-007 123.130038 601.039779
8 8.447340e-008 183.084419 579.217931
7 5.696150e-006 356.212102 561.278838
9 1.020960e-007 411.426844 480.643637
6 2.061520e-008 475.285019 527.039089
6 4.457380e-008 718.060599 327.911205
7 1.596140e-007 473.869382 499.011956
9 1.867270e-007 521.890718 419.090586
6 1.907360e-007 515.350461 379.500519
7 3.027030e-008 432.506870 441.852491
9 1.398090e-007 427.796740 436.035996
6 5.297410e-008 374.785690 370.573133
7 8.682350e-008 407.368757 589.952339
5 1.112130e-007 316.986819 903.797213
2 3.279420e-007 401.813023 921.464023
10 8.786010e-008 389.000219 908.651219
8 1.814880e-007 254.187123 783.473347
11 2.592340e-007 188.283268 754.131153
7 7.297040e-008 309.167663 703.078752
8 3.453970e-008 385.385894 811.928795
2 7.739390e-008 383.325681 844.539619
10 2.147520e-008 335.659598 912.613857
5 5.603010e-007 232.302484 951.636449
11 1.252500e-007 191.444613 774.654175
8 6.540890e-007 234.164485 723.742569
2 4.300490e-008 378.699952 799.752935
8 5.084220e-008 282.450069 786.579252
5 4.112470e-008 213.171091 794.315459
11 8.247690e-008 168.225163 727.680014
8 1.116210e-008 355.228272 799.254596
2 2.036400e-008 299.793981 763.784912
11 2.289870e-007 150.411704 724.094564
5 2.183340e-007 145.519261 867.786775
2 6.962000e-008 329.236981 924.620185
10 2.592650e-008 307.687706 849.468164
8 1.348340e-007 262.381271 811.882877
5 1.309930e-007 187.100695 855.346218
11 5.036460e-008 184.710359 775.674320
7 7.758460e-008 402.483311 685.561828
8 2.206650e-008 420.863483 681.989080
2 5.786970e-008 325.960005 851.180541
11 9.453510e-008 225.062204 695.809984
8 1.113780e-007 72.251399 639.699799
5 4.554710e-008 175.196343 792.204075
11 3.695520e-008 179.010051 791.182194
8 7.616540e-008 89.524559 743.873582
5 7.988230e-008 334.176262 842.148959
2 3.322780e-008 299.459566 803.592088
11 1.076800e-007 222.465262 718.081085
8 1.754200e-006 220.219185 715.586559
11 2.898560e-007 92.283138 730.664749
8 6.585060e-008 89.657606 732.643233
5 1.023430e-007 44.772496 916.575162
5 5.135980e-008 255.933508 847.905495
11 1.087420e-007 200.876321 724.245823
8 1.129990e-006 199.468792 721.084482
7 2.685550e-007 368.722937 630.066292
11 4.487980e-008 128.675144 846.140460
8 2.059020e-008 126.050727 848.342619
5 1.516280e-007 73.641337 894.280353
5 2.395860e-008 191.717558 800.007669
11 3.650210e-008 229.586446 840.795421
8 2.955500e-008 231.346901 843.612739
5 1.193660e-007 256.087014 905.047858
5 1.916580e-008 235.691471 758.252682
11 1.212550e-007 218.035259 708.944082
8 3.933720e-006 220.109990 711.799705
2 2.196520e-008 270.465591 917.757479
5 7.089900e-008 227.934756 892.194282
8 5.169570e-008 339.690994 778.282495
11 6.221340e-008 187.101015 750.977749
8 5.115170e-008 88.096109 739.495857
5 5.328040e-008 217.011300 831.126118
7 1.058950e-007 401.149164 642.610586
9 3.757560e-008 558.059940 510.305246
7 8.144750e-008 491.572826 549.187820
9 3.945720e-008 552.486540 568.433788
7 1.017740e-007 430.718567 600.702405
8 5.502410e-008 306.801040 823.202848
5 6.921270e-008 271.575174 868.980156
2 2.372130e-008 275.343696 797.071300
11 5.651520e-008 293.004913 714.753845
7 3.978050e-008 296.803383 731.206972
8 2.061330e-008 363.310753 698.649786
11 4.194260e-008 222.221898 840.143763
5 1.836610e-007 261.339238 910.714596
2 1.074250e-008 246.906636 993.901456
5 9.500850e-008 306.529261 922.251571
8 8.513660e-008 193.060890 822.657333
11 4.883510e-008 186.630008 825.520518
8 2.227740e-008 205.471202 802.369743
11 4.444400e-008 205.957361 809.321853
5 6.621490e-008 210.386799 872.663159
8 9.038660e-009 158.791415 860.351881
5 3.028670e-008 89.439094 844.340517
2 5.217950e-008 321.993660 854.753239
5 4.076610e-008 311.763725 796.736753
8 3.079920e-008 320.556500 872.473717
10 1.705670e-008 308.881515 974.332982
11 3.741690e-008 269.814119 710.461942
8 3.525590e-007 222.697773 736.479819
5 1.324650e-007 109.200919 817.048415
7 4.041670e-008 259.612531 743.041236
11 1.350770e-008 267.116859 828.814341
5 1.057190e-007 76.102609 921.831830
8 2.303060e-007 186.648470 783.507621
11 9.427060e-008 99.196837 761.703672
5 3.389890e-007 148.934283 882.901710
8 4.621580e-007 136.320566 702.519271
11 2.743780e-007 221.195356 702.219219
7 8.091500e-008 264.915485 675.157531
8 7.507620e-008 58.416731 751.041516
11 1.098330e-007 58.235449 818.228827
5 2.003840e-007 152.503964 930.573960
10 1.682690e-008 305.756630 818.520961
2 3.775990e-008 303.247081 815.922245
8 2.175840e-007 236.008518 746.294643
11 1.480360e-007 223.389204 745.404566
5 1.943120e-007 170.670691 875.887363
11 2.415320e-008 26.929319 882.250179
5 4.667190e-008 117.014593 846.141450
8 1.342370e-007 244.138981 747.532742
7 2.086900e-007 324.241232 669.929113
11 1.055140e-008 235.645052 839.739481
5 1.880270e-007 172.940300 890.516543
10 4.749880e-008 402.626449 881.518687
2 7.677430e-008 405.366502 879.219526
5 1.086650e-007 230.442613 912.163558
8 1.645480e-007 163.574058 768.763225
11 2.825410e-007 158.432266 757.736599
8 4.932460e-008 306.237931 909.336140
2 4.699570e-008 287.316954 967.414783
5 1.591470e-007 279.447195 961.904295
11 1.925820e-007 173.523023 736.411066
7 3.581500e-008 143.876607 712.240366
8 1.459260e-007 115.114834 739.061314
5 8.983740e-008 311.398923 930.308756
2 7.618500e-008 329.549770 986.172684
10 5.554220e-009 319.920498 877.015546
8 4.699440e-008 289.756156 847.288565
5 4.536850e-008 303.078010 906.776657
2 5.315980e-008 353.810754 817.074705
8 6.209110e-007 262.261790 654.045180
11 9.768720e-008 257.782170 659.383817
7 2.369430e-008 257.472643 659.752700
5 8.183410e-008 171.999229 869.304286
8 5.712650e-008 133.067704 867.442618
11 3.509910e-008 126.386622 869.874315
5 6.660860e-009 148.929988 836.011644
8 4.138760e-008 350.808381 773.482656
7 1.970760e-008 365.281598 809.304895
2 2.927610e-007 398.988736 892.732452
10 6.676520e-008 380.929800 896.899014
5 7.100620e-008 321.646566 874.851345
8 8.696580e-008 286.407234 822.715373
2 4.609880e-008 369.944572 860.143264
10 5.812550e-008 368.296547 860.647115
5 1.370940e-007 272.664356 889.884771
5 4.989950e-008 222.572759 838.254167
8 4.830460e-007 191.228116 758.769425
11 8.298180e-008 189.663569 757.829351
5 6.720780e-008 251.511895 842.365314
8 4.565810e-008 359.202434 836.173399
7 1.024660e-007 449.435097 551.676536
9 1.967270e-007 459.181184 458.948985
6 2.029760e-007 426.132243 393.236186
4 5.905550e-008 111.944713 185.013984
4 5.551940e-008 194.105109 136.390376
4 2.882940e-008 180.965367 67.724431
4 4.208620e-008 183.201359 198.925595
7 5.943050e-008 380.099268 359.392725
6 1.536240e-007 383.698602 342.459401
9 3.039890e-008 399.104784 269.979915
6 9.140490e-008 517.696598 202.702360
9 5.696740e-008 530.437102 253.591749
6 1.041980e-006 478.126944 286.565628
9 7.599450e-008 449.806617 199.405492
6 4.185870e-007 466.511927 246.125779
9 1.383210e-006 471.026182 332.262010
6 3.163480e-008 332.481884 372.802138
9 6.607310e-008 338.099909 372.012562
7 9.536340e-008 411.668638 361.672960
6 5.791180e-007 492.036677 263.567936
9 2.099490e-007 489.208488 268.886954
7 7.660620e-008 485.412286 507.812890
3 2.434480e-007 557.272789 796.111879
2 1.326250e-007 489.919062 823.790643
10 6.361950e-009 535.808869 747.416695
3 8.356040e-008 764.529217 809.999334
3 2.235310e-007 668.863154 806.429254
2 2.482960e-007 498.273716 858.738291
10 9.044540e-008 498.758007 857.154276
3 2.666870e-008 499.044008 856.218824
3 9.291880e-008 722.087379 870.723428
3 6.208860e-007 598.292388 921.392752
2 1.981040e-007 542.087930 907.379493
10 9.431830e-008 540.529452 906.990924
3 2.810960e-007 565.016798 823.913621
2 2.317090e-008 607.256292 781.674414
3 2.241490e-008 669.054106 754.588986
2 1.392250e-007 520.946713 858.503815
10 1.328470e-007 559.555331 890.715000
3 6.824930e-008 760.339531 791.079358
3 7.272240e-008 758.255766 837.732462
6 1.673900e-006 485.297257 348.807426
9 9.958290e-006 481.383416 344.305066
6 5.423890e-008 561.667779 197.479488
9 1.420600e-007 436.003650 296.214514
7 6.024890e-008 495.891152 420.924013
6 5.467520e-008 492.456734 414.728132
9 8.414730e-008 579.708027 218.879434
6 3.315730e-008 404.185748 175.784774
9 4.288760e-008 543.669930 523.891859
3 1.853630e-008 575.401676 656.425039
7 2.936240e-008 558.435128 606.199765
2 2.350230e-007 476.271646 821.638755
3 3.960400e-008 492.987372 885.121065
10 5.933430e-008 570.083864 900.106897
2 8.267240e-008 562.735650 881.546557
3 3.974220e-007 637.837150 826.981954
3 7.147980e-008 693.109937 732.035774
9 3.141150e-008 610.879584 353.492312
6 5.696740e-008 595.226234 307.599099
7 4.126950e-008 408.923372 399.128368
4 7.008750e-009 137.791114 155.219635
4 1.794870e-007 75.373698 192.385716
4 6.746590e-008 187.319694 242.904926
4 1.556100e-007 80.414278 142.378695
9 1.880060e-007 377.857953 331.162763
6 8.904900e-008 375.218460 321.311976
7 2.058290e-008 372.835655 312.419172
4 9.146840e-008 102.671575 175.657609
6 1.006290e-007 357.991678 374.770831
9 8.484920e-008 417.666899 418.070008
7 1.089220e-007 429.559217 485.515519
9 1.509830e-008 504.200466 573.059776
7 3.823270e-008 504.463012 623.127675
2 4.905060e-008 471.228000 708.359266
9 5.443110e-007 511.821679 379.630744
6 3.361710e-007 512.269355 353.983361
9 1.609560e-007 571.735313 253.593152
6 7.385940e-008 577.327420 261.883784
7 6.115370e-008 477.368829 465.545976
3 8.823000e-008 720.482690 790.272599
10 1.219680e-007 598.638596 930.416307
2 2.822770e-007 607.532070 931.038183
3 1.719400e-007 678.417925 814.682551
7 3.731730e-008 422.151308 601.790599
8 1.058680e-007 289.988544 571.597359
11 5.044560e-008 157.614544 555.482384
7 1.565340e-007 421.925812 586.480564
9 1.890470e-007 555.036907 386.629284
6 6.147340e-007 529.109289 315.394391
9 4.199250e-008 460.334290 259.374040
6 1.017050e-007 508.449069 197.790071
6 9.045980e-008 406.819325 193.736629
9 8.393560e-008 390.797068 269.115230
7 7.317610e-008 430.473547 435.866597
7 1.160590e-007 378.320674 659.771621
8 4.014800e-008 335.028262 717.222376
10 9.650930e-008 436.694763 912.132759
2 1.328220e-006 440.407679 917.092699
5 4.783560e-008 298.425836 913.811407
2 1.781580e-008 353.675640 804.115499
8 3.644140e-007 258.028702 676.927288
11 1.530260e-007 216.610779 632.511978
7 1.014750e-007 217.730692 642.583808
5 1.564250e-007 145.925257 889.875216
11 2.019260e-007 154.107883 739.361915
8 3.016020e-007 156.972101 731.043596
2 1.650640e-007 381.576289 884.195541
10 7.885720e-008 397.148166 951.645041
11 7.115460e-008 224.135587 712.275162
8 1.435460e-006 217.430188 706.446249
7 1.390620e-007 364.329887 679.564588
8 6.348500e-008 341.904839 580.038131
7 7.051250e-008 470.504141 525.450965
3 3.936810e-008 651.304152 674.694915
3 4.196390e-008 698.339430 786.517962
10 2.853060e-008 668.043970 939.563162
2 6.838890e-007 509.924171 961.785220
3 7.284400e-008 558.536503 944.388074
3 5.254280e-008 779.922959 885.995852
3 3.412140e-008 767.554722 788.012165
3 1.301820e-007 626.268679 801.466133
3 1.109180e-007 726.631947 866.800611
10 1.963980e-008 574.433756 864.166438
2 9.456360e-008 565.914490 783.109332
3 9.973410e-008 687.895620 795.883310
3 6.239440e-008 609.223521 741.497198
3 3.404710e-008 792.328813 969.873274
10 2.071550e-007 579.877572 960.295946
2 9.175190e-008 553.068963 900.083176
3 2.342370e-008 579.008622 642.683935
10 1.471440e-008 527.512707 723.413970
9 7.621710e-008 540.720321 415.836728
6 7.230920e-008 540.112000 425.580119
3 5.946320e-008 567.431690 791.676539
9 7.165030e-008 459.081080 457.333256
7 9.117790e-008 495.688812 412.653815
6 1.958560e-007 501.346411 408.390521
9 2.016170e-007 566.157841 335.725212
6 8.589550e-008 607.151501 388.701166
3 6.608470e-008 593.376509 761.252000
3 1.598900e-007 593.211586 810.323671
2 6.992140e-008 583.864120 850.972409
10 7.734530e-008 590.677262 849.399476
3 5.178830e-008 754.705175 812.348421
6 1.400290e-008 705.633653 399.233953
3 1.214990e-008 819.374686 802.398454
2 8.669720e-008 564.588950 805.461231
3 3.669390e-007 562.693804 803.631106
10 1.534300e-008 559.658664 800.700099
6 1.307780e-007 472.350671 419.703146
9 2.717770e-007 471.934191 419.256527
6 8.099950e-008 392.456138 439.403489
9 6.496060e-008 392.197921 439.910270
7 1.112020e-007 365.958377 491.408393
3 3.566440e-008 696.236091 739.053737
9 2.570980e-007 467.227096 433.625819
7 2.902940e-008 460.314636 389.982028
6 3.722150e-007 454.441284 352.898950
3 2.887000e-007 574.285790 813.509021
2 5.044400e-009 596.412638 849.829261
10 4.595610e-008 603.140591 848.521451
7 8.209920e-008 465.201929 612.493735
2 1.221800e-007 545.086265 817.206272
3 2.104240e-007 552.213107 821.156738
10 9.601940e-009 689.177970 877.456874
3 4.592900e-008 698.490594 821.698779
3 3.270220e-008 785.110585 787.456158
3 9.859310e-008 766.342426 892.854841
2 1.581360e-007 558.926554 898.697206
10 1.407760e-008 551.822875 898.075708
3 2.952690e-007 550.809041 897.987008
2 2.788370e-008 470.754402 705.327141
10 1.463210e-008 470.295596 698.766189
3 2.141520e-008 470.230116 697.829817
7 4.024970e-008 483.092209 596.822663
3 1.316760e-006 609.736483 864.519621
2 1.560200e-007 621.877727 941.174789
10 8.592850e-008 645.942974 975.624822
3 2.009130e-008 567.977047 698.962287
3 2.261850e-007 640.878888 830.755734
2 1.198630e-007 490.621569 856.591528
10 1.051080e-007 537.262775 897.136204
3 8.811180e-008 636.935721 983.780778
10 3.393190e-007 576.298231 942.195814
2 2.488770e-007 560.207276 959.451245
3 1.936230e-007 558.464941 961.319671
10 3.950390e-008 612.807000 842.799735
2 8.976810e-008 612.807000 817.239771
3 3.686600e-007 612.807000 814.472172
3 1.209780e-007 650.032443 735.028706
6 7.507150e-008 500.214097 446.108467
9 5.046410e-008 500.234157 446.682870
3 1.745090e-007 623.185944 797.531173
10 6.347580e-009 617.730668 743.555122
7 3.547090e-007 424.929926 587.540472
6 2.294300e-007 496.631522 400.835639
9 4.724670e-007 496.966313 400.339293
7 1.973380e-008 497.171796 392.703504
6 8.720210e-008 412.199045 229.896346
9 6.106060e-008 411.955522 229.349386
7 3.081660e-008 413.714011 411.315159
6 2.411730e-008 420.226864 551.610851
9 2.207640e-008 419.794331 552.058748
8 3.118010e-007 280.822195 685.028082
11 4.954640e-008 279.552712 686.211900
5 1.027110e-007 124.043573 898.798298
10 6.735000e-009 335.109613 878.099530
2 4.829150e-008 332.718475 875.249887
8 1.220420e-007 278.383597 780.182876
11 1.391400e-008 279.964931 780.854108
5 4.060490e-008 232.890964 841.613185
8 8.334290e-008 346.175925 714.803854
7 1.916730e-008 304.017285 722.998474
11 2.292780e-007 199.502506 743.313620
5 3.522760e-008 298.908351 783.791516
2 3.045630e-008 298.379622 782.945365
8 1.047090e-006 232.504761 682.418139
11 6.119020e-008 119.737005 780.445931
5 4.262110e-008 241.063817 855.989416
11 7.542550e-008 171.483105 750.568548
8 4.415740e-007 184.893531 747.224999
7 1.016350e-006 369.496424 540.756250
6 4.155000e-007 500.595793 397.375466
9 3.185950e-007 500.084588 397.126135
7 1.102270e-008 493.036972 415.246950
9 6.669400e-009 351.214269 543.049750
6 1.720380e-007 432.119079 399.932016
9 4.081750e-008 409.814243 258.009983
6 1.791530e-007 365.497980 373.445155
7 3.870920e-008 331.463825 338.252980
4 2.130010e-008 165.203149 205.896175
6 4.865240e-008 408.077927 276.636207
9 1.110010e-007 407.914547 276.066433
6 8.642370e-009 453.553562 125.495875
9 1.806910e-007 458.995296 244.569499
6 7.085480e-008 597.814956 328.794143
9 1.725470e-007 590.342747 272.883640
6 7.361540e-008 505.924747 196.387612
9 1.265430e-006 465.126246 336.023849
6 6.621850e-008 471.660793 468.511442
7 2.367530e-008 468.437431 499.179000
7 1.812980e-006 348.864573 566.375217
11 4.770190e-008 208.863672 540.309278
8 5.921550e-008 195.561447 541.942595
7 3.927550e-007 291.261280 576.464765
8 3.821750e-008 346.316237 863.086887
2 1.490580e-007 345.148846 866.905263
5 5.449470e-009 356.198143 856.673835
8 1.181860e-007 326.939734 791.146664
7 1.065450e-007 388.988849 628.135735
8 7.343670e-008 366.864833 614.945093
7 1.247500e-008 399.992834 701.246128
2 3.326470e-008 380.335220 789.682152
11 5.293120e-008 312.398969 716.406191
8 1.028740e-007 390.365302 655.492456
7 1.812560e-007 439.501070 576.256258
6 6.995110e-008 451.685742 514.217268
9 6.944590e-008 451.293893 514.701160
7 2.863530e-008 506.357501 413.189142
6 7.651490e-008 494.290674 234.934159
9 6.819050e-008 493.707592 234.733390
6 9.823610e-009 534.937121 566.292979
9 5.272910e-009 535.135938 566.870383
3 4.130360e-009 647.576476 677.052902
7 1.677170e-007 435.972228 543.309683
9 1.732700e-008 396.762808 547.223712
6 1.106480e-007 512.696546 443.390283
7 3.260060e-008 515.693189 441.369021
9 1.176590e-007 569.066405 373.726347
6 5.455740e-008 387.322223 273.348770
9 1.879980e-007 388.073357 307.388331
6 1.074850e-006 434.685402 326.912730
9 9.298740e-008 369.613832 311.889935
6 1.543260e-006 443.932692 303.667386
9 1.614580e-007 512.072267 286.678145
7 2.900450e-008 484.638000 397.256332
6 2.919330e-007 545.725774 319.794220
9 4.953930e-007 537.251482 388.813080
3 1.931720e-007 584.926739 789.867984
2 1.433750e-008 674.807307 737.439374
3 7.368450e-008 699.933976 761.911564
9 6.154680e-009 720.691537 290.689766
6 5.537850e-008 486.856818 436.695933
9 8.035560e-008 481.906143 439.218423
7 2.376510e-007 373.653736 499.713797
7 2.488710e-008 478.117399 667.893406
10 9.564230e-009 501.144596 797.231526
3 1.743870e-007 500.922551 790.872562
2 1.004140e-007 500.830402 788.233578
3 1.787280e-008 697.183934 698.213315
7 2.644010e-007 378.587627 550.567110
8 4.741650e-008 342.338319 580.418246
2 5.413120e-008 350.461325 881.133149
5 2.525430e-007 221.230421 925.175525
5 2.972970e-007 99.626852 928.998031
11 2.491280e-008 215.893437 841.396068
8 1.101530e-007 283.637978 729.461828
7 1.620250e-008 258.592383 718.936378
5 3.167050e-008 92.433805 883.552105
11 1.891460e-008 63.136320 909.020142
8 3.051800e-007 155.274577 742.678584
11 4.439100e-008 264.973074 836.996232
5 6.086260e-008 285.022341 854.424803
5 2.749530e-008 80.642765 858.750106
11 3.920240e-008 119.820745 864.604413
8 1.531690e-007 311.596931 777.740583
2 9.743060e-008 336.328083 969.269796
10 4.704430e-008 334.760066 968.790407
5 6.573610e-008 312.652909 962.031598
8 1.395020e-007 338.939830 659.127524
7 3.303960e-009 276.919543 714.970939
11 1.239400e-007 208.976518 776.147220
5 3.180060e-007 258.277640 916.782332
8 3.571510e-007 234.975282 748.151239
11 1.426450e-008 288.465435 684.404341
7 1.040080e-007 341.899831 631.482075
9 6.138030e-008 601.893840 381.410568
6 4.850190e-008 604.539448 305.649958
9 1.871080e-007 400.071382 407.258572
7 7.715350e-008 407.628275 397.379968
6 8.473040e-008 409.114575 390.942030
9 2.625490e-007 525.283641 259.194002
6 9.867440e-008 462.888904 215.640534
4 4.623140e-008 143.319575 161.878133
4 8.539320e-008 51.966201 51.664932
4 4.771110e-008 146.381784 116.281051
4 2.824820e-007 60.181772 171.738790
4 8.267190e-008 45.248144 309.483114
4 2.860230e-007 44.283125 99.475720
4 6.019140e-008 102.979665 74.645058
4 1.163010e-007 114.877751 166.198249
4 1.276560e-007 92.428504 188.952708
4 1.510200e-007 64.657360 157.395637
4 1.604090e-007 82.203646 231.802304
4 1.903250e-007 68.786500 118.734497
6 9.293210e-008 371.319874 337.510262
9 1.496900e-007 403.425972 288.175186
6 2.602340e-007 447.293652 270.066057
9 5.827810e-008 449.440800 275.380424
6 6.464740e-008 606.767962 338.027430
9 3.900690e-008 606.464915 343.809708
6 1.470990e-007 579.346652 305.852988
9 8.757250e-008 577.355447 311.040204
6 1.616330e-008 459.335319 159.336351
9 5.696060e-008 455.186180 155.467199
6 2.611200e-008 431.377966 374.248203
9 1.628710e-007 427.325002 378.301139
4 3.601540e-007 58.864295 184.237723
4 2.148750e-007 81.530152 150.485993
4 5.256020e-008 175.810451 189.503259
4 1.247980e-007 104.961652 88.051081
4 5.804060e-008 127.901631 156.462002
4 2.380090e-007 37.731019 91.976110
4 3.781210e-008 201.030358 183.793279
4 4.262950e-008 99.931958 29.609995
6 9.035830e-008 425.028759 291.843448
9 1.080690e-007 429.867655 288.455201
6 4.887480e-008 461.292682 135.541285
9 2.198860e-008 461.589602 129.875789
6 2.969650e-008 493.615615 144.422592
9 1.088700e-007 605.072558 357.381740
7 2.072560e-007 430.971575 536.413194
2 3.564270e-008 352.195549 849.534205
8 5.121330e-008 301.362946 911.773543
5 1.051400e-006 232.178181 956.703463
11 4.300270e-008 154.852595 832.057112
5 5.153720e-007 125.968461 948.844340
2 1.202050e-007 380.054743 964.692745
10 2.646320e-007 441.756160 958.455392
5 8.699460e-008 267.011297 927.378997
8 4.323770e-007 200.059939 774.731181
11 1.142410e-007 201.636143 774.094353
8 3.411490e-008 344.094743 783.188496
7 1.678580e-007 411.979547 611.078656
7 1.085640e-007 254.900382 418.148077
6 1.254830e-008 245.988090 486.061232
8 1.472020e-007 181.475918 571.671755
7 6.280150e-008 173.874869 568.107875
11 3.196390e-008 154.943370 509.842819
7 5.141900e-007 255.239997 524.840963
9 1.435260e-007 445.991091 433.548405
6 8.136050e-008 425.995112 339.473678
9 1.942220e-007 595.806376 350.791710
6 4.152440e-008 594.446222 366.338169
3 1.777850e-007 656.968435 817.090386
3 5.622810e-008 506.720449 734.669228
2 6.644220e-008 510.725341 728.466885
3 6.821780e-008 648.109068 724.509742
7 2.215140e-007 418.937388 512.054404
9 2.700450e-008 496.367231 562.337965
3 7.032860e-007 661.731262 827.020311
10 3.632760e-008 510.972569 781.528316
2 9.347020e-008 488.417435 770.035935
3 4.317590e-008 481.157029 766.336585
3 2.000830e-007 675.367266 846.457860
3 6.002500e-008 712.812735 779.710888
3 1.573380e-007 749.028823 870.605174
3 1.936270e-008 833.926145 781.329162
3 1.032800e-007 550.834995 817.260548
2 2.135540e-007 562.766949 884.930164
10 8.281470e-008 573.603208 951.015716
3 2.585250e-007 578.598479 811.766562
2 1.953400e-007 580.881755 813.193317
9 3.123610e-008 717.860262 394.272526
9 4.206700e-008 672.569573 447.893298
3 5.908860e-008 614.895076 741.616131
6 1.648860e-008 549.792780 460.814913
9 6.228010e-008 549.813675 460.216578
6 1.265330e-007 377.401218 271.259539
9 6.379450e-008 377.912439 271.508878
7 7.282900e-008 444.004871 521.620746
8 1.682960e-008 185.105609 531.663049
11 7.354210e-008 103.491226 550.505062
7 2.183600e-007 276.890146 610.337957
8 4.135630e-008 186.591476 495.017951
11 2.219620e-008 56.862131 555.632985
7 1.226570e-007 277.501373 536.843956
3 1.869460e-007 642.744630 800.221889
3 1.663180e-007 686.245692 912.717540
10 1.121270e-007 588.380847 927.531079
2 1.586920e-007 578.075627 918.572950
3 5.738050e-007 631.358895 837.410796
10 3.545280e-008 617.821151 848.533740
2 4.117740e-008 629.272832 841.096921
3 1.253900e-007 644.326433 935.941840
3 1.446230e-005 620.376759 876.083400
10 8.933650e-008 579.848530 936.169269
2 3.465090e-008 571.976868 947.839546
3 6.678260e-008 574.785232 678.313237
6 5.845620e-007 480.289609 372.289631
9 1.344420e-006 480.184605 371.694127
7 2.665180e-008 479.642716 368.620936
6 4.621780e-008 583.865321 518.260994
9 1.916570e-008 584.132338 518.763183
6 4.802270e-008 482.986916 431.616572
9 2.101760e-007 482.386734 431.542881
7 1.019220e-007 367.116418 402.187693
6 2.881020e-008 273.984759 224.729420
4 5.589180e-008 132.867313 196.610956
4 1.361450e-007 113.092315 161.288314
4 6.622030e-007 69.337987 147.307128
4 3.112640e-008 159.395909 243.295667
4 1.503730e-007 55.448416 48.234800
4 7.571340e-008 107.999497 199.883451
4 5.377160e-008 143.796774 155.023262
4 9.541300e-008 96.241673 120.506262
6 7.454840e-008 309.931090 270.410519
9 1.973190e-008 299.527150 258.442162
4 1.707990e-007 99.355286 157.303500
4 2.481740e-007 77.380548 150.908325
4 4.913210e-008 142.378845 178.519805
4 1.248920e-007 132.599099 228.269363
4 2.476290e-007 80.801271 174.589096
4 3.142990e-008 185.735947 257.224230
4 4.730120e-007 43.156502 104.530108
6 3.809640e-008 284.733074 214.170262
4 1.141990e-007 79.433952 200.277074
4 1.230960e-007 110.043122 168.449068
4 3.302040e-008 151.380036 166.633488
6 1.562370e-007 405.970022 246.568048
9 1.058780e-007 455.765792 238.481297
7 1.395760e-008 409.571329 375.794739
6 9.168500e-007 442.772545 326.569274
9 3.759670e-007 448.307308 405.724539
6 4.993990e-008 347.302600 247.397327
9 4.186080e-008 348.344850 214.802462
6 3.451470e-008 439.545758 161.390125
9 6.445850e-008 563.400262 273.939437
6 6.920370e-008 511.230868 366.488307
9 1.212850e-007 541.185099 286.885308
6 2.301690e-007 525.767922 348.844852
7 1.427810e-007 458.431842 506.765200
3 1.253780e-007 657.039673 780.476623
3 4.446220e-008 701.963238 773.221928
9 6.404630e-008 647.973249 267.245574
6 2.788610e-008 668.206952 411.216542
9 1.176690e-007 435.737601 441.162816
7 6.200240e-008 436.397872 438.302883
6 1.567800e-006 469.268146 295.926795
6 1.868150e-007 502.367002 257.853870
9 8.642180e-008 507.153772 267.248455
7 4.876550e-007 385.064441 501.423042
8 9.992240e-009 378.142766 671.506571
9 7.270050e-008 544.925310 438.649168
6 6.083580e-008 548.137343 435.547349
7 3.287550e-007 409.042966 511.899081
8 1.122380e-007 199.828050 559.322379
11 6.688630e-008 157.855446 518.789893
7 1.528660e-008 165.458114 586.966205
11 6.122980e-008 217.868521 545.579215
8 9.737010e-008 291.813604 556.327199
7 8.816720e-008 424.473755 598.241366
5 4.053370e-007 221.893076 920.153280
8 2.382880e-007 278.059227 747.291744
11 7.210790e-008 311.455431 684.295728
7 2.685470e-007 356.573955 606.148183
9 4.930680e-008 410.438648 357.724022
6 1.542430e-007 413.967578 360.383273
7 2.287070e-007 356.489023 433.669048
3 1.668410e-007 591.231844 768.377693
3 2.000310e-008 683.800339 780.522337
3 2.772110e-007 708.453880 840.525955
7 1.581290e-007 435.077057 634.408967
5 3.502820e-007 184.041458 906.693326
8 1.868930e-008 176.808904 909.615492
11 5.876630e-008 107.212668 790.079440
5 1.151340e-007 235.798770 883.665154
8 3.604780e-008 339.347546 772.622186
2 4.262940e-008 327.257798 895.690982
11 3.877000e-008 294.187915 799.402623
5 3.146140e-008 300.150398 802.182956
10 9.938450e-008 424.862390 860.336719
2 3.952650e-008 346.284229 823.695380
8 1.117000e-007 246.705895 832.212478
5 7.292960e-006 202.342846 974.075055
5 6.684960e-008 47.191430 871.733096
11 8.568360e-008 101.446252 737.447932
8 1.691870e-007 144.306991 675.926241
7 7.975750e-008 307.582810 670.224204
5 3.988310e-008 259.475714 827.253871
11 2.382240e-008 263.232934 828.926695
8 3.193340e-008 338.336188 862.364858
2 1.978220e-008 290.040743 870.939792
11 1.758270e-007 174.316513 745.355923
8 7.579910e-008 97.127644 778.120356
5 1.457950e-008 121.397924 791.343745
11 7.624920e-008 118.227766 782.137003
8 7.431140e-008 90.391864 701.296245
11 5.204720e-007 184.890558 672.933503
7 3.371640e-008 188.112567 689.509147
8 3.805440e-007 201.204654 756.861468
5 1.046010e-007 196.016497 874.352001
8 7.124410e-009 308.112136 932.639202
2 1.111470e-007 393.655600 994.790028
5 4.057940e-008 401.504987 1000.492929
10 1.618190e-007 405.520000 945.654638
7 2.544810e-007 375.024231 576.341867
11 6.322310e-008 223.974296 543.449174
8 4.840970e-008 227.528945 542.886161
7 5.762320e-008 203.058678 569.578742
11 3.638550e-008 52.591008 517.768376
7 9.574140e-008 468.302000 545.474718
9 1.594900e-007 468.302000 425.461161
6 8.340850e-007 468.302000 351.101865
6 1.559670e-007 384.810745 389.686659
9 1.124460e-007 388.185494 400.724964
7 2.704430e-008 317.785803 355.779871
4 1.866430e-007 131.750761 121.955810
4 6.212720e-008 122.581119 87.799133
4 1.144820e-007 117.059117 247.820351
4 4.058460e-008 175.798218 138.060906
4 1.127840e-007 66.584153 203.236919
4 4.798630e-008 165.283066 94.213975
4 6.970590e-008 100.442263 287.973562
4 3.633280e-008 99.010160 240.074701
4 4.371750e-008 152.534666 305.007983
6 7.332300e-007 440.121766 309.813763
9 2.220650e-007 451.099506 313.380679
6 2.634310e-008 366.449573 193.516960
9 9.675400e-009 528.314196 166.086113
6 2.106580e-008 483.049309 101.146423
9 6.244270e-008 439.196612 205.218729
6 5.889190e-008 429.685819 206.555354
7 8.905770e-008 362.578640 419.473932
9 6.843250e-009 622.975360 513.116001
3 2.557470e-007 626.036025 804.103599
10 3.942060e-007 515.492551 910.854141
2 7.609070e-007 519.602016 908.799723
3 2.342360e-008 723.804103 754.615025
2 3.131540e-008 610.621964 884.977148
3 9.997300e-006 612.500698 883.285518
10 4.348040e-008 663.693127 837.191373
3 2.577940e-007 710.482357 836.929492
6 9.101420e-008 553.079037 381.432013
9 1.049350e-005 482.343090 338.929837
6 7.247470e-008 403.665926 256.644549
9 4.506190e-008 414.002283 228.908617
6 1.161100e-007 543.453122 423.665281
9 4.533070e-008 585.608135 473.137569
9 3.611840e-007 493.750200 393.305284
6 5.308680e-007 466.825424 370.409157
4 1.494270e-008 112.825764 205.569316
9 1.343020e-007 423.792653 262.792391
6 6.098890e-008 430.943662 211.910192
6 3.005850e-007 460.127266 249.520564
9 1.039490e-007 438.191920 270.703271
9 1.589770e-007 606.575964 285.492568
6 4.208310e-008 602.346435 319.939239
6 1.300550e-006 491.279133 299.763068
9 8.424900e-007 471.122059 325.563096
7 9.025550e-008 452.783939 425.316000
6 4.396240e-007 449.988452 253.136135
9 4.888330e-008 448.392533 222.684055
6 1.955390e-008 514.769000 470.645585
9 6.717550e-008 514.769000 454.787348
6 3.291460e-007 492.688743 251.893831
9 2.174770e-007 492.490114 252.439564
6 7.363590e-007 485.785928 261.871504
9 3.640480e-007 486.272361 262.199608
7 1.813210e-008 484.209176 329.652712
6 5.820220e-008 417.933788 134.121085
9 9.489070e-007 531.489872 335.157490
6 1.834880e-007 424.829830 283.587961
9 1.308180e-007 431.676702 302.957275
6 1.747030e-007 429.742146 221.828767
9 7.079660e-007 523.654128 357.580654
7 3.135980e-008 476.329457 436.074018
6 1.431150e-007 482.398689 439.166436
9 3.862910e-008 439.012390 444.438125
7 3.964550e-008 425.157533 547.782226
6 5.659260e-007 448.472975 400.573176
9 8.695730e-008 600.600833 492.507688
6 3.623090e-007 488.146184 235.934413
9 6.277460e-007 518.487058 387.863792
6 4.463170e-007 428.160407 327.330278
9 1.801200e-008 311.414610 305.181348
6 1.701900e-008 495.626937 474.015807
7 1.958810e-008 531.018180 507.018769
3 4.709740e-008 661.400035 745.288342
3 3.845780e-008 544.339453 627.815888
7 3.653340e-008 459.091315 515.956327
9 1.028310e-007 484.477172 453.124051
6 4.691370e-008 486.289273 448.638937
6 1.254810e-008 616.083888 126.154394
9 3.282440e-008 578.554257 238.808459
6 2.196690e-007 580.764803 326.699238
9 8.150470e-008 557.437794 251.871792
6 6.551360e-008 530.778764 158.900552
6 1.021270e-007 527.827611 247.899902
9 4.463660e-007 529.329316 290.898219
6 5.407050e-007 435.874353 324.971058
9 1.715780e-007 408.823239 326.862743
6 4.002790e-007 504.445747 288.045855
9 3.204330e-007 511.799969 279.585830
9 2.512080e-008 487.205247 178.833135
6 8.989050e-008 484.284351 175.094556
9 7.866270e-008 440.797550 259.037599
6 4.495750e-007 441.613317 263.664024
7 1.322650e-007 466.097573 538.228233
3 4.729440e-008 713.992544 928.722828
2 9.558170e-008 584.484950 958.525179
3 3.175700e-007 576.617091 957.698234
10 1.142280e-006 509.723528 950.667444
3 7.163260e-008 650.195201 793.520635
3 1.778920e-008 731.698659 668.679031
3 6.603580e-008 717.343936 788.920064
10 3.262460e-008 649.109837 911.005292
2 9.078200e-008 658.155717 909.733996
3 2.942500e-008 729.532493 708.250797
3 3.062290e-008 761.675627 770.548546
9 3.773860e-008 663.436357 429.209748
6 2.376190e-008 664.718433 433.680868
3 1.257010e-007 722.072117 848.206716
3 2.699880e-008 854.828707 824.931377
3 3.085600e-008 783.791549 927.502380
3 2.021030e-007 738.485969 862.597248
3 1.275620e-007 634.952977 993.838823
10 6.385030e-008 589.623350 994.629902
2 4.497260e-007 514.099755 995.947916
3 7.604190e-008 706.043120 896.726239
3 6.206670e-008 544.224957 754.134483
2 3.198690e-008 489.349805 741.271818
7 4.130880e-008 500.776694 622.098585
7 4.375200e-008 324.329016 703.398936
8 9.323830e-008 268.977702 748.221630
11 7.892240e-008 193.346512 772.161869
5 4.377210e-008 105.684075 770.631741
5 4.153240e-008 95.357551 871.679301
8 1.925410e-007 188.696816 797.863418
11 1.663760e-007 190.459428 798.402302
5 2.556770e-007 249.597375 931.276287
2 1.721130e-008 284.067875 923.379661
10 1.450960e-008 397.729153 1005.376872
5 1.173930e-007 283.753698 989.356420
8 2.397820e-007 190.808573 815.535369
11 5.511420e-008 217.780506 774.193780
7 8.775140e-008 244.070201 704.243560
8 1.942260e-007 162.369868 812.641179
11 2.054020e-008 151.741877 879.743006
5 1.779470e-008 131.147230 828.328185
8 3.438210e-006 190.753202 700.574287
11 2.527960e-006 119.250321 686.675790
7 7.433880e-008 216.240702 684.916030
8 4.396620e-007 159.388577 703.700023
11 4.905950e-008 215.815316 701.729573
7 6.703650e-008 431.425327 568.799474
8 2.946390e-007 204.966758 583.698713
11 7.609090e-008 167.634632 585.655233
7 1.310060e-007 266.323884 562.564085
8 5.621450e-008 261.571027 585.888243
11 3.643610e-008 242.426896 574.835350
7 1.569700e-007 227.578802 507.098351
8 1.035960e-007 173.646702 562.946689
11 1.206660e-007 144.011616 544.371631
7 9.015020e-008 293.139956 524.795064
8 7.067700e-008 357.727708 596.287076
11 8.790650e-008 201.020455 571.466921
7 6.500870e-008 241.046880 547.655407
8 6.858210e-008 315.292500 570.354487
11 4.286580e-008 123.751998 526.079722
8 1.760980e-008 121.413281 523.482312
7 3.960380e-008 119.875199 521.774099
11 1.098670e-007 111.154867 611.627151
8 1.020350e-007 112.330733 609.773367
11 1.219110e-007 175.636691 586.044066
8 6.074720e-008 178.745101 587.114379
7 9.386260e-008 232.443032 500.532223
11 9.037770e-008 191.326302 585.605381
8 6.504160e-008 193.716039 587.913116
7 2.459290e-007 253.308662 564.133753
8 2.840300e-008 273.466914 474.775800
7 3.116700e-008 270.276288 428.230803
8 2.972450e-008 413.631852 667.156545
7 1.521060e-007 415.108999 668.797075
2 4.095460e-008 327.496546 854.751052
11 2.058990e-007 183.862833 787.773383
5 3.900760e-008 182.811520 787.283146
11 5.850450e-008 134.887117 792.353531
5 5.466960e-008 134.119267 791.530111
8 1.186840e-007 118.371847 774.643048
5 4.702500e-008 324.710942 1002.691020
2 1.422130e-007 383.408307 1003.716983
10 9.043280e-008 359.956249 959.451494
8 7.453010e-008 355.029387 755.983233
7 1.198600e-008 250.617392 732.841731
11 1.114470e-007 231.177828 780.217618
5 2.083420e-007 311.907372 921.264123
8 6.012370e-008 222.478270 817.226537
11 5.027070e-008 249.854704 764.052069
5 7.166330e-008 250.558255 841.030378
8 3.102210e-008 367.488465 788.969775
2 5.068920e-008 432.246400 713.135632
7 1.204350e-006 365.258279 562.676954
7 6.206330e-008 511.153121 595.367146
3 2.624620e-007 700.969288 936.631230
10 2.707780e-008 605.784302 930.184670
2 1.064900e-007 610.868845 923.186373
3 3.935030e-007 660.537801 863.662457
2 6.653900e-008 550.437689 824.873144
10 2.284470e-008 567.290093 769.751385
3 4.829720e-008 585.437108 710.395144
7 1.526000e-007 385.790534 630.999358
8 7.273710e-008 292.234092 753.614741
11 3.769480e-008 149.836509 846.088558
5 1.038970e-007 140.076707 852.426630
8 5.244840e-007 158.170949 714.933594
11 6.656760e-007 158.528115 713.253264
7 1.038730e-007 300.788929 651.474499
8 2.662990e-007 129.898767 783.622732
11 2.384880e-007 129.127386 785.276961
5 2.906290e-007 167.859393 882.492356
2 4.341910e-008 248.567196 903.901430
8 2.394560e-008 46.785752 745.104727
11 7.736750e-008 15.548301 686.355643
5 1.036170e-007 211.095231 867.670096
2 1.479330e-007 385.769314 857.433309
10 4.207910e-008 386.790656 856.172056
8 3.116040e-007 232.740693 781.679032
11 4.361610e-008 178.309848 825.756208
5 8.369730e-008 132.545924 862.815059
5 4.100750e-008 102.556417 811.296909
11 5.796610e-008 110.665239 769.580329
8 2.110180e-007 125.400000 716.298349
2 3.572060e-008 293.831410 982.925410
5 1.109930e-007 289.423117 983.388659
11 5.914540e-008 77.750758 833.239844
8 1.616480e-008 136.401414 886.048774
5 1.052300e-006 183.434791 928.397531
5 3.542390e-008 366.624248 981.509739
10 6.310890e-008 351.625575 938.104792
2 8.189420e-008 349.419596 935.380643
8 1.324630e-007 287.175092 714.000569
11 5.090480e-008 287.543427 712.267695
7 3.092410e-008 324.222324 677.833229
8 9.264520e-008 256.597403 766.489832
11 1.650420e-008 258.387185 766.238292
10 2.011920e-008 396.992771 949.279832
2 3.734270e-007 396.092828 945.670371
8 1.426800e-007 275.911082 766.931263
11 3.009850e-008 198.222184 796.753316
5 8.698810e-008 194.059940 841.998662
2 4.097920e-008 260.073690 945.289743
8 1.338390e-007 238.917172 802.042468
5 2.034690e-008 226.410386 805.160789
11 6.612860e-008 80.760701 841.475669
8 3.760190e-007 277.809407 684.562559
2 8.774570e-008 299.441725 925.148876
5 5.373730e-007 219.590875 979.009158
11 1.835550e-007 139.610254 767.977009
8 1.928500e-007 142.446280 765.761271
7 6.797760e-008 258.462821 675.660287
11 1.510100e-008 314.127581 636.511722
8 1.360870e-007 317.257313 635.118267
11 1.328570e-006 122.451013 712.875014
8 2.369740e-007 125.808030 713.965766
11 7.087350e-008 40.189427 665.766325
8 3.628740e-008 51.274512 756.047284
11 3.194730e-007 93.627485 674.706735
8 3.337560e-006 182.348489 684.031694
7 2.545330e-008 238.119522 738.153581
5 7.181030e-009 113.545336 802.357898
11 6.851970e-008 11.171546 692.575610
8 1.505230e-007 117.883965 779.598209
7 1.765940e-007 268.372499 640.596340
11 9.090930e-007 148.260095 729.625497
8 7.761460e-008 165.831130 876.613435
5 4.575490e-007 193.177802 928.044688
2 1.575690e-007 393.565749 906.276792
10 2.825190e-008 377.467599 830.540560
7 3.242940e-007 441.234462 588.988500
11 1.128240e-007 102.908527 586.399272
8 1.190270e-008 99.645518 587.651829
11 9.953770e-009 182.642375 453.899910
7 1.591520e-006 334.424483 538.033957
3 3.330310e-008 801.509855 754.774110
9 1.923630e-007 567.112637 370.016210
6 9.992380e-008 567.785879 365.225948
9 8.096510e-008 561.219118 187.875028
6 4.239900e-008 559.674514 183.389188
6 1.420060e-007 524.773764 239.363905
9 3.271210e-007 579.343005 295.871522
6 5.458910e-008 500.817444 435.684695
9 7.633820e-008 432.351971 469.077657
7 5.465260e-008 425.156182 472.587291
8 1.993140e-007 295.093429 734.594928
11 7.460790e-008 213.691146 754.697142
8 3.130880e-008 101.844782 646.695358
11 3.936080e-007 188.281017 640.651288
5 1.347820e-008 116.136451 760.839133
8 1.280010e-007 76.056306 799.052459
11 2.405800e-008 65.914847 881.648112
5 1.998200e-007 204.949649 862.126182
8 6.316940e-008 198.190532 823.036101
11 2.078570e-008 240.504720 875.289893
10 1.707210e-008 367.530681 844.833581
2 1.402490e-007 372.032385 837.036386
7 2.202110e-007 354.553915 634.541706
8 6.183610e-008 314.448858 568.923323
11 1.759480e-007 168.312371 561.264628
7 7.262210e-007 286.308962 504.336381
8 4.583810e-007 266.567963 609.792457
11 2.508010e-008 268.055168 608.863141
6 1.099730e-007 435.507545 460.153605
7 6.054380e-008 438.079486 446.922369
9 4.295350e-008 449.891195 386.157557
9 1.089850e-007 432.109471 307.596698
6 8.684250e-007 436.689007 308.078038
9 6.787060e-008 343.718553 277.854279
6 7.574920e-008 338.893001 278.191719
9 2.334370e-008 368.538941 297.739841
6 5.393100e-008 368.696398 302.248836
9 4.571430e-008 430.668350 456.406046
6 6.696900e-008 427.680512 459.724370
7 1.687760e-007 408.278000 476.289403
6 2.866120e-008 537.681863 96.884318
6 3.863950e-007 416.984745 301.402797
9 3.831320e-008 420.973574 358.445334
7 1.507730e-007 402.005193 475.656772
8 7.465000e-008 345.974671 526.237610
6 3.865810e-008 353.495652 472.294963
9 3.710660e-008 365.354932 513.653043
7 1.932570e-007 423.286973 604.684773
9 1.079440e-007 367.185369 429.714588
6 1.437740e-008 353.577727 407.067554
7 1.222910e-008 316.472054 324.959345
9 8.698650e-008 456.103255 232.584106
6 1.100780e-007 458.853358 241.579321
3 4.188340e-008 707.493189 744.184000
10 1.644080e-008 611.667066 881.969975
2 1.015880e-007 620.491433 879.439600
3 3.192330e-006 638.897322 874.161737
7 2.614660e-007 401.828154 594.549862
8 1.320520e-007 221.134598 587.028126
11 1.373010e-007 154.409175 596.405937
7 4.226230e-008 161.057237 432.365497
8 4.366170e-008 144.281565 557.894301
11 8.585760e-008 75.927317 597.358628
7 2.030370e-007 281.467503 602.621651
9 5.178830e-008 390.235762 398.454224
6 2.145640e-008 361.530059 314.077084
9 4.061090e-008 315.169263 301.548455
4 2.490780e-007 70.391464 156.566517
4 9.123740e-008 75.175735 213.598851
4 2.448350e-008 84.535437 240.053630
4 7.712740e-008 86.502062 250.380550
4 3.888470e-008 192.198748 160.432519
6 2.401770e-007 408.924249 331.533828
9 3.140920e-007 420.201863 330.547152
6 3.145920e-008 426.646716 131.770952
9 4.272230e-007 466.014741 312.685470
2 3.521090e-008 540.052609 810.658325
3 1.115300e-006 582.540034 875.195005
10 1.456930e-008 623.237016 839.817701
2 9.379400e-008 556.705838 864.519047
3 7.702140e-007 554.447579 863.162139
10 3.206200e-008 540.422166 810.519201
3 8.571830e-008 596.687155 770.148423
2 1.367660e-008 565.750804 765.394437
7 1.590360e-007 405.144920 521.441542
8 9.900940e-008 265.445454 809.838876
2 4.329870e-007 413.502655 925.514021
10 4.440670e-008 353.763104 940.197068
5 7.481360e-007 227.278094 954.664208
7 5.106990e-008 447.711928 581.128285
9 4.056020e-008 524.860848 528.499961
7 2.111160e-007 211.991335 517.327934
8 6.874520e-008 214.165524 518.367904
2 9.552180e-008 357.145090 850.394798
5 3.425580e-007 220.082234 906.453424
11 1.495130e-008 136.948545 877.470229
5 1.228020e-008 159.910579 764.566034
8 5.742400e-008 157.420297 771.798326
11 1.051090e-007 161.229689 822.002019
5 4.660350e-008 19.213128 894.724727
8 1.302950e-008 16.875975 895.665636
11 3.155230e-008 226.882378 811.393291
5 1.021340e-007 125.817670 851.210912
8 2.108230e-008 118.657735 849.948402
11 2.678440e-007 198.572906 718.691832
8 2.467050e-008 318.439652 822.890386
2 5.864930e-008 405.856705 726.583480
7 1.177800e-007 364.703472 705.309678
11 2.918470e-007 133.848572 757.754121
8 2.063650e-007 130.413819 757.332379
11 8.908510e-008 125.766474 768.860392
8 2.278610e-007 197.036579 785.314547
5 1.616010e-007 238.060780 909.982070
11 6.025110e-008 141.026892 810.907199
8 2.995070e-008 77.481395 839.199407
5 4.340790e-008 106.016000 890.691190
11 6.024890e-007 106.016000 711.693930
8 1.160480e-007 106.016000 708.094948
11 4.874170e-008 172.410831 863.186824
8 1.876850e-007 173.650974 866.417521
5 2.708690e-007 183.651648 882.108437
11 1.311180e-008 171.900478 785.160756
8 3.689370e-007 198.605520 757.147799
5 4.850400e-008 78.276490 891.955234
11 1.428150e-008 238.242647 867.821991
8 1.551380e-008 245.195384 945.553729
5 1.735480e-008 147.130818 788.617940
10 9.714140e-009 315.498936 937.857332
2 4.977780e-008 306.872594 934.717611
5 2.847590e-007 215.485013 901.455362
11 1.846220e-008 177.977461 776.591838
8 2.394710e-007 178.763711 773.186276
7 4.400830e-008 314.785106 633.685989
8 9.072250e-008 240.377314 805.465496
11 3.334400e-008 161.237704 815.182774
5 1.694730e-008 160.120233 815.319985
5 4.050690e-008 162.285622 822.895586
11 5.473870e-008 195.427973 793.542833
8 2.264630e-007 194.864976 797.097481
10 2.375480e-008 327.527348 863.191771
2 7.910100e-008 323.461942 855.857647
8 2.264580e-007 259.003637 745.081001
11 4.736670e-008 192.901133 789.667653
5 6.268610e-008 125.821322 877.860668
5 1.005830e-007 245.237148 878.087290
11 1.746570e-007 109.309467 775.658183
8 7.715040e-008 106.490475 773.533915
5 2.465630e-006 203.258005 945.293375
11 7.882510e-008 220.506888 786.883837
8 1.754310e-007 223.794699 785.420000
10 2.867780e-008 395.304812 876.688953
2 1.836080e-007 394.186069 867.577435
7 1.088340e-007 428.066489 591.322055
6 6.533170e-009 510.138811 582.538452
9 2.235890e-008 510.483646 583.049689
3 4.633780e-008 699.690950 751.951256
3 3.433240e-008 643.231504 747.362343
9 4.929080e-008 521.654505 403.861197
6 5.166510e-007 493.173898 367.088753
7 3.133940e-007 452.000642 518.229369
9 1.055710e-007 488.198224 450.992114
6 3.243020e-008 562.865419 417.748358
9 3.276540e-008 501.473497 166.026044
6 9.513230e-008 501.151096 172.256510
9 2.659790e-008 487.122726 156.118726
6 3.976840e-008 502.331780 498.210862
9 5.801450e-008 501.336498 503.855502
7 4.032820e-008 474.008729 658.842094
3 8.015100e-008 586.285821 777.382615
10 9.574050e-008 595.418534 910.659218
2 1.041860e-007 593.767990 919.150724
3 2.755790e-007 662.825392 848.663258
3 2.012850e-007 708.705267 895.510179
10 1.311360e-008 603.567219 863.202631
2 6.341680e-008 561.845951 781.320471
3 2.514450e-007 615.035135 785.627053
10 6.766530e-008 672.233184 964.284458
2 5.376110e-008 564.456363 826.336763
3 1.071210e-008 675.886623 698.065500
3 6.324920e-008 758.177963 778.593617
3 6.177670e-008 748.677250 894.246096
3 5.267190e-007 585.557093 840.592194
10 3.814140e-008 542.472082 880.769731
2 4.657440e-007 536.339295 886.488664
3 7.235140e-008 525.094770 945.985087
10 8.408500e-008 512.330651 885.934818
2 2.633390e-007 510.513786 877.387164
3 6.306260e-008 461.634460 783.676721
10 8.597750e-009 460.700746 722.288953
2 4.075330e-008 461.011872 713.379276
7 6.900560e-008 467.060760 540.158066
6 9.079240e-007 473.037404 369.004980
9 7.934220e-007 473.243557 363.101384
3 4.631720e-008 721.031579 783.810019
10 1.128930e-008 586.899704 782.643540
2 4.384710e-008 587.840818 773.689428
3 5.612840e-007 584.299637 848.736648
3 9.272160e-008 669.583446 791.740533
7 3.416720e-007 402.108626 570.774906
11 4.787450e-008 173.695160 497.166479
8 6.414100e-008 175.572210 494.383624
7 9.580750e-009 225.217138 420.781587
8 2.809700e-008 199.857982 552.251086
7 1.989050e-008 137.941041 507.265832
11 3.499540e-008 134.048680 504.437869
7 1.920790e-007 283.246268 459.997245
11 1.396020e-007 123.128479 578.284398
8 1.482210e-007 122.501189 575.057266
7 4.008060e-007 283.141017 495.084760
8 9.013670e-008 215.312042 572.619000
11 1.082930e-007 152.466363 572.619000
7 2.336650e-007 268.189882 573.232995
6 6.520330e-008 379.665078 422.757897
9 5.200640e-008 317.403335 360.495726
7 1.325330e-007 416.425487 425.416091
8 1.243380e-007 330.133134 595.105757
6 1.537180e-007 406.661902 393.940763
9 1.909180e-007 404.670695 388.753542
6 6.850220e-008 574.524474 208.271543
9 7.197680e-008 575.789134 202.321798
6 1.012980e-007 543.690318 216.667609
9 1.945860e-007 537.297013 289.746207
6 9.086730e-009 406.388194 115.475718
9 5.690650e-008 591.966000 263.796819
6 1.368980e-007 470.725181 213.101879
9 1.155000e-007 460.743311 217.134783
9 2.506450e-007 587.449614 377.528409
6 4.937450e-008 588.426343 382.123583
7 4.227170e-008 436.203219 455.390835
9 8.308580e-008 417.525680 438.432293
6 3.962870e-008 362.609464 489.642692
8 1.068250e-007 164.735785 566.319052
11 1.605540e-008 88.361369 558.291762
7 3.183070e-007 271.413373 481.078945
7 4.751880e-008 240.826432 393.301764
11 8.006310e-008 216.890440 589.964222
8 4.513670e-008 221.197841 597.735014
7 9.392420e-008 249.573870 461.512382
11 6.834350e-008 115.253529 554.335851
8 2.012960e-008 205.183282 493.019040
7 4.090770e-007 351.475900 596.214277
9 3.473660e-008 426.054004 475.001183
6 5.184010e-008 429.876881 477.483800
9 4.393670e-008 603.043491 263.671726
6 1.034380e-007 601.884500 268.320246
3 6.284730e-008 640.176599 789.666773
3 4.791330e-008 753.564485 898.860258
10 1.372050e-008 619.473460 897.988014
2 7.391520e-008 627.971738 899.031479
9 1.566750e-008 490.615291 525.704445
7 9.304750e-008 415.739048 461.198838
6 4.359660e-008 371.432553 391.336382
7 3.571750e-008 424.502356 696.027698
2 1.027270e-007 438.501210 802.555744
7 1.528560e-007 250.874827 456.622080
11 4.556990e-008 135.868757 528.486242
8 9.415340e-008 229.374418 583.807293
7 5.913850e-008 523.096581 581.604442
9 6.466680e-008 558.961261 457.420387
6 3.331760e-007 539.767291 296.494168
6 5.318040e-008 523.229512 207.462190
9 1.943420e-007 484.661215 269.880618
4 1.355950e-007 29.798089 95.298687
4 2.414410e-007 87.217486 175.404662
4 1.595220e-007 49.108193 221.163810
4 9.439200e-008 114.115193 243.704784
6 4.526580e-009 223.694295 300.721441
4 8.098720e-008 148.346503 189.536323
7 5.165400e-008 366.733919 398.478437
9 4.147180e-008 368.107198 400.003631
6 1.366010e-007 374.401164 406.993845
7 9.001330e-008 154.177709 514.665411
8 6.947000e-008 108.585189 536.902509
11 6.639500e-008 140.589451 525.760967
8 1.443060e-007 243.318375 590.647445
7 2.098790e-007 275.573381 601.753750
11 5.779140e-008 269.846584 593.230803
8 4.571240e-009 170.322481 503.361777
7 4.823970e-008 136.394467 497.379429
11 8.585360e-008 105.241161 491.886330
8 1.700960e-008 191.124825 464.481552
11 3.780530e-008 124.345557 493.085625
8 3.163360e-008 295.050695 586.793282
7 5.743110e-007 307.298643 587.435116
3 4.719160e-008 541.638561 729.586210
7 2.218100e-007 418.556963 542.080676
7 2.361160e-008 534.968775 494.696929
9 8.174270e-008 570.812547 439.502398
6 4.200330e-008 609.447252 357.234755
6 1.753680e-007 553.022641 255.010246
9 3.362920e-007 513.211050 300.808135
7 8.074420e-007 369.363695 530.010493
3 1.359520e-007 644.204977 787.194941
3 1.344550e-007 608.487112 810.134998
2 4.570880e-007 540.288863 949.962777
10 1.625740e-007 539.526084 951.526712
3 6.381080e-008 666.532439 728.582980
2 4.884960e-008 638.477078 883.284004
3 6.086750e-007 667.779151 885.684345
10 3.655060e-008 712.066850 866.885238
3 1.125950e-007 717.962680 902.970690
2 6.602510e-007 496.557092 868.071300
10 8.358910e-008 496.527302 866.364971
3 5.597840e-008 514.315981 836.389140
7 2.734310e-007 412.039417 545.417779
3 2.145950e-007 666.420231 793.822029
3 3.652930e-006 607.669096 866.491691
2 1.842580e-007 584.420278 949.849865
10 1.259630e-007 585.733531 948.786415
3 4.025350e-008 505.737179 753.155778
7 9.048540e-009 563.903120 525.607165
9 4.702160e-008 587.973456 330.931938
6 1.517430e-007 585.333959 321.081092
9 2.574350e-007 484.172655 436.463808
6 1.276460e-007 473.881576 436.104438
7 5.729740e-008 457.783469 431.025789
9 1.243010e-007 540.278177 424.496473
6 6.181490e-008 530.005910 423.778157
7 1.258040e-007 363.160905 407.376632
6 2.321840e-007 579.983727 278.774837
9 3.100650e-007 577.475310 350.606821
3 3.380560e-007 576.917869 815.792176
2 6.008590e-008 567.575852 778.322739
7 1.366150e-007 410.595454 584.291551
9 3.682190e-007 578.741151 363.675082
6 1.139860e-007 581.579476 353.776612
9 3.905100e-007 436.662862 342.366964
6 4.846190e-007 438.742037 352.148725
7 1.563880e-008 464.805117 370.908240
9 2.628620e-008 277.254167 281.628246
6 3.242710e-008 270.155182 275.457200
6 2.465910e-008 528.131683 159.316683
9 9.663460e-008 517.698884 215.741961
6 4.473330e-008 429.993046 219.944858
9 9.067110e-008 386.433535 298.528254
3 5.006530e-008 638.540927 716.839018
2 1.722830e-007 568.170788 964.305666
10 6.275840e-007 553.996932 973.510289
3 1.122850e-007 561.585669 957.461945
3 5.263030e-008 757.367951 768.054346
6 1.825150e-008 666.073030 456.272217
9 2.942240e-008 667.078506 461.974479
9 2.542490e-008 645.544691 448.177609
6 5.980070e-008 693.592071 423.946917
3 3.434780e-007 687.839194 858.584513
2 2.511590e-007 538.933495 937.758966
10 4.922760e-007 537.426675 938.560156
3 1.733580e-007 663.791413 967.131475
2 1.802400e-007 583.102290 916.711407
10 7.288350e-008 524.990193 880.399004
3 5.189500e-008 606.033302 703.893650
7 2.873760e-007 391.553918 532.139535
8 4.266550e-008 312.425003 545.302209
9 1.421190e-007 520.943146 410.015427
6 6.227700e-008 525.169444 400.952062
9 7.125040e-008 420.856800 202.869362
6 1.131260e-007 421.737024 192.808480
9 3.961290e-008 419.411631 478.016239
6 2.730800e-008 410.838380 482.768484
7 2.556710e-007 380.369828 499.657533
8 1.214140e-007 236.870011 558.246012
11 1.545640e-007 82.735240 569.023840
7 1.978580e-007 223.709017 534.410948
7 1.067140e-007 412.471052 623.942992
9 1.487500e-007 478.225693 442.940462
6 6.885340e-008 487.099613 446.346838
7 7.403540e-008 463.423523 511.610254
9 5.084140e-008 453.534773 440.448355
6 7.746860e-008 463.287502 443.430059
3 2.624260e-007 685.432133 861.946661
2 5.536290e-007 520.180849 882.237535
10 4.585200e-008 518.453770 882.449600
3 3.053840e-008 814.626042 924.388448
2 1.036020e-007 622.838596 874.806494
10 4.600380e-008 622.808232 873.066717
3 9.730970e-009 784.663706 752.006706
3 8.247730e-008 646.462176 812.709784
2 6.792900e-008 648.812079 813.518924
3 5.074450e-008 752.716160 931.492562
3 1.550450e-007 613.736745 778.441040
7 2.342240e-008 451.538431 593.229390
9 2.485760e-007 468.799446 426.893929
6 3.999620e-007 513.375073 360.807722
6 1.030340e-007 516.191849 225.330425
9 6.479410e-008 558.684157 202.178268
6 3.930650e-007 517.464042 358.127184
9 1.528780e-006 511.004515 393.343381
6 4.651450e-008 375.768384 242.729845
9 2.788980e-008 396.089572 198.076577
6 1.198030e-007 480.310440 234.968000
9 1.461780e-007 506.331549 215.239476
6 1.186940e-008 471.365380 108.394808
9 1.031780e-008 433.494802 144.309037
6 1.556890e-008 374.500801 137.585454
6 1.994380e-007 489.760057 232.092893
9 6.242470e-007 449.566006 304.604452
6 3.817190e-008 435.310279 388.129335
7 2.778870e-008 502.554528 355.331932
9 5.767450e-006 514.388701 349.559987
3 1.364710e-007 611.604178 801.979200
10 2.307160e-008 552.574493 763.737808
2 6.214040e-008 551.528718 760.317227
7 1.827110e-007 426.125490 536.431755
6 6.679030e-008 498.121076 515.582036
9 9.819910e-008 498.727769 515.722103
7 2.034950e-007 444.417528 550.521960
9 2.585550e-008 597.287658 416.553868
6 1.530900e-008 599.416642 415.843028
3 1.517810e-007 662.600775 808.698877
9 2.553850e-008 651.277623 383.382926
2 2.875170e-008 491.928720 763.589841
3 4.839190e-008 534.653342 697.799618
3 2.963340e-007 663.663379 866.294149
10 9.096470e-008 567.242266 833.066678
2 1.282630e-007 588.952669 821.032429
3 1.044470e-006 651.281408 867.901847
9 2.676440e-008 643.418155 512.258949
3 1.945370e-007 695.259384 869.572980
3 7.993990e-008 625.705209 766.672384
2 4.199640e-008 496.520717 729.789916
7 2.521240e-007 444.278991 586.258022
2 6.484610e-008 527.150653 716.520532
9 3.284160e-008 683.696412 251.296829
3 9.181290e-008 612.763003 753.060849
3 6.437200e-008 532.823503 756.052647
2 2.677610e-008 500.295645 758.075658
7 1.351240e-007 424.703047 569.656971
9 1.413100e-008 548.540268 458.153605
6 4.220460e-007 495.185474 411.069059
9 1.183220e-007 422.852675 413.394455
7 9.815090e-008 398.268718 383.209785
6 4.850030e-008 402.383950 378.127885
9 7.295180e-008 373.902586 259.140292
6 3.472520e-008 413.929838 190.910356
9 2.786320e-008 282.457570 314.635459
4 1.576010e-007 96.683219 218.657009
4 9.434440e-009 79.131579 332.601207
4 1.229280e-007 102.947836 176.867311
4 8.530980e-008 140.594597 136.857402
4 1.152140e-007 90.313179 152.365016
6 3.476200e-008 283.553644 369.647986
7 3.916740e-008 414.923279 319.877690
6 1.013270e-006 472.265648 293.138434
9 3.904100e-007 491.449221 284.192964
4 5.740900e-008 132.751596 131.475731
4 6.546570e-008 118.332634 205.615081
4 4.264820e-008 130.332880 152.648659
4 7.543780e-008 47.218201 69.372184
4 8.011730e-009 207.993114 94.459700
4 4.501900e-008 121.756331 170.353277
4 1.133310e-007 106.453994 108.641287
6 1.519340e-007 397.129776 363.165481
9 1.529440e-007 400.050909 367.231724
7 1.282310e-006 356.699645 529.022480
8 1.444080e-007 319.553280 601.393785
11 4.968520e-008 323.973905 595.735653
7 4.075890e-007 406.701202 489.849732
9 1.031080e-007 468.137206 448.211840
6 5.441140e-008 542.233952 479.664394
9 2.843010e-008 535.528840 495.541187
6 1.233400e-007 534.831998 422.343166
9 2.171160e-007 499.375004 256.088117
6 1.731330e-007 499.205645 265.789881
6 5.899320e-008 599.169286 251.888731
9 7.920940e-008 558.076182 279.035901
6 2.126610e-006 465.694037 298.823525
9 9.992980e-008 436.275141 288.562826
7 1.171680e-008 340.877874 431.924185
6 5.156290e-008 505.949525 176.209813
9 3.326630e-008 527.942719 160.810025
6 9.200840e-008 578.524323 289.076015
9 5.432910e-008 582.682421 315.328933
9 1.759310e-007 533.365537 457.034148
6 3.184610e-007 503.150194 399.997890
9 4.263800e-008 410.811946 257.789685
6 2.034040e-007 410.730770 262.440255
7 2.288400e-007 410.890117 508.270300
2 6.104880e-008 378.227399 825.812503
10 1.353970e-008 345.034741 887.970881
5 1.067540e-007 276.792696 945.230733
5 1.048370e-007 249.661277 879.890703
2 4.170890e-007 392.430305 937.346800
10 1.407260e-008 418.452537 1001.725369
5 1.844910e-008 301.687627 797.322021
8 7.127220e-008 317.580221 761.626713
7 7.344590e-008 296.978279 758.766808
11 1.044490e-008 243.054322 835.778265
8 4.781220e-008 384.003127 568.848429
9 4.314930e-008 458.429321 520.928505
6 3.344200e-008 459.943628 525.326395
7 1.837440e-007 464.562871 538.741721
7 3.321960e-007 418.623685 499.762885
9 2.870360e-008 364.555973 444.608288
6 7.257570e-008 366.574588 448.747050
3 1.120030e-007 745.272366 871.897438
2 5.390180e-008 579.423280 885.007062
10 2.446520e-008 585.538932 888.397017
3 7.151500e-008 795.610334 914.033744
3 1.454730e-007 681.248362 788.730090
2 1.325870e-007 632.038068 885.203485
3 2.886520e-008 703.212854 701.485306
9 3.259370e-008 722.638784 377.605359
6 2.964710e-007 564.598610 369.037602
9 6.089830e-008 599.101581 182.607552
6 2.625740e-008 562.275769 142.439338
6 7.189370e-008 557.671999 256.336576
9 1.244210e-007 561.162904 197.670530
6 2.687940e-008 305.700343 321.933783
9 6.857670e-008 430.383837 192.319816
6 2.426390e-007 559.391913 281.400125
9 8.096410e-006 481.184986 354.192894
7 9.143610e-008 439.812474 495.267178
6 3.071030e-007 419.118051 361.441223
9 4.277750e-006 498.105746 324.608394
6 2.058980e-007 431.267302 263.451774
9 1.030580e-007 429.671298 269.017723
7 1.742260e-007 404.666531 502.818306
8 1.462800e-007 300.525794 800.257084
5 1.031250e-007 152.533198 889.180159
5 3.368140e-008 336.232618 885.210591
2 4.460280e-008 318.283108 866.875356
11 9.747770e-008 230.384047 788.160569
8 3.955700e-007 243.457484 782.878569
5 3.513540e-008 344.812137 929.381167
2 7.541840e-008 344.387744 928.511034
11 8.548040e-008 214.962287 793.750993
8 2.357080e-007 203.004699 801.222936
11 6.023340e-008 320.128472 748.740366
8 5.137360e-008 329.554286 758.848317
2 2.075050e-007 437.359628 873.431798
10 3.567090e-008 429.359747 832.275890
7 3.039590e-008 301.528774 708.546330
8 3.961490e-007 206.135528 753.214923
11 8.983660e-008 206.503852 754.947786
5 2.161380e-007 220.265842 940.075124
8 6.931300e-008 299.268822 843.769040
2 6.196120e-008 418.873766 839.592778
10 2.325770e-008 420.727362 773.603214
7 5.389730e-008 410.098044 672.471923
11 8.379700e-008 237.777738 770.752183
8 3.208900e-007 213.886753 747.680905
5 1.872200e-007 152.802488 899.253864
10 1.146400e-007 447.321717 867.870629
2 1.590750e-007 442.831278 860.684420
3 1.849320e-008 401.415440 794.405201
7 4.754440e-008 331.581303 758.692574
8 8.401700e-008 330.210342 766.467815
5 1.200210e-007 296.531936 899.024579
11 6.146110e-008 60.597205 775.784100
8 1.162040e-007 76.360572 760.774526
5 3.577670e-008 182.345092 819.207837
11 1.028050e-007 119.461474 806.116341
8 2.051330e-008 107.273774 889.986281
5 2.205730e-007 261.554148 917.866731
11 3.188940e-008 109.960803 805.323730
8 5.984900e-008 26.196399 832.540466
5 2.505570e-005 195.844563 966.965929
2 1.025470e-007 326.405949 864.044173
5 3.161020e-008 292.358642 799.371506
8 2.820430e-008 339.402631 885.981805
2 1.194250e-007 388.580131 986.810202
10 4.960590e-008 339.847749 950.958289
11 4.495020e-007 146.151868 720.084155
5 2.090900e-008 140.507775 710.308264
8 5.835270e-007 165.075120 737.829441
7 2.671990e-008 308.749249 786.496264
8 1.983840e-007 234.293152 825.277836
11 4.763970e-007 171.639452 684.555490
7 9.376960e-008 454.964475 604.677259
9 1.083050e-007 531.611871 431.807215
6 6.772860e-007 514.713333 352.305787
9 8.757470e-007 541.398348 373.023604
6 7.931170e-008 491.358808 437.071208
7 7.579870e-008 421.478112 430.243405
9 7.850190e-007 486.964167 320.276293
6 2.845740e-007 498.578567 393.606033
7 4.309420e-008 461.365840 620.906525
2 3.940250e-007 456.557325 856.311895
10 1.978840e-008 478.043724 785.493392
3 1.269760e-007 478.302457 784.591086
7 1.140720e-007 461.083862 512.897238
9 7.326680e-008 433.077300 467.344745
6 8.898240e-009 349.368295 517.642319
8 9.503420e-008 311.825431 578.961525
7 2.334830e-007 406.468163 467.967584
9 1.802450e-007 384.960061 421.843231
6 1.086980e-007 402.682520 316.845828
9 7.758180e-008 490.044066 225.201530
6 3.450780e-008 438.753458 159.961795
9 3.521650e-008 528.055253 282.367687
6 5.811040e-007 514.652875 289.223098
9 2.375260e-008 572.770531 468.216826
6 2.292880e-008 596.384855 503.226370
2 2.989290e-007 527.223622 886.005315
3 1.782530e-007 528.331885 888.277587
10 1.697810e-007 559.988211 924.772553
3 9.724910e-008 527.998079 775.295650
2 1.289820e-007 482.578884 837.809936
10 3.406100e-008 480.772384 869.723449
3 3.283440e-006 628.425910 886.465354
2 1.312300e-008 661.277518 834.520858
10 1.543350e-008 662.338489 833.162869
3 1.216180e-007 705.466601 833.140387
3 1.111800e-007 731.046122 932.956289
3 1.181420e-007 722.489669 835.062820
6 2.370280e-008 436.812398 519.317284
9 4.953290e-008 426.390502 521.532533
7 6.209530e-008 423.489308 522.149202
6 2.456720e-007 491.726112 392.252027
9 6.875850e-007 482.307805 397.911097
7 3.205350e-007 384.905826 506.072630
9 1.937250e-007 474.426813 417.455445
6 2.162670e-007 474.343222 412.665345
6 2.278860e-008 351.280112 369.549910
9 9.634020e-008 387.623692 336.106864
6 3.374220e-007 485.141740 286.436645
9 1.270420e-007 522.254119 253.446366
6 5.870760e-008 519.752192 218.602399
9 1.317550e-007 442.206210 246.826735
6 5.207080e-008 405.740631 158.509035
9 6.879290e-008 556.838621 224.971493
6 1.793590e-008 548.036597 507.113550
3 4.817000e-007 651.546631 859.374428
3 9.717720e-008 637.862830 972.627678
2 9.251020e-008 576.763267 981.450416
10 4.794430e-008 577.572307 979.928834
3 9.884340e-005 611.661420 877.805776
2 9.524030e-008 593.115953 867.388107
10 6.343600e-008 594.636531 868.162880
3 4.308160e-008 583.920846 707.406803
3 6.657110e-008 777.814868 798.343728
3 7.730790e-008 750.320968 814.810570
9 2.606250e-008 595.390485 564.119882
3 8.300080e-008 722.769683 944.449291
2 4.178060e-007 536.820250 952.645810
10 2.137860e-007 535.080482 952.676181
3 2.981780e-008 873.303181 901.585952
9 9.965090e-008 656.379602 384.399058
7 1.940840e-007 441.056785 473.711246
9 3.498440e-007 456.893116 404.642837
6 2.620920e-006 505.915193 337.170015
6 3.123310e-008 519.698792 120.421506
6 1.789090e-007 444.046898 247.162608
9 1.789750e-007 424.536562 319.975249
6 1.206480e-007 384.881665 398.206007
7 2.560820e-007 360.214757 451.103833
9 4.846090e-008 353.023905 466.524510
8 2.145970e-008 404.835986 594.510205
2 1.230710e-007 515.019234 824.092509
3 6.951740e-008 522.076056 820.018245
10 9.644180e-009 591.440091 779.970837
2 6.579580e-008 507.135884 703.186850
9 7.513360e-008 475.089298 453.276949
6 8.475640e-008 461.358919 458.744012
7 1.453900e-007 479.091267 559.308517
9 3.466790e-007 476.813336 402.747390
6 4.070440e-007 538.370791 393.247116
7 3.979560e-007 399.934604 515.229748
9 7.459500e-007 469.311290 345.765545
6 2.780000e-007 471.053702 342.039149
7 1.663640e-008 484.243905 386.423612
9 3.747200e-008 564.550217 449.165920
6 4.838170e-008 568.215489 452.029551
3 1.926570e-008 811.657934 952.499056
10 2.724780e-008 704.524946 993.563360
3 6.675780e-008 723.846389 873.374713
2 6.164650e-008 590.871714 971.269983
10 7.940580e-008 621.734795 965.233796
3 4.266680e-007 639.809667 815.403558
3 1.783500e-007 709.141906 832.801359
2 6.286820e-008 546.027163 762.145626
7 1.047550e-007 446.741703 492.431142
9 5.556720e-008 419.772582 449.271655
6 4.913670e-008 372.783342 374.031574
7 3.674530e-008 380.433169 423.445876
9 1.236570e-008 378.639807 474.801374
6 5.146650e-008 418.501397 441.572907
7 1.027910e-007 393.324876 418.948845
9 1.042860e-007 358.449807 363.137129
6 9.345550e-008 396.869064 221.744091
9 2.058530e-007 474.342538 263.347917
6 2.216390e-007 471.322862 266.946633
7 2.889150e-007 353.037617 488.936734
3 2.625770e-008 683.527712 733.723942
3 2.403530e-008 813.614030 920.125045
3 9.152620e-009 834.470371 966.124265
2 9.439870e-008 565.965581 873.995025
10 4.283520e-008 548.412869 876.775174
3 8.851960e-008 538.598138 734.154568
3 2.209230e-007 687.576915 864.446611
9 4.421680e-008 469.788807 498.525678
6 3.248890e-008 465.482834 500.625851
7 2.228640e-007 389.164985 537.848707
11 6.870860e-008 194.418161 605.913877
8 5.478650e-007 186.548149 608.471001
7 2.050750e-008 537.198041 578.873240
6 9.564940e-008 619.611921 386.720133
9 3.072200e-007 553.466286 396.939347
7 1.366370e-008 389.588682 317.415029
6 1.096610e-006 470.390349 365.941846
9 5.628890e-007 467.571389 391.351331
6 1.231810e-007 364.161152 283.217545
9 6.269880e-008 345.993477 350.517082
7 6.828610e-008 489.716112 433.495560
8 1.354300e-007 208.444174 581.095090
11 1.009650e-007 141.360563 615.275780
7 4.834330e-008 241.473142 500.875082
11 5.107060e-008 207.767598 493.266560
7 6.470390e-008 125.928313 497.555653
8 9.716080e-008 176.539334 575.816756
11 8.412420e-008 183.727204 566.616751
7 1.108040e-007 233.141691 503.369426
11 4.416630e-008 135.101590 527.428330
7 6.230510e-008 134.785662 527.064894
8 6.876080e-008 132.853965 524.842722
7 4.057940e-008 179.828017 523.198016
11 5.515610e-008 113.797922 572.955012
8 8.801150e-008 111.061831 575.016794
7 2.867340e-007 402.235441 562.463670
3 3.249990e-008 688.084083 731.051151
3 3.888150e-007 647.205056 825.068581
10 2.047600e-008 657.350608 817.702265
3 7.115130e-007 655.659036 848.885586
9 3.301780e-009 693.893390 381.042976
3 1.105640e-007 669.062047 747.016107
10 7.833190e-009 704.504922 926.690290
3 2.684370e-007 652.444025 901.761908
2 2.553450e-008 713.839693 897.468654
3 1.109620e-007 751.624250 793.397769
3 1.438370e-007 658.919945 741.918254
7 8.048160e-008 417.995129 535.411768
6 2.709580e-008 517.327087 497.698961
9 3.044200e-008 517.913010 497.729668
7 1.941610e-008 555.667275 543.911953
6 9.462930e-009 560.498627 549.092938
9 5.654200e-008 560.923271 549.548312
9 1.189360e-007 619.876426 321.394165
6 1.205080e-008 625.636279 239.028227
9 4.211750e-008 558.122185 176.580759
6 4.066260e-008 622.937317 124.094525
9 6.601050e-007 486.721824 379.157899
6 1.521520e-006 490.955829 298.369857
6 1.082240e-007 557.420688 240.167513
9 1.399250e-007 557.744304 240.685405
9 4.052840e-008 668.088225 427.731128
9 4.935620e-007 503.917233 407.408505
6 3.643070e-007 498.402385 362.493984
3 1.013990e-007 694.200825 798.996930
3 1.115400e-007 560.752664 773.731593
2 4.207670e-008 588.605400 785.369884
9 2.322860e-008 708.248896 354.585412
3 3.983330e-008 472.178186 849.961827
2 3.080270e-007 472.981176 857.601767
10 1.840780e-007 482.966857 922.673525
3 9.370950e-008 661.864071 731.573567
9 8.643660e-008 634.357864 278.153407
6 9.697060e-009 702.353601 309.860139
3 1.713680e-007 596.632918 789.793998
2 1.467710e-007 617.319329 898.222039
10 3.706900e-008 618.493193 899.437612
3 5.801530e-008 751.267099 910.312276
3 1.973260e-006 629.532314 848.512401
2 4.209550e-007 508.894165 868.354694
10 8.686960e-008 508.448133 866.690091
7 4.723390e-008 516.110395 684.909625
3 4.609980e-008 706.586916 756.848622
3 5.738310e-008 598.024755 802.579724
2 3.771590e-008 618.102315 900.698477
3 1.381370e-006 634.724699 847.859546
9 3.093290e-008 504.941265 454.583984
6 4.254180e-008 445.331684 444.073228
7 3.986010e-008 389.681054 412.358912
4 1.390930e-006 44.066783 171.358009
4 2.105210e-007 24.461200 210.308542
4 1.828900e-008 53.144096 319.966131
4 4.631020e-007 49.992039 194.755130
4 9.204520e-008 85.594634 230.020356
4 2.827750e-007 45.217596 186.490714
4 9.794830e-008 141.211642 113.109043
4 2.559490e-008 59.366499 261.393443
4 6.539000e-008 62.696882 57.340468
4 4.360630e-008 134.872860 108.462064
4 3.170430e-008 180.944629 299.721933
6 7.751550e-008 339.588040 348.622857
9 2.076620e-007 408.650845 371.062764
3 1.492390e-007 674.644914 854.323959
3 2.599400e-007 666.572108 905.186256
10 2.512990e-008 651.270211 843.813010
3 1.101690e-007 700.556855 871.799168
2 1.648780e-007 565.221618 915.969188
10 1.885670e-007 549.115117 923.479791
6 2.729470e-008 755.491594 277.934162
3 1.055250e-007 700.043220 790.945832
3 5.430120e-008 692.001608 918.752949
10 4.334500e-008 617.899822 872.449052
2 8.673210e-008 548.780923 829.258806
3 8.489760e-007 640.737179 919.388835
2 2.277160e-007 557.624285 917.937854
10 8.804830e-008 556.018335 917.909818
3 3.899510e-008 769.958353 779.614068
3 7.409270e-008 788.069907 837.690991
3 8.615630e-008 703.632111 864.128068
3 1.479920e-007 638.904837 780.062443
3 6.480440e-007 657.411787 887.738354
2 1.143300e-008 693.157069 869.819071
9 7.070830e-008 478.011114 461.828519
7 1.963710e-007 400.761719 465.877193
6 4.668630e-008 393.891365 466.237271
4 3.711050e-008 37.804568 35.939464
4 1.717200e-007 121.942837 150.794259
6 6.889750e-008 408.974658 381.228376
9 4.848500e-007 462.089635 410.261994
6 1.263250e-007 392.614376 237.432166
9 7.343280e-008 393.399798 311.433709
7 8.899910e-008 435.727401 467.700534
8 1.081690e-007 297.827662 585.253102
7 3.277390e-008 153.261165 589.925017
11 8.258830e-008 154.917505 570.499582
11 6.727280e-008 216.611447 551.301157
7 2.073950e-007 238.739150 550.914914
8 2.781890e-008 306.682485 549.728950
7 2.699360e-007 391.647158 581.871105
3 1.200460e-007 657.660011 796.030626
