7 3.225500e-008 781.958000 531.419000
4 2.342020e-007 743.848856 564.546636
7 7.870370e-008 657.976251 654.511586
4 1.836120e-007 649.306660 502.737137
4 1.817720e-007 692.979961 401.920721
4 7.318310e-009 657.959965 556.551609
11 1.772580e-007 522.739831 558.732014
5 3.741640e-008 454.434542 441.179788
4 1.507950e-007 632.121666 486.782506
4 6.187220e-007 731.745112 472.103930
7 1.654780e-007 785.856540 666.226763
2 4.073450e-008 821.651257 614.710665
4 6.275690e-008 782.910449 567.688542
7 5.341320e-008 876.343071 668.325729
4 1.893310e-007 814.867943 551.393271
2 7.666200e-008 780.726192 631.950316
7 4.322180e-008 845.492032 573.635132
4 8.074670e-007 749.478974 518.333328
2 1.483200e-007 701.290285 717.049669
7 2.164920e-007 699.528867 718.580846
6 6.706440e-008 638.359303 771.754728
8 2.068890e-007 634.565428 775.052693
2 1.352020e-007 819.154739 904.144168
6 6.513780e-007 736.314692 885.019119
7 2.867450e-007 731.715251 883.957259
8 1.075980e-007 731.320570 883.866140
11 6.111790e-008 578.496379 649.748546
5 8.021950e-008 475.708772 513.165420
11 1.832470e-007 414.814327 571.734421
4 2.967690e-007 723.844530 577.358562
11 1.004180e-007 523.785107 513.490607
5 6.260010e-008 418.560932 532.592117
4 9.727960e-008 637.079254 547.731407
11 4.327430e-007 499.018250 629.106325
5 2.336970e-008 456.691590 613.107612
5 8.396950e-008 442.481023 416.033360
3 5.406480e-008 487.525884 147.188042
10 1.702820e-007 171.379946 311.495995
3 5.863300e-008 158.128716 181.313533
10 9.766830e-008 78.994909 193.004122
3 1.043870e-007 194.229506 154.641310
10 1.763300e-007 66.225842 273.307615
10 2.230850e-008 125.432799 181.052791
3 1.816760e-008 142.652806 165.279167
10 4.035000e-008 54.308741 196.033308
3 7.535090e-007 274.059042 107.478748
10 1.437850e-007 134.374402 287.076673
3 1.617650e-007 234.697031 7.998513
10 2.470720e-008 83.272221 146.750996
3 2.721530e-008 199.292524 189.008029
5 2.814740e-007 346.189278 470.493907
11 1.817090e-008 316.787307 531.339072
9 1.059280e-007 165.841101 604.960406
10 6.882720e-009 231.709535 473.760923
5 1.732540e-008 133.851090 402.254277
10 2.917500e-007 45.669117 417.070866
5 3.476440e-007 256.143266 502.310713
11 4.375890e-007 378.136005 608.357889
9 2.411660e-008 209.292743 699.913171
11 1.615750e-008 303.586013 701.409465
5 5.875690e-009 245.207751 750.394600
9 1.491730e-007 174.898969 803.347380
11 4.403420e-008 317.056243 681.228498
5 8.968850e-008 309.185433 678.671132
9 1.470280e-007 150.944007 627.255677
9 4.083330e-007 109.196285 794.677682
5 4.612500e-008 234.415835 652.828810
9 5.299950e-008 309.903154 668.873942
11 4.780950e-008 368.498556 681.328629
9 1.298640e-007 121.117766 785.238204
9 7.472020e-008 189.375725 852.614207
11 2.112160e-008 352.788957 730.282672
5 3.360550e-008 279.182602 752.786405
9 5.011500e-008 194.452167 782.925615
9 2.315580e-007 122.113298 814.271913
11 3.906630e-008 299.155538 689.133484
5 4.636220e-008 266.779396 762.998489
9 1.830700e-008 251.468341 882.776407
9 6.165890e-008 166.826206 886.021868
9 8.095450e-008 264.342005 626.870476
5 6.544050e-008 186.591929 625.026556
9 2.347840e-007 56.891888 695.171536
9 1.115440e-007 183.515520 794.475289
11 1.004220e-007 374.449739 638.253007
5 2.483480e-006 333.330489 545.897055
5 5.990180e-008 203.036422 439.845924
10 1.098320e-007 147.740875 411.671500
9 1.262100e-008 198.923865 512.958689
5 5.701810e-008 201.982387 516.199335
11 3.896250e-008 381.042693 573.662992
4 1.898240e-007 592.662678 535.497735
4 8.895570e-008 610.441309 515.142465
7 4.181120e-008 779.811089 654.411573
2 6.762400e-008 862.882440 669.059677
4 1.174170e-007 780.842595 608.937781
7 1.194100e-007 800.651450 648.262862
8 3.623530e-008 726.252051 713.533856
2 1.845590e-008 728.408150 706.014536
6 3.373550e-008 748.046839 637.525272
4 4.487060e-008 839.505116 599.810698
7 9.722180e-008 886.110918 722.493962
2 9.852450e-007 771.765287 818.525414
6 7.450580e-008 815.630790 762.380258
8 5.883870e-008 818.664993 758.496664
4 6.100760e-008 806.736621 481.829615
11 3.234390e-008 566.237664 697.609337
4 3.717630e-008 552.557430 532.072689
11 5.712460e-008 533.468358 523.573977
4 3.284920e-007 667.670189 549.708416
11 1.023490e-007 510.339994 506.729197
5 1.391270e-008 472.410399 573.670520
6 1.663370e-007 709.088196 777.513726
8 8.342120e-008 713.857063 777.180263
7 6.600130e-006 769.361245 773.299144
2 1.463560e-007 772.227255 773.098739
6 4.892470e-008 512.176510 778.321436
8 2.843810e-008 511.320712 773.467960
11 1.127330e-007 503.252018 727.708116
5 1.316240e-007 394.343603 557.706219
10 1.951110e-007 117.257765 433.148766
5 1.121000e-007 328.021108 580.328986
11 6.908650e-008 335.355281 582.157622
5 1.184170e-007 396.853332 657.668562
11 1.540680e-007 398.035777 650.202976
11 3.622370e-008 279.436053 720.300043
9 7.425570e-008 222.193473 750.736484
5 1.629660e-008 210.129989 757.150756
9 1.917020e-008 273.870178 749.705394
11 4.286500e-008 284.204123 689.079041
5 6.563640e-008 230.584042 668.496415
9 2.056370e-007 180.693902 784.051694
9 6.774360e-008 185.045018 641.076911
5 2.592380e-007 312.211832 649.969035
11 1.000680e-007 352.614842 626.990521
4 9.730400e-008 673.876842 617.624886
7 5.757400e-008 779.341909 654.775471
8 5.067900e-008 814.900875 778.784277
2 2.378250e-006 817.013865 786.153148
6 2.312550e-007 760.717392 762.353483
4 2.307550e-007 749.430920 554.055737
2 8.662540e-008 877.901740 673.777673
7 3.402740e-008 894.508223 696.634691
6 4.236960e-008 789.654930 929.753569
8 2.240850e-008 785.358241 931.849203
7 2.051540e-007 670.909259 803.922296
2 2.148930e-007 746.329229 814.759406
6 2.650380e-008 809.348994 811.498874
8 2.849090e-008 805.822776 807.847358
7 1.044050e-007 840.172257 784.477769
2 2.721400e-007 871.425163 756.367579
6 2.601970e-007 739.106605 806.633606
8 3.461530e-007 736.765634 810.688284
7 4.213750e-008 677.100632 914.031058
6 6.542170e-007 641.809422 822.291085
8 5.297610e-007 646.688993 820.891876
7 3.568580e-008 568.025687 770.636073
11 8.038220e-008 487.673569 731.445656
6 9.802400e-008 574.499683 808.338515
8 1.212010e-007 578.123955 804.714219
11 9.749440e-008 577.741162 605.961701
11 9.801650e-008 593.075255 613.184751
4 2.102150e-007 699.408307 553.130531
7 6.255810e-008 747.293535 698.637828
6 2.102280e-007 687.644733 745.240663
2 1.799910e-007 681.615873 749.950933
8 2.294460e-007 664.385589 782.091549
7 1.366420e-007 720.156686 870.546048
6 8.552780e-008 792.606901 864.207357
2 7.632910e-008 799.929610 863.566690
8 5.569170e-008 868.913654 855.001746
4 1.219080e-007 611.274270 584.389317
11 1.552340e-008 676.900819 725.127154
8 1.506750e-007 690.271634 753.801214
2 3.676470e-008 691.337006 756.085932
7 2.863960e-007 721.308845 764.549547
6 1.344590e-007 741.780710 762.035911
2 1.244890e-007 758.876190 899.200992
7 1.587740e-007 730.591527 892.866494
6 1.831310e-007 736.008026 895.054906
8 1.409670e-007 754.797183 902.646231
2 1.442320e-007 753.575533 720.635229
7 9.773660e-008 758.237804 682.663007
6 7.091190e-008 758.949739 676.864598
8 9.022560e-009 759.538325 672.070807
11 6.638910e-008 545.569282 601.286234
3 5.479220e-008 408.828929 191.171130
3 1.536170e-008 494.841633 162.576436
10 6.649340e-007 103.374172 349.471746
3 1.423140e-008 320.051772 267.234412
3 2.996990e-007 423.190482 36.117143
5 1.255040e-007 392.650566 490.745155
11 2.453160e-008 428.380292 509.002070
3 1.928320e-007 448.324622 81.855203
5 4.315350e-008 344.416305 336.813768
10 1.168830e-007 139.011782 296.316011
3 3.499390e-007 272.137244 140.432900
10 6.687570e-008 72.326020 157.840466
3 1.811300e-007 221.306521 108.876419
10 6.979820e-008 42.321106 161.135203
3 2.228730e-007 257.783322 146.859674
3 1.352690e-007 223.785113 167.555716
10 4.069490e-007 95.039517 351.836067
3 4.468470e-008 257.747168 194.071639
3 7.610190e-008 413.055197 107.023336
10 1.311600e-008 164.158440 252.013524
3 3.174450e-008 402.118832 170.638264
11 5.749400e-008 533.419934 533.329983
6 4.514680e-007 646.551154 818.039230
8 4.188790e-007 650.419495 821.171767
7 1.323890e-007 695.442588 857.630934
2 1.180470e-007 730.733783 886.209326
4 4.088970e-007 707.642980 538.471715
4 1.195840e-006 691.203959 470.490556
7 5.009290e-008 804.724009 631.393261
8 3.977310e-008 727.309429 750.600911
2 5.592310e-008 717.330385 765.967247
6 1.429950e-007 669.838838 782.664270
11 5.268010e-008 503.964137 731.964900
4 1.031760e-007 650.936118 558.866778
4 1.186570e-007 749.341444 381.965210
4 9.123040e-007 648.219243 497.830374
11 1.814720e-008 576.922861 494.574000
5 5.017380e-008 500.748859 522.187986
4 1.242890e-007 751.751625 577.732069
11 7.986380e-008 530.484963 561.361705
5 8.332770e-008 418.685438 530.296844
4 2.246400e-007 639.071320 497.165672
4 8.491270e-008 769.890821 377.246888
4 2.330350e-007 752.257797 418.995044
4 1.933760e-007 742.677797 439.786390
4 8.291020e-008 712.486931 378.323870
4 2.632730e-007 642.499198 498.676922
11 1.573270e-007 535.328923 581.197173
5 1.588200e-007 375.164931 593.654330
10 1.839050e-007 96.698141 480.141303
5 7.998810e-008 199.464848 595.150421
9 2.276480e-008 234.383766 562.588010
5 1.318500e-006 305.015279 590.461291
11 3.355570e-008 247.131585 593.012384
9 2.551820e-008 140.707795 499.989498
10 1.089990e-007 173.840205 413.676408
5 1.078950e-007 221.097899 475.050809
10 4.258830e-008 75.898655 509.655365
9 7.071030e-009 137.575200 498.349443
5 2.451560e-008 145.774845 439.206000
10 7.938100e-008 137.990731 438.661657
9 4.244170e-008 175.368308 582.026397
5 5.845040e-007 348.862838 558.159262
11 2.409240e-007 399.023030 579.450995
4 5.222610e-008 604.299604 579.928894
11 1.987900e-008 625.917193 582.200947
4 1.299190e-007 692.553092 389.167868
4 1.369770e-007 757.444578 405.532738
4 9.853680e-008 777.372086 359.447832
7 7.588620e-008 789.984646 606.508554
2 2.401280e-008 792.457590 598.419907
4 1.446490e-007 805.387857 556.126855
11 5.160160e-008 468.435873 551.460031
5 8.538520e-008 461.358667 519.833398
11 3.019360e-008 462.969095 500.062401
5 3.344260e-008 501.035358 526.477696
11 7.111630e-007 509.540750 626.293541
5 1.265390e-007 382.982795 606.080402
9 2.233950e-004 118.975428 723.273412
5 1.263210e-007 304.588233 696.538701
11 3.549620e-008 365.655451 783.751028
9 1.246170e-008 130.802332 846.924895
11 9.000590e-008 347.471512 752.006714
9 5.909900e-008 210.855077 790.881808
9 7.345930e-008 205.481513 719.805985
9 8.196170e-008 183.402900 857.481144
11 1.061420e-007 422.830330 681.606763
5 3.721710e-008 401.997986 731.827106
9 9.725920e-008 173.621789 676.595491
9 6.314640e-008 180.248701 771.610650
5 3.833810e-008 178.758329 697.958212
9 2.327560e-007 171.177800 696.068164
9 1.939790e-007 63.089113 773.313510
9 1.720790e-008 62.829593 950.924628
5 2.898570e-008 298.516190 644.989181
11 1.324960e-007 373.640693 629.020992
9 2.664090e-008 212.167747 776.081504
9 7.176500e-008 185.459287 825.107922
5 2.434320e-008 241.820229 741.681287
9 5.212690e-008 243.310241 743.732112
11 1.253930e-007 410.574537 709.706352
9 6.672210e-007 146.785962 738.652230
11 5.309940e-008 395.265993 698.583735
5 9.661770e-008 402.993077 625.067391
4 2.347180e-007 593.920180 516.593436
11 1.055600e-006 441.260186 603.141294
5 1.952710e-008 493.233775 547.406678
4 3.019150e-007 671.406565 556.612239
11 1.395260e-008 694.187164 541.246519
7 4.329280e-007 731.635752 725.959637
2 1.931770e-008 732.616522 733.947276
8 4.541260e-008 721.619687 678.244550
4 7.597390e-008 560.007585 516.816607
11 5.412310e-008 532.324734 514.880819
5 8.020480e-008 404.412354 650.177496
9 1.335290e-008 327.431968 863.875148
5 7.551280e-008 330.265262 709.095549
11 2.321440e-008 320.475912 717.909945
9 6.151750e-008 224.855498 808.501603
9 1.815870e-007 203.067608 767.998162
9 4.337760e-008 192.702825 868.181005
9 7.112510e-008 225.713119 786.847250
5 3.472570e-008 218.733766 739.359821
9 3.840540e-008 259.584687 742.722982
9 2.071040e-007 184.778652 783.041427
9 1.644170e-006 136.184783 700.577500
11 1.707210e-008 328.939879 703.663091
5 4.302390e-008 322.033783 700.588292
9 3.682930e-007 57.115769 752.436619
9 4.082230e-008 219.596604 754.791571
9 1.031170e-008 13.437124 905.619370
11 2.399910e-008 312.565421 692.844183
5 7.868560e-008 308.988881 699.863538
9 4.872410e-008 202.555289 866.534914
9 7.452040e-008 175.938947 795.279862
9 3.416300e-007 163.985186 761.258122
5 3.445950e-008 180.125326 678.437685
9 7.972130e-009 290.005824 864.465958
9 2.134770e-008 281.068324 631.632285
5 9.326440e-008 279.308995 633.728984
11 2.540030e-008 244.282313 675.472423
9 5.927730e-008 133.050580 852.455210
9 6.782740e-009 293.022973 829.044070
9 8.719660e-008 189.526243 757.746837
11 1.031900e-006 439.890327 642.488691
5 3.601760e-008 441.298509 629.090778
3 3.859080e-007 236.331951 104.802052
3 2.171220e-007 273.713967 141.365245
10 7.701780e-008 158.819640 212.060741
3 1.617470e-008 192.832781 275.404752
3 4.164070e-007 263.085345 109.566462
10 4.247420e-008 185.165598 247.013922
3 1.233210e-008 180.170171 223.611935
3 1.889820e-008 502.380663 154.696522
3 2.860480e-008 496.196326 88.774563
3 1.764160e-008 409.340695 154.995933
5 4.558410e-008 410.980335 464.839659
11 2.472590e-008 485.178936 507.678165
4 1.905490e-007 623.917938 562.865753
4 1.213260e-007 726.210395 573.396209
7 1.925250e-007 688.582270 713.826505
6 9.184510e-008 651.333353 756.185340
8 9.109740e-008 646.842162 758.091746
2 3.455050e-008 625.360770 767.210102
11 9.426880e-008 595.755333 647.648393
4 1.788090e-007 675.129254 619.492258
7 2.807460e-008 772.084128 574.371712
11 5.110810e-008 605.320000 658.819456
6 1.902710e-007 688.239383 760.456300
8 1.964460e-007 692.537991 763.247839
2 2.460220e-007 772.627174 815.258192
7 4.334160e-007 783.781246 822.501707
6 4.929980e-007 727.129626 845.730504
8 5.015920e-007 723.125544 843.029715
7 1.494440e-007 650.930177 794.333302
2 6.224620e-008 648.523791 792.710174
6 2.361990e-008 766.240909 720.484370
8 2.873390e-008 768.581879 716.429692
7 3.099100e-008 810.790612 643.322052
2 2.291750e-008 812.197496 640.885258
4 1.352460e-008 781.253278 623.025103
11 1.214720e-007 547.673938 679.823305
6 1.444220e-007 513.236921 809.796781
11 1.122820e-007 581.661263 612.599109
4 7.405800e-008 614.757764 534.627733
7 1.447800e-007 739.731388 644.543019
2 1.645510e-007 802.946073 705.437828
8 2.352840e-008 846.848800 747.834179
4 2.308470e-008 837.180433 656.417377
7 6.984790e-008 903.986919 657.583688
2 1.310490e-007 786.762757 713.499025
6 2.573270e-007 729.194604 769.086605
8 1.842280e-007 727.694439 790.539706
7 2.094670e-007 851.430879 865.922080
2 1.316960e-007 771.568593 906.963587
6 4.320800e-007 703.991676 944.422008
8 8.055860e-008 684.955483 943.000156
6 6.743130e-008 525.839851 897.476890
8 2.567670e-008 521.531869 895.186278
7 3.534390e-007 718.003159 687.588969
2 4.509660e-008 720.250339 685.895601
4 6.215700e-008 807.563599 659.729638
8 3.405950e-008 800.744092 789.845895
6 9.340920e-008 780.028352 821.269092
7 4.130380e-008 579.278971 778.216068
8 6.691610e-007 647.734410 890.715000
6 4.271600e-007 711.985156 890.220557
2 3.888680e-007 764.287401 782.985022
7 9.468080e-007 763.419582 735.980061
8 4.968500e-008 646.127095 712.224739
6 4.379890e-008 652.547308 651.139238
4 4.869800e-008 745.662118 625.061568
7 7.406250e-008 856.253762 595.415445
2 3.318870e-008 844.618370 580.522853
8 2.324100e-007 706.821188 810.966671
6 9.574790e-007 701.782196 819.382998
7 2.577730e-007 705.969415 820.743514
2 1.679020e-007 708.701797 821.631323
8 1.499960e-008 701.198000 640.695623
6 3.036280e-008 701.198000 629.441112
7 3.783010e-008 701.198000 624.720722
2 2.199630e-008 701.198000 621.640383
4 5.373170e-008 736.843712 615.119826
4 7.523840e-008 557.468203 431.789265
3 2.462350e-008 543.162454 128.127766
3 4.253880e-008 477.060252 237.057886
11 1.155580e-007 579.191008 585.908424
8 3.468320e-008 604.130642 674.376883
6 3.502330e-008 595.320433 668.871656
7 2.826910e-008 591.625217 666.562630
4 6.121390e-008 655.422915 607.892866
11 1.463690e-007 524.078468 677.113849
8 1.579110e-007 640.178957 913.731813
6 6.125820e-007 650.907985 915.817296
2 1.657930e-008 603.604786 929.250349
7 6.258090e-007 709.448466 800.304786
8 4.450930e-008 796.747119 770.245665
6 4.422530e-008 807.286163 766.616807
2 9.584350e-007 820.559242 775.443863
7 3.674690e-008 684.767045 661.375610
4 7.008170e-008 653.266907 579.314606
5 2.070640e-008 339.063390 342.557213
3 1.623640e-007 181.926359 137.387740
10 1.218370e-007 7.341195 216.993797
10 1.995740e-008 199.601897 276.178905
3 1.648190e-007 249.421076 119.653484
3 6.217650e-008 255.310694 238.179523
10 3.944860e-008 191.324725 275.522777
10 6.482740e-008 67.917954 199.557667
3 4.534710e-008 217.605491 222.136239
10 6.749530e-008 207.592868 275.338821
5 2.042810e-008 417.712751 418.330051
11 3.576500e-007 446.142169 579.563273
5 5.534830e-008 494.701112 560.453710
11 4.256120e-008 484.814723 715.566722
7 4.310310e-008 585.884640 634.607851
8 2.376580e-008 585.624890 634.338872
11 1.033980e-007 523.128455 569.621817
3 7.585420e-008 435.051058 169.207262
5 6.272040e-008 496.345321 485.895816
11 6.514050e-008 511.919529 502.597145
4 1.940870e-007 624.521864 574.616921
7 3.879810e-008 586.465126 677.770340
6 2.609620e-007 680.383920 760.056033
8 3.210240e-007 700.884111 775.504023
2 1.490310e-007 732.229128 814.426359
7 8.003680e-008 807.660526 910.138960
6 7.909840e-008 830.134133 840.971702
8 4.181540e-008 833.216481 831.485129
2 8.674510e-008 857.843590 755.690016
11 8.474420e-007 484.369260 623.213959
5 5.544930e-007 326.763985 574.814849
9 1.535600e-008 174.158849 561.463400
11 1.145350e-007 389.515705 551.725126
5 2.963100e-008 498.206694 665.266036
4 8.537690e-008 573.578659 437.571861
3 7.473460e-008 409.311936 120.705435
3 1.340710e-007 427.190996 115.880413
11 2.048730e-008 534.687102 515.780969
4 9.832980e-008 603.904511 519.408424
7 1.979550e-008 816.873871 625.777595
2 8.089630e-009 843.111242 599.241665
4 4.468500e-008 813.287927 568.610146
11 2.443860e-007 537.126592 564.025792
5 8.171160e-008 395.987106 636.327561
9 1.055520e-007 223.805702 640.227592
5 2.337370e-008 221.882456 638.165162
9 4.797910e-007 150.706900 749.239122
5 3.418320e-008 349.032454 774.024815
9 1.409200e-007 191.682872 684.064453
5 1.028630e-007 271.027025 678.868513
11 1.552980e-007 389.250949 638.088541
5 5.261270e-007 360.174463 572.283135
11 2.278760e-007 446.588101 544.221141
11 5.302560e-008 540.353604 732.675759
4 1.882800e-008 565.294424 643.886927
6 5.190600e-008 611.376684 710.645841
8 6.003860e-008 618.638121 704.107600
7 4.267170e-008 736.578644 588.602692
4 1.449030e-007 802.182460 515.535114
2 1.475230e-007 785.982740 757.386522
6 1.355900e-007 793.132438 825.411293
8 1.106060e-007 794.153812 835.129010
7 8.723490e-007 794.641916 839.773002
6 1.383610e-007 520.671456 960.274803
8 3.248820e-008 510.995315 961.634682
2 2.330180e-007 723.636715 809.273288
7 3.652180e-007 724.248499 807.139766
6 4.499040e-007 768.494125 862.600733
8 1.087970e-007 769.568669 872.824559
2 6.779850e-008 732.293364 696.191329
7 1.335420e-007 730.214614 695.555794
4 4.783830e-009 671.835957 707.694735
11 1.121470e-008 676.352499 711.484556
6 6.009240e-008 711.542999 741.012837
8 1.284960e-007 718.950226 747.228227
4 2.188250e-007 821.360645 481.302610
11 2.745540e-007 531.309436 594.850236
8 8.633560e-008 594.297032 788.665854
6 9.494960e-007 664.050548 812.299774
2 4.099590e-007 738.323405 833.596908
7 2.748250e-007 740.566914 834.240216
4 2.366760e-008 755.653785 724.134355
8 4.575230e-008 778.936597 817.515824
6 2.860450e-007 756.647739 862.582160
2 8.834240e-008 664.225026 875.571343
7 1.379210e-007 661.913821 875.896162
11 5.524820e-008 581.153579 703.649048
8 1.201660e-007 649.469528 763.035519
6 9.045190e-007 702.397523 809.045374
2 1.908050e-008 632.581114 746.077806
7 1.595950e-007 630.948712 744.607983
4 4.740060e-008 728.415946 637.793936
4 2.892900e-007 674.389316 594.703554
7 2.242350e-008 620.178125 744.432485
8 1.052350e-007 655.334533 753.852649
11 7.583110e-009 659.562040 754.985410
6 4.380220e-008 660.608673 755.265855
2 9.915460e-008 747.223669 778.474353
4 1.358870e-007 682.468208 616.942069
7 1.746820e-007 768.778174 699.559742
8 3.948500e-008 771.993832 738.042069
6 4.606020e-008 774.696080 733.361649
2 3.566450e-007 778.333911 727.060755
7 1.790680e-007 785.376900 903.731892
8 5.606460e-008 792.480110 971.312726
6 1.034620e-007 792.454258 976.268496
2 4.370770e-008 785.263431 976.645354
11 1.552350e-007 556.669596 690.590258
4 2.244680e-008 568.408290 675.079235
6 9.322460e-008 520.812423 777.982547
11 3.663060e-008 542.410929 512.691736
4 1.995180e-008 551.479653 678.171405
8 6.777460e-008 584.025043 809.214943
6 3.761730e-007 608.921602 819.273834
7 7.294930e-008 677.071423 846.808226
2 3.736030e-008 753.590666 877.724094
7 2.213520e-008 880.347291 826.462480
2 1.724080e-007 859.410385 748.324178
4 3.864350e-007 774.954025 514.130395
8 3.027600e-008 736.851773 672.817987
7 5.066750e-008 748.210502 654.640135
4 5.709110e-008 678.192353 592.046542
11 9.067560e-008 537.162960 655.441929
4 2.690640e-007 646.180055 433.990981
7 1.639060e-007 880.454591 693.059850
2 1.472160e-008 807.433889 663.557591
4 1.393540e-007 746.705492 579.325477
7 2.229840e-007 751.237911 680.406812
2 5.931310e-008 795.958985 737.646874
8 3.685840e-008 833.168953 771.471255
6 1.027980e-008 828.276686 701.511528
4 4.575780e-008 770.867058 585.889352
11 8.033090e-008 490.574869 481.938945
4 7.329520e-008 595.724804 442.460110
11 1.492480e-007 568.867318 603.598004
8 2.169830e-007 647.338516 761.252000
6 1.798830e-007 652.910154 761.252000
7 2.940130e-007 725.699001 761.252000
2 1.116680e-007 733.910861 761.252000
7 8.906990e-008 834.671759 775.497151
2 7.204430e-007 829.878038 769.135633
8 3.380740e-008 793.348141 701.270689
4 8.849630e-008 771.533779 577.554419
7 6.670640e-008 844.680154 585.071271
2 3.380920e-008 842.777466 576.829809
4 3.052610e-008 843.409707 630.304890
7 1.470810e-007 634.080422 745.908001
2 4.005820e-008 632.544843 753.807774
11 2.264260e-008 630.227300 765.730348
8 1.411650e-007 614.291337 846.834882
6 5.396250e-007 614.124087 846.545196
7 1.822990e-007 716.703496 820.304115
8 1.770500e-007 737.753205 815.444421
6 2.424950e-007 738.069736 815.371345
2 1.250540e-007 715.070051 830.830768
7 1.822300e-008 615.979815 604.212730
4 5.121460e-008 582.330527 550.363065
11 1.162500e-007 578.943049 544.942013
4 1.122340e-007 703.901887 340.579897
4 4.088380e-007 721.684462 459.137057
7 7.907620e-008 786.207241 642.494277
2 4.179530e-008 783.395194 642.592470
4 5.215420e-008 695.093243 645.348345
8 5.378760e-008 811.593001 798.769778
6 1.590370e-007 811.869931 798.898914
7 2.277100e-007 815.777838 800.721208
2 8.929270e-006 818.327966 801.910358
8 9.578050e-008 557.913848 799.015147
6 1.062060e-007 557.684795 798.793953
2 1.591990e-008 552.343154 793.635580
11 7.286120e-007 471.309894 665.785271
4 1.558760e-008 510.812508 460.948176
3 2.387980e-008 426.498199 217.482442
5 6.024420e-008 385.286479 453.474770
11 5.900400e-008 418.419848 492.838104
4 4.330370e-008 546.726379 559.948514
7 1.830010e-007 739.652519 663.854133
2 2.975850e-008 696.606403 738.412326
8 2.436510e-007 659.137840 803.309895
6 2.810910e-007 659.292227 803.042488
4 8.615920e-008 804.662979 584.080339
4 3.727390e-008 791.058357 402.587867
7 2.864590e-007 852.372873 747.198896
2 1.454180e-007 852.125051 750.031438
6 3.561240e-008 729.612777 689.436867
4 7.830740e-008 786.093560 610.547329
7 8.055560e-008 708.751477 632.028846
11 2.130200e-007 505.387764 561.778893
5 3.856100e-008 479.144675 578.638752
11 8.264190e-008 575.746548 630.003346
4 1.573190e-008 587.469801 756.402620
8 6.303010e-008 569.182418 835.614221
6 3.994060e-008 567.916542 841.097347
7 1.537410e-007 707.183072 828.297200
2 5.846760e-007 759.355918 800.449639
4 1.201850e-007 594.349723 617.500146
11 6.651570e-008 526.833147 599.408987
8 1.019750e-007 572.448179 832.373201
6 9.847260e-008 577.467426 835.155411
7 7.315120e-008 693.402226 855.725479
2 2.022200e-007 708.370279 778.723353
7 2.410320e-007 699.538938 761.638248
8 1.223430e-007 699.532344 762.016011
6 8.774440e-008 699.438024 767.419681
2 6.654740e-008 698.422298 825.611514
7 3.153620e-007 752.879657 822.235032
8 1.982500e-007 752.946459 821.948060
6 1.313140e-007 756.860297 817.750970
2 3.602330e-006 787.944511 784.417136
7 3.430890e-008 810.943618 638.207080
2 3.202800e-008 803.282085 614.799290
4 3.134000e-008 754.262498 604.379814
11 8.151060e-009 680.022977 649.090977
8 3.947490e-008 761.044234 791.756735
6 6.362040e-008 761.344572 797.487672
7 3.335650e-007 765.834239 883.157799
2 1.150460e-007 767.691896 918.604931
8 4.055650e-007 635.499690 905.396560
6 5.077550e-007 629.782745 904.896387
7 4.650550e-008 642.252436 873.192309
2 7.165120e-008 639.514399 871.915538
11 4.820280e-008 492.165657 803.205519
8 2.899470e-008 475.700027 776.049888
4 7.262620e-008 648.207554 593.940891
6 7.624750e-008 621.930089 711.325821
7 2.073110e-008 606.808726 752.871284
8 6.864020e-008 601.564700 767.279079
11 1.404410e-008 603.980597 828.179160
2 3.288710e-007 747.635446 834.212205
6 5.291880e-007 669.747054 799.534288
7 1.213130e-007 642.182498 787.261839
8 1.647730e-007 613.632596 774.550688
11 9.588400e-008 564.527341 682.732675
4 1.124060e-007 551.020668 549.264102
7 1.946590e-007 871.127538 783.939899
2 1.533650e-007 870.447937 786.883544
6 9.643420e-007 715.831105 851.613396
8 1.431410e-006 705.760686 851.965082
11 3.625310e-008 549.439565 720.345256
6 6.732260e-008 576.524839 931.266276
8 4.570090e-008 584.513840 938.211025
2 4.448910e-008 843.648648 951.498059
7 1.716090e-007 700.721689 868.978990
6 9.730950e-008 598.544452 918.339670
8 9.981150e-008 591.880478 925.485905
6 4.211920e-007 612.807000 878.137173
8 4.242800e-007 612.807000 867.551673
7 9.415570e-008 655.160590 698.368756
11 2.154910e-008 707.957992 643.695674
4 7.948950e-008 766.215821 610.401590
2 1.751070e-007 861.788370 728.422987
6 2.095970e-007 745.034472 790.836390
8 1.387490e-007 735.202956 793.470743
7 9.441890e-008 669.682891 783.664919
11 5.064190e-008 569.740674 556.214508
4 1.344670e-007 567.700637 552.534186
4 2.566020e-007 615.637305 503.364728
11 4.336230e-008 610.188813 581.286317
8 6.540810e-008 616.367028 749.011560
6 1.521570e-007 626.229948 819.190608
7 6.644330e-008 627.537790 828.496487
2 8.908090e-008 630.158834 844.771956
4 3.557850e-008 546.358650 634.889235
11 2.547710e-007 519.816822 627.777411
5 3.225050e-008 417.654816 590.188424
11 1.448140e-007 419.275917 515.519633
3 3.614420e-008 375.057969 290.169767
5 4.332320e-008 401.056395 409.536202
11 4.215570e-008 425.344585 546.311345
5 3.782420e-008 210.057481 733.472189
9 2.089680e-007 166.239896 746.868597
9 3.295840e-008 282.732483 793.481922
11 5.785510e-008 319.273282 720.033078
5 5.572150e-008 311.696248 721.505870
9 3.497230e-008 211.862893 700.361892
9 5.914200e-008 157.908209 801.043324
5 4.256330e-008 360.885425 703.345895
11 2.528790e-007 366.467443 627.503576
11 7.803070e-008 478.347121 460.488307
5 1.074010e-007 402.767659 509.570424
5 6.909710e-008 333.493028 396.359542
3 2.392610e-007 291.188756 160.444686
10 3.720090e-008 279.097268 317.903606
3 1.072200e-006 355.206702 92.251859
3 1.106830e-007 404.252811 234.714146
11 6.289570e-007 479.609517 604.422203
5 4.381630e-008 498.015393 627.151589
8 3.825730e-008 577.785234 729.329234
6 6.185150e-008 550.523096 702.067096
5 1.982480e-007 216.084545 539.422662
9 6.165180e-008 78.650690 556.297506
5 1.173480e-007 418.374613 527.670648
11 2.348630e-007 419.780465 574.743413
11 4.481880e-008 391.654700 743.340587
9 3.764420e-008 267.127063 812.916617
5 3.349640e-007 378.296853 573.131284
11 1.223150e-007 377.802019 570.585638
5 3.029010e-008 419.876840 753.045520
11 8.105320e-008 420.797072 755.442798
9 7.554800e-008 266.561026 752.218574
5 5.526740e-008 472.875022 510.755783
11 1.764240e-007 474.075421 508.399855
3 1.547370e-007 371.875747 204.232797
11 1.551170e-007 536.071553 569.587594
7 2.082070e-008 581.385618 664.863621
8 1.797830e-008 579.682086 654.108217
6 1.828020e-008 579.631769 653.790538
4 3.553330e-008 566.813538 572.861510
11 7.872790e-008 552.115037 732.167501
4 2.113200e-008 589.728853 640.602357
8 9.788300e-009 588.077811 640.688884
11 1.294810e-008 399.017528 500.798243
5 2.673110e-007 393.907296 526.905698
3 1.090210e-007 403.139745 198.933395
10 3.858240e-008 184.086702 333.909080
11 5.499750e-008 556.435879 514.444112
4 4.213540e-008 603.931664 565.377090
6 1.481140e-007 585.637208 804.633880
8 1.013680e-007 589.415736 801.786554
7 1.964380e-007 705.845731 714.050238
2 1.639000e-008 693.415376 680.286725
11 3.305800e-008 572.455720 643.305784
6 2.427870e-007 682.723170 773.780193
8 2.603150e-007 686.076132 776.772266
7 2.222590e-007 782.616073 673.245967
2 2.391980e-008 827.423463 614.079604
4 9.097730e-008 826.560637 613.713354
4 2.028690e-008 791.366334 295.675274
4 9.084270e-008 749.775841 407.064606
11 1.483590e-007 529.685876 598.812250
4 4.095750e-007 704.645838 560.630690
7 7.716710e-008 832.362752 666.387716
2 2.458220e-007 791.633851 716.596010
6 4.210330e-008 688.861921 630.359953
4 2.003330e-007 633.265173 581.964124
11 6.032530e-008 574.301185 471.069520
5 6.461630e-008 397.239233 482.358270
4 2.643100e-008 543.299853 560.764280
11 1.789970e-007 529.641050 588.768875
11 2.926270e-007 482.419996 698.508106
6 3.542400e-008 496.934685 676.667550
4 2.019020e-008 702.209797 664.876920
7 7.902990e-008 702.784180 666.054580
8 8.120790e-008 736.435802 735.050657
2 5.881450e-007 773.247999 810.526873
7 2.104270e-007 824.940064 834.982198
6 7.321450e-008 783.505863 804.812372
8 1.336180e-007 780.460019 801.051055
2 4.640280e-008 727.074329 735.125001
4 4.054820e-008 536.846778 593.616137
11 1.230690e-007 536.019665 593.099302
5 3.985790e-007 381.267614 551.088051
11 1.371330e-008 369.518209 842.061080
9 1.130150e-007 77.189366 863.364811
5 1.219490e-007 304.748858 665.839596
11 3.945890e-008 289.458026 683.429630
9 1.408910e-007 172.182709 814.227109
9 4.279820e-007 161.831228 754.035032
9 4.207750e-008 127.161077 932.319077
5 3.084190e-008 307.203807 687.702817
11 3.828990e-008 301.239163 693.073416
9 8.149880e-008 186.804722 802.401989
9 1.949830e-008 321.297386 645.276857
5 1.992890e-007 323.021181 643.222525
11 2.828840e-007 395.032207 623.066678
4 6.799670e-008 564.507750 526.960290
11 2.704500e-008 407.568895 397.637173
5 3.247050e-008 409.305231 390.116196
3 9.682980e-008 204.932263 120.319904
10 1.133970e-008 86.762099 208.572293
3 5.067130e-008 189.002816 130.783334
10 2.201290e-008 101.677016 164.220931
3 4.598370e-008 166.011307 82.853148
10 2.342470e-007 123.732236 286.386632
3 3.701300e-007 240.397628 121.270365
10 1.507110e-007 82.035258 319.726448
3 3.208650e-007 240.646402 69.325513
10 1.422910e-007 115.546465 285.121805
3 2.043850e-007 232.582633 132.348123
10 9.671720e-008 2.436428 279.224799
3 4.060510e-008 245.484375 223.819645
10 3.981750e-007 118.567132 349.684596
3 4.439420e-008 192.507702 179.305584
3 1.230120e-006 278.681143 50.230195
10 2.292840e-007 58.440137 260.122448
10 2.432710e-008 84.802588 245.800072
3 6.168610e-008 232.115896 199.304134
3 9.785770e-008 459.376543 148.767439
3 6.636580e-008 437.474094 245.761843
3 6.708970e-008 494.194605 126.787444
3 5.288960e-007 291.703580 123.857765
3 1.721050e-008 127.397187 82.497429
10 1.107570e-007 147.083984 275.591467
3 4.086400e-007 246.360042 112.563778
3 1.852950e-007 234.361265 105.652475
10 3.883610e-008 111.637950 191.744299
3 2.690230e-007 241.353631 51.505325
10 1.945000e-007 122.755271 287.544867
3 1.095560e-007 192.720384 181.273101
10 3.661580e-008 107.297249 245.801844
3 5.227750e-008 225.353144 192.243604
10 9.588930e-007 95.117174 337.908091
3 1.288530e-007 183.438660 153.414325
3 1.098700e-007 447.786416 74.654127
3 8.272790e-008 457.536050 207.221107
3 1.501980e-007 460.033121 118.646268
3 8.112570e-008 463.236089 143.361781
4 3.146870e-008 563.809831 396.671677
11 7.175170e-008 438.526801 491.079136
5 5.201170e-008 427.415419 558.865765
9 1.524220e-007 124.922425 853.014525
11 3.386090e-008 360.693961 776.465667
9 2.622460e-007 146.282587 796.458658
9 1.686400e-008 285.554584 810.108199
11 1.126730e-006 442.691698 640.737022
5 2.615360e-007 383.510054 583.585999
10 7.634380e-008 156.451956 474.319166
5 1.282820e-008 217.721070 426.050839
5 1.653520e-007 166.777740 546.265198
9 5.697110e-008 151.715996 499.910000
10 1.378530e-007 146.583757 415.123757
5 1.470690e-007 211.816914 487.093647
11 1.119400e-007 354.642458 525.007000
3 1.221460e-007 429.399801 144.778910
4 4.771510e-008 596.329403 457.539275
2 6.029390e-008 679.250055 744.210639
7 1.030850e-007 677.002039 751.563553
6 5.345330e-007 656.436519 818.830201
8 9.044380e-007 655.265156 823.320473
2 2.976570e-008 567.584503 780.533232
7 3.620010e-008 561.443862 775.905963
6 6.002050e-008 505.267461 733.574331
11 4.898210e-008 489.061412 721.362291
8 1.023780e-007 624.965467 774.622630
4 4.138520e-008 648.189076 590.662007
7 4.143910e-007 788.378442 686.492160
2 4.865200e-008 777.673951 677.747963
4 5.505930e-008 706.256459 728.088276
8 3.672900e-008 706.888815 729.653417
6 1.411330e-007 690.712988 749.107179
7 3.364680e-008 603.105855 698.527069
11 8.189970e-008 559.335084 673.255949
5 4.009350e-008 438.788523 524.945890
6 1.947680e-007 645.948159 799.331940
8 4.141830e-007 647.374660 803.997827
2 4.773270e-008 717.298068 849.470693
7 1.173160e-007 724.077627 852.209805
6 5.207930e-008 498.792598 775.322329
8 4.808840e-008 494.269647 773.017777
11 2.630890e-008 503.299541 826.404542
2 2.724270e-008 690.865330 867.789229
7 1.060690e-008 686.611767 861.934671
6 8.592240e-006 686.210514 861.382390
8 1.370440e-005 683.429580 857.554743
4 2.347340e-008 773.986920 649.737060
2 8.146930e-007 825.631312 833.205662
7 3.434840e-007 821.222418 838.848806
8 2.042670e-008 817.923996 843.070606
6 9.507680e-008 780.888684 890.473778
2 1.762460e-007 845.931995 758.162386
7 1.538710e-007 842.726629 764.734361
6 6.583110e-008 820.100227 811.125378
8 4.944970e-008 811.307397 829.153359
4 1.789650e-007 778.031000 516.913954
7 2.565690e-007 724.488605 687.410145
2 1.327490e-007 729.929047 765.211163
6 9.487470e-008 732.010204 794.972734
8 4.202810e-007 734.602168 832.039101
7 4.897170e-008 919.802699 771.032635
2 1.117100e-007 917.214283 845.155470
6 1.402620e-007 795.968648 877.378551
8 2.828790e-008 768.716020 826.989830
7 9.861860e-008 905.704224 731.069558
2 7.233100e-008 858.644819 699.968370
6 8.236210e-008 630.333125 710.890047
8 9.070720e-008 548.930640 748.848908
11 4.134030e-008 550.064892 812.893070
11 9.380540e-009 620.340041 655.355961
4 3.019770e-008 559.730762 690.348736
6 5.772960e-007 607.953705 830.109814
8 1.947360e-007 612.300382 832.825929
7 6.584230e-008 648.220657 832.684767
2 3.893970e-008 632.005281 756.398039
4 1.338560e-007 620.711290 576.670855
11 6.704830e-009 620.863870 575.707498
4 7.647360e-007 705.699812 456.082349
4 6.097260e-008 832.306598 452.759073
6 7.595800e-008 616.552597 761.938869
8 1.479840e-007 621.272300 761.608833
7 1.392940e-007 691.287432 756.712867
2 3.928730e-007 764.512027 751.592473
4 7.501660e-008 806.670393 520.946459
4 1.978810e-007 673.529772 596.643049
7 1.800140e-007 799.907455 658.281397
2 5.828290e-008 844.614546 668.429336
4 2.101700e-008 570.946068 499.622068
11 4.540560e-008 550.095230 452.154003
3 9.291280e-008 464.757863 133.721370
5 3.447760e-008 439.123261 526.168009
11 5.691390e-008 431.098283 526.027931
9 6.348520e-008 184.018856 601.842095
5 1.749750e-007 202.434635 605.089313
11 8.707220e-008 358.056720 613.172344
10 4.119920e-007 71.474055 398.423247
9 2.624830e-008 52.848858 558.768499
5 8.541950e-008 187.952642 469.364355
11 1.920020e-007 397.100031 590.499839
6 3.783910e-007 623.905562 797.574242
8 5.754360e-008 628.737164 798.253276
2 1.412220e-007 713.609814 810.181298
7 2.870530e-007 720.999955 811.219910
4 2.790430e-008 777.106572 658.958408
6 1.221580e-006 698.195689 815.393361
8 2.498220e-007 697.625103 820.040381
2 7.336410e-008 687.602082 901.670718
7 1.530780e-007 686.729343 908.778552
6 2.185370e-007 696.889838 791.212449
8 7.650430e-007 701.212032 789.288089
2 7.553870e-008 640.683063 831.121582
7 7.365370e-008 634.683632 835.168239
6 7.703120e-008 821.379587 937.853785
8 2.872440e-008 824.464179 941.947190
2 7.928400e-008 783.760622 955.538061
7 3.061860e-008 712.462729 945.517783
6 5.820080e-008 871.854046 810.738452
8 3.726190e-008 876.320643 812.821248
2 1.657690e-007 897.458826 800.866843
7 5.169750e-008 864.893275 752.586164
4 1.501890e-007 801.959923 488.872905
7 4.891960e-008 661.913451 754.387904
6 4.065190e-007 664.591520 771.296777
8 2.704000e-007 665.393317 776.359188
2 4.086220e-008 635.755014 853.284086
7 9.149810e-008 761.364424 689.874500
6 3.987180e-008 769.664231 674.901330
8 6.482500e-008 772.149132 670.418472
2 4.338610e-008 776.066316 642.570276
11 1.451880e-007 553.446280 641.353155
5 3.531250e-008 436.011841 502.493316
11 2.870120e-008 462.715958 454.027657
4 4.018490e-008 597.336397 536.402640
4 1.542090e-007 769.012999 386.246162
4 1.258600e-007 675.612783 601.967709
11 2.988290e-008 511.140109 435.073285
5 4.760280e-008 408.932389 363.193558
3 2.714670e-007 239.844659 105.668312
10 6.194140e-008 191.483942 265.785986
3 7.301780e-007 264.544547 51.850507
10 5.575670e-008 147.913226 166.125066
3 8.578730e-008 228.071123 144.646948
10 1.406430e-007 98.908956 315.248193
3 1.768560e-007 240.713000 102.339974
3 2.065980e-007 243.543810 121.938187
10 1.719630e-008 119.173760 133.404496
3 3.383140e-008 164.467167 200.528950
10 3.767550e-008 112.707579 208.681791
3 1.686870e-007 211.434062 95.864852
10 3.379080e-008 221.865780 286.511266
3 1.765040e-007 233.405592 182.378052
10 1.552650e-008 186.037287 216.835788
3 1.085750e-008 128.873361 85.645695
10 6.620810e-009 30.601835 106.915697
3 1.301880e-007 186.799244 123.664981
10 4.543080e-008 205.354643 268.056663
3 1.413680e-008 152.071931 124.684697
10 8.176710e-008 35.732876 192.745620
10 3.307060e-008 113.411066 180.016523
3 1.140020e-007 211.634356 39.738599
3 5.121890e-008 133.436449 141.996201
10 3.720370e-008 211.588269 233.273040
3 2.853640e-008 248.800480 183.285542
10 4.049020e-008 125.527166 224.947297
10 1.862670e-007 101.974623 287.206246
10 8.088110e-008 123.571603 289.909659
3 5.612590e-007 267.137294 124.228111
5 3.466670e-009 410.809668 367.976227
3 3.761230e-007 396.609999 126.115712
3 2.816120e-008 478.738219 201.671006
3 6.983320e-009 500.338700 216.137157
5 7.597350e-008 394.300031 381.623194
11 3.909580e-007 507.563600 577.211738
6 3.297490e-007 655.465980 777.388082
8 1.571090e-007 657.703409 781.779275
2 1.462680e-007 689.856086 844.882336
7 2.537420e-007 695.661784 856.276637
6 1.260000e-007 707.858860 762.585814
8 1.864210e-007 710.224261 758.318466
7 3.114990e-007 742.794389 699.559681
2 7.204710e-008 744.215958 696.995071
4 1.342510e-007 770.841239 560.442675
4 4.866570e-007 655.126374 452.205120
11 1.470380e-007 575.105969 590.804536
5 1.408050e-008 434.674430 445.767893
3 6.644710e-008 455.619915 54.977833
4 2.559790e-008 494.824861 447.134210
11 2.702900e-008 425.790128 475.025860
5 2.185530e-007 382.122740 525.381610
11 2.664940e-008 557.747414 426.267026
4 8.589330e-008 589.452323 392.105538
5 3.904890e-007 375.482355 529.743736
9 1.055030e-008 120.734595 482.942692
10 3.824900e-008 117.145975 479.477201
5 1.406150e-007 191.320045 599.579971
11 8.858810e-008 347.880778 565.207167
5 6.239490e-008 439.091089 579.653135
9 3.730000e-008 294.073792 714.401598
5 5.217470e-008 335.287025 643.018213
11 1.529300e-008 336.494691 640.926474
11 3.804040e-008 462.375549 450.439466
5 1.024550e-007 361.524834 448.133122
6 9.796650e-008 618.510109 734.691585
8 8.066440e-008 621.580595 730.899822
7 6.797710e-008 663.859304 678.689566
4 5.009590e-008 645.156035 651.785478
11 3.829360e-007 494.612710 670.270170
6 2.738990e-007 725.770711 789.443358
8 6.741390e-008 730.494965 790.447523
7 1.627810e-006 795.545054 804.274258
2 1.441610e-005 798.384233 804.877740
7 1.562470e-007 760.922798 874.877403
2 9.145380e-008 758.005948 874.363086
6 6.976780e-007 749.881971 872.930617
8 3.221090e-007 745.028472 872.074818
7 2.797270e-007 820.212050 840.864941
2 1.317100e-006 819.953905 837.914380
8 4.007370e-008 818.805375 824.786829
6 5.627720e-008 813.286442 761.706106
11 5.548230e-007 507.368421 612.093617
5 6.353740e-008 445.701958 591.795193
9 3.094700e-008 220.073659 892.135253
9 2.799550e-008 200.412742 890.023932
9 6.579520e-008 264.929281 785.759191
9 1.302280e-007 110.857701 871.353581
5 7.450270e-008 263.243458 671.772656
11 1.195400e-008 253.212918 723.676840
9 3.474520e-008 248.993992 726.522543
9 1.438450e-008 188.425990 808.602189
9 2.757860e-007 191.359666 688.150670
5 4.871950e-008 172.544905 737.164999
9 1.045000e-007 103.218486 803.605845
5 3.557890e-008 196.930455 734.872824
9 1.125490e-008 270.727921 905.478041
11 1.301150e-007 419.729578 668.715544
5 1.300250e-007 415.415336 584.192987
11 6.279010e-008 340.830655 541.460165
5 4.994740e-007 253.883062 571.398908
10 4.315190e-008 212.839529 505.359511
11 8.314880e-008 398.887140 538.605799
5 1.170030e-007 406.917144 540.607919
3 1.775110e-007 368.151510 198.519576
5 1.087180e-007 360.159427 391.335575
10 8.874370e-008 135.295778 270.894792
3 1.968950e-007 204.365785 135.505259
10 6.438060e-008 83.951170 239.850108
3 9.681550e-008 270.035371 139.874618
10 5.769100e-008 153.982382 219.478964
3 7.821050e-008 190.324261 155.627918
10 8.438750e-008 71.990488 176.876763
3 2.783170e-008 149.467024 119.113025
10 4.967120e-008 41.190390 209.343500
3 1.954360e-007 281.058715 154.733122
10 7.378130e-008 102.375492 242.096803
3 8.096160e-008 254.954761 199.325464
10 1.075090e-007 149.691704 302.356887
4 3.578410e-008 523.867206 387.894792
3 1.966430e-007 400.233078 139.452102
3 4.335720e-007 411.310158 66.156996
3 1.583070e-007 369.648779 214.992827
5 4.034610e-008 419.853940 435.897383
11 2.143010e-008 522.196452 465.243668
4 1.339630e-007 665.507059 537.671599
7 1.379690e-007 673.961059 734.931264
2 1.029690e-007 672.803760 737.657673
6 6.260140e-007 631.992529 798.351473
8 1.150680e-007 628.624628 801.603816
7 9.720920e-008 725.111612 657.933689
2 2.167530e-008 725.777891 655.047730
4 4.514050e-008 738.635268 615.901327
6 1.063320e-007 732.883331 780.612809
8 3.228030e-007 732.709324 785.595658
7 8.384670e-008 738.634259 711.336777
2 8.874340e-008 739.579261 714.081251
6 3.016790e-007 629.881118 877.364820
8 3.750790e-007 625.789162 880.022174
7 1.943200e-007 646.381193 733.346017
2 2.783760e-008 643.754314 732.337656
11 1.167010e-008 621.395145 763.473820
6 1.906250e-007 656.527149 797.400386
8 5.657990e-007 660.107764 800.858144
7 8.761370e-008 738.441683 634.411115
4 1.280340e-007 654.666408 600.563361
11 3.197700e-008 583.705799 453.532794
3 9.677170e-008 420.238378 147.915854
3 4.711080e-008 452.361126 187.174776
4 4.611090e-007 652.961493 520.298970
11 1.546920e-007 536.932364 598.800523
8 3.108970e-008 711.297178 646.753042
2 5.157680e-008 709.947679 644.593390
7 9.067180e-008 708.747279 642.672348
4 1.086470e-007 701.193187 630.583263
10 1.530390e-007 119.339701 320.874986
3 1.200210e-007 446.065397 104.313203
3 7.053490e-008 477.303360 142.366654
