3 2.804740e-008 701.474102 636.937364
2 1.622540e-007 773.001930 416.124756
5 6.451350e-008 685.106350 244.420720
2 7.980090e-009 703.149820 397.392838
3 1.921660e-007 521.538428 557.921660
5 1.077490e-007 485.474805 272.126041
2 1.649820e-008 683.943789 123.187823
5 6.488160e-007 560.612820 172.406174
2 3.588140e-008 600.346414 411.924651
5 3.338070e-008 708.522743 290.004880
2 3.707110e-008 829.878734 237.410999
11 6.261250e-009 820.119451 618.319396
11 1.214910e-008 696.225261 721.452627
4 3.064650e-007 637.455028 772.540802
9 6.546600e-007 677.902311 909.571366
11 2.784050e-007 828.447489 906.289559
4 2.354570e-007 751.084479 888.428978
9 3.909150e-008 668.871003 773.220682
3 2.436840e-008 577.035334 649.216768
3 1.124690e-007 431.492374 573.193508
3 1.691660e-007 444.053993 536.353410
5 1.207120e-007 498.191705 281.463806
2 3.544290e-008 555.019269 351.379826
3 1.570900e-007 511.597463 621.843687
5 1.703320e-007 489.404975 299.891609
5 6.101370e-008 452.376516 175.493932
5 4.293340e-008 435.327124 338.160312
7 1.116170e-007 225.278618 308.671218
8 2.739280e-008 193.258535 312.288420
7 6.710820e-008 102.335001 185.214884
10 5.554680e-008 25.431497 189.440037
8 3.094520e-007 29.156121 184.313536
7 2.388900e-007 215.515854 197.771244
8 9.107980e-009 237.682927 198.545288
10 1.166140e-007 74.144015 228.401382
8 1.279290e-006 94.068882 115.401747
7 1.597750e-008 100.399570 77.002272
8 1.879670e-007 137.857710 155.961203
7 1.779080e-007 177.473854 203.174037
8 3.760770e-007 136.610759 168.767544
7 4.003790e-008 83.741464 199.291633
10 8.659690e-008 38.454388 219.538405
8 7.700270e-008 188.008392 235.958861
7 1.499220e-006 221.776012 185.896029
10 1.785180e-008 153.884831 320.869632
8 2.453250e-008 169.392037 344.210588
7 7.026820e-008 122.459705 228.049326
8 3.212030e-007 46.110982 80.389780
7 3.372360e-008 143.849796 94.345920
8 8.511940e-008 221.873423 132.183379
7 6.654330e-007 205.199111 181.968847
10 3.888340e-008 211.153175 295.169264
3 1.779580e-008 268.243789 555.015312
6 1.140640e-007 182.159521 566.950977
10 2.713850e-007 67.754455 391.785490
10 1.556960e-008 183.527531 462.912042
3 1.531930e-007 379.286647 609.358131
6 1.330370e-007 253.415502 661.077899
3 6.343290e-008 314.494831 692.255887
6 3.114660e-007 251.886420 744.790536
6 1.433170e-007 244.294871 768.893161
3 5.965950e-008 331.141502 685.805049
6 1.334960e-007 128.908069 827.466795
6 1.558170e-007 284.958825 811.036827
3 1.127090e-007 378.284108 734.093728
6 2.472050e-007 151.354485 745.112795
6 8.511130e-008 155.194061 888.010372
3 5.732140e-008 300.622944 746.231432
6 1.235820e-007 287.603402 750.211907
6 5.591480e-008 103.680145 859.895411
3 3.598120e-008 308.475795 700.643112
6 3.510770e-007 273.155329 745.480826
6 1.199410e-007 189.826910 870.618625
6 8.073820e-008 264.241135 627.588184
6 1.028230e-007 57.567756 695.391140
6 5.174320e-007 184.066347 802.700368
3 9.458300e-008 400.243800 717.237563
3 3.096630e-008 328.134536 543.358342
10 2.149880e-008 147.317686 468.289918
6 7.256820e-008 181.841151 593.325933
6 3.305870e-008 375.104498 574.925193
3 2.604150e-007 450.667850 595.069084
2 5.825570e-008 597.005758 304.956418
5 1.616510e-007 596.951635 301.856600
11 4.283560e-008 834.061821 663.977691
11 5.258140e-008 762.270695 690.889185
4 4.165690e-008 720.876184 732.282012
11 4.247200e-007 841.963959 760.870100
4 1.861010e-007 774.455282 819.554148
9 3.014170e-008 803.149580 778.355443
3 1.040200e-007 571.134219 690.069326
3 1.051950e-007 519.114949 561.286591
3 4.944800e-008 464.200979 506.807933
4 6.881840e-007 679.854944 775.593721
11 2.278860e-007 758.273554 774.074449
4 3.171580e-008 553.931853 759.455175
3 4.687540e-008 507.548142 752.072650
10 2.789820e-008 160.848851 473.034297
3 2.858800e-006 459.215882 611.361052
3 6.825290e-008 417.384439 528.041549
6 3.802580e-008 344.887626 691.439752
3 1.012530e-008 268.514129 726.107338
6 7.431820e-007 186.152312 774.534007
3 6.236860e-008 287.521569 690.352477
6 6.638210e-007 186.373952 795.185822
6 2.039530e-007 92.749323 730.524150
3 2.343340e-007 387.245089 575.648929
11 9.414780e-007 817.373026 787.405691
4 1.556370e-007 817.489519 792.539547
