3 2.804740e-008 701.474102 636.937364
2 1.622540e-007 773.001930 416.124756
5 6.451350e-008 685.106350 244.420720
2 7.980090e-009 703.149820 397.392838
3 1.921660e-007 521.538428 557.921660
5 1.077490e-007 485.474805 272.126041
2 1.649820e-008 683.943789 123.187823
5 6.488160e-007 560.612820 172.406174
2 3.588140e-008 600.346414 411.924651
5 3.338070e-008 708.522743 290.004880
2 3.707110e-008 829.878734 237.410999
11 6.261250e-009 820.119451 618.319396
11 1.214910e-008 696.225261 721.452627
4 3.064650e-007 637.455028 772.540802
9 6.546600e-007 677.902311 909.571366
11 2.784050e-007 828.447489 906.289559
4 2.354570e-007 751.084479 888.428978
9 3.909150e-008 668.871003 773.220682
3 2.436840e-008 577.035334 649.216768
3 1.124690e-007 431.492374 573.193508
3 1.691660e-007 444.053993 536.353410
5 1.207120e-007 498.191705 281.463806
2 3.544290e-008 555.019269 351.379826
3 1.570900e-007 511.597463 621.843687
5 1.703320e-007 489.404975 299.891609
5 6.101370e-008 452.376516 175.493932
5 4.293340e-008 435.327124 338.160312
7 1.116170e-007 225.278618 308.671218
8 2.739280e-008 193.258535 312.288420
7 6.710820e-008 102.335001 185.214884
10 5.554680e-008 25.431497 189.440037
8 3.094520e-007 29.156121 184.313536
7 2.388900e-007 215.515854 197.771244
8 9.107980e-009 237.682927 198.545288
10 1.166140e-007 74.144015 228.401382
8 1.279290e-006 94.068882 115.401747
7 1.597750e-008 100.399570 77.002272
8 1.879670e-007 137.857710 155.961203
7 1.779080e-007 177.473854 203.174037
8 3.760770e-007 136.610759 168.767544
7 4.003790e-008 83.741464 199.291633
10 8.659690e-008 38.454388 219.538405
8 7.700270e-008 188.008392 235.958861
7 1.499220e-006 221.776012 185.896029
10 1.785180e-008 153.884831 320.869632
8 2.453250e-008 169.392037 344.210588
7 7.026820e-008 122.459705 228.049326
8 3.212030e-007 46.110982 80.389780
7 3.372360e-008 143.849796 94.345920
8 8.511940e-008 221.873423 132.183379
7 6.654330e-007 205.199111 181.968847
10 3.888340e-008 211.153175 295.169264
3 1.779580e-008 268.243789 555.015312
6 1.140640e-007 182.159521 566.950977
10 2.713850e-007 67.754455 391.785490
10 1.556960e-008 183.527531 462.912042
3 1.531930e-007 379.286647 609.358131
6 1.330370e-007 253.415502 661.077899
3 6.343290e-008 314.494831 692.255887
6 3.114660e-007 251.886420 744.790536
6 1.433170e-007 244.294871 768.893161
3 5.965950e-008 331.141502 685.805049
6 1.334960e-007 128.908069 827.466795
6 1.558170e-007 284.958825 811.036827
3 1.127090e-007 378.284108 734.093728
6 2.472050e-007 151.354485 745.112795
6 8.511130e-008 155.194061 888.010372
3 5.732140e-008 300.622944 746.231432
6 1.235820e-007 287.603402 750.211907
6 5.591480e-008 103.680145 859.895411
3 3.598120e-008 308.475795 700.643112
6 3.510770e-007 273.155329 745.480826
6 1.199410e-007 189.826910 870.618625
6 8.073820e-008 264.241135 627.588184
6 1.028230e-007 57.567756 695.391140
6 5.174320e-007 184.066347 802.700368
3 9.458300e-008 400.243800 717.237563
3 3.096630e-008 328.134536 543.358342
10 2.149880e-008 147.317686 468.289918
6 7.256820e-008 181.841151 593.325933
6 3.305870e-008 375.104498 574.925193
3 2.604150e-007 450.667850 595.069084
2 5.825570e-008 597.005758 304.956418
5 1.616510e-007 596.951635 301.856600
11 4.283560e-008 834.061821 663.977691
11 5.258140e-008 762.270695 690.889185
4 4.165690e-008 720.876184 732.282012
11 4.247200e-007 841.963959 760.870100
4 1.861010e-007 774.455282 819.554148
9 3.014170e-008 803.149580 778.355443
3 1.040200e-007 571.134219 690.069326
3 1.051950e-007 519.114949 561.286591
3 4.944800e-008 464.200979 506.807933
4 6.881840e-007 679.854944 775.593721
11 2.278860e-007 758.273554 774.074449
4 3.171580e-008 553.931853 759.455175
3 4.687540e-008 507.548142 752.072650
10 2.789820e-008 160.848851 473.034297
3 2.858800e-006 459.215882 611.361052
3 6.825290e-008 417.384439 528.041549
6 3.802580e-008 344.887626 691.439752
3 1.012530e-008 268.514129 726.107338
6 7.431820e-007 186.152312 774.534007
3 6.236860e-008 287.521569 690.352477
6 6.638210e-007 186.373952 795.185822
6 2.039530e-007 92.749323 730.524150
3 2.343340e-007 387.245089 575.648929
11 9.414780e-007 817.373026 787.405691
4 1.556370e-007 817.489519 792.539547
11 1.364460e-007 886.173376 749.902595
4 1.153850e-007 770.322409 939.182666
9 1.982010e-007 692.901908 976.943153
11 5.935600e-008 733.627423 809.627539
4 9.144540e-008 804.752169 806.738710
11 1.686110e-007 880.756579 783.467920
4 3.496030e-007 743.023363 798.688770
9 1.160960e-007 686.392462 897.937143
4 3.474030e-007 632.576432 824.938629
3 1.517340e-007 478.557895 755.383217
9 1.586940e-008 567.312828 815.525416
4 5.554320e-008 600.028786 746.678173
3 7.513390e-008 575.176149 589.767081
3 2.231100e-008 609.824980 610.830796
2 7.362590e-009 799.022594 514.562688
11 3.987210e-008 718.525363 721.114027
4 1.985590e-007 652.942166 772.353328
9 2.525630e-007 670.306581 874.907449
11 1.346910e-007 755.098860 867.488947
4 2.886290e-008 834.757119 860.519621
4 1.889380e-007 693.065700 759.793161
11 1.279120e-007 769.908281 758.582271
4 2.343690e-007 770.108353 902.001508
9 2.305720e-007 755.750156 903.031258
11 6.178150e-008 763.113009 906.006049
4 2.402020e-007 750.312025 747.215121
11 6.095880e-008 741.381469 675.948425
3 7.080750e-008 559.495827 733.784744
5 5.255840e-008 483.867672 325.372428
7 3.882640e-008 423.336378 175.058956
5 3.058070e-008 491.849308 98.967547
2 2.178700e-008 577.681956 141.926159
5 2.206690e-007 511.933189 284.187534
10 1.216310e-007 108.982961 336.537049
7 7.312590e-009 112.766964 332.334460
8 7.349300e-008 165.959771 273.257461
5 5.808600e-008 504.555444 341.330404
2 5.612970e-008 573.782969 271.049822
5 5.089150e-007 546.147651 186.796353
3 1.985500e-008 447.503775 467.991832
5 7.495880e-008 465.635004 335.892770
7 3.863500e-008 378.635900 272.379266
2 3.392570e-008 675.133452 114.218800
5 4.377400e-008 671.991776 114.944121
5 4.634090e-006 534.873736 221.354679
5 3.128400e-008 543.770814 366.606060
2 8.957650e-009 542.260684 409.846299
10 5.202050e-008 136.180915 255.833393
7 4.215090e-008 135.389777 244.519792
8 4.774250e-007 130.003433 167.492772
7 9.165640e-008 247.968772 127.919336
8 1.220990e-008 218.464769 262.153118
10 4.068310e-008 185.325619 319.220191
7 1.076990e-008 132.980708 237.676955
8 2.526130e-007 94.565524 178.522985
7 5.853860e-008 102.750161 211.841184
10 3.254150e-008 87.446809 199.000151
8 9.475900e-007 59.284151 175.368883
7 3.835640e-006 230.807939 174.793553
8 4.553270e-008 259.016858 145.582307
7 3.178500e-007 203.373332 130.731823
8 1.172770e-007 232.583297 183.428089
10 1.467740e-007 105.146491 332.581314
7 7.235400e-007 198.658997 186.837167
8 1.612140e-008 210.334461 241.765746
7 3.756770e-008 303.520160 334.945580
5 1.987040e-008 446.455469 241.424251
5 2.481650e-008 593.490589 80.347901
2 2.261190e-008 591.577122 79.574814
7 2.056070e-007 343.027480 166.509328
8 6.074840e-008 180.052385 262.734164
10 3.300010e-008 253.090051 311.998866
7 2.216750e-008 390.403998 204.660701
5 1.042430e-007 460.715386 148.918867
5 1.465910e-008 508.057023 368.973824
3 2.190380e-008 531.142936 576.779838
4 1.788060e-007 630.989986 805.437981
9 6.740960e-008 688.329916 851.871177
11 1.417730e-007 764.743817 913.750248
2 4.399030e-008 831.511123 405.799265
2 7.726050e-008 735.134889 449.063921
11 2.985180e-008 748.059070 718.649360
4 3.726240e-007 703.619687 787.079809
3 3.358640e-008 533.775983 751.252011
2 2.005830e-007 688.345924 355.221614
2 4.784040e-008 769.665854 199.505472
3 6.153620e-008 482.798323 481.345716
3 3.731020e-008 598.364008 577.178562
2 4.486150e-008 698.413541 423.884268
2 1.915070e-007 766.664707 284.859268
5 4.652290e-008 727.916370 356.105797
2 1.192760e-007 780.055423 406.655337
5 1.403570e-008 783.037324 296.598021
2 2.972210e-007 763.728326 296.552776
5 1.098530e-008 769.415096 259.686066
2 2.362390e-007 780.283192 280.125989
5 5.774260e-008 666.343738 272.488422
2 3.113940e-007 686.485168 263.096268
2 6.155000e-008 763.047784 226.056559
5 3.767390e-008 753.521511 291.847411
2 5.542300e-008 863.856240 313.294339
2 1.296510e-006 718.073158 333.595614
3 1.471950e-007 524.011598 583.397033
6 4.828170e-008 199.395589 555.222466
10 3.570910e-008 77.067786 441.149933
6 8.341720e-008 156.218428 594.599254
10 1.010550e-007 54.742690 432.840119
6 1.449240e-007 179.469603 580.533631
3 3.273150e-007 405.182988 582.065741
3 3.819420e-008 632.572471 582.900430
2 9.419220e-008 746.320039 360.094407
2 7.395730e-008 822.676890 295.467998
2 2.722450e-008 921.660968 355.326874
2 2.082540e-006 693.006961 292.807688
2 1.956680e-008 718.588223 487.572104
3 1.109100e-007 491.819024 546.061545
5 4.146340e-008 472.820195 385.477795
3 2.761670e-008 458.416173 473.847654
3 1.419560e-007 543.795816 642.321396
6 1.615020e-008 296.444941 895.912013
6 4.091350e-007 118.279917 692.995794
3 9.446670e-008 324.776170 725.369832
6 8.319460e-008 147.223170 827.355284
3 3.559830e-008 291.204144 780.966627
6 2.267210e-007 281.319729 787.180264
6 1.030460e-007 287.915479 817.290996
6 7.310960e-008 220.160095 901.553866
6 6.710840e-008 111.266249 899.129336
3 1.987270e-007 419.158569 682.320482
6 1.554010e-008 356.172138 839.785420
6 7.007600e-008 25.509172 760.272400
6 2.766090e-006 163.347402 709.678465
6 1.521100e-007 84.402296 674.432489
6 5.791990e-008 60.446915 848.975667
6 1.010930e-007 235.264623 801.482719
3 1.199250e-007 332.826722 671.661696
6 1.398800e-007 204.738361 782.315530
6 5.715060e-008 213.283585 814.705380
6 3.951060e-008 287.956141 888.809680
6 6.965200e-007 228.838375 740.399863
6 6.280310e-009 344.551674 774.484950
3 1.984900e-007 405.204633 727.098102
6 1.393140e-007 81.189765 733.903198
3 1.119590e-007 394.886726 702.192121
3 3.658610e-007 438.709187 605.876895
4 2.980200e-008 719.284917 666.233149
11 5.614150e-008 718.816722 663.824480
3 7.936130e-008 488.052959 511.785012
6 1.745550e-007 279.198778 723.510735
3 5.738320e-009 327.223950 711.833966
6 1.522240e-007 265.879618 767.068812
6 1.236710e-007 278.255652 784.726560
6 9.645820e-006 178.711523 711.559126
6 3.551180e-008 198.503861 869.520290
6 6.346260e-008 311.838506 801.472493
6 3.790280e-007 266.944814 715.431733
6 1.067230e-007 266.626799 823.213053
6 1.154550e-007 104.764957 763.091948
6 1.952570e-006 215.247603 701.698853
3 2.032140e-008 263.841599 674.679405
6 3.340840e-008 64.569417 825.777376
6 5.286780e-007 214.241966 768.044756
6 2.609370e-007 169.585086 815.789932
3 1.818460e-008 293.009957 731.223943
6 6.659790e-008 124.812177 929.489740
6 1.016190e-007 176.233341 795.911194
6 8.415670e-008 309.575638 861.605291
6 2.181120e-006 159.829374 697.364081
6 1.163630e-007 292.702561 838.220437
3 1.613800e-008 280.071349 632.820440
6 7.687250e-008 278.175225 635.080167
6 1.179880e-007 306.492957 808.698242
6 2.893650e-008 275.291953 902.298008
6 1.181340e-007 278.596863 805.957495
6 9.113610e-007 199.321688 763.632536
6 3.454980e-008 335.423490 839.434856
3 3.221080e-007 413.362868 708.579384
7 3.349380e-007 287.360540 204.951543
8 2.965700e-008 245.113606 187.851209
7 7.163350e-008 140.535340 159.193639
8 1.950530e-008 160.888441 239.443032
7 2.712450e-007 217.765165 97.998062
10 9.215930e-009 218.534895 252.091212
8 2.114890e-008 270.077089 181.149451
7 4.536800e-008 139.159779 45.683652
8 1.788860e-007 190.955169 164.223010
7 2.488900e-007 191.642430 154.395171
5 1.011690e-007 457.362298 162.634537
7 7.208910e-009 508.531825 153.611898
5 3.585780e-008 613.138106 94.554512
5 3.984250e-008 438.154101 94.566413
7 2.808390e-008 385.147246 311.559204
5 1.766160e-008 468.390952 365.617984
2 1.349720e-007 619.155475 310.378752
5 8.861040e-006 535.123987 237.331281
7 1.964830e-008 403.203884 162.574309
5 7.839660e-009 464.713327 86.616012
5 2.121540e-008 443.996238 352.272261
3 1.547190e-007 540.487260 539.610385
2 3.753760e-008 788.181578 500.972859
4 1.305110e-007 635.909973 762.732209
3 1.001100e-007 548.758193 725.865264
3 1.086210e-007 605.320000 639.328985
4 4.728550e-007 689.263958 761.121664
11 1.478120e-007 760.049452 807.090150
9 9.806680e-008 595.536427 796.896385
4 4.298920e-007 738.971446 853.717916
11 2.131190e-008 673.035938 809.243833
9 1.288980e-006 675.302999 951.632248
4 6.643970e-008 751.836374 745.433747
11 4.970950e-008 790.385308 678.665060
3 1.570580e-006 470.248742 671.685755
3 2.834600e-008 613.648134 537.241887
11 9.954180e-008 819.169281 721.104390
4 4.319200e-008 749.581062 654.888064
11 8.461110e-008 857.827652 684.787127
4 1.296930e-007 716.921384 944.599700
9 5.546640e-008 763.823975 922.814545
11 2.549580e-007 853.872223 861.342033
4 5.826120e-008 546.633967 908.512941
9 4.949760e-008 523.641212 906.989118
4 1.173420e-007 592.814156 796.116453
11 1.827470e-006 799.414685 815.210995
4 2.994200e-007 720.519842 785.512745
3 7.697700e-008 560.491826 804.074447
9 2.912040e-008 524.015788 854.279582
4 3.499900e-007 734.808653 843.425435
11 1.769300e-007 753.690783 804.711318
9 1.417330e-007 635.055131 817.569600
4 4.109080e-009 743.573342 625.207631
4 1.216170e-007 760.115371 731.954362
11 5.069890e-008 758.810522 733.888892
9 4.778930e-008 701.198000 759.724893
4 2.143360e-007 701.198000 742.879493
11 3.271670e-008 701.198000 740.377608
5 6.302170e-008 460.633793 320.435352
2 4.603910e-008 582.484173 162.113882
5 8.423790e-008 551.498249 148.759680
7 2.841290e-008 421.692777 231.593592
5 5.486060e-008 451.262174 327.499012
2 4.866690e-008 583.194150 219.748613
5 1.101160e-006 559.809788 213.918302
7 7.343760e-008 438.624660 209.041844
3 7.722070e-008 580.060457 587.197429
4 4.148490e-008 628.557502 689.640474
3 7.505880e-007 508.103320 683.760229
9 1.752780e-007 557.937570 897.745929
4 2.788520e-007 646.867555 915.031926
9 3.019910e-008 715.962123 798.061970
11 1.177910e-007 800.547155 768.937218
4 9.037350e-008 803.317258 767.983401
2 1.331650e-007 609.378062 332.020454
5 8.567690e-008 570.135967 333.580934
7 3.953630e-007 245.089469 227.681113
8 5.329180e-008 204.648119 162.961400
10 8.437190e-008 3.712888 209.391055
8 7.486900e-007 73.610641 218.153228
7 6.542710e-008 71.383515 214.446667
10 2.494730e-008 188.315410 268.566055
8 4.894430e-008 268.078097 223.421256
7 3.431980e-007 268.548923 227.900867
7 2.475600e-007 220.790842 197.672900
8 1.943530e-007 179.085890 130.930591
10 1.892800e-007 27.757139 259.673018
8 5.553800e-007 85.032519 106.213098
7 6.470370e-008 73.713875 160.787999
10 2.097140e-008 108.259224 120.383880
8 2.905930e-007 194.160036 176.121628
7 3.549650e-008 288.486987 303.642508
5 2.457260e-008 368.965439 243.237544
7 8.941650e-008 203.970628 227.272179
8 3.461150e-007 131.722848 190.460008
3 2.800800e-007 445.518634 576.026984
3 1.704620e-007 482.442671 726.726486
3 1.830960e-008 571.136835 619.336028
5 4.931940e-008 420.087238 303.666487
7 8.688260e-008 377.940143 220.630004
2 5.117170e-008 548.025539 336.246741
5 4.726970e-008 545.451422 337.918381
3 4.572550e-008 554.595041 548.361127
4 3.988250e-007 689.614474 767.011749
11 1.581670e-007 731.207228 815.224759
9 1.487520e-007 670.486477 862.665260
4 9.189800e-008 833.669615 830.090513
11 2.945400e-007 858.246241 754.450774
9 6.452530e-008 641.173727 795.244273
3 3.270420e-007 555.160210 647.589239
6 2.987270e-008 226.630051 566.054114
3 5.310340e-007 444.252687 610.423105
2 3.819590e-008 542.294865 351.621131
5 2.403650e-008 541.266310 348.795226
7 6.831360e-008 398.970715 126.238528
5 1.912660e-007 495.585513 214.254635
7 4.637270e-008 426.943391 130.065939
5 4.265430e-008 407.931571 188.503939
3 3.743700e-008 601.040706 519.258341
3 1.360820e-007 540.724901 563.326343
6 3.272070e-008 363.856707 822.185162
3 5.526560e-008 284.801536 705.637653
6 3.039230e-007 282.728783 703.414897
6 4.939320e-007 150.475532 749.911067
3 2.293460e-008 368.625993 828.101407
6 3.142470e-007 244.763711 730.206913
3 3.909850e-007 384.481632 646.026101
3 1.778620e-007 453.601818 538.741411
6 3.105270e-008 402.333485 586.533157
3 2.217630e-007 537.801164 723.774285
4 5.915030e-008 608.469274 713.263690
3 4.255790e-008 701.555592 629.448226
2 1.774100e-008 814.512701 462.127829
11 6.741300e-007 790.330763 798.755157
4 9.424150e-008 791.143014 806.483208
9 3.770160e-007 663.356213 878.292592
4 6.320570e-008 539.518530 957.626047
11 1.224120e-007 726.799617 798.243067
9 1.497640e-008 730.247867 786.217737
4 5.268130e-007 764.738387 826.866507
11 3.316300e-008 721.546263 692.905623
4 1.700210e-007 746.783706 770.583246
3 1.403390e-007 512.979714 605.863826
4 4.670850e-007 629.169298 802.297861
9 6.987330e-008 711.091713 825.788443
11 5.059330e-007 801.397968 851.683023
4 2.286260e-007 788.189291 854.626043
9 9.875620e-008 708.187156 869.392860
11 1.892600e-008 615.155891 882.467570
3 4.079570e-008 608.584575 727.494579
4 1.741830e-007 676.891037 786.872803
11 5.100630e-008 740.450623 659.504943
4 5.465000e-008 626.932914 746.242432
3 3.679250e-008 631.172908 747.378538
11 1.873510e-007 778.300336 786.801350
11 1.168590e-007 794.256280 699.482461
4 1.420750e-008 798.182053 692.682836
9 1.317460e-007 771.624766 977.360130
11 2.851160e-008 753.790150 978.294807
4 6.287270e-008 746.030209 978.701491
3 5.795350e-008 536.952186 732.874491
4 2.727300e-008 536.951211 646.544718
3 8.550560e-008 542.935429 542.740370
3 4.212340e-008 579.788051 807.503083
4 3.464430e-007 624.757266 825.671876
9 5.388780e-008 629.254557 827.488904
11 9.244970e-008 776.429621 866.096510
4 9.545220e-008 851.604229 719.190946
11 1.253810e-007 850.998498 716.930307
3 2.482000e-007 545.211873 651.858327
2 9.219580e-008 656.561504 402.867852
11 7.278910e-008 883.691028 686.606493
11 1.683380e-007 784.454158 722.921445
4 2.350550e-008 819.894651 768.282967
3 4.359020e-008 497.801147 487.584742
2 5.152440e-008 592.042932 315.075579
5 7.558950e-008 508.759094 309.251736
3 3.131430e-008 569.494467 594.629413
4 1.357830e-007 638.334838 761.252000
11 3.746600e-007 758.152471 806.842401
9 1.014640e-007 744.419757 871.449812
4 3.427700e-008 794.864705 709.871611
11 3.082790e-008 793.575206 702.558447
11 1.551830e-007 809.617853 689.749230
4 1.882150e-007 625.873985 788.125935
9 2.170960e-007 600.095960 822.247760
3 7.841320e-008 515.634102 675.955491
4 8.881710e-007 661.726747 832.996459
11 2.260710e-007 741.593188 814.557894
9 1.706520e-008 749.118564 812.820529
4 5.366030e-008 637.874902 639.251899
3 3.992890e-008 595.312416 571.138256
2 4.159330e-008 727.562700 410.070639
2 2.402740e-007 699.382705 211.177339
5 9.389150e-009 701.237581 216.434971
2 8.167160e-007 745.948742 303.511028
5 1.187660e-008 702.862852 388.893068
11 5.556550e-008 800.180539 709.911265
4 2.247500e-007 749.598160 769.860979
9 1.462790e-007 691.315506 916.653982
4 9.774160e-008 609.730236 848.195928
3 1.624570e-007 497.576824 740.748248
5 1.377820e-007 416.300639 256.108503
7 4.207370e-008 423.376973 172.848921
3 5.170360e-008 419.739355 492.136508
11 1.784360e-008 706.343239 721.547601
4 3.735940e-007 660.756548 800.506205
9 2.221040e-008 694.921283 741.331055
2 7.950080e-008 813.630425 387.681359
11 1.851350e-007 808.749001 736.986378
4 6.718950e-008 732.966285 691.451844
3 5.181910e-008 579.529789 597.940351
5 1.375650e-008 443.473237 447.656106
3 4.491140e-007 491.607783 585.265564
4 8.896380e-008 568.842452 837.086776
9 1.742000e-007 616.744814 845.877000
11 6.807200e-007 761.296505 803.810822
3 3.060620e-007 494.629524 590.779983
4 8.568670e-008 635.279638 867.201186
9 1.257080e-007 639.605972 869.599308
11 8.326040e-008 707.652140 782.417767
4 1.899570e-007 699.773638 748.192050
11 9.938820e-008 698.222039 837.084501
9 2.999730e-007 696.848340 915.784917
4 1.370010e-007 779.812863 793.137285
11 5.839060e-007 796.254313 775.505938
3 4.620890e-008 630.942660 600.010660
4 1.132360e-007 757.728894 728.494648
11 7.597590e-008 758.141569 736.369161
9 1.615250e-007 774.841350 917.210544
4 5.168750e-007 691.225974 894.436409
11 4.197220e-008 686.304979 900.300984
9 4.400140e-008 469.847916 890.223939
4 5.193240e-009 514.323961 813.538131
3 2.263750e-007 471.476853 715.658234
4 8.939460e-008 600.155839 804.031103
9 7.237830e-007 621.027548 935.807080
11 4.011600e-008 743.918114 870.559120
4 2.924190e-008 580.585228 758.279175
3 6.194090e-008 562.005455 670.868123
11 8.119760e-007 865.324356 809.075979
4 6.575410e-008 782.195089 849.295784
9 1.578960e-007 657.974077 853.633921
3 2.630810e-008 543.688661 731.161092
9 8.287510e-007 610.061348 960.419187
4 1.360840e-007 643.378458 989.381377
11 5.057070e-008 819.764055 937.708258
9 6.097620e-007 570.570184 948.338390
4 4.379570e-008 553.090765 967.082766
3 2.856770e-008 535.305700 857.779348
9 4.190140e-008 612.807000 833.700925
4 3.963990e-007 612.807000 822.315495
11 2.013630e-007 872.214496 741.298084
4 6.847160e-007 708.402137 800.652015
9 4.572910e-008 663.115237 767.409523
3 1.086350e-007 596.461321 604.419817
3 1.999940e-008 610.876821 470.780780
4 1.234460e-007 624.984042 810.325434
9 2.930160e-008 624.474604 798.478740
3 8.590320e-008 559.318539 638.361808
3 1.324580e-007 396.633838 549.087777
5 6.647850e-008 443.796777 237.692282
7 4.354230e-008 393.605009 233.087219
3 2.495940e-007 382.613758 590.105436
6 5.807370e-007 228.987459 727.684703
6 1.960070e-007 265.563872 774.741259
6 7.982950e-008 359.989297 712.118869
3 1.983710e-007 357.827553 712.539060
6 2.971730e-007 240.802192 690.801499
6 7.269550e-007 170.958073 750.699451
3 7.754390e-008 367.465199 598.928712
2 1.414830e-008 480.738560 387.690483
5 3.163200e-008 392.919115 344.858239
3 2.968570e-008 359.661204 525.432980
7 1.717680e-008 253.919621 355.424044
5 3.747210e-008 401.558795 302.672079
7 3.656320e-008 328.224345 245.489962
8 3.057750e-008 254.324107 110.509026
7 2.133510e-007 174.221282 160.245210
5 7.054480e-008 379.396449 176.611748
7 1.557260e-007 376.389482 166.125182
5 5.788740e-008 459.786913 199.220891
2 2.693970e-008 608.355301 194.964347
5 3.028870e-008 589.492702 321.573767
5 5.053470e-008 546.027364 148.413297
7 2.817290e-008 441.534018 296.760061
3 5.896690e-007 477.232025 601.486242
4 3.880610e-008 557.380848 708.924848
3 2.193560e-008 247.273249 539.153643
6 1.875950e-008 94.328444 554.372510
3 1.030950e-007 388.458882 539.154192
3 2.765680e-008 331.985044 773.743789
6 6.435610e-008 252.284149 818.318977
3 6.072090e-008 315.812204 530.240247
3 4.080950e-008 395.595007 791.285981
6 1.851250e-007 266.000993 752.656119
3 4.205530e-008 489.695088 467.279691
5 1.043530e-007 539.788218 296.602935
2 8.374030e-009 517.658183 242.980180
7 1.210780e-007 372.731420 204.925705
5 1.003790e-008 516.368491 444.731784
3 1.281690e-007 536.572841 571.043432
3 5.083130e-008 553.370034 731.442930
4 6.288110e-008 650.035984 675.632906
3 5.890280e-008 398.046991 499.681770
5 1.970090e-008 544.793545 369.008191
2 2.633470e-008 532.872933 366.691064
7 2.282180e-008 418.835796 127.694638
5 1.905950e-007 456.322624 220.033430
7 4.089370e-008 206.519467 328.104580
5 3.877640e-007 516.780719 285.504187
2 3.226380e-008 518.175902 351.594795
5 2.290140e-008 536.665903 393.582325
3 5.929130e-008 612.420602 574.480358
4 1.525380e-008 590.422095 778.600851
3 1.029070e-007 556.775608 638.511911
4 1.054490e-007 702.032239 759.661456
9 3.198260e-008 742.675553 716.076885
11 5.114800e-008 744.699215 713.906775
2 3.656040e-007 663.193115 329.200060
5 8.635870e-008 645.643287 195.543580
2 9.846820e-008 803.679847 199.760939
2 1.855380e-007 794.330432 320.802694
5 6.185430e-008 696.365424 243.756422
2 4.277380e-007 707.353176 258.337660
3 4.937780e-007 510.299906 611.297295
11 4.613050e-008 752.931151 684.120526
4 2.966310e-008 746.482485 678.709441
3 4.133790e-008 580.652433 483.014423
3 3.029360e-007 529.005780 590.071366
3 2.671870e-007 484.798030 715.428772
11 2.833190e-007 771.580981 807.108978
4 1.341240e-007 775.022860 814.165878
9 6.552300e-008 803.262756 820.596201
11 4.930930e-008 729.492159 738.110782
4 1.326690e-007 724.500099 731.946081
3 1.024930e-007 566.502998 612.147274
3 6.014590e-008 391.647598 796.689495
6 5.470780e-008 294.541724 874.990067
6 5.704950e-008 245.700636 810.818515
3 3.812800e-008 278.247961 696.325294
6 5.017350e-007 164.659203 758.933227
6 2.202630e-008 126.837030 926.135783
6 1.029220e-007 297.225328 799.013388
6 5.610560e-008 305.394646 871.207282
3 1.407470e-007 347.957709 677.479073
6 1.271670e-008 243.178912 892.619367
3 5.884760e-007 396.567874 622.823451
5 5.450470e-008 603.832141 325.904648
2 8.780040e-008 603.904914 323.820708
7 4.735520e-008 406.389228 286.700962
5 1.149840e-007 441.213139 251.906391
2 1.655180e-008 551.108500 298.960929
5 4.185490e-008 344.580759 283.945755
7 6.564490e-008 288.409773 289.709959
8 3.335830e-007 156.494159 152.991775
10 1.652170e-007 50.655193 226.969753
7 8.850670e-007 226.346430 139.566336
8 4.920640e-007 151.390985 109.068058
7 1.376360e-008 57.505892 54.863285
10 1.149550e-007 64.596903 203.984388
8 5.473100e-007 68.874889 199.396821
7 4.696690e-008 142.063271 120.912077
10 4.977710e-008 149.822218 333.454110
8 2.428750e-008 146.812155 328.023823
7 7.083140e-008 102.722667 248.484442
8 5.978330e-008 179.016218 309.533298
7 5.902900e-008 169.703376 310.512121
10 1.159640e-006 54.805302 322.588444
8 7.092380e-008 183.200108 218.978019
7 3.243980e-007 186.800613 209.598397
10 7.091250e-008 133.979223 275.469937
8 1.210720e-007 138.613606 271.148307
7 3.587150e-007 206.495296 207.847630
8 3.100050e-008 196.113415 241.578300
7 3.359260e-008 121.073618 256.164368
10 2.135190e-007 55.807148 268.850718
7 1.052870e-007 233.222600 301.016211
10 3.517430e-008 98.107442 351.576067
8 5.286810e-007 93.170154 210.190760
7 1.699460e-007 218.675637 252.026100
8 5.820190e-007 130.541662 177.141409
7 3.568620e-007 195.148583 135.236194
10 3.427640e-008 211.591085 178.844155
8 1.067030e-007 223.963025 153.477784
7 4.172190e-007 273.585612 212.523844
8 3.807460e-007 134.868452 169.039061
10 2.098150e-007 47.204075 273.513017
7 1.438850e-007 187.558919 231.934636
8 1.730750e-007 179.739807 225.880894
10 6.300700e-008 89.571107 262.429883
7 2.787670e-006 220.938011 172.864868
8 1.138940e-007 241.401003 154.439910
5 1.138300e-007 410.613419 229.639795
7 5.115050e-008 421.882039 137.866865
2 2.541870e-008 573.413107 150.798924
5 9.927070e-008 507.953587 109.601818
7 1.868180e-008 441.741254 256.323414
5 2.426650e-007 456.730350 216.015542
2 1.784770e-007 609.099301 293.544289
5 1.134130e-007 583.608378 139.095594
2 2.127540e-008 674.932315 94.768606
5 4.502750e-007 581.575000 257.825454
2 4.070800e-008 584.364597 275.928570
5 8.335960e-007 503.952837 200.943049
2 5.209550e-008 558.522523 237.167951
5 4.869110e-008 474.961287 330.665182
7 1.591810e-006 276.135749 186.297894
8 1.155260e-008 211.481435 155.344820
7 3.520100e-008 165.872963 33.250340
10 6.567830e-008 99.417698 226.231809
7 1.924360e-006 280.074920 157.078328
8 4.611690e-008 186.855955 53.059266
7 4.026490e-007 208.666151 120.555686
8 2.424270e-007 157.851088 144.636184
10 6.050730e-008 113.816594 191.668216
7 1.351880e-007 141.557117 162.744965
8 1.064960e-006 120.913262 117.054659
7 2.086660e-008 99.419075 229.785332
10 2.387410e-008 139.941833 287.914674
8 7.981770e-008 151.357850 287.715391
7 4.044350e-008 118.017329 105.612285
8 1.584660e-007 99.661676 11.181764
8 1.283950e-006 86.277721 206.344501
7 4.605300e-008 130.843377 248.276651
10 1.475720e-008 208.758917 256.465936
8 1.589710e-008 231.157098 217.252347
7 1.066980e-007 277.817985 269.074410
10 1.800130e-007 96.323507 336.119623
8 2.639360e-007 150.100167 103.987757
7 4.095940e-008 109.416583 43.671593
5 4.777560e-007 511.987583 230.953953
5 6.480050e-008 587.838786 110.063536
5 1.983890e-008 466.895097 28.642310
5 5.325400e-008 590.209568 97.523124
5 2.322780e-008 425.229143 139.178907
5 1.005110e-007 593.405378 147.907110
2 8.397610e-008 616.306909 250.493742
3 4.041830e-007 423.613964 582.867088
6 2.378300e-007 180.841103 813.859692
3 4.108850e-008 362.184934 773.116904
6 5.636410e-008 327.514418 850.987744
3 1.809070e-008 248.416314 735.852024
6 5.849770e-007 245.473374 736.318135
3 2.613200e-007 407.266269 606.527099
10 9.696400e-009 186.805046 459.515000
10 4.622680e-008 170.702243 439.242243
3 1.291960e-007 419.151978 525.007000
5 7.437600e-008 424.424747 287.249493
5 3.118660e-007 606.219194 231.773953
2 7.215410e-008 599.428011 309.396689
11 2.484750e-008 655.368786 822.322591
4 5.956140e-007 661.452563 821.189984
9 6.897880e-008 747.713047 791.488201
4 1.619420e-008 495.757147 726.407851
3 6.857390e-008 560.479540 748.568772
9 5.026480e-008 678.025375 759.870997
11 3.197940e-008 671.821356 724.686477
4 4.032470e-008 786.918938 684.714571
11 1.527270e-008 683.295124 744.824464
4 2.395060e-008 548.598971 667.057438
3 5.377250e-007 492.672207 602.217323
4 7.746520e-008 641.729369 785.532865
11 7.306970e-008 685.442167 836.600111
9 7.390770e-008 753.701236 864.178485
4 2.486450e-008 526.623302 789.502739
3 3.501360e-008 495.698717 814.700357
9 5.527130e-008 549.112604 896.950129
11 5.014840e-008 765.473985 971.673429
4 7.115360e-007 712.209489 897.167100
11 1.598320e-007 862.765346 724.230940
4 1.534630e-007 768.215362 904.146932
9 1.633900e-007 735.729900 831.183563
11 1.169570e-007 812.870742 689.331920
4 9.768210e-008 791.640347 813.606371
11 3.305380e-008 778.031000 562.365893
4 9.489000e-007 733.587985 817.535776
9 9.922950e-008 773.177350 883.990999
11 9.861500e-008 788.797180 892.649262
11 4.042500e-008 893.240401 945.488774
4 7.302700e-008 778.349181 865.041302
11 4.945870e-008 742.367402 666.626197
4 5.070050e-008 547.560948 749.487610
3 4.582240e-008 552.972054 829.380440
9 5.944730e-008 566.291008 904.916137
3 1.005380e-007 618.980461 656.140915
9 2.296800e-008 613.225392 833.403942
4 1.705550e-007 613.620098 833.650583
11 3.054510e-008 629.496556 744.595510
2 9.426910e-008 751.454405 374.876939
5 3.434360e-008 679.211990 371.970951
2 4.726360e-008 676.662511 401.111307
4 1.474050e-007 622.705270 761.508630
11 1.807920e-008 775.840803 750.800282
2 3.443240e-008 713.648198 475.220204
11 7.176510e-008 846.381445 671.752366
3 8.762280e-009 551.064038 424.411376
5 8.331310e-007 543.994138 254.695784
2 2.366180e-008 543.329240 252.764786
7 5.867700e-008 396.875173 220.607034
5 6.218120e-008 533.924315 365.875452
3 1.115280e-007 402.510320 525.528921
6 4.921500e-008 77.444709 556.518325
3 1.102740e-007 384.967060 614.112069
10 2.105810e-007 63.096621 423.423350
3 3.873080e-007 423.989888 589.090712
4 6.306740e-007 666.232572 803.522890
11 8.893390e-008 745.794870 814.704593
9 4.173090e-008 798.825714 794.549858
4 8.868750e-005 695.020566 841.252472
11 5.872220e-008 685.624668 917.775338
9 8.796160e-007 676.229804 994.289792
4 6.773570e-007 704.214726 788.269051
11 7.799600e-008 639.624849 831.835355
9 1.497940e-007 575.042050 875.396884
4 6.695670e-008 818.828902 934.468901
11 8.000730e-008 797.326638 957.444642
9 4.448000e-007 720.987594 946.715876
4 6.543630e-008 853.886255 802.359984
11 4.281300e-007 913.823676 825.128865
3 2.175620e-008 668.927851 798.675637
4 4.856490e-007 668.649992 804.515034
9 2.523450e-007 627.799743 865.078319
11 2.134260e-007 718.527932 767.153178
4 6.770280e-008 786.138963 645.180280
3 1.367620e-008 529.066519 599.126248
5 1.935430e-008 456.912985 438.166657
3 2.027230e-008 476.129782 422.426829
2 1.380940e-007 718.324937 392.214526
2 3.219820e-007 763.379076 353.787511
2 2.242920e-008 708.063725 525.683456
3 4.052330e-008 441.208166 426.486883
5 4.458870e-008 460.851915 280.221111
7 4.344310e-008 299.240128 283.041784
8 3.416950e-008 215.638435 94.397543
10 4.832000e-008 167.794228 260.750585
7 1.757340e-007 256.366976 279.577293
8 9.798710e-008 94.827972 264.870368
7 6.519850e-008 250.639793 53.804693
8 3.287340e-007 79.672200 122.961175
10 2.667580e-008 125.446020 172.145100
7 1.028220e-006 214.366878 148.318968
8 8.903650e-008 134.880853 236.726911
7 1.590770e-008 110.948816 310.866014
10 8.778130e-007 46.444117 334.229195
8 1.405540e-007 240.713000 190.339312
7 3.853160e-008 137.008897 48.234800
8 2.906570e-008 244.542857 179.163825
7 2.031750e-007 183.673864 206.503871
10 1.774030e-008 113.122001 138.482546
8 2.044650e-007 166.589289 192.609023
7 6.209220e-008 147.772376 230.882444
8 1.192310e-007 114.090807 209.762482
7 3.479300e-008 39.194794 151.247592
10 2.775370e-008 198.475682 279.360216
8 8.637360e-008 220.082255 285.965990
7 6.530210e-008 316.654371 315.490964
8 1.093690e-006 45.625697 157.234556
7 5.034490e-008 135.848275 195.531799
8 1.409360e-007 52.799348 242.646693
10 5.185650e-008 44.032616 202.480854
7 3.918660e-008 190.471571 65.120663
8 8.263700e-007 126.152298 198.557996
10 2.760260e-008 192.150626 263.766431
7 2.946890e-008 168.491011 311.884883
8 1.019720e-007 143.169114 205.601896
7 2.079910e-007 155.283150 122.436171
8 7.853810e-007 126.104304 142.867478
10 3.577830e-008 42.883184 124.715118
8 1.714570e-007 145.181191 240.838936
7 1.469440e-008 239.730332 279.039523
8 1.437220e-007 176.741163 44.752392
7 4.204520e-008 99.023513 80.992610
8 3.740610e-007 119.859687 198.061764
7 2.264840e-007 199.138434 228.494000
8 5.345290e-008 261.912104 250.739785
7 1.387670e-007 212.723223 254.971402
10 2.702990e-008 96.562605 119.693844
8 2.429160e-006 53.118945 142.965399
7 3.943180e-008 149.588301 303.380587
10 9.493350e-009 148.636114 298.482012
8 6.218940e-008 87.478316 247.141575
7 1.768000e-006 231.422821 191.397248
8 3.058720e-007 140.954340 154.640119
7 1.259610e-007 268.741089 301.641682
5 1.204070e-007 460.377133 222.399535
5 2.170830e-008 447.174354 389.521628
7 8.132240e-008 349.186749 237.704233
5 1.047760e-007 464.042362 188.438745
7 3.321700e-008 412.296197 111.430144
5 3.514340e-007 563.323980 273.457799
2 6.686360e-008 574.226552 342.295332
5 2.099530e-007 500.628670 216.639401
2 1.103270e-008 470.455600 362.635643
3 1.873720e-007 498.512158 566.034128
4 8.209510e-006 686.984114 839.245784
11 1.746380e-007 723.828021 911.555883
9 2.657650e-007 724.916148 913.691448
4 9.222540e-008 741.179739 702.472623
11 3.038520e-008 780.130976 632.201871
2 1.538910e-007 692.334139 382.367009
5 7.634790e-008 644.329163 225.349419
3 1.628360e-007 523.938865 563.295814
5 2.930350e-008 456.949393 349.284910
5 6.863410e-007 533.467868 193.031627
3 4.566380e-008 438.993682 469.691314
6 3.437360e-008 390.791733 647.717213
2 2.596540e-008 549.279364 419.202419
5 3.153020e-008 542.148965 424.011912
3 5.233440e-008 394.493995 519.634976
6 9.600170e-008 252.553631 595.106692
10 3.481980e-008 146.071886 521.319027
6 7.363220e-009 77.618882 544.123944
3 1.456340e-007 398.558164 573.233495
6 1.923530e-007 274.898158 789.958139
3 8.267620e-008 354.667962 609.449457
3 2.056630e-007 442.478746 568.151108
4 1.274540e-007 599.616712 758.023165
3 8.571760e-008 570.510651 660.950926
4 4.329010e-007 696.701286 783.264500
11 1.231320e-007 754.365633 795.521357
9 2.896620e-008 817.054138 808.846125
4 2.840690e-008 877.981339 895.517878
11 3.809670e-007 818.739537 885.072003
9 1.711960e-007 697.128504 847.880771
4 8.823610e-008 833.368208 916.737462
11 1.400090e-007 826.701643 915.040177
3 1.308650e-007 526.139128 626.238329
6 1.729290e-008 256.436045 870.960469
6 6.021310e-008 182.030373 870.311324
6 1.091930e-007 265.406729 838.223355
6 5.499110e-008 244.508787 895.131987
6 3.992350e-008 151.697133 867.780507
6 2.042650e-007 270.892676 711.751687
3 3.422020e-008 260.517298 718.749971
6 5.218490e-007 219.510547 764.208991
6 1.552990e-006 166.576321 752.713754
6 4.387730e-007 133.060556 739.609179
3 4.608410e-008 420.464402 661.724141
3 8.889840e-008 334.439387 543.660876
6 5.506810e-008 123.818460 542.294045
10 2.032760e-008 92.156219 511.684608
3 1.397190e-007 421.601612 544.269197
5 1.790660e-008 477.008185 311.351258
7 1.081650e-007 335.514090 228.444584
8 2.445810e-007 170.721783 176.655686
7 2.970200e-008 132.867676 111.090590
10 5.230600e-008 136.628405 289.952007
8 1.141240e-007 206.041012 136.148318
7 3.302730e-006 275.951439 162.984398
10 4.198890e-008 84.107090 242.825212
8 8.639120e-008 83.772099 236.433258
7 2.179610e-008 77.351423 88.561148
7 1.393050e-007 148.062235 266.182436
8 7.202660e-008 144.105552 270.279733
10 6.616740e-009 153.195891 222.414199
7 2.011620e-008 198.640355 108.465771
8 8.336570e-008 199.671099 102.620227
10 1.558010e-008 111.168421 103.193330
7 8.109310e-008 148.336924 183.867978
8 6.482070e-008 148.231258 189.922679
7 5.522340e-008 114.307492 215.824992
8 1.837310e-007 108.166753 214.742207
10 9.760140e-008 87.511903 270.814358
7 1.789740e-007 190.832689 137.516788
8 1.033950e-007 196.814646 136.245275
10 6.872890e-008 104.954694 243.646549
8 9.630010e-008 161.028591 209.801125
7 3.487840e-007 222.322796 203.358990
10 3.355430e-008 159.031680 311.066526
7 3.287130e-008 324.577363 323.104479
5 7.899910e-008 445.419576 311.535142
2 1.636070e-008 534.401264 385.462821
7 1.120640e-007 366.787663 192.975903
5 2.579600e-008 369.344682 188.883822
5 9.141210e-008 602.138570 74.920917
2 1.476570e-008 629.824264 149.902552
5 2.003120e-008 659.068514 112.647741
2 2.987230e-008 630.185762 143.220527
5 6.798510e-007 530.442875 192.395181
7 6.058300e-008 335.877954 261.873781
4 4.758900e-008 673.224205 736.667172
11 2.781420e-008 622.370409 807.643442
9 1.252810e-007 566.917010 861.194141
4 4.379890e-008 725.535837 656.096175
11 9.351980e-008 722.948219 749.211165
4 2.955810e-007 755.986446 761.730945
9 7.208480e-008 651.072366 863.603028
11 8.818790e-008 723.773938 783.094044
4 9.923740e-008 612.115077 720.192541
3 4.108340e-008 622.491868 764.532912
11 9.244150e-008 783.547711 715.328418
5 5.989830e-008 407.899733 294.200040
7 7.129000e-008 420.611482 146.832286
5 3.584080e-008 438.661634 148.251478
3 8.793680e-008 548.429379 603.680684
4 5.597600e-008 707.757932 641.089059
7 7.809650e-008 203.746104 305.992075
10 1.372210e-007 87.028393 295.536175
8 7.527100e-008 87.355100 294.396802
7 1.650240e-007 274.517539 303.627248
5 5.794500e-008 433.851689 191.218457
5 6.101910e-008 445.703912 263.449028
7 2.664200e-008 387.922532 319.247832
5 4.341830e-008 611.144160 95.009019
2 6.520570e-008 603.310961 312.083827
5 6.488390e-008 500.925745 288.413099
2 5.911100e-008 782.815638 149.883919
5 1.818060e-008 619.749143 98.937095
2 3.804770e-008 558.561210 391.190452
5 5.200650e-008 500.051392 332.681049
2 1.674670e-008 532.632305 369.305463
5 2.636390e-008 532.137604 372.428803
5 4.031200e-007 504.845603 218.492821
7 2.093500e-007 349.801338 170.148697
5 1.501340e-008 443.218190 233.159189
5 8.467360e-008 447.208721 194.143508
2 2.956350e-008 541.186366 308.516539
5 3.572930e-008 469.444885 331.431734
7 2.418600e-008 430.013734 257.354333
5 1.857460e-008 395.735561 259.596729
2 8.983880e-008 597.812593 282.322880
5 1.893790e-008 435.715311 415.380148
3 1.186710e-007 424.101749 550.535814
2 2.348780e-008 607.111385 313.191249
5 3.775470e-007 535.523668 266.701683
5 3.197460e-008 423.236802 271.054271
7 1.824800e-008 314.455685 308.984760
3 1.827350e-008 588.525850 605.761442
4 7.829840e-008 684.522439 741.211206
11 1.241970e-007 829.141236 683.760035
4 6.626780e-008 850.989550 828.945992
11 2.185340e-007 875.393701 866.317135
3 9.083840e-008 527.287326 613.507493
2 4.014070e-008 549.570381 245.564876
5 1.053110e-005 551.254426 237.642164
7 1.999150e-008 451.038033 123.160762
5 5.553460e-008 661.142548 97.998536
2 6.622670e-008 564.745711 309.520896
5 5.727110e-007 533.679789 276.206833
5 1.420350e-007 525.645789 170.730314
5 2.523470e-007 537.196182 293.415403
2 3.756810e-008 558.454245 208.153007
5 1.223060e-008 351.134129 330.896943
7 1.788530e-008 462.720221 154.127277
5 5.623840e-006 549.739835 235.941216
2 7.871350e-009 517.951878 118.492797
5 1.552360e-007 441.358310 120.151698
5 3.794430e-008 438.869614 248.103780
3 9.149530e-008 460.707970 519.642674
4 6.423340e-008 746.673694 667.607570
11 1.705850e-007 801.050562 749.344051
9 9.878620e-008 727.548174 902.118327
4 2.342390e-007 721.935092 943.654933
11 5.600950e-008 756.371537 940.004170
9 4.698400e-006 605.447570 960.728437
4 7.053540e-008 516.241163 951.352474
3 1.431350e-007 551.325180 638.827994
4 1.060890e-006 685.181546 818.018206
11 6.558910e-008 736.079923 853.657441
9 7.120400e-008 746.116177 860.684864
11 9.796720e-008 920.908630 790.377600
4 1.569420e-007 722.564759 708.241662
11 3.820560e-008 797.705964 664.162645
4 2.549830e-008 857.275951 782.738592
11 8.100810e-007 861.400902 800.605771
9 3.776760e-007 631.394444 874.869556
4 4.589660e-008 642.315632 911.960140
11 4.073520e-007 801.592525 889.575578
4 6.972740e-008 810.199400 917.874349
11 1.397130e-007 798.762564 931.504212
9 2.372740e-008 766.825725 844.197486
2 3.255470e-008 654.010141 375.933380
11 2.056300e-007 836.569591 725.422867
4 1.205170e-006 723.635042 846.530679
9 1.290050e-007 773.811871 900.051430
11 7.494230e-008 689.090839 873.328545
4 1.380800e-007 838.321957 829.664634
11 1.233340e-006 843.642611 797.364431
11 1.550240e-007 778.814442 754.223925
4 3.616720e-007 761.989987 815.343926
9 4.272970e-008 792.029859 969.884490
11 7.745440e-008 841.722846 664.973313
4 6.154730e-008 730.143754 732.007042
9 8.636650e-008 772.556161 951.353349
11 5.405190e-008 716.563542 880.523955
4 7.172660e-007 687.285958 910.076965
9 8.222330e-008 555.329794 995.228382
11 2.331740e-008 702.717724 838.591847
4 1.112060e-006 726.857603 835.627884
9 4.124960e-008 780.202940 919.904990
11 1.228280e-007 706.521324 786.989303
4 5.307260e-007 730.512473 784.890320
3 4.448860e-008 491.152598 761.593332
11 9.347270e-008 810.907833 694.485431
4 7.593650e-008 736.541471 671.334500
3 5.739590e-008 548.896322 516.062082
3 2.150420e-007 455.569364 578.755861
6 4.712650e-008 284.331786 735.788115
6 1.486820e-007 169.236155 791.913705
6 2.774390e-007 189.180628 784.472355
3 1.050910e-007 339.634969 735.294745
6 1.015420e-007 157.401367 844.010747
6 1.720690e-006 157.326158 694.076847
6 5.157200e-007 177.050444 703.083262
3 3.831620e-007 393.042575 622.242102
6 1.388290e-007 137.650862 587.226637
3 3.107590e-008 218.927699 561.268054
6 8.382490e-008 216.424675 559.822929
10 1.141540e-008 223.478220 456.355818
6 2.888430e-008 119.971478 526.905328
10 2.403330e-008 107.226163 456.523691
3 3.527120e-007 380.858295 599.950625
6 6.572470e-008 170.463099 564.525779
10 2.435310e-008 20.585826 438.763627
3 1.596850e-007 366.931151 579.778680
10 9.744760e-008 21.079762 424.168087
10 2.627110e-007 46.577739 419.615154
6 1.919700e-008 146.573841 510.322902
10 3.946730e-008 39.818759 506.212605
6 2.953230e-008 228.122743 511.225388
10 3.347530e-008 80.502974 478.584853
6 7.315420e-008 247.341464 573.322485
10 3.338880e-008 110.390682 494.251342
6 3.746250e-008 284.579398 524.965656
3 8.046430e-008 395.466807 646.982312
6 3.293290e-007 184.368104 788.008995
6 2.720060e-007 145.890231 804.152942
6 7.244830e-008 264.699896 840.216260
3 1.380860e-007 360.087549 715.503189
6 1.903680e-008 310.389613 902.193212
6 6.438430e-007 135.314069 726.835420
3 2.158260e-008 445.092022 741.987545
6 1.302750e-007 313.242734 587.640927
3 1.006330e-007 378.722226 602.307964
11 1.046630e-006 825.688050 789.409915
4 9.093390e-008 823.274147 797.305458
9 1.332130e-007 739.209318 928.503035
11 2.848120e-008 730.953319 846.256988
4 1.331000e-006 734.829389 853.546788
9 5.622610e-008 795.353049 976.785782
3 6.324580e-008 609.752049 657.879703
4 8.165140e-008 568.277551 771.481566
9 5.009400e-008 563.815671 781.115713
3 9.601930e-007 468.129062 597.839406
6 1.883720e-007 301.819024 742.433911
6 8.313540e-007 152.131775 743.345591
3 1.607360e-007 362.002121 649.189209
6 1.365630e-006 149.731126 741.092208
6 6.191130e-008 43.889936 739.658491
3 5.027380e-008 410.491359 786.109050
6 2.511110e-007 186.894641 818.804388
6 1.852130e-008 88.678724 882.691975
6 5.208050e-008 285.273360 772.803041
6 5.792100e-008 122.306293 873.357557
6 7.199350e-008 276.624674 763.636229
3 9.714430e-008 313.007437 645.262742
6 8.209030e-007 189.578805 775.908798
3 3.193420e-008 378.753835 817.126056
6 5.338250e-008 289.048362 761.888321
6 1.376960e-007 250.426818 799.954498
6 1.596640e-007 247.217116 678.616031
6 2.860200e-006 186.490251 731.350479
3 1.426340e-007 423.264590 724.451345
6 4.974890e-008 351.618474 619.819603
3 4.300350e-008 304.073315 686.444192
6 6.219090e-007 147.385396 720.976617
6 7.980090e-008 41.450967 676.040759
6 2.569210e-007 87.747406 674.088714
6 1.028210e-007 14.966659 696.645364
6 7.228680e-007 140.259805 735.876020
3 1.514030e-007 369.039001 700.160211
6 6.861980e-008 157.877166 565.298701
10 3.311850e-008 74.319484 510.183605
3 7.214600e-008 433.241498 544.719427
11 1.144930e-007 836.467534 754.699378
4 4.603020e-008 827.482008 795.005683
2 7.717860e-008 708.653025 429.299040
2 1.879980e-008 793.093522 392.426918
2 6.309080e-007 671.006576 284.494595
5 8.600930e-008 659.337572 260.940384
2 2.428540e-006 725.283568 295.659982
2 2.660230e-008 685.386653 462.274300
3 1.621280e-007 535.211106 642.616184
11 9.953710e-009 725.676625 687.076938
4 1.135580e-007 723.583991 685.192728
4 8.108630e-008 752.889531 782.427655
11 5.265020e-007 814.510793 744.616591
3 3.389760e-008 551.781045 479.103743
5 4.322500e-008 575.400244 311.048119
2 3.054890e-008 575.711401 308.834174
5 1.021780e-007 542.205017 132.654276
7 3.357590e-008 422.418079 124.456711
5 1.203110e-006 550.120258 265.610742
2 2.702640e-008 521.761356 300.360871
3 4.406860e-008 389.389003 525.617348
6 2.967910e-007 273.854109 739.498428
6 3.127320e-007 140.124114 644.018668
6 1.970920e-008 71.565039 835.630934
6 1.299810e-008 211.628525 839.630679
3 1.698730e-007 362.507527 653.279031
6 3.255620e-008 163.850227 561.030777
3 6.521200e-008 294.243355 521.351773
6 5.679140e-008 251.004012 612.963536
3 5.344630e-008 434.497089 465.351856
5 2.635570e-008 382.118146 317.339010
7 1.333930e-008 306.664238 319.973746
10 1.876980e-007 100.788833 351.167137
7 5.230400e-008 246.369480 302.031904
5 1.325690e-007 469.277387 312.754485
7 3.260270e-008 409.244465 280.997452
5 9.155870e-008 478.534910 274.169483
7 5.047090e-008 363.385823 150.173213
5 7.434440e-008 476.865750 162.718211
2 1.587920e-008 490.307476 390.170218
5 2.057620e-008 424.945920 268.033014
2 5.271680e-008 590.936818 192.958347
5 1.603770e-008 375.744103 181.998454
7 4.383500e-008 377.242287 149.668905
5 7.875010e-009 420.939905 357.963844
3 3.429300e-008 369.915847 563.820868
3 1.981580e-007 521.836277 608.126304
7 1.842970e-008 382.224800 294.298388
5 2.554820e-008 465.054410 255.674373
5 9.658260e-008 483.672247 322.758550
3 3.357030e-008 599.655957 533.131718
4 5.723250e-008 750.324955 707.684299
11 3.987730e-008 714.119481 643.588610
4 4.850710e-008 824.766938 744.184000
11 1.432260e-006 835.188600 799.698502
9 2.190820e-007 719.640128 926.113267
4 8.044590e-007 741.576320 844.718679
11 1.294080e-006 798.721441 807.889971
2 1.241680e-008 810.926402 506.989812
5 2.623810e-008 680.162524 359.930260
2 1.646790e-007 801.067177 285.793338
2 1.823280e-008 685.180427 543.654091
3 1.188850e-006 485.991715 617.101636
6 5.768070e-008 149.565177 597.086728
10 7.253720e-008 96.188507 413.127362
6 9.627840e-008 113.467460 611.645375
3 4.757950e-008 420.074716 531.997879
7 1.008200e-007 356.262169 253.862804
5 2.437810e-008 418.716922 339.236646
7 8.911020e-008 190.382838 245.141872
8 3.191780e-007 126.789308 205.404180
7 1.237640e-008 210.647950 323.302346
8 1.439440e-007 91.357264 226.702426
10 2.543900e-008 100.364350 209.490822
7 2.411590e-008 191.398414 364.807538
8 1.799790e-007 97.486758 256.630454
10 1.206870e-007 67.685001 211.806585
7 2.490230e-007 189.703463 115.276141
8 9.380660e-007 122.901091 172.323100
10 4.589180e-008 72.896914 202.177140
8 6.061490e-007 120.796358 208.594053
7 8.349730e-008 170.342954 175.174442
5 4.892010e-008 470.343075 321.326034
5 5.596250e-008 616.343948 154.443731
2 1.162330e-008 553.385456 154.118553
3 3.066880e-007 527.235065 585.913396
4 4.100360e-008 542.654854 815.765491
9 1.695950e-007 637.037987 827.820714
11 2.793750e-008 703.073777 770.416747
4 1.303170e-007 623.219136 904.484504
9 3.295330e-008 538.677485 790.576627
3 1.508560e-007 530.617343 698.445240
4 4.327250e-008 784.332878 675.613408
11 4.882860e-008 883.272885 607.256985
11 3.264530e-008 763.718011 667.413250
4 2.955990e-008 694.339767 626.553722
11 3.129150e-008 667.511981 729.257703
4 2.754660e-008 565.893741 765.057698
3 4.582380e-008 598.088750 689.210991
11 1.935760e-007 839.282257 744.564551
4 4.447960e-008 814.797203 759.380994
3 1.068680e-007 559.840677 667.637123
3 1.274100e-007 370.871620 539.054638
6 1.007900e-007 294.192532 767.098335
3 4.611080e-007 402.650735 650.743580
3 2.645600e-008 281.254005 542.537258
6 3.965020e-008 68.960877 845.396354
6 2.781440e-008 110.400611 908.353175
6 6.450690e-007 150.199257 737.340793
6 2.182640e-008 266.612061 879.019574
3 6.091650e-008 403.420559 731.807801
6 5.761160e-007 222.975763 768.697756
6 5.397070e-007 187.836325 783.190481
6 1.848180e-007 85.684483 835.547166
6 1.656200e-007 106.016000 805.082325
6 2.797950e-007 134.586449 764.650532
6 7.975300e-007 182.165504 774.152826
6 1.054470e-007 238.188369 867.305589
6 4.189790e-006 189.781523 725.463746
3 2.186290e-007 389.658230 607.905300
6 1.104960e-007 192.727276 811.316279
6 1.534980e-007 182.690854 794.810074
6 4.112480e-007 245.056771 754.488270
6 1.700810e-007 105.478009 772.770966
6 5.605130e-007 195.047769 798.219043
3 2.161110e-007 390.498924 671.886308
4 1.244140e-007 697.669463 750.921263
11 1.007200e-007 764.625462 785.036870
9 4.040500e-008 821.260773 954.809568
4 5.353610e-008 653.411909 761.374544
3 3.882750e-008 627.763250 656.256870
5 3.064420e-008 517.412070 421.528697
3 5.782180e-008 529.092847 537.450793
2 3.985090e-008 585.970040 305.220235
5 7.119190e-008 587.405573 297.079027
7 1.760760e-008 516.639163 161.677348
5 1.827810e-008 518.031972 85.583285
7 4.096750e-008 409.462099 180.746429
5 3.464390e-008 416.990246 273.241607
3 3.303080e-008 488.092570 578.967058
4 8.893640e-008 608.424394 843.748326
9 5.980270e-007 592.800882 924.126179
11 7.401940e-008 729.588266 893.695662
4 2.459750e-007 615.154728 796.504506
11 1.582100e-006 855.698147 810.438505
4 2.354620e-008 826.048750 885.244357
9 1.430950e-007 680.053911 898.016750
3 1.360530e-007 530.381133 717.882271
4 3.598450e-007 706.358534 752.088858
11 8.882430e-008 829.315083 673.358302
2 1.365220e-008 767.890561 472.712365
3 1.360330e-007 557.839308 678.366357
4 3.054740e-008 692.986250 641.448828
9 1.284150e-007 637.889358 848.418220
4 8.199690e-008 602.629942 875.196593
11 3.020010e-008 706.665975 674.252594
4 1.171410e-007 758.561846 781.849806
11 2.099730e-007 853.001940 894.399339
4 4.655990e-008 896.529717 807.503004
11 5.658920e-008 796.281954 931.298924
9 1.344220e-007 800.530512 918.311814
4 1.136550e-007 761.869788 945.852645
11 3.167830e-007 743.066267 814.000519
3 3.470220e-008 608.975405 642.525136
4 1.272860e-007 596.826149 774.497070
9 2.120380e-007 536.393487 886.438129
3 1.413110e-008 497.030205 855.381654
9 1.236120e-007 510.529837 877.462681
3 7.329660e-008 460.627624 724.382927
5 4.832070e-008 512.371310 378.440485
3 2.314130e-008 618.785810 702.158690
4 1.820110e-007 670.108597 725.009132
11 9.075450e-008 698.332454 794.394901
9 2.044420e-007 582.234998 827.025333
3 1.130610e-007 600.863998 647.885607
4 8.545920e-008 585.568792 772.453073
9 2.056890e-007 732.542839 964.557165
11 3.711400e-007 859.699532 879.893722
