7 4.527090e-008 839.626761 330.072607
7 2.189510e-007 708.068884 402.162580
7 3.375410e-008 431.555229 333.541418
3 3.626610e-008 706.133357 90.368108
7 2.191180e-007 568.160409 316.420638
7 3.013510e-008 771.647620 238.887796
7 4.151810e-008 727.982784 522.511790
8 6.038540e-008 640.570068 825.721963
7 2.756700e-007 512.162391 422.938625
9 2.272340e-008 479.438866 577.388132
7 2.128760e-008 754.895374 575.187333
9 1.249850e-008 443.475019 432.666299
7 8.328560e-008 489.592477 298.340685
7 3.133310e-008 607.128681 566.688522
9 1.620510e-008 458.962651 591.500015
10 6.600040e-008 324.415158 526.541889
7 1.035690e-007 509.862423 298.247767
7 2.071190e-007 508.495591 364.717330
6 9.376740e-008 230.480670 308.398583
10 1.725390e-007 191.655862 312.260448
5 1.846130e-007 209.909245 177.692803
11 9.265420e-008 200.321169 178.363245
5 5.162900e-008 40.397172 186.229039
6 3.584490e-008 221.511310 175.956236
11 7.204910e-008 152.014541 121.659296
5 1.042740e-007 102.742063 66.213651
11 4.598040e-008 83.692800 155.601404
6 2.173120e-008 59.320500 143.687158
5 4.697930e-008 168.716111 192.736933
11 2.067450e-008 12.643567 113.281889
5 7.405990e-008 95.455261 192.528672
11 2.195980e-007 147.983462 90.920837
10 5.311370e-008 201.341122 216.192167
6 1.113510e-008 201.806792 215.501778
5 2.819180e-007 251.330942 142.078803
11 3.834750e-008 75.958691 171.845224
10 3.187640e-008 154.888343 308.312792
6 2.283470e-007 154.579603 307.548634
5 5.102660e-008 102.864669 179.550051
11 2.991680e-005 221.608643 27.512144
5 2.484450e-006 197.497007 99.984540
11 5.358150e-009 94.716515 139.786911
5 3.969900e-008 170.875451 222.874109
6 1.761970e-007 151.673496 289.965418
10 3.593140e-008 221.493962 296.073974
9 1.494800e-008 209.491273 583.670808
10 1.046550e-007 190.631642 551.017228
6 1.370670e-007 245.258647 448.278742
10 3.308380e-007 176.394954 530.708793
9 1.063210e-008 138.592758 497.847935
6 1.429710e-007 75.694149 443.171158
9 2.608320e-007 339.823009 634.660433
9 1.022720e-006 324.745969 683.654169
9 4.256960e-008 179.351130 812.013188
9 4.670870e-008 95.771187 809.705213
9 1.029540e-007 244.291954 809.818849
4 1.614850e-008 279.997675 803.397346
9 3.812880e-008 394.193375 824.320119
8 1.356830e-007 402.587439 871.925459
4 7.293570e-008 354.724734 917.539803
2 1.605190e-007 352.435927 918.861241
9 1.740580e-008 140.598152 789.770918
