9 1.589890e-007 453.410533 436.362221
6 5.478420e-007 435.163147 350.515285
6 1.543490e-007 564.605306 248.586231
9 2.255580e-007 568.633575 325.449046
3 5.515080e-007 642.445940 829.935231
2 2.542270e-008 700.247077 959.758419
3 3.433070e-007 687.075959 846.235963
7 1.180510e-007 454.718212 565.119412
9 6.081280e-007 517.729671 409.158984
6 1.085650e-007 519.506910 404.760117
9 3.774990e-008 521.516949 514.140999
7 3.885480e-007 421.685360 520.060613
6 4.862210e-007 461.475018 360.471617
9 9.512420e-008 556.439546 270.017746
7 5.651120e-008 459.668911 584.780432
6 2.080590e-008 444.993445 468.045612
9 4.783250e-008 444.469766 468.347958
8 7.770500e-008 336.872183 515.325512
7 1.876460e-008 458.597209 376.144092
6 2.680760e-007 514.356410 246.879799
9 1.200800e-007 514.306839 247.446413
6 2.887090e-008 518.294738 104.805330
9 2.698460e-007 450.674052 306.895386
6 4.298860e-007 396.132656 315.531281
9 1.190310e-008 315.549895 265.567705
4 1.486950e-007 31.531980 190.165753
4 2.696400e-008 206.047265 197.440614
4 3.438220e-007 88.518160 146.881483
4 5.075930e-008 118.108737 132.425218
4 6.634700e-008 105.025602 187.003235
4 2.980500e-007 81.487217 170.048904
4 3.607310e-008 207.152077 44.142489
4 1.897030e-007 65.619919 146.504384
