11 4.006800e-005 781.958000 531.419000
10 1.681170e-008 812.905534 591.116199
11 4.558220e-008 744.936882 565.025496
3 2.861350e-008 647.537146 601.698279
8 5.002630e-008 451.327606 426.562849
6 3.531600e-008 539.898782 224.815788
6 3.177550e-008 565.073306 257.516066
3 2.820280e-008 630.216962 482.295301
10 1.062680e-007 816.890278 625.926900
11 5.057510e-008 819.855009 618.942387
10 8.753830e-008 916.145175 646.165015
11 3.385330e-007 913.576054 638.703711
11 5.590400e-008 887.689551 514.962152
11 3.140920e-008 791.470915 635.707616
10 6.213240e-008 759.167942 666.737399
3 4.634440e-008 477.293784 612.913700
8 7.373280e-008 487.494285 483.994955
3 9.785310e-008 531.071997 581.905284
10 1.491730e-008 751.388603 550.696609
11 6.279660e-008 744.595518 547.672117
3 1.501970e-006 489.927899 523.199122
8 1.696320e-007 422.103021 518.385451
3 3.355750e-008 581.358225 422.579682
8 1.264910e-008 468.456035 501.176947
3 5.041010e-007 446.981479 466.897820
3 8.737980e-008 478.784750 402.567577
6 3.529210e-007 434.093214 195.100363
3 9.411810e-008 516.437022 372.658817
6 5.049170e-008 293.938153 305.072838
4 1.533110e-007 220.020299 308.946801
6 7.499370e-008 183.747926 179.522121
7 1.724650e-007 130.494424 183.245849
5 1.998490e-007 60.286106 188.155134
4 1.594400e-007 32.563350 190.093635
2 2.199940e-008 50.327125 155.174177
7 6.717050e-008 115.653825 194.284201
5 1.065710e-007 191.173175 196.921232
4 4.223350e-008 220.993011 197.962499
2 6.568820e-008 73.345024 232.932694
5 2.656200e-007 88.725396 145.706189
7 5.454220e-007 90.498983 135.647671
4 1.456660e-008 91.140516 132.009350
5 3.920680e-008 128.868728 145.248517
7 5.262490e-007 135.178983 152.768811
4 7.303510e-008 150.280475 195.982846
7 1.280820e-007 126.816233 174.422413
5 3.185200e-007 77.308040 203.005971
4 1.926540e-008 38.740832 219.113734
2 1.769130e-008 202.047205 215.145349
5 4.945300e-009 225.909244 179.768228
7 4.526260e-008 248.373970 146.462718
6 8.222930e-008 228.540954 122.268419
4 5.039530e-008 70.148795 175.834970
5 1.552410e-007 125.383441 235.285805
2 1.308270e-008 124.211885 232.386111
7 4.031570e-007 108.206440 157.966208
5 6.627330e-008 151.352274 95.134472
7 7.863830e-008 238.650757 104.310028
4 1.266450e-008 136.068326 141.201885
6 1.241870e-008 216.321751 168.713427
7 7.808380e-008 144.545192 254.253228
2 7.012890e-008 135.815014 288.577967
5 4.342410e-008 137.879104 288.758553
8 1.947760e-008 343.213747 427.942339
3 4.474610e-008 347.434683 488.303827
8 1.500460e-008 160.159621 406.421183
4 1.145300e-007 149.374085 404.712904
2 4.079380e-007 56.722039 390.038108
4 1.094470e-007 121.162325 440.212935
2 1.887390e-008 193.917866 466.693819
8 3.819860e-007 259.645386 505.355073
3 2.401500e-008 386.670539 620.337683
9 5.507770e-007 274.446233 853.405135
9 6.886460e-008 259.635283 758.151698
9 2.132170e-007 274.518698 806.238287
8 2.941330e-008 228.928150 651.662381
9 1.959530e-007 399.374797 853.705567
9 3.848130e-008 99.801928 896.048592
9 4.603370e-007 260.536887 915.737940
9 8.128710e-008 180.821337 879.915016
9 7.706350e-008 166.181561 938.157675
9 8.341160e-007 265.467974 868.824880
9 1.796660e-007 226.882124 872.614912
9 8.975880e-008 188.905737 884.864731
9 5.379220e-008 255.636721 688.810026
8 5.668640e-008 170.915181 625.848126
9 1.339690e-007 228.436410 876.969030
9 2.947150e-007 373.062093 857.073814
3 4.046930e-008 327.999158 533.922610
8 8.594480e-007 326.945469 531.555972
8 8.705990e-008 176.887129 426.522225
4 7.248590e-008 136.483939 405.935818
2 5.446270e-008 152.994315 494.996388
8 1.445280e-007 199.413673 530.767196
3 3.181940e-008 390.982241 571.550278
3 7.903200e-008 575.149971 448.769504
11 4.318520e-008 793.294323 656.789093
10 1.540050e-007 851.242690 667.007221
11 7.467760e-008 801.756623 647.035438
10 7.418280e-008 750.115732 704.388694
11 1.177560e-005 887.382158 721.388897
10 6.972680e-007 827.982863 773.023608
3 7.248120e-008 514.594100 553.225083
8 3.264740e-008 529.438285 614.395785
3 2.453870e-008 537.127672 653.954431
8 3.133920e-008 472.332905 573.039364
3 2.338110e-007 475.141442 595.913826
11 1.510650e-007 864.300784 766.660516
10 1.434870e-006 872.198918 766.108240
3 3.264960e-007 466.806361 570.483566
8 2.525070e-007 394.963378 557.815503
4 3.482490e-008 109.738455 428.604832
2 4.354150e-008 169.364082 480.436454
8 1.843070e-007 327.404117 580.175151
3 1.099000e-007 414.001687 601.766600
8 2.721770e-008 396.753857 658.296617
3 4.201700e-007 421.072009 504.759380
9 1.038230e-007 365.170442 796.073286
9 4.982430e-008 316.384109 724.543100
8 2.937330e-008 235.821699 670.506944
9 8.600310e-008 182.060286 797.052237
8 6.940100e-008 373.444675 596.108939
3 1.754030e-007 411.563990 539.594578
11 1.520860e-007 805.845022 747.202778
10 1.562840e-007 808.049850 754.891925
11 2.121110e-007 853.841621 640.661538
10 3.048660e-007 891.302723 717.517483
10 1.613720e-007 818.834388 844.053413
11 1.219520e-007 829.809610 832.686521
10 4.991090e-007 850.837202 696.575924
11 2.201930e-007 821.012863 638.785994
9 5.283410e-008 451.770854 931.068138
3 1.779510e-008 584.367424 656.301219
10 3.565990e-008 763.146311 686.252260
11 8.525540e-008 757.047530 691.017158
10 2.734520e-008 864.915280 857.881074
11 3.969040e-008 797.063808 825.972590
3 1.666020e-008 633.231997 631.478231
10 6.156820e-008 781.916864 757.107799
11 4.845260e-008 803.922431 754.405848
10 6.484780e-008 753.374315 722.274067
11 9.918290e-008 754.280504 714.893538
3 1.516140e-007 534.565595 541.407179
6 6.022520e-008 552.873001 177.389616
6 2.145160e-008 490.483372 131.566216
8 6.427170e-008 298.603213 352.879153
3 3.646150e-008 295.872198 352.831488
4 8.223870e-008 214.931079 351.418791
2 4.312510e-008 127.071384 316.447684
5 9.345210e-008 184.611290 252.542709
6 8.727030e-008 286.140647 236.700722
7 9.877770e-009 288.747964 239.048358
6 7.271580e-008 502.655222 112.855409
6 2.270280e-008 492.002814 264.768329
8 3.050160e-007 390.054954 485.178814
3 1.346190e-007 391.267589 487.779335
6 1.295520e-007 403.454631 256.261746
6 9.599230e-008 434.250201 249.555372
3 3.170850e-008 432.233355 320.473511
6 2.568030e-007 457.354685 93.413203
3 2.092320e-008 487.805590 394.746760
8 4.564710e-008 430.275704 371.503193
4 5.385470e-006 139.951357 309.752323
2 5.467170e-008 134.219749 227.787884
5 6.735030e-008 134.075215 225.720987
7 1.984190e-007 127.642694 133.733200
6 5.531400e-008 252.852863 223.339499
7 6.329980e-008 236.360089 238.368561
4 4.989710e-008 194.483758 244.729934
5 3.865150e-007 72.205410 157.668217
2 4.862900e-008 127.352497 229.010302
7 1.085490e-007 121.190972 219.522423
4 2.040430e-008 96.244793 159.404942
6 5.619780e-008 247.592800 134.298230
5 3.072070e-007 38.537312 157.960224
7 1.287830e-007 35.104416 155.079683
4 1.637200e-008 24.636997 146.296479
2 1.982880e-007 18.353500 273.236996
6 1.122430e-007 274.589352 129.456487
7 4.415840e-008 290.884932 112.581889
4 5.581950e-009 231.496447 213.296688
6 9.330040e-008 244.366733 204.686007
7 3.640570e-008 248.832497 212.742473
2 2.198160e-007 108.042010 327.357687
5 1.085240e-007 111.518045 321.086786
4 9.258460e-006 115.479158 313.940786
7 3.808490e-008 216.829401 272.321950
8 2.769380e-008 240.464623 269.564139
6 6.739370e-008 260.749789 203.312699
6 1.089370e-008 517.666115 301.826534
