10 1.638570e-007 753.014459 568.126185
6 2.021980e-007 647.059610 504.310539
7 9.482570e-008 677.997541 240.480250
6 1.936470e-007 695.694797 400.712007
10 1.335550e-007 663.425266 532.878536
6 2.717570e-008 658.583456 553.850946
7 5.512330e-007 479.401346 277.405641
2 7.106510e-008 595.393796 178.519809
7 2.078860e-007 560.204280 164.610896
6 2.376700e-006 597.165675 404.431294
10 2.360280e-007 653.852000 517.889248
7 8.491270e-008 714.568658 285.109036
6 3.391830e-008 704.193876 524.782871
10 1.638120e-007 708.895536 532.926385
10 2.863940e-007 739.734066 629.153288
10 5.813620e-008 755.111082 654.895174
6 2.037340e-008 819.517425 504.719151
10 2.319140e-008 886.004138 491.795366
10 1.658650e-007 644.102936 673.882496
6 1.033470e-007 520.436068 401.738628
7 2.605540e-008 467.474057 467.141393
10 4.336120e-007 661.581175 581.712324
6 8.455580e-007 619.993664 492.195502
7 8.540470e-007 496.947096 283.906482
2 6.036130e-008 557.795190 192.358266
6 1.244630e-006 586.240690 433.545900
10 1.550400e-007 619.376745 559.617075
6 4.103400e-008 436.156910 473.147387
7 3.660990e-007 477.070975 330.419566
6 1.716730e-007 502.218419 385.621637
7 1.486820e-007 429.687478 199.824934
2 1.743080e-007 512.895770 113.520879
6 1.411550e-007 527.405615 391.322072
7 8.526580e-008 520.583091 387.383070
11 4.789730e-008 292.248143 305.161409
7 4.047160e-008 303.447352 253.880420
11 1.145470e-007 182.111432 179.636552
11 1.910790e-007 199.277160 197.204212
11 5.067310e-008 89.521627 128.178945
11 3.385020e-008 168.723338 207.064484
11 1.486720e-007 148.232426 94.481033
11 5.768990e-008 72.564503 172.948059
11 1.820640e-007 213.307120 37.061935
11 3.464590e-008 120.940347 133.732667
5 1.331180e-008 204.245683 525.412933
5 1.074780e-007 210.676050 674.144681
9 4.929600e-007 251.131024 798.477958
3 7.288690e-008 279.605210 855.320906
4 8.340750e-008 284.075476 841.562628
5 1.062120e-006 203.782990 785.154071
4 1.185620e-007 215.784670 788.856202
9 1.109330e-007 276.992141 745.998305
5 5.239700e-008 295.733320 732.875601
4 3.017630e-007 161.108268 823.513224
5 1.616600e-007 189.364766 820.043865
9 2.458240e-007 233.046745 814.680550
3 5.115540e-008 196.468773 800.780440
5 4.205590e-007 242.607904 745.822296
4 1.996010e-008 230.125104 726.600518
9 7.856600e-008 226.636249 721.228167
3 2.077150e-007 389.258195 796.331182
9 4.067280e-007 328.922714 932.436553
4 1.637300e-007 205.069714 977.341767
8 3.400860e-008 143.878348 944.805665
5 6.510520e-008 126.716672 777.808218
4 3.798450e-007 92.645929 914.690585
8 6.141810e-008 147.907707 874.556707
9 1.256430e-007 206.574183 825.329671
5 1.268990e-007 183.046350 859.168470
4 1.611750e-007 280.628161 913.980252
3 2.291820e-007 329.670303 903.967272
9 2.872810e-007 365.097815 806.629822
5 1.723420e-007 247.235296 762.553683
4 5.235990e-006 178.153481 898.897999
8 9.472060e-008 185.498841 966.590273
9 1.414840e-007 230.292297 938.600239
3 2.913240e-007 334.607799 875.547418
5 2.325930e-008 203.236579 989.743692
4 1.076850e-005 160.401795 919.253246
8 4.239230e-008 125.277295 806.440772
9 4.055940e-007 240.804048 870.982746
5 6.174750e-008 257.487662 869.523084
4 9.160180e-008 284.365724 867.171502
3 2.983030e-007 329.576758 863.215954
9 4.979280e-007 230.302984 863.216214
5 1.054900e-007 229.679682 864.928713
4 2.324910e-007 257.989751 884.523813
3 1.888610e-007 358.726249 911.516064
8 1.395320e-007 97.328439 915.086900
5 3.768200e-008 49.532545 902.279881
4 7.391540e-008 28.545704 893.268825
9 3.591700e-008 209.007519 883.811244
5 3.657930e-007 165.918379 821.659950
4 3.512620e-008 225.306446 833.203967
3 2.420800e-008 242.769502 780.362443
9 5.959060e-009 258.674187 667.197946
5 1.538730e-007 131.164491 689.054441
4 4.012170e-008 181.773484 735.748310
5 9.023750e-008 226.094283 869.308249
9 8.793740e-008 234.321653 896.218865
3 3.573520e-008 258.917142 976.667382
4 5.316680e-008 261.256546 984.550252
9 3.946190e-007 377.145580 836.066320
5 3.321830e-008 390.660733 766.537633
3 5.092970e-008 397.246533 732.656996
9 2.984210e-008 366.765303 655.549428
5 3.129360e-008 194.505357 533.745974
10 2.437220e-008 555.527682 637.434715
6 1.599070e-007 594.294475 512.162228
7 2.454800e-008 597.458720 330.899577
10 1.379840e-007 628.793649 549.657990
6 8.501660e-008 629.368974 550.740014
10 1.064700e-007 752.482507 618.702869
10 4.598370e-008 817.867417 578.173143
10 4.046720e-008 754.436490 499.838209
6 2.233720e-007 681.697553 524.884532
10 6.606900e-007 651.518667 576.133174
6 3.204240e-008 657.519368 578.804865
10 4.761100e-007 632.076757 602.477354
6 1.353610e-007 597.614250 526.878256
10 1.076140e-008 637.802661 758.603592
10 5.697770e-008 594.239169 740.659646
3 3.196660e-008 500.220648 710.516363
5 4.196740e-008 364.797380 652.301761
9 1.542560e-008 407.163904 592.570822
3 1.331210e-007 360.497980 805.243537
4 5.885730e-008 327.071925 818.205600
9 3.664530e-007 327.240081 817.009107
5 5.830950e-008 339.072541 732.816410
3 3.484030e-008 310.899747 726.648338
9 1.852310e-007 304.533040 729.092241
5 5.702680e-007 225.160250 759.560374
4 2.116240e-007 164.945104 782.674631
5 2.719090e-005 185.450662 768.746642
4 2.802440e-007 187.724424 833.857709
9 8.371540e-008 188.316695 850.817877
8 4.482710e-008 73.081147 781.761469
5 1.581030e-007 88.951262 740.418430
4 3.295980e-008 106.477864 694.760099
6 6.071100e-008 542.288342 608.658363
10 7.942350e-008 544.609665 611.738870
10 1.703800e-007 640.663696 674.853380
10 6.997510e-008 704.785922 703.220345
10 1.687420e-008 748.243091 787.986701
3 4.014410e-007 455.275850 875.779275
3 1.526400e-007 455.991826 897.861231
9 4.550700e-008 451.055686 929.027110
10 1.355310e-007 584.726545 650.065029
3 3.694930e-008 533.401341 715.621885
10 3.506730e-007 628.978986 608.138952
6 4.812990e-008 746.680978 498.749534
10 2.311620e-008 675.675887 754.591767
10 2.505680e-007 631.810743 645.213565
6 4.066050e-008 634.008684 633.143859
10 7.340640e-008 759.474127 672.593675
6 4.610690e-008 505.489023 456.962687
7 7.865710e-007 493.580947 304.542186
2 1.553370e-007 543.239721 173.722821
11 4.086650e-008 423.218317 175.190076
7 3.800080e-008 527.927171 108.377378
2 1.399950e-008 672.692715 161.067551
7 4.320870e-007 502.915368 325.222653
6 6.473580e-008 479.386864 328.529373
11 7.435190e-008 287.359792 237.798443
7 2.205530e-007 507.038426 341.635271
6 1.048500e-007 514.675707 342.572998
2 1.359940e-007 548.063879 186.926477
11 6.516730e-008 435.585216 16.466957
7 1.223760e-007 545.130135 189.081730
2 4.134070e-008 542.835543 194.235466
6 8.515680e-008 484.391596 388.886041
7 4.993130e-008 433.219175 332.485709
11 1.139400e-008 418.111918 246.743165
2 1.441910e-007 594.376119 152.723956
7 1.910180e-007 536.504594 146.224156
2 8.424210e-008 521.225174 179.814457
7 1.047480e-007 475.418235 119.026221
11 5.362140e-008 464.731758 102.855463
6 3.702020e-008 542.171867 412.389415
7 6.866470e-008 448.095375 378.702802
11 2.882180e-007 208.008459 187.025288
11 5.383920e-008 170.254480 227.126373
11 4.458910e-007 212.800274 112.313187
11 2.766690e-007 241.082939 164.153459
11 5.638650e-007 211.148230 144.758135
11 1.934970e-007 201.766691 201.457678
11 6.729370e-008 308.331582 349.753525
7 1.187930e-006 492.831736 289.448365
2 1.663750e-007 500.089593 110.142185
7 1.156670e-007 609.825844 194.316912
2 8.962760e-008 612.777916 198.862687
11 2.182020e-007 342.212652 182.057938
7 4.457120e-008 399.671321 177.746371
11 4.724880e-008 461.043140 148.818663
2 2.067100e-007 529.275905 127.957801
6 3.055640e-008 432.022219 331.120767
7 1.505590e-008 371.156867 348.573414
10 4.191320e-008 586.300391 733.212397
10 9.953600e-007 712.565592 563.796356
6 2.089040e-007 699.950159 498.895588
6 3.831790e-007 673.690867 490.121734
10 7.151890e-008 676.601947 492.652311
10 1.665880e-007 610.106459 636.393478
6 1.295740e-006 670.846694 417.199693
6 2.643950e-008 764.004533 242.452228
10 1.240820e-007 660.421426 491.342396
6 5.273470e-008 498.310876 483.525854
10 2.053720e-007 752.889919 577.632479
6 5.486540e-008 598.435009 577.177323
10 2.529740e-007 606.789014 537.030926
6 8.012280e-008 713.263354 405.546310
6 3.366680e-008 765.320245 246.357333
6 5.438500e-008 752.643550 421.739779
6 3.496200e-007 662.350175 493.968247
10 2.801400e-008 658.137785 491.480947
7 1.652410e-007 677.613177 267.233368
6 1.835740e-007 701.698665 378.373512
7 1.254030e-008 652.498384 451.633776
10 1.360430e-007 635.564024 531.304815
6 1.159040e-007 629.744962 558.681742
5 3.813020e-008 156.417510 594.595779
10 2.289730e-007 652.005034 584.942832
6 1.693050e-008 730.711876 593.215080
6 1.568110e-007 719.146115 373.633464
6 1.493870e-008 745.151859 262.230688
6 3.105570e-008 816.846552 324.444077
6 2.361740e-007 661.909067 495.082573
10 1.133300e-006 695.575290 560.962779
6 1.763480e-007 670.919666 502.145830
10 9.901700e-008 597.214177 521.728885
7 4.246590e-008 459.737160 387.316506
6 5.011860e-008 393.785774 396.585425
10 5.279780e-008 560.314102 648.662125
3 1.782920e-007 423.189624 785.264868
9 5.143250e-007 351.904948 818.505601
4 8.024620e-008 277.631223 853.140157
5 6.388340e-008 270.139879 856.633444
3 2.985740e-008 286.138935 805.789935
9 1.066690e-007 215.458547 766.230329
4 7.765030e-008 137.566881 731.550834
5 3.571910e-007 129.710666 728.053033
3 7.710670e-007 380.518177 848.549150
9 1.770950e-007 374.287826 857.447016
5 2.184460e-008 323.586368 929.856222
4 1.173200e-007 281.496468 989.966843
9 6.041240e-008 265.627003 710.693884
5 4.147410e-008 297.729919 798.896082
3 1.867580e-007 320.865291 862.460106
4 9.949060e-008 324.380243 872.117378
9 1.247070e-007 230.694991 814.097934
5 5.026000e-006 180.023682 745.172134
4 2.947980e-008 138.989593 684.336261
9 5.308440e-007 343.835362 802.307315
3 8.886600e-008 348.407964 801.082091
5 8.276240e-008 307.233200 767.253900
4 3.487990e-007 131.306718 863.978488
8 4.471100e-008 136.461455 865.359713
9 1.071540e-007 222.555096 903.425070
5 5.924460e-008 227.947941 907.638477
3 6.750640e-008 277.628995 946.454078
4 3.906040e-007 186.874091 855.477048
9 3.084600e-008 119.123474 884.829602
5 5.377400e-008 122.758311 878.780196
8 7.215680e-008 137.426796 854.367654
3 1.049270e-007 367.516006 813.061094
9 8.355850e-007 348.781060 857.197607
5 1.718370e-007 245.895554 727.890854
4 5.925370e-008 82.941849 816.923611
8 4.380740e-008 88.150840 815.527865
5 6.510990e-007 158.839775 796.586808
9 1.428370e-007 212.054497 781.334628
5 7.370340e-008 299.048314 799.159260
3 2.927600e-007 335.945803 843.131714
9 1.140620e-006 336.372136 843.639796
4 4.469950e-008 289.708274 792.762159
5 4.073040e-008 172.730053 637.344093
4 3.097490e-008 60.376304 850.997701
8 2.751170e-007 57.504681 933.229690
4 1.112150e-007 118.459003 926.774897
5 2.327070e-008 181.259112 898.814272
8 6.098410e-008 193.627530 893.307455
9 1.887740e-006 261.736787 860.939791
5 3.238360e-007 244.456622 748.480333
9 1.110290e-007 241.937735 750.669959
4 4.281790e-007 127.614259 847.030653
8 8.171880e-008 79.557483 887.355275
3 2.575750e-008 202.111324 897.690623
5 4.965060e-008 171.312574 943.351224
9 4.400100e-008 169.427389 946.146099
4 2.862660e-006 168.852288 891.714156
8 1.667680e-008 183.415947 833.303211
3 1.821010e-008 229.617922 966.995067
9 6.107840e-008 157.611242 977.114992
4 7.004200e-007 151.355394 958.411440
8 2.728710e-008 208.945410 929.067776
5 2.649410e-008 268.684210 898.629247
9 5.490320e-008 195.422942 921.123095
4 6.979070e-008 282.164268 879.317735
3 4.211290e-008 267.077951 840.016770
5 2.777090e-007 230.773833 745.441874
9 5.907610e-007 274.666660 915.428793
4 1.240920e-007 156.138532 980.855911
8 4.676810e-008 198.888844 928.063270
3 2.741450e-008 277.486345 831.002700
5 1.010860e-007 279.091825 829.020083
9 6.167430e-008 269.154322 763.992353
4 6.338580e-008 110.454082 727.544487
5 1.917810e-007 82.387243 718.963614
3 2.337070e-008 346.192111 762.438928
9 8.741140e-008 355.980643 757.234233
6 4.102460e-007 610.518122 507.010594
10 8.052790e-008 602.213335 511.805373
10 3.317900e-008 536.138492 647.851781
6 2.332540e-007 710.441325 553.346870
10 8.928710e-007 698.223485 557.880990
6 5.891070e-008 477.927088 511.915552
9 1.255980e-007 352.747523 743.621050
5 9.918530e-008 322.336861 796.293964
3 7.611300e-008 307.586096 821.843088
4 5.996630e-008 274.446917 814.183129
9 1.206180e-006 336.089643 853.026399
5 3.778020e-008 343.633034 810.246248
3 4.886090e-008 351.312972 766.691712
4 1.017580e-007 246.043168 883.119253
9 5.614990e-008 305.306200 1002.109747
3 4.496550e-008 214.985299 989.414786
8 1.878630e-007 124.110336 976.641949
4 1.238020e-007 309.859861 953.940017
9 1.717840e-007 292.937235 792.932459
5 8.577940e-008 292.177173 785.700972
3 3.323740e-008 223.243836 809.219154
5 3.546870e-007 173.630036 710.292178
4 1.494890e-007 208.229421 841.812483
9 1.627210e-007 208.676286 848.202694
8 1.229830e-007 55.862257 896.250402
5 8.511310e-008 159.754533 879.542660
4 4.107880e-008 119.876761 851.367658
9 2.801980e-008 113.572072 849.912095
8 2.091840e-007 93.637816 939.735664
3 1.122200e-007 338.482723 948.266780
9 1.115630e-006 329.706799 898.496351
4 4.136980e-008 319.515235 840.697478
5 4.419040e-008 319.414839 863.175781
9 1.607430e-007 208.740722 816.244355
4 3.458610e-008 239.321584 763.276656
5 1.162690e-007 243.910986 721.067613
9 1.382270e-007 263.787508 790.760465
4 1.677520e-007 270.342074 865.677969
3 7.767130e-008 270.386234 866.182705
5 8.948760e-008 267.955474 881.051717
8 2.449060e-007 74.336477 916.616128
9 3.838090e-008 137.025426 771.135315
4 6.024370e-008 47.422022 748.794874
5 4.095500e-008 44.444934 748.052609
8 1.222510e-007 133.879899 884.515195
5 5.257640e-008 295.840867 708.749926
9 3.852340e-008 337.008535 712.351670
5 5.609090e-008 114.552091 885.344562
4 9.954690e-007 122.602495 894.938685
8 8.120020e-008 122.836325 895.217354
9 8.247680e-008 195.952575 933.831958
3 4.252770e-007 348.884938 895.701526
5 2.155620e-007 186.289770 837.228816
4 3.568550e-007 181.787670 848.371897
9 1.378860e-007 153.328061 918.811847
8 9.330610e-008 141.613751 855.433559
4 1.207700e-007 90.231867 861.604428
5 9.659690e-008 164.907895 818.490303
9 1.745170e-007 222.523566 770.712543
3 1.909810e-008 264.163457 726.059022
4 6.547120e-007 185.097346 880.672009
5 1.863210e-008 116.731695 936.033153
8 9.549650e-008 114.755165 937.633708
9 1.197870e-008 81.299932 970.845509
3 1.911850e-008 364.992813 913.096834
9 4.341790e-007 262.110399 907.695530
4 2.070900e-007 230.333131 911.928772
5 1.057470e-007 193.891631 833.779585
9 6.792960e-007 280.165082 811.668965
4 1.413660e-008 308.401311 771.343460
3 5.618520e-008 311.579738 766.804197
5 1.952930e-008 311.494907 834.158797
8 4.659140e-008 144.276645 867.256435
4 5.469920e-008 191.305839 690.084978
9 6.138870e-008 191.751970 688.922760
5 8.626750e-008 178.984007 679.501989
3 9.548670e-008 282.439341 841.178149
4 7.880030e-008 317.969086 950.530134
9 2.617240e-007 318.346233 951.690901
5 5.359350e-008 296.109904 827.733682
3 3.610240e-008 251.474869 980.473563
4 1.175550e-007 314.785401 890.056774
9 6.675180e-007 315.457431 889.097016
5 4.045240e-008 284.987601 626.961442
4 2.272860e-006 176.331341 889.685401
9 6.148540e-008 176.589078 890.897966
8 1.071080e-007 195.660814 980.624001
3 2.102400e-008 282.287316 847.435286
5 1.083760e-007 292.193367 831.582322
4 2.145900e-007 175.668801 808.322866
9 1.113090e-007 237.235751 744.568589
3 1.725360e-008 271.027026 841.309481
5 4.070750e-008 273.427988 875.643278
9 1.685760e-007 387.489903 864.272025
3 3.367050e-007 351.423552 867.392957
5 3.582360e-007 264.437481 783.297772
4 1.275240e-007 279.638119 807.623850
9 1.469160e-006 290.969550 877.195579
3 1.802040e-007 341.641175 829.497324
5 6.905050e-008 255.062882 898.446284
4 1.379710e-007 282.105385 893.189714
9 2.152180e-006 318.259970 886.161921
3 7.640850e-007 357.329192 908.327425
5 8.178070e-007 204.091301 766.498410
4 7.894770e-008 193.030596 759.852465
9 1.666880e-008 146.062262 731.631031
3 1.168810e-007 300.476835 840.655304
5 3.959310e-008 345.917720 839.068364
9 1.132620e-007 379.185299 789.096708
6 2.923320e-008 440.310605 409.546550
7 8.519820e-008 393.127995 355.269086
11 4.161610e-007 255.530380 142.481183
11 1.342600e-007 205.786061 145.324224
11 6.099510e-007 205.983271 181.832275
11 1.021940e-007 179.725604 67.092743
11 5.216850e-007 190.031968 143.296334
7 2.399590e-008 411.519355 211.574676
2 1.153370e-007 546.136374 146.981149
7 4.705890e-008 543.526009 87.237972
2 2.278200e-007 538.080521 86.665627
2 1.212870e-007 466.902780 146.289835
7 6.006580e-007 508.869948 192.899324
6 4.279700e-008 509.818415 392.521137
7 4.483240e-007 477.320421 284.083431
2 9.628410e-008 512.593746 217.746038
7 3.368680e-007 467.431811 263.678028
6 2.556630e-008 430.565421 307.346686
11 3.433920e-008 416.830351 145.746922
2 7.920290e-008 493.990919 50.460978
7 4.220870e-008 333.350001 270.973788
6 5.944930e-008 480.787408 349.699453
7 7.543990e-007 475.567323 294.542102
6 4.181960e-008 531.422151 534.376650
10 1.650670e-007 598.011482 560.142882
10 1.071420e-007 732.563441 549.686281
