9 5.274120e-008 667.638002 630.795446
7 7.726610e-008 644.959041 659.770865
9 8.626010e-008 717.132799 455.244753
9 2.623730e-008 673.014308 394.287333
9 9.783000e-008 638.703593 636.950347
7 1.518590e-008 584.085268 600.109922
11 2.904150e-007 432.949070 340.098903
4 1.104900e-006 671.029013 131.257843
9 4.069750e-007 633.027360 488.916188
4 5.493100e-008 780.673202 231.579086
9 4.792230e-008 706.773357 529.250662
7 3.742570e-007 789.152294 671.935176
7 1.514570e-007 882.867463 670.196589
7 6.566260e-008 850.390482 569.224566
9 1.128740e-007 725.684700 522.958494
7 1.562820e-007 759.168527 666.736890
7 5.607850e-008 741.062056 886.115129
9 2.472710e-008 572.162368 647.443148
9 2.660570e-008 502.308068 579.388856
7 3.954530e-008 742.360237 576.063852
9 2.315020e-007 532.368824 511.029236
11 4.241250e-007 461.535247 360.230048
9 1.173210e-007 617.254123 503.203346
9 4.134470e-008 453.300760 389.253366
11 2.206540e-007 481.907091 318.449666
11 3.004650e-007 438.583760 190.284844
11 7.102920e-008 509.402766 380.928080
8 1.003500e-007 230.188271 308.413907
5 1.377660e-008 171.052771 311.900861
11 5.161240e-007 362.423791 310.833279
10 6.420770e-008 144.385047 182.274553
5 5.447320e-007 38.971538 189.645545
5 4.186740e-008 214.100087 197.721808
8 2.055130e-008 221.282934 175.777809
5 4.402130e-007 89.931094 138.868330
5 3.816140e-007 123.135825 138.416288
5 4.925800e-007 156.245165 157.431619
10 4.271580e-008 121.433213 177.530301
5 7.298630e-008 175.459878 254.562899
8 5.696230e-008 207.664205 206.817759
10 8.059050e-008 234.138627 120.449631
5 1.200830e-008 172.047691 350.783544
8 1.491730e-007 156.360176 311.955696
10 2.468840e-007 215.374090 34.684162
5 7.692740e-008 53.211863 77.664012
10 3.439340e-008 118.079127 134.393231
5 7.852520e-008 214.823092 132.924401
11 1.775150e-008 172.359932 221.104978
8 1.038850e-007 119.066235 284.617805
2 6.089500e-008 164.930753 599.353586
6 1.774330e-008 174.095020 582.118101
8 1.807310e-007 257.069752 421.770400
5 1.408890e-008 79.281451 417.841059
8 6.334010e-008 63.460835 432.536929
2 3.763770e-008 363.068109 627.553681
6 4.247480e-008 359.642753 628.600920
3 6.493040e-008 295.237062 648.291746
2 3.990450e-007 332.281265 677.331310
6 6.090490e-008 329.392976 679.754871
3 2.238350e-007 275.085556 725.324167
6 2.296150e-007 174.589694 807.874152
3 9.628780e-007 232.388994 777.229739
2 3.539420e-007 240.036727 771.874742
6 1.407900e-008 97.372666 803.728437
3 9.927170e-009 130.078443 827.323096
2 2.461440e-008 139.066990 826.219473
6 6.562980e-007 238.379535 809.197429
3 4.214370e-007 275.811063 796.950545
2 3.063820e-007 270.777049 789.198863
6 5.243670e-008 390.405030 802.835239
3 9.101620e-008 405.450463 888.162559
2 5.122720e-008 397.692504 892.732437
3 9.764270e-008 152.064135 744.171060
6 2.181870e-007 154.060735 754.699733
2 7.541930e-008 144.123306 780.587590
3 3.068930e-008 154.391845 888.841092
