9 5.274120e-008 667.638002 630.795446
7 7.726610e-008 644.959041 659.770865
9 8.626010e-008 717.132799 455.244753
9 2.623730e-008 673.014308 394.287333
9 9.783000e-008 638.703593 636.950347
7 1.518590e-008 584.085268 600.109922
11 2.904150e-007 432.949070 340.098903
4 1.104900e-006 671.029013 131.257843
9 4.069750e-007 633.027360 488.916188
4 5.493100e-008 780.673202 231.579086
9 4.792230e-008 706.773357 529.250662
7 3.742570e-007 789.152294 671.935176
7 1.514570e-007 882.867463 670.196589
7 6.566260e-008 850.390482 569.224566
9 1.128740e-007 725.684700 522.958494
7 1.562820e-007 759.168527 666.736890
7 5.607850e-008 741.062056 886.115129
9 2.472710e-008 572.162368 647.443148
9 2.660570e-008 502.308068 579.388856
7 3.954530e-008 742.360237 576.063852
9 2.315020e-007 532.368824 511.029236
11 4.241250e-007 461.535247 360.230048
9 1.173210e-007 617.254123 503.203346
9 4.134470e-008 453.300760 389.253366
11 2.206540e-007 481.907091 318.449666
11 3.004650e-007 438.583760 190.284844
11 7.102920e-008 509.402766 380.928080
8 1.003500e-007 230.188271 308.413907
5 1.377660e-008 171.052771 311.900861
11 5.161240e-007 362.423791 310.833279
10 6.420770e-008 144.385047 182.274553
5 5.447320e-007 38.971538 189.645545
5 4.186740e-008 214.100087 197.721808
8 2.055130e-008 221.282934 175.777809
5 4.402130e-007 89.931094 138.868330
5 3.816140e-007 123.135825 138.416288
5 4.925800e-007 156.245165 157.431619
10 4.271580e-008 121.433213 177.530301
5 7.298630e-008 175.459878 254.562899
8 5.696230e-008 207.664205 206.817759
10 8.059050e-008 234.138627 120.449631
5 1.200830e-008 172.047691 350.783544
8 1.491730e-007 156.360176 311.955696
10 2.468840e-007 215.374090 34.684162
5 7.692740e-008 53.211863 77.664012
10 3.439340e-008 118.079127 134.393231
5 7.852520e-008 214.823092 132.924401
11 1.775150e-008 172.359932 221.104978
8 1.038850e-007 119.066235 284.617805
2 6.089500e-008 164.930753 599.353586
6 1.774330e-008 174.095020 582.118101
8 1.807310e-007 257.069752 421.770400
5 1.408890e-008 79.281451 417.841059
8 6.334010e-008 63.460835 432.536929
2 3.763770e-008 363.068109 627.553681
6 4.247480e-008 359.642753 628.600920
3 6.493040e-008 295.237062 648.291746
2 3.990450e-007 332.281265 677.331310
6 6.090490e-008 329.392976 679.754871
3 2.238350e-007 275.085556 725.324167
6 2.296150e-007 174.589694 807.874152
3 9.628780e-007 232.388994 777.229739
2 3.539420e-007 240.036727 771.874742
6 1.407900e-008 97.372666 803.728437
3 9.927170e-009 130.078443 827.323096
2 2.461440e-008 139.066990 826.219473
6 6.562980e-007 238.379535 809.197429
3 4.214370e-007 275.811063 796.950545
2 3.063820e-007 270.777049 789.198863
6 5.243670e-008 390.405030 802.835239
3 9.101620e-008 405.450463 888.162559
2 5.122720e-008 397.692504 892.732437
3 9.764270e-008 152.064135 744.171060
6 2.181870e-007 154.060735 754.699733
2 7.541930e-008 144.123306 780.587590
3 3.068930e-008 154.391845 888.841092
6 5.172810e-008 293.081075 912.890807
2 4.898670e-008 365.813690 804.662949
3 1.145760e-006 286.429299 750.570867
6 6.030000e-008 176.499889 910.664037
2 3.639860e-008 316.799933 891.027155
3 1.078100e-007 272.781752 929.290576
6 4.075480e-008 115.398413 830.891779
3 1.363060e-007 263.800903 868.970733
2 5.012240e-008 431.629329 854.287298
6 1.286270e-008 427.722755 847.901737
3 1.390170e-007 227.466530 871.009275
3 8.898100e-008 202.999538 876.761135
6 5.807150e-008 191.120987 871.222064
2 8.855150e-008 137.440716 846.190492
3 4.882530e-008 264.415399 626.348267
6 5.443300e-008 257.107341 621.331063
2 1.547630e-007 211.950437 623.697596
3 9.266510e-009 41.271086 690.095994
6 5.745000e-007 211.172710 820.501802
2 1.085030e-007 214.500081 831.385185
3 4.678270e-007 197.950643 835.409930
2 1.164520e-008 363.392348 906.819803
6 1.212370e-007 364.118972 903.081686
8 3.136870e-008 334.412542 561.590202
2 1.026000e-007 373.954807 676.429035
6 5.523640e-008 375.120957 679.815774
3 8.864360e-008 370.778234 667.203743
8 5.661530e-007 139.734577 432.614160
2 2.778580e-008 204.086401 488.671047
8 3.136800e-008 185.903275 607.388246
6 2.675150e-008 337.387499 582.942180
9 4.979900e-008 570.946473 643.664239
9 3.394610e-007 588.681446 474.218355
7 1.983400e-007 745.924365 648.436273
9 3.177470e-008 738.720233 623.441564
7 3.071930e-007 778.500644 672.863926
7 1.808190e-008 860.632225 744.642120
9 2.598760e-007 677.047445 526.977737
9 6.347480e-008 662.278944 580.923970
7 3.021610e-008 666.902274 582.982469
9 2.135010e-007 629.656328 606.065753
7 3.807860e-007 724.875312 776.409815
2 2.687980e-008 486.053784 630.172067
9 2.665350e-008 435.387178 564.943426
8 1.171250e-007 144.503829 450.842529
2 8.676360e-008 413.747559 601.703238
9 4.660240e-008 437.796490 598.994555
8 6.668520e-008 324.614712 576.729130
3 5.520540e-008 394.918197 669.886406
6 5.342600e-008 395.313720 667.389194
2 2.372050e-008 408.284641 585.494837
9 4.845640e-008 419.380819 574.277204
3 4.142780e-008 318.291164 880.684234
6 1.030110e-007 318.650295 878.128871
2 1.135680e-007 328.257706 809.768294
3 1.518290e-007 344.702607 713.672710
6 1.005130e-007 347.184690 712.719933
2 1.563750e-006 312.263624 726.124770
3 1.830180e-007 209.300758 660.326605
6 1.823930e-007 206.989018 659.439219
2 9.042860e-008 181.611909 658.820779
3 6.630740e-009 82.448183 787.561751
6 2.359840e-008 81.042762 789.725900
2 1.217480e-007 210.325497 642.844645
6 2.766860e-008 410.624779 540.987020
9 1.811430e-007 497.183823 548.802515
7 6.329850e-008 753.728022 597.715923
9 3.869780e-008 688.887939 621.295197
7 1.733700e-007 852.480883 638.788631
7 1.326740e-007 721.722897 804.817795
7 7.114270e-008 884.936695 795.607834
7 1.215700e-007 616.245943 794.154706
9 5.569290e-008 590.812647 688.490607
7 5.922180e-008 589.976449 683.211140
9 7.316780e-008 604.521070 611.576191
7 7.421850e-009 715.219121 534.942267
7 1.776730e-007 691.959764 779.679092
7 7.520510e-008 858.250460 850.693546
9 7.969240e-007 612.206304 586.388087
7 5.189440e-007 688.464539 749.925853
7 5.940220e-008 780.887891 904.689171
7 7.486190e-006 748.985222 758.021374
9 3.128790e-007 544.398061 590.143126
11 8.180270e-008 499.150619 292.597952
11 7.300090e-008 540.690452 113.022817
4 6.715930e-008 682.598819 164.673066
11 7.948120e-008 505.240659 324.895854
8 1.021910e-007 271.985616 352.414586
5 5.417480e-008 112.493591 349.630911
11 3.949820e-007 339.116764 284.400594
10 1.434670e-008 454.565380 21.199237
4 1.330460e-007 564.642226 145.256870
11 5.578540e-007 456.675207 280.497221
8 2.171160e-008 364.954310 431.349996
9 3.110730e-008 440.486636 483.040060
11 5.543420e-008 480.528467 337.458146
8 8.279240e-009 356.816561 286.548952
4 4.825710e-007 653.128256 125.327271
11 4.707940e-007 431.975023 255.806416
11 7.333760e-008 545.561417 315.334946
9 2.638420e-008 496.177808 398.129353
8 9.594680e-008 254.653209 337.140131
5 5.474100e-008 138.537537 289.534107
10 8.459000e-008 202.052108 182.201940
11 6.978700e-008 270.893691 237.948645
5 1.077180e-007 236.134527 240.514639
8 3.619420e-008 125.081642 194.306459
5 7.924880e-007 120.117414 217.869294
10 1.047940e-007 173.465866 128.205415
11 6.764720e-008 205.396675 213.657882
8 6.784080e-008 161.093131 260.796732
5 2.483480e-006 95.980045 206.160384
8 5.311060e-008 166.436463 237.335535
5 6.478750e-008 226.426810 179.330352
10 1.227120e-007 277.747546 126.186076
11 1.325590e-007 270.955982 252.536141
5 1.009060e-008 200.058203 124.751161
10 5.687850e-008 238.891684 194.808739
8 2.748460e-007 160.449374 329.313562
5 3.353540e-007 192.867480 174.329282
10 4.767310e-008 209.712352 238.838965
11 5.403130e-008 237.475991 355.152557
8 7.715460e-008 240.674299 263.559423
11 2.314300e-007 363.814458 185.669859
4 6.701920e-007 693.919267 120.923515
11 8.438620e-008 343.046784 166.140974
5 1.219550e-008 339.253662 238.521608
10 1.674190e-008 338.755571 248.026222
8 4.591070e-008 292.583337 328.904749
11 2.139410e-008 322.759234 358.991490
4 3.697730e-008 587.066183 157.534757
11 9.494790e-008 489.555911 314.623447
8 1.733770e-008 408.223320 361.992728
9 2.601240e-007 532.527955 550.350800
7 1.029290e-007 609.907552 788.365676
7 1.186100e-008 700.935861 503.966587
9 7.066040e-008 699.978088 499.039272
4 1.126050e-007 760.991487 246.902050
9 1.318370e-007 673.588980 490.033165
7 5.181690e-008 789.732171 654.478599
9 1.636740e-007 607.077209 639.121040
7 3.157840e-008 660.343922 491.928675
4 4.181220e-008 746.728000 288.561178
9 1.651850e-007 663.946362 489.468166
9 4.790710e-008 748.912908 577.980430
7 5.690000e-008 791.693113 573.804043
9 5.608190e-008 512.571647 540.164224
4 1.049880e-007 815.304225 284.681380
4 3.276970e-008 781.331140 294.768359
4 1.645320e-007 736.162836 197.147642
9 7.058660e-008 648.413109 412.277965
4 6.413990e-008 810.268589 205.374798
4 5.511450e-008 750.989785 291.355293
9 5.028930e-008 650.928751 459.018423
2 7.251120e-008 298.326624 582.855462
8 1.076700e-007 134.986417 495.159936
2 6.197040e-008 252.356091 545.828548
8 6.238560e-008 231.570758 484.509548
2 2.547840e-008 222.360640 593.444755
6 3.907430e-008 183.061834 594.130708
8 7.972860e-008 160.111499 449.440998
8 3.217760e-008 98.444208 503.614313
8 2.677770e-007 216.375460 449.109876
2 3.088970e-008 283.709417 542.593029
8 8.106810e-009 348.849281 558.153507
9 7.839090e-008 474.542459 596.397035
9 4.348130e-008 735.740965 593.743647
4 5.856820e-008 838.903756 276.757032
9 6.430890e-008 652.675503 500.630652
7 9.934420e-008 776.139974 651.792496
9 1.005280e-007 661.014371 505.174180
11 1.245380e-007 398.427967 395.933004
9 1.434570e-007 489.421524 519.995811
11 4.404260e-008 376.056762 475.850323
8 2.127290e-008 396.521121 578.319550
9 1.978370e-007 525.857686 633.219670
2 4.641250e-008 383.399352 607.884703
6 5.893900e-008 370.158366 809.993856
3 3.453640e-007 367.786529 811.099867
2 2.953340e-007 252.968914 782.930967
6 2.685730e-006 234.601157 774.753141
3 2.593660e-006 232.113774 773.645690
2 1.982460e-008 386.121046 812.978692
6 4.748280e-008 385.606527 841.282232
3 9.036380e-008 384.135782 843.382674
2 4.070760e-007 224.872810 734.815966
6 3.959050e-007 257.667983 695.732166
3 3.693970e-007 259.367171 693.707151
2 2.683860e-007 309.919970 771.973236
6 4.113230e-007 249.196441 804.260531
3 2.978660e-006 246.792374 805.538797
2 1.159490e-007 256.323772 825.755965
6 1.825930e-007 323.398749 807.783287
3 2.584640e-007 326.054266 807.071744
6 4.589870e-008 207.165206 891.401014
3 3.119600e-008 209.164964 892.963415
2 2.504930e-007 261.260070 812.530204
6 3.217550e-008 112.502796 898.415414
3 2.050490e-008 110.213488 899.737149
2 1.455750e-007 417.692420 694.853549
6 4.798830e-008 350.576005 852.969007
3 2.118770e-007 349.543117 855.402323
6 6.446890e-007 211.257078 782.541623
3 2.334100e-007 213.708343 781.884808
2 1.033680e-007 156.503426 764.351014
6 3.897550e-008 333.566929 840.296699
3 1.150650e-007 335.181162 842.220457
2 6.261370e-008 321.605353 828.187523
2 1.288660e-007 208.170816 643.336925
6 9.002150e-008 193.360668 654.497197
3 2.818670e-008 127.624135 704.033338
6 2.171690e-007 255.063758 845.952019
3 2.606160e-007 253.988561 843.537103
2 1.295060e-007 228.837444 787.047130
6 4.005540e-006 229.679685 761.325675
3 6.691560e-007 227.704579 763.042601
2 1.278360e-007 180.810025 802.393886
6 1.092890e-008 160.253117 959.747390
3 1.009760e-008 158.774903 961.938912
2 1.296290e-007 221.322325 827.570057
6 2.826850e-008 286.658458 889.470884
3 1.207830e-007 289.060904 888.246773
2 6.690520e-007 225.094757 730.647464
6 1.274930e-006 223.757081 727.162720
3 5.121760e-007 222.819213 724.719504
6 7.112670e-008 258.704888 854.196045
3 2.451830e-007 260.351828 852.162228
2 3.338480e-007 313.148607 799.019489
6 6.077410e-008 113.680021 728.530753
3 5.468080e-008 111.152047 727.757876
2 2.177060e-008 52.017736 709.678747
6 2.387640e-008 403.561278 619.661460
2 6.505910e-008 408.502228 572.652703
9 1.420270e-007 503.652017 519.898847
9 1.289050e-006 565.073679 517.950114
7 8.849140e-008 722.382806 650.601308
9 8.722160e-008 696.997807 551.575395
3 2.838740e-007 356.419705 737.260632
6 1.304860e-007 355.090372 739.563109
2 6.732390e-007 354.335776 740.870110
3 1.898260e-007 334.851805 860.046435
6 2.734580e-008 335.299907 857.505159
2 9.148960e-008 335.554274 856.062587
3 5.147930e-008 312.524019 1003.056067
6 3.303500e-008 295.666023 818.895059
3 3.419660e-007 295.384180 816.213510
2 2.383410e-007 263.820008 791.153659
2 2.002760e-007 200.121989 725.875587
6 2.114980e-007 201.107528 739.968874
3 1.704470e-007 201.290092 742.579548
6 8.934480e-008 220.356860 874.565489
2 4.365160e-008 152.414493 858.879641
3 4.867560e-008 135.934175 855.074832
6 5.562870e-007 311.032805 794.910686
2 1.835560e-007 311.211324 796.364584
3 1.146550e-006 311.351744 797.508198
6 1.203240e-006 271.435525 707.653579
2 1.229210e-006 272.167929 706.385017
3 4.621450e-007 272.744044 705.387153
6 1.289390e-007 268.725334 847.198921
2 1.360490e-007 268.850426 848.628699
3 6.494870e-008 268.948820 849.753323
6 8.618630e-008 65.791700 753.374909
2 8.114170e-008 64.370384 753.020538
3 2.996920e-008 63.252401 752.741796
6 1.470930e-006 273.038702 706.754974
2 1.115810e-006 274.556895 706.887800
3 2.756360e-007 275.751120 706.992282
3 1.174390e-007 321.132264 902.621065
6 2.154410e-008 354.007855 868.486589
2 5.458300e-008 305.085240 817.825715
3 6.007400e-008 125.847254 755.888807
6 3.962080e-008 121.468482 728.242606
2 2.870840e-008 88.764224 775.148874
3 3.504040e-007 284.379776 704.379575
6 1.107270e-007 303.666250 683.697269
2 4.359420e-007 322.322613 673.694614
2 2.879780e-008 387.272564 894.402035
3 1.285490e-008 388.164122 893.653935
6 5.407410e-008 261.461335 907.906422
2 5.639050e-008 176.888967 840.224912
3 1.310230e-007 177.200138 841.310103
6 1.799200e-007 280.526404 811.152944
3 5.011950e-008 149.528012 870.933498
6 4.964480e-008 172.801314 738.291192
2 1.582420e-007 198.289814 671.890996
3 1.393220e-007 221.524857 803.397010
6 1.493640e-007 297.458784 887.404371
2 1.678080e-007 291.015088 843.413960
3 7.509050e-008 263.908647 926.839265
6 3.572000e-007 342.861811 785.276885
2 3.088450e-007 274.801416 639.100942
3 1.806670e-007 220.606787 703.687994
6 1.426710e-007 291.532542 832.639860
2 2.780280e-007 261.389827 820.737535
3 8.886730e-007 245.337063 826.580219
6 8.881650e-008 272.232149 858.542763
2 7.341640e-008 281.303491 916.740996
3 4.153410e-008 286.050801 901.213212
6 2.987490e-008 288.654357 804.624169
2 1.036380e-007 275.983778 791.953672
3 6.744320e-006 263.545427 779.515401
6 5.291500e-008 358.448343 831.561007
2 1.039000e-007 375.378577 833.639802
3 2.063860e-007 391.998527 835.680498
3 6.345650e-008 312.999538 936.027876
6 1.295050e-007 223.059539 841.327512
2 1.789050e-007 199.276414 763.605333
3 2.477240e-007 234.979385 842.942681
6 2.757670e-007 248.339935 842.476089
2 1.397830e-007 335.476239 839.433014
9 3.326120e-008 448.984318 555.965395
11 5.307670e-007 373.780942 333.012815
5 2.373920e-008 238.910974 109.863683
10 1.891690e-007 233.002565 125.545200
11 1.517370e-008 169.979740 221.278124
8 1.882520e-008 99.667894 177.342612
5 1.066270e-007 239.855250 138.082623
10 2.882100e-008 282.314051 133.889302
5 1.376370e-007 203.201387 201.626807
8 6.337650e-008 233.865351 230.990644
11 8.653430e-008 281.414828 165.544389
10 1.327830e-007 296.735505 119.161817
5 2.342400e-008 272.204544 114.212906
8 1.904350e-007 192.300528 293.871468
10 1.123980e-007 192.971392 119.357327
5 3.963570e-007 178.872960 234.176573
8 5.928870e-008 321.834465 358.753785
11 1.746190e-007 381.568860 352.478923
4 5.516670e-008 521.396474 85.911011
4 7.648880e-008 598.948232 111.466727
10 3.800800e-008 463.834651 142.882316
11 1.322950e-007 531.920029 218.499157
11 2.794020e-007 471.426845 265.945050
11 1.329410e-007 467.579921 266.504114
11 1.823900e-007 352.671249 180.074267
8 4.764620e-008 343.392661 371.268700
11 2.369500e-007 340.151146 359.534152
9 1.577000e-007 486.288550 508.318800
9 1.102870e-008 721.644706 590.435620
7 1.298590e-007 684.263685 729.943711
9 4.457130e-008 612.370890 635.139500
7 7.863360e-008 767.486457 596.465281
9 7.659730e-008 605.320000 681.113663
7 8.533910e-007 725.365473 784.566186
7 1.727180e-007 705.343478 831.035554
7 3.144470e-007 771.496818 711.380872
9 5.355520e-008 685.609884 673.879690
9 2.358900e-007 584.269405 606.454640
7 6.735010e-008 695.469175 649.977554
9 4.882910e-008 770.933437 674.523599
7 4.134100e-008 844.741222 656.549374
7 7.367530e-008 789.054937 906.429402
7 1.001400e-007 647.515437 741.415544
7 1.127290e-007 653.540454 745.267436
7 1.243630e-006 768.035454 775.300373
9 9.917540e-008 660.849666 630.992304
7 1.317110e-007 753.834302 624.490106
7 7.285900e-007 783.227422 697.689149
7 2.937190e-007 701.198000 803.573445
9 6.333760e-008 739.119092 615.562115
7 1.343980e-007 717.250395 596.871670
9 1.326580e-007 555.922328 430.052291
11 1.590050e-007 446.480309 304.153627
11 2.397220e-008 501.109079 107.697671
11 1.899330e-006 402.327648 252.130264
11 2.303960e-007 521.443401 289.018491
9 3.656750e-007 543.730106 522.743694
7 1.290140e-007 641.876305 697.962983
9 1.086040e-007 663.222181 608.029017
7 2.716050e-007 715.804292 798.116315
7 1.802000e-007 682.428255 655.282829
9 1.110290e-007 656.223277 587.016243
11 4.836700e-008 473.535510 433.614031
9 4.373630e-008 403.854068 395.023352
8 3.401180e-008 282.361974 287.329612
10 6.930490e-008 200.892141 156.950577
5 7.033280e-008 197.721615 151.876674
8 1.651120e-007 149.141965 343.858484
5 4.901910e-007 66.878666 206.949338
10 1.144310e-007 257.874341 126.339107
5 1.826030e-008 267.854975 221.298398
11 2.072600e-007 275.095668 290.188921
8 2.746250e-008 247.948567 232.929951
5 1.215040e-007 232.536455 216.469932
11 6.898550e-008 196.196074 158.312787
10 8.936410e-008 177.285706 161.185935
8 7.752920e-009 197.437691 325.308116
5 4.397380e-007 42.021102 183.807928
5 1.768270e-007 161.567299 112.154343
10 9.581590e-008 185.423424 158.974944
8 2.571020e-008 280.552141 296.497954
11 1.031850e-007 345.007939 354.534105
11 5.162430e-007 348.430419 313.499477
8 3.866510e-008 227.615281 239.319760
5 3.915800e-007 152.748141 201.172956
11 1.548840e-007 294.014297 334.793208
2 2.587300e-008 416.349950 507.819430
9 3.901080e-008 412.319984 496.115583
2 3.753220e-008 471.228000 616.085674
9 9.572460e-008 494.064497 595.391383
7 1.041300e-008 602.538928 651.853898
9 3.469820e-008 512.259939 354.522827
11 1.321640e-007 470.076230 325.922948
11 1.108720e-008 440.710472 405.937525
9 5.300560e-007 537.087208 529.586235
7 9.517830e-008 769.981073 605.534926
7 3.964430e-008 619.515144 902.488640
7 6.458800e-007 737.121113 793.316272
9 4.014750e-008 575.912281 682.207951
2 1.957170e-008 190.334912 562.878647
8 1.727630e-008 250.461709 535.747210
9 6.801650e-008 510.811125 636.955960
11 1.283500e-007 496.568209 250.068686
11 1.380380e-008 548.550490 146.121129
11 4.654230e-005 387.465443 284.789256
9 1.107640e-007 457.981056 507.526291
7 1.227490e-007 844.451181 645.813559
7 2.446290e-008 662.577060 560.700683
9 2.346010e-007 658.571691 558.099552
2 9.537550e-007 334.241337 718.266657
6 3.660800e-007 322.905419 771.614483
3 3.417530e-007 324.585640 773.689385
2 6.918710e-009 299.916294 927.992472
6 1.460660e-008 307.321542 990.030140
3 9.346700e-009 307.973848 987.413907
2 1.077830e-006 255.102693 745.262631
6 7.749710e-007 277.939439 808.006133
3 1.681510e-006 278.843552 810.490166
2 5.946030e-007 258.701544 744.674532
6 4.013290e-007 320.299141 764.688799
3 7.448550e-007 322.737809 765.481170
2 1.049710e-006 252.806819 737.198679
6 3.163950e-007 201.406645 692.517197
3 1.340350e-007 199.371683 690.748232
9 3.579630e-008 396.018132 547.476031
2 1.485880e-007 300.871744 597.455646
6 4.778280e-008 360.490417 572.149021
3 3.072600e-008 381.416415 601.179469
9 1.405730e-007 497.496533 583.214421
9 2.322220e-008 600.274815 720.642027
7 6.779690e-008 637.997993 686.675859
7 6.857390e-007 780.018519 700.640812
7 3.841860e-008 659.880810 940.710407
7 1.429250e-006 749.858184 717.829252
7 9.296110e-008 657.511511 673.328307
9 5.700420e-008 631.446529 673.804044
9 1.411010e-007 649.959050 523.558474
7 1.640320e-007 705.785255 824.266860
7 4.400150e-008 697.745007 870.860411
9 4.329480e-008 608.430202 727.360383
7 8.236710e-008 667.492717 777.512418
9 1.179830e-007 676.056108 543.334834
7 3.479400e-008 681.104319 518.315968
9 2.902240e-008 612.109064 687.038036
7 1.737140e-008 582.836560 730.436405
9 9.242860e-008 705.756055 600.022443
7 5.110290e-008 761.831208 559.281421
7 5.594630e-007 799.200760 712.204494
9 3.242020e-007 589.406700 623.106228
7 3.506570e-008 587.277838 628.375359
9 9.159650e-008 540.112000 381.764347
7 4.977870e-008 717.597576 863.181901
7 1.145180e-007 873.294277 800.140036
9 3.441010e-008 719.226487 696.407989
7 1.480750e-007 763.380614 630.362764
9 1.123740e-007 503.103047 670.606359
7 1.860090e-008 647.557581 512.910660
9 3.055050e-008 703.583865 491.304466
7 1.193140e-007 864.194602 686.490393
9 5.475800e-008 768.430042 560.440523
7 1.027020e-007 712.066249 630.269636
9 1.151800e-007 677.076266 582.614119
11 4.686130e-008 488.477946 418.087575
11 5.249020e-008 610.372711 373.546405
9 3.657780e-007 589.799295 470.337730
7 2.355820e-007 674.475266 761.252000
7 2.946340e-007 824.732559 762.307313
7 4.379270e-008 844.384446 583.790418
9 1.839280e-008 639.802542 716.470610
7 7.634610e-008 636.786944 731.984322
7 5.797540e-007 754.125673 811.664551
9 5.733780e-007 598.295513 575.912168
4 1.615180e-008 763.844325 314.392279
9 2.003250e-008 761.058970 506.064918
7 1.158030e-007 784.995547 642.536588
9 6.860040e-009 765.068304 636.756354
7 2.196120e-007 803.316020 794.910141
9 5.152770e-007 534.258095 552.224285
11 4.738350e-006 414.975776 281.390399
9 3.515320e-008 515.922234 440.995012
7 1.724220e-007 743.547032 624.825195
7 4.347100e-008 862.854939 525.888792
9 5.761430e-008 737.641370 472.075588
7 4.379010e-008 851.826811 753.440238
9 5.396660e-008 773.884449 615.983207
7 1.073270e-007 717.245589 628.937219
9 8.459330e-008 475.450104 485.544121
11 2.677910e-007 451.524826 371.050726
9 3.494080e-008 604.850513 681.118260
7 1.161680e-007 713.525351 827.064359
9 2.524560e-008 666.821697 640.176275
7 7.611290e-007 707.099808 785.259202
7 9.005540e-008 698.539707 818.885007
7 1.066260e-006 783.072560 789.641678
7 4.834880e-008 810.337483 616.298967
9 4.162840e-007 623.067804 592.135804
7 6.387510e-008 767.318036 911.471067
7 4.836630e-008 645.925893 874.905275
9 4.247220e-008 494.151667 596.629641
7 3.574400e-008 640.510548 660.276598
7 2.269840e-007 735.043909 828.606129
9 3.808030e-007 546.616372 598.468104
7 1.387020e-007 879.267071 748.684074
9 7.268280e-008 548.819810 721.510842
7 1.060240e-007 672.336665 852.590858
7 4.888670e-008 666.633199 686.488572
7 1.186230e-007 663.177160 767.562785
9 1.778500e-007 603.140319 618.967470
9 5.269780e-007 593.950385 496.845310
7 7.053240e-008 625.604029 814.736918
9 9.209160e-008 539.041400 632.928594
9 7.053590e-008 399.449225 544.913810
11 8.988100e-007 447.267370 247.771546
11 6.861600e-007 366.963536 315.082144
8 2.308810e-008 351.046530 364.070188
9 1.026240e-007 462.338073 508.003819
6 1.136000e-007 340.544177 629.336152
2 1.183690e-006 279.903749 685.884551
3 2.696690e-007 279.053275 686.677635
3 6.509200e-008 298.259734 936.381015
6 4.595560e-007 275.795394 807.411734
2 1.128260e-007 274.806266 806.232939
3 3.308700e-007 329.452402 850.495329
6 3.702550e-007 312.271802 764.956212
2 2.508110e-007 313.368075 763.897556
3 3.433740e-007 217.695727 779.841445
6 9.048360e-007 286.524399 763.972895
2 5.713910e-007 285.732487 762.705562
3 7.180640e-008 101.430926 813.251237
6 1.029220e-007 225.116749 873.700397
2 9.427440e-008 224.096981 874.832962
3 1.149310e-007 160.726179 768.834221
6 1.214210e-008 366.388777 629.756481
2 1.082330e-007 366.441958 628.233429
9 1.805660e-007 511.963289 613.008884
11 3.589620e-007 352.445913 325.118214
9 5.161270e-008 481.598373 458.376909
11 4.644850e-007 412.439627 359.338000
8 3.476830e-008 266.313490 359.338000
11 8.626620e-008 334.569103 427.173140
8 4.361710e-008 329.096028 270.450741
10 2.695060e-007 248.705652 77.066616
11 1.443080e-007 292.719419 236.094626
5 1.510240e-007 191.428513 172.747048
8 1.492060e-007 262.496570 322.351720
11 1.133890e-006 363.112544 295.391931
10 4.297870e-008 351.925486 119.312202
11 3.380680e-007 422.782004 174.740607
4 8.393130e-008 617.296726 228.570528
11 5.831960e-006 414.767135 269.033101
4 1.566960e-008 523.518883 154.025229
11 1.127700e-007 467.578212 340.104577
9 1.008990e-007 467.762140 505.603817
2 1.278280e-007 285.560330 578.653149
9 2.853130e-008 409.485616 623.176478
3 1.171870e-007 372.199122 778.427546
6 6.534780e-008 371.421802 780.970053
2 1.498390e-007 394.056253 762.971194
3 2.988180e-007 248.644697 819.643624
6 5.485640e-007 251.010788 818.782440
2 4.981060e-008 386.114414 613.348344
8 5.738720e-008 210.389060 495.985991
2 7.261540e-008 405.338434 715.171835
6 3.411410e-008 408.603390 723.677301
3 1.757770e-008 431.312892 795.039988
9 4.358530e-008 474.686483 507.200570
2 1.846050e-008 430.944182 533.904726
9 1.981360e-008 525.871632 345.135606
11 1.379840e-007 545.326629 277.288293
9 6.366840e-008 518.585292 476.434174
11 3.953700e-008 519.019703 482.646682
7 8.519770e-009 586.935065 699.900545
9 8.213240e-008 552.004954 661.784423
7 1.211460e-007 711.753457 634.207346
9 6.187480e-008 448.816804 558.085649
2 3.472950e-008 419.549201 670.965182
6 1.707440e-008 426.816592 587.900927
9 8.603390e-008 512.258142 443.685991
11 3.413200e-007 445.703755 349.747130
11 2.453060e-007 459.680744 215.735242
8 8.408810e-008 295.201106 315.641174
11 1.108190e-007 261.194938 320.420435
5 3.731810e-008 252.139621 330.342492
11 6.631040e-008 527.581562 336.542595
9 4.505760e-008 489.884977 387.388191
9 1.343060e-007 647.231389 662.124701
7 1.235520e-007 624.515340 708.699438
9 2.099970e-007 543.861955 634.919951
7 1.719670e-007 636.777068 727.834413
9 2.246910e-007 674.676972 549.242193
4 1.276400e-007 805.465244 215.167061
4 3.648590e-008 794.085303 321.244915
4 9.565790e-008 707.673139 258.762265
9 1.037460e-007 688.220516 518.112998
9 2.196300e-008 852.402018 547.703559
7 8.189220e-009 894.223358 544.979639
9 7.501820e-007 576.065485 474.387670
9 7.388990e-008 531.305797 585.355650
7 3.163270e-008 635.459419 659.991063
9 2.822640e-008 484.045019 710.070799
9 1.821950e-008 723.258334 708.032832
7 4.989000e-007 723.418456 708.361132
7 2.963440e-007 799.346593 824.374110
9 9.985320e-008 553.065363 603.750565
2 5.543080e-008 336.670944 573.164353
3 5.125360e-008 435.395878 706.992991
6 3.049590e-008 434.264666 709.312301
2 1.798340e-007 313.743548 846.162898
3 1.214170e-007 314.751126 845.557487
6 1.031170e-007 317.007708 844.201601
3 8.884140e-007 253.014019 795.134954
6 6.839940e-007 254.137622 792.725387
2 3.599910e-004 288.722310 718.558471
3 1.130610e-007 221.438025 857.276991
6 1.254590e-007 220.199921 855.132533
2 8.697560e-008 189.572101 802.083614
3 7.361160e-008 121.188193 818.347780
6 4.787670e-008 121.330063 821.054856
3 1.042900e-007 219.083145 934.359370
6 2.382350e-008 220.386413 932.102048
2 5.002120e-007 314.197088 789.003065
3 1.236600e-007 249.167951 888.397509
6 5.331820e-008 335.303101 862.063348
2 7.246160e-008 364.018015 808.279445
3 1.752970e-007 212.620987 843.716565
6 8.103940e-008 259.433481 918.632061
2 1.089480e-007 232.509115 751.090295
3 3.078240e-008 347.426610 630.606714
9 1.145210e-007 497.826420 606.785567
11 3.513790e-008 607.569462 218.881338
4 2.862160e-008 565.047335 194.051696
11 6.815500e-007 432.089493 291.425666
9 1.652810e-008 573.507985 333.453224
11 9.694030e-006 382.273286 262.183970
8 7.063440e-009 244.141923 198.947011
5 5.914340e-008 207.668952 124.166005
10 2.633710e-008 141.964830 162.791919
11 6.287630e-008 259.528065 255.284166
5 2.056570e-008 276.612119 314.863196
8 1.235760e-007 277.059241 316.422492
10 2.099000e-008 122.555137 92.419615
5 1.164630e-007 179.036773 98.789131
10 5.322110e-008 157.838120 87.383589
5 2.904890e-007 78.129767 131.566355
8 6.214760e-008 139.646434 315.096547
5 3.667570e-007 131.928193 127.408244
10 1.069070e-007 187.291944 107.257575
8 6.793500e-008 246.239049 288.557573
11 2.893560e-008 180.080301 309.421458
5 1.019880e-007 42.417309 269.000241
8 2.938770e-008 202.389742 168.987383
5 6.894580e-008 211.917938 69.854245
10 1.980250e-007 202.893491 71.283572
8 3.759410e-008 164.851027 246.681525
5 5.232440e-008 260.150757 144.622264
10 2.504030e-007 178.989769 108.486999
8 1.233700e-008 95.596819 261.116491
5 8.013720e-008 11.299268 277.502060
10 6.602140e-008 171.724403 144.721588
11 1.283450e-008 238.446503 298.798794
8 1.867310e-007 223.243780 305.251971
5 2.191410e-008 97.597262 336.966436
8 7.732670e-007 169.224305 328.174818
5 7.509840e-008 263.720152 181.792692
11 4.704010e-008 180.809994 178.897040
10 3.165950e-007 199.845728 35.671747
5 1.949570e-007 186.918933 202.262442
8 6.847670e-009 233.213595 134.511202
11 1.372110e-007 305.195200 238.120686
5 4.308000e-008 223.703375 172.130159
10 1.035030e-007 185.268244 141.006122
5 5.734530e-007 132.209677 163.584000
8 8.834910e-008 109.687544 273.035220
5 2.555070e-007 168.151124 220.394385
10 5.304910e-008 230.661567 202.903688
11 7.037080e-008 196.973054 331.421978
8 1.075400e-008 377.669187 337.731983
11 1.993080e-008 595.990139 244.425453
4 4.353020e-008 582.414758 184.393517
11 8.270520e-008 491.716929 380.017325
4 7.873860e-008 610.976469 257.726976
4 8.504320e-007 694.806269 97.561728
9 5.986600e-008 531.271233 431.092496
11 1.633470e-007 533.641258 228.628076
4 1.338760e-007 625.839155 59.711118
11 1.437520e-007 514.875833 290.750910
8 3.060610e-008 270.910958 207.253710
10 1.400870e-007 309.881917 50.947305
5 7.438910e-008 217.005878 183.765131
11 3.727410e-008 209.654748 145.947496
10 5.085950e-008 82.469561 140.002566
8 1.940250e-007 187.114015 317.043587
5 1.502270e-008 204.721521 334.599957
11 6.284200e-008 256.305273 213.076154
10 2.402160e-007 196.291945 62.495323
5 8.783900e-007 74.870323 167.835397
10 4.317960e-008 169.983819 138.454276
5 3.048120e-007 208.574181 188.359079
11 7.958120e-009 192.007331 172.551316
10 3.056590e-007 228.327748 59.941212
5 2.464350e-007 122.332132 83.396722
8 1.094150e-007 186.865355 287.095555
11 4.627190e-007 308.370653 276.778534
5 2.549700e-008 228.472073 246.108100
10 6.213910e-008 110.021892 25.739345
5 1.590100e-007 134.876051 141.611122
8 5.261100e-008 172.845185 252.691237
11 3.006460e-008 290.064130 248.496068
5 1.569630e-007 152.099641 128.565235
10 4.790650e-008 195.356616 177.491963
8 7.061220e-008 252.337038 286.475201
5 3.030560e-007 179.469832 212.849698
10 1.730690e-008 134.228568 80.457039
11 3.825800e-007 300.986630 263.264977
4 1.326810e-007 618.229422 45.358171
4 1.619470e-008 470.995494 37.051804
10 4.438920e-008 440.734444 71.385801
11 2.211350e-007 457.307834 211.575666
4 8.985510e-008 654.116684 119.310756
11 5.580750e-008 455.798358 119.860569
4 2.904520e-008 528.771863 103.762659
11 1.109040e-007 473.921465 143.734900
4 3.136570e-008 616.250247 251.032850
9 5.808890e-008 528.823336 423.035871
2 8.601770e-008 401.607901 706.031008
6 2.575270e-008 378.629281 772.765445
3 1.814940e-007 372.760716 789.808911
6 3.683470e-008 139.423591 842.860659
2 1.878990e-008 129.708581 849.663209
3 9.158480e-008 124.507210 853.305263
3 8.864240e-008 391.073195 819.204836
6 4.071330e-008 367.844399 760.405605
2 1.068360e-007 363.069272 771.130659
3 6.914910e-007 239.220051 758.909457
2 1.750910e-006 307.559768 731.298398
6 6.861950e-007 310.880828 729.956601
3 1.263830e-007 362.476381 759.660929
2 6.252650e-008 422.238193 683.168832
6 4.548250e-008 424.652330 680.078859
8 1.484660e-007 179.387132 502.447936
8 5.809890e-007 188.652548 435.974736
8 5.248120e-007 159.909769 428.449769
8 1.779330e-008 283.835075 525.007000
9 4.591860e-008 454.690853 474.478021
11 5.872360e-007 423.504800 313.594006
4 1.140650e-007 614.510090 113.570627
9 1.503170e-007 597.724380 459.390467
7 1.093840e-007 703.237485 665.751450
7 9.043490e-008 645.938228 839.576548
9 1.120560e-007 653.471408 620.619410
7 4.296920e-008 651.507138 609.479553
7 1.867440e-007 699.580326 711.564217
9 5.243090e-008 701.351166 715.947214
9 1.007340e-007 526.532323 581.927419
7 6.568030e-008 627.876537 740.222181
7 1.064310e-007 570.545840 811.882323
2 4.649170e-008 511.327629 838.766654
7 1.990220e-008 691.816458 869.098352
7 1.039820e-007 835.828960 820.153231
7 1.394400e-007 831.021939 788.732542
7 2.481950e-008 725.326513 699.392639
7 3.075140e-008 917.093619 848.610865
7 1.158800e-007 869.772702 703.159254
9 4.420780e-008 591.714972 728.898110
7 4.811920e-008 649.952765 639.412344
9 6.150030e-008 576.617899 680.598945
7 6.837460e-008 615.662123 679.510152
9 3.906260e-007 617.719571 595.559989
9 5.478530e-008 709.988268 491.009668
9 1.472720e-008 837.743961 441.642100
7 6.819340e-008 628.739935 708.999664
9 8.933210e-008 677.042826 466.769334
7 3.665770e-007 805.890533 661.199531
9 1.198960e-007 673.633011 503.208028
11 6.495230e-008 503.353206 136.666198
9 4.090310e-008 519.114275 391.527234
11 8.332790e-008 478.412073 462.025629
8 2.358030e-008 95.225489 552.413342
2 1.992550e-007 260.670779 609.771566
6 5.380460e-008 325.398644 612.031903
3 6.070940e-008 333.050650 612.299116
8 1.554850e-007 195.143797 502.194179
8 1.956970e-007 201.021861 479.212687
2 8.523760e-008 411.669820 589.736329
9 5.560570e-007 557.266588 593.517287
7 8.794040e-008 650.194225 801.268857
7 6.813180e-008 696.914610 825.826835
7 6.281240e-008 692.781178 793.041738
7 2.254120e-008 808.589690 920.880967
7 1.828640e-007 839.059479 795.446187
9 1.024760e-007 688.823245 547.146189
7 2.297150e-007 664.683460 771.877268
7 4.074920e-007 762.007913 688.713621
9 2.217700e-008 547.549175 631.139089
11 2.521060e-008 463.227021 418.734188
9 4.154330e-008 461.108476 457.814629
4 6.311260e-008 791.231623 249.841089
9 8.512830e-008 686.704030 581.327032
11 1.163650e-007 377.470128 418.660982
8 1.504820e-008 273.740946 223.879139
11 5.388080e-008 248.573400 136.109159
10 4.028830e-007 227.986723 79.148739
5 2.842780e-008 227.343768 79.942719
8 9.544290e-008 278.352067 286.699995
11 2.671740e-008 191.071536 277.526630
5 2.156110e-007 109.371490 268.939785
10 4.444380e-007 218.439872 58.330099
5 4.714190e-007 60.189736 168.859119
10 3.775580e-008 182.631436 156.822404
8 4.831300e-009 73.845890 202.598331
5 1.514060e-007 181.097564 249.110578
11 1.800270e-008 145.131424 298.424483
8 1.075130e-007 179.123793 275.156318
5 5.973820e-008 240.713000 142.492086
10 2.263140e-007 240.713000 83.575264
10 9.424330e-008 244.138727 156.015179
5 1.267350e-007 229.705027 210.530936
8 2.862050e-008 82.704625 164.005857
10 4.311820e-008 172.519047 170.478692
5 3.272700e-007 154.205624 238.825847
8 8.002300e-008 150.222637 237.991622
5 8.948230e-007 75.989760 179.994828
10 5.869340e-008 205.452310 114.274672
8 2.546160e-008 255.429616 296.772731
5 1.787170e-008 269.210406 300.985930
11 2.393660e-007 326.536591 318.512253
10 1.766030e-008 134.096470 162.185985
5 7.181900e-007 91.523684 176.717111
5 6.998340e-008 44.891518 208.592270
10 1.725240e-007 177.696316 63.552055
5 5.368670e-007 103.758835 235.046286
8 1.227940e-007 244.204188 280.679607
11 5.881000e-008 275.558039 302.517589
5 1.195990e-007 163.815928 161.324667
10 7.263520e-008 89.582975 81.868372
5 9.067670e-007 74.653733 178.893661
5 7.733150e-008 208.321463 266.349432
8 5.862130e-008 209.870629 266.975340
11 1.085900e-007 263.478744 286.451364
10 1.047160e-006 213.956794 27.398514
5 7.616430e-008 51.311472 103.241028
10 4.347100e-008 112.343073 183.394531
8 4.016420e-008 259.352211 251.607886
5 5.615730e-008 262.806811 252.933981
11 1.455240e-007 292.659028 233.787857
10 2.271830e-008 257.402478 227.539505
8 2.757180e-008 141.777100 230.542615
5 1.688840e-007 138.518459 229.420572
5 2.319240e-007 102.793651 288.148426
8 3.537010e-007 153.940804 346.986198
5 3.518720e-008 136.325715 279.945034
8 2.486800e-008 196.493289 232.936874
10 4.017130e-007 306.664233 39.738741
5 1.157240e-007 180.087066 199.657086
8 4.178150e-008 290.159049 300.571733
11 1.712840e-006 359.568444 268.205516
11 5.159490e-007 440.227047 290.164894
11 1.276470e-007 367.288631 144.578247
10 5.193780e-008 355.649692 204.455319
11 2.030400e-007 514.891656 234.150957
10 5.954740e-008 455.911123 131.768164
11 1.353040e-008 563.027123 376.556588
11 4.109580e-008 561.180922 321.519145
9 1.274090e-007 477.163459 534.536088
7 1.217490e-007 672.406691 810.636036
7 5.349530e-007 718.209182 743.913111
9 3.506560e-008 685.545268 360.161557
4 1.222600e-008 652.048387 296.241830
9 2.021190e-007 553.833434 597.685350
11 2.032730e-007 461.469347 329.706938
4 4.573980e-007 662.293791 92.143629
4 2.695780e-007 835.639278 128.845202
4 1.428210e-006 689.878314 102.356857
11 1.411850e-007 516.063346 284.734519
9 7.342890e-008 560.886462 420.443774
2 2.501690e-007 369.371601 629.232770
6 1.104470e-007 361.149694 703.466042
3 5.544460e-008 403.428139 623.951478
9 1.123320e-007 504.259005 477.920100
2 1.209870e-007 221.121423 579.885157
8 1.634130e-007 118.796159 481.070765
6 3.804650e-008 125.604306 567.528111
8 6.625340e-008 189.204748 542.059671
9 2.443130e-008 391.947100 631.923793
3 1.054040e-007 335.911919 689.950076
2 3.915990e-007 333.158610 692.801219
6 8.884210e-008 327.080492 699.095311
3 2.388060e-008 346.685735 623.275074
2 1.274830e-007 348.626647 619.913318
6 9.533590e-008 352.911341 612.492014
11 1.490770e-007 410.179119 357.528453
9 7.502750e-008 537.036614 453.122825
7 1.434070e-007 664.654436 677.707653
9 4.391600e-008 680.774174 657.801282
7 2.330870e-007 796.768469 804.534301
7 4.212550e-008 692.452667 862.804332
7 1.434480e-007 815.525065 787.293297
9 9.961740e-008 554.184881 647.372274
6 9.581770e-008 410.766476 731.912524
3 1.239100e-007 376.444381 786.929964
2 1.799590e-008 373.197627 789.203360
6 5.660330e-008 145.251603 830.871060
3 7.173040e-008 193.600915 882.719168
2 2.242030e-007 306.171840 808.198935
3 2.791230e-007 259.448413 822.701374
6 4.052980e-007 254.845399 810.710084
2 5.340160e-008 352.536506 826.610833
6 1.730230e-008 244.018970 909.159092
3 1.338220e-007 243.928563 911.748099
6 9.770700e-008 138.000202 868.978863
3 6.322230e-008 135.472131 869.200045
2 4.456780e-008 207.919840 673.704707
6 5.378540e-007 259.256552 719.600356
3 4.547890e-007 257.108843 721.049005
2 1.220790e-008 308.591558 870.615957
3 1.666380e-007 182.983524 816.374810
6 1.332670e-006 227.314683 753.063567
2 8.205700e-008 173.292960 680.722925
3 1.245370e-007 194.760054 679.292319
6 8.742540e-008 167.062422 751.447413
6 1.266770e-007 160.453575 680.864531
2 1.862490e-007 186.876025 683.147751
3 8.599930e-008 187.106986 684.335928
6 1.766700e-008 303.627222 929.380729
2 3.009240e-008 317.845028 939.710546
3 5.945040e-009 318.805420 940.408310
9 3.340570e-008 390.059803 579.264443
2 5.901360e-008 258.113030 553.616965
8 1.319250e-008 275.495182 535.288892
6 2.474550e-008 162.827137 555.725860
8 6.246060e-008 167.673784 507.726679
9 7.765540e-008 468.302000 528.367228
11 1.358230e-007 468.302000 356.195061
11 2.072860e-007 383.292430 384.720476
8 1.012500e-007 232.080281 282.931498
5 1.018090e-007 166.664540 169.628351
10 2.034740e-008 131.625730 118.375452
5 9.912260e-008 227.654209 144.444841
10 7.541290e-008 302.057814 173.005689
5 4.420860e-006 81.685694 196.622515
8 3.984170e-008 202.799013 204.281185
10 7.128230e-008 243.171248 167.693439
5 2.089510e-007 183.624796 229.356053
8 1.646730e-007 170.701414 266.912815
5 2.377620e-007 186.668438 176.360786
10 2.695360e-007 200.037813 100.540523
5 1.267030e-007 149.841801 97.638229
10 8.391350e-008 148.471238 176.171752
11 2.125390e-008 152.324597 222.528476
5 1.575920e-007 147.992304 221.764571
8 2.243900e-008 146.330844 221.471609
5 9.333290e-008 158.019096 144.491579
10 1.338080e-007 286.462927 126.930869
11 7.953180e-008 265.433398 235.118396
8 2.027310e-007 190.759563 295.203483
5 1.503830e-006 107.236619 215.454762
10 2.277380e-008 212.675559 202.281949
8 2.586890e-007 197.894552 347.306617
5 2.310360e-008 228.328805 350.703348
11 3.401400e-007 349.207045 316.042021
9 5.186650e-008 485.486325 396.755690
11 7.061770e-007 382.826506 302.271640
11 1.047820e-007 517.984538 178.842134
4 7.845610e-008 618.896958 75.967230
4 3.001890e-007 733.459383 17.586858
4 3.738620e-007 653.773220 131.716186
11 1.731240e-008 467.724852 45.670304
11 3.234330e-007 333.746806 246.709821
9 5.035460e-007 567.429706 481.046820
7 1.155350e-007 722.694779 620.122472
7 2.747760e-007 697.054705 779.460957
9 4.160880e-008 737.274152 654.878019
7 4.345920e-008 700.811430 609.444442
7 1.999580e-007 703.113112 801.697247
7 1.630460e-005 768.474996 740.413607
9 2.916920e-007 618.631275 567.768988
11 4.171190e-007 435.846513 310.992053
11 2.061010e-007 429.404267 178.530975
9 8.061970e-008 552.526414 436.623308
7 7.251970e-008 664.959890 589.939574
9 3.817470e-008 683.923920 661.194321
11 4.701170e-007 369.172806 328.958114
8 1.431290e-007 223.992858 302.422077
5 2.214840e-008 138.559089 317.486139
8 9.660850e-008 238.671679 310.594986
11 6.667410e-005 397.840604 279.655640
4 6.022940e-008 627.713299 93.899194
11 3.238280e-007 463.539584 246.225328
4 3.127790e-008 610.470063 133.635525
9 9.754850e-008 557.265870 414.954864
11 4.557760e-008 513.083009 258.924566
4 7.635090e-008 687.048946 132.997535
11 1.574050e-007 504.305352 283.090172
9 5.503770e-008 574.545881 407.175010
11 5.390780e-007 454.103218 286.733201
11 7.547130e-008 521.223163 441.338077
9 1.064010e-007 514.769000 450.799011
4 7.487340e-008 535.310543 134.790300
11 9.760310e-008 490.720323 253.431471
10 3.496980e-008 390.528866 197.619774
11 1.297290e-007 498.790648 270.643303
9 9.766350e-008 480.725419 429.410674
11 7.113830e-008 411.057266 120.022146
11 3.030630e-006 414.349987 272.349708
11 2.268150e-007 440.131363 210.290426
11 4.558610e-008 496.660784 446.433311
9 2.256810e-007 561.440485 479.440105
2 1.026210e-008 432.685038 500.255063
11 1.703150e-007 451.077105 384.131214
9 9.273060e-008 562.220911 482.248378
11 2.036110e-007 487.935247 235.797429
11 2.582760e-007 429.527603 342.957113
8 3.859850e-008 319.142775 311.899369
11 4.163540e-008 517.691022 494.590958
9 3.555620e-007 539.023506 514.483877
7 3.497490e-007 714.335074 735.954392
7 3.612120e-007 825.231397 784.331404
9 4.296190e-008 615.567918 676.653696
7 1.045160e-008 550.333914 632.845824
11 7.983280e-008 539.637984 292.292546
10 4.428990e-008 437.855341 120.836283
4 1.428670e-007 672.423773 90.949224
11 5.625630e-008 529.959816 272.217657
11 5.439150e-008 533.113249 241.779906
11 7.466700e-008 551.483547 236.111268
4 1.022730e-008 565.167419 234.080342
11 4.450850e-006 379.147031 276.416547
11 1.462320e-007 503.904440 200.207139
11 4.584010e-007 436.133678 232.587589
9 8.677800e-008 491.880954 533.681983
7 3.302890e-007 701.990369 715.524080
7 6.096030e-008 715.349176 926.060279
9 3.327050e-007 558.310910 589.123198
7 8.377320e-008 684.707204 817.686070
9 3.886130e-008 770.267411 495.243299
7 6.291170e-008 919.784349 791.206013
9 2.488560e-008 760.409792 544.319441
7 1.515600e-007 683.988494 697.845740
9 8.657730e-008 697.378231 639.042699
7 2.897360e-007 805.285790 691.672533
7 3.879520e-008 631.512425 874.751575
7 4.259210e-007 836.175696 762.897355
7 2.113060e-007 761.535261 635.936898
9 7.001350e-008 679.446701 412.260779
7 1.177320e-007 835.045475 727.057286
7 1.489270e-007 703.524902 868.317253
7 2.523330e-008 867.735223 821.457203
