11 4.006800e-005 781.958000 531.419000
10 1.681170e-008 812.905534 591.116199
11 4.558220e-008 744.936882 565.025496
3 2.861350e-008 647.537146 601.698279
8 5.002630e-008 451.327606 426.562849
6 3.531600e-008 539.898782 224.815788
6 3.177550e-008 565.073306 257.516066
3 2.820280e-008 630.216962 482.295301
10 1.062680e-007 816.890278 625.926900
11 5.057510e-008 819.855009 618.942387
10 8.753830e-008 916.145175 646.165015
11 3.385330e-007 913.576054 638.703711
11 5.590400e-008 887.689551 514.962152
11 3.140920e-008 791.470915 635.707616
10 6.213240e-008 759.167942 666.737399
3 4.634440e-008 477.293784 612.913700
8 7.373280e-008 487.494285 483.994955
3 9.785310e-008 531.071997 581.905284
10 1.491730e-008 751.388603 550.696609
11 6.279660e-008 744.595518 547.672117
3 1.501970e-006 489.927899 523.199122
8 1.696320e-007 422.103021 518.385451
3 3.355750e-008 581.358225 422.579682
8 1.264910e-008 468.456035 501.176947
3 5.041010e-007 446.981479 466.897820
3 8.737980e-008 478.784750 402.567577
6 3.529210e-007 434.093214 195.100363
