6 4.617400e-008 699.106792 467.866701
3 1.458010e-007 708.758456 294.683607
6 1.325560e-007 777.464054 364.306226
3 2.498910e-007 783.955335 275.318861
6 1.437340e-007 677.362774 472.507914
9 4.896020e-008 588.566037 603.132230
7 8.284340e-008 449.187547 416.494694
10 1.080760e-007 433.830129 344.243947
3 9.559330e-008 744.270746 85.491486
7 8.497840e-008 564.611156 248.697861
10 2.372200e-008 564.934081 254.859536
6 5.771940e-008 596.334742 402.473738
3 8.671270e-007 770.167110 240.086680
6 1.954590e-008 831.484687 242.663826
6 1.172100e-008 833.085672 502.081735
9 1.261910e-006 646.299727 764.852223
11 2.411310e-007 644.851410 835.337992
4 2.062850e-007 752.003457 957.428480
11 1.673080e-006 689.357167 855.385290
9 1.344340e-007 677.802616 809.043031
7 4.308460e-008 458.818174 477.830538
9 4.055820e-008 689.081421 579.789370
7 1.394150e-006 472.501939 331.882640
10 1.320430e-007 472.996224 330.912553
6 1.267550e-007 593.711311 450.325223
9 1.102090e-007 507.153029 624.409691
7 9.111460e-007 468.640235 351.286541
10 5.374280e-009 499.247756 275.529684
7 3.751590e-007 414.178692 216.456062
10 2.153690e-007 470.482827 156.077301
7 1.590820e-007 540.073583 398.635958
10 1.579780e-007 399.477983 317.462715
7 2.332400e-007 353.308191 315.081779
10 8.766600e-008 272.068714 223.578436
2 1.631560e-007 140.745269 182.529063
2 1.657500e-008 190.255218 196.889178
2 1.023760e-007 102.277122 68.169086
2 1.108700e-007 181.749891 208.270037
2 2.351650e-008 64.705150 210.282250
2 1.195640e-007 242.506832 155.161157
2 4.988740e-007 157.659460 101.077125
2 1.123930e-006 197.970444 115.948883
7 1.300040e-007 336.980742 338.807260
10 6.364960e-009 337.058239 339.915495
5 1.200700e-007 194.958678 590.758824
5 7.182420e-008 190.297533 542.794088
8 3.336790e-008 200.848027 677.149414
5 4.650010e-008 205.062525 689.947404
8 8.499380e-007 195.495930 792.107734
5 9.452530e-008 65.919799 711.903096
8 2.682640e-008 304.594930 726.670640
5 4.088910e-007 131.696072 675.632306
8 2.794360e-006 199.779977 818.765075
5 4.984290e-008 96.312396 794.265570
8 1.235060e-007 245.267204 749.917248
8 6.849270e-008 243.282557 981.880745
5 4.420200e-008 142.329440 785.260766
8 1.324170e-007 108.354206 873.769173
8 3.895880e-008 236.525539 917.838577
8 6.714340e-007 184.009743 857.228094
8 4.673730e-008 173.089064 960.750700
8 1.983650e-007 257.788608 869.496754
8 1.018230e-007 229.778893 876.964739
8 2.917280e-008 49.228463 902.198402
8 4.110420e-006 166.233645 821.721232
5 3.360260e-007 124.963808 628.256294
8 4.013470e-008 131.422870 689.228720
5 4.318680e-008 103.568270 734.508225
8 2.722800e-007 221.808005 855.288414
8 1.160290e-008 368.462970 880.733995
5 6.483960e-008 164.325305 548.304563
5 5.056700e-008 291.928221 592.604838
9 1.357130e-007 580.581514 647.557003
6 6.144430e-008 597.088121 309.673751
7 1.393990e-007 594.410692 241.969617
3 3.663550e-008 585.956331 322.409258
9 6.971800e-008 755.591686 650.140927
9 8.682500e-008 724.944666 718.093319
11 2.249470e-008 742.035737 658.488787
11 1.177040e-007 802.204227 779.565436
6 6.607550e-008 750.175691 501.305337
9 9.321780e-008 617.002904 619.437952
9 4.392900e-007 548.703866 713.509050
9 1.440450e-007 508.442464 706.338977
11 5.990310e-008 754.060264 774.369062
9 1.385260e-007 717.852358 694.636520
5 2.370010e-008 130.531683 441.768930
8 4.474780e-008 317.415857 886.912392
5 2.874530e-008 253.373823 748.730344
8 6.960940e-009 338.653078 715.994894
5 1.213670e-007 182.153056 674.316962
8 4.641320e-008 182.346937 679.868903
5 3.436460e-008 55.428709 827.747613
8 3.264830e-008 57.399633 822.613183
9 1.675030e-007 622.715326 630.380774
11 4.640710e-008 766.280548 765.311445
9 2.423490e-007 641.390432 674.046261
11 4.226700e-008 794.936761 927.177449
4 1.830290e-007 792.499028 928.366410
9 1.058010e-007 670.603671 798.091306
11 5.358760e-008 813.683700 815.987606
4 3.052390e-008 811.683078 813.915896
11 1.293290e-007 741.662812 801.478324
9 1.430380e-007 731.537392 819.743862
4 9.798730e-008 668.337384 929.209444
11 5.595590e-008 620.217022 828.482669
9 4.815330e-007 641.992764 822.238512
9 2.958710e-007 563.053444 819.784827
11 1.447630e-008 591.741010 694.351975
9 1.750620e-007 518.555295 700.775741
6 6.888950e-008 776.918114 463.965682
9 5.225360e-007 653.737522 771.731927
11 4.109130e-008 650.316238 774.404932
4 4.190240e-008 809.923810 862.692295
11 1.140430e-008 837.946585 860.240574
9 2.252950e-007 706.197884 789.260458
11 8.044140e-008 694.418771 762.694856
9 7.291250e-008 845.912170 749.250144
4 9.583560e-008 924.013523 909.467513
11 1.719410e-007 766.938418 901.211148
4 1.827680e-008 782.815487 896.863190
9 9.958550e-008 747.685850 768.604210
11 7.353490e-008 752.583200 728.717367
7 7.362110e-007 477.348297 339.353312
10 8.842250e-008 510.424045 268.421946
7 2.623080e-008 481.527247 110.431371
3 2.349050e-007 682.294112 166.077887
10 8.144050e-008 499.326894 194.490296
7 7.059190e-007 511.934415 284.196252
2 7.588230e-008 251.459860 205.474024
10 8.993400e-008 306.443211 254.981218
7 1.803000e-007 372.374989 314.346412
6 5.794750e-008 580.006622 291.406471
10 4.675540e-008 483.003107 93.877567
7 1.610960e-006 476.181986 271.812228
10 3.728710e-007 465.468780 276.582063
10 5.263570e-008 489.627555 338.414504
7 4.640250e-007 485.675866 337.999162
3 2.925510e-008 634.968109 123.491805
10 4.312900e-007 452.766153 198.682869
7 2.428590e-007 451.378837 202.494515
10 1.422450e-008 433.527046 62.915093
7 1.496740e-007 537.386724 195.849956
6 6.586790e-008 543.679089 369.232475
10 1.217550e-007 344.079762 336.677795
2 1.547260e-007 126.903919 123.168397
10 7.260590e-008 286.540702 214.531497
2 7.140000e-008 236.965243 232.610909
2 5.188590e-008 92.770298 160.808738
2 4.341020e-008 39.240813 158.550531
2 1.058940e-007 276.817519 127.149149
10 6.235990e-008 270.686066 253.477445
2 1.493520e-007 238.187945 193.539160
2 5.302210e-008 209.431062 237.515601
10 6.447710e-008 242.929877 198.964207
7 8.504290e-008 309.830079 351.816597
10 9.867910e-007 462.128545 257.654225
7 6.343700e-008 495.552247 144.476518
