8 1.021110e-008 737.343177 570.201913
2 5.761000e-007 672.420707 237.388967
2 5.927310e-008 762.744669 314.663677
4 1.335000e-007 452.973588 434.306559
5 4.321250e-008 450.712025 423.666776
2 6.191210e-007 607.610789 170.885811
2 8.475770e-008 568.679110 326.317897
2 1.000590e-007 779.667368 232.393588
8 5.128620e-008 819.265653 620.330833
8 7.936280e-008 919.419564 655.674579
8 2.695480e-007 906.180844 518.990906
8 1.790410e-007 810.776875 610.997246
11 1.204290e-007 645.643301 837.116604
7 3.789910e-008 720.108957 964.207887
9 7.054680e-007 790.052988 949.340778
11 1.015540e-007 685.094120 838.287329
5 5.574350e-008 482.619008 496.061813
4 1.382470e-007 516.534799 412.116425
8 2.812590e-008 774.147131 560.829412
5 5.148560e-008 422.804818 515.570670
4 5.104210e-007 443.634034 432.028519
2 4.211100e-008 557.904524 186.094942
4 1.681620e-008 587.471270 436.309834
4 2.814370e-007 433.428779 474.722474
5 2.205450e-007 368.713133 512.086068
6 8.868540e-008 338.681705 513.696207
4 3.426110e-008 514.565751 244.486945
3 6.869320e-009 423.239644 206.739386
2 3.875900e-008 459.075955 184.942580
4 7.841340e-008 403.771466 258.334520
4 4.146610e-008 202.675518 309.855824
6 4.173080e-008 276.360385 313.738803
3 1.423350e-007 256.292535 208.343564
3 4.644630e-008 81.206525 123.387975
3 1.527580e-007 166.241674 205.573344
3 2.997820e-008 148.438393 97.426375
3 7.437590e-008 69.756489 173.860435
6 2.122870e-008 160.912950 323.224172
3 1.156980e-007 215.244158 34.833632
3 5.281850e-008 118.259014 134.351701
