4 1.287590e-007 745.550151 563.067729
4 4.499740e-007 647.516036 503.990946
11 2.223360e-007 698.085506 280.520048
4 8.113330e-008 774.950928 365.425135
11 1.007350e-007 725.979864 337.489307
4 4.223530e-006 676.785617 475.007883
8 4.838670e-008 582.527551 599.059231
10 9.924180e-008 454.718212 442.514344
5 2.409930e-008 452.636444 432.720425
3 7.491550e-008 433.089721 340.760611
7 2.356700e-007 482.746735 274.497526
11 1.025490e-007 549.816937 216.194029
6 3.127550e-008 599.518381 175.942491
7 5.837630e-008 565.493289 265.529699
11 1.952560e-007 565.740464 270.246014
4 5.636860e-007 603.737896 419.914488
8 1.866970e-008 640.305276 506.061897
11 1.783910e-007 746.594564 259.175189
4 1.604950e-006 705.419386 486.696632
4 3.038040e-008 762.497795 635.680756
9 4.116160e-009 853.271589 661.710013
4 3.115590e-007 761.509616 523.785577
9 5.790070e-008 697.087096 720.703446
9 1.542630e-007 813.621817 902.866798
8 2.781430e-007 483.520077 615.179892
5 2.976140e-008 485.064645 490.008586
3 2.172320e-008 520.454983 401.715269
10 3.938350e-008 479.668749 452.082172
4 3.084400e-008 465.611017 469.442060
8 1.485560e-007 509.636434 580.029982
4 5.153320e-008 755.779808 552.651710
8 3.236390e-007 525.297428 513.056951
5 3.122160e-008 428.002720 494.722843
10 1.376300e-007 445.340987 425.182245
3 8.934490e-008 446.591192 420.167901
7 6.284420e-008 464.347620 348.950138
11 1.843430e-007 505.757106 266.615923
6 5.350770e-008 557.714547 196.978005
4 2.016140e-007 592.683590 448.016919
8 8.258110e-009 626.460133 523.880423
5 3.170200e-008 471.031459 476.673543
10 1.294120e-007 471.608817 471.180381
3 1.732690e-007 339.748402 528.808862
8 1.440340e-007 333.213619 532.581720
7 1.172110e-007 491.881049 293.763062
11 5.714710e-008 495.519998 284.756278
10 7.402400e-008 500.513424 272.397021
8 1.909170e-007 490.666861 422.342573
3 4.596750e-008 413.117006 293.278960
6 9.287820e-008 440.036870 188.726575
7 9.379470e-008 467.350613 159.436188
10 1.193140e-007 435.670066 291.891295
11 5.742330e-008 539.038448 398.038320
4 9.972320e-008 483.275534 365.843453
8 7.428130e-008 473.206399 360.030011
7 7.202210e-007 390.320125 312.175401
3 8.428080e-008 318.791483 303.770299
2 5.640130e-008 167.815044 311.844352
10 1.946580e-008 176.340602 311.993150
7 1.137470e-007 264.541209 216.309213
2 7.066170e-007 42.168232 189.422018
2 1.062690e-007 194.606393 197.041115
7 1.151260e-008 176.465986 140.762898
2 8.629050e-007 86.510775 158.265942
2 2.434260e-007 120.989302 135.858153
2 1.100500e-007 145.740853 163.496284
2 1.611850e-007 190.716289 231.944215
6 1.163670e-008 209.454087 128.470095
2 1.686740e-007 167.596695 339.766974
10 6.337200e-009 137.970186 266.439004
2 8.538480e-008 102.978111 90.050078
2 1.258250e-007 125.520110 276.926392
3 5.548030e-008 335.844263 322.555033
7 2.915130e-007 335.998156 324.755782
10 2.069660e-007 336.205068 327.714733
5 1.071310e-007 346.066205 468.733906
8 4.028080e-008 304.089049 537.532422
3 1.110570e-006 257.119020 425.972617
10 2.216580e-008 176.266653 408.972313
5 3.499400e-008 120.175748 400.088293
2 3.537230e-008 102.061626 443.141028
3 4.011440e-007 216.774646 475.013017
5 1.591530e-007 226.016950 478.376945
10 3.360250e-008 287.107406 529.227557
8 1.849720e-007 348.886938 582.931942
5 4.861070e-008 262.646189 735.762026
5 7.445540e-008 316.123279 680.925362
5 3.784630e-008 187.793656 661.415973
5 1.939150e-008 255.172471 794.888126
5 1.061710e-007 204.781889 624.073277
8 2.278270e-007 346.265733 574.950279
5 1.851540e-007 334.076795 547.573297
3 8.564060e-007 316.153402 508.561923
10 4.270730e-008 317.753161 513.207951
5 3.485070e-008 191.198133 433.814029
3 1.235310e-007 146.366504 410.971225
10 5.245580e-009 207.577458 484.468204
5 1.655080e-007 202.282632 514.496571
3 2.473260e-008 190.589166 580.813313
8 2.605780e-007 379.440366 574.003577
4 3.680710e-007 599.095888 443.499629
11 1.547820e-007 597.937891 358.343841
8 6.959870e-008 617.735450 528.860667
4 1.562610e-007 662.652419 613.336700
9 3.033060e-008 792.871364 656.714512
9 1.021110e-007 734.642910 721.573075
4 2.541450e-007 792.885503 553.191396
9 1.152760e-006 810.185449 788.494573
4 3.789100e-007 691.358062 521.558112
8 9.338440e-008 601.433207 643.413112
4 1.956340e-008 648.276148 574.689509
8 2.475110e-007 530.253379 522.142579
4 5.430330e-008 621.000956 618.897750
8 6.128440e-007 522.387456 509.510602
5 2.101100e-008 474.063642 587.135558
10 1.785550e-008 474.109294 587.507370
3 2.717630e-008 474.118475 587.582149
9 2.857230e-007 772.430529 773.084525
8 7.300980e-008 485.300659 625.900885
5 2.334190e-007 366.231054 552.749137
3 1.164920e-007 365.792510 552.671809
10 2.091960e-008 217.458631 498.219829
5 6.810800e-008 356.007935 587.306966
3 1.570270e-007 356.444526 587.415822
8 2.779860e-007 417.829571 602.721010
10 6.010940e-008 295.230622 516.684081
8 3.129200e-007 408.942764 581.339656
5 3.806830e-008 414.111911 548.703272
3 3.013130e-008 418.158550 609.275543
5 2.877380e-008 259.480029 730.910857
5 4.004230e-008 190.242562 653.010918
5 1.076020e-007 289.730022 648.396997
8 3.983290e-007 396.837357 561.427768
10 7.761990e-008 440.696589 496.403606
4 2.247330e-008 594.348343 637.453395
9 2.572480e-007 802.889115 736.894307
4 1.474590e-007 736.885924 567.988297
9 9.755110e-008 881.658407 778.408719
9 8.683010e-008 714.144002 801.755720
9 1.490040e-007 887.597941 803.336636
8 2.953640e-008 589.934488 695.912661
4 6.313480e-008 635.791839 607.181494
9 1.106160e-007 748.963825 697.332852
9 1.158260e-007 718.127915 870.723546
4 3.719690e-008 638.597769 642.985270
8 1.401090e-008 643.613833 653.742350
9 6.857070e-008 704.498428 766.613612
9 7.962280e-008 753.578310 897.880071
9 8.367460e-008 754.227622 715.324240
8 6.568330e-007 526.078117 516.757755
4 5.332320e-008 496.404492 430.579295
10 1.018300e-007 473.528416 364.142349
7 7.637720e-008 491.068069 309.931084
11 1.627570e-008 495.258979 300.943624
6 4.879200e-008 553.636223 169.522333
7 3.727300e-008 522.168748 106.281491
6 2.311890e-008 677.308758 162.747647
11 1.171360e-007 691.219665 167.810786
7 3.819950e-008 516.406454 316.016033
10 1.019630e-007 437.071657 334.476395
3 1.550930e-007 378.661298 342.685447
2 2.430310e-008 131.422600 349.961286
7 2.796590e-007 336.458559 282.007137
10 4.511550e-008 338.579502 283.916842
3 1.107700e-007 379.405293 320.676521
11 3.915340e-007 558.975884 348.012300
4 2.306540e-008 566.431519 247.004314
6 1.176110e-007 538.603271 155.982225
6 1.392170e-007 529.927394 223.227635
7 1.217550e-007 519.332312 247.024571
11 1.054310e-007 455.656833 280.950631
10 1.013320e-007 365.339960 321.162366
3 2.380450e-007 350.544435 400.447738
5 5.135580e-008 382.645223 469.288503
8 3.010770e-007 386.132735 476.767540
11 7.060500e-008 464.437603 335.766917
7 1.061270e-007 454.049016 334.675026
10 1.247430e-007 370.982809 325.944364
3 4.878470e-008 329.320426 304.405203
6 9.905030e-008 530.304057 182.601373
11 6.054210e-008 654.760657 118.922283
7 5.379990e-007 440.275730 233.000256
10 1.199810e-007 411.113993 313.122011
3 5.205320e-008 418.593040 333.645832
11 4.873560e-008 535.766900 220.492160
6 3.849930e-008 536.545195 219.740568
7 4.318940e-008 546.945905 275.692294
11 1.581770e-007 543.189192 383.259923
10 1.830450e-008 516.199074 406.218464
4 7.962880e-008 450.364246 379.619485
8 5.102970e-008 438.797989 374.946417
3 1.701670e-007 360.699442 343.392578
2 1.000360e-006 134.973502 238.566885
10 4.398390e-008 288.827756 226.297247
7 4.681750e-008 273.681926 148.379514
2 6.048120e-007 141.193621 206.012471
3 3.962890e-008 171.554515 297.075180
2 5.193380e-008 171.337806 129.065212
2 2.956760e-007 18.353500 200.581141
7 2.384880e-008 317.313017 90.871146
6 4.187610e-009 292.268090 178.212538
3 3.539360e-008 243.491984 242.986630
10 4.872980e-008 241.593148 238.286855
2 6.954460e-008 187.887424 102.794455
7 1.260840e-007 274.713778 259.433623
2 1.083030e-007 188.728695 181.795808
7 2.858930e-008 227.174362 320.991026
3 1.820270e-007 238.012291 339.794001
10 4.398270e-008 240.625777 264.949005
7 4.860000e-007 345.755639 241.249158
6 4.450170e-008 403.479961 196.921733
11 3.544110e-008 518.021727 315.533410
10 7.825480e-009 516.827329 295.858196
6 1.408660e-007 530.652531 54.959806
11 8.825430e-007 618.817700 205.900058
6 7.108020e-008 378.001118 125.661952
7 1.443870e-008 364.723130 132.721996
10 5.996750e-008 334.019862 338.393375
3 1.175490e-007 285.000916 324.348758
2 1.705280e-007 175.486289 259.654282
7 2.145880e-007 347.612806 328.935672
10 1.339150e-008 386.579817 215.766960
6 1.384590e-007 468.053089 146.675505
11 5.644700e-008 589.346338 151.270044
7 7.722270e-008 439.737987 328.908333
10 3.832230e-007 373.983612 347.762868
3 7.260730e-008 386.881299 360.500339
11 7.829400e-008 541.220525 384.478538
4 4.089210e-008 533.589141 530.101176
8 2.747270e-007 532.955315 542.195887
9 1.177690e-007 697.932275 859.647053
4 5.406180e-007 703.963290 519.541355
11 2.890240e-008 759.309923 240.329684
4 2.206550e-007 766.215285 433.904936
9 7.843560e-008 765.824916 691.292437
4 9.319090e-008 651.362301 555.834411
11 3.044890e-007 706.099578 308.971732
4 2.085910e-007 747.992554 394.799314
4 2.441300e-006 658.936620 492.131877
8 3.204010e-007 506.456009 484.670572
10 1.445570e-008 507.996885 527.263137
3 3.577380e-008 508.058606 527.306355
4 1.362710e-007 739.659644 578.790005
8 1.930020e-007 541.893929 564.206255
10 5.146300e-008 427.394496 531.212160
3 8.977200e-008 427.468651 531.219954
5 3.725330e-008 487.174611 537.495012
4 7.265380e-007 631.030491 507.095250
11 8.031500e-008 736.239762 375.031425
4 1.106010e-007 767.454995 307.491091
11 2.080990e-008 764.541929 224.068367
4 1.447690e-007 749.730195 401.010465
11 4.479700e-008 738.231247 319.192304
4 7.324370e-008 724.563130 250.636736
11 4.799340e-008 811.519900 267.539172
4 7.575220e-008 766.327777 423.834220
11 8.306040e-008 643.702975 373.916097
4 8.923160e-008 810.430753 393.954332
11 6.139160e-008 757.106847 229.839379
4 5.272730e-008 673.180760 277.255052
11 2.938100e-008 832.055868 307.112965
4 4.119780e-008 844.253522 282.219226
11 2.496520e-007 669.452793 371.868408
8 3.745050e-007 546.752141 578.976729
4 5.426050e-008 474.059572 593.106702
5 8.173190e-008 371.492004 593.138137
3 1.774610e-007 247.974345 575.778945
5 6.519080e-008 190.854136 603.180039
3 5.016440e-007 287.015791 513.507861
10 6.602320e-008 277.689851 482.092547
5 3.028870e-007 294.288683 584.515438
3 6.617300e-008 147.352871 448.508468
5 5.206350e-008 223.992014 473.171343
10 2.380700e-008 165.685482 485.597102
3 2.244020e-008 182.581612 486.250590
5 2.834720e-008 86.644926 535.132704
10 4.132810e-008 163.373822 440.436697
5 6.240050e-007 247.311508 555.840928
3 1.460590e-007 318.971802 545.471272
8 1.509580e-007 383.192017 572.731130
10 3.392800e-008 395.450248 577.934439
7 2.577130e-008 442.389365 503.139115
5 1.935600e-008 461.687850 517.160217
8 2.431280e-008 608.813222 580.403285
4 5.371110e-008 679.593069 587.842390
11 1.088110e-007 713.437210 380.641872
4 8.784260e-007 692.747762 389.495085
11 4.690810e-008 715.185750 392.253159
