8 1.698950e-007 678.702276 621.177459
9 1.869010e-006 752.327632 567.862537
8 4.957020e-008 705.487696 463.398743
6 1.268020e-007 675.508339 239.100466
11 3.859460e-008 749.444630 280.083938
9 7.113600e-008 663.258043 533.602869
8 2.965380e-007 643.516862 619.112228
3 2.576390e-007 474.852268 281.360113
5 1.654640e-007 610.604269 169.015284
11 1.871510e-007 619.223582 163.629357
6 7.135050e-007 619.479445 163.469477
10 3.304630e-008 677.064209 127.486647
9 3.648240e-008 653.852000 501.868357
8 3.945130e-008 653.852000 495.589650
6 1.153670e-007 732.960998 270.215340
11 6.036100e-008 798.657369 217.015918
9 1.387470e-007 786.725165 441.627752
8 6.128440e-008 712.551373 539.258480
9 2.051040e-006 816.742593 538.278830
9 3.652100e-007 837.055570 512.963180
8 4.509660e-008 783.825620 629.159589
9 1.057470e-007 704.585400 527.059807
8 2.888430e-008 750.650623 674.141390
9 3.848950e-008 634.389217 775.205871
8 5.948830e-008 637.308887 671.154615
8 1.808890e-007 533.656692 582.131407
9 5.810340e-007 746.986919 575.740332
8 3.218030e-008 487.433801 523.914301
3 1.194760e-007 464.356944 348.912743
6 3.723870e-007 556.424199 167.176491
10 3.285620e-008 557.591178 204.045336
5 4.030920e-009 557.497796 209.394793
11 9.543650e-008 556.981072 238.995884
8 3.456560e-008 609.340429 485.428864
9 3.187100e-008 558.411588 594.815446
3 3.651730e-008 505.111338 261.016697
3 3.271440e-008 491.688424 133.337094
10 3.429200e-007 510.947397 112.684386
11 1.968840e-008 514.860301 110.913845
6 1.253770e-007 514.659790 111.179933
5 3.033170e-008 493.434145 139.347470
3 1.836730e-007 429.569833 334.836324
4 2.512030e-007 170.108321 311.884377
2 5.859280e-008 246.126610 313.211130
3 1.053910e-007 286.040271 237.070606
4 1.129830e-007 39.903977 189.580345
4 7.451160e-008 213.097092 197.686785
3 7.353410e-008 240.642606 190.903275
4 2.109400e-008 92.572124 123.890292
4 9.326770e-008 132.532369 149.614689
4 1.143740e-007 130.346005 172.384499
4 1.751780e-007 200.555253 217.357272
2 1.658800e-007 159.024343 318.549719
4 2.248790e-007 155.409368 309.602369
4 5.526080e-008 177.010407 120.787885
