9 2.105720e-007 728.031586 578.296322
10 2.302630e-008 677.630827 539.189140
9 1.902400e-007 653.568717 499.752812
6 1.602490e-007 765.099060 369.450512
3 7.122600e-008 761.924232 365.237350
10 1.497510e-007 791.491107 358.061021
6 2.468070e-008 661.100765 407.062913
3 6.172850e-007 782.712181 276.651966
10 5.851160e-008 680.584260 458.553979
9 3.007270e-007 661.359566 541.826161
4 2.916460e-008 525.179733 560.377744
11 3.729240e-008 699.656227 92.348350
9 5.948710e-007 653.852000 508.706251
6 6.713220e-008 707.066329 291.184251
3 1.396040e-007 711.086512 287.928799
10 2.052100e-007 829.880950 417.705925
9 1.652690e-007 705.722628 527.430746
10 1.501810e-006 852.535565 507.164604
9 1.007820e-007 733.452879 627.352167
10 1.789920e-006 852.811643 485.672866
9 4.471900e-008 801.259804 613.461845
10 1.559070e-007 725.803902 526.282381
9 1.098670e-007 744.894231 679.145344
4 2.152290e-008 653.694923 855.200803
9 2.107960e-007 630.071331 668.520352
4 9.515300e-008 545.894002 637.882215
4 1.463180e-008 513.314427 580.351753
9 1.181930e-006 591.775588 586.593476
10 2.035250e-007 757.265124 553.313019
9 6.126450e-008 446.194782 535.739541
4 1.949900e-008 424.598026 508.378445
9 2.984550e-007 626.789742 524.620739
4 1.434510e-007 453.948985 639.201626
2 5.636720e-008 331.676650 520.003600
