7 7.138790e-008 781.958000 531.419000
2 3.841420e-008 781.958000 531.419000
5 1.280750e-007 738.084895 569.557150
7 1.995490e-007 723.273062 582.432827
6 1.406740e-007 634.906875 663.832192
2 7.826670e-007 724.588462 627.598584
5 2.451790e-007 642.987630 507.161771
7 7.802570e-008 658.577078 496.245919
8 9.840180e-008 758.062117 426.585728
9 1.624680e-007 700.747037 284.052038
5 6.332660e-008 845.265696 334.119188
8 2.673780e-007 706.235790 396.018885
9 8.800880e-008 734.027466 328.859399
4 7.644340e-008 757.271777 323.422070
5 6.254090e-007 703.708585 409.140466
6 8.009230e-008 663.246506 533.652842
8 1.224580e-008 661.004318 543.364928
7 2.428220e-007 645.077740 612.351252
2 9.518960e-008 644.940725 612.944735
11 4.690250e-007 453.710591 437.773877
9 3.433040e-008 534.689749 229.343951
9 7.036680e-007 564.722911 250.830236
8 4.399230e-008 565.354510 262.881691
11 3.863330e-008 596.979936 403.993721
5 5.241960e-007 641.564994 509.029607
7 1.335560e-008 653.852000 502.528478
6 6.069570e-008 653.852000 501.886795
2 3.962460e-008 653.852000 420.439363
9 5.689300e-008 730.861864 271.915171
8 1.329680e-007 740.627193 264.007430
4 2.133200e-007 831.136461 241.524833
5 5.994510e-008 861.950942 399.929100
2 2.954480e-007 717.209732 547.326995
7 1.984580e-006 759.312615 620.251333
6 4.807590e-008 759.674905 620.878838
5 4.000670e-008 874.263563 490.763040
2 1.170810e-006 756.193112 633.872897
7 1.910920e-007 839.541372 657.772893
3 3.522530e-008 927.286444 682.933669
5 7.651460e-008 795.652852 584.674781
2 6.421040e-007 755.284547 654.857981
7 9.631510e-008 817.861638 598.513548
6 3.840600e-008 777.438003 512.898611
5 1.567610e-007 788.358076 510.775951
2 4.673540e-008 871.096478 494.693139
7 1.086460e-007 830.468966 585.792652
3 8.540320e-008 652.218253 759.707329
6 2.170770e-008 645.120566 835.942526
3 1.209310e-007 770.518279 892.915605
2 5.280160e-008 651.476386 703.455460
7 8.716950e-008 593.418801 655.179881
6 1.325800e-006 582.615792 651.247895
11 3.913670e-007 505.136672 440.328069
6 1.866790e-007 491.871633 578.475819
7 5.369270e-008 629.930072 583.925525
2 1.436580e-007 630.562736 583.881286
5 1.375850e-007 710.458792 578.294559
6 2.081770e-007 542.439265 508.141549
11 5.275490e-008 503.295301 519.366035
8 2.150630e-008 516.389443 245.748857
9 1.342660e-007 517.861565 242.859664
11 1.100940e-007 555.332067 333.460843
5 1.177930e-007 611.124668 489.436338
6 1.782150e-007 625.420853 521.546159
2 7.778020e-008 618.746240 559.981098
7 5.696920e-008 545.100104 602.500862
11 3.224280e-007 459.521160 459.658032
9 9.912240e-008 505.303892 260.540105
11 4.023430e-008 513.601875 240.001718
8 2.846050e-008 504.006357 365.184821
11 2.441340e-008 496.888004 127.761230
8 4.597680e-008 519.170535 386.567528
9 1.207270e-008 516.419669 384.979308
11 5.172710e-007 436.129614 338.623631
11 6.518760e-008 302.075618 252.555753
11 1.021590e-007 338.743904 364.021345
10 2.928630e-008 260.476792 820.495202
10 4.803150e-006 68.213072 713.827378
10 1.971420e-007 128.320613 688.229636
10 2.240610e-007 108.774036 795.575341
10 1.427340e-007 100.475844 812.630911
10 4.398160e-008 157.277161 885.853259
