9 2.452670e-007 781.958000 531.419000
3 1.919270e-007 728.797994 577.630096
9 3.589480e-007 677.171599 539.012860
3 7.237120e-008 784.874885 407.811222
9 1.009060e-007 696.232721 400.472509
9 8.347110e-008 658.707003 553.315796
4 4.270280e-007 466.632693 498.567396
5 4.911210e-008 434.048178 345.269787
2 5.116630e-008 479.318791 277.477405
11 2.509920e-007 483.700155 273.668727
11 3.628180e-006 561.293018 185.384951
2 1.390030e-008 565.262702 261.129914
9 6.825350e-008 653.852000 512.191883
3 1.175120e-007 741.975188 466.433263
9 5.095520e-007 734.829321 470.394312
3 2.914020e-008 779.627406 570.542436
9 6.911340e-007 773.700685 575.694434
3 5.239810e-007 804.997382 568.489583
9 8.997400e-007 801.110543 575.221784
3 3.362820e-007 785.066037 511.415863
9 3.276500e-007 792.930504 509.887156
4 1.331060e-007 453.064947 569.211429
4 3.320510e-008 599.061962 586.083976
9 6.384360e-007 746.843042 575.750392
3 4.437070e-007 778.008589 562.548653
4 6.628300e-007 424.766079 541.884197
5 7.047700e-008 460.282199 365.255794
2 3.137570e-008 513.249031 251.912241
11 1.432380e-007 515.831913 246.843068
9 5.552570e-008 604.913251 567.967606
4 1.083600e-007 457.612279 604.347887
8 1.031500e-007 327.751452 523.537871
4 8.382420e-008 445.713184 408.033420
2 2.622070e-008 501.575634 269.767939
5 2.490360e-008 504.530805 262.453577
11 1.326880e-007 511.064908 284.502904
2 2.524790e-007 485.184294 140.311916
11 5.475930e-007 506.734125 121.697704
5 3.550460e-008 443.253296 299.474578
4 8.373720e-008 503.291241 359.512944
2 1.075890e-007 394.096300 314.355586
7 3.638310e-007 177.824365 312.019046
5 1.121280e-007 187.063282 312.180293
2 2.773760e-008 256.882034 208.912837
7 4.586240e-008 32.285711 190.113049
7 9.631080e-008 205.236464 197.412302
2 2.219650e-008 232.105985 184.233721
5 3.491170e-008 229.837744 182.461573
7 1.674270e-007 88.375907 147.688240
7 1.708760e-007 171.056801 195.526467
5 5.570100e-008 150.784049 196.285425
7 8.843250e-008 92.333527 194.331005
5 8.389870e-009 204.441185 211.596108
7 5.077820e-008 224.849344 181.339602
2 7.059380e-008 245.457679 116.771861
5 2.335980e-008 158.497039 317.244601
7 3.077120e-007 139.302302 269.736095
7 7.643130e-008 121.310863 142.752961
2 9.565780e-009 174.285821 218.809796
5 1.170050e-006 281.807500 301.350775
4 6.091920e-008 342.421539 416.613366
8 1.973010e-007 221.549386 577.789678
10 5.060490e-008 161.767899 605.302051
6 1.812640e-007 167.899022 593.771083
5 8.802400e-008 196.144359 412.120665
7 1.296480e-007 113.153113 398.976006
10 7.027120e-007 184.547973 534.751471
6 2.467530e-008 137.269536 496.697679
8 3.910170e-008 136.813543 496.301291
7 4.642480e-008 140.771052 447.349936
5 3.304630e-008 283.617219 526.193570
4 6.177110e-008 287.005179 529.138692
8 2.339670e-007 337.702451 635.308753
6 2.138310e-007 276.241777 654.099196
8 2.107880e-007 322.957889 685.154545
6 3.134710e-007 259.068558 738.764012
8 4.289390e-008 181.197716 813.074227
6 3.216940e-007 249.516448 765.236976
10 9.798530e-008 132.024124 674.408004
8 2.650640e-008 95.154976 812.004931
6 1.153380e-007 150.208691 824.851485
6 1.186240e-007 264.537153 779.590291
8 1.766520e-007 218.922200 709.349603
10 3.403420e-008 264.008881 659.118930
4 1.480980e-008 375.494604 718.273583
6 4.604990e-007 153.146108 757.082413
8 1.560250e-008 152.931710 757.640938
8 1.061150e-007 306.222807 744.519381
6 1.945780e-007 225.667830 769.147522
6 2.238490e-008 110.753431 842.388476
8 1.650020e-007 281.292589 723.123975
6 2.494120e-007 279.749307 727.364089
6 6.165500e-008 41.306320 801.362195
8 1.928620e-007 247.930872 743.638435
10 7.217080e-008 235.304926 622.473660
6 2.613120e-007 85.428329 630.328226
8 1.020960e-007 166.858649 730.902153
6 1.945330e-007 151.543561 763.334885
6 3.521540e-008 293.781519 866.083021
8 4.252560e-008 303.461565 872.369331
4 5.403370e-008 349.515583 582.249609
10 4.845620e-008 337.771845 571.346308
8 2.085120e-007 346.867402 597.761667
4 6.788970e-008 235.423755 456.348058
5 4.916770e-008 176.971400 426.565163
7 1.382340e-007 140.875396 437.981296
10 5.146230e-007 142.015353 443.344378
8 1.269970e-007 169.137275 570.943125
6 8.022500e-008 173.421455 591.098627
4 2.671450e-008 187.944926 595.809503
10 7.853680e-008 202.527899 611.607443
8 8.603840e-008 330.126622 584.485525
6 5.331490e-008 350.282150 580.201340
9 3.696070e-008 599.169911 428.907057
11 1.011510e-007 596.076185 251.715693
9 1.073730e-007 669.713984 626.617492
3 3.275260e-008 861.776910 669.823359
9 2.383850e-007 831.695408 591.427886
3 4.867910e-008 724.085712 733.298079
9 1.110850e-007 878.303957 638.609281
3 7.163640e-008 881.711054 677.801568
9 1.492540e-007 883.860995 491.927820
4 1.420530e-007 504.662160 522.657864
9 5.007080e-008 652.099735 576.391883
9 1.358560e-007 655.572226 540.259048
4 1.270700e-007 468.508035 541.887259
9 2.564840e-008 598.431661 738.704663
4 3.811920e-008 440.435689 565.833629
8 3.743550e-008 291.762142 539.618045
5 2.395810e-008 225.372024 503.358835
10 1.574380e-007 216.070212 497.318180
7 3.133620e-008 189.204090 497.683061
6 6.886620e-008 320.873799 578.546941
4 2.441450e-007 346.362743 584.902122
8 7.055880e-008 415.320113 602.095324
4 9.903230e-008 410.166909 573.610783
8 5.973600e-008 410.928127 568.804694
8 1.459360e-007 344.401614 694.897924
6 1.080400e-007 312.527288 702.705110
8 3.844620e-008 189.412466 773.282560
6 2.072610e-007 176.031299 779.617701
10 1.531300e-008 184.125163 730.789889
8 5.930230e-008 186.800522 807.401002
6 2.012350e-008 187.878993 838.283920
6 4.486880e-007 108.049148 690.666767
8 1.598460e-007 139.387683 637.884327
10 3.485090e-008 229.596337 644.192156
4 7.637500e-007 409.623009 542.472208
9 4.858510e-008 680.399683 615.998573
3 1.328350e-007 781.582105 662.587961
9 7.028460e-007 743.394916 560.759365
3 6.785110e-007 801.574072 568.720946
9 9.219600e-009 835.916120 781.920426
3 2.029720e-007 835.676944 652.547432
4 1.032730e-007 507.621565 625.194148
9 1.291310e-007 672.524876 584.056386
3 1.559720e-007 769.099519 472.959948
9 5.794510e-008 651.168980 669.944558
9 5.668400e-008 715.287641 688.116238
4 8.953450e-008 525.124222 513.987442
2 2.439130e-008 532.674394 220.705788
11 1.573140e-006 532.904394 220.212550
5 1.450740e-008 412.707572 186.863455
2 2.993710e-008 617.512404 140.983627
11 2.815270e-007 618.040329 141.175776
11 4.643150e-008 407.012671 338.700916
5 2.976090e-007 340.941510 347.986625
2 3.012750e-008 338.635942 348.310652
4 2.003370e-008 336.451996 348.617586
7 1.533200e-007 178.264187 350.778830
10 6.949930e-009 172.890638 350.685043
5 2.668740e-007 346.466252 291.018099
2 1.358260e-008 348.077708 292.469059
4 8.431050e-008 402.815154 328.838442
11 9.510580e-008 555.325611 347.564109
2 5.514540e-008 442.702538 54.959731
11 8.215070e-008 595.040838 76.980492
2 1.523070e-007 411.055348 300.808527
5 1.008930e-007 369.564729 319.281374
4 6.659820e-008 338.913992 375.506028
5 1.429700e-007 390.391476 327.984309
2 3.248030e-008 338.088494 322.487011
11 1.080040e-006 506.314500 193.787933
2 2.985540e-007 455.875529 190.139871
5 1.161900e-007 400.330972 342.748320
4 3.999070e-008 444.613482 308.518141
11 2.033350e-007 507.027936 248.245102
2 8.905600e-008 426.446505 54.038140
11 1.659720e-007 545.108270 328.310100
4 1.884610e-007 471.203634 388.039138
5 7.342020e-006 310.164766 336.171385
2 2.280850e-008 303.009887 336.296247
7 5.056430e-007 159.731442 338.796634
10 1.218850e-008 133.061386 211.222800
5 1.378620e-007 292.629150 245.853522
2 1.900560e-008 291.220600 238.607239
7 7.378730e-008 190.178783 241.602193
5 7.512960e-008 176.680198 304.968009
7 6.643040e-008 101.178571 157.411554
2 9.090000e-009 214.137859 197.218048
5 2.795480e-008 103.090976 212.127161
7 6.694970e-008 32.221483 152.660616
5 6.087030e-008 220.111474 185.870087
7 1.144420e-008 283.051505 120.693656
2 3.774160e-008 314.192793 101.752581
5 7.168950e-008 271.305889 253.285618
2 4.311710e-008 280.310485 269.530367
7 5.251970e-007 155.415416 331.046899
10 4.021930e-008 135.863989 277.165769
5 2.285280e-007 225.812197 314.582559
7 6.886260e-008 240.867677 258.021468
2 1.620580e-008 243.534041 181.662170
5 1.808270e-007 343.752166 247.415209
11 2.698170e-007 467.108608 262.811240
2 1.926730e-007 474.154854 270.107853
11 1.578880e-007 600.256615 83.081539
2 3.498380e-008 595.756589 172.652240
11 6.403430e-008 460.952695 81.555741
2 1.617620e-007 338.261283 257.458263
5 4.467950e-007 334.259486 333.820848
4 4.383540e-008 293.815408 329.645054
7 1.013730e-007 218.990887 284.685824
2 3.132280e-007 382.372084 227.987134
5 3.683600e-008 385.074194 220.139615
11 1.143380e-007 412.807008 163.565936
2 6.450470e-008 419.705587 334.652462
4 5.300410e-008 369.262562 349.116591
5 3.820880e-007 349.140340 354.886475
9 7.438390e-007 707.284041 536.625133
3 6.842320e-008 727.526946 470.775862
9 3.938870e-008 767.276779 433.387208
3 3.066250e-008 691.996333 470.104088
9 1.146610e-007 653.455730 540.939313
9 3.379560e-009 751.197006 364.310334
3 8.659020e-008 728.203802 455.302080
9 2.178160e-008 632.686015 502.410966
4 2.163670e-007 498.547153 483.559060
3 1.955430e-007 741.004504 578.672342
9 7.582050e-007 783.291191 574.972648
4 3.047900e-007 455.241569 542.601584
9 8.746890e-008 679.867787 446.786325
9 4.781390e-008 767.135109 298.330375
9 9.895150e-008 750.593738 407.154806
9 2.561210e-007 732.458775 446.679231
11 2.493580e-008 719.111170 247.882431
9 1.890100e-008 781.006205 303.394418
11 1.028730e-008 746.059711 290.396983
9 3.559590e-008 750.054400 345.757218
9 5.562200e-008 593.877728 569.816463
4 2.732890e-007 445.149282 598.726280
8 6.911040e-007 301.977321 583.368532
6 5.971390e-008 216.909477 571.413083
10 1.138260e-007 211.335709 566.356809
7 2.351980e-008 100.869099 487.365573
8 3.475370e-007 249.843147 548.171906
10 6.260860e-008 313.974055 488.368877
4 2.173110e-007 316.355110 486.148508
5 3.565210e-008 262.111118 482.908994
6 7.703030e-008 246.779008 593.018538
8 3.202270e-007 225.831944 593.384164
10 2.463750e-007 137.243533 594.930457
7 5.586240e-008 176.769867 406.044359
5 5.019490e-009 129.047484 475.647394
8 7.235870e-008 167.340456 509.961410
10 9.793430e-007 173.436500 506.002581
7 2.831710e-008 234.233454 459.932699
4 1.429410e-008 163.503455 495.971383
8 5.427960e-008 134.809094 510.591869
10 2.280220e-005 128.070990 514.025100
5 3.386250e-008 146.501205 439.256794
7 5.112160e-008 43.110405 432.026673
10 4.911870e-007 54.803534 511.051528
6 1.564820e-007 171.011794 583.612056
8 7.773530e-008 171.551449 583.415635
4 1.366310e-007 323.563137 547.420178
5 6.685120e-008 398.204469 471.037067
4 6.771700e-008 544.389682 573.632240
9 3.867350e-007 688.802170 588.810285
3 6.791210e-009 714.576315 505.422041
9 4.403650e-008 759.041154 339.066105
9 1.136730e-007 755.715488 406.061372
11 3.234540e-008 751.406857 345.641809
3 4.168790e-008 767.767702 431.476351
9 2.171320e-007 746.656056 444.161495
3 1.357360e-007 784.479442 467.427155
9 2.237340e-007 776.893738 469.746335
4 4.122020e-007 467.306119 551.720859
5 1.340590e-007 371.418344 431.073703
4 4.222890e-007 463.933249 500.788946
8 8.050800e-008 384.812163 573.349392
4 3.251610e-008 495.607185 620.379093
8 1.335680e-008 420.755767 769.692820
6 9.138520e-008 240.411827 874.403153
8 1.434370e-007 226.696702 771.233862
6 2.467060e-008 88.939478 709.900587
10 1.105300e-008 268.823872 658.240167
6 2.148630e-007 181.692138 786.276732
8 5.333920e-007 249.569166 705.383969
6 1.427060e-007 280.297189 787.723959
8 7.405830e-008 260.654928 798.167942
10 1.955360e-008 133.881431 741.754407
6 7.711560e-008 289.044974 816.988349
8 3.103740e-007 190.131688 712.648196
6 2.735780e-008 296.571084 810.699501
8 7.572040e-008 214.346816 839.615633
6 1.612070e-008 387.112402 688.549634
8 5.498350e-007 233.158462 708.277255
6 9.739560e-008 88.885045 645.753933
10 4.063800e-008 30.615900 701.901940
8 3.864650e-008 184.173462 772.810567
6 2.834750e-007 92.198640 744.691128
8 2.997330e-007 231.924600 728.586764
6 1.548480e-006 222.090245 717.664586
10 7.497510e-008 133.447344 641.472878
8 9.577880e-008 103.340401 722.332485
6 1.385460e-007 91.844747 730.995101
6 2.200170e-006 200.641313 723.717989
8 2.597960e-007 187.872362 668.507228
4 2.133320e-008 352.674470 654.408383
6 8.887350e-008 128.236950 846.508151
6 2.822710e-007 213.855578 815.620759
6 4.981040e-007 230.302090 744.212949
8 1.361740e-007 234.478344 731.576049
6 3.279330e-008 353.253840 767.686135
8 6.453900e-008 357.631905 764.265648
6 2.032440e-007 101.612642 750.441353
8 9.632890e-008 308.827722 782.306081
4 3.909160e-007 410.292292 555.621838
9 2.820070e-008 550.143812 541.867774
4 4.575610e-008 553.070926 483.239460
9 8.672470e-008 655.351928 567.441237
3 5.902580e-008 719.458718 626.786793
9 4.117090e-008 563.491196 517.060206
4 4.062430e-008 475.528507 516.426655
8 1.801000e-008 329.386140 784.084231
6 1.944320e-007 277.831225 749.605620
8 1.770960e-007 343.397179 697.271483
6 4.005460e-007 284.738320 750.088311
6 5.709340e-008 210.082780 815.078775
8 3.160150e-008 142.390519 845.217011
10 2.167640e-008 45.337099 678.305386
6 3.113570e-007 204.184389 783.968218
6 2.771640e-008 176.946574 864.543361
6 8.895850e-008 316.408140 838.688573
8 2.488640e-007 268.792410 702.990313
6 1.698880e-007 264.878493 705.833922
8 1.028130e-008 270.767085 870.535768
6 9.498330e-008 271.160358 875.030804
6 8.089970e-008 38.124580 746.476782
8 4.866050e-008 141.598204 695.255295
6 1.355910e-007 302.592119 709.340591
10 4.440590e-008 107.669715 698.224453
8 2.666460e-008 49.416923 760.692574
6 2.762720e-008 118.739124 890.334487
8 1.226040e-007 221.102331 751.064771
6 1.319220e-007 189.553275 829.151365
6 1.904840e-007 210.632412 783.464303
8 1.892070e-007 263.665368 726.593160
6 3.371240e-007 155.993972 752.507650
8 5.554290e-008 159.098526 778.181911
6 1.331810e-008 306.066192 911.792095
8 1.236060e-006 192.792967 666.624848
6 1.756880e-007 124.804459 730.025539
6 1.700540e-008 272.292687 901.035763
8 1.407560e-007 322.439572 725.966815
4 6.028430e-008 270.248665 644.526734
6 5.313580e-007 237.369244 683.711150
6 4.487930e-008 270.337272 817.480955
8 2.131090e-007 263.206620 729.477569
6 5.810870e-008 341.951183 751.560464
8 2.373280e-008 313.237645 861.394273
6 3.371590e-008 330.003573 828.068390
6 1.815590e-007 214.447276 786.952969
8 7.814640e-008 156.504484 737.905354
10 1.637750e-008 81.817642 746.467836
6 7.032760e-008 304.459139 840.516229
4 7.533840e-008 444.495775 598.670912
5 4.799660e-007 349.489210 305.068333
2 3.139040e-008 303.692336 237.004576
7 2.268650e-008 225.819720 88.592602
5 2.376780e-008 139.511906 202.239797
2 7.755680e-009 268.097719 132.079524
7 3.540790e-008 276.813319 130.226974
5 3.491250e-008 198.642936 234.062522
7 1.510700e-007 195.568193 255.940892
2 7.800200e-008 300.624797 139.104128
5 7.152590e-008 211.979481 266.785908
7 3.470240e-007 183.533940 270.346646
5 3.034180e-006 289.961148 349.614164
4 6.692440e-008 391.206707 307.136984
2 1.261440e-006 409.313502 221.952271
11 1.682330e-007 420.344476 170.056264
11 1.052760e-007 608.822943 90.648314
2 8.139340e-009 623.499846 94.580986
2 6.408000e-008 462.167718 97.090372
11 2.614530e-007 461.609872 97.031739
5 2.989810e-007 368.050259 300.456355
2 1.549060e-008 461.892114 361.397614
4 1.044190e-007 492.894907 381.530946
11 1.348980e-007 463.941450 242.907605
2 1.459260e-007 463.924227 175.438263
11 6.000830e-008 468.773093 289.270954
5 9.126330e-008 435.567299 315.351328
4 4.322080e-008 433.329730 311.770484
2 4.063540e-008 490.299442 55.019599
11 1.645540e-007 444.897652 92.903368
5 5.799950e-007 325.444431 308.166653
4 6.478830e-008 377.254896 366.509585
2 2.329110e-008 455.864830 355.461475
11 3.946550e-008 399.655050 355.373042
5 4.520460e-008 409.693998 306.505480
2 1.976850e-008 437.540083 366.060515
4 9.543040e-007 395.875775 444.419219
9 1.154840e-007 658.387538 566.488644
3 4.017630e-007 811.598070 544.377295
9 4.776320e-007 717.757404 604.943253
9 3.082430e-007 721.795472 607.857195
3 8.653570e-008 739.838057 559.335060
9 1.243140e-007 776.104003 703.400997
3 2.063330e-007 814.789418 605.193589
9 6.126990e-008 634.316796 488.549005
3 5.848750e-008 844.962513 746.012613
9 6.244310e-008 788.541182 655.568231
3 6.766420e-008 810.783173 703.794209
9 1.420800e-007 802.011156 624.284539
3 2.947840e-008 805.927647 690.943625
3 6.657020e-008 777.454264 622.838417
9 6.398550e-008 780.237079 622.643821
3 4.031090e-008 762.335245 728.663246
9 4.359830e-008 760.880314 730.820281
3 1.830330e-007 735.978263 614.951599
9 3.372710e-007 738.690278 615.478762
9 2.703290e-008 545.666493 418.254300
4 4.196150e-008 531.396091 401.838078
2 6.863030e-008 420.420585 274.175340
5 1.826370e-008 466.981043 255.287897
11 1.936760e-007 474.637091 253.236469
2 3.194650e-008 568.607761 191.107406
11 3.543230e-006 562.898241 199.303721
5 8.013520e-008 429.193703 282.252104
2 2.437680e-008 469.923484 365.760229
4 1.163960e-007 497.346195 421.984916
11 4.573700e-008 428.249599 241.328351
2 6.006780e-007 450.561148 186.679864
11 1.722660e-007 553.811170 330.395244
4 3.394540e-008 545.122956 496.167864
9 3.374300e-008 652.264588 694.244051
3 9.365970e-008 668.111636 624.690158
9 2.244480e-008 548.643236 668.173021
9 1.593420e-007 663.900952 607.017354
11 2.544280e-008 550.292732 354.129286
4 1.020140e-007 495.588892 410.776996
5 1.353920e-007 365.094132 363.636365
2 3.373600e-008 260.186421 251.841296
7 6.754880e-008 215.499033 180.326500
5 6.530860e-008 128.717744 309.866866
10 8.650640e-009 99.643224 261.478729
7 3.690440e-007 84.156823 235.705025
2 6.659370e-008 254.471421 93.962517
5 1.289960e-007 272.342403 263.993379
7 9.556210e-008 236.958577 198.822993
2 1.834330e-008 211.571244 182.918363
5 4.344630e-008 210.014454 180.426961
7 1.051780e-007 142.660590 306.097124
7 2.656970e-007 57.088925 220.810721
5 2.074140e-007 259.729438 277.749144
2 5.583880e-008 310.184464 323.178967
4 1.856910e-008 385.185516 358.509772
5 2.611620e-008 430.933438 367.077388
2 1.939240e-008 328.201275 300.362561
7 6.369710e-008 203.592560 227.079543
5 1.213140e-007 225.911833 290.710245
4 1.082270e-007 384.948906 391.615627
5 4.759040e-008 416.921764 457.237041
4 2.849170e-007 467.991002 525.008200
4 5.242440e-008 556.133906 637.257650
11 3.693320e-008 472.247565 326.889685
2 7.402680e-008 395.272039 292.618084
5 1.471460e-007 388.140330 289.442853
11 7.249070e-008 582.275791 314.004507
4 7.386400e-008 432.735699 411.116370
5 2.017520e-008 481.985372 470.496623
9 1.969310e-007 732.148885 597.493526
3 1.568020e-007 751.205865 617.809723
4 1.757520e-007 416.080997 599.700423
8 3.252400e-007 255.997555 568.623482
6 5.642180e-008 246.232067 567.769098
10 1.020460e-007 160.735162 560.288960
4 1.001690e-007 436.877418 602.514131
9 9.291330e-009 548.588232 368.911855
11 4.799520e-007 488.937767 238.756047
2 7.469490e-008 477.162337 221.298185
5 6.446520e-008 423.045895 278.243966
11 1.370240e-006 540.213264 156.416790
2 6.545590e-008 527.347045 172.305316
5 5.839320e-008 382.944058 306.060645
11 4.459840e-008 383.712213 314.048842
2 5.382230e-008 385.445082 318.563132
4 4.565790e-007 444.379418 472.092721
9 1.926800e-007 665.183887 522.619873
3 2.784490e-007 810.599857 621.219285
9 2.431900e-007 811.271126 626.364020
3 1.216780e-007 695.644413 582.174977
4 3.427450e-008 455.169092 579.956912
8 8.254580e-008 365.136991 677.266894
6 4.610820e-008 308.060361 753.009855
6 4.680050e-008 344.032314 769.154923
8 1.370640e-007 292.486787 713.879080
6 1.921470e-008 94.092960 914.045062
8 1.539010e-007 192.437094 723.143913
6 2.401860e-007 247.939645 732.967710
8 2.935990e-007 243.437647 729.054183
10 3.352280e-008 236.620424 670.925075
4 5.765240e-008 442.801000 548.965359
8 1.835050e-007 328.243711 582.008879
6 9.600860e-008 292.454111 601.028720
4 1.191030e-007 367.837758 605.747806
8 6.785120e-008 421.318949 573.239372
4 6.374960e-008 556.860017 575.195012
9 1.870550e-007 689.863049 639.976260
3 1.624380e-007 781.015893 505.029140
9 2.262870e-008 682.086809 680.841702
3 2.742770e-008 679.754084 680.128519
9 1.155470e-006 803.655261 523.259219
3 8.559500e-007 805.628697 521.825437
4 4.938940e-008 534.611170 592.866358
9 7.855750e-008 751.015218 705.530236
9 1.718680e-007 730.009384 640.668557
3 4.898270e-008 728.814331 638.512638
9 8.605470e-008 667.565445 604.820382
3 3.454890e-008 666.143963 606.927820
9 5.075030e-006 774.046297 550.406632
3 2.672490e-007 776.144376 548.882286
9 2.977800e-008 785.339275 740.624629
3 7.630790e-008 784.179910 743.001670
4 7.754720e-008 541.016788 432.821317
9 1.787200e-007 809.514716 602.676028
3 3.058420e-007 808.601395 600.166692
9 5.117230e-006 749.688146 558.707508
3 1.035020e-007 747.454095 559.749263
4 2.241120e-008 532.317565 649.871958
9 1.653710e-007 647.571137 513.687280
3 2.403260e-007 763.882208 582.458566
9 5.649020e-008 769.698506 648.311518
3 3.860230e-007 854.133644 486.692356
9 4.921120e-008 779.151690 716.134631
3 3.280270e-007 822.207414 614.720545
9 3.060580e-008 540.513067 520.955011
4 1.177940e-007 481.174516 474.594571
11 3.915510e-008 608.495286 327.648301
2 2.520750e-008 463.639250 306.096612
5 6.031250e-008 425.692310 305.868374
9 2.804400e-008 574.606109 541.816795
9 1.709980e-007 782.722052 641.006716
3 1.573880e-007 782.289557 638.553900
9 1.896250e-007 834.442510 566.500827
3 3.401800e-006 834.789144 568.967222
9 6.760930e-008 592.795865 567.110965
4 1.725290e-008 641.391457 479.851043
9 3.960940e-008 702.796880 308.939041
11 4.022390e-008 705.921134 269.967125
9 3.196570e-007 717.972688 445.284371
3 1.799010e-007 813.357168 479.417704
9 9.774590e-008 795.724655 642.161942
3 1.594680e-007 741.141524 639.694239
4 3.258980e-008 521.228335 575.730475
5 8.714520e-008 413.105718 317.076049
2 3.801780e-007 418.018582 223.325604
11 4.313630e-008 422.472215 159.910875
4 1.390900e-007 410.845719 403.311822
5 2.957350e-008 360.510352 523.629221
8 3.076050e-008 410.082388 497.271223
4 3.375780e-008 578.843008 636.342499
9 9.114120e-008 727.366813 625.956634
3 3.569420e-008 735.547366 670.964479
9 2.124130e-007 862.317026 526.426700
3 6.849680e-007 882.154766 491.159133
9 2.903770e-007 739.321664 444.483173
3 2.924600e-007 811.714016 544.170686
9 9.158300e-008 711.774924 643.636312
3 2.252750e-006 856.541624 579.181646
4 5.547030e-008 475.465266 485.639853
2 1.156170e-008 443.771004 444.823050
5 3.319470e-008 442.929225 452.832010
9 7.879500e-008 672.229119 649.542168
4 5.144540e-008 465.363840 613.411971
9 3.189590e-008 840.783003 730.702146
3 9.990400e-008 880.590247 685.819728
9 2.881820e-007 784.448670 610.796109
3 2.908320e-008 610.934987 573.914491
4 5.604170e-008 514.213667 596.279497
9 7.799550e-008 652.711490 626.754898
4 3.162900e-008 610.554271 535.519544
9 3.147070e-007 704.150510 513.910926
3 1.353870e-006 843.318322 586.376549
9 8.514750e-007 757.716216 599.905530
3 3.348030e-007 810.560846 665.162731
4 1.526070e-007 541.734904 505.690779
9 2.045650e-007 611.205959 566.739605
9 1.616040e-008 534.333286 631.667065
4 1.239920e-007 416.290623 590.684955
8 1.334710e-008 472.912591 570.076020
4 6.687540e-008 496.274490 401.364959
11 1.161020e-007 462.190553 291.111312
2 3.071010e-007 444.771546 240.523196
5 3.373900e-008 479.018774 369.492130
11 5.210770e-008 380.302657 274.028097
2 2.418360e-008 360.011677 336.478002
4 1.472940e-007 354.700211 403.021100
5 3.487230e-008 475.248613 419.963501
8 4.787960e-008 368.104621 603.635493
6 7.009800e-007 249.347428 714.378925
6 4.295440e-007 243.360702 765.316631
8 1.642210e-007 243.889362 765.541033
6 6.022410e-008 356.950885 721.810242
8 7.827240e-008 357.394115 721.382221
6 4.616960e-007 254.249791 712.322323
8 1.515190e-007 253.929609 711.809921
6 1.030770e-007 160.718145 768.926056
8 2.323830e-008 228.087180 736.455761
4 1.041550e-007 368.208706 577.635343
4 4.298640e-008 442.865207 369.218484
5 1.282720e-007 379.419102 338.273868
2 1.036030e-007 377.470129 337.323294
8 1.133090e-007 364.736861 516.641668
4 7.985410e-007 372.888440 502.522690
5 6.159860e-008 453.624169 362.684037
7 2.923820e-008 277.212093 340.869249
2 3.450520e-007 429.774039 245.537681
11 1.790780e-008 395.415107 314.729701
5 9.903300e-009 353.384992 397.218144
4 5.496060e-008 333.543695 397.810410
2 4.174670e-008 253.689177 86.847368
5 1.103110e-007 291.587359 245.517012
7 3.505460e-008 169.866604 157.081339
2 7.137560e-008 379.577308 290.980240
5 3.370830e-008 382.300340 290.250611
11 3.696340e-008 375.740240 163.860999
2 6.347060e-007 432.385269 159.372187
11 4.621080e-007 459.825903 196.987349
5 1.712160e-008 492.741602 285.291830
11 1.849510e-007 590.946435 238.304698
2 9.264870e-008 473.087841 233.990348
5 1.919960e-008 446.404059 242.890266
11 4.084330e-007 483.365066 164.036587
2 8.631960e-008 434.576617 285.181082
5 1.870310e-008 481.252080 377.258469
4 4.130880e-007 473.425289 451.723756
4 1.179580e-007 378.104160 574.210015
8 1.121260e-007 323.103073 559.472378
10 2.685480e-007 175.735027 544.376986
6 1.423810e-008 88.254667 555.118280
8 9.453580e-008 330.318447 561.472160
4 2.253340e-007 354.548476 552.171146
6 2.584880e-008 358.135476 824.427790
8 7.195040e-008 314.490966 782.657465
6 1.200520e-007 276.978697 809.330929
4 4.234410e-007 354.043120 542.662298
8 1.626730e-008 297.333602 524.236151
10 2.750740e-007 185.986815 488.690608
8 8.561980e-008 254.836655 761.378621
6 2.163570e-007 287.788122 735.634216
4 1.993710e-007 444.894489 565.671013
8 3.371930e-008 418.962569 549.804825
4 7.366080e-008 513.472983 388.374625
11 1.788750e-007 544.671477 279.573072
2 1.831240e-007 461.227894 223.549813
5 3.570760e-008 371.418585 192.626210
4 1.588530e-007 516.314988 443.966629
9 1.083110e-007 712.513095 634.167535
3 1.781330e-008 635.366975 638.210575
4 5.793260e-007 428.627851 534.860958
5 8.296330e-009 399.596703 567.387914
8 2.245420e-008 419.252846 674.352437
4 8.008210e-008 524.974002 435.109031
2 3.091680e-008 418.900410 344.537099
5 9.829700e-008 412.238579 253.579109
11 9.908550e-008 416.965042 163.391347
4 1.273920e-008 429.743220 254.053448
2 2.772840e-007 487.160610 180.562688
11 1.870720e-007 535.020554 282.904449
5 2.228390e-007 384.907964 315.420826
7 4.214770e-007 156.738667 335.100824
4 4.408200e-008 406.929353 312.893428
2 2.358470e-008 415.181291 310.835973
11 1.018900e-007 559.510217 285.446075
5 2.531890e-008 480.643574 404.768766
2 2.185360e-008 547.362889 306.460736
4 4.750280e-008 560.655761 518.969380
9 6.924070e-008 663.201555 629.381056
3 8.950180e-008 803.393064 650.965397
9 4.267610e-008 791.050955 598.640302
11 1.570260e-007 678.954652 195.405469
9 5.117020e-008 780.243034 342.451503
11 5.034390e-008 682.031077 224.734103
9 1.700150e-007 738.820062 426.829292
4 4.559140e-008 559.962440 597.056772
9 1.544990e-006 744.228282 557.167638
3 5.504230e-007 811.506034 551.281533
9 4.552650e-008 623.084618 562.817375
4 1.316840e-007 487.397275 436.420557
8 2.756050e-008 447.090586 500.995513
9 5.782550e-008 625.758454 658.627665
4 2.671350e-008 588.318240 643.817072
9 2.306320e-008 720.845596 703.085985
3 1.149380e-007 874.465986 705.962668
4 1.918590e-007 412.701077 557.198144
8 5.548460e-008 337.699595 574.480964
6 1.019320e-007 232.503989 838.765194
8 4.381270e-008 280.390069 736.426973
6 3.309010e-007 164.125128 758.008182
8 1.453660e-007 208.183748 787.629997
6 3.782230e-008 126.898228 927.303525
6 4.552530e-008 305.662510 784.399787
8 1.782400e-008 324.981811 835.716673
6 4.840310e-008 347.482558 673.609286
8 9.782950e-008 346.805475 668.094900
6 5.577670e-007 226.631083 758.095440
8 1.393610e-007 272.831680 703.035871
4 6.707230e-008 481.703056 609.339274
11 2.607020e-007 606.418414 251.843175
2 2.441100e-007 440.827694 220.455594
5 1.038260e-007 402.841485 354.399273
4 2.695270e-007 404.397062 411.376041
11 1.093080e-007 492.300648 281.525278
2 2.017190e-007 494.498143 211.788337
5 2.178670e-007 353.983164 278.517276
7 1.209030e-007 101.311710 190.212759
2 1.152960e-008 270.262162 292.718317
5 4.498050e-007 272.527198 300.617418
7 2.622970e-008 214.446201 159.170828
7 3.202560e-008 82.186381 200.510975
7 8.061620e-006 108.319615 287.855079
5 2.475670e-008 107.876161 257.781573
7 5.260060e-008 243.816178 219.171128
2 4.408350e-008 244.613791 242.013257
5 5.375840e-008 195.203246 307.831966
7 4.262100e-007 152.898432 252.823131
5 3.029780e-008 207.947943 154.507794
7 3.253940e-007 98.017138 239.456656
5 2.268630e-008 187.157212 225.880678
2 1.369510e-008 207.243151 121.066238
7 1.610610e-007 199.209811 233.398025
5 4.742430e-008 131.615812 254.115200
2 5.784920e-008 250.907237 229.634965
7 3.735960e-008 263.868183 243.533908
5 1.513010e-007 258.053920 290.475935
10 1.600800e-008 96.803171 314.226667
7 2.197010e-006 125.630422 279.419177
5 4.576550e-008 148.424235 360.204262
2 2.899360e-008 151.247638 177.864569
5 1.470050e-008 216.307818 169.173368
7 7.576770e-008 216.702744 168.363645
2 1.836740e-008 284.229755 74.263780
7 4.653650e-008 135.073996 168.794104
7 9.111730e-008 179.979344 226.112212
5 4.237010e-008 134.843071 182.524606
7 1.586940e-008 253.089752 143.915315
5 1.117480e-007 214.705020 242.397125
4 3.048810e-008 399.316521 321.643028
2 3.414020e-008 399.704131 318.486282
11 6.688990e-008 419.544595 156.903278
2 7.695490e-009 547.276033 53.254110
11 7.663250e-009 459.360754 181.643931
5 5.812250e-008 472.410458 332.232221
4 1.236130e-007 499.097712 398.285373
2 9.265620e-008 441.473162 263.421702
11 1.024160e-005 535.322203 181.023989
11 8.579520e-008 663.148142 125.297307
11 4.700420e-008 565.812060 341.111456
4 5.761850e-008 515.218525 472.910816
2 4.991520e-008 524.636936 220.231371
11 2.084750e-007 457.164592 145.655199
2 3.528740e-008 495.165978 310.460629
11 1.786780e-008 425.657687 379.968443
4 1.778320e-007 384.266434 376.274434
5 1.098430e-006 332.282014 324.290014
2 5.379560e-008 293.386138 79.367499
7 6.576430e-008 212.567399 160.931525
7 2.767490e-007 219.183437 300.529789
5 2.821160e-008 220.824623 296.663396
2 5.516220e-008 277.060077 143.264032
7 1.818760e-007 77.896536 193.042035
7 3.021830e-008 245.564246 187.067307
5 4.655470e-008 232.084274 180.341343
7 4.200530e-006 125.313634 288.170031
5 1.184510e-007 242.773786 286.119592
2 6.986290e-008 254.088226 255.941298
7 3.904460e-008 175.889196 171.408987
5 4.577830e-008 213.926794 257.009104
7 3.371080e-008 298.336288 265.880934
2 3.566120e-008 255.710812 218.633151
5 1.171580e-007 214.296571 300.320859
7 6.141640e-007 136.135669 328.769224
7 3.740110e-008 275.253582 236.617731
2 7.659460e-008 332.606520 296.008205
5 6.077980e-007 334.729728 298.206842
11 7.484920e-007 531.759879 217.109180
2 4.075220e-008 425.724915 67.909255
11 3.884200e-007 565.421184 110.618659
2 3.505840e-007 454.343541 200.867828
11 2.099300e-007 463.044370 102.117548
11 1.110860e-007 597.969827 96.014680
2 1.476300e-007 421.667535 130.284446
11 7.586900e-008 429.536129 137.932388
2 4.321410e-008 573.913656 60.121981
11 6.604240e-007 586.188403 147.655104
4 1.900800e-007 487.392532 454.256196
8 3.322540e-008 409.357374 672.879204
6 1.244670e-007 179.929284 814.498157
6 7.673160e-008 174.468122 831.547355
8 1.690470e-007 313.655821 728.835431
6 2.662950e-007 237.014696 794.336604
8 4.339250e-008 416.585006 690.404625
4 1.716450e-007 308.322738 510.978485
10 1.534030e-006 153.844190 502.893738
5 1.318040e-007 271.693066 418.112419
7 1.520800e-007 137.862275 443.025468
10 1.525140e-007 215.645845 431.215106
4 7.433890e-008 255.456448 473.496300
5 2.721500e-008 206.460771 538.515742
8 1.177040e-007 204.027829 541.744366
6 4.025150e-008 167.487590 548.449886
7 9.605020e-008 167.539167 436.079167
10 2.226780e-007 178.915079 447.455079
5 5.564780e-009 159.234688 441.384321
10 4.301490e-008 310.446407 525.007000
8 4.520230e-008 313.604242 525.007000
4 3.679850e-007 376.837749 525.007000
5 3.146810e-008 431.255339 364.221370
2 4.211950e-007 427.098038 210.694499
11 6.945670e-008 430.078414 125.345491
9 2.226640e-007 646.276378 523.820995
3 7.955090e-008 701.144883 672.596031
9 9.911590e-009 648.807370 594.168506
3 4.356580e-008 798.573084 693.496612
9 4.276670e-008 710.735442 739.174179
4 6.609490e-008 450.313907 551.736811
9 3.761890e-008 601.811580 654.967336
9 2.181250e-007 759.299065 637.412497
3 1.062070e-007 793.439822 666.059969
3 1.318230e-007 877.150985 694.153946
9 8.860000e-008 867.080798 714.800897
3 9.379060e-008 778.031000 456.634233
9 1.640940e-007 776.538678 459.558374
3 3.908330e-008 791.450305 680.700561
9 8.201750e-008 721.857086 668.211432
9 1.547660e-007 634.405906 490.205710
3 7.689430e-008 707.111408 467.579088
9 4.287020e-008 695.031182 369.191700
3 1.263140e-007 841.255221 445.767627
9 3.147380e-006 764.674647 505.599064
9 1.004490e-007 841.647163 585.908975
3 6.675020e-007 842.191677 583.347200
9 1.055950e-006 725.323129 564.062824
3 8.889060e-008 722.870969 565.053568
9 1.247270e-007 637.329234 501.940253
4 1.026770e-007 551.602747 408.985011
11 6.064210e-008 554.661494 321.395239
2 8.991100e-008 514.041454 167.707059
5 4.503880e-008 417.888411 291.006389
11 6.638850e-008 496.518322 329.356613
4 7.515400e-008 529.241739 373.985923
8 1.834270e-007 273.314205 523.273767
10 2.268850e-007 190.620640 530.389814
6 3.745310e-008 108.225764 549.412017
4 3.222080e-008 349.036689 612.857359
8 1.721410e-007 358.989088 613.204903
10 4.174380e-007 190.802297 498.551238
7 9.135930e-008 77.205758 403.232702
10 2.451960e-007 205.682519 482.724735
4 1.175610e-007 269.547061 530.849971
8 1.404290e-007 278.074181 537.275597
5 3.891320e-008 318.182011 567.498921
3 1.451280e-007 801.235974 656.465998
9 1.212360e-007 783.904838 646.172764
3 1.581160e-007 804.701492 645.910482
9 5.557000e-007 803.336919 567.747490
9 1.004950e-007 765.049758 650.871822
3 1.603490e-007 762.917091 652.478897
4 5.934520e-008 493.292438 446.031993
5 1.386460e-008 434.636015 506.727642
4 5.242060e-008 550.799897 456.073610
9 8.981560e-008 631.209138 496.034795
9 1.279190e-007 751.641182 397.593636
3 2.028510e-008 823.838161 338.587509
9 2.710580e-007 686.854494 580.935062
4 7.244560e-008 473.101037 430.402762
5 1.464200e-007 382.823153 419.318238
2 7.333470e-008 489.712704 279.717393
11 1.386400e-007 489.162987 279.726987
7 1.188630e-007 112.771304 221.427361
5 3.040920e-007 250.727191 278.378520
2 2.322500e-008 188.912639 277.299725
7 5.454790e-008 120.755763 117.826817
7 8.280040e-008 126.215285 171.938978
5 6.382720e-008 196.403769 253.211843
7 4.608060e-008 197.590466 279.330830
2 2.046840e-008 240.713000 134.452490
2 1.724780e-008 191.884822 207.222212
5 4.424790e-008 139.391148 202.629769
7 2.359390e-007 103.783698 199.514629
5 3.767250e-008 145.445955 186.491585
7 6.280810e-008 142.792218 135.855155
7 2.062200e-007 178.792426 273.342458
5 3.075880e-007 275.238713 302.828963
4 2.045140e-008 317.019347 278.564621
2 2.461410e-008 284.985567 241.713994
7 4.649170e-008 32.556930 147.915739
7 1.880050e-007 46.089541 217.116665
7 1.843490e-007 99.928374 230.941964
5 8.108380e-008 166.383974 255.394364
7 1.027530e-007 160.251450 168.968713
7 1.557450e-007 36.578680 184.698342
5 1.439840e-007 229.264779 274.811137
7 7.171250e-008 276.043974 293.416425
2 3.457140e-008 208.740752 256.109424
7 2.078990e-007 169.538758 217.131757
5 3.078190e-007 248.694658 247.516837
2 1.710340e-008 299.845202 251.574417
7 5.138760e-008 240.644178 264.585389
5 6.062740e-008 165.977515 238.875513
7 4.164520e-007 73.873305 254.879541
5 3.095900e-008 152.773850 319.768814
10 3.023140e-008 144.312436 276.238617
7 2.240480e-006 90.514282 315.736923
5 5.123810e-008 215.626326 217.988476
2 5.101340e-008 287.816729 85.335761
7 6.240280e-008 174.496636 193.226045
5 1.497340e-007 248.193619 278.004566
2 9.902930e-008 375.504830 260.774238
11 1.598940e-007 444.649216 277.249657
4 2.092080e-007 403.798597 412.242094
5 2.122240e-008 425.076484 277.899689
2 7.176670e-008 440.379995 292.352275
11 9.795960e-008 517.267243 257.401625
2 5.806680e-007 366.870247 146.730645
5 8.556080e-008 342.262024 273.328807
11 1.366280e-007 443.418622 169.868973
2 1.894480e-008 513.314360 232.627777
11 5.235280e-007 558.894569 245.491031
4 7.563630e-008 392.147137 343.340525
5 4.045120e-008 401.979880 285.295489
2 1.853500e-007 415.259456 261.338637
11 3.022950e-007 486.899977 192.860569
4 8.264500e-008 429.569448 372.829617
5 1.775060e-007 392.903235 409.614610
3 1.928600e-007 785.062308 590.940034
9 7.705630e-007 783.883379 588.411799
11 1.324410e-007 648.048983 237.516432
9 9.236530e-008 627.691555 499.723623
4 1.542850e-007 481.151609 514.075039
11 1.486010e-007 475.520024 268.847072
5 3.486700e-008 476.586033 261.639305
2 2.914920e-007 464.093387 190.789059
11 1.078850e-007 626.689213 103.008318
2 4.776020e-008 513.516748 212.298307
4 4.629210e-007 439.285048 469.573596
8 1.534860e-007 371.138873 614.839290
4 9.730930e-008 547.696428 435.973135
11 2.623120e-008 526.224774 434.752867
5 1.282300e-008 308.641756 565.283836
8 2.231960e-007 300.538722 569.592335
6 3.601660e-008 187.056199 546.988742
10 1.589970e-007 185.159629 545.157245
8 8.104660e-008 113.458062 561.603964
10 3.564850e-007 94.833514 530.472092
6 3.049190e-008 259.552124 551.217598
4 1.682950e-007 334.224048 563.044202
8 4.030660e-007 317.882569 708.620065
6 9.372180e-008 263.341929 792.586902
8 1.286180e-007 359.395287 601.261493
4 1.271860e-007 369.481215 583.792161
5 1.501030e-007 402.144628 351.474004
2 1.860270e-008 455.657682 391.799149
4 9.732380e-007 410.932398 442.291846
9 5.978440e-008 586.615163 658.973508
9 3.633330e-008 578.405810 665.624014
4 1.762410e-007 444.815789 595.349391
8 9.327590e-008 407.530150 744.892602
6 9.823510e-008 78.962755 759.785224
8 3.393560e-008 332.892498 863.734851
6 1.220870e-007 255.520266 781.371725
8 2.102120e-008 244.808974 886.535412
6 3.436700e-008 185.767556 864.799660
8 3.595070e-007 183.601311 674.553977
6 4.323020e-008 312.633167 683.597357
6 5.894020e-007 228.705388 751.077440
8 2.386700e-007 237.293377 718.624073
10 2.631790e-008 176.001681 728.159752
6 1.178350e-006 166.193533 753.710956
8 6.730870e-008 140.966949 819.428722
6 1.546990e-007 127.064941 752.466845
8 1.063060e-007 157.440700 687.325678
4 1.104910e-007 411.599490 583.451273
8 1.391870e-007 304.644402 562.661615
10 8.454670e-008 286.651879 533.521807
6 3.780110e-008 289.281130 533.105365
4 9.201890e-008 250.348890 572.615833
8 6.201360e-008 155.281547 553.127696
10 7.953970e-007 93.174458 511.631241
