3 1.353910e-008 644.112165 660.113024
3 5.467370e-008 778.616342 412.193502
11 1.978300e-008 754.139129 282.686136
9 3.536650e-008 756.540149 284.017040
3 1.162190e-007 696.366645 400.412883
3 8.755380e-008 655.301107 568.068512
11 7.123870e-007 556.340008 210.523585
9 4.870100e-007 626.035400 159.372876
11 3.043180e-007 565.379675 263.361846
3 8.539670e-008 590.542462 388.827973
9 2.094640e-008 824.036407 218.301636
3 1.102090e-007 703.836762 524.164331
10 6.787000e-008 814.291066 632.050299
10 1.005860e-008 918.397547 652.706413
3 5.814610e-008 803.201018 507.890758
10 9.582170e-008 703.666732 714.983856
4 4.941980e-007 671.568239 895.344839
8 3.110240e-008 675.169628 903.433672
7 5.777570e-008 677.265719 908.141560
10 3.258880e-007 838.243153 908.551056
4 3.521920e-008 669.024891 773.837887
8 5.587100e-008 666.792625 764.884856
7 3.364820e-008 665.493387 759.673955
3 5.701240e-008 515.072836 415.734947
3 3.615240e-008 762.569882 574.650694
11 1.512750e-006 530.624767 217.810556
9 7.415760e-008 557.892488 186.784463
3 1.001210e-006 592.175596 446.875943
3 3.189630e-008 422.999142 480.744028
11 4.393320e-007 515.266868 236.472911
3 6.440810e-008 500.972942 399.857909
11 2.238470e-007 500.600868 123.779673
9 2.163090e-008 458.656566 185.499132
3 1.234690e-008 501.805010 376.541496
2 1.765990e-007 174.829073 180.145768
2 4.052500e-008 51.910253 192.058363
2 3.745190e-008 68.058347 256.394832
2 3.533590e-008 59.320500 120.600605
2 1.944860e-007 119.589947 119.967567
2 3.379030e-007 151.425138 140.137002
2 2.974820e-008 89.589463 209.507099
5 1.230340e-008 153.695454 305.360296
2 5.509260e-008 236.497303 7.307455
2 1.615440e-008 79.376773 143.328366
5 1.216440e-007 182.330000 566.630352
5 1.498410e-007 177.868367 531.989608
6 1.171220e-007 93.269416 831.842543
6 6.621420e-008 108.724340 926.113903
6 7.356460e-008 166.584134 858.885318
6 5.035250e-008 183.332967 967.943661
6 5.824500e-008 130.650137 821.941674
6 5.015380e-007 59.632266 904.986125
6 4.536740e-008 155.447222 819.624537
5 1.993800e-008 48.051218 632.287044
5 1.690540e-007 152.338070 414.013883
5 6.310670e-008 194.469996 558.804098
3 8.585280e-008 591.681572 549.528050
11 3.607230e-007 594.476556 241.342948
9 2.630090e-008 585.705546 324.795373
3 9.949050e-007 603.640264 502.351634
10 1.127460e-007 844.888087 665.886704
10 1.506190e-007 754.611437 699.395688
10 4.701220e-006 833.153996 768.528438
8 8.594290e-008 788.462953 807.377538
4 5.639650e-008 789.825093 795.409970
7 3.395660e-008 798.903029 783.790767
3 1.130430e-007 663.058434 548.518862
3 6.865990e-008 686.212584 591.579938
3 5.762180e-008 644.450145 584.133224
4 3.015160e-008 749.810912 774.666198
10 2.331550e-007 753.999790 774.373291
8 1.205540e-007 758.829609 774.035567
7 2.786850e-008 845.360350 767.984922
3 5.034420e-008 411.104222 560.661616
5 1.776720e-007 197.714671 485.397979
5 8.686310e-009 347.811176 620.355348
6 2.896620e-007 55.402340 827.816308
5 3.063060e-008 169.154221 639.965749
3 4.744490e-008 523.874740 584.222635
10 7.204750e-007 797.744027 718.951259
8 8.431250e-008 809.931936 788.521137
3 5.104370e-008 778.612937 537.117442
10 5.280910e-008 876.105349 671.305136
