9 1.589890e-007 453.410533 436.362221
6 5.478420e-007 435.163147 350.515285
6 1.543490e-007 564.605306 248.586231
9 2.255580e-007 568.633575 325.449046
3 5.515080e-007 642.445940 829.935231
2 2.542270e-008 700.247077 959.758419
3 3.433070e-007 687.075959 846.235963
7 1.180510e-007 454.718212 565.119412
9 6.081280e-007 517.729671 409.158984
6 1.085650e-007 519.506910 404.760117
9 3.774990e-008 521.516949 514.140999
7 3.885480e-007 421.685360 520.060613
6 4.862210e-007 461.475018 360.471617
9 9.512420e-008 556.439546 270.017746
7 5.651120e-008 459.668911 584.780432
6 2.080590e-008 444.993445 468.045612
9 4.783250e-008 444.469766 468.347958
8 7.770500e-008 336.872183 515.325512
7 1.876460e-008 458.597209 376.144092
6 2.680760e-007 514.356410 246.879799
9 1.200800e-007 514.306839 247.446413
6 2.887090e-008 518.294738 104.805330
9 2.698460e-007 450.674052 306.895386
6 4.298860e-007 396.132656 315.531281
9 1.190310e-008 315.549895 265.567705
4 1.486950e-007 31.531980 190.165753
4 2.696400e-008 206.047265 197.440614
4 3.438220e-007 88.518160 146.881483
4 5.075930e-008 118.108737 132.425218
4 6.634700e-008 105.025602 187.003235
4 2.980500e-007 81.487217 170.048904
4 3.607310e-008 207.152077 44.142489
4 1.897030e-007 65.619919 146.504384
6 5.922510e-008 336.972704 338.692311
9 4.414530e-008 342.141619 412.610371
7 6.110930e-007 348.216740 499.487631
8 8.177690e-008 210.058717 583.394048
11 1.552610e-007 167.627754 594.281263
8 7.968240e-008 191.098137 543.490040
11 5.275860e-008 137.709982 497.080552
7 8.930520e-009 129.335501 489.800746
7 1.708630e-007 343.098525 633.659005
8 2.822920e-007 278.392410 653.441680
11 1.900820e-007 200.453919 677.269905
5 5.578720e-008 280.916259 851.285850
7 7.503320e-008 275.225452 725.206780
8 2.673810e-007 272.947160 727.118492
11 1.506450e-007 207.228747 782.262740
8 1.664420e-007 234.675651 775.628606
11 3.291590e-008 304.950311 726.421800
7 1.101960e-007 347.943705 691.264384
8 7.785610e-008 132.765985 826.993117
5 1.297410e-008 160.856353 823.544155
11 4.039650e-008 215.361296 816.851986
8 5.170560e-008 274.305893 794.632793
11 5.926120e-007 182.756241 653.659055
7 4.611830e-008 339.480308 675.160684
2 3.891010e-008 400.233399 858.574966
10 3.536780e-008 349.983682 920.277040
5 1.487750e-007 281.655062 959.726448
11 8.360400e-008 142.479307 756.890532
8 1.715020e-007 148.350151 769.576295
5 1.160990e-007 89.417928 923.635478
5 7.271670e-008 290.929527 913.079036
2 3.765380e-008 366.691824 802.250268
8 1.425890e-007 309.087075 743.643685
11 5.846310e-008 188.160326 827.694860
5 4.814070e-007 176.785590 908.631148
2 6.269520e-008 303.074643 902.958056
5 3.140860e-007 157.438332 909.560364
8 2.894970e-008 105.990815 854.176321
11 1.879520e-008 105.353990 855.752513
5 4.666840e-008 294.055135 866.323768
2 5.826910e-007 431.911839 853.074857
3 1.805360e-008 378.628953 787.275574
10 1.556780e-008 375.839570 783.830952
8 1.295440e-008 300.466960 690.752964
7 1.354670e-008 281.521373 722.495399
11 7.947810e-008 274.715745 741.193633
5 9.491000e-008 252.452936 883.040228
2 5.502420e-007 401.115914 922.874335
10 3.330120e-008 368.135062 937.188439
5 2.503510e-008 27.644538 896.414939
11 4.209210e-008 41.829997 801.606390
8 9.711530e-008 175.299799 823.483536
5 6.216100e-008 240.399313 797.226739
7 5.827340e-008 200.026329 624.322501
11 2.459850e-007 102.386032 629.439525
8 6.768370e-007 138.852270 694.239913
11 9.037120e-008 122.947693 746.152636
8 1.362160e-008 224.347889 863.596031
5 2.790930e-007 245.575573 933.028917
11 4.687870e-008 252.065422 838.992212
2 7.982100e-008 384.132749 800.120839
10 1.972850e-008 384.455193 798.462025
7 5.650120e-006 338.802226 558.186857
8 1.017060e-007 378.425711 689.413456
7 6.029830e-009 200.653976 438.632011
8 2.434770e-007 186.884488 569.599076
11 4.599480e-008 187.245379 567.901231
7 9.404170e-008 201.503408 518.915756
9 1.638340e-007 598.592737 395.849719
6 1.401370e-007 597.228438 317.710336
7 3.679800e-008 568.378153 539.116545
9 1.520680e-008 524.403470 588.493796
7 1.122260e-007 469.019510 546.053027
9 1.938000e-008 469.274889 548.132990
3 5.243340e-008 692.121979 778.700085
3 5.375220e-008 527.805636 771.637977
7 1.576520e-007 421.463188 562.488211
8 1.795180e-007 252.879670 553.035243
7 3.267270e-007 301.022826 573.597481
8 4.758740e-008 371.704418 665.292014
7 9.993520e-008 392.500528 685.150809
5 3.387760e-008 333.860872 857.521960
8 2.584170e-008 320.499714 883.744787
2 1.349210e-008 335.128834 760.877468
11 1.134160e-007 260.532714 730.351134
7 1.282030e-008 236.217587 743.279725
8 1.775060e-007 312.365530 726.085679
5 2.324540e-008 228.294623 763.639220
11 1.601080e-007 232.345651 762.400699
7 7.895170e-008 269.994005 683.624339
8 4.847150e-007 253.387507 677.249762
5 2.520600e-008 175.271518 732.460102
11 1.884910e-007 174.854528 728.492627
8 2.575350e-007 117.743001 733.212759
11 1.332950e-007 241.923240 645.054114
7 9.093560e-008 283.882412 647.988104
8 6.263640e-008 365.630844 607.693452
6 2.239530e-008 488.487700 537.262345
9 3.770390e-008 488.829992 537.716583
3 6.082150e-008 651.474544 704.268439
3 7.186960e-008 685.936670 980.340326
10 5.241020e-008 673.621958 855.683896
3 1.198010e-007 707.535087 861.317058
10 4.479560e-008 613.747393 964.594283
2 2.030990e-007 554.935604 931.994443
3 3.965530e-008 636.182366 803.878367
2 2.124140e-007 458.375121 882.813545
10 6.993210e-008 455.704072 899.678055
3 1.087700e-007 603.589339 769.158289
7 3.381680e-008 552.580008 618.875828
3 1.240490e-007 694.907778 779.421171
3 7.570770e-008 657.490582 719.793798
3 8.941080e-008 763.009458 905.964212
3 7.787110e-008 583.139307 749.738326
6 1.734370e-006 472.951816 348.781619
9 8.006790e-007 473.199782 348.249855
6 2.288210e-007 509.792608 268.956711
9 2.567330e-006 504.895179 324.944408
6 7.069380e-007 435.351966 332.833404
9 2.307440e-005 505.054058 341.391625
9 1.361430e-007 504.800329 259.070498
6 5.968970e-007 490.820530 265.294716
7 3.267570e-007 396.195108 498.346494
9 1.310020e-005 503.289428 348.359711
6 6.011870e-007 500.823018 339.591202
6 1.628140e-007 428.541689 265.239487
9 1.620590e-007 405.465239 328.641941
9 7.445410e-008 548.063767 243.684054
6 1.438900e-007 547.545521 258.523222
4 2.348600e-008 141.883417 133.478390
4 7.521100e-008 93.232183 187.697481
4 2.002510e-007 66.740286 181.625320
4 3.775170e-008 224.951046 169.659119
4 3.094550e-008 207.283787 227.413496
7 1.959910e-008 240.214395 276.730173
6 5.026580e-008 349.868099 228.592313
9 4.384400e-007 498.882702 295.714334
6 2.074060e-008 560.807992 101.248261
6 9.103190e-008 374.661388 250.380680
9 3.710530e-008 395.574165 189.645406
6 1.780970e-007 441.345018 328.447530
9 1.757450e-007 382.655195 345.276362
3 2.097110e-007 604.469452 783.131571
2 4.706320e-008 680.149578 845.246836
3 1.268280e-007 640.305023 775.845922
9 3.816060e-008 446.300487 484.062607
6 4.300860e-008 449.996297 486.650455
7 2.749220e-008 494.642214 517.912043
7 3.500080e-007 446.434655 533.213269
9 2.381720e-008 513.658481 540.278449
9 1.048090e-007 636.118187 312.141510
6 4.402500e-008 670.819169 270.401483
9 5.958820e-008 650.687347 460.154158
7 3.847790e-007 329.455118 587.230266
8 5.680970e-008 246.098411 575.515301
11 1.107250e-007 180.777676 537.860980
8 2.827250e-008 277.249110 522.615436
7 1.105470e-007 278.846954 521.125424
11 7.200440e-009 247.358854 558.501795
8 4.331660e-007 187.974218 594.044963
7 1.064230e-007 185.766952 594.083491
11 8.018050e-008 96.620047 555.887926
8 8.905540e-008 143.083271 525.714260
7 1.497450e-007 214.716834 479.194734
11 2.327100e-008 73.252861 541.956292
7 3.230900e-008 137.488542 438.626539
11 1.007360e-007 123.130038 601.039779
8 8.447340e-008 183.084419 579.217931
7 5.696150e-006 356.212102 561.278838
9 1.020960e-007 411.426844 480.643637
6 2.061520e-008 475.285019 527.039089
6 4.457380e-008 718.060599 327.911205
7 1.596140e-007 473.869382 499.011956
9 1.867270e-007 521.890718 419.090586
6 1.907360e-007 515.350461 379.500519
7 3.027030e-008 432.506870 441.852491
9 1.398090e-007 427.796740 436.035996
6 5.297410e-008 374.785690 370.573133
7 8.682350e-008 407.368757 589.952339
5 1.112130e-007 316.986819 903.797213
2 3.279420e-007 401.813023 921.464023
10 8.786010e-008 389.000219 908.651219
8 1.814880e-007 254.187123 783.473347
11 2.592340e-007 188.283268 754.131153
7 7.297040e-008 309.167663 703.078752
8 3.453970e-008 385.385894 811.928795
2 7.739390e-008 383.325681 844.539619
10 2.147520e-008 335.659598 912.613857
5 5.603010e-007 232.302484 951.636449
11 1.252500e-007 191.444613 774.654175
8 6.540890e-007 234.164485 723.742569
2 4.300490e-008 378.699952 799.752935
8 5.084220e-008 282.450069 786.579252
5 4.112470e-008 213.171091 794.315459
11 8.247690e-008 168.225163 727.680014
8 1.116210e-008 355.228272 799.254596
2 2.036400e-008 299.793981 763.784912
11 2.289870e-007 150.411704 724.094564
5 2.183340e-007 145.519261 867.786775
2 6.962000e-008 329.236981 924.620185
10 2.592650e-008 307.687706 849.468164
8 1.348340e-007 262.381271 811.882877
5 1.309930e-007 187.100695 855.346218
11 5.036460e-008 184.710359 775.674320
7 7.758460e-008 402.483311 685.561828
8 2.206650e-008 420.863483 681.989080
2 5.786970e-008 325.960005 851.180541
11 9.453510e-008 225.062204 695.809984
8 1.113780e-007 72.251399 639.699799
5 4.554710e-008 175.196343 792.204075
11 3.695520e-008 179.010051 791.182194
8 7.616540e-008 89.524559 743.873582
5 7.988230e-008 334.176262 842.148959
2 3.322780e-008 299.459566 803.592088
11 1.076800e-007 222.465262 718.081085
8 1.754200e-006 220.219185 715.586559
11 2.898560e-007 92.283138 730.664749
8 6.585060e-008 89.657606 732.643233
5 1.023430e-007 44.772496 916.575162
5 5.135980e-008 255.933508 847.905495
11 1.087420e-007 200.876321 724.245823
8 1.129990e-006 199.468792 721.084482
7 2.685550e-007 368.722937 630.066292
11 4.487980e-008 128.675144 846.140460
8 2.059020e-008 126.050727 848.342619
5 1.516280e-007 73.641337 894.280353
5 2.395860e-008 191.717558 800.007669
11 3.650210e-008 229.586446 840.795421
8 2.955500e-008 231.346901 843.612739
5 1.193660e-007 256.087014 905.047858
5 1.916580e-008 235.691471 758.252682
11 1.212550e-007 218.035259 708.944082
8 3.933720e-006 220.109990 711.799705
2 2.196520e-008 270.465591 917.757479
5 7.089900e-008 227.934756 892.194282
8 5.169570e-008 339.690994 778.282495
11 6.221340e-008 187.101015 750.977749
8 5.115170e-008 88.096109 739.495857
5 5.328040e-008 217.011300 831.126118
7 1.058950e-007 401.149164 642.610586
9 3.757560e-008 558.059940 510.305246
7 8.144750e-008 491.572826 549.187820
9 3.945720e-008 552.486540 568.433788
7 1.017740e-007 430.718567 600.702405
8 5.502410e-008 306.801040 823.202848
5 6.921270e-008 271.575174 868.980156
2 2.372130e-008 275.343696 797.071300
11 5.651520e-008 293.004913 714.753845
7 3.978050e-008 296.803383 731.206972
8 2.061330e-008 363.310753 698.649786
11 4.194260e-008 222.221898 840.143763
5 1.836610e-007 261.339238 910.714596
2 1.074250e-008 246.906636 993.901456
5 9.500850e-008 306.529261 922.251571
8 8.513660e-008 193.060890 822.657333
11 4.883510e-008 186.630008 825.520518
8 2.227740e-008 205.471202 802.369743
11 4.444400e-008 205.957361 809.321853
5 6.621490e-008 210.386799 872.663159
8 9.038660e-009 158.791415 860.351881
5 3.028670e-008 89.439094 844.340517
2 5.217950e-008 321.993660 854.753239
5 4.076610e-008 311.763725 796.736753
8 3.079920e-008 320.556500 872.473717
10 1.705670e-008 308.881515 974.332982
11 3.741690e-008 269.814119 710.461942
8 3.525590e-007 222.697773 736.479819
5 1.324650e-007 109.200919 817.048415
7 4.041670e-008 259.612531 743.041236
11 1.350770e-008 267.116859 828.814341
5 1.057190e-007 76.102609 921.831830
8 2.303060e-007 186.648470 783.507621
11 9.427060e-008 99.196837 761.703672
5 3.389890e-007 148.934283 882.901710
8 4.621580e-007 136.320566 702.519271
11 2.743780e-007 221.195356 702.219219
7 8.091500e-008 264.915485 675.157531
8 7.507620e-008 58.416731 751.041516
11 1.098330e-007 58.235449 818.228827
5 2.003840e-007 152.503964 930.573960
10 1.682690e-008 305.756630 818.520961
2 3.775990e-008 303.247081 815.922245
8 2.175840e-007 236.008518 746.294643
11 1.480360e-007 223.389204 745.404566
5 1.943120e-007 170.670691 875.887363
11 2.415320e-008 26.929319 882.250179
5 4.667190e-008 117.014593 846.141450
8 1.342370e-007 244.138981 747.532742
7 2.086900e-007 324.241232 669.929113
11 1.055140e-008 235.645052 839.739481
5 1.880270e-007 172.940300 890.516543
10 4.749880e-008 402.626449 881.518687
2 7.677430e-008 405.366502 879.219526
5 1.086650e-007 230.442613 912.163558
8 1.645480e-007 163.574058 768.763225
11 2.825410e-007 158.432266 757.736599
8 4.932460e-008 306.237931 909.336140
2 4.699570e-008 287.316954 967.414783
5 1.591470e-007 279.447195 961.904295
11 1.925820e-007 173.523023 736.411066
7 3.581500e-008 143.876607 712.240366
8 1.459260e-007 115.114834 739.061314
5 8.983740e-008 311.398923 930.308756
2 7.618500e-008 329.549770 986.172684
10 5.554220e-009 319.920498 877.015546
8 4.699440e-008 289.756156 847.288565
5 4.536850e-008 303.078010 906.776657
2 5.315980e-008 353.810754 817.074705
8 6.209110e-007 262.261790 654.045180
11 9.768720e-008 257.782170 659.383817
7 2.369430e-008 257.472643 659.752700
5 8.183410e-008 171.999229 869.304286
8 5.712650e-008 133.067704 867.442618
11 3.509910e-008 126.386622 869.874315
5 6.660860e-009 148.929988 836.011644
8 4.138760e-008 350.808381 773.482656
7 1.970760e-008 365.281598 809.304895
2 2.927610e-007 398.988736 892.732452
10 6.676520e-008 380.929800 896.899014
5 7.100620e-008 321.646566 874.851345
8 8.696580e-008 286.407234 822.715373
2 4.609880e-008 369.944572 860.143264
10 5.812550e-008 368.296547 860.647115
5 1.370940e-007 272.664356 889.884771
5 4.989950e-008 222.572759 838.254167
8 4.830460e-007 191.228116 758.769425
11 8.298180e-008 189.663569 757.829351
5 6.720780e-008 251.511895 842.365314
8 4.565810e-008 359.202434 836.173399
7 1.024660e-007 449.435097 551.676536
9 1.967270e-007 459.181184 458.948985
6 2.029760e-007 426.132243 393.236186
4 5.905550e-008 111.944713 185.013984
4 5.551940e-008 194.105109 136.390376
4 2.882940e-008 180.965367 67.724431
4 4.208620e-008 183.201359 198.925595
7 5.943050e-008 380.099268 359.392725
6 1.536240e-007 383.698602 342.459401
9 3.039890e-008 399.104784 269.979915
6 9.140490e-008 517.696598 202.702360
9 5.696740e-008 530.437102 253.591749
6 1.041980e-006 478.126944 286.565628
9 7.599450e-008 449.806617 199.405492
6 4.185870e-007 466.511927 246.125779
9 1.383210e-006 471.026182 332.262010
6 3.163480e-008 332.481884 372.802138
9 6.607310e-008 338.099909 372.012562
7 9.536340e-008 411.668638 361.672960
6 5.791180e-007 492.036677 263.567936
9 2.099490e-007 489.208488 268.886954
7 7.660620e-008 485.412286 507.812890
3 2.434480e-007 557.272789 796.111879
2 1.326250e-007 489.919062 823.790643
10 6.361950e-009 535.808869 747.416695
3 8.356040e-008 764.529217 809.999334
3 2.235310e-007 668.863154 806.429254
2 2.482960e-007 498.273716 858.738291
10 9.044540e-008 498.758007 857.154276
3 2.666870e-008 499.044008 856.218824
3 9.291880e-008 722.087379 870.723428
3 6.208860e-007 598.292388 921.392752
2 1.981040e-007 542.087930 907.379493
10 9.431830e-008 540.529452 906.990924
3 2.810960e-007 565.016798 823.913621
2 2.317090e-008 607.256292 781.674414
3 2.241490e-008 669.054106 754.588986
2 1.392250e-007 520.946713 858.503815
10 1.328470e-007 559.555331 890.715000
3 6.824930e-008 760.339531 791.079358
3 7.272240e-008 758.255766 837.732462
6 1.673900e-006 485.297257 348.807426
9 9.958290e-006 481.383416 344.305066
6 5.423890e-008 561.667779 197.479488
9 1.420600e-007 436.003650 296.214514
7 6.024890e-008 495.891152 420.924013
6 5.467520e-008 492.456734 414.728132
9 8.414730e-008 579.708027 218.879434
6 3.315730e-008 404.185748 175.784774
9 4.288760e-008 543.669930 523.891859
3 1.853630e-008 575.401676 656.425039
7 2.936240e-008 558.435128 606.199765
2 2.350230e-007 476.271646 821.638755
3 3.960400e-008 492.987372 885.121065
10 5.933430e-008 570.083864 900.106897
2 8.267240e-008 562.735650 881.546557
3 3.974220e-007 637.837150 826.981954
3 7.147980e-008 693.109937 732.035774
9 3.141150e-008 610.879584 353.492312
6 5.696740e-008 595.226234 307.599099
7 4.126950e-008 408.923372 399.128368
4 7.008750e-009 137.791114 155.219635
4 1.794870e-007 75.373698 192.385716
4 6.746590e-008 187.319694 242.904926
4 1.556100e-007 80.414278 142.378695
9 1.880060e-007 377.857953 331.162763
6 8.904900e-008 375.218460 321.311976
7 2.058290e-008 372.835655 312.419172
4 9.146840e-008 102.671575 175.657609
6 1.006290e-007 357.991678 374.770831
9 8.484920e-008 417.666899 418.070008
7 1.089220e-007 429.559217 485.515519
9 1.509830e-008 504.200466 573.059776
7 3.823270e-008 504.463012 623.127675
2 4.905060e-008 471.228000 708.359266
9 5.443110e-007 511.821679 379.630744
6 3.361710e-007 512.269355 353.983361
9 1.609560e-007 571.735313 253.593152
6 7.385940e-008 577.327420 261.883784
7 6.115370e-008 477.368829 465.545976
3 8.823000e-008 720.482690 790.272599
10 1.219680e-007 598.638596 930.416307
2 2.822770e-007 607.532070 931.038183
3 1.719400e-007 678.417925 814.682551
7 3.731730e-008 422.151308 601.790599
8 1.058680e-007 289.988544 571.597359
11 5.044560e-008 157.614544 555.482384
7 1.565340e-007 421.925812 586.480564
9 1.890470e-007 555.036907 386.629284
6 6.147340e-007 529.109289 315.394391
9 4.199250e-008 460.334290 259.374040
6 1.017050e-007 508.449069 197.790071
6 9.045980e-008 406.819325 193.736629
9 8.393560e-008 390.797068 269.115230
7 7.317610e-008 430.473547 435.866597
7 1.160590e-007 378.320674 659.771621
8 4.014800e-008 335.028262 717.222376
10 9.650930e-008 436.694763 912.132759
2 1.328220e-006 440.407679 917.092699
5 4.783560e-008 298.425836 913.811407
2 1.781580e-008 353.675640 804.115499
8 3.644140e-007 258.028702 676.927288
11 1.530260e-007 216.610779 632.511978
7 1.014750e-007 217.730692 642.583808
5 1.564250e-007 145.925257 889.875216
11 2.019260e-007 154.107883 739.361915
8 3.016020e-007 156.972101 731.043596
2 1.650640e-007 381.576289 884.195541
10 7.885720e-008 397.148166 951.645041
11 7.115460e-008 224.135587 712.275162
8 1.435460e-006 217.430188 706.446249
7 1.390620e-007 364.329887 679.564588
8 6.348500e-008 341.904839 580.038131
7 7.051250e-008 470.504141 525.450965
3 3.936810e-008 651.304152 674.694915
3 4.196390e-008 698.339430 786.517962
10 2.853060e-008 668.043970 939.563162
2 6.838890e-007 509.924171 961.785220
3 7.284400e-008 558.536503 944.388074
3 5.254280e-008 779.922959 885.995852
3 3.412140e-008 767.554722 788.012165
3 1.301820e-007 626.268679 801.466133
3 1.109180e-007 726.631947 866.800611
10 1.963980e-008 574.433756 864.166438
2 9.456360e-008 565.914490 783.109332
3 9.973410e-008 687.895620 795.883310
3 6.239440e-008 609.223521 741.497198
3 3.404710e-008 792.328813 969.873274
10 2.071550e-007 579.877572 960.295946
2 9.175190e-008 553.068963 900.083176
3 2.342370e-008 579.008622 642.683935
10 1.471440e-008 527.512707 723.413970
9 7.621710e-008 540.720321 415.836728
6 7.230920e-008 540.112000 425.580119
3 5.946320e-008 567.431690 791.676539
9 7.165030e-008 459.081080 457.333256
7 9.117790e-008 495.688812 412.653815
6 1.958560e-007 501.346411 408.390521
9 2.016170e-007 566.157841 335.725212
6 8.589550e-008 607.151501 388.701166
3 6.608470e-008 593.376509 761.252000
3 1.598900e-007 593.211586 810.323671
2 6.992140e-008 583.864120 850.972409
10 7.734530e-008 590.677262 849.399476
3 5.178830e-008 754.705175 812.348421
6 1.400290e-008 705.633653 399.233953
3 1.214990e-008 819.374686 802.398454
2 8.669720e-008 564.588950 805.461231
3 3.669390e-007 562.693804 803.631106
10 1.534300e-008 559.658664 800.700099
6 1.307780e-007 472.350671 419.703146
9 2.717770e-007 471.934191 419.256527
6 8.099950e-008 392.456138 439.403489
9 6.496060e-008 392.197921 439.910270
7 1.112020e-007 365.958377 491.408393
3 3.566440e-008 696.236091 739.053737
9 2.570980e-007 467.227096 433.625819
7 2.902940e-008 460.314636 389.982028
6 3.722150e-007 454.441284 352.898950
3 2.887000e-007 574.285790 813.509021
2 5.044400e-009 596.412638 849.829261
10 4.595610e-008 603.140591 848.521451
7 8.209920e-008 465.201929 612.493735
2 1.221800e-007 545.086265 817.206272
3 2.104240e-007 552.213107 821.156738
10 9.601940e-009 689.177970 877.456874
3 4.592900e-008 698.490594 821.698779
3 3.270220e-008 785.110585 787.456158
3 9.859310e-008 766.342426 892.854841
2 1.581360e-007 558.926554 898.697206
10 1.407760e-008 551.822875 898.075708
3 2.952690e-007 550.809041 897.987008
2 2.788370e-008 470.754402 705.327141
10 1.463210e-008 470.295596 698.766189
3 2.141520e-008 470.230116 697.829817
7 4.024970e-008 483.092209 596.822663
3 1.316760e-006 609.736483 864.519621
2 1.560200e-007 621.877727 941.174789
10 8.592850e-008 645.942974 975.624822
3 2.009130e-008 567.977047 698.962287
3 2.261850e-007 640.878888 830.755734
2 1.198630e-007 490.621569 856.591528
10 1.051080e-007 537.262775 897.136204
3 8.811180e-008 636.935721 983.780778
10 3.393190e-007 576.298231 942.195814
2 2.488770e-007 560.207276 959.451245
3 1.936230e-007 558.464941 961.319671
10 3.950390e-008 612.807000 842.799735
2 8.976810e-008 612.807000 817.239771
3 3.686600e-007 612.807000 814.472172
3 1.209780e-007 650.032443 735.028706
6 7.507150e-008 500.214097 446.108467
9 5.046410e-008 500.234157 446.682870
3 1.745090e-007 623.185944 797.531173
10 6.347580e-009 617.730668 743.555122
7 3.547090e-007 424.929926 587.540472
6 2.294300e-007 496.631522 400.835639
9 4.724670e-007 496.966313 400.339293
7 1.973380e-008 497.171796 392.703504
6 8.720210e-008 412.199045 229.896346
9 6.106060e-008 411.955522 229.349386
7 3.081660e-008 413.714011 411.315159
6 2.411730e-008 420.226864 551.610851
9 2.207640e-008 419.794331 552.058748
8 3.118010e-007 280.822195 685.028082
11 4.954640e-008 279.552712 686.211900
5 1.027110e-007 124.043573 898.798298
10 6.735000e-009 335.109613 878.099530
2 4.829150e-008 332.718475 875.249887
8 1.220420e-007 278.383597 780.182876
11 1.391400e-008 279.964931 780.854108
5 4.060490e-008 232.890964 841.613185
8 8.334290e-008 346.175925 714.803854
7 1.916730e-008 304.017285 722.998474
11 2.292780e-007 199.502506 743.313620
5 3.522760e-008 298.908351 783.791516
2 3.045630e-008 298.379622 782.945365
8 1.047090e-006 232.504761 682.418139
11 6.119020e-008 119.737005 780.445931
5 4.262110e-008 241.063817 855.989416
11 7.542550e-008 171.483105 750.568548
8 4.415740e-007 184.893531 747.224999
7 1.016350e-006 369.496424 540.756250
6 4.155000e-007 500.595793 397.375466
9 3.185950e-007 500.084588 397.126135
7 1.102270e-008 493.036972 415.246950
9 6.669400e-009 351.214269 543.049750
6 1.720380e-007 432.119079 399.932016
9 4.081750e-008 409.814243 258.009983
6 1.791530e-007 365.497980 373.445155
7 3.870920e-008 331.463825 338.252980
4 2.130010e-008 165.203149 205.896175
6 4.865240e-008 408.077927 276.636207
9 1.110010e-007 407.914547 276.066433
6 8.642370e-009 453.553562 125.495875
9 1.806910e-007 458.995296 244.569499
6 7.085480e-008 597.814956 328.794143
9 1.725470e-007 590.342747 272.883640
6 7.361540e-008 505.924747 196.387612
9 1.265430e-006 465.126246 336.023849
6 6.621850e-008 471.660793 468.511442
7 2.367530e-008 468.437431 499.179000
7 1.812980e-006 348.864573 566.375217
11 4.770190e-008 208.863672 540.309278
8 5.921550e-008 195.561447 541.942595
7 3.927550e-007 291.261280 576.464765
8 3.821750e-008 346.316237 863.086887
2 1.490580e-007 345.148846 866.905263
5 5.449470e-009 356.198143 856.673835
8 1.181860e-007 326.939734 791.146664
7 1.065450e-007 388.988849 628.135735
8 7.343670e-008 366.864833 614.945093
7 1.247500e-008 399.992834 701.246128
2 3.326470e-008 380.335220 789.682152
11 5.293120e-008 312.398969 716.406191
8 1.028740e-007 390.365302 655.492456
7 1.812560e-007 439.501070 576.256258
6 6.995110e-008 451.685742 514.217268
9 6.944590e-008 451.293893 514.701160
7 2.863530e-008 506.357501 413.189142
6 7.651490e-008 494.290674 234.934159
9 6.819050e-008 493.707592 234.733390
6 9.823610e-009 534.937121 566.292979
9 5.272910e-009 535.135938 566.870383
3 4.130360e-009 647.576476 677.052902
7 1.677170e-007 435.972228 543.309683
9 1.732700e-008 396.762808 547.223712
6 1.106480e-007 512.696546 443.390283
7 3.260060e-008 515.693189 441.369021
9 1.176590e-007 569.066405 373.726347
6 5.455740e-008 387.322223 273.348770
9 1.879980e-007 388.073357 307.388331
6 1.074850e-006 434.685402 326.912730
9 9.298740e-008 369.613832 311.889935
6 1.543260e-006 443.932692 303.667386
9 1.614580e-007 512.072267 286.678145
7 2.900450e-008 484.638000 397.256332
6 2.919330e-007 545.725774 319.794220
9 4.953930e-007 537.251482 388.813080
3 1.931720e-007 584.926739 789.867984
2 1.433750e-008 674.807307 737.439374
3 7.368450e-008 699.933976 761.911564
9 6.154680e-009 720.691537 290.689766
6 5.537850e-008 486.856818 436.695933
9 8.035560e-008 481.906143 439.218423
7 2.376510e-007 373.653736 499.713797
7 2.488710e-008 478.117399 667.893406
10 9.564230e-009 501.144596 797.231526
3 1.743870e-007 500.922551 790.872562
2 1.004140e-007 500.830402 788.233578
3 1.787280e-008 697.183934 698.213315
7 2.644010e-007 378.587627 550.567110
8 4.741650e-008 342.338319 580.418246
2 5.413120e-008 350.461325 881.133149
5 2.525430e-007 221.230421 925.175525
5 2.972970e-007 99.626852 928.998031
11 2.491280e-008 215.893437 841.396068
8 1.101530e-007 283.637978 729.461828
7 1.620250e-008 258.592383 718.936378
5 3.167050e-008 92.433805 883.552105
11 1.891460e-008 63.136320 909.020142
8 3.051800e-007 155.274577 742.678584
11 4.439100e-008 264.973074 836.996232
5 6.086260e-008 285.022341 854.424803
5 2.749530e-008 80.642765 858.750106
11 3.920240e-008 119.820745 864.604413
8 1.531690e-007 311.596931 777.740583
2 9.743060e-008 336.328083 969.269796
10 4.704430e-008 334.760066 968.790407
5 6.573610e-008 312.652909 962.031598
8 1.395020e-007 338.939830 659.127524
7 3.303960e-009 276.919543 714.970939
11 1.239400e-007 208.976518 776.147220
5 3.180060e-007 258.277640 916.782332
8 3.571510e-007 234.975282 748.151239
11 1.426450e-008 288.465435 684.404341
7 1.040080e-007 341.899831 631.482075
9 6.138030e-008 601.893840 381.410568
6 4.850190e-008 604.539448 305.649958
9 1.871080e-007 400.071382 407.258572
7 7.715350e-008 407.628275 397.379968
6 8.473040e-008 409.114575 390.942030
9 2.625490e-007 525.283641 259.194002
6 9.867440e-008 462.888904 215.640534
4 4.623140e-008 143.319575 161.878133
4 8.539320e-008 51.966201 51.664932
4 4.771110e-008 146.381784 116.281051
4 2.824820e-007 60.181772 171.738790
4 8.267190e-008 45.248144 309.483114
4 2.860230e-007 44.283125 99.475720
4 6.019140e-008 102.979665 74.645058
4 1.163010e-007 114.877751 166.198249
4 1.276560e-007 92.428504 188.952708
4 1.510200e-007 64.657360 157.395637
4 1.604090e-007 82.203646 231.802304
4 1.903250e-007 68.786500 118.734497
6 9.293210e-008 371.319874 337.510262
9 1.496900e-007 403.425972 288.175186
6 2.602340e-007 447.293652 270.066057
9 5.827810e-008 449.440800 275.380424
6 6.464740e-008 606.767962 338.027430
9 3.900690e-008 606.464915 343.809708
6 1.470990e-007 579.346652 305.852988
9 8.757250e-008 577.355447 311.040204
6 1.616330e-008 459.335319 159.336351
9 5.696060e-008 455.186180 155.467199
6 2.611200e-008 431.377966 374.248203
9 1.628710e-007 427.325002 378.301139
4 3.601540e-007 58.864295 184.237723
4 2.148750e-007 81.530152 150.485993
4 5.256020e-008 175.810451 189.503259
4 1.247980e-007 104.961652 88.051081
4 5.804060e-008 127.901631 156.462002
4 2.380090e-007 37.731019 91.976110
4 3.781210e-008 201.030358 183.793279
4 4.262950e-008 99.931958 29.609995
6 9.035830e-008 425.028759 291.843448
9 1.080690e-007 429.867655 288.455201
6 4.887480e-008 461.292682 135.541285
9 2.198860e-008 461.589602 129.875789
6 2.969650e-008 493.615615 144.422592
9 1.088700e-007 605.072558 357.381740
7 2.072560e-007 430.971575 536.413194
2 3.564270e-008 352.195549 849.534205
8 5.121330e-008 301.362946 911.773543
5 1.051400e-006 232.178181 956.703463
11 4.300270e-008 154.852595 832.057112
5 5.153720e-007 125.968461 948.844340
2 1.202050e-007 380.054743 964.692745
10 2.646320e-007 441.756160 958.455392
5 8.699460e-008 267.011297 927.378997
8 4.323770e-007 200.059939 774.731181
11 1.142410e-007 201.636143 774.094353
8 3.411490e-008 344.094743 783.188496
7 1.678580e-007 411.979547 611.078656
7 1.085640e-007 254.900382 418.148077
6 1.254830e-008 245.988090 486.061232
8 1.472020e-007 181.475918 571.671755
7 6.280150e-008 173.874869 568.107875
11 3.196390e-008 154.943370 509.842819
7 5.141900e-007 255.239997 524.840963
9 1.435260e-007 445.991091 433.548405
6 8.136050e-008 425.995112 339.473678
9 1.942220e-007 595.806376 350.791710
6 4.152440e-008 594.446222 366.338169
3 1.777850e-007 656.968435 817.090386
3 5.622810e-008 506.720449 734.669228
2 6.644220e-008 510.725341 728.466885
3 6.821780e-008 648.109068 724.509742
7 2.215140e-007 418.937388 512.054404
9 2.700450e-008 496.367231 562.337965
3 7.032860e-007 661.731262 827.020311
10 3.632760e-008 510.972569 781.528316
2 9.347020e-008 488.417435 770.035935
3 4.317590e-008 481.157029 766.336585
3 2.000830e-007 675.367266 846.457860
3 6.002500e-008 712.812735 779.710888
3 1.573380e-007 749.028823 870.605174
3 1.936270e-008 833.926145 781.329162
3 1.032800e-007 550.834995 817.260548
2 2.135540e-007 562.766949 884.930164
10 8.281470e-008 573.603208 951.015716
3 2.585250e-007 578.598479 811.766562
2 1.953400e-007 580.881755 813.193317
9 3.123610e-008 717.860262 394.272526
9 4.206700e-008 672.569573 447.893298
3 5.908860e-008 614.895076 741.616131
6 1.648860e-008 549.792780 460.814913
9 6.228010e-008 549.813675 460.216578
6 1.265330e-007 377.401218 271.259539
9 6.379450e-008 377.912439 271.508878
7 7.282900e-008 444.004871 521.620746
8 1.682960e-008 185.105609 531.663049
11 7.354210e-008 103.491226 550.505062
7 2.183600e-007 276.890146 610.337957
8 4.135630e-008 186.591476 495.017951
11 2.219620e-008 56.862131 555.632985
7 1.226570e-007 277.501373 536.843956
3 1.869460e-007 642.744630 800.221889
3 1.663180e-007 686.245692 912.717540
10 1.121270e-007 588.380847 927.531079
2 1.586920e-007 578.075627 918.572950
3 5.738050e-007 631.358895 837.410796
10 3.545280e-008 617.821151 848.533740
2 4.117740e-008 629.272832 841.096921
3 1.253900e-007 644.326433 935.941840
3 1.446230e-005 620.376759 876.083400
10 8.933650e-008 579.848530 936.169269
2 3.465090e-008 571.976868 947.839546
3 6.678260e-008 574.785232 678.313237
6 5.845620e-007 480.289609 372.289631
9 1.344420e-006 480.184605 371.694127
7 2.665180e-008 479.642716 368.620936
6 4.621780e-008 583.865321 518.260994
9 1.916570e-008 584.132338 518.763183
6 4.802270e-008 482.986916 431.616572
9 2.101760e-007 482.386734 431.542881
7 1.019220e-007 367.116418 402.187693
6 2.881020e-008 273.984759 224.729420
4 5.589180e-008 132.867313 196.610956
4 1.361450e-007 113.092315 161.288314
4 6.622030e-007 69.337987 147.307128
4 3.112640e-008 159.395909 243.295667
4 1.503730e-007 55.448416 48.234800
4 7.571340e-008 107.999497 199.883451
4 5.377160e-008 143.796774 155.023262
4 9.541300e-008 96.241673 120.506262
6 7.454840e-008 309.931090 270.410519
9 1.973190e-008 299.527150 258.442162
4 1.707990e-007 99.355286 157.303500
4 2.481740e-007 77.380548 150.908325
4 4.913210e-008 142.378845 178.519805
4 1.248920e-007 132.599099 228.269363
4 2.476290e-007 80.801271 174.589096
4 3.142990e-008 185.735947 257.224230
4 4.730120e-007 43.156502 104.530108
6 3.809640e-008 284.733074 214.170262
4 1.141990e-007 79.433952 200.277074
4 1.230960e-007 110.043122 168.449068
4 3.302040e-008 151.380036 166.633488
6 1.562370e-007 405.970022 246.568048
9 1.058780e-007 455.765792 238.481297
7 1.395760e-008 409.571329 375.794739
6 9.168500e-007 442.772545 326.569274
9 3.759670e-007 448.307308 405.724539
6 4.993990e-008 347.302600 247.397327
9 4.186080e-008 348.344850 214.802462
6 3.451470e-008 439.545758 161.390125
9 6.445850e-008 563.400262 273.939437
6 6.920370e-008 511.230868 366.488307
9 1.212850e-007 541.185099 286.885308
6 2.301690e-007 525.767922 348.844852
7 1.427810e-007 458.431842 506.765200
3 1.253780e-007 657.039673 780.476623
3 4.446220e-008 701.963238 773.221928
9 6.404630e-008 647.973249 267.245574
6 2.788610e-008 668.206952 411.216542
9 1.176690e-007 435.737601 441.162816
7 6.200240e-008 436.397872 438.302883
6 1.567800e-006 469.268146 295.926795
6 1.868150e-007 502.367002 257.853870
9 8.642180e-008 507.153772 267.248455
7 4.876550e-007 385.064441 501.423042
8 9.992240e-009 378.142766 671.506571
9 7.270050e-008 544.925310 438.649168
6 6.083580e-008 548.137343 435.547349
7 3.287550e-007 409.042966 511.899081
8 1.122380e-007 199.828050 559.322379
11 6.688630e-008 157.855446 518.789893
7 1.528660e-008 165.458114 586.966205
11 6.122980e-008 217.868521 545.579215
8 9.737010e-008 291.813604 556.327199
7 8.816720e-008 424.473755 598.241366
5 4.053370e-007 221.893076 920.153280
8 2.382880e-007 278.059227 747.291744
11 7.210790e-008 311.455431 684.295728
7 2.685470e-007 356.573955 606.148183
9 4.930680e-008 410.438648 357.724022
6 1.542430e-007 413.967578 360.383273
7 2.287070e-007 356.489023 433.669048
3 1.668410e-007 591.231844 768.377693
3 2.000310e-008 683.800339 780.522337
3 2.772110e-007 708.453880 840.525955
7 1.581290e-007 435.077057 634.408967
5 3.502820e-007 184.041458 906.693326
8 1.868930e-008 176.808904 909.615492
11 5.876630e-008 107.212668 790.079440
5 1.151340e-007 235.798770 883.665154
8 3.604780e-008 339.347546 772.622186
2 4.262940e-008 327.257798 895.690982
11 3.877000e-008 294.187915 799.402623
5 3.146140e-008 300.150398 802.182956
10 9.938450e-008 424.862390 860.336719
2 3.952650e-008 346.284229 823.695380
8 1.117000e-007 246.705895 832.212478
5 7.292960e-006 202.342846 974.075055
5 6.684960e-008 47.191430 871.733096
11 8.568360e-008 101.446252 737.447932
8 1.691870e-007 144.306991 675.926241
7 7.975750e-008 307.582810 670.224204
5 3.988310e-008 259.475714 827.253871
11 2.382240e-008 263.232934 828.926695
8 3.193340e-008 338.336188 862.364858
2 1.978220e-008 290.040743 870.939792
11 1.758270e-007 174.316513 745.355923
8 7.579910e-008 97.127644 778.120356
5 1.457950e-008 121.397924 791.343745
11 7.624920e-008 118.227766 782.137003
8 7.431140e-008 90.391864 701.296245
11 5.204720e-007 184.890558 672.933503
7 3.371640e-008 188.112567 689.509147
8 3.805440e-007 201.204654 756.861468
5 1.046010e-007 196.016497 874.352001
8 7.124410e-009 308.112136 932.639202
2 1.111470e-007 393.655600 994.790028
5 4.057940e-008 401.504987 1000.492929
10 1.618190e-007 405.520000 945.654638
7 2.544810e-007 375.024231 576.341867
11 6.322310e-008 223.974296 543.449174
8 4.840970e-008 227.528945 542.886161
7 5.762320e-008 203.058678 569.578742
11 3.638550e-008 52.591008 517.768376
7 9.574140e-008 468.302000 545.474718
9 1.594900e-007 468.302000 425.461161
6 8.340850e-007 468.302000 351.101865
6 1.559670e-007 384.810745 389.686659
9 1.124460e-007 388.185494 400.724964
7 2.704430e-008 317.785803 355.779871
4 1.866430e-007 131.750761 121.955810
4 6.212720e-008 122.581119 87.799133
4 1.144820e-007 117.059117 247.820351
4 4.058460e-008 175.798218 138.060906
4 1.127840e-007 66.584153 203.236919
4 4.798630e-008 165.283066 94.213975
4 6.970590e-008 100.442263 287.973562
4 3.633280e-008 99.010160 240.074701
4 4.371750e-008 152.534666 305.007983
6 7.332300e-007 440.121766 309.813763
9 2.220650e-007 451.099506 313.380679
6 2.634310e-008 366.449573 193.516960
9 9.675400e-009 528.314196 166.086113
6 2.106580e-008 483.049309 101.146423
9 6.244270e-008 439.196612 205.218729
6 5.889190e-008 429.685819 206.555354
7 8.905770e-008 362.578640 419.473932
9 6.843250e-009 622.975360 513.116001
3 2.557470e-007 626.036025 804.103599
10 3.942060e-007 515.492551 910.854141
2 7.609070e-007 519.602016 908.799723
3 2.342360e-008 723.804103 754.615025
2 3.131540e-008 610.621964 884.977148
3 9.997300e-006 612.500698 883.285518
10 4.348040e-008 663.693127 837.191373
3 2.577940e-007 710.482357 836.929492
6 9.101420e-008 553.079037 381.432013
9 1.049350e-005 482.343090 338.929837
6 7.247470e-008 403.665926 256.644549
9 4.506190e-008 414.002283 228.908617
6 1.161100e-007 543.453122 423.665281
9 4.533070e-008 585.608135 473.137569
9 3.611840e-007 493.750200 393.305284
6 5.308680e-007 466.825424 370.409157
4 1.494270e-008 112.825764 205.569316
9 1.343020e-007 423.792653 262.792391
6 6.098890e-008 430.943662 211.910192
6 3.005850e-007 460.127266 249.520564
9 1.039490e-007 438.191920 270.703271
9 1.589770e-007 606.575964 285.492568
6 4.208310e-008 602.346435 319.939239
6 1.300550e-006 491.279133 299.763068
9 8.424900e-007 471.122059 325.563096
7 9.025550e-008 452.783939 425.316000
6 4.396240e-007 449.988452 253.136135
9 4.888330e-008 448.392533 222.684055
6 1.955390e-008 514.769000 470.645585
9 6.717550e-008 514.769000 454.787348
6 3.291460e-007 492.688743 251.893831
9 2.174770e-007 492.490114 252.439564
6 7.363590e-007 485.785928 261.871504
9 3.640480e-007 486.272361 262.199608
7 1.813210e-008 484.209176 329.652712
6 5.820220e-008 417.933788 134.121085
9 9.489070e-007 531.489872 335.157490
6 1.834880e-007 424.829830 283.587961
9 1.308180e-007 431.676702 302.957275
6 1.747030e-007 429.742146 221.828767
9 7.079660e-007 523.654128 357.580654
7 3.135980e-008 476.329457 436.074018
6 1.431150e-007 482.398689 439.166436
9 3.862910e-008 439.012390 444.438125
7 3.964550e-008 425.157533 547.782226
6 5.659260e-007 448.472975 400.573176
9 8.695730e-008 600.600833 492.507688
6 3.623090e-007 488.146184 235.934413
9 6.277460e-007 518.487058 387.863792
6 4.463170e-007 428.160407 327.330278
9 1.801200e-008 311.414610 305.181348
6 1.701900e-008 495.626937 474.015807
7 1.958810e-008 531.018180 507.018769
3 4.709740e-008 661.400035 745.288342
3 3.845780e-008 544.339453 627.815888
7 3.653340e-008 459.091315 515.956327
9 1.028310e-007 484.477172 453.124051
6 4.691370e-008 486.289273 448.638937
6 1.254810e-008 616.083888 126.154394
9 3.282440e-008 578.554257 238.808459
6 2.196690e-007 580.764803 326.699238
9 8.150470e-008 557.437794 251.871792
6 6.551360e-008 530.778764 158.900552
6 1.021270e-007 527.827611 247.899902
9 4.463660e-007 529.329316 290.898219
6 5.407050e-007 435.874353 324.971058
9 1.715780e-007 408.823239 326.862743
6 4.002790e-007 504.445747 288.045855
9 3.204330e-007 511.799969 279.585830
9 2.512080e-008 487.205247 178.833135
6 8.989050e-008 484.284351 175.094556
9 7.866270e-008 440.797550 259.037599
6 4.495750e-007 441.613317 263.664024
7 1.322650e-007 466.097573 538.228233
3 4.729440e-008 713.992544 928.722828
2 9.558170e-008 584.484950 958.525179
3 3.175700e-007 576.617091 957.698234
10 1.142280e-006 509.723528 950.667444
3 7.163260e-008 650.195201 793.520635
3 1.778920e-008 731.698659 668.679031
3 6.603580e-008 717.343936 788.920064
10 3.262460e-008 649.109837 911.005292
2 9.078200e-008 658.155717 909.733996
3 2.942500e-008 729.532493 708.250797
3 3.062290e-008 761.675627 770.548546
9 3.773860e-008 663.436357 429.209748
6 2.376190e-008 664.718433 433.680868
3 1.257010e-007 722.072117 848.206716
3 2.699880e-008 854.828707 824.931377
3 3.085600e-008 783.791549 927.502380
3 2.021030e-007 738.485969 862.597248
3 1.275620e-007 634.952977 993.838823
10 6.385030e-008 589.623350 994.629902
2 4.497260e-007 514.099755 995.947916
3 7.604190e-008 706.043120 896.726239
3 6.206670e-008 544.224957 754.134483
2 3.198690e-008 489.349805 741.271818
7 4.130880e-008 500.776694 622.098585
7 4.375200e-008 324.329016 703.398936
8 9.323830e-008 268.977702 748.221630
11 7.892240e-008 193.346512 772.161869
5 4.377210e-008 105.684075 770.631741
5 4.153240e-008 95.357551 871.679301
8 1.925410e-007 188.696816 797.863418
11 1.663760e-007 190.459428 798.402302
5 2.556770e-007 249.597375 931.276287
2 1.721130e-008 284.067875 923.379661
10 1.450960e-008 397.729153 1005.376872
5 1.173930e-007 283.753698 989.356420
8 2.397820e-007 190.808573 815.535369
11 5.511420e-008 217.780506 774.193780
7 8.775140e-008 244.070201 704.243560
8 1.942260e-007 162.369868 812.641179
11 2.054020e-008 151.741877 879.743006
5 1.779470e-008 131.147230 828.328185
8 3.438210e-006 190.753202 700.574287
11 2.527960e-006 119.250321 686.675790
7 7.433880e-008 216.240702 684.916030
8 4.396620e-007 159.388577 703.700023
11 4.905950e-008 215.815316 701.729573
7 6.703650e-008 431.425327 568.799474
8 2.946390e-007 204.966758 583.698713
11 7.609090e-008 167.634632 585.655233
7 1.310060e-007 266.323884 562.564085
8 5.621450e-008 261.571027 585.888243
11 3.643610e-008 242.426896 574.835350
7 1.569700e-007 227.578802 507.098351
8 1.035960e-007 173.646702 562.946689
11 1.206660e-007 144.011616 544.371631
7 9.015020e-008 293.139956 524.795064
8 7.067700e-008 357.727708 596.287076
11 8.790650e-008 201.020455 571.466921
7 6.500870e-008 241.046880 547.655407
8 6.858210e-008 315.292500 570.354487
11 4.286580e-008 123.751998 526.079722
8 1.760980e-008 121.413281 523.482312
7 3.960380e-008 119.875199 521.774099
11 1.098670e-007 111.154867 611.627151
8 1.020350e-007 112.330733 609.773367
11 1.219110e-007 175.636691 586.044066
8 6.074720e-008 178.745101 587.114379
7 9.386260e-008 232.443032 500.532223
11 9.037770e-008 191.326302 585.605381
8 6.504160e-008 193.716039 587.913116
7 2.459290e-007 253.308662 564.133753
8 2.840300e-008 273.466914 474.775800
7 3.116700e-008 270.276288 428.230803
8 2.972450e-008 413.631852 667.156545
7 1.521060e-007 415.108999 668.797075
2 4.095460e-008 327.496546 854.751052
11 2.058990e-007 183.862833 787.773383
5 3.900760e-008 182.811520 787.283146
11 5.850450e-008 134.887117 792.353531
5 5.466960e-008 134.119267 791.530111
8 1.186840e-007 118.371847 774.643048
5 4.702500e-008 324.710942 1002.691020
2 1.422130e-007 383.408307 1003.716983
10 9.043280e-008 359.956249 959.451494
8 7.453010e-008 355.029387 755.983233
7 1.198600e-008 250.617392 732.841731
