4 1.287590e-007 745.550151 563.067729
4 4.499740e-007 647.516036 503.990946
11 2.223360e-007 698.085506 280.520048
4 8.113330e-008 774.950928 365.425135
11 1.007350e-007 725.979864 337.489307
4 4.223530e-006 676.785617 475.007883
8 4.838670e-008 582.527551 599.059231
10 9.924180e-008 454.718212 442.514344
5 2.409930e-008 452.636444 432.720425
3 7.491550e-008 433.089721 340.760611
7 2.356700e-007 482.746735 274.497526
11 1.025490e-007 549.816937 216.194029
6 3.127550e-008 599.518381 175.942491
7 5.837630e-008 565.493289 265.529699
11 1.952560e-007 565.740464 270.246014
4 5.636860e-007 603.737896 419.914488
8 1.866970e-008 640.305276 506.061897
11 1.783910e-007 746.594564 259.175189
4 1.604950e-006 705.419386 486.696632
4 3.038040e-008 762.497795 635.680756
9 4.116160e-009 853.271589 661.710013
4 3.115590e-007 761.509616 523.785577
9 5.790070e-008 697.087096 720.703446
9 1.542630e-007 813.621817 902.866798
8 2.781430e-007 483.520077 615.179892
5 2.976140e-008 485.064645 490.008586
3 2.172320e-008 520.454983 401.715269
10 3.938350e-008 479.668749 452.082172
4 3.084400e-008 465.611017 469.442060
8 1.485560e-007 509.636434 580.029982
4 5.153320e-008 755.779808 552.651710
8 3.236390e-007 525.297428 513.056951
5 3.122160e-008 428.002720 494.722843
10 1.376300e-007 445.340987 425.182245
3 8.934490e-008 446.591192 420.167901
7 6.284420e-008 464.347620 348.950138
11 1.843430e-007 505.757106 266.615923
6 5.350770e-008 557.714547 196.978005
4 2.016140e-007 592.683590 448.016919
8 8.258110e-009 626.460133 523.880423
5 3.170200e-008 471.031459 476.673543
10 1.294120e-007 471.608817 471.180381
3 1.732690e-007 339.748402 528.808862
8 1.440340e-007 333.213619 532.581720
7 1.172110e-007 491.881049 293.763062
11 5.714710e-008 495.519998 284.756278
10 7.402400e-008 500.513424 272.397021
8 1.909170e-007 490.666861 422.342573
3 4.596750e-008 413.117006 293.278960
6 9.287820e-008 440.036870 188.726575
7 9.379470e-008 467.350613 159.436188
