9 2.105720e-007 728.031586 578.296322
10 2.302630e-008 677.630827 539.189140
9 1.902400e-007 653.568717 499.752812
6 1.602490e-007 765.099060 369.450512
3 7.122600e-008 761.924232 365.237350
10 1.497510e-007 791.491107 358.061021
6 2.468070e-008 661.100765 407.062913
3 6.172850e-007 782.712181 276.651966
10 5.851160e-008 680.584260 458.553979
9 3.007270e-007 661.359566 541.826161
4 2.916460e-008 525.179733 560.377744
11 3.729240e-008 699.656227 92.348350
9 5.948710e-007 653.852000 508.706251
6 6.713220e-008 707.066329 291.184251
3 1.396040e-007 711.086512 287.928799
10 2.052100e-007 829.880950 417.705925
9 1.652690e-007 705.722628 527.430746
10 1.501810e-006 852.535565 507.164604
9 1.007820e-007 733.452879 627.352167
