3 1.353910e-008 644.112165 660.113024
3 5.467370e-008 778.616342 412.193502
11 1.978300e-008 754.139129 282.686136
9 3.536650e-008 756.540149 284.017040
3 1.162190e-007 696.366645 400.412883
3 8.755380e-008 655.301107 568.068512
11 7.123870e-007 556.340008 210.523585
9 4.870100e-007 626.035400 159.372876
11 3.043180e-007 565.379675 263.361846
3 8.539670e-008 590.542462 388.827973
9 2.094640e-008 824.036407 218.301636
3 1.102090e-007 703.836762 524.164331
10 6.787000e-008 814.291066 632.050299
10 1.005860e-008 918.397547 652.706413
3 5.814610e-008 803.201018 507.890758
10 9.582170e-008 703.666732 714.983856
4 4.941980e-007 671.568239 895.344839
8 3.110240e-008 675.169628 903.433672
7 5.777570e-008 677.265719 908.141560
10 3.258880e-007 838.243153 908.551056
4 3.521920e-008 669.024891 773.837887
8 5.587100e-008 666.792625 764.884856
7 3.364820e-008 665.493387 759.673955
3 5.701240e-008 515.072836 415.734947
3 3.615240e-008 762.569882 574.650694
11 1.512750e-006 530.624767 217.810556
9 7.415760e-008 557.892488 186.784463
3 1.001210e-006 592.175596 446.875943
3 3.189630e-008 422.999142 480.744028
11 4.393320e-007 515.266868 236.472911
3 6.440810e-008 500.972942 399.857909
11 2.238470e-007 500.600868 123.779673
9 2.163090e-008 458.656566 185.499132
3 1.234690e-008 501.805010 376.541496
2 1.765990e-007 174.829073 180.145768
2 4.052500e-008 51.910253 192.058363
2 3.745190e-008 68.058347 256.394832
2 3.533590e-008 59.320500 120.600605
2 1.944860e-007 119.589947 119.967567
2 3.379030e-007 151.425138 140.137002
2 2.974820e-008 89.589463 209.507099
5 1.230340e-008 153.695454 305.360296
2 5.509260e-008 236.497303 7.307455
2 1.615440e-008 79.376773 143.328366
5 1.216440e-007 182.330000 566.630352
5 1.498410e-007 177.868367 531.989608
6 1.171220e-007 93.269416 831.842543
6 6.621420e-008 108.724340 926.113903
6 7.356460e-008 166.584134 858.885318
6 5.035250e-008 183.332967 967.943661
6 5.824500e-008 130.650137 821.941674
6 5.015380e-007 59.632266 904.986125
6 4.536740e-008 155.447222 819.624537
5 1.993800e-008 48.051218 632.287044
5 1.690540e-007 152.338070 414.013883
5 6.310670e-008 194.469996 558.804098
3 8.585280e-008 591.681572 549.528050
11 3.607230e-007 594.476556 241.342948
9 2.630090e-008 585.705546 324.795373
3 9.949050e-007 603.640264 502.351634
10 1.127460e-007 844.888087 665.886704
10 1.506190e-007 754.611437 699.395688
10 4.701220e-006 833.153996 768.528438
8 8.594290e-008 788.462953 807.377538
4 5.639650e-008 789.825093 795.409970
7 3.395660e-008 798.903029 783.790767
3 1.130430e-007 663.058434 548.518862
3 6.865990e-008 686.212584 591.579938
3 5.762180e-008 644.450145 584.133224
4 3.015160e-008 749.810912 774.666198
10 2.331550e-007 753.999790 774.373291
8 1.205540e-007 758.829609 774.035567
7 2.786850e-008 845.360350 767.984922
3 5.034420e-008 411.104222 560.661616
5 1.776720e-007 197.714671 485.397979
5 8.686310e-009 347.811176 620.355348
6 2.896620e-007 55.402340 827.816308
5 3.063060e-008 169.154221 639.965749
3 4.744490e-008 523.874740 584.222635
10 7.204750e-007 797.744027 718.951259
8 8.431250e-008 809.931936 788.521137
3 5.104370e-008 778.612937 537.117442
10 5.280910e-008 876.105349 671.305136
8 5.225330e-008 863.461453 893.298675
7 1.347440e-008 863.435492 893.462584
4 3.853560e-008 716.347575 965.507942
10 6.864470e-008 673.264709 848.867158
8 3.030570e-007 835.868715 850.935734
7 5.170570e-008 836.022588 850.997902
4 2.437620e-008 749.186830 749.198959
10 3.921470e-007 797.939493 759.101789
8 1.192150e-007 739.595837 805.716265
7 1.715760e-007 699.643775 874.985205
10 1.056130e-007 699.603870 875.054322
4 1.248250e-007 699.166411 875.812024
7 1.595140e-008 608.548857 790.400579
4 5.409880e-008 607.690759 789.982056
4 1.800120e-008 598.630331 737.848799
3 1.136260e-007 575.934150 596.295773
3 1.390240e-007 697.022962 555.874557
10 5.521430e-008 692.536776 741.418573
8 2.915090e-008 652.930511 783.093751
4 3.043260e-008 744.817812 775.054555
7 6.788310e-008 689.199874 873.254469
8 3.723800e-007 853.042929 858.919790
10 5.998320e-007 853.295460 858.897696
4 1.184900e-007 745.623221 805.189291
3 7.171440e-008 631.541455 627.852822
10 1.063500e-007 736.041753 762.740569
4 2.426190e-008 806.214766 754.124385
8 7.704900e-008 815.003062 753.045315
7 5.207900e-008 914.774553 938.071146
10 2.284060e-008 730.477743 892.820522
4 5.401290e-008 812.410543 925.923582
8 1.745200e-006 820.879323 929.345197
7 1.498500e-007 753.532641 881.293212
10 1.168260e-007 756.341848 698.104761
3 1.086940e-007 535.947657 545.420978
11 2.538700e-007 527.105560 232.648224
9 3.588790e-008 468.623674 203.869862
11 8.621770e-007 589.802843 130.898206
9 1.088590e-006 639.100851 156.105892
11 2.468530e-008 452.972373 332.241692
5 1.688990e-008 184.626709 252.525585
2 5.191300e-008 244.601018 199.298300
3 1.580790e-007 597.153688 347.491989
11 2.728090e-007 569.830828 258.122952
9 8.149150e-008 551.444505 197.984004
11 8.399230e-007 572.534580 127.530358
9 1.416960e-007 547.448102 183.875492
3 4.614490e-008 493.310790 369.758863
11 1.800160e-007 465.754881 215.803373
9 2.924610e-007 613.402667 143.851694
11 8.231150e-008 414.630694 303.459890
11 4.775390e-007 492.671564 138.616929
9 3.880720e-008 547.649108 255.557178
3 2.511890e-007 541.840964 416.578453
2 1.266340e-007 146.920673 137.557471
2 1.881400e-008 229.525384 270.189107
5 1.814060e-008 153.473608 269.233132
2 7.931360e-008 116.833875 151.086363
2 6.560750e-008 19.152229 141.694213
5 4.264880e-008 115.237761 275.916507
2 2.806670e-008 294.658433 108.674307
2 3.914210e-008 251.687840 217.893658
5 2.243290e-008 149.326182 252.879454
2 5.267210e-008 214.827080 262.901798
11 1.163350e-007 483.227208 279.502567
9 8.522640e-008 491.605859 116.396209
11 1.815450e-007 594.027039 80.564640
9 3.232370e-007 604.041505 185.409844
11 4.467050e-008 454.773141 84.841473
11 1.659180e-007 434.779288 156.848332
9 2.539830e-007 594.599348 107.986409
3 3.518100e-008 540.250524 402.988157
4 1.847370e-007 696.067185 858.136726
10 3.937940e-008 761.277097 910.942940
7 7.167860e-007 765.331942 914.226505
8 2.121580e-006 769.315637 917.452454
3 1.691540e-007 699.057338 494.302425
9 1.558320e-008 786.703036 283.621938
3 2.058270e-007 728.525454 452.287571
10 1.276790e-007 741.886524 728.154220
4 7.502610e-008 622.794951 771.803445
8 2.741020e-008 597.878599 766.051112
3 3.220860e-007 659.456323 498.244092
9 6.288990e-008 746.728000 282.929821
3 4.849450e-007 673.227722 484.533208
3 6.455050e-008 723.535540 580.200715
3 2.142250e-007 552.131392 544.321927
3 3.492960e-008 768.036031 324.130470
9 3.838440e-008 736.619385 318.409320
9 3.710280e-008 755.619843 233.740962
3 2.149850e-007 689.051128 475.958163
11 1.852220e-008 702.361600 255.692926
9 7.067430e-008 773.243064 222.640178
3 5.312200e-008 718.858701 366.798944
3 1.955960e-007 628.642371 563.058916
5 2.170320e-007 162.666954 520.972457
5 6.273580e-007 124.928207 490.098451
5 1.545840e-007 164.557598 437.858486
5 3.417610e-006 101.429228 502.814481
5 7.576400e-007 128.292256 504.150034
5 9.538450e-008 179.797189 580.414398
3 8.671030e-008 508.700992 551.317096
3 2.538690e-008 798.444057 327.523715
3 5.667790e-008 728.586749 380.186882
9 9.072670e-009 826.301687 265.410100
3 3.988970e-008 787.553918 353.736508
3 3.198680e-007 653.179214 500.327993
10 8.620520e-008 783.622934 627.316806
3 2.910200e-007 676.616522 500.404128
3 3.491270e-008 415.711548 393.503940
3 3.652810e-008 503.774643 626.958819
6 5.721940e-008 167.299392 803.429353
6 5.178650e-008 154.863320 840.467465
6 1.695220e-007 32.925602 837.617016
6 3.355390e-008 147.870379 877.995893
5 4.037400e-008 30.460727 703.675586
6 1.514950e-007 37.075922 829.213358
5 1.093990e-008 32.135966 652.121148
6 1.198410e-007 60.837708 837.784908
6 2.126840e-007 121.345064 925.489930
6 4.473460e-007 91.423820 885.988276
6 4.466990e-008 192.475844 796.966388
6 1.427880e-007 93.824282 944.213186
6 2.912000e-008 163.243639 800.349258
3 9.716570e-007 609.585355 501.219911
3 9.580220e-008 544.262264 601.419174
10 1.008120e-007 728.872295 715.556148
3 4.458630e-007 611.679169 520.429862
6 5.240150e-008 158.870904 981.527684
6 1.382190e-007 110.635165 859.355264
6 1.957180e-007 102.481414 904.470651
6 5.484210e-007 65.216006 897.599373
6 1.382610e-007 115.412289 811.050168
6 3.495430e-007 67.740116 923.609356
6 2.336890e-007 125.304240 874.295161
5 1.206520e-008 120.503285 684.462212
6 2.569600e-007 94.467562 861.408691
6 7.197230e-008 145.988462 883.054127
6 2.563590e-008 195.667099 799.512710
6 1.250700e-007 100.296819 949.341789
6 2.891810e-008 237.803330 872.167802
6 5.021050e-008 138.682796 827.173483
6 3.598330e-008 184.438182 927.825333
6 6.570510e-008 99.821627 775.280397
3 1.426820e-008 416.427917 382.072620
2 1.137630e-007 234.811522 134.851494
2 9.212730e-008 263.554466 150.196769
2 2.931120e-008 287.874721 115.029999
2 1.521820e-007 191.801263 152.123863
11 6.387160e-008 417.433423 183.751521
9 5.245640e-007 595.427850 120.432576
11 2.090280e-007 580.085525 82.948130
9 3.470000e-007 581.322682 105.321514
11 3.696890e-007 507.314345 101.835521
3 1.573600e-008 503.297111 364.030668
11 5.354230e-008 447.774469 191.533468
11 4.916620e-008 471.498708 341.278247
9 3.609090e-008 426.458672 110.097989
11 3.668910e-008 405.619465 129.530856
3 1.111280e-008 450.376813 351.826067
11 4.029390e-008 479.329837 269.479381
3 9.938300e-008 485.804117 508.039113
3 8.250650e-008 725.782897 574.991658
10 3.190200e-008 618.605401 770.077600
3 1.383170e-008 741.630184 602.911901
4 1.081460e-008 766.158761 811.057569
8 1.978260e-007 774.288115 816.336816
10 3.110250e-007 779.092873 819.457052
7 6.575730e-009 724.107546 815.360517
4 1.239760e-007 654.549047 796.774262
8 5.092190e-008 646.976662 791.666621
10 5.738200e-008 642.501105 788.647818
7 9.030450e-008 676.382826 954.955651
10 1.283560e-007 815.718630 634.786477
3 8.085850e-007 631.258072 493.370233
10 8.787150e-007 846.477689 747.475801
8 4.021040e-008 871.652516 775.027987
10 1.041740e-007 823.329593 698.725158
4 1.712980e-007 721.190091 883.555090
8 2.480380e-007 720.133048 898.671327
7 7.984140e-007 716.692501 947.872836
10 3.710580e-007 806.759344 887.457075
4 2.082510e-007 586.771561 918.520305
8 4.718610e-008 573.199529 915.136439
7 4.453090e-008 645.537720 963.830700
4 2.832590e-008 573.675084 815.255394
10 9.992820e-008 765.772520 651.592251
8 1.821430e-007 799.944557 805.101046
7 4.837810e-008 749.316373 802.815460
4 2.946180e-008 671.952793 756.330695
8 1.276590e-007 720.449130 872.866832
7 7.574330e-008 720.523405 872.714545
10 3.159350e-007 754.045121 803.984817
4 6.166270e-008 758.901558 794.027643
3 5.703280e-008 762.118280 504.591270
10 9.172190e-008 749.815504 747.224628
8 6.968040e-008 747.108121 751.238510
7 2.941840e-008 778.425156 844.285926
4 6.392410e-008 784.195544 846.160848
10 8.904770e-008 701.198000 723.130969
8 4.694490e-008 701.198000 717.939966
3 2.735510e-008 807.553782 628.864473
3 7.714060e-008 510.628834 377.948077
11 8.171800e-008 431.565220 264.777523
9 2.319290e-007 601.808392 194.274753
11 8.056520e-007 577.599485 213.362808
9 4.697240e-008 469.391093 65.250766
3 3.460530e-008 461.249074 358.427784
11 6.452400e-007 518.901696 233.397159
9 1.313010e-007 532.286949 207.056165
3 1.114990e-007 549.587999 410.974082
3 9.555640e-008 635.338777 607.542260
4 3.167960e-007 614.556366 908.751355
7 1.805720e-007 666.510834 920.409257
8 1.734330e-007 631.740220 925.296072
4 2.477790e-008 756.239582 784.193428
10 4.403200e-007 760.455505 782.741780
8 1.293060e-007 843.911101 755.849391
7 1.071770e-007 711.216495 867.193023
3 2.223080e-007 635.730093 533.629453
11 4.906810e-008 549.102222 355.362100
2 1.649450e-007 146.208798 151.818651
2 4.824400e-008 67.455083 187.044529
2 3.944150e-007 210.295226 141.642830
2 2.341280e-007 98.893843 81.206548
2 1.446700e-007 207.014140 201.349399
2 7.902990e-008 154.208436 201.917015
3 4.052290e-008 550.650772 598.122054
11 5.398050e-008 384.159659 287.670550
9 2.307920e-008 566.721624 246.160058
3 6.106570e-008 524.661719 351.419289
11 1.620290e-008 511.079785 360.239444
4 1.002420e-007 702.409072 837.724463
10 5.748290e-008 699.168329 840.256422
8 1.105940e-007 691.501577 846.246377
7 6.285700e-008 640.278208 886.266671
10 9.453970e-007 824.860968 761.381477
8 1.212810e-007 814.948542 764.989316
7 1.930170e-008 667.419596 818.685628
4 5.183040e-008 621.322132 760.860247
5 2.391380e-007 162.719064 554.397390
3 6.523530e-007 580.955998 479.407658
11 3.390830e-007 497.001999 250.711808
11 8.191640e-006 549.024500 145.535773
9 1.465690e-007 544.010034 151.728150
3 1.427010e-007 557.037409 516.952275
10 5.532540e-008 835.749072 557.489403
3 9.464340e-008 646.091236 549.994611
6 2.809570e-007 103.777278 885.533110
3 2.637470e-008 396.506464 547.227213
3 2.595960e-008 506.279126 613.843160
3 3.673190e-008 767.811415 529.862926
10 6.929350e-007 786.726608 764.463952
8 1.101190e-007 785.846979 835.024090
7 1.501940e-007 785.692662 834.938551
4 2.416290e-008 784.804875 834.446443
4 1.616110e-008 495.636255 963.793234
7 2.829110e-008 643.375153 920.060999
8 9.555210e-008 704.494058 876.030865
10 1.286580e-007 727.022420 797.466072
4 4.296750e-008 769.611560 873.232646
7 4.086630e-008 792.800355 804.691984
8 6.175620e-008 805.520251 724.382520
10 4.236000e-008 735.097946 697.048773
3 1.616260e-007 717.682753 501.455483
4 6.437170e-008 705.314143 824.131773
8 6.218060e-008 719.600217 828.228187
7 7.866520e-008 802.132680 851.893695
10 4.622510e-007 802.215024 851.917307
8 2.383660e-007 699.421907 870.624738
4 3.311520e-007 698.230364 870.792198
7 1.459020e-008 598.490346 884.809763
10 2.591110e-008 668.492551 778.412674
8 2.045920e-008 657.440733 768.461552
4 3.617150e-008 656.599142 767.703780
3 4.858230e-009 666.797377 526.246439
10 2.102060e-007 729.392412 773.696466
4 6.853770e-008 745.173276 777.924950
8 7.150820e-008 741.837031 760.818268
7 2.043500e-008 644.762698 692.845908
3 5.959570e-008 781.885576 549.735747
10 2.021490e-007 767.430053 714.969416
8 9.701360e-008 773.927872 794.804386
4 4.938600e-008 782.742751 878.670259
7 1.707400e-007 783.182047 882.849778
10 2.618480e-007 785.363940 903.608589
3 2.216120e-007 541.666298 470.031820
4 1.123510e-007 653.234736 837.177553
7 9.004370e-008 735.871981 870.565260
10 2.709610e-007 740.867023 872.583394
8 9.212940e-007 750.457520 876.458217
10 1.381370e-006 862.891786 761.317063
8 5.153990e-008 860.267654 751.523579
7 1.709440e-008 839.637067 685.436781
3 2.403830e-008 740.231331 627.703853
10 3.308780e-009 818.727783 526.513799
3 3.365510e-008 569.411346 641.084041
3 2.486320e-007 669.507944 427.216679
10 1.161490e-007 865.533022 687.031149
3 5.217080e-008 711.515506 629.564721
10 6.199460e-007 800.294658 743.196252
8 1.291910e-007 832.524358 762.253506
3 6.105780e-008 652.177006 581.744622
11 4.481420e-008 504.030346 308.921066
3 1.294140e-007 608.472694 382.485374
8 1.308220e-007 752.519552 833.343232
10 3.778410e-007 752.465234 833.598777
4 1.077450e-007 739.042434 896.748153
7 2.959850e-007 738.151024 900.941913
8 5.609220e-008 789.056909 676.933733
10 9.456930e-008 789.006024 676.645144
3 4.719460e-008 807.100944 600.305734
10 3.207910e-007 852.080156 691.997505
4 1.880680e-008 597.700068 818.097952
7 5.517440e-008 752.663812 812.002047
8 1.537120e-007 757.658500 810.848936
10 5.538750e-007 753.889601 812.728733
4 9.176660e-008 748.576412 815.206339
3 1.763030e-007 592.872806 567.234096
3 5.483020e-008 701.757103 279.166014
11 5.865620e-008 701.630480 220.925733
9 8.148580e-008 701.860270 223.552192
3 5.423200e-008 712.336915 424.251148
10 9.150380e-008 746.409256 643.883967
8 2.174330e-007 756.684405 773.165364
4 3.853770e-008 825.503483 805.256372
10 1.293670e-005 838.271129 811.210050
7 2.173140e-007 815.883141 936.511581
8 4.443910e-008 615.548256 853.077818
4 4.351630e-008 546.408190 787.904241
3 1.103910e-007 546.959561 529.310349
11 1.304450e-007 420.534046 175.323892
3 1.388100e-007 532.635248 459.685608
10 4.504710e-008 669.548253 785.278499
7 2.427110e-008 689.090476 751.430324
4 3.586370e-008 692.092868 746.230021
8 5.191310e-008 694.046629 742.846003
3 1.186930e-007 742.487012 515.786014
3 5.029010e-008 799.208897 540.347434
10 2.731160e-007 855.897551 706.912734
8 3.794830e-008 808.276119 736.702244
3 2.994950e-008 660.448624 637.407077
3 4.275740e-008 432.841270 548.812015
4 1.642710e-007 611.018409 846.990125
7 7.906310e-008 768.203756 816.435721
10 4.096100e-007 766.081518 812.098676
8 2.397750e-007 761.012054 803.318140
3 4.660140e-008 567.096344 610.197566
4 4.072660e-007 653.215649 877.143261
7 5.495870e-008 689.517098 875.712253
8 1.358570e-007 692.370202 861.034657
10 1.272310e-007 702.996287 806.369489
8 1.028380e-007 699.634311 756.174230
10 1.373110e-007 698.652307 812.434060
4 1.889760e-007 698.014591 848.969353
7 2.936160e-007 697.053979 904.003633
8 5.953550e-007 768.569533 837.386645
10 1.315430e-006 789.463874 782.787813
4 1.651130e-008 804.862475 766.274788
7 3.770000e-008 777.269151 755.642918
10 9.939490e-008 785.059787 610.926006
3 4.280940e-008 624.371787 576.770582
8 2.823060e-007 763.549544 839.562112
7 5.709210e-008 763.841960 845.141894
4 1.110020e-007 767.858134 921.777012
10 5.429060e-008 768.657489 937.030005
8 8.795650e-008 587.810892 901.224286
7 2.473940e-008 582.244745 900.737306
4 3.222980e-008 505.796596 894.048887
10 4.264190e-008 608.395257 857.404407
3 5.881390e-008 609.511499 594.616257
4 3.461200e-007 626.789100 972.183316
7 4.449670e-008 628.304191 981.749023
8 4.680030e-007 730.405951 885.049173
10 6.387140e-008 730.577087 884.865651
3 3.498930e-007 610.090936 535.626515
10 5.874930e-007 874.770151 768.162170
8 1.121750e-007 851.966967 846.859160
7 8.261620e-008 846.599804 847.046596
4 8.855390e-008 720.941684 851.434920
4 1.906480e-007 601.315600 952.816607
8 2.009550e-007 750.606781 971.467005
7 1.953260e-006 755.772006 970.462979
10 2.172070e-007 787.216013 918.916603
4 4.178120e-007 588.177221 929.457160
7 1.602250e-008 612.807000 862.714315
4 1.752410e-007 612.807000 861.669152
10 2.833910e-008 757.349507 599.452686
8 6.949510e-008 771.447690 783.758975
7 3.307540e-008 730.710156 794.674587
4 1.193130e-007 673.390875 792.842435
3 8.501430e-008 549.439437 519.590120
3 9.208050e-007 614.086596 525.542183
4 1.419360e-007 627.817602 825.704613
8 3.331730e-008 624.701117 800.323497
3 1.592550e-008 508.861806 624.842038
3 2.981670e-008 491.736972 376.919741
11 1.053970e-007 435.196247 212.714705
3 2.408620e-008 523.949365 426.808119
6 1.373890e-007 43.443617 802.743304
6 3.712400e-008 105.155618 813.056028
3 6.475690e-008 515.524181 415.189223
3 2.236890e-008 377.404733 359.338000
11 5.460130e-008 399.407466 306.894283
2 1.728540e-007 242.840746 72.948586
11 4.842260e-008 378.128281 172.189108
11 9.587470e-008 459.971006 188.674942
9 4.626890e-008 614.542403 242.740092
3 1.555490e-007 589.003769 349.579593
11 1.205920e-007 590.510197 263.292196
9 1.213850e-007 554.600505 158.357944
11 1.269580e-006 506.663049 158.227813
3 3.581460e-008 467.257725 510.402905
5 1.297270e-007 179.023850 543.973167
5 2.765380e-008 240.389419 522.685100
3 9.246830e-008 490.205835 466.648971
11 2.474010e-007 489.661316 233.340155
3 1.335630e-007 518.167495 470.459283
3 1.948460e-008 553.133523 640.248986
3 1.361120e-007 533.126068 429.610390
11 5.896700e-008 418.203445 139.760805
9 1.235480e-008 520.039767 212.424252
11 4.453430e-008 539.608337 304.488617
3 1.360410e-008 445.653326 329.444848
11 9.870140e-008 521.380203 284.357398
3 3.540030e-008 461.533127 442.242170
11 2.300740e-008 536.093880 398.241167
3 6.477900e-008 632.533332 596.048614
10 1.154290e-007 715.263925 686.966472
3 1.304700e-008 557.484525 638.728648
4 1.142560e-008 757.114627 700.592891
10 9.968410e-008 823.487966 629.416277
3 6.750660e-008 689.695031 555.617017
9 2.286860e-007 665.136900 197.937072
11 7.469380e-008 691.685631 195.850041
