10 1.638570e-007 753.014459 568.126185
6 2.021980e-007 647.059610 504.310539
7 9.482570e-008 677.997541 240.480250
6 1.936470e-007 695.694797 400.712007
10 1.335550e-007 663.425266 532.878536
6 2.717570e-008 658.583456 553.850946
7 5.512330e-007 479.401346 277.405641
2 7.106510e-008 595.393796 178.519809
7 2.078860e-007 560.204280 164.610896
6 2.376700e-006 597.165675 404.431294
10 2.360280e-007 653.852000 517.889248
7 8.491270e-008 714.568658 285.109036
6 3.391830e-008 704.193876 524.782871
10 1.638120e-007 708.895536 532.926385
10 2.863940e-007 739.734066 629.153288
10 5.813620e-008 755.111082 654.895174
6 2.037340e-008 819.517425 504.719151
10 2.319140e-008 886.004138 491.795366
10 1.658650e-007 644.102936 673.882496
6 1.033470e-007 520.436068 401.738628
7 2.605540e-008 467.474057 467.141393
10 4.336120e-007 661.581175 581.712324
6 8.455580e-007 619.993664 492.195502
7 8.540470e-007 496.947096 283.906482
2 6.036130e-008 557.795190 192.358266
6 1.244630e-006 586.240690 433.545900
10 1.550400e-007 619.376745 559.617075
6 4.103400e-008 436.156910 473.147387
7 3.660990e-007 477.070975 330.419566
6 1.716730e-007 502.218419 385.621637
7 1.486820e-007 429.687478 199.824934
2 1.743080e-007 512.895770 113.520879
6 1.411550e-007 527.405615 391.322072
7 8.526580e-008 520.583091 387.383070
11 4.789730e-008 292.248143 305.161409
7 4.047160e-008 303.447352 253.880420
11 1.145470e-007 182.111432 179.636552
11 1.910790e-007 199.277160 197.204212
11 5.067310e-008 89.521627 128.178945
11 3.385020e-008 168.723338 207.064484
11 1.486720e-007 148.232426 94.481033
11 5.768990e-008 72.564503 172.948059
11 1.820640e-007 213.307120 37.061935
11 3.464590e-008 120.940347 133.732667
5 1.331180e-008 204.245683 525.412933
5 1.074780e-007 210.676050 674.144681
9 4.929600e-007 251.131024 798.477958
3 7.288690e-008 279.605210 855.320906
4 8.340750e-008 284.075476 841.562628
5 1.062120e-006 203.782990 785.154071
4 1.185620e-007 215.784670 788.856202
9 1.109330e-007 276.992141 745.998305
5 5.239700e-008 295.733320 732.875601
4 3.017630e-007 161.108268 823.513224
5 1.616600e-007 189.364766 820.043865
9 2.458240e-007 233.046745 814.680550
3 5.115540e-008 196.468773 800.780440
5 4.205590e-007 242.607904 745.822296
4 1.996010e-008 230.125104 726.600518
9 7.856600e-008 226.636249 721.228167
3 2.077150e-007 389.258195 796.331182
9 4.067280e-007 328.922714 932.436553
4 1.637300e-007 205.069714 977.341767
8 3.400860e-008 143.878348 944.805665
5 6.510520e-008 126.716672 777.808218
4 3.798450e-007 92.645929 914.690585
8 6.141810e-008 147.907707 874.556707
9 1.256430e-007 206.574183 825.329671
5 1.268990e-007 183.046350 859.168470
4 1.611750e-007 280.628161 913.980252
3 2.291820e-007 329.670303 903.967272
9 2.872810e-007 365.097815 806.629822
5 1.723420e-007 247.235296 762.553683
4 5.235990e-006 178.153481 898.897999
8 9.472060e-008 185.498841 966.590273
9 1.414840e-007 230.292297 938.600239
3 2.913240e-007 334.607799 875.547418
5 2.325930e-008 203.236579 989.743692
4 1.076850e-005 160.401795 919.253246
8 4.239230e-008 125.277295 806.440772
9 4.055940e-007 240.804048 870.982746
5 6.174750e-008 257.487662 869.523084
4 9.160180e-008 284.365724 867.171502
3 2.983030e-007 329.576758 863.215954
9 4.979280e-007 230.302984 863.216214
5 1.054900e-007 229.679682 864.928713
4 2.324910e-007 257.989751 884.523813
3 1.888610e-007 358.726249 911.516064
8 1.395320e-007 97.328439 915.086900
5 3.768200e-008 49.532545 902.279881
4 7.391540e-008 28.545704 893.268825
9 3.591700e-008 209.007519 883.811244
5 3.657930e-007 165.918379 821.659950
4 3.512620e-008 225.306446 833.203967
3 2.420800e-008 242.769502 780.362443
9 5.959060e-009 258.674187 667.197946
5 1.538730e-007 131.164491 689.054441
4 4.012170e-008 181.773484 735.748310
5 9.023750e-008 226.094283 869.308249
9 8.793740e-008 234.321653 896.218865
3 3.573520e-008 258.917142 976.667382
4 5.316680e-008 261.256546 984.550252
9 3.946190e-007 377.145580 836.066320
5 3.321830e-008 390.660733 766.537633
3 5.092970e-008 397.246533 732.656996
9 2.984210e-008 366.765303 655.549428
5 3.129360e-008 194.505357 533.745974
10 2.437220e-008 555.527682 637.434715
6 1.599070e-007 594.294475 512.162228
7 2.454800e-008 597.458720 330.899577
10 1.379840e-007 628.793649 549.657990
6 8.501660e-008 629.368974 550.740014
10 1.064700e-007 752.482507 618.702869
10 4.598370e-008 817.867417 578.173143
10 4.046720e-008 754.436490 499.838209
6 2.233720e-007 681.697553 524.884532
10 6.606900e-007 651.518667 576.133174
6 3.204240e-008 657.519368 578.804865
10 4.761100e-007 632.076757 602.477354
6 1.353610e-007 597.614250 526.878256
10 1.076140e-008 637.802661 758.603592
10 5.697770e-008 594.239169 740.659646
3 3.196660e-008 500.220648 710.516363
5 4.196740e-008 364.797380 652.301761
9 1.542560e-008 407.163904 592.570822
3 1.331210e-007 360.497980 805.243537
4 5.885730e-008 327.071925 818.205600
9 3.664530e-007 327.240081 817.009107
5 5.830950e-008 339.072541 732.816410
3 3.484030e-008 310.899747 726.648338
9 1.852310e-007 304.533040 729.092241
5 5.702680e-007 225.160250 759.560374
4 2.116240e-007 164.945104 782.674631
5 2.719090e-005 185.450662 768.746642
4 2.802440e-007 187.724424 833.857709
9 8.371540e-008 188.316695 850.817877
8 4.482710e-008 73.081147 781.761469
5 1.581030e-007 88.951262 740.418430
4 3.295980e-008 106.477864 694.760099
6 6.071100e-008 542.288342 608.658363
10 7.942350e-008 544.609665 611.738870
10 1.703800e-007 640.663696 674.853380
10 6.997510e-008 704.785922 703.220345
10 1.687420e-008 748.243091 787.986701
3 4.014410e-007 455.275850 875.779275
3 1.526400e-007 455.991826 897.861231
9 4.550700e-008 451.055686 929.027110
10 1.355310e-007 584.726545 650.065029
3 3.694930e-008 533.401341 715.621885
10 3.506730e-007 628.978986 608.138952
6 4.812990e-008 746.680978 498.749534
10 2.311620e-008 675.675887 754.591767
10 2.505680e-007 631.810743 645.213565
6 4.066050e-008 634.008684 633.143859
10 7.340640e-008 759.474127 672.593675
6 4.610690e-008 505.489023 456.962687
7 7.865710e-007 493.580947 304.542186
2 1.553370e-007 543.239721 173.722821
11 4.086650e-008 423.218317 175.190076
7 3.800080e-008 527.927171 108.377378
2 1.399950e-008 672.692715 161.067551
7 4.320870e-007 502.915368 325.222653
6 6.473580e-008 479.386864 328.529373
11 7.435190e-008 287.359792 237.798443
7 2.205530e-007 507.038426 341.635271
6 1.048500e-007 514.675707 342.572998
2 1.359940e-007 548.063879 186.926477
11 6.516730e-008 435.585216 16.466957
7 1.223760e-007 545.130135 189.081730
2 4.134070e-008 542.835543 194.235466
6 8.515680e-008 484.391596 388.886041
7 4.993130e-008 433.219175 332.485709
11 1.139400e-008 418.111918 246.743165
2 1.441910e-007 594.376119 152.723956
7 1.910180e-007 536.504594 146.224156
2 8.424210e-008 521.225174 179.814457
7 1.047480e-007 475.418235 119.026221
11 5.362140e-008 464.731758 102.855463
6 3.702020e-008 542.171867 412.389415
7 6.866470e-008 448.095375 378.702802
11 2.882180e-007 208.008459 187.025288
11 5.383920e-008 170.254480 227.126373
11 4.458910e-007 212.800274 112.313187
11 2.766690e-007 241.082939 164.153459
11 5.638650e-007 211.148230 144.758135
11 1.934970e-007 201.766691 201.457678
11 6.729370e-008 308.331582 349.753525
7 1.187930e-006 492.831736 289.448365
2 1.663750e-007 500.089593 110.142185
7 1.156670e-007 609.825844 194.316912
2 8.962760e-008 612.777916 198.862687
11 2.182020e-007 342.212652 182.057938
7 4.457120e-008 399.671321 177.746371
11 4.724880e-008 461.043140 148.818663
2 2.067100e-007 529.275905 127.957801
6 3.055640e-008 432.022219 331.120767
7 1.505590e-008 371.156867 348.573414
10 4.191320e-008 586.300391 733.212397
10 9.953600e-007 712.565592 563.796356
6 2.089040e-007 699.950159 498.895588
6 3.831790e-007 673.690867 490.121734
10 7.151890e-008 676.601947 492.652311
10 1.665880e-007 610.106459 636.393478
6 1.295740e-006 670.846694 417.199693
6 2.643950e-008 764.004533 242.452228
10 1.240820e-007 660.421426 491.342396
6 5.273470e-008 498.310876 483.525854
10 2.053720e-007 752.889919 577.632479
6 5.486540e-008 598.435009 577.177323
10 2.529740e-007 606.789014 537.030926
6 8.012280e-008 713.263354 405.546310
6 3.366680e-008 765.320245 246.357333
6 5.438500e-008 752.643550 421.739779
6 3.496200e-007 662.350175 493.968247
10 2.801400e-008 658.137785 491.480947
7 1.652410e-007 677.613177 267.233368
6 1.835740e-007 701.698665 378.373512
7 1.254030e-008 652.498384 451.633776
10 1.360430e-007 635.564024 531.304815
6 1.159040e-007 629.744962 558.681742
5 3.813020e-008 156.417510 594.595779
10 2.289730e-007 652.005034 584.942832
6 1.693050e-008 730.711876 593.215080
6 1.568110e-007 719.146115 373.633464
6 1.493870e-008 745.151859 262.230688
6 3.105570e-008 816.846552 324.444077
6 2.361740e-007 661.909067 495.082573
10 1.133300e-006 695.575290 560.962779
6 1.763480e-007 670.919666 502.145830
10 9.901700e-008 597.214177 521.728885
7 4.246590e-008 459.737160 387.316506
6 5.011860e-008 393.785774 396.585425
10 5.279780e-008 560.314102 648.662125
3 1.782920e-007 423.189624 785.264868
9 5.143250e-007 351.904948 818.505601
4 8.024620e-008 277.631223 853.140157
5 6.388340e-008 270.139879 856.633444
3 2.985740e-008 286.138935 805.789935
9 1.066690e-007 215.458547 766.230329
4 7.765030e-008 137.566881 731.550834
5 3.571910e-007 129.710666 728.053033
3 7.710670e-007 380.518177 848.549150
9 1.770950e-007 374.287826 857.447016
5 2.184460e-008 323.586368 929.856222
4 1.173200e-007 281.496468 989.966843
9 6.041240e-008 265.627003 710.693884
5 4.147410e-008 297.729919 798.896082
3 1.867580e-007 320.865291 862.460106
4 9.949060e-008 324.380243 872.117378
9 1.247070e-007 230.694991 814.097934
5 5.026000e-006 180.023682 745.172134
4 2.947980e-008 138.989593 684.336261
9 5.308440e-007 343.835362 802.307315
3 8.886600e-008 348.407964 801.082091
5 8.276240e-008 307.233200 767.253900
4 3.487990e-007 131.306718 863.978488
8 4.471100e-008 136.461455 865.359713
9 1.071540e-007 222.555096 903.425070
5 5.924460e-008 227.947941 907.638477
3 6.750640e-008 277.628995 946.454078
4 3.906040e-007 186.874091 855.477048
9 3.084600e-008 119.123474 884.829602
5 5.377400e-008 122.758311 878.780196
8 7.215680e-008 137.426796 854.367654
3 1.049270e-007 367.516006 813.061094
9 8.355850e-007 348.781060 857.197607
5 1.718370e-007 245.895554 727.890854
4 5.925370e-008 82.941849 816.923611
8 4.380740e-008 88.150840 815.527865
5 6.510990e-007 158.839775 796.586808
9 1.428370e-007 212.054497 781.334628
5 7.370340e-008 299.048314 799.159260
3 2.927600e-007 335.945803 843.131714
9 1.140620e-006 336.372136 843.639796
4 4.469950e-008 289.708274 792.762159
5 4.073040e-008 172.730053 637.344093
4 3.097490e-008 60.376304 850.997701
8 2.751170e-007 57.504681 933.229690
4 1.112150e-007 118.459003 926.774897
5 2.327070e-008 181.259112 898.814272
8 6.098410e-008 193.627530 893.307455
9 1.887740e-006 261.736787 860.939791
5 3.238360e-007 244.456622 748.480333
9 1.110290e-007 241.937735 750.669959
4 4.281790e-007 127.614259 847.030653
8 8.171880e-008 79.557483 887.355275
3 2.575750e-008 202.111324 897.690623
5 4.965060e-008 171.312574 943.351224
9 4.400100e-008 169.427389 946.146099
4 2.862660e-006 168.852288 891.714156
8 1.667680e-008 183.415947 833.303211
3 1.821010e-008 229.617922 966.995067
9 6.107840e-008 157.611242 977.114992
4 7.004200e-007 151.355394 958.411440
8 2.728710e-008 208.945410 929.067776
5 2.649410e-008 268.684210 898.629247
9 5.490320e-008 195.422942 921.123095
4 6.979070e-008 282.164268 879.317735
3 4.211290e-008 267.077951 840.016770
5 2.777090e-007 230.773833 745.441874
9 5.907610e-007 274.666660 915.428793
4 1.240920e-007 156.138532 980.855911
8 4.676810e-008 198.888844 928.063270
3 2.741450e-008 277.486345 831.002700
5 1.010860e-007 279.091825 829.020083
9 6.167430e-008 269.154322 763.992353
4 6.338580e-008 110.454082 727.544487
5 1.917810e-007 82.387243 718.963614
3 2.337070e-008 346.192111 762.438928
9 8.741140e-008 355.980643 757.234233
6 4.102460e-007 610.518122 507.010594
10 8.052790e-008 602.213335 511.805373
10 3.317900e-008 536.138492 647.851781
6 2.332540e-007 710.441325 553.346870
10 8.928710e-007 698.223485 557.880990
6 5.891070e-008 477.927088 511.915552
9 1.255980e-007 352.747523 743.621050
5 9.918530e-008 322.336861 796.293964
3 7.611300e-008 307.586096 821.843088
4 5.996630e-008 274.446917 814.183129
9 1.206180e-006 336.089643 853.026399
5 3.778020e-008 343.633034 810.246248
3 4.886090e-008 351.312972 766.691712
4 1.017580e-007 246.043168 883.119253
9 5.614990e-008 305.306200 1002.109747
3 4.496550e-008 214.985299 989.414786
8 1.878630e-007 124.110336 976.641949
4 1.238020e-007 309.859861 953.940017
9 1.717840e-007 292.937235 792.932459
5 8.577940e-008 292.177173 785.700972
3 3.323740e-008 223.243836 809.219154
5 3.546870e-007 173.630036 710.292178
4 1.494890e-007 208.229421 841.812483
9 1.627210e-007 208.676286 848.202694
8 1.229830e-007 55.862257 896.250402
5 8.511310e-008 159.754533 879.542660
4 4.107880e-008 119.876761 851.367658
9 2.801980e-008 113.572072 849.912095
8 2.091840e-007 93.637816 939.735664
3 1.122200e-007 338.482723 948.266780
9 1.115630e-006 329.706799 898.496351
4 4.136980e-008 319.515235 840.697478
5 4.419040e-008 319.414839 863.175781
9 1.607430e-007 208.740722 816.244355
4 3.458610e-008 239.321584 763.276656
5 1.162690e-007 243.910986 721.067613
9 1.382270e-007 263.787508 790.760465
4 1.677520e-007 270.342074 865.677969
3 7.767130e-008 270.386234 866.182705
5 8.948760e-008 267.955474 881.051717
8 2.449060e-007 74.336477 916.616128
9 3.838090e-008 137.025426 771.135315
4 6.024370e-008 47.422022 748.794874
5 4.095500e-008 44.444934 748.052609
8 1.222510e-007 133.879899 884.515195
5 5.257640e-008 295.840867 708.749926
9 3.852340e-008 337.008535 712.351670
5 5.609090e-008 114.552091 885.344562
4 9.954690e-007 122.602495 894.938685
8 8.120020e-008 122.836325 895.217354
9 8.247680e-008 195.952575 933.831958
3 4.252770e-007 348.884938 895.701526
5 2.155620e-007 186.289770 837.228816
4 3.568550e-007 181.787670 848.371897
9 1.378860e-007 153.328061 918.811847
8 9.330610e-008 141.613751 855.433559
4 1.207700e-007 90.231867 861.604428
5 9.659690e-008 164.907895 818.490303
9 1.745170e-007 222.523566 770.712543
3 1.909810e-008 264.163457 726.059022
4 6.547120e-007 185.097346 880.672009
5 1.863210e-008 116.731695 936.033153
8 9.549650e-008 114.755165 937.633708
9 1.197870e-008 81.299932 970.845509
3 1.911850e-008 364.992813 913.096834
9 4.341790e-007 262.110399 907.695530
4 2.070900e-007 230.333131 911.928772
5 1.057470e-007 193.891631 833.779585
9 6.792960e-007 280.165082 811.668965
4 1.413660e-008 308.401311 771.343460
3 5.618520e-008 311.579738 766.804197
5 1.952930e-008 311.494907 834.158797
8 4.659140e-008 144.276645 867.256435
4 5.469920e-008 191.305839 690.084978
9 6.138870e-008 191.751970 688.922760
5 8.626750e-008 178.984007 679.501989
3 9.548670e-008 282.439341 841.178149
4 7.880030e-008 317.969086 950.530134
9 2.617240e-007 318.346233 951.690901
5 5.359350e-008 296.109904 827.733682
3 3.610240e-008 251.474869 980.473563
4 1.175550e-007 314.785401 890.056774
9 6.675180e-007 315.457431 889.097016
5 4.045240e-008 284.987601 626.961442
4 2.272860e-006 176.331341 889.685401
9 6.148540e-008 176.589078 890.897966
8 1.071080e-007 195.660814 980.624001
3 2.102400e-008 282.287316 847.435286
5 1.083760e-007 292.193367 831.582322
4 2.145900e-007 175.668801 808.322866
9 1.113090e-007 237.235751 744.568589
3 1.725360e-008 271.027026 841.309481
5 4.070750e-008 273.427988 875.643278
9 1.685760e-007 387.489903 864.272025
3 3.367050e-007 351.423552 867.392957
5 3.582360e-007 264.437481 783.297772
4 1.275240e-007 279.638119 807.623850
9 1.469160e-006 290.969550 877.195579
3 1.802040e-007 341.641175 829.497324
5 6.905050e-008 255.062882 898.446284
4 1.379710e-007 282.105385 893.189714
9 2.152180e-006 318.259970 886.161921
3 7.640850e-007 357.329192 908.327425
5 8.178070e-007 204.091301 766.498410
4 7.894770e-008 193.030596 759.852465
9 1.666880e-008 146.062262 731.631031
3 1.168810e-007 300.476835 840.655304
5 3.959310e-008 345.917720 839.068364
9 1.132620e-007 379.185299 789.096708
6 2.923320e-008 440.310605 409.546550
7 8.519820e-008 393.127995 355.269086
11 4.161610e-007 255.530380 142.481183
11 1.342600e-007 205.786061 145.324224
11 6.099510e-007 205.983271 181.832275
11 1.021940e-007 179.725604 67.092743
11 5.216850e-007 190.031968 143.296334
7 2.399590e-008 411.519355 211.574676
2 1.153370e-007 546.136374 146.981149
7 4.705890e-008 543.526009 87.237972
2 2.278200e-007 538.080521 86.665627
2 1.212870e-007 466.902780 146.289835
7 6.006580e-007 508.869948 192.899324
6 4.279700e-008 509.818415 392.521137
7 4.483240e-007 477.320421 284.083431
2 9.628410e-008 512.593746 217.746038
7 3.368680e-007 467.431811 263.678028
6 2.556630e-008 430.565421 307.346686
11 3.433920e-008 416.830351 145.746922
2 7.920290e-008 493.990919 50.460978
7 4.220870e-008 333.350001 270.973788
6 5.944930e-008 480.787408 349.699453
7 7.543990e-007 475.567323 294.542102
6 4.181960e-008 531.422151 534.376650
10 1.650670e-007 598.011482 560.142882
10 1.071420e-007 732.563441 549.686281
3 4.559320e-008 529.179272 758.450267
10 3.052840e-007 651.312073 625.430482
6 6.222410e-008 643.688940 514.499804
10 8.947400e-008 618.802771 715.363785
10 7.439490e-008 783.289056 690.956126
9 8.386650e-008 489.095968 866.018187
3 1.175990e-007 491.003629 875.832298
10 8.436900e-008 573.390128 632.084908
6 4.890380e-007 633.390807 489.359141
10 4.439920e-008 751.100747 655.371401
10 4.511540e-008 789.617312 712.345717
3 2.727900e-007 518.963927 904.808052
10 2.102370e-007 741.790055 669.664296
10 1.547950e-008 570.291778 790.585922
3 9.806840e-008 499.895099 887.478979
10 3.180620e-008 763.537761 735.891007
10 2.757500e-008 866.139452 608.068526
6 7.002010e-008 755.038876 485.140860
10 1.259020e-008 715.655742 797.868835
10 3.591740e-007 701.198000 657.634694
10 1.081680e-007 604.126043 483.608144
6 5.643130e-007 585.030862 462.400757
7 2.091540e-007 473.045371 334.713241
2 7.218670e-008 606.999754 202.914622
7 5.384810e-007 576.752663 211.266841
2 1.428770e-007 482.431313 80.006791
7 8.571220e-008 485.435320 397.564091
6 9.345630e-008 474.127788 381.661697
2 1.024270e-007 541.875366 209.446799
7 1.381060e-007 465.737128 190.463618
6 1.804240e-007 550.938243 385.211193
10 8.999660e-008 603.523814 621.983154
6 2.951800e-008 696.125043 608.603397
10 3.996050e-007 645.793442 632.813302
3 3.667540e-007 468.379426 855.823815
9 1.899280e-008 522.069503 890.773980
3 3.097250e-008 605.467342 850.500069
10 5.086820e-007 669.768702 622.303428
6 7.988800e-008 639.239519 542.771858
7 1.352730e-007 607.966289 311.832012
11 1.431170e-007 213.131454 176.537579
11 1.226390e-006 243.191040 158.988105
11 2.240810e-007 238.827075 202.830029
11 7.704040e-008 64.886643 185.040749
7 5.841330e-008 361.940388 271.757223
11 1.888260e-008 386.766899 275.352125
6 2.559740e-008 436.754689 526.323570
3 3.566080e-008 471.228000 673.640449
10 3.398170e-008 471.228000 585.252863
6 8.926540e-008 509.055544 538.102751
7 1.878610e-007 468.078294 325.033413
11 6.405400e-008 393.257692 206.838064
2 4.325310e-008 507.768180 158.758055
7 3.739310e-007 591.364077 308.102541
6 7.646060e-008 528.433592 348.969821
10 2.333580e-007 652.180392 580.495865
10 7.061530e-008 586.495153 700.538053
10 9.035960e-008 543.363602 563.841743
6 1.721640e-007 579.052829 483.682254
7 2.370840e-007 536.969138 336.988950
11 6.680610e-008 402.967364 151.472495
7 6.578420e-007 503.559933 204.047866
2 1.546070e-007 546.925017 148.128430
11 1.802450e-007 427.384718 104.781895
7 4.121530e-008 386.967650 287.131181
10 1.882830e-008 588.941465 518.624260
6 2.765940e-007 638.765901 521.235394
10 6.718990e-008 812.003135 605.401941
6 1.360840e-007 571.098168 557.422305
9 1.305610e-007 319.583908 737.717649
5 5.217970e-008 340.367388 793.178240
3 2.949230e-006 398.794982 865.330381
4 2.300000e-008 300.116211 929.894603
9 3.649960e-007 300.799310 936.393988
3 2.080890e-007 336.783822 871.864338
5 4.991010e-008 355.556717 796.570971
9 4.497060e-007 277.809183 828.376605
4 3.100450e-007 207.543599 861.142052
3 2.972390e-008 207.070169 861.362816
5 1.044430e-008 138.121091 893.514365
8 8.386290e-008 121.888719 832.933483
9 1.738670e-007 329.380349 767.639461
3 1.584900e-007 371.008307 838.420385
5 2.562750e-007 273.212060 754.936682
9 3.401380e-008 205.953229 696.469482
6 3.606460e-008 400.432738 545.226673
5 1.880380e-008 352.206687 575.665255
10 1.010930e-007 551.379383 559.380607
6 3.591780e-008 559.991632 600.699666
10 2.681470e-008 796.281236 476.319467
10 2.695590e-008 635.909326 806.791526
3 4.366400e-008 513.684478 957.249177
10 1.362510e-008 762.306677 803.729833
10 2.222610e-007 668.890599 705.223291
10 1.210230e-007 743.661760 496.405693
6 1.485550e-007 649.843317 523.628013
10 5.987230e-008 745.783958 684.548971
10 9.505060e-008 622.735456 739.795819
10 2.617220e-007 730.299607 641.192132
6 2.318690e-007 671.103060 534.399351
10 4.112450e-006 667.910669 604.308566
10 1.972280e-007 636.263199 650.512004
6 6.722620e-008 781.371587 555.610892
10 4.094840e-008 861.476832 584.520155
3 4.670660e-008 521.195439 766.665034
10 3.743100e-008 569.939576 671.289163
6 1.637280e-007 542.478582 516.567565
7 6.194790e-008 540.112000 433.623153
10 6.314150e-008 553.092071 689.644401
10 9.627870e-008 800.399387 577.631785
10 9.022700e-008 741.095064 562.714528
6 7.321790e-008 676.110671 593.017247
10 1.363890e-007 647.670568 519.383778
6 9.417840e-007 646.406177 446.945747
10 1.112710e-006 710.129328 624.244024
10 3.070860e-008 815.634485 762.830232
6 1.582740e-007 599.135191 566.755716
10 2.637330e-008 490.376669 481.784094
7 2.181510e-007 607.760590 316.174678
6 6.901070e-008 575.546930 337.720923
10 4.627900e-008 565.187868 656.216219
10 1.722460e-007 772.215485 581.420592
6 4.561520e-008 774.055469 545.308253
10 5.674150e-008 840.737083 611.288434
3 9.663510e-009 614.663112 843.861923
10 4.594290e-008 667.640531 686.886461
6 5.123480e-007 625.581258 492.653946
6 1.614960e-007 704.344782 353.261785
2 6.951970e-008 701.024823 214.003183
7 3.375510e-008 701.444931 218.804942
6 1.900580e-007 687.333529 330.936199
7 2.033880e-008 707.715317 407.002917
10 1.051820e-007 733.201509 502.119742
10 1.550860e-007 741.487738 644.055819
3 5.766480e-008 493.697409 737.001934
6 8.748870e-008 509.148177 459.163410
7 9.015670e-008 412.960637 319.844570
11 2.887910e-008 425.851541 208.235237
6 1.865840e-007 533.447746 465.466795
7 4.298700e-008 534.567005 473.430680
10 5.363940e-008 556.915125 632.444710
10 1.213250e-007 747.079837 650.989646
6 1.019520e-007 720.682078 519.630764
10 9.922450e-008 729.166348 518.932979
6 1.488700e-008 804.848790 542.071747
10 2.671110e-007 701.714646 648.115462
10 1.849840e-008 495.728772 557.067892
6 1.005020e-007 463.355565 409.181803
7 4.667200e-008 443.221999 450.046462
10 8.799910e-008 600.317341 700.753646
3 6.855480e-008 596.214527 849.867771
10 6.605070e-007 634.150938 628.164936
6 2.563810e-008 473.693091 660.649278
3 6.038190e-008 516.525605 801.374867
10 9.835260e-008 718.379314 727.232557
10 2.085710e-007 758.379626 605.254940
6 6.908910e-008 615.445621 584.513621
3 2.904870e-007 490.510195 889.863314
10 1.000680e-007 629.205134 594.272542
6 3.237560e-008 649.115862 636.633772
10 1.059290e-007 552.348615 625.436214
6 1.846960e-007 631.664751 530.645755
10 5.894370e-008 554.349542 711.110969
3 2.242710e-007 485.771532 840.086946
3 7.439950e-008 506.643540 900.834419
10 4.372790e-008 655.060847 698.472043
10 1.940500e-007 605.546651 624.923308
6 1.306410e-007 531.643008 487.484523
10 4.263040e-008 590.587653 502.023484
6 7.041710e-008 611.526131 562.160675
10 2.003830e-007 596.403273 648.298581
6 1.109320e-007 537.656274 538.444143
7 2.526030e-007 453.537482 265.981144
6 7.603900e-008 470.015835 359.754827
11 2.600990e-008 376.348819 286.196895
7 1.242300e-007 372.568082 297.832935
6 1.480240e-007 522.921012 445.268926
5 1.145190e-007 250.290696 713.499309
4 2.113060e-007 97.751349 867.464541
8 7.496580e-008 147.589796 926.859508
9 1.901540e-007 230.137137 941.144488
3 4.920140e-008 321.123710 934.782251
5 1.352940e-007 260.743109 772.694979
4 5.633470e-008 299.758530 789.255940
9 6.858260e-008 380.313303 846.045514
3 1.279270e-007 291.216244 853.840606
5 1.577680e-008 359.855548 719.005248
9 8.147480e-008 188.183989 761.400461
4 9.076640e-008 245.028191 796.920667
3 8.423240e-008 309.728259 801.107122
5 1.936620e-007 260.581185 722.454751
4 1.430640e-007 148.865781 810.765197
9 6.350990e-007 268.988912 824.975510
3 1.538390e-008 265.851749 828.459676
5 9.333200e-008 202.564199 898.747498
8 9.304530e-008 147.420421 920.917619
4 3.500890e-008 192.999421 745.204001
9 4.857820e-008 364.100792 695.282341
10 2.883820e-008 520.305447 552.107695
6 1.514230e-007 491.969678 393.168244
7 4.021760e-008 426.686964 361.327858
6 2.273620e-008 351.591395 539.410326
7 1.102880e-007 430.950518 359.338000
11 3.991500e-007 288.517573 155.202177
11 7.920510e-008 156.479675 184.304794
7 1.299220e-007 385.890309 199.258589
11 3.282990e-007 352.253745 100.506240
7 9.974230e-008 460.181497 176.616762
2 1.278400e-007 615.382043 238.420580
6 3.892250e-007 588.735934 364.921026
7 1.386240e-007 589.349420 329.780899
2 2.272130e-007 576.407879 141.320158
7 5.059160e-008 568.656075 142.771390
11 2.599170e-008 396.855611 222.403224
6 1.170290e-007 476.225589 425.081273
10 1.240650e-008 558.876517 710.420517
5 1.270330e-008 179.565433 543.906669
5 1.417180e-008 366.360255 797.525674
9 2.764560e-007 365.354892 800.814076
3 3.495470e-007 345.209655 866.706365
4 2.212390e-008 360.350459 846.396434
5 2.266420e-008 266.307102 813.215058
9 3.238350e-007 269.348314 812.108151
3 1.030440e-007 330.287156 789.928306
3 1.298190e-007 425.169666 794.394325
9 8.010600e-008 424.510014 794.324994
5 1.013220e-007 268.968790 777.977361
6 1.706120e-007 489.743009 467.220514
7 4.558130e-008 533.556696 318.334731
6 4.163930e-008 550.919648 254.432939
11 5.597640e-008 392.586436 221.003926
7 4.515200e-008 515.790303 436.463134
6 1.105440e-007 520.858703 508.946155
10 2.010520e-008 548.357412 605.268149
10 3.215440e-008 582.873453 714.409150
7 1.038640e-007 570.225633 404.586406
6 6.121560e-007 572.089184 403.329424
11 1.354890e-007 410.286556 165.310392
7 7.973180e-008 389.292158 305.828340
2 1.388900e-007 518.046858 203.048199
6 6.232880e-008 479.718815 337.309402
7 1.795650e-008 352.875379 308.025599
7 1.720790e-006 545.187661 278.421484
6 1.860060e-007 563.045617 273.968960
7 1.005430e-007 531.194424 438.144784
6 2.353900e-007 528.973498 456.233107
10 1.127190e-007 601.281872 562.535537
10 2.843580e-007 648.544938 666.568506
10 7.328440e-008 767.461690 588.627195
6 3.882580e-007 643.878718 512.964598
2 5.327420e-008 689.696384 195.780576
7 2.101650e-008 694.861179 195.960933
6 9.316650e-008 783.729500 305.809633
2 7.684010e-008 656.464051 183.379728
7 5.193230e-008 701.093682 250.031032
6 5.865390e-008 748.627501 409.136259
10 1.604560e-007 681.163954 530.843332
6 1.380280e-007 723.261603 559.002004
10 1.613420e-008 867.487789 546.383711
6 4.731810e-007 594.734099 509.498058
10 4.146610e-008 562.483718 448.844204
7 4.578520e-008 453.583616 453.649438
6 1.230680e-007 542.292979 562.828670
10 1.190190e-008 511.862074 625.221046
3 9.941040e-008 501.585159 809.848412
10 3.318340e-008 613.057975 647.735502
10 1.093420e-007 690.138087 689.512390
3 2.219950e-008 402.954158 773.507809
9 6.375690e-007 368.474414 844.201159
4 7.927320e-007 196.000658 932.410053
8 6.592010e-008 174.802217 929.646917
5 3.255920e-008 181.712395 925.494881
3 9.239510e-008 289.429183 880.668136
9 3.731780e-007 247.233091 927.531787
4 3.258820e-007 90.899563 922.887093
8 1.662370e-007 30.758221 870.718841
5 1.114060e-007 177.742123 847.438691
9 1.706030e-007 276.486018 744.799216
4 3.791430e-008 156.235942 828.089488
5 6.121990e-008 90.024108 885.646832
8 1.452210e-007 37.297943 932.302132
9 4.184220e-007 235.474115 881.588204
4 4.911740e-008 158.383363 744.339159
5 3.727640e-007 225.989139 803.107996
3 7.996180e-008 273.641900 855.291335
9 1.522260e-008 119.579849 787.658227
8 1.870160e-007 127.534415 939.442906
4 3.150230e-007 128.371666 955.418864
5 4.731520e-008 59.708109 800.141746
9 5.382990e-008 192.429115 942.467063
4 3.455450e-008 277.198058 833.701572
3 1.649270e-008 303.709223 787.782972
9 1.796570e-007 212.859845 931.521921
8 5.934900e-008 182.380737 908.816412
5 8.179720e-009 185.097689 907.985756
4 2.098760e-007 265.558090 883.386541
3 2.279320e-007 318.291819 867.264220
9 5.959330e-008 215.008620 770.715881
5 8.807930e-007 186.313426 801.615751
4 1.325150e-007 230.041828 871.595681
3 7.198460e-008 258.701419 917.460520
9 7.426710e-008 283.551854 690.260102
5 3.638760e-008 320.730663 645.952250
10 7.568950e-008 576.136707 483.560414
6 1.020830e-007 576.456950 482.365250
7 2.498510e-007 604.270617 313.348289
2 4.105980e-008 505.213321 206.769904
7 2.316740e-007 455.437798 248.333881
6 2.391040e-007 576.401234 337.908451
2 3.098140e-008 408.317836 247.147147
7 4.785080e-008 318.729289 298.871104
11 2.327660e-007 239.676041 189.790556
11 8.806900e-009 252.344612 230.232550
11 4.188030e-007 207.960252 124.938074
11 1.711540e-008 21.409663 163.006612
11 1.931250e-007 189.248010 106.545628
11 1.374220e-007 202.237159 169.384873
11 2.682380e-007 213.967355 200.879826
11 1.227420e-007 162.754709 135.102748
11 5.789790e-008 107.098925 210.259148
11 2.184730e-008 63.582044 158.363853
11 6.666140e-007 270.954538 57.130388
11 1.121320e-007 150.008571 185.563808
11 4.786540e-007 228.760647 165.821336
7 1.278150e-007 414.216414 200.296588
11 1.308390e-007 433.845554 130.890421
2 6.779420e-008 571.828964 227.507590
7 2.086660e-007 453.738624 189.979113
6 2.679770e-007 506.225736 415.968393
7 2.133200e-007 544.415197 176.975503
2 9.117160e-008 615.891432 145.152046
6 9.369350e-008 607.060583 332.444070
2 8.171330e-008 764.080177 112.904325
7 1.951300e-007 581.575000 194.856165
6 5.375300e-007 558.033479 361.375152
7 2.224980e-006 535.732547 230.578243
2 4.249580e-008 479.667288 178.296305
7 1.116040e-007 506.004414 299.622268
6 2.662470e-008 493.500660 312.125935
11 3.580970e-007 281.373955 165.288273
11 6.647020e-008 152.926790 49.820801
11 5.104280e-007 274.810660 141.014599
11 1.469330e-006 227.239922 110.260138
11 1.286250e-007 121.842604 158.912921
11 2.200070e-008 317.708124 280.362881
11 1.453150e-007 183.495110 163.922827
11 1.040240e-007 250.752503 260.879657
11 1.179530e-007 147.682053 100.402738
7 1.676740e-007 474.924775 256.905726
2 1.495420e-007 575.211046 137.610521
11 5.819500e-008 493.413053 88.603580
2 9.699010e-007 572.320742 100.366794
7 4.173950e-008 568.148759 97.759852
2 2.277830e-007 489.340421 32.014440
2 5.188550e-007 639.180073 85.064214
7 1.025630e-007 501.950937 114.678901
11 4.082510e-008 485.650310 111.300642
2 4.904210e-008 467.410644 124.891099
7 1.305990e-007 503.089177 97.780009
11 5.334260e-008 504.007472 144.785461
2 1.048720e-007 546.156048 146.257230
7 1.601590e-007 621.410507 201.936125
6 1.312610e-007 545.314590 410.608830
3 2.537890e-007 357.285756 834.751242
9 1.284170e-007 353.712899 845.127521
5 7.686730e-008 351.438407 851.733094
4 4.990210e-007 249.744716 945.295417
8 5.981380e-008 167.743427 962.339779
5 5.075960e-008 70.311452 891.253689
4 6.939630e-007 105.559611 944.132593
9 9.801760e-008 189.426234 963.494698
8 1.578720e-008 235.302096 972.278645
3 2.091310e-007 363.804043 965.544378
5 3.615300e-008 319.225548 869.604750
9 3.804270e-006 315.789096 877.323107
4 2.334480e-007 281.129151 941.998521
3 4.818840e-008 209.293554 867.610288
5 5.599630e-007 224.934640 739.571121
9 9.596330e-008 216.419479 740.919777
4 2.531700e-008 169.275210 772.326670
3 1.619690e-007 326.301634 805.962777
6 8.260170e-008 432.427915 369.737969
7 9.579800e-008 424.511195 284.773889
11 3.719620e-008 479.537864 91.946845
2 1.723070e-007 552.925329 59.272526
7 1.706180e-007 605.999021 234.290519
6 4.759850e-007 594.010607 371.317218
10 2.503960e-006 697.959029 592.406028
10 6.469670e-007 654.608737 627.069486
6 3.783760e-008 661.341630 616.919849
10 1.237200e-008 693.339771 696.118257
10 1.061190e-007 607.709481 674.258551
3 9.622160e-008 476.188879 784.657988
10 2.253820e-008 687.268918 716.348944
10 9.076860e-008 701.858966 706.914365
10 9.751500e-008 779.387236 673.555530
6 8.824170e-008 753.928486 538.409946
10 4.399220e-009 733.077929 810.241732
10 1.090040e-007 712.816496 672.427157
3 4.848120e-008 563.616912 889.750555
10 2.897620e-007 648.489013 639.104149
3 1.438080e-008 585.332303 815.974339
10 7.931230e-008 614.850800 675.693205
6 3.583760e-007 631.145448 510.791609
10 7.417790e-008 709.465897 486.755219
6 3.385510e-007 699.529004 405.824208
6 1.054900e-007 739.406137 525.341032
10 7.095560e-007 686.360775 573.253378
10 1.089340e-008 845.968331 565.579185
6 1.878720e-007 677.174358 466.799700
10 1.850390e-007 720.904874 565.847927
6 4.149700e-008 673.490985 503.203068
10 1.577560e-007 648.446022 502.328466
7 1.753270e-007 552.996905 369.062134
2 2.609250e-007 504.178105 139.061875
7 1.177210e-007 442.344524 302.934387
6 2.078770e-007 519.046071 391.645367
5 2.702180e-008 341.852020 612.606465
10 1.537460e-008 572.888908 682.116573
10 4.418190e-008 763.702693 684.167370
3 5.675990e-008 531.663281 864.775862
10 1.421260e-008 828.252501 790.406841
6 6.603500e-008 746.823470 503.439920
10 7.510800e-008 743.613264 505.858982
10 8.893260e-008 779.819324 656.581152
6 6.103670e-008 496.012493 461.458121
7 5.734060e-008 457.760151 435.559367
6 1.683050e-007 536.858522 429.853542
10 4.883680e-008 621.000138 508.201372
6 7.076400e-008 794.617724 363.988376
10 1.799050e-007 700.114102 546.392810
6 1.434340e-007 611.373135 510.224292
7 7.441000e-008 459.369912 428.716823
11 1.155370e-007 281.310796 250.278438
11 4.206860e-008 289.097052 287.829315
11 3.593980e-008 320.341929 44.008694
11 3.886540e-007 204.360275 151.000213
11 4.008180e-008 240.713000 221.143777
11 5.044850e-008 232.623763 11.891874
11 1.311730e-007 167.339439 92.988531
11 7.816600e-008 170.871569 187.285548
11 2.258310e-007 192.069544 155.462328
7 4.066200e-008 318.325676 280.067380
11 1.192910e-007 173.518007 167.726240
11 7.132640e-008 101.074801 62.480095
11 2.494210e-007 211.136300 67.657980
11 1.608230e-007 175.063670 133.230356
11 6.940940e-008 219.503416 270.867264
11 4.512670e-008 118.795014 71.773037
11 5.573230e-008 178.969816 220.751999
11 7.378080e-008 231.748000 261.522179
11 4.459450e-008 99.073663 206.703960
11 3.344430e-007 287.245601 52.836796
7 3.260910e-007 440.304329 292.402176
7 2.419760e-008 462.354150 393.315548
11 1.374320e-007 370.257853 129.302948
7 8.102130e-007 503.648340 224.100268
2 3.361750e-008 407.290924 130.241933
11 1.609950e-007 375.597134 94.317050
7 2.903430e-007 571.834306 327.190977
6 2.761300e-007 563.675701 376.682660
2 5.907460e-008 524.620740 258.194951
7 7.880850e-005 527.005908 262.326190
6 1.646230e-007 497.098194 355.992956
10 2.756180e-008 591.144705 680.425910
10 1.019760e-007 772.960652 645.137637
6 1.020510e-007 696.141345 394.819852
7 1.369190e-007 648.178064 237.938637
10 6.075170e-008 590.888960 563.467591
6 1.205910e-007 574.380617 592.060883
7 6.378190e-007 468.693018 298.417935
2 1.941360e-007 514.576125 65.373428
11 3.246930e-008 517.332416 65.859437
2 6.581610e-008 723.051078 47.045677
2 3.491020e-007 674.305975 99.611032
7 9.467760e-007 495.124301 230.059786
6 2.322460e-007 561.066721 373.058817
5 1.656470e-008 407.605267 616.095407
6 9.106650e-008 515.233570 467.322103
7 9.413210e-008 580.401911 398.210090
5 1.741030e-008 110.501991 560.162185
9 8.977250e-008 289.736642 753.231685
5 6.412420e-008 283.000700 769.903689
4 6.530650e-007 226.010203 910.959803
3 2.962270e-008 223.804581 916.418897
7 1.008660e-008 491.589253 418.875641
6 1.567560e-007 493.329518 420.187030
10 2.090010e-008 477.228703 452.791925
10 2.817470e-007 674.926693 648.130042
10 3.167430e-008 736.129940 718.824745
9 1.185220e-007 329.007924 820.145235
3 2.770650e-008 325.391141 822.677727
5 2.471050e-008 260.770695 867.925323
4 2.329180e-006 188.805311 904.768589
8 3.257540e-007 53.083373 959.604259
5 5.873050e-008 178.309860 866.321577
4 3.854740e-007 232.566851 887.130978
9 4.174610e-007 233.357613 886.282986
3 6.201350e-008 290.729929 824.758432
5 1.059290e-007 243.353235 780.771900
4 3.940550e-008 246.485035 777.158556
9 3.749900e-008 247.624356 777.689827
3 1.118700e-007 393.998840 845.944905
5 4.096060e-008 242.361208 956.633138
4 2.511640e-007 241.928553 969.023242
9 1.026370e-007 241.886812 970.218615
8 1.702630e-007 124.333288 954.625267
5 5.984910e-008 91.643678 873.034631
4 1.605050e-007 79.545206 874.093135
9 1.452420e-008 78.377942 874.195260
8 4.155770e-008 79.845208 790.912298
5 1.130380e-006 219.874676 746.163779
9 6.052020e-008 208.604849 753.765377
4 2.743290e-007 187.772882 795.329675
3 1.614320e-007 341.726035 863.874117
9 1.162860e-007 206.932069 782.172858
5 1.012530e-006 207.955782 780.710850
4 5.075350e-008 252.038635 717.754222
5 4.414710e-007 173.795610 733.906785
4 1.078390e-007 146.253133 805.657686
9 5.597120e-008 122.673682 795.048788
5 3.277040e-007 117.911145 772.097267
4 5.495230e-007 187.765632 880.569471
9 1.271990e-007 186.829863 881.274624
8 5.375890e-007 66.730108 971.776247
5 3.166190e-008 261.313316 898.637946
3 2.025280e-007 328.503234 947.454169
9 5.477200e-008 405.520000 981.686808
6 6.872330e-008 468.302000 399.702260
7 2.625620e-007 474.878724 318.777489
2 6.871280e-008 471.623991 164.899165
11 8.994530e-008 347.908131 205.097081
11 1.059570e-007 158.439495 155.382185
11 3.535060e-007 228.737590 144.860712
11 2.304120e-007 221.570194 186.154075
11 5.949960e-008 182.528683 165.209687
11 3.926730e-008 151.023321 29.936884
11 1.475920e-007 237.652876 205.883610
11 1.142220e-007 174.939127 140.895092
11 3.228090e-007 270.316059 198.251285
7 4.860300e-007 453.038199 314.010605
6 3.880490e-007 609.344908 368.160770
7 1.041260e-007 364.994905 195.844913
11 1.069940e-007 400.743052 138.635973
2 7.520580e-008 471.715546 129.052977
7 1.496430e-008 586.862791 93.784867
2 3.603500e-007 649.519580 147.832533
7 6.083670e-008 651.430805 115.427619
2 1.787680e-007 731.420921 86.313816
7 2.485160e-008 430.520745 57.044711
2 2.704940e-007 573.469687 13.340946
7 3.669270e-008 341.497807 218.949102
11 1.792580e-008 337.242402 271.582374
6 2.510720e-007 528.559456 467.068233
10 1.030150e-007 671.095358 540.897993
3 3.185620e-008 523.881394 906.125671
10 3.516940e-007 726.259311 652.962477
10 8.567130e-008 735.236935 701.470282
10 7.737460e-008 609.262663 719.097606
10 4.172330e-007 714.966458 624.926412
6 1.213930e-007 607.845068 532.488860
7 1.970940e-007 471.235468 332.255747
11 4.622930e-008 424.038544 136.879425
2 4.687880e-008 422.288367 175.982728
7 1.221010e-007 442.486476 135.740981
11 4.133750e-008 452.655507 182.964685
6 1.672990e-007 533.820832 409.908921
10 1.759840e-007 653.966471 521.002664
10 5.217310e-007 700.562199 629.573471
6 1.574180e-007 614.860004 498.583949
7 4.584290e-008 488.417492 388.669652
11 9.104800e-008 149.727296 151.124335
7 1.417900e-007 426.956109 240.283174
2 1.926300e-007 519.115211 78.636710
7 4.135320e-007 490.770066 220.123910
11 5.549210e-008 410.975280 214.059748
2 8.551220e-007 570.162055 90.893833
7 6.215130e-008 578.921186 86.038529
6 1.294840e-006 589.494219 424.611911
7 1.828120e-007 521.485458 334.590886
2 7.397320e-007 626.307383 122.287074
7 1.330630e-006 544.314745 224.480515
2 4.163440e-008 530.923599 246.767036
6 2.795990e-008 432.185408 375.400025
7 2.339810e-007 491.350466 323.980184
11 1.263610e-007 442.918626 118.235190
2 7.816030e-008 464.706779 125.775041
6 9.042700e-008 533.055696 366.632346
7 2.372450e-007 530.070803 385.477732
2 9.180260e-008 534.573260 185.216128
7 8.157050e-008 533.641252 139.376682
2 8.641880e-008 473.672996 79.632892
11 1.244060e-007 349.655065 170.050034
7 1.746030e-007 428.149221 222.995036
6 3.184260e-008 501.610101 333.453496
7 1.688530e-007 448.410499 196.607516
11 9.070640e-008 425.590544 105.456707
2 5.540840e-008 582.285157 192.313552
6 1.129110e-007 500.710108 364.959570
7 2.733180e-007 481.588232 344.453875
7 2.741810e-008 383.697234 272.966583
2 4.555600e-008 546.099165 208.468467
6 6.730870e-008 567.531034 334.250873
7 1.625210e-007 433.222785 414.110147
10 6.599020e-008 571.361523 474.523704
6 2.491110e-008 445.592479 397.617049
7 4.619780e-008 531.857434 450.805920
6 3.169690e-007 594.812924 515.998563
10 2.862620e-008 603.511855 464.811938
7 3.270440e-007 473.879338 277.456422
6 1.385140e-007 508.157297 371.305213
7 6.369910e-008 353.519818 341.783010
11 1.835440e-008 322.278282 316.028296
6 1.204660e-007 506.293637 483.962694
10 7.073140e-008 589.606537 614.562868
10 1.282160e-008 781.575235 708.168147
10 1.469940e-007 636.462178 678.114827
6 4.022440e-008 510.678613 388.273129
7 2.641630e-007 534.808259 315.014328
2 1.989540e-007 566.628900 165.311859
11 1.062670e-007 375.574902 109.854492
7 1.792810e-007 576.690184 145.316767
2 1.212810e-007 712.948313 65.626608
7 6.436450e-007 580.203027 286.021251
6 9.803480e-008 562.957095 307.602843
7 7.783920e-007 543.466833 203.149179
2 1.120700e-007 528.482098 150.891109
6 6.577150e-008 532.881995 222.105557
7 6.882960e-007 526.807362 218.687144
2 3.590940e-008 528.112789 256.065412
6 5.237100e-008 515.618425 319.394555
7 1.083920e-007 465.033743 322.931942
7 2.882720e-007 485.268733 310.106380
2 1.740610e-007 533.398244 138.990895
7 1.161790e-006 512.349412 211.016216
11 1.088690e-007 452.434469 55.143326
2 6.011090e-007 536.940630 37.181010
7 5.059600e-008 423.374961 123.318545
6 1.119940e-008 460.350042 509.392929
10 7.718420e-008 660.897412 509.064891
10 1.958010e-008 800.850547 750.146262
3 1.326430e-007 515.648838 892.675608
10 3.473020e-008 551.857888 635.037679
6 6.181800e-008 573.498917 618.027693
10 1.456940e-007 780.491866 641.453072
6 6.123050e-008 815.253808 491.883303
10 6.770510e-008 741.740933 625.181860
10 1.013610e-007 798.842008 628.468085
10 1.232840e-008 682.223789 824.040211
10 4.997290e-008 762.956129 722.311072
10 9.913130e-008 760.960654 668.856153
6 1.608750e-007 700.234067 441.948400
7 2.994110e-008 662.529522 426.047249
10 3.964830e-007 735.902692 551.303325
10 4.242540e-008 732.858912 685.368894
10 1.782200e-008 813.425382 513.760463
6 5.068290e-008 842.842039 559.901443
10 1.117440e-007 814.869254 609.914866
3 6.641170e-008 573.355079 920.361399
10 4.932850e-008 645.226763 739.939576
3 4.025230e-008 504.957552 695.943842
6 5.583270e-008 667.137296 556.329507
10 3.649430e-008 752.919486 557.872582
6 5.563560e-008 556.636622 522.790676
10 2.760610e-008 538.290848 506.842809
6 6.534030e-008 452.206999 582.623808
9 7.026720e-008 294.111369 727.868750
5 8.214920e-008 292.651320 729.051077
4 8.036500e-008 151.255903 771.427187
9 2.665190e-008 129.333062 926.767632
5 2.227190e-008 127.929335 927.987877
8 2.719990e-007 78.976653 970.541902
4 4.886280e-007 81.069941 918.411889
3 6.441440e-008 306.118782 833.762867
9 3.787500e-007 262.790101 902.573491
5 4.834860e-008 261.463698 903.767780
8 9.546990e-009 214.553891 954.033807
4 5.943240e-007 223.136727 948.460044
3 1.529740e-008 229.856502 968.868492
9 7.089850e-008 358.784364 1005.461285
4 2.859660e-007 214.552018 979.629394
8 4.586640e-008 196.374332 921.736295
5 3.372720e-008 192.062110 839.454251
9 2.022280e-007 319.023717 759.964958
3 9.108600e-008 348.000620 755.892514
5 2.714030e-008 166.195672 788.486244
4 2.721240e-007 157.106159 845.874597
8 5.764360e-008 139.822220 853.522184
9 8.221570e-008 255.928201 713.242790
5 3.484040e-007 216.492365 705.577381
5 1.538910e-007 133.183641 704.615112
9 3.362360e-008 340.698648 664.629777
5 5.044640e-008 228.489921 575.817686
5 1.771380e-008 306.696035 567.726294
5 2.246410e-008 129.586426 559.658562
9 4.821000e-007 368.225727 803.469944
3 1.117760e-007 346.825320 853.885817
5 2.628320e-007 247.650445 817.518110
4 1.560710e-007 182.569634 787.170353
8 7.947390e-007 42.939981 929.135442
9 7.975340e-008 204.012449 866.481471
3 1.506410e-008 200.939123 863.185728
5 4.919570e-008 192.109870 853.717501
4 1.422590e-007 144.576688 802.744337
9 6.426180e-008 221.177350 1000.881372
4 7.876130e-008 309.193430 1002.419792
3 1.239280e-007 393.702861 1003.896920
5 4.097120e-008 287.358603 819.086821
9 2.739570e-008 399.467854 709.265899
4 5.242000e-008 282.029705 858.522733
3 4.738970e-008 311.115662 921.250302
5 3.951560e-008 297.909926 921.019774
9 3.718120e-008 124.851080 917.998744
8 9.326210e-008 123.787057 906.088336
4 6.970070e-008 104.777862 716.913567
5 1.680250e-007 92.361600 712.879263
9 1.172200e-006 281.894118 827.078775
3 1.774120e-007 361.038013 791.841697
10 1.367910e-007 612.936885 617.988557
6 5.146970e-008 688.313662 646.922964
10 3.997220e-007 713.499354 631.859522
10 1.015140e-007 604.960987 658.582461
3 6.368870e-008 557.824375 800.712369
10 1.388980e-007 751.606629 543.080874
5 2.401370e-007 229.721539 794.210755
9 1.930650e-007 226.894155 796.046876
3 2.665370e-008 223.076639 798.525992
4 1.208280e-007 157.469360 841.131740
8 3.754890e-008 135.415985 880.805613
5 2.811920e-007 139.516303 802.696548
4 4.946160e-008 156.711591 721.799314
9 3.956170e-008 156.955198 720.653237
5 2.607570e-007 176.977111 682.663152
4 4.176520e-008 96.840608 854.516006
9 4.770510e-008 96.314467 855.644314
8 4.200230e-008 202.342535 893.696663
3 8.247720e-008 219.690904 891.044840
5 8.154780e-008 110.743709 842.538287
4 1.619340e-007 155.168358 825.526399
9 1.869790e-007 225.270335 878.351746
5 1.485340e-008 282.957937 921.822240
3 9.283040e-007 363.211244 885.290217
4 1.942740e-007 173.142697 829.940480
9 6.149540e-008 172.194178 830.708574
5 8.056500e-008 117.693955 874.841932
8 7.247560e-008 74.286279 900.689199
4 2.905890e-007 95.315651 848.547694
5 1.158550e-007 109.474229 775.707589
8 1.133550e-007 151.626205 873.513180
9 1.883880e-007 215.835925 825.127788
4 4.119620e-008 295.957830 787.896008
5 6.396880e-008 299.803893 861.285154
3 1.013790e-007 303.060984 923.435741
8 4.513170e-007 93.289303 1003.999535
4 6.513310e-008 40.814839 811.575015
5 9.710890e-008 77.214371 832.756883
9 1.853200e-008 167.789795 860.180597
4 2.725190e-008 174.868448 898.092126
8 4.883250e-008 179.934269 918.410252
5 5.271560e-008 202.824050 937.620098
3 5.905370e-008 341.287982 974.720983
9 1.564030e-006 316.736260 895.020203
5 6.886460e-008 302.517423 641.820801
3 1.338390e-007 371.098040 813.970577
9 7.354080e-007 285.288016 802.356146
4 7.018010e-008 186.273731 776.373302
5 4.645930e-008 331.147812 756.012326
3 2.033610e-006 392.246735 913.131728
9 1.439710e-007 385.401261 902.788960
5 1.332120e-006 208.411613 792.841950
4 1.421870e-007 187.446820 800.889601
3 2.603300e-007 320.343590 933.748369
9 2.826180e-007 300.594562 941.744560
8 1.374220e-007 133.260178 944.643092
4 1.906700e-007 206.746855 853.894701
5 2.357130e-007 243.891846 808.024507
9 2.232870e-008 56.209649 840.870103
5 1.281220e-007 252.317727 679.607487
9 4.380410e-007 370.799802 860.599483
3 1.324610e-006 375.053649 869.321183
4 3.569460e-007 232.816489 970.088335
8 7.971400e-009 143.064398 933.445478
5 6.690730e-008 55.203325 835.865520
9 5.246290e-008 357.080933 716.325204
3 2.384980e-008 339.499478 698.897013
5 6.913760e-008 259.605495 675.987942
9 4.911740e-008 199.791930 707.730264
5 1.339460e-007 104.899875 697.756902
4 7.215490e-008 206.181106 783.526661
3 3.182830e-008 205.691942 783.724296
8 4.682260e-008 61.274809 789.323900
5 5.208460e-008 45.455980 689.447843
4 1.416810e-007 178.431880 787.934172
9 9.182270e-008 203.778416 776.649159
3 2.300980e-008 222.432727 739.040300
5 2.101650e-007 147.295346 705.587000
9 7.759070e-008 203.255843 769.545166
4 2.005100e-007 152.227557 815.491515
5 8.970130e-008 80.409376 766.823983
9 6.008930e-008 203.629090 744.207145
4 1.178800e-008 243.080634 681.071664
5 6.366910e-008 233.260386 663.215873
8 3.086090e-008 216.018642 940.513168
9 2.475650e-007 241.750796 939.614509
3 3.511290e-008 305.885788 937.374683
4 9.797960e-008 310.374339 937.217926
6 2.342910e-007 595.961994 540.346810
10 1.439380e-007 681.457135 564.862353
10 3.805050e-008 849.409095 494.272109
6 1.987940e-007 724.211850 419.576806
10 2.812510e-008 745.464149 406.296893
6 1.092560e-007 740.628244 421.134078
7 1.207810e-007 665.357632 272.262498
6 3.583470e-007 689.938093 374.768927
10 6.360190e-008 676.004439 468.952293
6 1.055440e-007 623.637868 537.232771
10 3.837980e-008 526.178424 653.380967
10 6.286340e-007 651.692845 620.461847
6 7.247080e-008 657.838019 601.736041
10 1.472350e-008 814.062162 516.980806
6 1.931020e-008 711.496895 627.949487
10 1.058150e-007 727.673510 639.048341
6 1.309770e-007 590.700829 539.435344
7 2.680040e-007 574.995339 313.929106
6 1.195770e-007 533.197154 356.888698
2 1.175910e-007 555.244696 170.524112
7 7.150820e-008 543.133980 135.352169
11 1.459610e-007 372.146549 60.111758
7 4.027280e-006 548.196437 263.618584
6 4.892630e-008 524.232924 300.977095
7 4.681300e-008 485.019845 443.389726
3 1.895560e-008 346.694511 722.681840
9 1.497390e-007 265.817853 741.353750
5 3.963180e-006 196.681795 764.517483
4 1.568090e-007 44.926870 852.133118
8 6.304220e-008 33.735826 808.126758
5 3.093290e-008 221.768077 641.835258
9 1.422820e-007 268.504578 804.823013
4 7.793480e-008 269.570849 808.541499
3 1.703080e-008 226.827027 810.121739
8 7.095680e-008 65.706047 883.348651
5 1.645600e-008 59.797524 931.469761
4 1.360380e-007 212.234958 975.320129
9 1.741480e-007 243.779183 953.603399
3 3.057230e-008 218.440485 893.908797
5 3.544790e-008 281.283567 925.647691
9 1.117120e-007 409.769477 771.673700
3 3.189210e-008 385.669944 707.845660
5 1.003410e-008 314.207475 564.165045
7 2.229030e-007 449.190798 314.996934
11 1.659790e-007 267.531467 195.463622
7 1.189410e-007 439.208318 308.342835
7 5.757370e-008 352.578469 277.234726
11 5.940440e-008 314.925684 282.540701
11 4.327540e-008 385.789531 288.074153
7 6.506530e-008 396.499233 273.333479
2 5.169410e-008 506.720708 185.246583
6 1.856850e-007 485.267072 395.768142
7 1.511340e-007 457.941356 261.619211
2 1.836700e-007 585.724519 183.555156
7 4.505500e-008 366.133758 181.930416
11 1.374400e-007 377.184843 149.835734
7 2.127940e-008 423.260969 391.156381
10 5.898720e-008 560.321022 587.171890
6 2.685090e-008 415.059676 509.391218
7 1.518610e-007 418.335405 277.459766
2 4.314790e-008 532.073832 169.397118
7 4.616450e-007 474.146057 291.599669
6 1.498060e-007 525.576686 423.304078
10 1.266630e-007 618.904612 561.669179
6 1.698340e-007 648.573044 531.029167
10 5.674420e-008 642.448519 706.424093
10 5.186130e-008 765.447061 615.439148
10 8.862260e-007 725.846478 603.748900
6 1.841240e-007 690.581512 534.537777
6 2.728980e-007 715.237076 424.906242
10 3.808970e-007 661.523707 555.707854
5 5.896540e-008 133.843231 612.001064
6 2.826780e-008 410.302429 445.728023
7 1.246240e-007 359.579504 291.781396
11 9.587210e-008 346.714227 144.725656
11 6.612520e-008 78.117638 174.990712
11 4.865560e-007 267.713055 191.902108
11 1.339640e-007 221.558928 253.036664
11 8.875660e-008 235.840869 206.218126
6 8.401640e-008 505.235012 276.666502
7 3.509680e-006 507.036822 274.360296
2 3.106640e-007 601.929979 156.927081
7 1.806870e-007 472.419513 139.841982
2 2.580190e-008 402.230208 127.465636
11 6.326000e-009 415.313755 187.195415
6 1.388700e-007 520.307301 421.980369
10 5.807030e-008 542.657462 552.839958
10 2.103810e-008 724.678173 851.529057
3 1.140990e-008 536.785493 768.950230
10 4.844170e-008 581.344130 611.151163
6 6.766520e-008 713.317420 543.767049
10 2.192850e-007 757.907359 648.819204
10 1.624710e-007 760.722350 568.762835
10 1.988820e-007 724.454262 680.933009
6 3.497180e-008 727.667050 548.113629
10 3.512230e-008 628.953978 751.519169
3 2.342980e-008 577.856895 736.874265
6 7.965620e-008 659.644338 616.354809
10 1.048790e-007 743.330266 675.122912
6 5.573610e-008 545.568665 682.942023
3 9.368840e-009 498.861524 703.148359
10 4.371560e-008 535.526847 574.118961
9 2.327690e-007 282.002371 774.136301
5 3.968110e-007 266.277360 783.215106
4 9.563940e-008 297.861528 835.165129
3 6.108380e-007 362.203071 885.434330
9 1.109190e-005 314.357983 854.489975
5 8.010620e-009 315.590581 853.072028
3 3.143030e-008 386.747291 702.761397
6 1.846850e-007 569.310359 503.861379
10 5.236200e-008 565.936731 505.731397
3 9.885550e-008 422.523485 764.242615
9 2.741520e-007 391.554910 827.184999
4 2.948530e-006 191.222362 894.793264
5 8.515990e-008 174.095174 887.873422
8 6.676940e-008 71.629659 846.474613
9 4.065450e-007 246.670784 923.839636
3 3.082730e-008 179.501471 779.793516
5 1.282420e-007 148.447445 797.857335
4 5.190580e-007 121.845235 875.115630
8 9.444540e-008 111.366416 905.548278
9 4.702890e-008 176.409786 792.209441
5 1.564960e-008 24.136806 886.699224
4 8.519660e-008 75.049209 823.827421
8 4.235670e-008 95.104015 799.061712
9 4.231430e-007 251.671244 835.331771
3 8.706170e-009 224.344947 868.584212
5 8.180690e-008 122.640207 850.650631
4 2.200220e-007 155.821138 857.484265
8 2.425500e-008 200.226699 866.115726
9 3.574600e-007 232.871408 782.020183
5 7.775200e-008 315.196927 820.071529
3 1.722440e-007 349.190673 848.103872
9 2.550130e-008 296.977832 750.991236
4 8.662040e-008 174.146986 762.702231
5 3.800620e-007 118.962220 755.926275
8 2.054920e-007 25.703332 885.605514
5 3.412150e-007 140.672504 772.301753
9 2.815160e-007 229.070011 824.441044
4 2.233470e-007 235.398585 884.653105
3 4.524700e-008 237.555702 947.163055
5 5.891790e-008 113.779775 823.038367
8 6.556980e-008 55.721581 848.887476
4 9.984340e-008 79.196090 772.982528
9 2.953270e-008 110.437217 871.462570
5 7.200450e-008 106.016000 821.675825
8 2.625480e-008 106.016000 769.916885
4 3.227540e-008 26.279442 845.562609
5 2.792440e-007 128.868606 749.754982
9 9.926300e-008 177.112384 875.434840
4 2.206250e-008 161.563214 768.473447
5 2.497780e-008 89.865048 873.133287
8 3.626680e-008 134.101521 825.695315
9 1.065250e-007 213.658513 740.429786
4 1.734480e-007 98.713304 868.089150
5 7.794870e-007 226.176930 753.027574
3 2.097270e-008 242.604233 909.318551
9 2.236710e-007 244.758963 929.818861
4 2.618300e-007 175.366646 833.804618
5 2.474410e-008 150.725641 933.468394
8 7.907740e-008 150.975695 935.847538
9 5.198470e-008 304.830322 956.746286
3 1.197340e-007 353.248394 951.596966
4 1.177020e-007 266.536524 920.036530
5 1.632600e-006 189.734882 725.665767
9 7.755240e-008 337.704130 763.414601
3 6.805470e-008 247.048601 804.646352
4 1.109960e-007 242.403112 805.216756
5 2.877040e-007 192.929007 811.291509
9 1.780390e-008 130.161556 941.876179
8 4.883280e-007 77.111472 940.128246
4 3.054860e-007 113.557755 889.964026
5 2.368670e-008 142.856306 849.637858
9 2.653580e-007 287.144084 943.837849
3 7.381920e-007 357.407860 917.097179
4 3.075630e-008 299.616411 812.839540
5 4.201100e-008 283.680996 784.091536
8 1.945660e-008 195.026611 911.614183
9 4.073880e-008 259.850010 943.230518
3 3.346480e-008 226.114120 963.149070
4 4.302990e-007 171.934216 979.714016
5 2.955170e-007 174.072282 824.460585
9 2.610410e-008 107.175646 774.050230
4 4.013890e-008 42.090904 880.515305
8 6.472710e-007 26.552166 934.705349
9 2.963300e-008 89.360771 888.962112
5 3.127810e-008 87.589283 888.282101
4 1.744350e-007 147.016488 819.604091
3 2.870390e-007 340.120590 870.252721
9 5.786190e-008 384.142420 785.777694
6 5.138250e-008 537.124509 622.546243
10 1.964780e-008 589.362439 695.736367
10 4.246950e-008 627.897709 726.257073
6 2.375830e-007 595.465735 513.291142
10 1.360370e-008 536.919581 426.492663
7 1.610410e-007 487.647591 354.676440
6 7.679960e-008 392.232600 503.327385
7 1.185670e-007 569.776212 397.058820
2 1.519290e-008 543.941055 206.306229
7 4.627540e-009 604.290100 136.543785
2 3.140950e-008 446.298428 67.218283
7 7.254310e-008 427.881799 87.969879
11 8.201810e-008 408.636695 164.997277
6 1.242320e-007 503.292824 492.760403
10 3.885130e-008 572.658207 763.754906
10 1.077190e-007 644.677210 644.625245
6 6.598910e-008 798.581832 492.152904
10 6.130000e-008 683.747880 747.693787
6 1.180470e-007 734.308898 515.695089
10 1.122520e-007 728.634277 522.958299
6 9.673700e-008 759.410253 492.186040
10 4.391420e-008 768.102105 488.849564
10 1.212610e-006 695.996725 640.412246
10 5.649420e-008 679.961301 693.846046
10 1.080860e-007 658.096200 680.902382
3 7.933480e-008 529.185682 893.159534
3 5.985860e-008 511.636372 882.668499
3 2.293790e-008 460.264485 734.782084
6 1.627670e-007 471.728045 406.501090
7 7.818810e-008 487.902874 356.408963
10 6.057490e-008 611.990934 529.582737
10 1.027300e-007 601.097367 647.561559
10 7.219480e-008 792.069159 579.515319
6 6.368020e-008 754.746845 477.043747
10 1.047900e-007 732.145996 666.436155
10 1.681070e-008 681.355425 802.340055
10 1.228490e-007 629.689871 618.841475
6 4.648260e-008 676.558517 568.391031
10 7.717710e-008 851.840340 551.300364
10 2.657790e-007 698.901509 679.046752
6 3.487340e-007 702.178229 429.373902
10 1.203430e-008 698.870136 415.044934
5 1.998430e-008 108.989855 505.547350
5 1.051910e-008 61.530746 572.619000
7 1.862060e-007 423.399696 350.471078
6 8.755100e-008 518.883065 358.676586
2 1.995690e-005 605.788864 61.184389
7 4.277280e-007 537.041867 190.839742
6 2.254960e-007 530.135365 371.607335
11 1.314150e-007 387.916132 175.895078
7 7.465850e-008 393.191078 158.641518
2 4.594480e-006 598.694800 81.382388
7 1.879800e-007 591.966000 166.155327
2 5.936890e-008 744.031415 97.479270
7 9.089330e-007 506.197525 198.770239
2 1.409540e-007 510.640388 70.783103
7 2.580930e-007 580.144054 343.158250
6 3.821280e-007 585.035520 366.170924
10 9.886070e-008 603.481596 534.167042
6 1.575380e-007 574.623912 535.069251
5 5.132670e-008 163.683193 566.208420
5 5.867130e-008 170.616748 562.340166
6 1.454030e-007 524.091502 505.598143
10 7.059640e-009 506.071335 458.653890
7 6.358090e-007 536.583877 290.561885
2 3.491810e-008 602.485114 265.911285
6 7.449430e-007 570.779607 432.249661
10 1.122210e-007 663.587616 525.058315
10 2.346650e-008 704.430382 772.996881
10 1.895090e-008 754.629178 592.570136
6 4.415110e-007 653.963072 514.281975
10 4.010340e-008 539.930971 522.255932
7 3.489700e-008 531.086938 446.309912
6 4.746330e-007 530.474553 457.857380
3 4.443190e-008 437.904984 772.038011
9 6.331840e-008 445.027879 822.642829
5 2.059680e-008 245.659708 589.098677
6 2.434530e-007 543.254484 512.196748
10 4.689860e-008 559.780487 454.563390
7 5.812800e-007 538.705740 294.109880
2 5.714940e-008 460.372762 150.541831
11 1.107830e-007 376.820972 47.364286
7 5.783040e-007 522.503065 209.995589
11 9.628500e-008 157.363802 178.140864
11 7.586850e-007 248.435613 142.804181
11 2.493540e-007 221.852758 180.026230
11 2.184670e-008 130.962803 176.132084
11 4.848780e-008 132.687058 227.025411
11 4.157290e-008 223.020322 257.953592
5 2.048670e-008 257.988319 584.294966
10 1.292540e-008 550.588044 627.288943
6 2.209470e-008 433.195262 545.460203
10 6.807420e-007 637.908090 576.995552
6 1.478720e-007 602.530813 547.294465
7 2.053320e-007 607.405658 298.770889
2 6.489820e-007 566.639864 141.278852
7 2.846020e-007 569.187302 236.414975
6 9.569290e-008 483.095686 386.940013
10 2.740950e-008 477.276440 537.556828
10 1.792320e-008 723.390573 796.227731
6 1.191420e-008 761.056280 520.177752
10 4.020270e-008 762.071817 549.257800
3 6.839700e-008 561.985786 929.010889
10 2.983280e-008 751.020226 670.409470
6 1.207310e-007 758.543325 460.349861
10 1.875070e-008 797.557554 466.098906
10 1.335130e-007 719.098378 517.016414
6 5.228390e-008 707.328863 527.991615
10 9.917680e-008 625.972864 658.093130
3 2.240100e-008 615.016108 828.013435
3 1.824510e-007 496.186821 846.862507
10 2.533600e-008 496.882811 614.122606
10 2.157350e-007 755.693191 592.995945
3 7.852640e-008 512.921056 804.271962
10 2.432700e-008 540.582646 555.456187
6 5.029540e-007 594.603890 486.311737
7 1.708320e-006 565.058150 245.409899
2 2.264950e-008 505.121857 279.810844
6 5.032070e-007 531.283093 412.857588
10 3.412680e-008 497.357968 436.924246
6 1.375920e-007 596.581802 554.078429
10 6.613320e-008 596.863773 584.227155
7 7.554280e-008 391.928360 210.943216
11 4.921980e-008 424.964261 140.097786
2 4.324360e-008 466.732544 50.525778
6 1.999430e-007 577.331309 354.730499
7 1.058830e-007 576.342607 383.043321
10 3.402150e-008 531.598606 603.920151
6 3.725650e-007 551.366028 459.143998
10 3.718810e-008 552.529954 455.084885
7 2.443330e-007 588.332872 330.224593
2 4.196420e-007 594.620100 153.489867
7 1.168740e-007 443.689158 375.423124
6 6.438260e-008 481.287601 327.969495
11 2.133240e-007 258.373875 260.152331
7 4.391860e-008 416.013227 309.127038
2 2.020210e-007 546.493985 153.114738
2 1.764450e-007 704.408212 28.724839
2 1.460400e-007 566.833741 156.941498
7 1.308710e-007 521.028824 155.379525
11 1.880180e-007 363.459738 68.568590
2 1.958660e-007 512.646726 71.066303
7 7.208610e-008 640.748841 131.139258
7 1.197300e-007 495.875281 355.489851
6 7.670050e-008 563.404049 361.569853
10 8.646720e-008 636.060046 524.302012
6 7.501010e-008 692.691906 236.853521
2 5.712480e-008 743.270506 209.692490
6 1.034230e-007 706.943569 486.088562
10 1.922880e-007 688.441048 508.937281
10 2.581770e-008 723.597586 761.002386
3 5.136810e-008 577.833206 942.310829
10 7.280420e-008 602.312265 666.645653
6 9.639110e-008 695.119644 540.383265
10 1.251230e-007 750.375698 541.263907
10 1.386030e-007 760.632901 596.511304
6 1.768210e-007 676.131245 513.315631
7 3.200220e-008 668.318018 469.004011
10 1.258830e-007 702.804253 480.886786
6 1.977480e-007 732.787126 344.253784
7 1.128200e-007 651.677006 360.478808
6 1.048910e-007 640.044308 526.839099
10 4.447850e-008 647.606972 469.162164
10 1.093920e-007 716.623831 708.237831
6 8.243040e-008 667.283225 552.025080
10 3.193490e-008 800.143406 700.035390
3 4.032240e-008 572.432784 933.462910
3 4.190440e-008 587.121564 861.126480
10 8.256920e-009 613.496818 715.837789
6 3.054430e-008 421.226789 525.832437
6 5.734850e-008 565.700511 280.379024
7 1.500590e-006 564.893820 277.565760
2 3.202610e-008 523.271055 132.410136
2 6.386600e-008 496.737573 196.822767
7 3.875340e-007 503.013621 210.281796
6 2.356810e-007 484.332743 370.947678
6 9.089420e-008 448.697160 453.510880
7 2.849800e-008 512.919140 456.258019
10 1.269570e-007 619.436247 526.533544
6 9.554470e-008 488.752106 451.215359
10 7.673450e-008 730.857907 485.061566
6 5.674850e-007 667.937320 471.676762
10 7.899130e-008 796.142663 586.079648
3 1.184470e-007 548.738683 851.467463
10 4.047110e-007 728.755300 643.044066
10 3.739140e-008 750.842555 729.483663
6 4.770240e-008 762.036816 603.672951
10 1.030150e-007 729.929313 696.919713
10 3.303800e-008 703.786047 677.690581
6 6.890500e-008 775.408470 479.374424
10 2.331260e-008 784.906538 456.998378
10 2.344240e-008 827.002693 713.557948
6 2.429060e-008 536.334731 667.418999
7 7.661990e-007 537.582841 298.736162
11 6.678890e-008 428.962408 129.379487
2 2.857600e-007 530.316177 44.334052
7 2.057930e-006 514.958070 233.120155
2 1.219620e-007 536.898130 176.077782
7 1.600580e-007 519.087560 365.765314
6 1.178250e-007 499.981018 383.760771
11 3.316480e-008 432.521561 165.616468
2 1.126450e-007 511.102815 107.703463
7 8.764840e-008 596.181076 130.500120
2 1.305780e-007 669.920093 171.013016
7 9.478410e-008 591.299305 137.640637
11 6.846310e-008 375.505647 243.078510
2 8.320650e-008 438.249281 104.881397
7 8.350890e-008 425.731844 120.339111
11 1.780030e-007 369.144022 119.180411
7 3.569440e-008 373.117957 120.773146
2 5.751120e-009 474.982238 115.493342
7 1.207900e-007 595.814237 127.289466
11 6.700830e-008 438.206563 135.447485
2 1.777200e-007 482.859728 45.769620
7 1.663970e-007 384.823904 196.731532
11 1.270190e-007 380.593142 25.852779
2 4.795260e-008 499.637667 133.040657
7 8.603510e-008 673.429400 119.388380
2 2.040060e-007 675.361593 116.956245
7 1.577160e-007 528.797383 170.301835
6 1.084890e-007 504.765013 434.217013
10 2.753110e-008 517.218502 470.715507
7 2.581100e-007 506.406026 353.453421
6 7.517600e-008 546.240591 362.051763
10 2.609920e-007 625.314623 537.665861
10 4.478390e-008 468.160150 590.233870
6 1.949220e-007 598.799677 538.825785
10 2.031640e-007 756.945328 600.628000
6 1.473160e-007 770.083647 570.712178
10 1.366890e-007 596.254256 545.143289
6 1.024730e-007 527.502497 572.784691
7 4.089600e-008 603.975247 467.949868
10 4.269200e-008 611.890798 558.428075
6 3.272660e-007 688.238444 521.080808
10 2.327190e-008 650.873160 763.691348
6 2.046650e-007 706.140403 433.455777
7 1.542090e-007 649.972748 264.705431
2 3.508340e-008 647.028576 334.817091
10 1.118190e-007 614.768922 544.345500
6 7.586530e-008 594.811908 599.176910
3 4.521510e-008 485.924095 772.836163
10 3.713790e-007 669.870007 643.187076
10 1.903930e-007 638.318713 640.110403
6 1.471620e-007 639.980658 511.881946
10 6.251370e-008 634.941126 508.509569
10 1.976640e-008 591.943971 717.137014
6 1.174590e-007 694.282617 562.514319
10 1.571020e-007 652.830802 579.040596
6 9.172960e-008 743.323169 358.939392
10 8.493090e-008 796.632211 566.820393
6 3.711980e-007 692.170380 430.476008
6 2.681030e-008 705.739764 304.052764
7 6.482050e-008 682.669176 273.641471
6 7.796080e-008 799.236017 361.020057
6 6.543950e-008 683.102910 382.105721
10 6.618850e-008 645.790377 500.055076
10 5.101250e-008 717.412696 745.318578
10 6.536080e-007 710.941442 625.384000
6 4.523120e-008 677.179438 550.710222
10 1.014020e-007 716.259528 760.202747
10 9.379490e-008 612.792800 633.263064
6 3.142430e-008 758.404711 482.633054
10 3.957660e-008 536.904517 723.381068
6 2.846670e-007 638.121117 506.301604
6 1.148720e-007 667.273541 322.431861
10 9.169730e-008 653.456713 510.187658
6 7.203480e-008 615.435419 599.946004
10 3.822480e-008 583.717368 651.485145
3 5.470920e-008 503.247002 754.298082
10 5.686240e-008 532.016046 608.330681
6 7.973750e-008 455.652605 594.865774
7 1.666660e-007 430.579459 365.831181
6 9.289970e-007 576.594472 436.253003
7 1.523640e-007 461.021764 305.716048
11 1.107020e-008 458.412535 225.664428
7 5.403770e-007 476.079516 239.467538
6 4.471240e-008 519.594495 298.767257
11 1.312020e-007 174.123859 49.243605
11 7.485330e-008 187.485670 205.517158
11 4.823480e-008 130.342053 76.347959
11 6.205120e-008 185.694937 233.575804
11 1.958730e-008 123.964711 121.389166
7 1.212010e-007 423.245865 315.996794
11 1.129520e-007 346.975547 187.636517
11 2.666720e-008 80.834690 45.025496
11 2.299040e-007 285.567266 179.557497
11 1.203310e-008 107.028163 49.522892
11 3.830740e-007 167.920847 168.713056
11 3.072290e-007 212.060524 63.615777
11 1.318390e-007 171.139227 213.491448
11 7.071110e-008 237.863086 4.790020
11 1.734750e-007 263.411077 189.914757
6 2.591740e-007 596.610931 502.746309
10 1.334490e-007 664.582001 505.121399
6 5.083360e-008 780.719633 520.592669
10 5.110680e-008 866.051545 519.606087
10 2.704460e-008 761.583167 513.821481
6 1.074080e-007 749.073839 527.376983
10 3.964990e-008 598.749611 494.437682
6 2.162300e-007 532.484254 489.576846
7 3.678840e-007 537.792307 337.567121
2 6.246540e-008 509.243273 99.166107
7 2.676250e-008 502.035478 103.682390
2 4.001870e-008 499.336674 258.283880
7 2.672840e-007 431.778194 217.225830
2 1.143450e-007 504.788119 84.196884
11 1.952090e-007 348.184716 99.319108
2 1.880900e-007 581.246774 185.001036
7 5.565690e-008 583.838791 194.674570
6 9.636610e-008 540.399087 286.539335
7 5.550600e-007 511.666208 341.693046
7 4.889760e-007 456.438918 210.877484
2 5.522370e-007 568.552199 133.424379
7 1.670310e-006 569.163698 229.975971
6 1.846340e-007 589.845812 360.556338
10 3.218900e-008 636.270543 519.404179
10 1.426200e-007 756.952236 540.013038
6 3.026330e-008 679.523247 534.747122
7 2.293120e-007 493.695729 322.996010
2 6.767850e-007 542.181899 83.328918
11 3.903320e-008 412.672851 29.203107
7 3.513020e-008 464.471649 187.257020
2 1.042310e-007 457.701525 195.922385
9 1.219020e-007 379.652914 821.425239
3 9.295800e-008 376.714843 830.467647
4 7.032580e-008 284.400399 938.847339
5 3.232070e-008 278.632366 897.890778
9 4.459140e-007 246.728355 910.137550
3 3.532360e-008 237.760545 913.579961
4 2.941960e-007 241.754748 886.067978
9 1.857200e-007 341.075878 929.571661
3 3.711380e-007 334.122328 923.087479
5 5.192860e-008 285.971633 832.620681
4 1.351030e-007 291.117178 821.063610
9 1.166470e-007 282.540993 762.115901
3 6.686450e-008 287.483087 753.200089
5 3.835350e-008 348.914133 640.791229
10 3.726300e-008 664.224535 686.085923
6 2.648400e-008 513.645936 596.039881
10 6.667230e-008 549.914966 597.056759
6 7.078400e-008 669.090946 619.753093
3 1.971750e-008 634.895320 915.755654
10 1.395670e-007 779.836314 632.628638
10 1.676870e-007 690.327473 666.082800
6 1.677280e-007 652.426236 518.487694
10 1.848090e-008 653.606230 531.882433
6 8.795260e-007 570.240452 393.138463
7 1.619880e-007 573.722387 322.099734
2 6.856640e-008 506.987233 200.512904
11 8.461700e-008 443.659543 200.292963
7 4.453770e-008 622.187415 117.940687
2 8.694590e-008 709.226374 75.338487
7 5.068750e-008 580.239816 95.757674
2 1.334410e-006 578.814443 105.899766
2 3.984250e-008 446.714655 223.194237
7 2.221930e-007 442.725608 225.987405
11 6.838150e-008 389.633227 263.163189
7 1.592590e-007 475.845702 389.237139
6 1.102000e-007 496.899802 374.048415
2 2.403420e-008 545.778697 282.454091
7 2.516480e-007 532.136494 308.739483
6 4.541730e-008 580.793844 252.926587
2 1.185220e-007 616.556050 176.235248
7 8.245310e-008 414.810187 320.844760
3 6.329720e-008 310.639104 794.180383
9 4.128790e-007 305.642515 797.182642
5 8.768750e-008 237.912438 837.879048
4 1.876310e-006 174.364023 876.062854
8 6.756820e-008 182.727039 874.915915
3 3.556930e-008 169.157052 922.113953
9 6.726160e-008 167.516840 924.162093
4 6.294740e-008 312.176581 890.764421
5 3.195610e-008 239.929083 842.920113
9 1.463200e-007 336.081405 745.456162
3 9.557160e-008 353.999000 781.385440
4 7.778130e-008 319.890046 878.283380
5 9.714070e-008 280.216377 796.940418
9 1.643460e-008 118.286452 854.160860
8 1.661290e-008 83.911100 771.747701
5 2.249390e-007 220.136122 703.805828
9 4.237220e-007 396.335190 830.462096
3 2.832220e-007 402.953137 837.558978
5 8.601020e-008 243.964787 727.250134
4 4.695780e-007 226.242587 847.813090
9 2.590000e-007 229.735600 864.246753
3 2.001660e-008 245.800902 939.829569
8 1.062620e-007 79.272623 920.259342
5 6.082690e-008 154.509961 872.398260
4 8.308370e-008 297.290849 843.838105
9 6.142330e-006 313.572548 843.269595
3 8.948490e-007 388.456595 840.654858
5 8.340470e-008 266.756349 751.200928
9 5.981960e-008 203.698452 737.842168
4 1.904800e-007 81.104969 820.739055
8 1.238870e-007 122.782820 880.495602
5 4.216710e-008 194.864699 925.537097
9 1.374250e-007 269.282024 954.093572
3 1.586830e-007 322.539624 929.259188
5 1.892840e-008 324.786322 797.229495
9 2.881670e-006 310.221541 879.831904
4 7.320650e-008 281.085704 900.648010
3 9.329050e-008 270.452620 901.765569
8 8.845820e-008 98.076193 898.371845
5 7.328920e-008 87.347929 774.342824
4 2.607970e-006 181.205801 884.466632
9 4.383300e-008 181.314229 878.255873
5 4.583990e-008 108.259579 890.425187
8 4.678720e-008 155.543769 911.477359
4 1.786490e-007 264.929955 960.178981
9 1.516620e-007 271.077514 962.916037
3 7.787530e-008 270.089858 941.318351
5 4.141100e-008 25.258925 832.845070
8 7.070020e-008 52.592755 863.894090
4 1.583950e-006 154.334552 952.337036
9 7.428900e-008 227.702924 943.819415
3 2.483660e-007 314.616136 880.673111
5 1.571420e-008 185.613314 929.697184
8 2.852620e-008 207.729983 890.125040
4 1.196310e-007 248.309310 846.608843
9 1.586300e-006 310.576808 826.880355
3 4.763050e-007 350.560069 908.857847
5 1.725350e-007 212.719005 835.382226
4 8.001800e-008 173.482130 767.421726
9 5.914210e-008 129.603922 691.422170
3 8.713240e-008 341.113223 766.088358
5 3.327020e-008 385.669793 714.766218
9 4.707540e-007 261.590517 830.472787
4 9.747250e-008 222.319450 798.384492
5 3.782360e-008 340.280811 648.743835
6 3.494220e-007 543.179278 486.227625
10 3.845050e-008 542.301333 482.097218
7 3.426000e-007 503.913626 307.609050
2 5.118810e-008 514.401765 190.981126
6 2.051040e-007 575.651441 329.181703
7 6.400960e-008 460.454765 454.598831
6 9.391040e-008 506.321747 442.494083
7 3.889430e-008 507.541315 450.194064
3 4.030180e-008 456.004017 824.612851
9 9.594570e-008 456.016202 825.310946
7 2.415070e-008 356.447552 513.388661
7 1.363610e-007 427.939825 243.492582
2 1.956900e-008 568.326161 265.439871
6 5.958510e-008 544.289052 254.043997
7 4.239650e-008 414.459982 75.239479
11 5.386740e-008 406.877995 15.798701
2 1.042860e-007 488.087326 51.955486
7 9.452280e-008 427.265982 230.279866
11 1.224770e-007 360.736529 185.405162
6 2.341120e-007 551.240984 436.298080
10 1.087970e-007 638.308877 550.338032
6 3.276590e-008 524.982926 651.218756
3 9.072710e-008 514.020474 858.934899
10 1.741950e-007 677.687607 645.031547
3 7.461000e-008 509.076895 801.338479
9 1.587000e-008 526.395183 863.311432
10 4.232130e-007 636.746584 643.400178
10 1.782240e-008 750.109843 720.819991
6 1.144530e-007 747.059090 541.155619
10 6.245560e-008 705.332007 730.592334
10 7.451980e-008 560.210846 672.253961
6 1.710160e-007 527.604757 504.511984
10 3.332150e-008 548.323108 485.278237
6 5.594520e-007 552.959864 396.802615
7 9.417300e-008 534.106004 366.787705
6 1.475950e-008 473.689916 375.227948
7 2.946030e-007 472.221538 291.083388
2 2.924090e-007 509.153412 74.820454
11 8.806040e-008 395.226135 130.078186
2 4.077590e-008 387.437651 131.342826
7 5.514520e-008 383.417507 134.263624
11 5.115420e-008 348.276526 283.541285
7 1.217210e-007 364.415595 264.329976
2 1.462390e-007 538.545023 169.636486
11 4.965100e-008 372.510929 73.785017
2 8.724750e-007 548.241302 80.427620
7 8.670570e-007 532.643768 213.910265
2 6.221840e-008 535.832241 225.088925
7 6.408860e-008 380.727402 171.253864
11 3.608210e-008 433.350337 144.441241
6 1.235040e-007 551.321137 366.824950
7 4.265600e-008 542.728045 465.047857
10 6.682150e-008 591.928885 597.105853
10 2.269780e-007 682.105864 650.937655
3 1.644240e-008 632.515551 876.595692
10 1.973730e-008 762.151204 794.971898
10 9.188700e-008 607.527240 636.637106
10 2.619360e-007 753.269376 638.025299
10 2.728340e-007 713.104274 623.014564
6 1.559290e-007 607.611691 530.112236
10 6.744770e-008 582.929772 515.281868
10 3.172240e-008 771.105017 674.962981
3 3.447470e-008 541.659103 936.469983
10 2.112510e-007 734.990805 540.266855
10 2.422120e-008 857.974587 536.282695
6 1.588690e-007 661.260517 437.761722
10 4.483840e-008 725.255644 475.800850
6 6.422460e-007 683.925877 486.102394
10 1.052120e-007 617.644084 600.540969
7 3.250970e-007 510.505077 330.852608
6 9.807320e-008 527.282705 307.760279
2 1.072120e-007 581.453667 182.141135
7 9.458130e-008 538.678719 108.561512
2 1.485850e-007 539.343196 42.178251
2 7.741410e-008 464.751180 66.606760
7 9.706230e-008 483.707207 124.420340
2 4.418190e-007 618.674718 142.969581
7 1.848890e-007 628.718985 157.014403
2 1.111070e-007 746.929060 30.249411
2 3.072320e-008 829.076580 78.519746
2 1.416140e-007 704.114907 28.152366
7 1.616450e-007 530.614592 178.976162
2 1.410190e-007 520.243467 180.992078
11 1.168420e-008 281.901251 321.977833
3 8.160420e-008 491.024411 829.102236
10 8.513520e-008 642.303217 709.731077
10 2.581180e-008 513.810867 605.019697
3 2.881740e-008 486.751966 751.208362
6 6.020480e-008 460.596499 427.131257
7 7.664450e-009 466.561649 488.249972
6 7.884360e-007 540.492221 403.227673
7 4.601860e-008 544.420359 421.708129
10 3.427000e-008 539.025366 636.152269
3 7.502800e-009 491.618726 677.083055
6 7.874590e-008 479.503910 541.083195
7 6.844070e-008 470.545781 344.345426
11 4.286060e-008 411.283323 135.065093
6 3.985610e-007 551.354040 438.855914
7 2.464800e-008 566.094770 450.372661
10 1.208980e-007 596.945356 510.202658
10 1.730980e-008 761.338295 797.630970
10 1.211210e-007 600.545682 610.766677
7 3.041410e-008 379.330866 455.011904
6 6.873670e-008 526.839699 501.625560
10 3.310860e-008 514.359752 494.707841
11 3.371270e-008 339.162454 283.549983
7 3.510520e-008 420.275733 334.235143
2 8.987790e-008 544.167392 148.802337
7 8.054170e-008 530.047298 122.271773
2 5.807300e-008 448.304362 95.712066
11 1.491010e-008 457.584094 101.562935
