11 4.006800e-005 781.958000 531.419000
10 1.681170e-008 812.905534 591.116199
11 4.558220e-008 744.936882 565.025496
3 2.861350e-008 647.537146 601.698279
8 5.002630e-008 451.327606 426.562849
6 3.531600e-008 539.898782 224.815788
6 3.177550e-008 565.073306 257.516066
3 2.820280e-008 630.216962 482.295301
10 1.062680e-007 816.890278 625.926900
11 5.057510e-008 819.855009 618.942387
10 8.753830e-008 916.145175 646.165015
11 3.385330e-007 913.576054 638.703711
11 5.590400e-008 887.689551 514.962152
11 3.140920e-008 791.470915 635.707616
10 6.213240e-008 759.167942 666.737399
3 4.634440e-008 477.293784 612.913700
8 7.373280e-008 487.494285 483.994955
3 9.785310e-008 531.071997 581.905284
10 1.491730e-008 751.388603 550.696609
11 6.279660e-008 744.595518 547.672117
3 1.501970e-006 489.927899 523.199122
8 1.696320e-007 422.103021 518.385451
3 3.355750e-008 581.358225 422.579682
8 1.264910e-008 468.456035 501.176947
3 5.041010e-007 446.981479 466.897820
3 8.737980e-008 478.784750 402.567577
6 3.529210e-007 434.093214 195.100363
3 9.411810e-008 516.437022 372.658817
6 5.049170e-008 293.938153 305.072838
4 1.533110e-007 220.020299 308.946801
6 7.499370e-008 183.747926 179.522121
7 1.724650e-007 130.494424 183.245849
5 1.998490e-007 60.286106 188.155134
4 1.594400e-007 32.563350 190.093635
2 2.199940e-008 50.327125 155.174177
7 6.717050e-008 115.653825 194.284201
5 1.065710e-007 191.173175 196.921232
4 4.223350e-008 220.993011 197.962499
2 6.568820e-008 73.345024 232.932694
5 2.656200e-007 88.725396 145.706189
7 5.454220e-007 90.498983 135.647671
4 1.456660e-008 91.140516 132.009350
5 3.920680e-008 128.868728 145.248517
7 5.262490e-007 135.178983 152.768811
4 7.303510e-008 150.280475 195.982846
7 1.280820e-007 126.816233 174.422413
5 3.185200e-007 77.308040 203.005971
4 1.926540e-008 38.740832 219.113734
2 1.769130e-008 202.047205 215.145349
5 4.945300e-009 225.909244 179.768228
7 4.526260e-008 248.373970 146.462718
6 8.222930e-008 228.540954 122.268419
4 5.039530e-008 70.148795 175.834970
5 1.552410e-007 125.383441 235.285805
2 1.308270e-008 124.211885 232.386111
7 4.031570e-007 108.206440 157.966208
5 6.627330e-008 151.352274 95.134472
7 7.863830e-008 238.650757 104.310028
4 1.266450e-008 136.068326 141.201885
6 1.241870e-008 216.321751 168.713427
7 7.808380e-008 144.545192 254.253228
2 7.012890e-008 135.815014 288.577967
5 4.342410e-008 137.879104 288.758553
8 1.947760e-008 343.213747 427.942339
3 4.474610e-008 347.434683 488.303827
8 1.500460e-008 160.159621 406.421183
4 1.145300e-007 149.374085 404.712904
2 4.079380e-007 56.722039 390.038108
4 1.094470e-007 121.162325 440.212935
2 1.887390e-008 193.917866 466.693819
8 3.819860e-007 259.645386 505.355073
3 2.401500e-008 386.670539 620.337683
9 5.507770e-007 274.446233 853.405135
9 6.886460e-008 259.635283 758.151698
9 2.132170e-007 274.518698 806.238287
8 2.941330e-008 228.928150 651.662381
9 1.959530e-007 399.374797 853.705567
9 3.848130e-008 99.801928 896.048592
9 4.603370e-007 260.536887 915.737940
9 8.128710e-008 180.821337 879.915016
9 7.706350e-008 166.181561 938.157675
9 8.341160e-007 265.467974 868.824880
9 1.796660e-007 226.882124 872.614912
9 8.975880e-008 188.905737 884.864731
9 5.379220e-008 255.636721 688.810026
8 5.668640e-008 170.915181 625.848126
9 1.339690e-007 228.436410 876.969030
9 2.947150e-007 373.062093 857.073814
3 4.046930e-008 327.999158 533.922610
8 8.594480e-007 326.945469 531.555972
8 8.705990e-008 176.887129 426.522225
4 7.248590e-008 136.483939 405.935818
2 5.446270e-008 152.994315 494.996388
8 1.445280e-007 199.413673 530.767196
3 3.181940e-008 390.982241 571.550278
3 7.903200e-008 575.149971 448.769504
11 4.318520e-008 793.294323 656.789093
10 1.540050e-007 851.242690 667.007221
11 7.467760e-008 801.756623 647.035438
10 7.418280e-008 750.115732 704.388694
11 1.177560e-005 887.382158 721.388897
10 6.972680e-007 827.982863 773.023608
3 7.248120e-008 514.594100 553.225083
8 3.264740e-008 529.438285 614.395785
3 2.453870e-008 537.127672 653.954431
8 3.133920e-008 472.332905 573.039364
3 2.338110e-007 475.141442 595.913826
11 1.510650e-007 864.300784 766.660516
10 1.434870e-006 872.198918 766.108240
3 3.264960e-007 466.806361 570.483566
8 2.525070e-007 394.963378 557.815503
4 3.482490e-008 109.738455 428.604832
2 4.354150e-008 169.364082 480.436454
8 1.843070e-007 327.404117 580.175151
3 1.099000e-007 414.001687 601.766600
8 2.721770e-008 396.753857 658.296617
3 4.201700e-007 421.072009 504.759380
9 1.038230e-007 365.170442 796.073286
9 4.982430e-008 316.384109 724.543100
8 2.937330e-008 235.821699 670.506944
9 8.600310e-008 182.060286 797.052237
8 6.940100e-008 373.444675 596.108939
3 1.754030e-007 411.563990 539.594578
11 1.520860e-007 805.845022 747.202778
10 1.562840e-007 808.049850 754.891925
11 2.121110e-007 853.841621 640.661538
10 3.048660e-007 891.302723 717.517483
10 1.613720e-007 818.834388 844.053413
11 1.219520e-007 829.809610 832.686521
10 4.991090e-007 850.837202 696.575924
11 2.201930e-007 821.012863 638.785994
9 5.283410e-008 451.770854 931.068138
3 1.779510e-008 584.367424 656.301219
10 3.565990e-008 763.146311 686.252260
11 8.525540e-008 757.047530 691.017158
10 2.734520e-008 864.915280 857.881074
11 3.969040e-008 797.063808 825.972590
3 1.666020e-008 633.231997 631.478231
10 6.156820e-008 781.916864 757.107799
11 4.845260e-008 803.922431 754.405848
10 6.484780e-008 753.374315 722.274067
11 9.918290e-008 754.280504 714.893538
3 1.516140e-007 534.565595 541.407179
6 6.022520e-008 552.873001 177.389616
6 2.145160e-008 490.483372 131.566216
8 6.427170e-008 298.603213 352.879153
3 3.646150e-008 295.872198 352.831488
4 8.223870e-008 214.931079 351.418791
2 4.312510e-008 127.071384 316.447684
5 9.345210e-008 184.611290 252.542709
6 8.727030e-008 286.140647 236.700722
7 9.877770e-009 288.747964 239.048358
6 7.271580e-008 502.655222 112.855409
6 2.270280e-008 492.002814 264.768329
8 3.050160e-007 390.054954 485.178814
3 1.346190e-007 391.267589 487.779335
6 1.295520e-007 403.454631 256.261746
6 9.599230e-008 434.250201 249.555372
3 3.170850e-008 432.233355 320.473511
6 2.568030e-007 457.354685 93.413203
3 2.092320e-008 487.805590 394.746760
8 4.564710e-008 430.275704 371.503193
4 5.385470e-006 139.951357 309.752323
2 5.467170e-008 134.219749 227.787884
5 6.735030e-008 134.075215 225.720987
7 1.984190e-007 127.642694 133.733200
6 5.531400e-008 252.852863 223.339499
7 6.329980e-008 236.360089 238.368561
4 4.989710e-008 194.483758 244.729934
5 3.865150e-007 72.205410 157.668217
2 4.862900e-008 127.352497 229.010302
7 1.085490e-007 121.190972 219.522423
4 2.040430e-008 96.244793 159.404942
6 5.619780e-008 247.592800 134.298230
5 3.072070e-007 38.537312 157.960224
7 1.287830e-007 35.104416 155.079683
4 1.637200e-008 24.636997 146.296479
2 1.982880e-007 18.353500 273.236996
6 1.122430e-007 274.589352 129.456487
7 4.415840e-008 290.884932 112.581889
4 5.581950e-009 231.496447 213.296688
6 9.330040e-008 244.366733 204.686007
7 3.640570e-008 248.832497 212.742473
2 2.198160e-007 108.042010 327.357687
5 1.085240e-007 111.518045 321.086786
4 9.258460e-006 115.479158 313.940786
7 3.808490e-008 216.829401 272.321950
8 2.769380e-008 240.464623 269.564139
6 6.739370e-008 260.749789 203.312699
6 1.089370e-008 517.666115 301.826534
6 4.915640e-008 557.337037 113.491538
6 2.016720e-007 341.204025 201.304635
8 2.632910e-008 228.308586 290.284478
4 3.755130e-007 176.030727 258.872686
5 3.103450e-008 207.517654 281.259787
6 4.374320e-007 401.861226 171.386407
3 3.363040e-008 375.615509 347.294935
8 4.303860e-008 467.942516 366.168727
10 1.332320e-008 738.080523 695.059274
10 5.956710e-008 763.997615 694.106225
11 4.576040e-008 759.865061 700.469782
3 1.772840e-007 505.296336 484.507592
8 7.585340e-008 441.826595 480.929936
3 1.103930e-007 525.956920 560.232747
8 1.013030e-007 413.047138 529.704262
3 1.100600e-008 624.795793 563.806614
8 1.083180e-007 295.510462 582.459678
4 5.963170e-008 98.586683 461.216632
2 6.564130e-008 92.974930 473.692548
8 1.783250e-007 254.294572 544.020885
3 3.294240e-008 274.386882 482.265648
4 2.432010e-008 196.810808 486.331241
2 1.808900e-008 204.110089 534.528600
8 6.400180e-008 219.682855 593.491495
4 6.653850e-008 172.979373 415.918957
2 5.296770e-008 89.642285 534.068162
8 8.469820e-008 205.556527 474.913707
4 5.074740e-008 78.266235 509.020975
2 8.077720e-008 145.560056 486.605821
8 3.292870e-008 173.420051 441.139230
4 3.175030e-008 140.509221 438.837775
2 2.963760e-007 53.938383 432.783874
8 9.441390e-007 324.343801 547.751550
3 7.503810e-008 403.407298 581.312006
8 2.323950e-008 531.231026 567.686044
3 5.289910e-008 615.146913 581.068968
10 7.205640e-009 796.693206 584.565814
11 8.339840e-008 798.978187 577.091969
3 1.709000e-008 558.166330 530.743892
8 2.714930e-008 502.384655 451.554307
3 2.891340e-008 386.389481 442.355306
8 3.745730e-008 441.386507 452.817875
3 8.994880e-008 418.652951 587.713956
8 7.794300e-008 385.219455 615.768420
9 2.612440e-007 356.784900 816.230033
9 6.932020e-008 220.576207 768.508850
9 1.680960e-007 377.313822 853.125445
9 2.047430e-008 257.124861 696.379435
9 1.509620e-007 249.964897 803.851936
9 9.050930e-008 322.549896 808.010736
9 7.023070e-007 270.071153 940.549167
9 7.648210e-008 193.980396 760.246335
9 9.251290e-008 261.626753 752.115021
9 3.702610e-008 153.789768 763.521368
9 2.705570e-007 319.706620 826.078763
9 5.300200e-007 244.138201 870.818482
8 5.504320e-008 360.108054 631.897440
9 1.543340e-008 142.757861 834.323600
9 1.467610e-008 183.568608 832.690929
9 3.363550e-007 223.863096 921.466812
9 1.181510e-007 248.270990 791.023255
9 3.053850e-007 205.844434 919.473766
9 5.837980e-008 209.879633 757.941854
9 3.353020e-008 393.361424 716.704019
3 2.116720e-007 410.126579 557.198446
8 1.289440e-007 411.976130 539.601610
3 4.333340e-008 551.956298 484.434748
11 6.445910e-008 729.166187 717.068100
10 1.069530e-008 701.011455 572.223916
3 5.658820e-007 490.035661 511.923657
8 1.916310e-008 404.726269 649.587103
9 1.234940e-007 320.713823 799.105155
9 4.928480e-008 344.180137 807.143512
9 1.249870e-007 273.369501 997.620917
9 3.727580e-008 289.924249 779.531418
9 5.301950e-008 207.575522 832.461680
9 6.881720e-008 144.448665 857.040572
9 2.517360e-007 337.532621 942.878516
9 9.372710e-008 185.258513 856.916807
9 4.999620e-007 266.878495 826.089889
9 3.770700e-008 144.449360 818.765069
9 6.888330e-008 195.762037 933.879465
9 1.254200e-007 153.395256 918.645533
9 6.530970e-008 222.397378 770.847864
8 1.667710e-008 299.845014 717.809388
9 2.022890e-008 229.956641 981.240698
9 5.479080e-008 181.577370 807.371522
9 6.020540e-007 310.502281 848.353840
9 4.618000e-007 280.974409 836.669441
9 1.650600e-007 243.295980 990.278726
8 2.595790e-008 236.294768 684.991669
9 6.407110e-008 179.750657 905.772119
9 3.752530e-008 187.792624 795.768312
9 1.249430e-007 367.949632 815.908469
9 6.360080e-007 327.354681 912.332237
9 1.946010e-006 268.090937 895.913868
9 2.138260e-008 192.128576 759.310477
9 2.589910e-007 358.804010 837.112028
3 3.235560e-007 447.680022 568.374908
8 3.544970e-008 455.782112 491.288895
6 1.160990e-008 310.346761 250.064653
7 2.355780e-008 227.606485 87.677319
4 1.748500e-008 204.476681 242.834104
5 1.696310e-007 117.644372 164.059246
7 4.521390e-008 263.029078 133.156893
6 8.174080e-008 228.167235 180.958437
4 1.015740e-007 155.727744 218.691370
7 7.095590e-008 197.589438 241.558699
5 3.441350e-008 220.136507 249.886781
6 2.447030e-007 305.740018 123.360656
7 2.445180e-008 246.966751 101.353665
6 1.338070e-008 200.027446 283.236354
4 1.653090e-007 198.786597 284.944224
5 7.691350e-008 190.699717 167.875978
7 6.894760e-008 182.463074 204.938271
2 6.732600e-008 218.016986 328.984296
4 2.771750e-008 326.923322 360.213006
8 9.450340e-008 378.286217 367.922349
3 1.506940e-008 394.141559 293.329763
6 2.842960e-007 445.889490 164.657518
6 1.449900e-007 469.659556 83.616317
6 5.372390e-008 548.320205 250.438485
3 9.192240e-008 511.939326 390.628405
6 6.200790e-008 455.363630 216.508050
6 2.749070e-008 470.140398 315.360421
3 3.645590e-008 434.152488 313.087167
6 3.155300e-007 425.193776 111.277523
8 8.257830e-008 388.163632 364.976434
3 1.022270e-008 471.500611 353.263969
4 1.363250e-008 372.758181 326.144638
6 2.123280e-008 472.346883 300.598833
8 1.002400e-007 392.413564 454.120148
3 3.498580e-008 394.779041 455.485854
11 3.007550e-008 729.502799 554.515630
10 1.570170e-008 721.883287 550.962578
3 4.915450e-008 605.320000 563.880456
11 1.138380e-007 735.415604 817.151527
10 2.913500e-008 727.676279 815.925745
10 7.007250e-008 761.522183 728.657440
11 1.872230e-007 797.545090 666.263959
3 1.220660e-008 461.976276 726.498851
3 3.948380e-008 619.482853 515.516206
10 3.162810e-007 824.607759 726.356265
11 2.149050e-007 830.120483 731.679838
10 2.649630e-007 836.499561 693.404180
11 7.671660e-007 829.534736 696.218134
10 4.384290e-008 819.433672 880.431595
11 6.091330e-008 812.730935 884.146975
10 4.723320e-008 809.104963 630.320395
11 1.523920e-007 808.699888 638.049225
10 5.911270e-008 797.056976 715.797413
11 1.714270e-007 800.283414 709.182232
10 4.323390e-008 840.982270 618.396052
11 3.912560e-007 848.854251 617.845583
10 4.083300e-008 729.121179 777.905394
11 7.103980e-008 725.005495 784.007180
10 5.817830e-008 712.959900 610.477282
11 1.611620e-007 874.567945 641.890709
3 4.488290e-008 579.028975 455.734973
6 4.996490e-008 420.882833 267.639856
6 6.168350e-008 510.583099 121.743461
8 4.350710e-008 500.287859 428.855917
3 6.964780e-008 496.249740 421.570926
6 5.455070e-008 455.359816 238.956466
3 9.780460e-008 547.984601 441.567193
3 3.107500e-008 579.532306 606.568055
10 1.786370e-007 842.600641 756.948993
11 5.899740e-007 840.756117 758.496728
3 3.934890e-008 619.420083 475.622004
8 3.281180e-008 365.052605 363.602737
7 1.341750e-007 212.131171 174.936792
4 2.722680e-008 210.306474 172.016665
6 3.370340e-008 205.997533 165.120915
5 2.781510e-007 85.356812 176.404586
2 1.137200e-007 46.974185 252.679572
4 1.435430e-007 79.110089 227.305847
7 2.290060e-007 58.271188 180.849898
5 2.283710e-007 124.699523 225.656489
6 4.863230e-008 256.825325 116.358399
4 7.479760e-008 246.040731 228.435372
7 1.921470e-008 216.191738 158.115570
5 6.398940e-008 182.342300 202.367938
7 3.516760e-008 187.389751 243.475491
4 1.703780e-007 194.225126 299.144279
2 7.079200e-008 80.048093 280.799980
7 2.126690e-007 80.219632 142.913484
5 3.611170e-007 60.467949 197.181076
4 5.834220e-008 47.132080 240.352028
2 5.447190e-009 88.985566 158.210365
7 1.383740e-008 273.637225 290.271748
8 8.505030e-008 377.438824 383.734950
3 2.074570e-008 380.022993 339.242852
6 9.161740e-008 348.141049 205.669471
4 2.597160e-008 160.916762 205.335086
7 9.450330e-008 83.063769 165.666909
5 1.415710e-007 82.533201 165.396571
2 4.766990e-008 189.290301 259.981157
8 1.051240e-007 413.212155 409.276517
3 2.889380e-007 430.315837 489.806578
8 3.158770e-008 497.521418 564.196382
3 5.317890e-008 503.566531 627.345341
3 1.866780e-007 509.664189 503.233433
6 2.289140e-008 357.224701 239.282215
3 1.809900e-007 438.694526 424.072774
8 5.316690e-008 488.965485 477.981894
11 7.186250e-008 725.245717 627.258427
10 3.513720e-008 721.699799 822.652816
11 2.433200e-007 851.681796 774.654234
10 8.564690e-007 857.333356 757.260370
3 5.417140e-008 495.125963 626.917789
8 9.593240e-008 337.765957 575.777413
3 1.643430e-007 371.313802 532.206057
8 2.958390e-008 480.427689 649.215883
3 1.075260e-008 519.412805 288.753763
6 5.140590e-007 443.025223 170.687634
6 5.944780e-008 499.959544 206.126207
3 2.775950e-007 430.211035 435.182727
8 6.285240e-008 466.596787 512.212582
11 5.850270e-007 851.754417 648.258748
10 1.045150e-007 851.268922 645.505414
3 9.071050e-008 507.246066 569.834049
8 1.418260e-008 428.296825 593.451278
9 2.344040e-007 392.444808 857.488562
9 1.778210e-007 334.318512 881.752078
9 2.371210e-007 216.124794 857.140567
9 5.023520e-008 365.275871 813.590372
3 9.764940e-008 414.083520 596.759771
8 3.714870e-008 459.965763 520.398097
3 1.073060e-007 410.069504 572.752668
8 8.016990e-008 342.595394 625.469351
3 6.917160e-008 551.606322 555.050358
11 1.342610e-007 780.253178 702.873445
10 5.869260e-008 780.545420 705.653936
11 6.926460e-008 761.595410 796.962438
10 5.393310e-008 761.902865 799.887731
10 4.940120e-008 761.423558 762.569533
11 3.195280e-008 727.193930 634.824045
3 6.590690e-008 523.116659 599.772945
10 1.094600e-007 787.677253 806.438087
11 3.905840e-008 786.962079 804.237016
3 2.646140e-008 617.497268 684.625769
10 6.900730e-008 751.627419 679.668301
11 4.074090e-008 750.539407 677.705485
10 3.875320e-008 706.787513 736.276266
11 7.342920e-008 704.910877 734.962228
10 4.307380e-008 797.886759 693.194299
11 1.227050e-007 799.020547 691.230526
3 4.583990e-008 594.035154 611.650377
3 4.146720e-008 540.587186 408.209408
10 5.696280e-008 814.435088 807.573709
11 2.513070e-007 860.987959 735.889171
10 9.781890e-008 831.638740 663.461484
11 4.909250e-008 795.326134 563.693090
