5 2.332090e-008 781.958000 531.419000
2 3.389040e-008 781.958000 531.419000
10 1.575950e-007 745.859762 562.798589
5 9.971010e-009 730.035530 576.554328
10 4.758340e-007 647.190182 504.219111
5 5.917190e-008 783.572377 408.723248
7 8.575720e-008 682.241123 242.832501
10 6.008870e-008 669.542854 398.009973
10 3.443380e-007 630.101639 631.148271
7 1.432000e-007 625.943041 159.430588
3 4.187050e-008 689.847946 119.498509
10 1.084650e-006 650.054376 529.029352
7 4.629200e-008 832.755359 246.820000
5 3.967430e-008 804.950801 431.525039
10 5.515390e-007 693.672719 506.559691
2 2.563160e-008 821.092917 616.026039
5 1.568930e-006 843.626557 514.909054
10 8.204550e-008 737.850161 606.858691
11 5.031360e-008 928.646283 682.471046
5 1.295520e-007 854.629985 482.523406
10 2.417370e-007 785.316726 602.577473
2 8.772470e-009 819.058899 597.435533
5 5.926940e-008 729.579835 526.018341
10 1.452760e-007 809.271833 506.710704
2 5.943770e-008 649.851139 761.765029
11 1.532520e-007 858.275744 913.175924
2 4.821010e-008 767.402289 892.196225
10 8.444470e-008 587.108220 652.883010
10 3.727750e-006 652.368015 582.356553
5 2.704150e-007 788.891851 567.394219
3 8.538330e-008 558.123961 173.524319
7 4.244250e-008 556.762644 251.508780
10 2.787770e-007 615.304408 498.824207
3 3.301920e-007 515.277016 110.360842
7 3.254750e-008 467.818862 173.340287
9 1.472280e-007 60.865466 188.114622
9 1.236140e-008 190.549978 196.899471
9 1.209210e-007 85.799045 162.302368
9 5.537450e-008 151.865906 172.655575
9 4.378250e-007 46.636985 220.713906
9 1.259170e-007 97.216631 222.717706
9 6.782410e-008 70.018763 145.488831
9 9.134660e-008 59.930460 396.349589
6 8.044970e-008 215.908756 715.499516
8 1.730670e-007 247.003980 788.755255
4 5.610080e-008 248.498543 792.276224
6 4.310550e-008 161.108825 791.776087
8 2.491440e-008 96.295172 737.391033
4 6.648960e-009 271.182784 750.066057
6 9.261340e-009 341.181901 701.052189
8 1.100890e-007 141.469971 825.924433
6 3.187110e-007 242.781456 813.485313
4 7.585330e-007 276.167774 806.353603
8 1.677240e-007 269.431247 787.126514
6 6.780190e-008 221.184349 712.832999
4 3.646500e-008 185.146867 657.340285
6 1.758360e-007 333.659578 929.701733
8 1.228480e-007 280.929330 960.145448
4 7.224510e-008 205.623830 977.636397
6 5.919380e-008 141.265178 788.033259
8 3.927510e-008 118.770189 846.634640
4 1.630150e-007 244.399901 795.634978
