3 7.614650e-008 640.675856 631.418107
11 1.289990e-007 452.992463 434.395361
7 9.404540e-008 474.488627 281.676222
8 2.454060e-007 542.095491 222.906209
5 9.686380e-008 639.497373 150.960930
8 6.111430e-008 565.221071 260.335547
3 2.373190e-008 785.407815 665.449549
3 3.249810e-007 696.171432 721.499420
3 9.173170e-007 665.656109 760.326590
11 6.298100e-008 484.403755 491.644364
3 8.233900e-008 671.414262 581.024746
11 3.861060e-007 423.900912 511.174439
7 1.159160e-007 464.243873 349.366246
8 1.169110e-006 536.242175 206.785809
3 3.237030e-008 536.554994 607.434401
11 1.081890e-007 460.636078 575.578502
7 9.583170e-008 411.700424 447.949727
11 6.981760e-008 461.992538 367.740294
8 9.029120e-008 514.496730 237.786857
7 1.324890e-007 426.253116 315.140945
8 1.044400e-007 498.534110 125.995998
5 4.061060e-009 482.849895 153.393323
7 8.745090e-008 468.968648 325.190110
7 2.639530e-007 223.424868 312.814915
11 2.540760e-008 314.161887 264.227322
7 7.077100e-008 224.959175 178.650010
7 1.261780e-007 205.055460 210.685404
7 8.277580e-008 158.089770 316.236578
7 5.333470e-008 165.088836 229.770315
11 1.345590e-007 343.381976 430.348093
7 1.186850e-008 179.636494 409.506049
11 5.513980e-008 130.142373 490.502147
11 7.222470e-008 344.060171 633.365000
10 5.457900e-008 219.855532 724.797536
2 1.583250e-008 256.641981 811.460957
6 2.255570e-007 257.890567 814.402439
9 2.413860e-008 307.000891 771.004353
10 1.639610e-006 152.882344 784.873257
2 1.069780e-007 76.206173 720.534380
6 8.729810e-008 223.100278 783.733762
11 3.868640e-008 188.014651 639.300589
10 7.735530e-009 174.725764 634.982793
2 5.045760e-008 108.872271 760.811514
4 1.521120e-008 178.454653 821.383419
6 2.505580e-007 184.897127 820.592406
10 1.081780e-006 148.893127 797.453588
2 8.838660e-008 180.574339 803.121858
6 1.051540e-007 245.109991 749.675162
9 1.165000e-008 221.986499 714.068199
10 4.052760e-008 272.925001 661.014087
11 3.384430e-008 376.973787 726.662489
6 3.821800e-008 370.958507 908.167262
9 1.663150e-007 334.909342 928.980184
4 5.713510e-008 86.002342 914.032375
10 1.025640e-008 77.800534 909.671386
2 5.583850e-007 54.603295 873.505731
6 1.249470e-007 157.177088 746.581365
4 2.266050e-008 199.115292 831.588426
10 4.891440e-008 206.372042 825.499288
2 1.400350e-008 243.142769 794.644973
6 5.721830e-009 116.835208 927.732147
9 2.200690e-007 338.073721 880.878796
6 3.764300e-008 231.461263 767.376291
10 2.793640e-007 189.247441 819.959550
4 4.510960e-008 231.171072 938.051120
9 6.310020e-008 315.875217 891.830978
6 2.652320e-007 242.028160 956.023566
2 1.303510e-007 137.516038 844.398626
10 2.609170e-007 135.809071 838.815487
4 1.246720e-007 87.234133 900.600581
6 1.427150e-006 272.943496 868.170841
9 9.194530e-008 353.304198 861.140023
10 4.960080e-008 272.189967 748.133124
6 6.613230e-007 245.865398 881.275103
9 9.767410e-008 331.166029 904.131328
2 2.022560e-007 52.193168 902.992801
4 8.521120e-008 50.328278 902.493099
10 6.529690e-008 41.533346 900.136477
6 1.120590e-007 211.368168 883.687528
2 1.146420e-007 178.775136 824.159081
10 1.581480e-007 189.827044 826.307382
6 2.427060e-008 259.026865 664.688586
2 6.057630e-008 154.496441 704.792038
10 2.561270e-007 163.553161 710.900872
6 2.620350e-008 92.507225 706.743741
2 1.285120e-008 234.070709 895.398061
10 5.583470e-008 237.166904 905.525297
6 1.470240e-007 224.945864 899.007094
9 1.142930e-007 358.033208 907.808647
6 6.204780e-008 379.033577 648.548542
11 1.162210e-007 352.574628 589.120381
11 6.227110e-008 228.213389 452.674201
7 7.189560e-008 139.827091 433.049402
10 1.674610e-008 195.133595 530.790373
11 2.455900e-008 209.724369 472.292505
3 3.820240e-008 590.131348 571.697029
8 6.293810e-008 595.825245 237.343276
3 1.244500e-007 688.690005 638.344047
3 1.466840e-007 724.452689 719.809070
3 1.157500e-007 572.225430 688.389013
11 1.265570e-008 601.635986 553.923922
3 2.226650e-007 548.356487 711.721932
11 8.570560e-008 469.514982 550.088454
3 2.233040e-007 586.957884 738.061085
3 4.832300e-006 642.974108 717.934269
9 1.240320e-008 494.955368 680.655470
11 1.368490e-007 417.500508 561.789472
11 3.217540e-007 290.144117 570.885082
11 5.430780e-008 384.599547 689.544232
6 2.465560e-007 346.747089 832.231261
9 6.006360e-008 346.320044 833.069385
11 3.766080e-008 289.700305 714.842440
10 3.171630e-008 210.638025 756.880629
2 1.859810e-007 160.724428 784.294909
6 1.407660e-007 273.912710 740.846249
10 7.021050e-008 270.871997 750.622029
9 2.799310e-008 320.985277 703.197869
6 8.534550e-008 289.167973 690.984466
2 1.053950e-007 188.101937 844.668113
10 3.333490e-007 181.002520 786.988064
2 6.951860e-008 110.315541 684.762614
10 4.904840e-008 166.484402 639.779062
11 6.854590e-008 319.130980 650.452855
3 6.876140e-008 621.070049 630.790984
3 4.029880e-007 651.108753 663.253026
3 1.004900e-007 669.909339 784.842604
3 3.233440e-008 858.100682 795.250243
3 5.224270e-008 675.028954 917.619308
9 3.331270e-008 500.504527 901.822865
3 1.358460e-007 577.749893 775.378894
9 6.615850e-007 461.806426 861.148918
3 1.065610e-006 595.759758 719.724978
3 3.528030e-008 475.412589 629.720698
11 3.013990e-008 536.267971 621.168271
3 1.914390e-008 748.007739 698.079829
3 2.006670e-008 719.289206 870.621944
3 3.924980e-008 622.337455 608.114603
3 9.772380e-008 751.234683 739.700466
11 1.711200e-008 491.436027 309.141994
8 4.519170e-006 545.381000 193.456309
7 7.494800e-008 385.908779 216.626565
5 3.245800e-008 517.759419 104.676632
8 1.100760e-007 646.630438 151.581689
7 4.882680e-007 382.220806 342.185190
11 8.077410e-008 306.636262 352.807919
7 7.924280e-007 306.494823 255.027690
8 3.013220e-004 543.642845 172.465927
5 2.087300e-008 449.948819 61.957388
8 5.062620e-006 543.337665 193.107682
7 9.290730e-007 358.831668 324.060049
11 5.483860e-007 379.577535 462.709786
8 4.426000e-008 429.094142 332.052148
7 3.091920e-007 379.285511 326.817018
5 6.765080e-008 613.518492 143.797684
8 1.021490e-007 633.207786 123.898212
7 1.821090e-007 404.867195 346.900749
11 4.647410e-009 461.895992 291.828586
8 9.699450e-007 531.125874 192.953211
8 1.880460e-008 542.461689 404.090820
11 8.404090e-008 432.986334 372.598357
7 6.374300e-008 429.243249 371.086054
7 1.005290e-007 284.563579 204.360189
7 9.099560e-008 154.363156 270.602911
7 5.766160e-008 133.458177 237.608260
7 8.028770e-008 248.575626 156.394540
7 1.822160e-006 281.658207 287.577855
7 2.849700e-007 231.277611 340.295236
7 2.875160e-007 351.790750 222.675008
8 2.647560e-008 376.881199 169.377860
5 7.511620e-008 568.356356 114.915757
8 2.546980e-008 673.426185 122.262794
5 7.616090e-008 601.254969 174.216200
8 3.271130e-007 560.049701 99.880274
7 1.574450e-006 337.222469 277.280982
11 1.852140e-008 260.824449 309.822032
7 8.358950e-007 366.456998 274.208022
8 1.121460e-007 452.078722 151.559362
5 2.204970e-007 605.169761 107.795287
7 1.380630e-007 401.387781 339.904944
11 1.686830e-008 430.030233 363.517625
3 7.879660e-008 560.146847 661.355996
3 9.914820e-008 727.156332 638.859194
3 1.407420e-007 733.724224 740.723022
9 1.810930e-008 523.267461 714.584028
3 4.494470e-008 660.786186 488.781896
5 8.332400e-009 746.728000 293.235185
11 1.927480e-007 443.873765 475.875250
3 5.429870e-008 697.535312 582.475495
11 1.487030e-007 455.448833 534.160653
5 2.804120e-008 787.719532 294.111715
8 3.224910e-008 754.456719 231.400441
3 4.262720e-008 565.478830 575.336638
11 1.243260e-007 405.503017 597.918050
10 5.177100e-008 206.444695 588.641610
11 3.485650e-007 285.475766 514.943957
11 4.829210e-008 191.885285 593.976696
11 4.465640e-008 208.298173 474.179086
11 8.735310e-008 192.519404 442.474848
7 7.953590e-009 112.971643 436.912071
2 1.004510e-008 181.510603 579.790760
11 1.079380e-007 293.111715 539.170835
7 5.293220e-008 424.868793 490.409737
11 5.584340e-008 503.172802 547.300650
3 5.016340e-008 635.768850 583.236376
11 9.754380e-008 467.797242 509.117750
7 2.094020e-007 360.254685 401.297941
11 1.823600e-008 493.245233 516.857743
7 3.700960e-008 377.336133 512.486714
11 1.406760e-008 564.073734 649.441421
3 7.949400e-008 535.546384 639.154759
9 6.474720e-008 381.851964 804.541018
6 1.762120e-006 316.696790 834.923506
10 4.015140e-008 242.028648 875.023786
9 3.712280e-008 246.864285 780.213020
6 1.905850e-007 178.525319 749.786648
2 9.833400e-008 97.748606 713.822651
10 2.116720e-007 87.259493 709.152612
9 2.307760e-007 389.805007 818.239892
6 2.627840e-007 352.472381 888.602708
4 7.256540e-008 141.605036 869.971234
10 2.802900e-007 130.976152 860.400842
2 7.042430e-008 175.674437 793.448354
6 6.058740e-008 273.891587 733.400684
9 1.205220e-007 331.547027 891.807989
