9 2.105720e-007 728.031586 578.296322
10 2.302630e-008 677.630827 539.189140
9 1.902400e-007 653.568717 499.752812
6 1.602490e-007 765.099060 369.450512
3 7.122600e-008 761.924232 365.237350
10 1.497510e-007 791.491107 358.061021
6 2.468070e-008 661.100765 407.062913
3 6.172850e-007 782.712181 276.651966
10 5.851160e-008 680.584260 458.553979
9 3.007270e-007 661.359566 541.826161
4 2.916460e-008 525.179733 560.377744
11 3.729240e-008 699.656227 92.348350
9 5.948710e-007 653.852000 508.706251
6 6.713220e-008 707.066329 291.184251
3 1.396040e-007 711.086512 287.928799
10 2.052100e-007 829.880950 417.705925
9 1.652690e-007 705.722628 527.430746
10 1.501810e-006 852.535565 507.164604
9 1.007820e-007 733.452879 627.352167
10 1.789920e-006 852.811643 485.672866
9 4.471900e-008 801.259804 613.461845
10 1.559070e-007 725.803902 526.282381
9 1.098670e-007 744.894231 679.145344
4 2.152290e-008 653.694923 855.200803
9 2.107960e-007 630.071331 668.520352
4 9.515300e-008 545.894002 637.882215
4 1.463180e-008 513.314427 580.351753
9 1.181930e-006 591.775588 586.593476
10 2.035250e-007 757.265124 553.313019
9 6.126450e-008 446.194782 535.739541
4 1.949900e-008 424.598026 508.378445
9 2.984550e-007 626.789742 524.620739
4 1.434510e-007 453.948985 639.201626
2 5.636720e-008 331.676650 520.003600
2 9.338560e-008 171.190297 311.903261
8 8.986240e-008 173.616404 311.945604
8 7.190900e-008 70.689755 247.991486
8 4.702030e-009 76.555012 151.683926
8 1.043360e-007 176.908608 252.415056
8 4.256980e-007 170.478373 349.610411
2 1.282410e-007 151.227949 299.253023
8 3.198590e-007 158.508779 290.563433
2 8.786600e-008 161.329322 290.810201
2 2.360870e-008 170.762877 588.384952
8 3.489310e-008 233.567642 470.266333
2 7.868420e-008 196.649347 548.315620
8 1.455090e-007 106.681853 470.108284
4 4.294360e-008 331.822249 637.106514
5 6.378050e-008 296.901007 802.089086
7 6.405130e-008 105.428233 830.349672
5 1.057070e-008 278.988932 809.039724
2 2.160830e-008 272.055940 660.829365
4 9.865530e-008 381.136228 750.268987
5 1.249780e-007 390.272353 897.016448
7 5.771290e-007 111.507574 927.593779
7 6.321180e-008 176.548749 850.524011
5 3.773830e-008 186.232217 842.398614
5 8.183640e-008 356.456593 830.371669
4 5.255370e-008 375.581839 777.824861
7 1.457740e-007 178.164608 898.818822
5 3.272140e-007 265.947719 916.320276
7 7.678760e-008 155.867103 904.421198
5 1.607530e-007 217.789516 882.144032
4 8.790130e-008 363.011376 767.989355
5 9.087060e-008 244.081427 825.360400
7 6.516820e-008 173.065317 935.380770
5 5.581690e-008 186.532643 869.082480
7 6.026950e-008 37.841523 796.764014
2 7.073680e-008 68.954486 647.093268
5 1.151520e-008 154.935812 727.028161
7 9.972220e-008 251.032469 960.463680
5 2.474030e-007 250.339844 958.831947
4 9.382330e-008 400.373838 716.568578
5 2.144360e-008 399.883291 695.378074
8 9.834240e-007 148.834608 412.228784
2 1.553710e-006 142.086319 408.790367
8 3.481440e-008 191.085358 577.999276
2 8.840750e-008 189.728651 585.693526
4 3.807490e-008 585.923477 631.871672
9 9.136590e-007 586.082471 629.597987
9 2.089970e-007 613.062087 520.071402
10 6.896640e-008 822.683155 665.714343
9 1.211270e-007 722.029614 629.188562
9 3.117000e-008 805.881330 566.187136
10 5.935190e-008 817.946773 578.252499
10 2.751360e-007 887.423872 559.909328
6 3.858340e-008 754.594293 499.783873
9 1.868960e-007 666.743248 542.844763
4 1.628220e-007 553.149648 671.886281
9 4.539020e-007 679.908256 588.773064
4 1.499830e-007 544.790646 693.377186
9 1.207610e-006 640.553321 589.910449
4 1.671050e-007 479.795741 633.821314
9 1.173160e-007 616.761137 750.102313
9 1.853140e-007 599.990459 737.977787
4 2.231840e-007 582.854047 745.968592
2 1.498300e-007 217.551812 498.280340
8 1.477900e-007 156.340176 458.529126
4 3.844020e-008 436.235601 607.310201
9 1.840460e-008 422.231080 590.007858
4 4.909120e-008 411.910282 562.603668
5 5.847870e-007 320.673822 883.403080
4 2.180350e-008 343.123353 703.993262
5 2.038820e-008 183.058203 806.546979
7 5.235930e-008 72.921227 782.178073
4 2.495180e-008 410.153937 541.685072
9 4.158300e-007 553.023712 622.904711
9 1.148960e-007 685.320493 722.264523
4 1.071230e-008 696.814320 612.492103
10 5.045580e-008 802.836749 570.458883
