11 5.237580e-008 723.594828 582.153121
2 1.618950e-007 581.343722 598.260731
8 6.859290e-008 470.258601 515.625900
5 2.802650e-008 467.289784 501.658754
10 4.171170e-008 694.529993 93.915585
11 6.875050e-008 785.607635 665.795646
11 2.842260e-007 891.672900 672.721536
11 5.100880e-007 856.943616 563.324122
11 2.513640e-007 849.144628 561.889020
9 3.622410e-008 645.379886 765.651829
2 2.100160e-008 652.798969 853.188463
9 1.449860e-006 745.556352 887.152715
2 6.888460e-008 644.194183 674.248462
5 7.699950e-008 451.845153 572.230554
8 7.646720e-008 484.448048 491.534733
4 3.654930e-008 410.625939 571.367997
2 1.977180e-007 495.854416 578.824255
5 4.375500e-008 580.297712 586.211821
11 1.683880e-007 785.874573 566.050834
8 4.495660e-008 475.457992 527.348350
2 6.561510e-008 424.053902 510.560826
5 2.592510e-008 424.848793 507.372665
8 5.072940e-008 587.480821 436.331286
2 8.515410e-008 587.250431 578.165275
5 1.382410e-007 463.681931 649.507829
8 3.665110e-008 419.631310 482.688447
4 5.102490e-007 298.849460 552.421876
7 5.552660e-008 332.971808 518.837431
8 6.648070e-008 501.958174 388.596331
8 7.791180e-008 459.259114 315.480509
8 4.642220e-008 364.310495 312.655247
6 8.333730e-008 196.738344 178.613772
6 8.041780e-008 41.365546 184.737869
6 3.692960e-008 70.819453 233.907396
6 1.435600e-007 59.320500 143.488080
6 1.123590e-007 97.680724 118.435571
6 1.117710e-005 149.764007 116.382729
6 1.897490e-007 78.030122 189.485790
6 1.549530e-007 227.711032 20.492162
6 1.335730e-007 101.001815 138.335836
8 6.806570e-008 337.164238 341.431345
4 7.066080e-007 278.215048 550.152007
7 1.531970e-007 276.315330 551.078561
8 2.513400e-008 178.222143 409.282035
4 1.345140e-007 184.871068 538.076946
7 2.996890e-007 183.259957 536.676433
8 3.638340e-008 297.588468 538.338649
4 8.276730e-008 386.837551 615.922063
7 2.264170e-008 388.448664 617.322589
5 1.755890e-007 359.468732 628.654123
2 3.289740e-008 286.233289 651.044479
3 1.660670e-008 218.416117 671.778301
7 8.521580e-008 332.394151 692.850714
5 3.242690e-007 329.246225 679.878009
4 5.169900e-008 306.906394 698.623336
2 5.399730e-008 267.493472 731.694676
3 3.454770e-007 210.309483 779.677698
7 2.070310e-008 133.357220 772.031453
3 7.872960e-008 301.656003 728.728497
4 5.821210e-008 310.176335 722.762501
5 1.711090e-007 312.090991 721.421846
2 5.113410e-008 322.382004 682.958933
7 1.697480e-007 111.240965 751.971468
3 6.554610e-007 211.489402 817.327381
4 2.572510e-008 235.931762 735.541965
5 6.420490e-008 234.671455 733.601268
3 3.219280e-007 230.217061 726.742120
7 2.614280e-007 206.484385 690.197097
2 9.336070e-008 379.821935 742.815222
3 8.173470e-008 42.059755 890.151540
7 8.389590e-008 144.665088 779.176200
3 3.597740e-007 238.615716 798.443623
