9 2.452670e-007 781.958000 531.419000
3 1.919270e-007 728.797994 577.630096
9 3.589480e-007 677.171599 539.012860
3 7.237120e-008 784.874885 407.811222
9 1.009060e-007 696.232721 400.472509
9 8.347110e-008 658.707003 553.315796
4 4.270280e-007 466.632693 498.567396
5 4.911210e-008 434.048178 345.269787
2 5.116630e-008 479.318791 277.477405
11 2.509920e-007 483.700155 273.668727
11 3.628180e-006 561.293018 185.384951
2 1.390030e-008 565.262702 261.129914
9 6.825350e-008 653.852000 512.191883
3 1.175120e-007 741.975188 466.433263
9 5.095520e-007 734.829321 470.394312
3 2.914020e-008 779.627406 570.542436
9 6.911340e-007 773.700685 575.694434
