5 2.332090e-008 781.958000 531.419000
2 3.389040e-008 781.958000 531.419000
10 1.575950e-007 745.859762 562.798589
5 9.971010e-009 730.035530 576.554328
10 4.758340e-007 647.190182 504.219111
5 5.917190e-008 783.572377 408.723248
7 8.575720e-008 682.241123 242.832501
10 6.008870e-008 669.542854 398.009973
10 3.443380e-007 630.101639 631.148271
7 1.432000e-007 625.943041 159.430588
3 4.187050e-008 689.847946 119.498509
10 1.084650e-006 650.054376 529.029352
7 4.629200e-008 832.755359 246.820000
5 3.967430e-008 804.950801 431.525039
10 5.515390e-007 693.672719 506.559691
2 2.563160e-008 821.092917 616.026039
5 1.568930e-006 843.626557 514.909054
10 8.204550e-008 737.850161 606.858691
11 5.031360e-008 928.646283 682.471046
5 1.295520e-007 854.629985 482.523406
10 2.417370e-007 785.316726 602.577473
2 8.772470e-009 819.058899 597.435533
5 5.926940e-008 729.579835 526.018341
10 1.452760e-007 809.271833 506.710704
2 5.943770e-008 649.851139 761.765029
11 1.532520e-007 858.275744 913.175924
2 4.821010e-008 767.402289 892.196225
10 8.444470e-008 587.108220 652.883010
10 3.727750e-006 652.368015 582.356553
5 2.704150e-007 788.891851 567.394219
3 8.538330e-008 558.123961 173.524319
7 4.244250e-008 556.762644 251.508780
10 2.787770e-007 615.304408 498.824207
3 3.301920e-007 515.277016 110.360842
7 3.254750e-008 467.818862 173.340287
9 1.472280e-007 60.865466 188.114622
9 1.236140e-008 190.549978 196.899471
9 1.209210e-007 85.799045 162.302368
9 5.537450e-008 151.865906 172.655575
9 4.378250e-007 46.636985 220.713906
9 1.259170e-007 97.216631 222.717706
9 6.782410e-008 70.018763 145.488831
9 9.134660e-008 59.930460 396.349589
6 8.044970e-008 215.908756 715.499516
8 1.730670e-007 247.003980 788.755255
4 5.610080e-008 248.498543 792.276224
6 4.310550e-008 161.108825 791.776087
8 2.491440e-008 96.295172 737.391033
4 6.648960e-009 271.182784 750.066057
6 9.261340e-009 341.181901 701.052189
8 1.100890e-007 141.469971 825.924433
6 3.187110e-007 242.781456 813.485313
4 7.585330e-007 276.167774 806.353603
8 1.677240e-007 269.431247 787.126514
6 6.780190e-008 221.184349 712.832999
4 3.646500e-008 185.146867 657.340285
6 1.758360e-007 333.659578 929.701733
8 1.228480e-007 280.929330 960.145448
4 7.224510e-008 205.623830 977.636397
6 5.919380e-008 141.265178 788.033259
8 3.927510e-008 118.770189 846.634640
4 1.630150e-007 244.399901 795.634978
8 6.750560e-007 207.281542 920.396992
6 1.381210e-007 244.488694 917.141919
4 1.007050e-007 390.888249 735.770341
8 5.302970e-007 187.892966 829.597241
6 4.224690e-008 180.848059 879.724882
4 2.352490e-007 294.861759 898.252794
8 1.634230e-007 181.501866 988.267252
6 7.583170e-008 146.484651 873.733120
8 6.194490e-006 216.841283 882.759823
4 1.109770e-006 328.494331 863.310657
6 1.765150e-007 329.869524 863.190340
8 1.713000e-006 239.216852 838.725657
4 2.574190e-007 304.831055 897.074897
6 3.151450e-007 306.290776 897.466027
8 9.787990e-008 92.083486 913.681503
4 1.702110e-007 202.901257 876.715305
6 3.795930e-008 201.584320 876.101206
8 6.281730e-007 220.698452 832.308252
4 3.679080e-008 264.430946 626.237643
6 2.227170e-008 264.639251 624.755522
8 1.238470e-007 207.902330 809.804831
6 8.252680e-008 207.966060 810.013283
4 1.833710e-008 230.893662 885.006371
8 1.010130e-007 359.130709 908.521374
6 5.237460e-008 359.330831 908.651334
4 8.230960e-007 374.772107 848.276647
10 1.210110e-007 588.812683 590.554582
7 8.260480e-009 589.108622 292.416550
10 3.203660e-007 624.371907 541.341952
11 6.242650e-008 863.722818 670.027887
5 4.883480e-008 858.167167 669.443951
2 7.371730e-008 858.020534 669.428539
10 1.061490e-007 743.922997 621.650122
2 1.393070e-007 721.558410 736.104944
5 7.012040e-008 764.150916 581.362850
10 1.020380e-007 822.585171 582.890866
11 1.299720e-007 840.359116 762.265160
2 6.904180e-006 782.891868 812.220379
5 4.174840e-007 888.438200 579.263213
10 3.815670e-007 732.664599 507.334961
10 1.219430e-007 623.429887 563.627214
10 2.183520e-005 663.096159 556.489630
2 3.255460e-007 765.764427 773.550651
11 1.165690e-007 841.552831 768.251162
10 3.496640e-008 660.277897 709.865415
4 2.316970e-007 385.569906 756.036966
8 1.784470e-007 348.186605 829.406042
6 1.097890e-007 348.079324 829.616594
8 1.362710e-007 271.022625 741.955642
6 1.115030e-007 271.199706 741.887668
4 1.678030e-007 354.715368 709.829194
8 7.637120e-008 277.963054 686.683341
6 1.989750e-008 277.759572 686.605233
4 4.620360e-008 199.852665 656.699856
8 7.903900e-008 67.576609 796.101271
10 8.523170e-008 560.392565 632.683530
5 6.735370e-008 768.371344 616.516579
2 2.256490e-007 815.209717 779.861339
11 2.074190e-008 817.930700 789.350531
10 7.859970e-008 626.993319 690.035796
5 1.462900e-007 762.296524 539.767107
2 4.582550e-008 887.363565 742.388111
11 3.127690e-007 885.866564 751.839709
2 4.507610e-008 694.202993 793.699023
11 2.664450e-007 851.053992 857.070989
10 9.442450e-008 747.646492 728.882736
2 1.612460e-007 889.728655 809.524665
11 9.401250e-008 839.523666 663.719099
5 6.894590e-008 839.436773 663.466747
2 2.386480e-008 653.928763 954.165897
6 1.018720e-008 533.552591 853.333550
4 1.808330e-008 537.349317 852.244845
4 1.511970e-008 496.915360 885.923339
10 9.914140e-008 578.283252 609.384270
10 2.042580e-007 604.820137 611.534161
5 7.851600e-008 725.832747 522.732685
2 8.793940e-008 724.962444 716.084819
11 1.585380e-007 831.834692 777.202404
2 1.916870e-007 731.904024 869.518270
10 2.053580e-007 629.681623 639.030105
2 2.083850e-007 762.356824 759.509476
11 2.305980e-007 841.159482 749.833702
2 1.334120e-007 755.836093 903.065979
11 3.643400e-008 908.099395 964.584458
2 5.146610e-008 759.688644 670.846527
10 1.555990e-007 694.803754 697.668079
7 1.358720e-008 518.865199 183.570833
3 4.227520e-008 451.914633 210.620798
7 3.162510e-007 690.361466 167.940391
3 1.346890e-007 555.552009 136.817036
9 1.009010e-007 113.943704 331.027549
7 4.579770e-008 518.274336 127.938623
3 1.461440e-007 466.778694 78.209823
7 3.171350e-008 513.091573 255.378992
7 1.337380e-007 593.697509 153.040398
3 6.456280e-008 595.429435 152.232785
3 1.678880e-007 511.372324 166.739203
7 2.489600e-008 548.371133 234.883108
10 5.016130e-008 470.814858 387.882063
9 9.637240e-008 137.547442 275.375317
9 9.028520e-008 168.748788 226.032426
9 1.839470e-008 139.757766 141.824453
9 1.091710e-007 18.353500 165.456624
9 1.996130e-007 113.744418 317.070324
7 1.498900e-007 578.700774 115.639094
3 1.555110e-007 585.893829 116.142070
7 1.669480e-007 596.476506 165.595664
3 8.685540e-007 561.404721 102.324784
9 1.341930e-007 176.539738 260.364845
7 1.595160e-008 538.715376 125.071864
3 2.152310e-007 545.611829 122.963405
10 5.354680e-008 534.709826 508.716171
2 8.227670e-008 769.528975 916.357611
11 3.123760e-008 746.034638 749.184136
10 3.172600e-007 724.680725 626.123304
5 5.917200e-008 700.914121 503.854742
5 3.276870e-008 737.271718 448.021715
10 3.530180e-007 693.695518 469.275337
2 8.081140e-008 706.652217 782.410136
11 1.929720e-008 700.752903 789.801270
10 6.589640e-007 637.574940 611.660631
7 1.986370e-008 746.728000 237.103496
10 2.256610e-008 752.382813 353.027891
5 4.289700e-008 725.189423 456.904845
10 6.674110e-007 621.561280 500.847493
10 1.343510e-007 779.015684 575.346716
5 6.042210e-008 755.943748 574.428041
10 5.921550e-008 557.977474 544.936347
5 4.050560e-008 716.784514 401.198048
7 4.159830e-008 751.535628 253.800694
10 5.884970e-008 736.237809 385.629450
5 1.510700e-008 745.509451 370.978717
7 2.552650e-008 777.418521 290.572580
7 5.332530e-008 740.780358 205.831940
5 4.231970e-008 714.293404 458.931972
10 1.111610e-006 658.612358 495.346126
7 5.602770e-008 791.419407 214.164364
5 3.079970e-008 795.611927 348.346441
7 2.055740e-008 781.258867 297.239015
10 1.879730e-006 633.049805 543.133457
9 4.905170e-008 14.628169 441.465406
10 1.180990e-006 648.170911 584.539857
5 3.848100e-008 723.389132 531.016392
10 1.240310e-008 727.071819 363.156445
7 6.729170e-008 785.641748 228.799796
5 8.914120e-008 829.408656 383.531166
5 2.036110e-008 741.163481 447.461764
10 2.351350e-007 699.202036 472.674719
5 7.765680e-008 771.001588 471.547745
10 2.334290e-007 710.925673 489.914778
10 1.469550e-008 436.041031 390.646800
10 4.218730e-008 574.289755 654.026837
4 1.850630e-007 400.663095 795.769206
6 2.319420e-007 333.411615 827.129221
8 1.699140e-007 328.906919 829.229804
4 1.240060e-007 266.591762 788.996231
6 2.039890e-007 196.064385 757.595519
8 1.101670e-007 191.340273 755.492215
4 3.050470e-007 377.914848 801.259120
6 1.165650e-007 362.820348 873.824276
8 5.922090e-008 360.027049 877.813521
4 8.715890e-008 264.978132 708.911122
6 1.144260e-007 272.887925 730.643140
8 2.187970e-007 304.248169 816.804857
4 9.392850e-008 232.370086 813.207269
6 2.591980e-007 218.273403 801.879990
8 5.592560e-008 169.987366 730.292603
4 2.499480e-006 341.985036 802.803109
6 1.822130e-007 348.718727 800.998822
8 7.789770e-008 304.713186 766.078790
4 5.180160e-008 221.161721 902.336432
6 1.408830e-007 226.232538 906.298240
8 1.056510e-006 230.030519 909.265587
6 2.519170e-008 121.602120 880.704428
8 9.354040e-008 124.162017 876.444029
4 3.249740e-008 203.845104 743.828648
6 2.148330e-007 340.484047 873.545831
8 1.625300e-007 291.030582 797.393404
4 1.285230e-007 250.878999 735.564764
8 2.604380e-007 161.392614 795.902776
4 3.487420e-008 199.153112 777.390291
6 8.713560e-008 192.935220 775.489296
8 1.579170e-007 300.729433 801.162728
4 2.210580e-006 344.865142 853.761306
6 2.132960e-007 347.096833 856.498735
6 5.123800e-008 174.237578 668.907511
8 1.730130e-006 193.850581 893.208146
4 2.098600e-007 256.079831 848.234141
6 7.169230e-007 244.811933 822.926189
4 9.186890e-008 243.278636 749.504336
6 1.590460e-007 210.568287 777.423617
8 3.985630e-008 206.787723 780.595903
4 2.508090e-008 170.435701 944.651228
6 9.367440e-009 147.324648 978.055762
8 1.086600e-007 148.478508 973.427937
6 8.496010e-009 117.229059 982.790363
8 1.279600e-007 112.356818 983.475115
4 1.208690e-007 228.528558 905.587243
6 5.136390e-008 250.755139 908.348489
8 3.266460e-006 255.598086 907.230392
4 2.580000e-006 322.389035 852.574742
6 6.839560e-008 210.082651 951.228220
8 1.656040e-007 205.647685 953.686558
4 1.155310e-007 392.705566 736.863353
6 8.531460e-008 327.149350 741.730202
8 2.881900e-007 245.434586 768.812067
4 2.498490e-007 276.355457 799.572025
6 1.228450e-006 286.803875 794.016459
8 1.414130e-008 364.618480 752.641378
10 1.918760e-007 615.053030 504.392360
10 1.124570e-007 537.870300 627.055647
2 7.246360e-008 730.570700 724.293726
10 6.319020e-007 701.024935 572.293268
5 2.769160e-008 648.035466 522.972161
4 5.431850e-008 348.331906 751.269138
6 2.823270e-006 307.428337 822.116335
8 4.802770e-007 271.622195 868.082943
4 1.042880e-006 334.895255 859.800024
6 1.871320e-007 348.658503 781.745763
8 2.356560e-008 363.962416 694.954065
4 1.810890e-008 304.865005 989.238589
8 1.326270e-007 156.000112 981.124183
6 7.614330e-008 293.815632 990.122559
4 8.346900e-007 295.372619 816.103515
8 3.172890e-007 184.801889 826.334441
8 6.528290e-007 206.095563 811.298148
6 2.187050e-007 209.012009 853.003550
4 3.616630e-008 209.639482 861.976469
8 1.746260e-007 149.982564 858.318182
6 5.590500e-008 108.835486 848.818560
8 3.834880e-008 335.871313 933.456832
6 1.100360e-007 331.503088 908.683549
4 1.562500e-006 319.617755 841.278891
8 2.208860e-007 182.447174 861.786197
6 2.670770e-007 203.350757 825.580066
4 1.818760e-007 231.236440 777.280559
8 4.937820e-008 239.514789 691.205831
6 5.665320e-008 255.775085 699.179927
4 4.429740e-007 266.306851 819.556097
8 4.950620e-007 174.575663 826.359759
6 1.152880e-007 213.045449 790.089069
8 1.912070e-007 142.278672 787.723151
6 6.519190e-008 288.127247 708.075065
4 1.546240e-007 328.451057 703.445453
8 5.992190e-008 96.258657 863.543239
6 2.162070e-007 317.410176 903.549088
4 2.414570e-007 321.268125 902.587191
8 8.737820e-008 202.125194 798.034797
6 2.431770e-008 131.983502 794.631168
8 1.384980e-007 171.769403 814.528819
6 1.851460e-007 267.879072 722.074495
4 7.254230e-008 291.485658 696.759414
8 1.210150e-007 110.450033 941.119918
6 3.480720e-008 245.158511 982.303726
4 1.716450e-007 331.942676 940.828994
8 5.343970e-007 299.071343 895.686261
6 8.336990e-008 168.481751 779.287826
4 1.248160e-007 194.073235 900.153926
8 4.875670e-007 268.261349 828.669254
6 3.421020e-007 308.231541 880.826548
4 2.459640e-008 166.812492 883.036275
8 1.052170e-007 164.659267 759.502071
6 7.208580e-006 274.423301 816.506713
4 2.466650e-007 275.596604 820.117855
8 8.227860e-007 295.442628 881.199130
6 4.399700e-008 245.030632 984.939998
4 2.225120e-008 243.822129 988.659399
8 1.618480e-007 265.972979 959.768121
6 1.630070e-007 172.840837 760.613598
8 8.868790e-008 155.060056 789.611232
4 8.489210e-008 182.622938 919.285229
6 2.077660e-007 173.987440 852.549163
8 2.057690e-007 139.435557 865.124926
4 6.632220e-008 247.315639 734.130587
6 2.473250e-006 311.539425 817.843504
8 1.025800e-007 317.369233 798.775022
4 1.744800e-007 392.647882 877.038388
6 2.305580e-006 305.372331 848.807153
8 2.141140e-007 316.489137 866.597741
4 1.663420e-007 292.223398 878.406404
6 3.733370e-008 369.840681 860.175027
8 8.114820e-008 349.381777 866.429933
4 1.830420e-007 366.518562 876.781330
6 1.254440e-007 238.006415 935.696389
8 1.618680e-006 234.757114 915.181541
6 3.231400e-008 166.998445 845.316790
8 5.383070e-008 172.116284 845.138059
4 1.120610e-007 256.496924 842.191221
9 5.443450e-008 96.928094 168.462609
9 5.350130e-008 198.815441 279.232718
9 8.891220e-008 186.957643 221.387668
3 2.837720e-008 521.924003 151.250477
7 2.250840e-007 601.169853 137.277185
3 7.334900e-007 562.814715 89.265300
7 3.920590e-008 481.936946 80.764687
3 5.888540e-008 439.581536 115.946371
7 4.810570e-008 555.528175 249.167530
3 3.638900e-008 499.473410 206.340701
3 6.017250e-008 460.368654 91.981269
10 3.643960e-007 615.704093 562.002445
5 2.168450e-007 791.726465 574.976879
10 7.292800e-007 728.224674 565.878805
5 1.639620e-008 688.230479 715.139409
2 7.094850e-008 641.015894 760.564863
10 5.939100e-007 682.554360 617.640993
5 9.647730e-008 770.789485 573.768008
10 4.940060e-008 661.197707 742.895288
2 1.850030e-004 787.169114 825.348427
11 2.453900e-008 707.926646 812.797730
2 3.657620e-008 645.419376 790.616218
2 1.945720e-008 814.012485 637.741605
10 4.669630e-008 821.339324 625.051154
5 4.446100e-008 823.918137 620.584521
4 1.111060e-007 468.301986 759.041949
10 9.050580e-007 611.592770 542.084077
10 3.892020e-008 832.195134 733.683305
11 7.743520e-007 885.512286 785.171056
2 2.963660e-008 891.319452 790.953977
5 4.151650e-008 799.494407 655.759453
2 1.329460e-007 763.979300 722.704080
11 4.757710e-008 759.552126 724.492763
2 5.575620e-008 749.642527 919.117379
11 4.103290e-008 745.381950 921.479051
2 4.015620e-008 687.300570 710.724979
10 8.797700e-008 718.919533 686.898433
5 3.540650e-008 806.856895 673.213555
11 2.848040e-008 802.667769 753.142120
2 2.975900e-008 611.595230 733.736397
11 1.068500e-007 776.892654 757.140415
2 2.111700e-007 797.165783 715.574326
10 6.804920e-007 666.616064 630.589073
5 9.896930e-008 846.542982 618.007205
10 8.322580e-008 806.379506 626.197419
2 1.230700e-007 785.935892 693.673656
11 1.336260e-008 737.756975 765.102230
2 1.512640e-007 701.198000 808.766560
10 2.345050e-007 701.198000 628.924639
5 1.215070e-007 835.158437 634.230275
10 1.279400e-007 595.875645 474.445132
7 1.106470e-007 604.623630 198.960092
3 1.355530e-007 562.278603 128.486199
7 3.057630e-008 479.952628 76.331995
3 1.080400e-007 453.786801 119.669082
3 3.387790e-008 591.339160 227.059574
7 7.596340e-008 552.768826 212.162813
10 8.081760e-008 552.899281 546.929483
10 2.371200e-007 690.838485 608.511111
2 5.051990e-008 584.999451 931.865225
11 2.163180e-007 805.453977 788.118643
2 1.867450e-006 805.117144 788.401279
10 3.671870e-007 676.808516 640.642847
9 1.703870e-007 29.824978 198.841027
9 4.456700e-008 176.939244 260.892715
9 5.034420e-008 200.611752 121.411433
9 2.029520e-008 192.504993 285.135142
9 2.325850e-007 66.007859 181.960218
9 8.520210e-008 70.250562 160.095040
10 5.214990e-008 497.978575 653.634924
10 8.541440e-008 623.591040 673.654033
3 8.627120e-008 493.579821 137.722964
7 4.496830e-008 542.939113 210.901064
10 1.979180e-007 568.916789 562.797814
5 3.940710e-008 747.727582 619.075712
2 1.820590e-007 701.788121 776.185243
11 2.402350e-008 666.805024 865.541541
2 3.222140e-007 838.332346 815.739976
11 6.993970e-008 783.018295 776.611012
10 3.448500e-007 570.324699 503.285997
3 2.774100e-008 400.287975 134.555417
7 2.664440e-008 507.735384 196.523803
3 2.944430e-008 415.042944 155.047642
10 4.998850e-007 617.336389 520.112344
5 6.623880e-008 756.199273 581.695194
10 1.449790e-007 805.026684 653.209002
5 4.857020e-008 748.785139 616.685137
6 2.145180e-007 335.589101 787.277541
4 4.790800e-007 341.354890 794.397704
8 8.051910e-008 382.160930 844.789017
6 4.786290e-008 312.245668 970.280710
4 2.818240e-008 314.485273 961.298214
8 2.016770e-007 330.326045 897.764860
6 3.502940e-005 282.919692 825.993531
4 3.294500e-007 274.700069 829.826412
8 2.603100e-006 230.788369 850.302816
6 9.771850e-008 338.708203 770.670264
4 3.454290e-007 347.079274 773.390189
8 9.499340e-008 361.680919 798.018856
6 3.990490e-008 186.045164 679.163668
4 2.192760e-008 179.047340 673.080554
10 4.412610e-008 521.432031 666.687963
10 2.967100e-008 660.421849 666.485288
5 3.047640e-008 775.463012 515.472496
10 6.545970e-008 783.172605 730.649907
2 2.985990e-007 783.732046 735.972629
11 6.869590e-008 790.537932 800.726239
2 1.470460e-008 609.727355 947.758942
2 1.106690e-007 758.604376 768.504031
11 3.217320e-008 772.415559 899.911486
10 1.180250e-007 624.186679 663.139921
2 2.264020e-007 765.630091 786.397210
5 3.839000e-008 717.002967 596.791218
10 7.723740e-009 852.637789 487.671402
2 1.385500e-008 623.675692 800.722615
11 4.974050e-008 782.911203 791.769751
10 9.716190e-008 746.111967 685.864532
2 1.436150e-006 782.332239 858.972434
2 4.997170e-008 667.309633 777.347568
10 6.401900e-008 567.414658 678.476301
5 1.084440e-008 710.037611 604.638734
10 7.885760e-009 838.543010 431.046248
2 6.921360e-007 765.749687 783.438402
11 3.833260e-008 723.782913 748.176605
10 2.374870e-007 620.211854 662.174000
5 1.373380e-007 778.170985 592.195333
2 1.863170e-007 768.645915 701.071526
11 3.956480e-008 779.980064 724.209538
2 3.066050e-007 783.905629 889.734028
4 2.964920e-008 538.824526 728.859235
10 1.414560e-007 585.317401 633.227622
10 1.654750e-007 540.112000 565.936740
2 1.386120e-007 727.670620 867.251686
11 5.729790e-008 831.327511 781.561875
2 1.403670e-007 866.502528 774.792656
11 2.948820e-008 814.892739 617.452074
5 1.543880e-007 812.925395 612.046821
10 2.776750e-007 759.339403 565.203814
2 3.007030e-008 786.668861 593.093601
5 1.046290e-007 758.030788 554.817271
10 3.854380e-007 629.731906 614.227632
10 4.400980e-008 645.755454 382.544533
5 6.436850e-008 732.793148 546.239395
11 1.009100e-007 884.412145 694.658804
2 5.179010e-008 798.771098 660.057599
10 1.954090e-007 718.861965 627.772236
5 4.006610e-007 816.823330 518.372679
2 1.140730e-007 801.264456 744.437531
11 1.774510e-007 831.381849 745.915555
5 4.630050e-007 814.017713 587.396200
10 2.360060e-007 753.118528 585.269562
10 5.548460e-008 572.051566 558.061450
2 1.429090e-007 742.981882 761.252000
11 5.609210e-008 755.514042 819.255249
2 8.879010e-008 833.776934 774.309671
11 6.694980e-008 794.111764 705.601444
10 1.495910e-007 779.945811 625.261761
5 7.686360e-008 765.766845 544.848282
2 2.242180e-008 847.974260 599.339636
10 6.363420e-008 834.541368 567.204233
5 3.780940e-008 845.905544 648.063454
2 7.374310e-008 626.921705 782.735952
2 2.654930e-007 738.878408 815.184648
10 9.796780e-008 655.438296 667.358967
7 1.747410e-007 700.075662 203.154444
5 2.053430e-008 835.021488 321.708529
10 2.149340e-007 756.743809 508.263598
5 9.380600e-008 830.247791 470.811518
10 1.305960e-007 705.309343 645.319118
2 3.780640e-008 744.853318 639.238480
5 1.712350e-007 843.715030 627.099599
11 6.216690e-008 826.730304 686.005856
2 7.355530e-008 895.680350 869.553954
10 1.876170e-007 545.553662 498.203286
10 1.324760e-007 539.914846 511.482281
5 6.499430e-009 725.972237 687.549119
2 1.705750e-008 723.301242 692.175426
10 9.084720e-008 752.770635 641.132877
5 3.005760e-007 846.903002 497.374891
10 4.412880e-008 791.798130 411.928531
5 8.369340e-008 750.501129 525.455767
2 8.711160e-008 852.244615 748.664854
11 1.945420e-007 851.401786 758.298166
10 1.705790e-007 698.192724 649.683532
5 6.679360e-008 783.821411 611.558960
10 7.299690e-008 485.865908 551.307270
10 7.765150e-008 595.104516 640.296253
2 1.570510e-007 734.182722 823.048885
11 3.177250e-008 697.904552 694.013153
10 3.182110e-007 622.584563 625.065710
4 1.257800e-008 553.363638 821.794486
2 5.895240e-008 689.836219 874.070560
10 6.252260e-008 783.321730 714.225210
11 1.346480e-007 870.433208 739.204299
2 1.089980e-007 714.807107 742.192723
11 2.677800e-008 902.557388 970.401186
2 1.061220e-006 790.275456 858.347915
5 3.311480e-008 856.873087 712.160226
11 1.429870e-007 786.101473 790.759837
2 2.246820e-007 792.369886 702.980839
10 1.142580e-007 762.341058 606.096972
2 2.158380e-006 762.237866 814.533172
11 5.297910e-008 765.334070 873.613777
2 4.396140e-008 628.821239 904.812265
4 4.770750e-008 515.409437 889.428740
10 9.149040e-007 640.584964 594.073929
2 1.391640e-007 728.200901 887.413805
10 2.109710e-007 558.781284 547.472404
5 9.860400e-008 786.320856 538.549941
11 3.012350e-007 861.236778 826.781042
2 1.516470e-007 859.934193 832.423097
10 4.398480e-008 556.214315 707.603855
4 2.793270e-008 559.616200 916.567786
2 8.527700e-008 812.419005 959.451834
11 1.491380e-007 808.882897 931.426007
10 3.189390e-007 719.650317 631.587967
5 3.718700e-008 774.296686 620.380554
2 1.198780e-007 880.145015 751.091388
11 3.390090e-007 876.501724 755.609772
10 3.330740e-007 607.034617 628.606126
10 2.075520e-007 588.509153 505.224107
2 7.299890e-008 625.115470 803.698048
10 2.037770e-008 518.253541 627.358533
4 5.832660e-008 282.700759 683.276284
6 1.326640e-007 231.423170 726.940029
8 4.696780e-008 143.738633 753.747937
4 5.600100e-008 363.146056 931.843838
6 2.380110e-008 364.630174 931.740061
8 3.262140e-007 329.291730 871.166060
4 1.178960e-007 250.108427 857.437124
6 1.068130e-006 248.646401 857.565036
8 4.956490e-007 241.310685 833.482377
4 1.031750e-006 297.928180 829.976254
6 1.571330e-005 299.160465 830.746271
8 1.693830e-007 346.213863 859.496749
6 1.413410e-007 211.972455 807.457804
8 5.016330e-007 253.268571 805.293493
4 5.492850e-007 284.731663 807.491444
6 1.111790e-007 269.445191 726.144192
8 4.580930e-008 294.440431 719.912265
4 1.841690e-007 348.739359 706.374208
10 5.012450e-008 517.397988 468.848379
9 1.339880e-008 230.173472 331.012610
3 9.051110e-009 459.635831 207.875797
7 2.709890e-007 622.175548 203.471516
3 6.240820e-008 559.814477 181.879524
7 1.396910e-007 549.111592 147.644321
3 2.716800e-008 377.656685 190.451068
4 2.840370e-007 372.166788 778.533307
6 2.035680e-007 351.379996 846.524031
8 1.191840e-007 324.120667 936.068825
4 1.532600e-007 234.558044 824.770728
6 2.015850e-006 297.413854 801.893167
8 2.629590e-008 382.455816 770.940536
4 1.048940e-007 426.701691 770.824793
6 2.206040e-008 427.227649 772.194953
8 1.279620e-007 256.447358 776.661339
10 2.957060e-008 458.709412 505.543768
10 5.931540e-008 574.959029 682.524493
10 7.282990e-008 649.472273 675.958364
3 3.979770e-008 412.719192 153.865772
7 1.650280e-008 528.488005 252.170725
9 3.763320e-008 198.702514 333.143080
7 2.490120e-008 543.527131 337.701063
10 7.653620e-008 598.732269 559.801423
2 6.490450e-008 715.071232 707.098322
10 1.907570e-007 666.391479 672.024721
2 4.133390e-008 802.321822 652.114163
5 1.738900e-007 814.375291 608.540952
10 9.005600e-007 722.719815 569.635287
7 2.193140e-008 763.341377 267.048560
7 9.618180e-008 662.170495 183.979503
5 5.728510e-008 705.625236 486.714152
10 1.461150e-007 698.151815 500.196517
5 6.702710e-007 815.193445 550.958923
10 7.828280e-008 831.170484 549.561098
11 3.958830e-008 780.564597 707.307785
2 1.816610e-007 780.224490 707.022401
10 1.176040e-007 578.269535 478.532866
10 6.391600e-008 533.385501 581.091641
4 2.800540e-008 499.943995 762.848544
10 5.676100e-008 547.648225 637.375507
2 2.767350e-007 757.013576 777.241361
11 5.032070e-008 826.008870 779.561147
5 2.981020e-008 860.586407 742.120233
2 2.887710e-007 750.620584 764.202301
10 8.078780e-008 616.376989 643.311792
6 5.725470e-008 384.592300 811.154877
4 4.401400e-007 382.933934 814.555002
8 8.982880e-008 355.072025 871.679893
6 3.049210e-007 261.401856 911.795730
4 3.260900e-008 258.868007 914.609863
8 3.958150e-007 216.342451 961.839423
6 2.986500e-007 267.265905 764.571763
4 1.235820e-007 268.912321 761.041022
8 3.931110e-008 296.605565 701.652819
8 1.069850e-006 238.792636 914.673473
6 2.505000e-007 245.633800 899.185287
4 1.439170e-007 211.411513 839.910572
8 3.907140e-007 164.791414 794.954633
6 1.073390e-008 122.019196 771.245647
8 3.853390e-008 143.582354 890.085523
6 2.539820e-008 188.429629 938.178156
4 2.191770e-007 271.637345 843.332993
8 4.756700e-007 277.401877 951.254320
6 6.465250e-008 203.383829 928.624824
4 1.731320e-007 270.161488 881.979140
6 2.266080e-007 235.398990 752.356278
8 2.390640e-007 196.314651 817.621025
4 3.131400e-008 269.454538 934.669072
6 6.886880e-008 276.762619 698.351174
10 8.742150e-008 562.370149 534.937929
7 8.196600e-008 607.632290 217.082152
3 3.480230e-008 563.917453 194.291862
3 1.527140e-008 388.387577 258.653884
9 5.484690e-007 57.566784 219.719047
9 4.979110e-007 68.121178 208.962240
9 1.494520e-007 120.214369 301.065537
9 8.351740e-008 97.850952 318.064145
9 2.642790e-008 208.766407 152.375626
9 1.046470e-007 177.359048 235.017611
9 9.529500e-008 159.785608 248.639618
9 7.135270e-008 97.125735 323.463657
9 2.631520e-007 91.292124 175.770612
9 4.713910e-007 81.862407 232.208975
9 1.128770e-007 106.531946 155.184862
9 2.808320e-008 204.640993 331.689746
7 1.930650e-007 581.275402 180.141388
3 8.171950e-007 529.259052 78.015046
3 5.352460e-008 559.969123 170.050408
7 4.871540e-007 616.723423 148.072170
3 8.831420e-008 689.348260 122.080314
7 1.298170e-007 768.434815 112.369639
3 1.399740e-008 497.488834 194.915241
7 3.713600e-007 603.057358 71.319037
9 4.385790e-008 206.175272 128.047451
9 2.494790e-008 231.502737 271.507315
9 5.267910e-008 93.145143 184.589645
9 2.724100e-008 85.085760 136.104530
9 1.201030e-007 118.728376 277.577880
9 1.923490e-008 26.241501 64.908612
9 6.033690e-008 191.264654 172.947387
9 3.876710e-008 184.762724 155.377339
7 1.115800e-007 577.065238 133.634229
3 1.664300e-007 577.825803 132.003209
7 5.925300e-008 555.300148 89.731155
3 1.529980e-006 553.742525 88.757845
3 5.691070e-007 508.694265 42.742478
7 1.454740e-007 566.764358 74.931337
3 5.119120e-008 618.383779 92.046601
7 9.382850e-008 550.643465 105.214012
3 9.689790e-008 447.534025 131.735193
7 1.435670e-007 583.066778 55.255182
3 8.011640e-008 567.306815 146.995785
7 3.961080e-008 611.756677 293.786425
4 3.900050e-007 372.717460 789.934536
6 3.097870e-007 347.136752 864.225949
8 2.761830e-007 298.152135 913.858706
4 5.372610e-008 124.384004 853.391533
8 3.440970e-007 214.650734 969.318224
6 2.630020e-008 294.599404 969.171113
4 1.460250e-007 420.611949 900.362044
8 7.851820e-008 305.572156 900.270609
6 1.486350e-007 255.544975 915.505226
4 1.308400e-008 179.224163 783.149387
8 1.219080e-007 206.659379 742.465610
6 4.624580e-008 126.011589 758.269442
4 2.606400e-006 328.949388 802.573785
9 2.566840e-008 187.245353 455.785353
3 1.474300e-006 525.493580 71.485971
7 1.368550e-007 599.749377 38.425044
10 2.586580e-007 620.767140 489.969172
5 4.560080e-009 689.113623 711.948429
2 4.278350e-008 665.585354 788.905771
11 2.021440e-007 808.315839 775.418011
2 1.345960e-007 672.319546 727.511834
10 1.658480e-007 656.260131 636.434946
5 2.814480e-008 806.127654 699.387672
11 1.388700e-008 753.999157 659.907699
10 3.487520e-008 690.017084 687.894294
2 5.426770e-008 672.381788 738.523633
10 1.626490e-007 600.503920 650.690164
2 1.709760e-007 711.297107 847.046154
11 1.013650e-007 786.454074 877.411452
4 5.145540e-008 514.808873 844.127273
2 8.446530e-008 750.920157 950.448049
10 1.150910e-007 710.594324 661.397706
5 3.582610e-008 812.279644 681.868443
11 2.294140e-007 880.433730 739.056461
2 4.324500e-008 884.782504 742.705513
10 4.775860e-008 825.130938 687.390106
11 9.948900e-008 850.440586 683.381473
2 3.012410e-008 855.935470 682.511174
5 4.947030e-008 873.390478 701.864131
10 1.419220e-007 778.031000 550.079595
5 8.488290e-009 778.031000 463.333365
2 3.123180e-007 733.189322 811.834699
11 1.790250e-007 816.979060 908.270823
2 1.857050e-008 915.663132 889.574816
11 7.415570e-008 866.570863 926.814614
2 6.542320e-008 816.801055 687.969806
5 2.331390e-008 797.757147 682.509027
10 1.432320e-007 663.518401 695.415393
10 3.140370e-007 647.267861 639.809181
2 2.373890e-008 636.761827 778.775648
10 2.518290e-007 613.580244 621.694895
5 8.271270e-009 719.941100 495.553339
10 4.425460e-007 717.179310 499.806135
5 1.739350e-007 824.017114 447.188090
10 1.192890e-007 828.577740 445.345483
2 8.192500e-008 712.866313 755.203916
11 7.371460e-008 819.513855 690.039493
5 1.035610e-006 848.520526 553.571877
10 1.061840e-007 753.549139 499.484063
5 1.124390e-008 694.370240 576.568686
10 2.888570e-007 728.818973 623.609321
2 3.957370e-008 838.160123 656.290417
11 3.528300e-008 835.986384 652.202237
10 2.597800e-008 549.784703 461.046216
3 1.477440e-007 484.341323 108.655746
7 2.567160e-008 434.297278 172.709043
9 3.617730e-008 50.668523 464.073843
10 7.743120e-008 570.339425 667.657619
2 2.266370e-007 712.208890 809.984412
11 1.880210e-008 799.827789 737.140966
5 4.201880e-008 786.023187 642.188741
10 7.868430e-008 778.420656 656.486982
2 4.954610e-008 689.590999 885.472409
2 4.979960e-008 666.890462 813.444517
2 2.551200e-008 829.555485 961.974117
11 2.965830e-008 785.506549 955.783435
2 1.405800e-007 896.389256 822.179339
11 1.542120e-006 898.465507 802.359317
10 2.918720e-008 803.412623 572.083832
5 7.463980e-008 803.409209 571.888263
2 1.292820e-007 651.232839 830.337152
2 3.600530e-008 793.902224 631.175059
10 7.547160e-008 768.802104 648.044235
5 8.253100e-009 698.884517 700.730754
10 7.776100e-008 581.420606 513.663128
7 6.669360e-009 780.212146 290.966060
5 2.210500e-008 854.285925 312.119746
10 1.600480e-007 725.709824 479.714073
9 2.692570e-007 112.878958 249.077991
9 5.480270e-009 128.771913 72.365052
9 1.031470e-007 78.283635 184.782150
9 3.555700e-008 232.161279 262.792989
9 1.030840e-007 87.607421 198.099437
9 5.086610e-008 142.725462 134.581361
9 7.546580e-008 115.420885 112.757316
9 2.039100e-007 78.017615 154.304729
9 1.400440e-006 53.906936 238.513115
9 5.091040e-008 117.127773 239.390104
9 2.639700e-008 175.867168 135.480703
9 2.621620e-007 64.033307 186.330185
9 4.790680e-008 206.313615 265.538203
9 6.497930e-008 61.246969 93.225972
9 1.943250e-007 83.913924 179.200656
9 3.700910e-008 154.911533 348.102890
9 3.093820e-008 185.844555 241.256594
9 4.575550e-008 277.525033 306.463087
3 3.722800e-008 378.351628 110.243866
3 4.300440e-008 485.816171 208.044048
7 8.581490e-008 553.065071 208.684281
3 1.403240e-008 505.022753 224.250188
10 1.225780e-007 521.930013 594.952799
2 1.305300e-007 662.989398 792.153592
11 1.804860e-006 884.656310 822.313727
2 1.349340e-007 715.812582 748.236744
10 1.066860e-007 792.791427 607.515281
5 3.925610e-008 760.408063 538.068527
7 5.128540e-008 649.695416 279.499486
10 1.528190e-007 603.460529 541.692993
3 3.065800e-007 500.500107 62.891440
7 6.202420e-007 645.756391 88.628491
3 2.949930e-008 754.345741 69.782416
7 2.634770e-008 822.094101 119.004127
7 1.659660e-006 690.532654 102.472235
3 8.227800e-008 626.017128 103.657347
6 7.286100e-009 389.654023 649.856944
4 2.795270e-008 393.834590 641.994405
10 3.267150e-008 520.022121 438.936590
6 1.868500e-007 299.915333 728.038596
4 3.274880e-008 296.440097 736.640089
8 2.217640e-007 265.900583 812.227868
10 4.946490e-008 496.048973 455.772699
10 2.772800e-007 687.507907 649.485751
2 5.215570e-008 691.330398 782.122890
11 1.469540e-007 831.833249 811.987502
2 5.403390e-008 867.988455 893.755872
11 4.062670e-009 739.152617 871.038752
2 4.435490e-008 829.872231 941.613170
11 1.688760e-007 819.648034 834.418318
10 7.452080e-008 609.715866 689.217782
6 9.489030e-008 350.174486 805.324291
4 4.765130e-006 342.968232 810.370150
8 1.173550e-006 279.440879 854.852356
6 7.341600e-008 158.860903 845.465197
8 1.800420e-007 162.284906 849.136978
4 8.930660e-008 266.178748 851.086469
6 1.152180e-006 277.338005 869.305469
8 2.526650e-007 275.574787 864.712117
4 2.736960e-007 294.913668 799.741045
6 1.782890e-007 245.670660 861.858936
8 2.439250e-006 245.498957 866.776056
4 3.244710e-008 221.993465 978.974460
6 1.919570e-007 184.186934 864.937949
8 8.134430e-007 179.385570 865.358025
6 6.906540e-008 298.494143 693.134254
8 6.212550e-008 238.964957 733.287216
4 5.542960e-008 235.693722 735.493693
6 3.707160e-008 146.644985 868.271448
8 2.178710e-007 195.152273 798.996094
4 7.027830e-008 234.556777 742.720818
6 6.760200e-008 165.630833 755.176846
8 1.026680e-007 135.309999 831.747057
4 1.249580e-008 133.950853 827.799840
6 4.344620e-008 162.177380 677.167812
8 4.419490e-008 170.692045 658.908014
4 1.356150e-007 219.425078 850.596548
8 8.393320e-008 185.743707 904.345292
6 1.226110e-007 224.806208 881.792550
4 3.702860e-008 370.917290 978.269716
3 6.922190e-008 489.956082 158.942679
9 8.164200e-008 135.984037 243.179177
9 4.375270e-007 98.783379 222.764218
9 4.373190e-008 200.092937 206.894411
9 4.378650e-008 172.768747 255.188577
9 5.361520e-008 145.217248 39.156402
9 2.329310e-007 58.735803 206.026142
9 2.100130e-008 229.253252 129.350191
9 6.119780e-008 177.533071 208.066474
3 1.681850e-007 473.582034 22.123154
7 2.998860e-007 600.056500 77.492050
3 6.716280e-008 611.444690 148.431736
7 1.118100e-007 729.506437 21.825878
3 1.726150e-008 762.433942 75.026084
7 1.121380e-005 659.195425 129.071607
3 1.665860e-007 554.879913 19.024396
7 1.371290e-007 566.740073 101.155235
10 5.233600e-007 622.256384 512.700902
5 1.008400e-008 693.932633 687.881454
2 1.897470e-008 609.904755 819.681378
10 7.457610e-008 737.446623 649.939173
5 2.631490e-008 737.439938 650.130589
2 9.117140e-008 734.686903 728.966047
2 1.226590e-007 672.788822 849.500160
2 3.393390e-007 722.640025 816.695751
5 5.731370e-008 746.637693 637.722552
10 5.998850e-007 671.252005 607.264446
3 1.228570e-007 444.385954 77.786531
10 1.052400e-006 650.712737 518.724371
5 3.455070e-008 707.628392 587.703280
2 2.852010e-008 721.714350 663.424015
10 3.872580e-007 702.544670 632.746090
9 2.056290e-007 81.680694 314.185970
3 1.467180e-007 445.239349 110.190853
7 1.316460e-007 572.759779 86.175971
3 2.391950e-007 544.129786 105.323869
7 7.415650e-008 611.468950 76.398209
10 1.500560e-007 580.863252 467.955357
7 8.532180e-008 577.176673 173.869216
3 1.414050e-007 614.255987 124.663198
7 1.080280e-007 578.930094 166.871130
3 7.034750e-008 538.303707 234.484522
10 2.334920e-008 556.705356 389.334611
3 1.193130e-007 443.004519 119.874126
10 1.484410e-008 514.769000 440.315068
3 1.154880e-007 549.286418 115.996788
7 7.338590e-008 545.981332 105.472274
3 4.489380e-008 399.314190 126.097285
10 1.165090e-008 482.142945 388.819586
3 7.096620e-008 400.631380 91.621680
7 3.668890e-008 548.851436 173.781023
3 4.722420e-008 552.521873 217.641043
7 3.652460e-008 597.733736 282.210260
10 1.311280e-007 570.300380 473.724076
10 1.566230e-007 569.653801 489.945399
10 8.124030e-008 589.765161 615.854748
2 1.106510e-007 689.248640 740.377842
5 1.598850e-007 870.583750 608.995999
2 1.091370e-007 804.985857 749.264976
10 4.764000e-008 807.374474 753.402197
11 1.730620e-007 835.333801 801.829343
5 2.724810e-008 739.489872 685.319528
10 6.063910e-008 577.410406 655.565637
7 9.090900e-008 565.423491 170.982790
3 1.970380e-007 530.505973 137.173096
7 3.925490e-007 721.319194 60.395886
3 4.281820e-008 758.637439 36.428052
3 3.706100e-008 451.379708 188.500643
7 5.434630e-008 522.123129 137.213756
3 5.594210e-008 526.303213 204.251844
7 1.026150e-007 566.191748 177.119230
3 1.786150e-008 456.883094 209.663613
7 8.256770e-008 549.633354 160.535698
3 8.828820e-008 461.512457 53.529690
7 2.874860e-008 577.311776 28.599869
3 3.926600e-007 589.397052 26.031068
10 4.676650e-007 631.148183 509.125714
2 3.760450e-008 775.929162 636.235241
5 2.333570e-007 820.081696 588.887929
11 1.344420e-007 779.257520 800.632719
2 7.302560e-008 756.513845 921.199041
11 3.098930e-008 715.424248 972.287441
10 1.335780e-007 566.551547 561.444576
2 2.012660e-007 701.249000 829.268697
11 5.809090e-008 769.164306 752.679078
10 1.396660e-007 777.497630 598.635485
5 1.202670e-007 777.485261 598.458608
11 3.113000e-007 921.993572 728.232950
2 2.000030e-007 817.097532 763.691441
10 3.514580e-008 716.264889 735.528959
5 8.790640e-008 755.610785 565.105893
2 7.166940e-008 819.762500 654.800309
10 4.471910e-008 839.174591 646.560461
5 8.373860e-008 739.046101 625.334171
11 6.420150e-008 847.556359 740.638286
2 3.249210e-007 870.316554 839.223818
2 3.554220e-007 789.012355 855.468594
11 7.865160e-008 758.957472 781.080161
10 4.966300e-008 795.617737 740.415704
5 4.815220e-009 867.770059 780.410402
2 1.952550e-008 774.817238 958.480060
11 5.681900e-008 764.945460 817.308773
5 7.674940e-008 761.903692 614.829460
10 6.650520e-008 763.091691 546.768948
5 1.881070e-007 786.171126 533.007100
10 8.089610e-008 849.497191 509.958282
11 1.343810e-007 820.839714 742.291141
2 2.162550e-006 763.260976 804.036949
11 1.544810e-007 799.255376 840.866850
2 3.802760e-006 799.645208 840.755067
10 2.630210e-008 807.695562 761.417142
11 1.070140e-007 895.284248 725.700278
2 5.690400e-008 895.388568 725.281876
5 2.393340e-007 895.751363 593.261614
10 2.042340e-008 832.642472 547.306025
11 1.109530e-007 789.275239 746.051016
2 1.624440e-007 788.948929 746.305958
11 4.377890e-008 840.854038 663.191980
2 3.129720e-008 840.674375 662.823614
5 5.779250e-008 798.311901 627.037658
10 5.917350e-008 752.225760 698.003850
2 7.108770e-008 705.841508 865.766315
2 1.317610e-007 683.979707 840.892554
11 6.984030e-008 848.314806 820.715024
2 4.651090e-008 687.898770 788.618588
11 1.389920e-007 851.221281 774.329520
10 5.945170e-008 550.251850 564.400269
5 1.203700e-007 763.558733 582.937235
2 4.270030e-008 769.351305 696.058347
11 3.219320e-008 761.547912 690.178101
10 2.125930e-007 700.463289 644.147791
10 9.634640e-008 524.773517 546.288101
4 9.376620e-008 319.989751 706.912811
6 1.259290e-007 261.773546 754.055451
8 1.636360e-007 181.189227 771.949666
4 3.487500e-008 166.012692 894.882436
8 1.299690e-007 66.885901 964.805717
6 9.304250e-008 166.800431 791.169031
4 7.452800e-007 297.448523 871.367166
8 4.518160e-007 192.804031 965.588711
6 3.453140e-007 342.540268 874.315401
8 7.568330e-008 358.141769 1005.438834
6 5.082610e-008 199.222524 976.082998
4 2.705880e-008 193.813246 872.867900
8 4.892980e-008 303.625248 762.129074
6 2.703830e-008 201.635004 690.455392
8 1.333660e-007 116.633916 786.178462
6 4.939670e-008 233.648799 708.912092
4 1.007910e-007 257.778922 713.602527
6 5.888530e-008 154.211969 694.740500
8 1.075990e-008 114.193324 701.078884
4 2.704770e-008 327.027209 675.700795
9 9.845280e-009 87.931080 454.495654
9 4.390690e-008 64.514023 474.970785
9 2.517660e-008 51.632956 477.938674
4 1.674950e-007 380.732438 774.006169
6 2.074680e-007 350.647876 844.880498
8 5.285620e-007 279.078420 832.173252
6 1.583290e-007 207.819665 870.564216
4 8.078830e-008 205.256059 867.815082
8 3.856930e-006 204.429903 866.929136
6 4.409340e-008 215.539401 1000.782827
4 4.226340e-008 219.335736 1000.849182
8 1.347400e-007 220.559165 1000.870566
6 5.218380e-008 404.870162 708.410249
4 7.410710e-008 401.232523 708.986400
8 1.240070e-007 218.987396 737.851480
6 2.248530e-008 130.545424 918.098148
4 3.286350e-008 126.711113 918.031214
8 2.723910e-007 233.523055 807.281787
6 2.925140e-007 217.622441 815.746014
4 2.952690e-007 280.170854 827.846020
8 1.093060e-007 366.101906 789.587110
10 1.961690e-007 614.215312 618.479299
2 8.703480e-009 758.579999 574.035168
5 8.518020e-008 760.386495 559.321876
11 1.114360e-007 866.323363 634.632000
10 2.088160e-007 714.623390 631.101347
5 1.220230e-006 845.345356 542.927955
11 3.875090e-008 845.425822 724.850389
2 4.519780e-007 824.945062 791.840127
2 5.580080e-007 732.146355 848.500753
10 1.939470e-007 599.622095 675.013751
10 3.720450e-008 768.676668 530.886029
5 3.012040e-008 730.702806 565.077782
6 1.384390e-007 300.097566 744.718375
4 1.570200e-007 297.743991 747.841691
8 1.542020e-007 236.218723 789.991447
6 8.740600e-008 150.102121 876.575854
4 3.716660e-008 147.343531 873.911897
8 2.111120e-007 134.826415 824.760673
8 4.331130e-008 98.844117 850.219476
6 6.515340e-008 241.516798 906.425215
4 7.590780e-008 245.019545 907.563331
8 1.170480e-006 207.487242 864.951295
6 4.754250e-007 220.631872 874.856432
4 6.202270e-008 223.755201 877.210017
8 3.386030e-007 201.234758 807.192005
6 1.893920e-007 176.576361 827.159957
4 5.430730e-008 173.625601 829.549432
8 1.605340e-007 85.026603 901.480647
6 7.367710e-008 168.939782 860.466492
4 9.849630e-008 239.758850 807.100611
8 3.674460e-008 283.093626 774.445585
8 2.399080e-008 49.734675 847.349754
6 2.761590e-008 178.541415 900.306052
8 7.792470e-008 162.564483 848.743061
4 3.135370e-008 172.231787 887.516937
6 3.423800e-008 388.605046 987.399410
8 8.510580e-008 283.632830 730.665549
4 1.013740e-007 288.793812 706.385116
6 1.625580e-007 359.590087 780.548961
8 1.597560e-007 239.385066 768.908898
4 6.291340e-008 248.663008 767.604952
6 1.786340e-007 387.327253 878.128268
8 8.605920e-008 291.495489 760.948954
4 2.706410e-007 283.095063 764.173584
6 2.409080e-007 233.952867 870.982338
8 2.193640e-007 146.222821 928.635578
4 5.324710e-008 225.632107 830.573382
6 9.291280e-008 196.050159 812.730513
4 2.131570e-007 324.431940 765.531043
6 3.423310e-007 325.062564 766.824019
8 1.558070e-007 356.860945 832.020521
8 8.581070e-008 171.368055 743.165190
6 3.192300e-008 180.161173 736.295279
4 2.435930e-008 334.636026 713.569381
6 3.931690e-008 358.878322 616.587291
4 4.052260e-008 332.729152 663.239229
6 2.020320e-007 251.937823 754.947468
8 2.374540e-007 195.784340 787.727215
4 3.888740e-008 182.181009 793.223303
8 9.258860e-008 111.170440 817.880917
6 1.679490e-007 247.016370 757.398367
4 2.554440e-008 186.974852 723.253445
8 2.342660e-008 237.050148 739.116455
6 6.943250e-008 159.053240 809.345606
8 1.827660e-007 186.098325 772.262150
6 8.893730e-008 237.803468 689.516870
8 1.207040e-006 211.257093 940.679459
4 2.412370e-007 279.899877 938.282205
6 5.307090e-008 301.195051 937.538500
10 1.301150e-006 647.093928 555.008779
5 2.865590e-007 794.801299 558.432638
11 5.021400e-008 844.662096 726.121155
2 7.421200e-007 819.696903 813.186317
5 3.929640e-007 904.674500 553.823355
10 4.023120e-008 835.588844 525.312983
5 9.456150e-008 887.525235 413.332509
10 1.697230e-007 715.448178 425.052957
7 1.611420e-007 702.640329 222.002164
5 2.015400e-008 721.596100 383.781594
10 1.569750e-008 714.597727 370.046586
7 3.686820e-008 696.871274 331.531185
10 4.725520e-007 666.844585 479.868650
5 1.818810e-008 730.435210 404.083815
10 9.705160e-008 525.333071 654.388423
5 5.485770e-009 740.690709 650.547084
2 4.944470e-008 731.543637 692.359603
10 5.972060e-007 650.695344 619.563696
5 7.774820e-008 770.162423 588.011761
10 3.378110e-008 815.399312 517.097794
5 1.032490e-008 717.076719 648.773503
2 5.649060e-007 754.169665 787.205139
11 1.133460e-007 829.110290 733.210133
10 1.830260e-007 741.726123 640.277740
7 1.265740e-007 555.486102 171.225204
3 6.104670e-007 523.829786 91.422752
7 5.624980e-009 591.215679 308.165929
4 2.281430e-008 372.852283 716.642822
6 2.147220e-007 286.241632 736.638533
8 9.909140e-008 145.856484 793.861453
4 1.183710e-007 261.071060 778.899541
6 5.798620e-007 262.844792 785.085209
8 4.095990e-007 255.817843 823.029278
8 1.210510e-007 255.826744 981.985851
6 3.448300e-008 251.802122 972.504378
4 8.167040e-008 197.193301 843.853257
6 1.122960e-007 398.861179 790.567462
8 7.262930e-008 401.421674 786.132546
4 4.809030e-008 362.888349 654.176183
9 1.120130e-007 145.664622 332.820933
3 1.592790e-008 521.470314 244.403308
7 1.018500e-007 558.908483 135.177973
3 6.403520e-008 555.567103 129.149994
3 1.247020e-007 419.947861 99.032818
10 1.471400e-007 544.927171 579.328302
3 1.336780e-007 540.374170 149.842604
7 7.204180e-008 573.155924 72.613069
10 3.004860e-007 591.163276 520.540731
2 1.091330e-007 725.879988 663.958443
5 1.482400e-008 647.813257 552.788049
10 3.443080e-007 644.269008 654.288681
11 7.317690e-008 842.380951 770.851723
2 3.079490e-007 840.993838 776.415100
2 1.161350e-005 800.369877 815.645227
11 4.677700e-008 787.490242 755.051500
10 9.649770e-008 775.258557 601.426948
5 3.523030e-007 814.507849 545.373430
5 3.436410e-007 812.276842 505.061188
10 1.248390e-007 763.237618 575.096353
7 2.255070e-008 844.136407 312.705748
10 4.328480e-007 704.046649 516.047996
5 7.372310e-008 704.025473 516.220467
9 2.936420e-008 135.046809 440.336228
9 1.117730e-007 85.450674 179.572906
9 1.589740e-007 130.082926 258.061922
9 8.067250e-008 119.048687 284.228280
9 7.382690e-008 103.320056 214.314486
9 9.412130e-008 159.207626 182.685318
