4 4.542990e-008 741.794980 566.332035
8 2.031350e-006 629.339410 666.081587
7 1.205650e-007 650.861147 657.386266
3 4.636460e-008 796.949283 598.362999
4 8.700900e-007 783.581118 408.717128
4 1.344710e-007 690.368287 403.083506
8 2.351270e-006 642.847494 622.011608
7 3.249710e-008 578.862332 596.587016
2 2.847930e-007 470.058761 514.685726
10 1.509400e-007 743.390472 86.041541
8 1.620930e-007 653.852000 523.168999
4 9.143050e-008 696.044609 300.109389
4 4.375920e-008 704.373820 525.094543
8 8.223090e-008 748.566803 601.639039
3 4.166790e-008 815.228207 629.842520
8 5.050820e-008 802.523109 647.157958
3 9.506080e-008 917.585459 650.347924
4 1.135870e-007 818.665995 544.814854
8 4.772280e-008 790.068672 623.538344
4 2.661990e-008 741.794166 519.827113
3 3.501270e-008 810.679265 611.122179
8 5.601230e-008 756.372061 669.167820
7 1.427520e-007 636.913893 773.011204
6 5.923430e-008 712.739645 965.774287
3 2.685300e-008 687.532029 848.065141
7 1.065460e-007 683.684256 832.632739
8 5.411150e-007 644.149177 674.067956
2 2.174830e-007 452.723023 570.057728
8 3.974250e-007 561.986654 584.609869
2 6.081220e-009 582.517830 586.406049
3 2.737750e-008 708.194897 531.465430
8 1.431680e-007 474.782954 527.541917
2 2.236170e-007 454.971819 533.222736
11 1.175070e-008 557.974172 182.105112
2 5.989590e-008 583.721274 427.887187
8 4.763820e-007 614.909728 562.196117
7 9.268950e-008 473.195146 644.015352
2 8.288890e-007 441.742580 469.922500
2 1.157360e-007 475.576535 397.228253
11 4.674840e-008 394.652424 262.548977
2 8.347410e-008 520.502786 376.724610
11 8.642600e-008 300.469221 304.730551
11 9.100480e-009 190.072323 179.079891
11 1.374360e-007 219.993982 174.770767
11 4.444020e-008 153.270185 197.779253
11 1.983590e-007 248.446330 146.355440
11 2.892270e-008 201.480691 20.749048
11 1.229710e-007 220.525609 163.703474
2 1.148190e-007 343.091565 426.195071
2 1.658880e-007 294.326710 535.503232
9 1.679900e-007 248.528585 792.346998
5 1.426120e-008 304.284614 779.364325
9 7.126160e-008 271.249083 750.019634
9 1.474590e-007 256.623982 811.785714
9 6.892770e-008 213.431877 700.895270
9 4.026090e-007 321.581527 936.674974
5 1.795320e-006 276.528439 962.686294
9 1.808470e-007 225.896653 809.116188
5 3.581230e-008 226.789533 808.366972
