3 7.614650e-008 640.675856 631.418107
11 1.289990e-007 452.992463 434.395361
7 9.404540e-008 474.488627 281.676222
8 2.454060e-007 542.095491 222.906209
5 9.686380e-008 639.497373 150.960930
8 6.111430e-008 565.221071 260.335547
3 2.373190e-008 785.407815 665.449549
3 3.249810e-007 696.171432 721.499420
3 9.173170e-007 665.656109 760.326590
11 6.298100e-008 484.403755 491.644364
3 8.233900e-008 671.414262 581.024746
11 3.861060e-007 423.900912 511.174439
7 1.159160e-007 464.243873 349.366246
8 1.169110e-006 536.242175 206.785809
3 3.237030e-008 536.554994 607.434401
11 1.081890e-007 460.636078 575.578502
7 9.583170e-008 411.700424 447.949727
11 6.981760e-008 461.992538 367.740294
8 9.029120e-008 514.496730 237.786857
7 1.324890e-007 426.253116 315.140945
8 1.044400e-007 498.534110 125.995998
5 4.061060e-009 482.849895 153.393323
7 8.745090e-008 468.968648 325.190110
7 2.639530e-007 223.424868 312.814915
11 2.540760e-008 314.161887 264.227322
7 7.077100e-008 224.959175 178.650010
7 1.261780e-007 205.055460 210.685404
7 8.277580e-008 158.089770 316.236578
7 5.333470e-008 165.088836 229.770315
11 1.345590e-007 343.381976 430.348093
7 1.186850e-008 179.636494 409.506049
11 5.513980e-008 130.142373 490.502147
11 7.222470e-008 344.060171 633.365000
10 5.457900e-008 219.855532 724.797536
2 1.583250e-008 256.641981 811.460957
6 2.255570e-007 257.890567 814.402439
9 2.413860e-008 307.000891 771.004353
10 1.639610e-006 152.882344 784.873257
2 1.069780e-007 76.206173 720.534380
6 8.729810e-008 223.100278 783.733762
11 3.868640e-008 188.014651 639.300589
10 7.735530e-009 174.725764 634.982793
2 5.045760e-008 108.872271 760.811514
4 1.521120e-008 178.454653 821.383419
6 2.505580e-007 184.897127 820.592406
10 1.081780e-006 148.893127 797.453588
2 8.838660e-008 180.574339 803.121858
6 1.051540e-007 245.109991 749.675162
9 1.165000e-008 221.986499 714.068199
10 4.052760e-008 272.925001 661.014087
11 3.384430e-008 376.973787 726.662489
6 3.821800e-008 370.958507 908.167262
9 1.663150e-007 334.909342 928.980184
4 5.713510e-008 86.002342 914.032375
10 1.025640e-008 77.800534 909.671386
2 5.583850e-007 54.603295 873.505731
6 1.249470e-007 157.177088 746.581365
4 2.266050e-008 199.115292 831.588426
10 4.891440e-008 206.372042 825.499288
2 1.400350e-008 243.142769 794.644973
6 5.721830e-009 116.835208 927.732147
9 2.200690e-007 338.073721 880.878796
6 3.764300e-008 231.461263 767.376291
10 2.793640e-007 189.247441 819.959550
4 4.510960e-008 231.171072 938.051120
9 6.310020e-008 315.875217 891.830978
6 2.652320e-007 242.028160 956.023566
2 1.303510e-007 137.516038 844.398626
10 2.609170e-007 135.809071 838.815487
4 1.246720e-007 87.234133 900.600581
6 1.427150e-006 272.943496 868.170841
9 9.194530e-008 353.304198 861.140023
10 4.960080e-008 272.189967 748.133124
6 6.613230e-007 245.865398 881.275103
9 9.767410e-008 331.166029 904.131328
2 2.022560e-007 52.193168 902.992801
4 8.521120e-008 50.328278 902.493099
10 6.529690e-008 41.533346 900.136477
6 1.120590e-007 211.368168 883.687528
2 1.146420e-007 178.775136 824.159081
10 1.581480e-007 189.827044 826.307382
6 2.427060e-008 259.026865 664.688586
2 6.057630e-008 154.496441 704.792038
10 2.561270e-007 163.553161 710.900872
6 2.620350e-008 92.507225 706.743741
2 1.285120e-008 234.070709 895.398061
10 5.583470e-008 237.166904 905.525297
6 1.470240e-007 224.945864 899.007094
9 1.142930e-007 358.033208 907.808647
6 6.204780e-008 379.033577 648.548542
11 1.162210e-007 352.574628 589.120381
