7 3.225500e-008 781.958000 531.419000
4 2.342020e-007 743.848856 564.546636
7 7.870370e-008 657.976251 654.511586
4 1.836120e-007 649.306660 502.737137
4 1.817720e-007 692.979961 401.920721
4 7.318310e-009 657.959965 556.551609
11 1.772580e-007 522.739831 558.732014
5 3.741640e-008 454.434542 441.179788
4 1.507950e-007 632.121666 486.782506
4 6.187220e-007 731.745112 472.103930
7 1.654780e-007 785.856540 666.226763
2 4.073450e-008 821.651257 614.710665
4 6.275690e-008 782.910449 567.688542
7 5.341320e-008 876.343071 668.325729
