6 1.147130e-007 734.116539 573.006775
2 3.698910e-008 671.632666 627.322952
6 1.697140e-007 647.164325 504.237217
6 2.131510e-007 659.699956 549.014798
10 1.650390e-007 518.051396 555.569634
3 1.454720e-007 433.314628 341.818714
11 1.043860e-007 466.748690 288.404476
9 9.606140e-009 711.516612 88.722294
3 2.728180e-008 569.325625 338.653950
6 7.762490e-008 653.852000 516.606012
9 5.130160e-008 828.081669 231.533072
6 7.787490e-008 701.609865 520.307232
2 8.885650e-008 778.308382 653.152969
6 1.142250e-007 726.106945 617.066870
2 2.944290e-007 877.145990 668.555964
6 6.789660e-008 777.615346 615.916653
2 1.616690e-007 846.094853 573.092352
6 3.544400e-008 824.854538 503.681715
2 1.729340e-007 817.680328 602.161275
2 5.824820e-008 646.389916 683.054970
6 2.680650e-007 646.300895 682.697931
10 1.222870e-007 491.492691 618.081695
3 4.287330e-008 473.520539 459.674594
10 3.353940e-008 516.896148 580.665102
6 5.107150e-008 517.793439 580.743602
2 5.566840e-008 736.593975 576.467058
6 1.770340e-008 502.740780 519.525043
10 3.072810e-006 439.968722 537.524857
3 2.963800e-008 459.886514 366.842812
11 8.250050e-008 526.860939 225.197458
6 1.615410e-007 627.483260 554.936760
10 2.099130e-007 493.814539 632.110699
8 2.388810e-008 457.652356 603.966581
7 3.335760e-008 326.834768 524.363258
10 2.309760e-007 391.195156 466.412790
3 1.913100e-007 473.716410 338.722468
11 4.705330e-008 510.316514 293.057340
10 2.458320e-008 441.648663 340.763236
3 1.872960e-007 423.516571 206.442418
11 9.206240e-008 501.511896 128.627874
3 4.122490e-008 515.244042 384.300556
11 2.927950e-008 316.863035 303.871367
4 1.559920e-007 175.367562 311.976167
3 1.283630e-007 366.856887 315.318246
5 1.207400e-007 212.749510 177.494198
11 4.244570e-008 191.021272 179.013536
4 6.922590e-008 34.711403 189.943434
5 6.928020e-008 41.964204 183.816014
4 3.379510e-006 202.627242 197.321192
11 7.303720e-008 220.759368 175.368753
5 8.045280e-008 70.956201 232.793675
4 1.623670e-007 87.926213 150.238584
5 9.901250e-008 59.320500 144.621613
4 1.107940e-007 115.973774 129.880861
5 4.858670e-007 96.595641 118.359697
4 1.454710e-006 165.797123 151.916795
5 8.454470e-006 149.681737 115.206273
11 4.006250e-008 160.005320 262.834124
4 1.146590e-007 169.355148 263.613583
5 1.262830e-007 77.457630 188.494207
4 7.184340e-008 163.515576 337.550526
5 2.045210e-008 226.937329 21.382203
4 4.606560e-008 79.179310 67.696062
5 3.772280e-007 87.340373 141.489826
4 4.876630e-007 189.040543 135.634264
11 1.365910e-008 174.856270 218.129964
3 2.504640e-007 336.866717 337.176644
10 1.773870e-007 348.242464 499.855486
7 3.172570e-007 222.704270 577.226404
7 1.751390e-006 192.992668 544.130262
10 1.451400e-007 350.611755 584.431309
7 7.058520e-008 357.880597 590.750048
8 9.398970e-008 298.978472 647.147880
8 2.596010e-007 278.240339 722.676992
7 4.613770e-008 31.828671 683.774387
8 2.664220e-007 284.922639 740.445315
7 2.826470e-007 146.014310 625.653931
8 1.957320e-007 259.402458 805.181244
8 1.449730e-008 176.123694 643.445853
7 1.484880e-007 231.599582 652.230204
10 1.189660e-008 375.398326 717.727565
8 4.147270e-008 226.401612 814.272760
8 1.293970e-007 391.823005 718.348759
10 3.064360e-008 316.674308 741.324034
8 2.215830e-007 315.084789 892.518069
8 1.252190e-007 339.456462 862.351571
8 9.662120e-008 300.585066 895.937188
8 1.310040e-008 144.876455 849.657841
8 3.118190e-008 220.471347 623.251041
7 1.914930e-007 151.571868 626.861849
8 6.235280e-008 235.552484 900.244745
8 1.518240e-007 377.999588 831.672877
10 2.318160e-007 354.191661 592.752321
7 6.424480e-008 336.727345 568.312864
8 1.529750e-007 365.337021 651.401426
10 1.450720e-007 244.780847 461.115723
7 1.706820e-007 141.306205 440.008095
7 4.786260e-007 184.629642 614.611352
10 1.584190e-007 350.556099 580.143111
6 7.519160e-008 561.561033 639.872319
6 6.780950e-007 631.972026 555.635613
2 3.012740e-007 760.517813 651.009559
6 1.114200e-007 743.892199 621.660727
2 3.038890e-007 824.945013 621.282016
6 7.134760e-008 822.561680 582.867375
2 9.550020e-008 914.054277 698.203315
2 1.996350e-008 883.027942 476.032752
6 1.229940e-007 671.178827 536.014591
10 5.995670e-008 505.125385 510.954532
6 4.945090e-007 672.319478 585.394314
6 6.158980e-007 635.916672 596.784500
10 2.325320e-007 478.396544 499.354394
8 1.741410e-008 578.923678 734.815074
6 1.294950e-007 593.942278 740.882948
2 1.688030e-007 729.497657 776.086598
6 1.410470e-007 621.862434 727.778762
8 3.778600e-008 497.506618 695.124326
10 1.767110e-006 436.004866 565.052343
7 7.515070e-008 206.108473 490.848965
10 1.585280e-007 335.958470 582.308016
8 3.238410e-008 415.908115 602.241931
7 1.965920e-007 296.590221 517.469046
10 7.753870e-008 395.743082 664.678339
8 4.938900e-008 408.642053 583.238252
8 7.092280e-007 328.573988 807.517822
10 1.229100e-008 307.500494 705.377905
8 3.166890e-007 310.141959 726.939195
7 1.481770e-007 182.053240 649.867361
8 5.920170e-008 181.692025 661.114967
7 1.499600e-007 215.891450 643.233844
8 1.944780e-008 350.648208 629.906184
10 1.447840e-007 352.958891 626.480446
6 8.374470e-008 536.361348 600.792960
2 8.727340e-008 753.291932 597.824652
6 5.988170e-007 630.623878 686.003672
2 4.345760e-008 750.954225 552.363943
2 5.391890e-008 671.130350 808.140979
6 9.956300e-008 752.297276 731.677206
2 3.731390e-008 836.310904 782.157636
6 2.684320e-008 731.405048 819.973088
8 4.061090e-009 543.523062 850.474534
2 5.174920e-008 616.649868 794.351714
6 5.140010e-008 549.091611 761.401291
6 2.076830e-007 590.771743 688.232353
10 1.603110e-007 486.703798 628.133866
8 4.192650e-008 487.621526 628.004892
6 1.209110e-007 574.218648 615.834800
2 6.853980e-007 805.465247 637.501873
6 1.917890e-007 721.030376 719.156893
2 6.046700e-008 700.288167 856.243918
6 1.701040e-007 655.074103 712.775780
2 1.748560e-008 683.919915 740.179787
