11 4.006800e-005 781.958000 531.419000
10 1.681170e-008 812.905534 591.116199
11 4.558220e-008 744.936882 565.025496
3 2.861350e-008 647.537146 601.698279
8 5.002630e-008 451.327606 426.562849
6 3.531600e-008 539.898782 224.815788
6 3.177550e-008 565.073306 257.516066
3 2.820280e-008 630.216962 482.295301
10 1.062680e-007 816.890278 625.926900
11 5.057510e-008 819.855009 618.942387
10 8.753830e-008 916.145175 646.165015
11 3.385330e-007 913.576054 638.703711
11 5.590400e-008 887.689551 514.962152
11 3.140920e-008 791.470915 635.707616
10 6.213240e-008 759.167942 666.737399
3 4.634440e-008 477.293784 612.913700
8 7.373280e-008 487.494285 483.994955
3 9.785310e-008 531.071997 581.905284
10 1.491730e-008 751.388603 550.696609
11 6.279660e-008 744.595518 547.672117
3 1.501970e-006 489.927899 523.199122
8 1.696320e-007 422.103021 518.385451
3 3.355750e-008 581.358225 422.579682
8 1.264910e-008 468.456035 501.176947
3 5.041010e-007 446.981479 466.897820
3 8.737980e-008 478.784750 402.567577
6 3.529210e-007 434.093214 195.100363
3 9.411810e-008 516.437022 372.658817
6 5.049170e-008 293.938153 305.072838
4 1.533110e-007 220.020299 308.946801
6 7.499370e-008 183.747926 179.522121
7 1.724650e-007 130.494424 183.245849
5 1.998490e-007 60.286106 188.155134
4 1.594400e-007 32.563350 190.093635
2 2.199940e-008 50.327125 155.174177
7 6.717050e-008 115.653825 194.284201
5 1.065710e-007 191.173175 196.921232
4 4.223350e-008 220.993011 197.962499
2 6.568820e-008 73.345024 232.932694
5 2.656200e-007 88.725396 145.706189
7 5.454220e-007 90.498983 135.647671
4 1.456660e-008 91.140516 132.009350
5 3.920680e-008 128.868728 145.248517
7 5.262490e-007 135.178983 152.768811
4 7.303510e-008 150.280475 195.982846
7 1.280820e-007 126.816233 174.422413
5 3.185200e-007 77.308040 203.005971
4 1.926540e-008 38.740832 219.113734
2 1.769130e-008 202.047205 215.145349
5 4.945300e-009 225.909244 179.768228
7 4.526260e-008 248.373970 146.462718
6 8.222930e-008 228.540954 122.268419
4 5.039530e-008 70.148795 175.834970
5 1.552410e-007 125.383441 235.285805
2 1.308270e-008 124.211885 232.386111
7 4.031570e-007 108.206440 157.966208
5 6.627330e-008 151.352274 95.134472
7 7.863830e-008 238.650757 104.310028
4 1.266450e-008 136.068326 141.201885
6 1.241870e-008 216.321751 168.713427
7 7.808380e-008 144.545192 254.253228
2 7.012890e-008 135.815014 288.577967
5 4.342410e-008 137.879104 288.758553
8 1.947760e-008 343.213747 427.942339
3 4.474610e-008 347.434683 488.303827
8 1.500460e-008 160.159621 406.421183
4 1.145300e-007 149.374085 404.712904
2 4.079380e-007 56.722039 390.038108
4 1.094470e-007 121.162325 440.212935
2 1.887390e-008 193.917866 466.693819
8 3.819860e-007 259.645386 505.355073
3 2.401500e-008 386.670539 620.337683
9 5.507770e-007 274.446233 853.405135
9 6.886460e-008 259.635283 758.151698
9 2.132170e-007 274.518698 806.238287
8 2.941330e-008 228.928150 651.662381
9 1.959530e-007 399.374797 853.705567
9 3.848130e-008 99.801928 896.048592
9 4.603370e-007 260.536887 915.737940
9 8.128710e-008 180.821337 879.915016
9 7.706350e-008 166.181561 938.157675
9 8.341160e-007 265.467974 868.824880
9 1.796660e-007 226.882124 872.614912
9 8.975880e-008 188.905737 884.864731
9 5.379220e-008 255.636721 688.810026
8 5.668640e-008 170.915181 625.848126
9 1.339690e-007 228.436410 876.969030
9 2.947150e-007 373.062093 857.073814
3 4.046930e-008 327.999158 533.922610
8 8.594480e-007 326.945469 531.555972
8 8.705990e-008 176.887129 426.522225
4 7.248590e-008 136.483939 405.935818
2 5.446270e-008 152.994315 494.996388
8 1.445280e-007 199.413673 530.767196
3 3.181940e-008 390.982241 571.550278
3 7.903200e-008 575.149971 448.769504
11 4.318520e-008 793.294323 656.789093
10 1.540050e-007 851.242690 667.007221
11 7.467760e-008 801.756623 647.035438
10 7.418280e-008 750.115732 704.388694
11 1.177560e-005 887.382158 721.388897
10 6.972680e-007 827.982863 773.023608
3 7.248120e-008 514.594100 553.225083
8 3.264740e-008 529.438285 614.395785
3 2.453870e-008 537.127672 653.954431
8 3.133920e-008 472.332905 573.039364
3 2.338110e-007 475.141442 595.913826
11 1.510650e-007 864.300784 766.660516
10 1.434870e-006 872.198918 766.108240
3 3.264960e-007 466.806361 570.483566
8 2.525070e-007 394.963378 557.815503
4 3.482490e-008 109.738455 428.604832
2 4.354150e-008 169.364082 480.436454
8 1.843070e-007 327.404117 580.175151
3 1.099000e-007 414.001687 601.766600
8 2.721770e-008 396.753857 658.296617
3 4.201700e-007 421.072009 504.759380
9 1.038230e-007 365.170442 796.073286
9 4.982430e-008 316.384109 724.543100
8 2.937330e-008 235.821699 670.506944
9 8.600310e-008 182.060286 797.052237
8 6.940100e-008 373.444675 596.108939
3 1.754030e-007 411.563990 539.594578
11 1.520860e-007 805.845022 747.202778
10 1.562840e-007 808.049850 754.891925
11 2.121110e-007 853.841621 640.661538
10 3.048660e-007 891.302723 717.517483
10 1.613720e-007 818.834388 844.053413
11 1.219520e-007 829.809610 832.686521
10 4.991090e-007 850.837202 696.575924
11 2.201930e-007 821.012863 638.785994
9 5.283410e-008 451.770854 931.068138
3 1.779510e-008 584.367424 656.301219
10 3.565990e-008 763.146311 686.252260
11 8.525540e-008 757.047530 691.017158
10 2.734520e-008 864.915280 857.881074
11 3.969040e-008 797.063808 825.972590
3 1.666020e-008 633.231997 631.478231
10 6.156820e-008 781.916864 757.107799
11 4.845260e-008 803.922431 754.405848
10 6.484780e-008 753.374315 722.274067
11 9.918290e-008 754.280504 714.893538
3 1.516140e-007 534.565595 541.407179
6 6.022520e-008 552.873001 177.389616
6 2.145160e-008 490.483372 131.566216
8 6.427170e-008 298.603213 352.879153
3 3.646150e-008 295.872198 352.831488
4 8.223870e-008 214.931079 351.418791
2 4.312510e-008 127.071384 316.447684
5 9.345210e-008 184.611290 252.542709
6 8.727030e-008 286.140647 236.700722
7 9.877770e-009 288.747964 239.048358
6 7.271580e-008 502.655222 112.855409
6 2.270280e-008 492.002814 264.768329
8 3.050160e-007 390.054954 485.178814
3 1.346190e-007 391.267589 487.779335
6 1.295520e-007 403.454631 256.261746
6 9.599230e-008 434.250201 249.555372
3 3.170850e-008 432.233355 320.473511
6 2.568030e-007 457.354685 93.413203
3 2.092320e-008 487.805590 394.746760
8 4.564710e-008 430.275704 371.503193
4 5.385470e-006 139.951357 309.752323
2 5.467170e-008 134.219749 227.787884
5 6.735030e-008 134.075215 225.720987
7 1.984190e-007 127.642694 133.733200
6 5.531400e-008 252.852863 223.339499
7 6.329980e-008 236.360089 238.368561
4 4.989710e-008 194.483758 244.729934
5 3.865150e-007 72.205410 157.668217
2 4.862900e-008 127.352497 229.010302
7 1.085490e-007 121.190972 219.522423
4 2.040430e-008 96.244793 159.404942
6 5.619780e-008 247.592800 134.298230
5 3.072070e-007 38.537312 157.960224
7 1.287830e-007 35.104416 155.079683
4 1.637200e-008 24.636997 146.296479
2 1.982880e-007 18.353500 273.236996
6 1.122430e-007 274.589352 129.456487
7 4.415840e-008 290.884932 112.581889
4 5.581950e-009 231.496447 213.296688
6 9.330040e-008 244.366733 204.686007
7 3.640570e-008 248.832497 212.742473
2 2.198160e-007 108.042010 327.357687
5 1.085240e-007 111.518045 321.086786
4 9.258460e-006 115.479158 313.940786
7 3.808490e-008 216.829401 272.321950
8 2.769380e-008 240.464623 269.564139
6 6.739370e-008 260.749789 203.312699
6 1.089370e-008 517.666115 301.826534
6 4.915640e-008 557.337037 113.491538
6 2.016720e-007 341.204025 201.304635
8 2.632910e-008 228.308586 290.284478
4 3.755130e-007 176.030727 258.872686
5 3.103450e-008 207.517654 281.259787
6 4.374320e-007 401.861226 171.386407
3 3.363040e-008 375.615509 347.294935
8 4.303860e-008 467.942516 366.168727
10 1.332320e-008 738.080523 695.059274
10 5.956710e-008 763.997615 694.106225
11 4.576040e-008 759.865061 700.469782
3 1.772840e-007 505.296336 484.507592
8 7.585340e-008 441.826595 480.929936
3 1.103930e-007 525.956920 560.232747
8 1.013030e-007 413.047138 529.704262
3 1.100600e-008 624.795793 563.806614
8 1.083180e-007 295.510462 582.459678
4 5.963170e-008 98.586683 461.216632
2 6.564130e-008 92.974930 473.692548
8 1.783250e-007 254.294572 544.020885
3 3.294240e-008 274.386882 482.265648
4 2.432010e-008 196.810808 486.331241
2 1.808900e-008 204.110089 534.528600
8 6.400180e-008 219.682855 593.491495
4 6.653850e-008 172.979373 415.918957
2 5.296770e-008 89.642285 534.068162
8 8.469820e-008 205.556527 474.913707
4 5.074740e-008 78.266235 509.020975
2 8.077720e-008 145.560056 486.605821
8 3.292870e-008 173.420051 441.139230
4 3.175030e-008 140.509221 438.837775
2 2.963760e-007 53.938383 432.783874
8 9.441390e-007 324.343801 547.751550
3 7.503810e-008 403.407298 581.312006
8 2.323950e-008 531.231026 567.686044
3 5.289910e-008 615.146913 581.068968
10 7.205640e-009 796.693206 584.565814
11 8.339840e-008 798.978187 577.091969
3 1.709000e-008 558.166330 530.743892
8 2.714930e-008 502.384655 451.554307
3 2.891340e-008 386.389481 442.355306
8 3.745730e-008 441.386507 452.817875
3 8.994880e-008 418.652951 587.713956
8 7.794300e-008 385.219455 615.768420
9 2.612440e-007 356.784900 816.230033
9 6.932020e-008 220.576207 768.508850
9 1.680960e-007 377.313822 853.125445
9 2.047430e-008 257.124861 696.379435
9 1.509620e-007 249.964897 803.851936
9 9.050930e-008 322.549896 808.010736
9 7.023070e-007 270.071153 940.549167
9 7.648210e-008 193.980396 760.246335
9 9.251290e-008 261.626753 752.115021
9 3.702610e-008 153.789768 763.521368
9 2.705570e-007 319.706620 826.078763
9 5.300200e-007 244.138201 870.818482
8 5.504320e-008 360.108054 631.897440
9 1.543340e-008 142.757861 834.323600
9 1.467610e-008 183.568608 832.690929
9 3.363550e-007 223.863096 921.466812
9 1.181510e-007 248.270990 791.023255
9 3.053850e-007 205.844434 919.473766
9 5.837980e-008 209.879633 757.941854
9 3.353020e-008 393.361424 716.704019
3 2.116720e-007 410.126579 557.198446
8 1.289440e-007 411.976130 539.601610
3 4.333340e-008 551.956298 484.434748
11 6.445910e-008 729.166187 717.068100
10 1.069530e-008 701.011455 572.223916
3 5.658820e-007 490.035661 511.923657
8 1.916310e-008 404.726269 649.587103
9 1.234940e-007 320.713823 799.105155
9 4.928480e-008 344.180137 807.143512
9 1.249870e-007 273.369501 997.620917
9 3.727580e-008 289.924249 779.531418
9 5.301950e-008 207.575522 832.461680
9 6.881720e-008 144.448665 857.040572
9 2.517360e-007 337.532621 942.878516
9 9.372710e-008 185.258513 856.916807
9 4.999620e-007 266.878495 826.089889
9 3.770700e-008 144.449360 818.765069
9 6.888330e-008 195.762037 933.879465
9 1.254200e-007 153.395256 918.645533
9 6.530970e-008 222.397378 770.847864
8 1.667710e-008 299.845014 717.809388
9 2.022890e-008 229.956641 981.240698
9 5.479080e-008 181.577370 807.371522
9 6.020540e-007 310.502281 848.353840
9 4.618000e-007 280.974409 836.669441
9 1.650600e-007 243.295980 990.278726
8 2.595790e-008 236.294768 684.991669
9 6.407110e-008 179.750657 905.772119
9 3.752530e-008 187.792624 795.768312
9 1.249430e-007 367.949632 815.908469
9 6.360080e-007 327.354681 912.332237
9 1.946010e-006 268.090937 895.913868
9 2.138260e-008 192.128576 759.310477
9 2.589910e-007 358.804010 837.112028
3 3.235560e-007 447.680022 568.374908
8 3.544970e-008 455.782112 491.288895
6 1.160990e-008 310.346761 250.064653
7 2.355780e-008 227.606485 87.677319
4 1.748500e-008 204.476681 242.834104
5 1.696310e-007 117.644372 164.059246
7 4.521390e-008 263.029078 133.156893
6 8.174080e-008 228.167235 180.958437
4 1.015740e-007 155.727744 218.691370
7 7.095590e-008 197.589438 241.558699
5 3.441350e-008 220.136507 249.886781
6 2.447030e-007 305.740018 123.360656
7 2.445180e-008 246.966751 101.353665
6 1.338070e-008 200.027446 283.236354
4 1.653090e-007 198.786597 284.944224
5 7.691350e-008 190.699717 167.875978
7 6.894760e-008 182.463074 204.938271
2 6.732600e-008 218.016986 328.984296
4 2.771750e-008 326.923322 360.213006
8 9.450340e-008 378.286217 367.922349
3 1.506940e-008 394.141559 293.329763
6 2.842960e-007 445.889490 164.657518
6 1.449900e-007 469.659556 83.616317
6 5.372390e-008 548.320205 250.438485
3 9.192240e-008 511.939326 390.628405
6 6.200790e-008 455.363630 216.508050
6 2.749070e-008 470.140398 315.360421
3 3.645590e-008 434.152488 313.087167
6 3.155300e-007 425.193776 111.277523
8 8.257830e-008 388.163632 364.976434
3 1.022270e-008 471.500611 353.263969
4 1.363250e-008 372.758181 326.144638
6 2.123280e-008 472.346883 300.598833
8 1.002400e-007 392.413564 454.120148
3 3.498580e-008 394.779041 455.485854
11 3.007550e-008 729.502799 554.515630
10 1.570170e-008 721.883287 550.962578
3 4.915450e-008 605.320000 563.880456
11 1.138380e-007 735.415604 817.151527
10 2.913500e-008 727.676279 815.925745
10 7.007250e-008 761.522183 728.657440
11 1.872230e-007 797.545090 666.263959
3 1.220660e-008 461.976276 726.498851
3 3.948380e-008 619.482853 515.516206
10 3.162810e-007 824.607759 726.356265
11 2.149050e-007 830.120483 731.679838
10 2.649630e-007 836.499561 693.404180
11 7.671660e-007 829.534736 696.218134
10 4.384290e-008 819.433672 880.431595
11 6.091330e-008 812.730935 884.146975
10 4.723320e-008 809.104963 630.320395
11 1.523920e-007 808.699888 638.049225
10 5.911270e-008 797.056976 715.797413
11 1.714270e-007 800.283414 709.182232
10 4.323390e-008 840.982270 618.396052
11 3.912560e-007 848.854251 617.845583
10 4.083300e-008 729.121179 777.905394
11 7.103980e-008 725.005495 784.007180
10 5.817830e-008 712.959900 610.477282
11 1.611620e-007 874.567945 641.890709
3 4.488290e-008 579.028975 455.734973
6 4.996490e-008 420.882833 267.639856
6 6.168350e-008 510.583099 121.743461
8 4.350710e-008 500.287859 428.855917
3 6.964780e-008 496.249740 421.570926
6 5.455070e-008 455.359816 238.956466
3 9.780460e-008 547.984601 441.567193
3 3.107500e-008 579.532306 606.568055
10 1.786370e-007 842.600641 756.948993
11 5.899740e-007 840.756117 758.496728
3 3.934890e-008 619.420083 475.622004
8 3.281180e-008 365.052605 363.602737
7 1.341750e-007 212.131171 174.936792
4 2.722680e-008 210.306474 172.016665
6 3.370340e-008 205.997533 165.120915
5 2.781510e-007 85.356812 176.404586
2 1.137200e-007 46.974185 252.679572
4 1.435430e-007 79.110089 227.305847
7 2.290060e-007 58.271188 180.849898
5 2.283710e-007 124.699523 225.656489
6 4.863230e-008 256.825325 116.358399
4 7.479760e-008 246.040731 228.435372
7 1.921470e-008 216.191738 158.115570
5 6.398940e-008 182.342300 202.367938
7 3.516760e-008 187.389751 243.475491
4 1.703780e-007 194.225126 299.144279
2 7.079200e-008 80.048093 280.799980
7 2.126690e-007 80.219632 142.913484
5 3.611170e-007 60.467949 197.181076
4 5.834220e-008 47.132080 240.352028
2 5.447190e-009 88.985566 158.210365
7 1.383740e-008 273.637225 290.271748
8 8.505030e-008 377.438824 383.734950
3 2.074570e-008 380.022993 339.242852
6 9.161740e-008 348.141049 205.669471
4 2.597160e-008 160.916762 205.335086
7 9.450330e-008 83.063769 165.666909
5 1.415710e-007 82.533201 165.396571
2 4.766990e-008 189.290301 259.981157
8 1.051240e-007 413.212155 409.276517
3 2.889380e-007 430.315837 489.806578
8 3.158770e-008 497.521418 564.196382
3 5.317890e-008 503.566531 627.345341
3 1.866780e-007 509.664189 503.233433
6 2.289140e-008 357.224701 239.282215
3 1.809900e-007 438.694526 424.072774
8 5.316690e-008 488.965485 477.981894
11 7.186250e-008 725.245717 627.258427
10 3.513720e-008 721.699799 822.652816
11 2.433200e-007 851.681796 774.654234
10 8.564690e-007 857.333356 757.260370
3 5.417140e-008 495.125963 626.917789
8 9.593240e-008 337.765957 575.777413
3 1.643430e-007 371.313802 532.206057
8 2.958390e-008 480.427689 649.215883
3 1.075260e-008 519.412805 288.753763
6 5.140590e-007 443.025223 170.687634
6 5.944780e-008 499.959544 206.126207
3 2.775950e-007 430.211035 435.182727
8 6.285240e-008 466.596787 512.212582
11 5.850270e-007 851.754417 648.258748
10 1.045150e-007 851.268922 645.505414
3 9.071050e-008 507.246066 569.834049
8 1.418260e-008 428.296825 593.451278
9 2.344040e-007 392.444808 857.488562
9 1.778210e-007 334.318512 881.752078
9 2.371210e-007 216.124794 857.140567
9 5.023520e-008 365.275871 813.590372
3 9.764940e-008 414.083520 596.759771
8 3.714870e-008 459.965763 520.398097
3 1.073060e-007 410.069504 572.752668
8 8.016990e-008 342.595394 625.469351
3 6.917160e-008 551.606322 555.050358
11 1.342610e-007 780.253178 702.873445
10 5.869260e-008 780.545420 705.653936
11 6.926460e-008 761.595410 796.962438
10 5.393310e-008 761.902865 799.887731
10 4.940120e-008 761.423558 762.569533
11 3.195280e-008 727.193930 634.824045
3 6.590690e-008 523.116659 599.772945
10 1.094600e-007 787.677253 806.438087
11 3.905840e-008 786.962079 804.237016
3 2.646140e-008 617.497268 684.625769
10 6.900730e-008 751.627419 679.668301
11 4.074090e-008 750.539407 677.705485
10 3.875320e-008 706.787513 736.276266
11 7.342920e-008 704.910877 734.962228
10 4.307380e-008 797.886759 693.194299
11 1.227050e-007 799.020547 691.230526
3 4.583990e-008 594.035154 611.650377
3 4.146720e-008 540.587186 408.209408
10 5.696280e-008 814.435088 807.573709
11 2.513070e-007 860.987959 735.889171
10 9.781890e-008 831.638740 663.461484
11 4.909250e-008 795.326134 563.693090
3 6.219640e-008 518.755262 663.637553
10 3.297430e-008 849.718167 657.074418
11 1.504460e-007 851.482449 658.608080
10 2.677750e-008 758.126059 689.223192
11 2.347270e-007 799.411455 742.065811
3 3.510410e-008 541.565340 521.777139
8 2.083390e-008 492.806557 414.825743
3 7.228700e-008 578.152868 525.130430
10 1.016700e-008 737.476026 761.252000
11 9.559630e-008 759.397029 800.987213
10 1.177610e-007 836.991031 778.574946
11 1.792980e-007 797.226400 723.265543
10 6.949320e-008 849.249979 604.865393
11 2.910590e-008 829.245528 518.216442
3 2.129680e-008 518.892003 717.140082
10 3.176440e-008 698.439859 838.585632
3 2.389670e-008 656.140433 467.907506
10 1.198650e-007 859.761598 639.925862
11 2.759410e-007 857.542147 640.003362
10 1.891210e-008 749.073977 769.616548
11 6.375550e-008 751.086736 770.555117
3 7.834070e-008 523.016310 572.504900
8 3.548750e-008 428.373681 372.543871
6 3.781090e-007 418.095703 221.853926
3 4.494670e-008 416.079135 393.040641
8 2.477870e-007 371.983577 479.583245
3 9.431130e-009 566.980293 637.172026
10 2.216050e-008 746.816649 651.445473
11 2.330220e-008 711.875733 711.965023
11 2.112770e-007 861.734476 640.198186
10 9.040120e-008 860.612250 653.024942
10 4.589990e-008 813.938897 593.743470
11 4.304540e-008 811.786124 594.527021
3 1.398970e-007 510.501009 564.272788
8 4.330560e-008 464.870880 418.749174
3 6.608460e-008 570.874178 627.412637
10 7.220790e-008 749.794904 783.889540
3 5.460420e-008 517.017767 596.778943
8 3.535410e-008 462.751764 598.598223
10 2.975670e-007 817.298793 723.968083
11 2.468840e-007 824.300801 725.975898
10 3.819060e-008 755.794721 825.050091
11 1.353600e-006 873.224810 692.964947
10 6.829710e-008 809.837551 642.064362
3 2.065480e-008 675.839349 644.907349
11 1.086360e-007 760.369089 778.873861
10 1.956450e-008 765.620076 879.071231
3 7.607410e-008 467.291908 597.098427
11 3.587460e-009 695.348715 810.932807
3 1.154110e-007 546.316938 550.350055
10 6.475300e-008 901.701736 635.366106
11 2.553390e-007 904.027639 641.435381
10 1.346850e-007 815.892313 671.746495
11 9.206070e-008 820.524169 677.466319
3 3.823960e-008 572.443600 561.090714
3 8.322180e-008 616.319697 493.605493
3 1.237200e-007 443.418088 607.306539
8 5.678540e-008 407.591335 593.851271
3 1.302120e-006 463.067040 450.596854
8 3.873280e-008 482.074671 422.416982
6 1.062030e-007 428.425894 193.054581
3 3.022000e-008 436.612597 284.730015
6 1.906460e-008 345.393429 381.468836
8 6.960650e-008 395.442213 408.747160
3 5.507610e-005 463.590262 506.707151
9 8.503560e-007 273.097915 938.140455
9 3.018210e-007 338.244685 849.726093
9 1.855510e-007 281.521096 819.723968
9 6.045750e-008 258.883519 804.999216
9 5.045170e-008 315.025461 714.779911
8 1.017300e-007 368.616897 565.945118
3 1.161540e-007 369.848264 530.679874
3 2.397090e-008 403.915931 350.221725
6 1.382600e-008 382.155759 345.960411
8 3.092450e-008 383.478327 346.786846
3 2.749670e-007 396.152439 462.228184
8 6.140230e-008 422.872673 359.338000
4 2.110510e-008 286.127832 335.298060
6 6.411370e-008 431.082641 244.728480
8 2.384400e-007 336.510343 430.336387
3 5.294730e-008 333.774352 404.415319
6 8.329310e-008 253.033940 85.561388
7 1.455850e-007 250.152499 96.864289
4 7.358480e-008 226.581071 198.286982
5 1.077610e-007 186.108051 257.637687
6 1.328610e-007 395.533968 232.890110
8 3.247850e-008 390.826870 216.474465
6 4.102240e-007 460.767470 143.048658
6 3.653670e-008 499.557250 218.085861
6 8.017730e-008 419.598530 260.253533
3 1.212040e-007 472.470753 460.805359
8 2.568770e-008 462.593302 554.780941
3 9.621960e-008 369.626207 571.938333
8 3.794520e-007 281.897366 548.431236
8 3.110940e-007 369.742070 546.338886
3 5.532520e-007 428.780568 532.401605
9 2.165100e-007 349.754701 851.840147
9 1.989670e-007 302.330347 800.103716
3 1.738510e-008 384.018259 602.564779
8 7.310890e-007 339.039003 537.787136
9 1.063560e-007 340.365011 785.481219
3 1.169190e-007 449.080391 557.455667
8 1.007500e-007 452.735297 550.282466
3 3.036370e-008 515.794520 380.278503
6 9.397790e-008 454.635396 221.279850
3 9.814050e-008 516.951964 453.076005
3 4.187520e-008 554.018908 623.353995
3 1.197690e-007 473.559140 586.548397
8 1.114040e-007 401.073659 503.163547
3 6.299300e-007 480.992154 464.775176
6 3.409490e-007 414.731504 206.010486
6 3.072190e-008 529.921076 258.912905
3 3.083360e-008 411.986092 321.672238
4 4.650690e-007 181.709032 331.591464
6 2.744240e-008 375.117524 320.825072
3 1.539460e-007 460.406374 442.829456
3 1.483440e-008 655.829448 621.030632
10 2.925210e-008 661.559007 670.547292
11 1.846340e-008 654.665645 668.439787
10 3.810620e-008 780.647886 594.224435
11 6.819560e-008 773.663371 591.259668
3 7.621960e-008 500.236341 611.312975
11 1.685430e-007 874.697993 583.300263
10 1.089470e-007 841.048204 649.341584
3 6.105020e-008 567.472491 458.226676
8 1.083520e-007 388.906351 486.604076
3 4.643130e-008 523.197594 601.979871
3 2.255730e-008 484.529566 713.518543
10 5.010960e-008 779.228782 822.789299
11 3.854780e-007 855.222877 726.857712
10 1.422790e-008 728.113424 736.408180
3 4.327440e-007 444.250799 563.330835
8 1.650950e-007 371.893976 549.265986
9 9.108840e-008 382.227049 816.004318
9 1.602790e-006 257.791575 915.805366
9 6.150000e-008 269.615256 759.533577
9 1.870200e-007 250.526304 907.659350
9 3.828320e-008 145.486518 784.253773
9 3.900680e-008 158.781806 906.384878
9 4.018630e-007 257.318609 945.114274
8 3.318350e-008 315.742689 680.014360
9 4.680710e-008 187.023288 795.914032
9 2.487170e-008 306.347943 663.092859
8 2.828190e-008 359.733284 628.657515
3 1.007700e-007 447.994863 614.678162
6 6.265520e-008 408.412274 248.097047
8 9.902990e-008 399.997782 430.431620
3 9.570220e-008 400.599795 427.823985
6 9.857250e-008 464.043012 214.974210
4 5.223140e-008 234.892955 179.983731
7 2.205160e-007 198.302837 124.791502
5 2.052400e-007 61.335496 217.177022
4 7.326960e-008 255.322346 240.617116
6 2.832890e-008 276.469331 314.365236
7 7.938910e-008 195.510462 134.540538
5 1.395600e-007 80.300048 58.896955
4 7.271090e-008 60.826870 213.345122
7 5.148510e-008 55.138131 216.763276
5 3.696760e-007 51.620870 146.260379
2 1.279460e-007 86.372268 263.480087
4 3.341050e-006 126.383026 307.916524
7 6.438530e-009 131.193951 313.259596
5 3.769890e-008 158.717423 117.657804
6 6.150160e-008 241.864744 163.285779
7 1.829870e-008 244.986202 252.678398
4 8.020070e-008 219.709805 305.256213
2 3.931610e-007 64.082699 321.613346
5 7.588370e-007 40.254380 238.068873
7 2.637540e-007 110.338800 202.102799
4 1.834660e-007 159.393782 260.563948
7 6.390410e-008 74.289123 177.643485
5 1.606440e-007 74.496241 178.183043
4 1.227660e-007 101.638451 248.890437
2 6.567320e-008 138.347200 271.396734
6 3.289680e-008 201.368331 118.450595
7 1.368200e-006 124.401762 122.490500
5 3.355740e-008 124.724973 122.969681
4 4.312900e-008 201.762899 240.480166
2 1.630520e-007 26.326080 254.749920
7 8.302220e-008 184.893900 158.844175
5 4.574100e-008 185.280123 159.258350
4 5.262370e-008 270.620520 250.774919
6 3.840600e-008 269.162234 285.760732
2 8.116530e-008 101.085254 357.105217
7 2.249050e-007 97.736057 175.316679
5 9.436450e-008 97.893199 175.903138
4 9.265330e-007 128.377882 289.672769
7 5.463000e-008 48.871410 171.609339
5 3.226450e-007 49.322590 171.203096
4 1.659740e-008 124.679732 103.351367
7 7.280080e-008 269.471874 60.170316
6 1.366220e-007 284.581764 75.788490
4 1.168850e-007 76.335430 238.795746
5 4.002930e-007 74.934423 240.465395
7 3.910640e-008 72.024999 243.932699
2 2.651400e-008 44.600561 212.404261
4 5.964320e-008 100.091672 148.965559
5 1.033570e-007 98.459165 147.389065
7 1.256440e-007 95.069013 144.115233
2 7.938580e-008 93.945882 277.686547
6 3.785810e-008 241.939057 174.991208
7 1.774960e-008 213.889283 244.416124
4 2.637980e-007 185.878157 313.745386
8 2.340270e-008 338.806612 336.374881
6 8.120780e-007 423.629564 123.737097
6 2.566770e-007 450.014502 195.500372
3 6.247630e-008 479.079300 352.015739
6 5.902610e-008 550.438458 174.293759
3 5.736070e-007 514.069304 477.336857
8 9.887670e-009 541.506005 415.712885
6 9.225320e-007 449.092722 149.768027
8 6.060880e-008 368.997784 361.005784
3 3.775210e-008 356.040858 348.048858
6 1.095020e-008 261.126369 246.498163
4 3.722920e-008 281.450213 164.982412
7 3.855860e-008 297.820723 70.275188
5 2.142000e-007 63.198769 164.668226
7 1.210020e-007 53.768178 176.738916
4 5.056300e-007 168.070171 297.323200
6 7.991170e-008 281.328926 154.124071
7 2.372510e-007 164.306619 30.509769
5 1.610480e-007 65.908796 191.180911
4 4.115410e-008 119.787560 169.821600
7 3.607010e-007 128.857192 159.409246
5 3.422220e-008 217.217452 188.057238
6 6.626880e-008 238.462158 181.581056
4 3.397030e-008 236.529319 181.205357
7 1.942350e-006 149.357561 101.930517
5 9.537210e-008 72.237315 162.507624
4 4.807210e-007 105.067874 243.766704
2 3.107760e-008 145.853090 287.811485
6 4.230970e-008 262.220923 259.063172
7 1.955590e-007 132.849721 181.917409
5 2.584880e-008 116.548809 98.057494
4 2.521720e-008 163.384214 162.323564
7 1.267240e-007 28.200498 69.523702
5 1.276460e-007 59.597720 143.490616
6 5.113670e-008 250.448709 214.058869
4 3.408050e-008 191.735352 163.020071
7 2.678720e-007 170.036984 144.157947
5 5.707260e-008 184.912512 165.892633
2 5.537650e-008 96.739353 335.503103
4 1.608130e-007 160.750236 240.602737
7 1.268320e-007 195.101369 189.674910
6 1.805410e-008 163.326442 123.596602
4 5.410580e-008 286.313086 248.070137
6 1.196840e-007 463.060582 265.213160
6 8.490110e-008 501.718882 91.142925
6 1.338940e-007 460.428053 152.039161
6 5.814900e-007 449.403770 121.694192
6 4.102900e-007 450.764139 129.270270
3 1.375640e-006 467.930226 468.922084
8 2.761760e-008 421.141695 598.476302
9 2.348190e-007 358.798288 830.358553
9 3.172290e-008 89.018322 878.154947
9 1.426630e-007 410.796866 873.395275
9 6.334150e-008 203.777085 773.229355
9 9.260110e-008 346.796774 779.730034
8 5.675540e-008 414.500725 613.513328
3 9.931540e-008 351.467427 552.642808
4 2.609760e-008 135.374193 484.599460
2 1.683830e-008 201.664659 452.267496
8 7.426220e-008 258.192907 417.448224
4 2.884040e-008 284.986607 434.308465
8 4.560070e-008 182.165912 570.756101
2 1.188490e-007 114.271832 384.668927
8 3.012290e-008 139.384797 424.128997
4 1.334140e-007 107.286777 396.226490
3 4.354310e-008 380.453436 525.007000
8 2.490780e-008 436.538854 389.078634
6 4.259140e-007 427.336638 203.861689
3 4.318640e-008 616.288919 484.026385
11 1.199400e-007 807.489729 770.905497
10 1.499470e-007 810.160735 769.985798
11 1.407360e-007 798.116700 693.152702
10 1.156360e-007 795.790841 691.400039
3 3.414400e-008 487.340314 595.863038
8 4.112600e-008 447.127323 530.361174
10 6.578580e-008 841.204594 899.693603
11 4.014350e-007 850.181728 713.672040
10 1.353410e-007 852.412668 715.544019
10 7.075660e-008 815.034573 688.989205
11 2.920500e-006 881.372797 685.497946
10 1.109810e-008 778.031000 560.197446
11 3.383450e-007 919.013298 793.639770
10 1.315790e-007 919.112898 790.787463
11 2.088090e-007 873.317427 753.747061
10 1.035400e-006 875.774603 752.026526
3 2.028840e-008 678.611777 416.932648
10 7.434310e-008 808.416622 742.248619
11 3.130920e-007 822.272571 677.060568
11 1.177110e-007 808.034352 662.245139
10 2.000150e-007 843.007761 665.407434
3 1.525250e-007 548.614108 494.567173
6 7.679840e-008 516.819109 175.773938
3 5.045970e-007 489.706236 442.463534
8 9.174800e-008 460.790544 492.547060
2 2.368180e-008 56.348997 579.330328
8 1.818140e-007 309.151943 611.464559
3 1.516060e-008 420.847521 613.848317
4 6.535020e-008 58.527738 438.367498
2 3.213860e-007 56.982699 443.421094
8 5.550060e-008 222.292531 495.241238
3 1.086060e-007 417.016889 589.456123
11 1.099890e-007 799.779947 739.881813
10 1.339230e-007 799.830774 736.969969
10 3.092210e-007 824.785844 788.790322
11 1.236540e-007 898.276028 823.059150
10 4.892110e-008 767.302449 679.162074
11 6.019220e-008 788.605733 633.121176
3 1.224430e-007 511.073802 546.874649
8 6.734530e-008 469.598266 399.125648
3 1.455810e-008 505.582968 371.032433
3 5.688100e-008 569.484120 450.400780
8 5.841640e-008 398.560594 421.250517
6 4.492110e-008 384.274863 281.557640
4 4.792930e-008 260.357755 177.206237
7 4.666450e-008 244.980571 123.579431
5 3.086390e-007 108.056304 227.249877
2 3.647900e-008 158.194331 258.710065
6 3.450880e-008 264.952163 285.291637
4 1.739850e-007 216.432394 280.192109
7 4.192660e-008 95.907300 267.524671
5 9.984040e-008 119.345963 125.822174
6 8.893680e-008 328.655978 42.835632
7 1.336040e-007 167.432071 8.566524
5 2.967820e-007 54.674088 181.853211
4 2.485320e-008 111.183895 175.966603
6 1.217080e-008 212.580260 148.797688
7 1.652380e-007 102.549734 192.150922
5 1.164690e-007 194.181923 252.616504
4 1.505720e-007 212.364374 273.953533
2 1.021540e-007 66.741668 325.192131
6 3.784950e-008 240.713000 182.884247
7 1.624240e-007 240.713000 99.575725
7 1.002200e-007 243.592568 124.731101
6 8.162070e-008 244.674358 186.696198
4 1.240560e-007 118.966548 200.842910
5 1.154410e-007 111.871496 200.222195
7 2.452020e-007 180.532797 140.570742
4 1.007310e-008 143.589860 151.075094
5 1.127750e-007 143.217116 143.962713
7 7.047030e-008 105.360468 202.941627
5 9.214790e-008 106.619018 116.313520
4 7.984080e-008 163.359570 243.821972
7 5.651620e-008 231.339296 289.407602
6 3.734140e-008 250.608992 202.168289
5 5.248320e-008 87.810061 155.680948
4 3.842240e-008 79.637331 154.532362
7 5.955130e-008 70.495559 167.791195
5 4.468320e-007 74.332896 162.282327
4 9.574810e-008 54.334499 236.917428
7 4.045900e-008 45.900747 215.773324
2 9.393590e-008 45.371461 212.007247
4 7.362070e-008 119.936288 206.234157
5 1.990490e-007 115.218289 212.060422
7 8.060380e-008 112.011964 237.727882
2 8.018490e-008 125.800809 242.848342
4 3.765630e-008 153.674793 183.072398
5 9.734860e-008 156.748113 176.481642
7 2.071540e-007 167.269708 153.918011
7 1.051090e-007 80.353912 174.902341
4 3.617500e-008 34.952038 200.174783
5 1.834320e-006 35.712176 192.942568
2 1.023610e-007 149.843577 242.722675
7 2.070010e-008 186.284932 257.446036
4 1.329960e-007 264.916562 289.215489
5 5.952170e-007 104.168679 193.216069
7 1.065170e-006 151.265570 56.631817
5 1.663580e-007 116.407170 196.736467
7 1.570860e-007 145.847061 208.037374
4 1.530990e-007 189.256979 224.700868
6 4.713340e-008 293.246698 235.242405
7 3.550670e-008 262.992202 272.280455
4 4.715760e-008 222.044264 258.180904
2 4.602620e-008 80.342356 209.388869
5 5.310830e-007 78.519728 208.761286
7 9.140000e-008 33.496419 183.197417
4 2.668910e-007 77.027859 258.508421
2 1.106510e-007 144.009762 335.561899
5 5.958800e-008 145.277618 337.020393
7 2.846440e-008 71.597439 302.524548
4 4.850580e-007 94.225172 312.837652
2 4.671050e-008 184.810785 242.064266
5 2.534910e-008 186.305760 240.896261
6 5.771720e-008 288.515705 84.021178
7 4.978470e-008 202.075678 110.284730
4 9.324380e-008 187.809974 208.541258
5 2.624300e-008 233.135198 260.681866
6 1.338630e-007 390.843068 253.621881
3 4.160810e-008 406.073037 397.881940
8 1.105440e-007 407.320335 390.006867
6 8.126230e-008 441.584569 309.579456
6 1.204100e-006 363.575109 163.682634
6 4.902450e-008 500.891918 220.631541
3 1.875450e-008 445.818232 353.773242
6 3.940330e-007 455.061749 189.533816
3 9.116590e-008 479.469435 360.388261
8 7.631310e-008 402.004291 423.107540
10 8.065610e-008 858.607793 837.965215
11 2.296260e-007 887.422858 810.842661
3 9.642400e-008 583.257074 576.686408
8 6.964190e-008 433.412380 451.234404
6 5.680170e-008 454.525547 136.526427
6 6.398270e-008 492.757260 238.993646
3 7.961700e-008 533.287130 431.594551
8 1.528970e-007 389.813497 489.561262
3 6.198430e-006 466.807332 514.086703
8 6.906210e-007 349.065422 543.789996
4 2.262520e-008 143.219137 517.796178
2 1.614940e-008 143.396999 518.015819
8 4.530240e-008 177.888879 593.029123
3 4.333850e-008 367.173255 568.262726
8 4.120710e-008 423.274458 599.483278
9 3.286440e-007 251.694318 847.389529
8 5.042920e-008 357.419384 604.683857
3 7.618110e-008 383.013663 536.488652
8 1.420770e-007 369.873249 435.788855
3 5.303860e-008 362.200157 434.573583
11 4.102370e-008 809.075238 807.150169
10 1.849980e-007 811.866911 807.743553
10 2.442590e-008 744.154422 871.920700
11 9.296070e-008 851.686836 747.509010
10 7.738080e-008 818.728025 823.902724
3 1.995160e-007 448.937369 578.818785
8 3.917640e-008 430.920979 651.077940
9 4.746740e-007 320.814893 825.882041
9 2.255380e-007 184.060785 872.488667
9 8.498190e-007 264.361163 835.499556
9 6.694340e-007 244.406970 898.047769
9 1.413690e-007 148.849946 868.029610
9 6.647710e-009 183.919264 793.613931
9 4.276700e-008 249.740071 721.036901
9 5.976460e-008 119.182385 784.909398
9 3.016970e-007 217.669472 841.564822
9 6.770130e-008 376.578592 982.382884
3 5.315380e-008 397.188935 580.650186
8 1.732020e-007 319.610460 565.570679
3 1.463740e-008 222.560507 576.293785
8 4.262170e-008 154.302266 552.790501
2 5.946220e-008 87.605901 511.923093
3 3.849660e-007 456.719920 553.025241
8 5.396030e-008 468.302000 490.109279
6 7.812030e-008 511.371646 191.512947
8 9.097840e-008 392.835634 418.754176
3 6.499180e-008 334.417588 369.735600
4 9.022910e-008 191.393768 212.460539
7 3.808770e-007 152.393374 144.910019
5 9.525430e-008 135.638923 233.296558
2 9.346320e-008 132.090106 225.052085
7 1.454510e-007 239.910336 149.149524
6 2.151030e-007 283.652927 165.940720
5 3.541250e-007 105.970360 182.004405
4 3.394540e-007 93.597549 252.174829
2 8.769940e-008 85.165181 263.014678
7 2.021740e-007 78.222342 130.538200
5 3.190310e-008 170.022697 235.932891
4 4.780950e-008 233.233287 174.891162
6 5.504380e-008 267.117047 142.896653
7 9.077010e-008 195.387871 217.174941
4 1.856670e-007 170.213107 265.509900
5 1.582540e-008 180.100584 213.608337
7 2.974820e-007 195.337230 127.198421
2 3.274230e-009 73.467072 174.099695
7 3.488080e-007 148.953119 148.559862
4 6.263880e-008 154.494086 182.085788
5 5.021000e-008 156.016442 169.686823
6 3.648460e-008 202.293315 231.339365
7 5.817880e-008 96.346909 212.658037
5 6.053290e-007 56.081421 229.104608
4 5.664640e-008 57.798325 231.383022
2 1.457610e-007 90.961000 275.391474
7 2.836790e-007 192.614810 137.137984
6 4.479800e-008 278.117274 169.865522
4 7.012500e-008 251.923329 304.621668
2 5.737650e-008 86.096461 232.315343
5 5.130360e-007 79.806899 228.536180
7 1.293750e-007 141.376965 211.866548
6 2.591470e-008 255.767496 199.268632
4 1.095850e-008 101.153875 210.080396
2 1.888200e-008 174.962594 325.922293
5 7.228570e-008 180.259268 330.861504
8 3.104210e-008 374.151239 308.889378
6 4.008570e-008 470.011045 319.525466
3 4.433270e-008 518.191624 389.205100
6 2.768390e-007 374.270108 181.001499
6 1.826170e-007 455.345796 87.634554
6 2.925850e-007 400.658993 210.634720
8 7.095300e-008 384.257005 425.690112
3 6.949820e-008 391.878757 427.875617
11 8.620920e-008 738.915752 598.141656
10 2.693440e-008 739.276457 597.540355
11 4.328430e-008 758.213112 768.197621
10 9.459070e-008 759.142298 770.896161
11 7.862540e-008 791.311002 702.408142
10 1.660130e-007 792.810943 699.911822
3 6.493460e-008 571.554558 413.787836
6 3.384850e-007 414.747946 163.861152
6 1.564680e-007 454.567928 155.614166
3 6.698350e-008 567.151142 457.509624
10 3.223360e-008 721.848587 663.638840
3 4.724960e-008 623.802836 506.732710
8 1.191460e-008 313.534853 305.341223
4 1.068790e-007 213.863287 304.208168
2 2.415710e-007 82.779139 310.355205
5 9.686330e-008 84.835258 303.184609
7 7.392000e-007 135.346424 127.029797
4 5.627590e-008 264.331184 305.607277
6 1.686480e-007 433.676393 192.465754
6 5.672410e-008 446.652118 262.533357
8 3.718190e-008 389.529092 262.228366
3 9.418300e-008 581.701859 469.838896
3 6.892890e-008 402.233316 425.316000
8 3.189560e-008 484.399789 425.316000
6 1.737360e-007 446.919861 194.583660
3 2.605500e-007 519.113613 454.656907
6 8.361940e-008 553.740070 95.044195
6 6.524830e-006 394.727818 128.963159
3 4.904160e-008 488.624980 415.437547
6 1.497530e-007 456.826519 213.862888
3 1.208230e-007 498.500645 362.590212
6 9.201070e-008 394.733295 251.313388
6 1.661600e-007 459.578394 188.692411
3 7.572960e-008 488.069174 376.501522
8 2.043880e-008 515.337714 455.949650
3 5.386050e-007 431.527754 497.695565
8 6.152520e-008 429.717722 518.990103
3 2.572680e-008 606.050525 440.658780
6 5.550350e-008 464.946240 255.346351
3 8.218790e-008 498.700051 354.243903
8 5.475040e-008 426.606335 405.316433
4 5.507020e-008 318.528462 312.651924
3 3.380230e-007 450.276298 431.725532
10 7.577630e-008 770.070883 726.126588
11 3.151460e-007 831.336205 679.800217
10 1.194020e-007 853.240508 832.844780
11 5.476710e-008 873.588916 862.065326
3 1.981180e-007 459.224540 556.396190
8 4.357430e-008 470.011476 488.927947
6 7.012180e-008 515.340261 134.498964
6 2.774810e-007 451.460656 188.037766
6 8.206150e-009 536.151109 270.683805
3 1.531160e-008 369.399774 329.619626
6 1.749620e-007 423.618931 210.484493
6 5.790470e-008 516.921151 117.124971
6 5.239260e-008 466.151139 52.227762
6 2.157970e-008 455.343821 366.032885
3 2.149250e-007 457.798407 436.323332
8 2.668670e-008 457.882734 438.738156
10 1.052240e-007 797.876959 612.699351
11 9.384320e-008 799.519103 610.938385
10 4.406540e-008 865.275769 850.567635
11 5.134290e-008 815.628424 892.018694
3 1.123070e-007 564.392389 545.852323
10 9.013070e-008 764.175283 788.177572
11 7.100790e-008 779.144280 622.182584
10 5.363740e-007 922.364427 706.990674
11 6.482630e-008 917.503027 790.594740
10 2.464420e-008 799.804934 663.271695
11 2.542840e-007 863.885131 631.877007
10 3.367630e-007 861.908817 802.805798
11 5.780480e-008 881.524752 887.772005
10 3.360730e-008 741.903738 738.870696
11 3.836150e-008 741.063041 736.789900
10 1.125960e-007 760.069274 719.923355
11 9.250510e-008 761.301197 649.346400
10 1.974900e-007 863.419277 684.957036
11 7.790010e-007 863.013331 687.259222
10 1.108730e-007 875.041655 813.391511
11 1.492730e-007 873.269655 811.795986
10 4.466790e-008 918.416443 632.922649
11 5.279020e-007 918.987641 630.631712
10 7.086320e-008 781.118611 752.423702
11 1.218270e-007 779.331731 753.819773
10 9.877780e-008 836.363318 653.984568
11 1.188800e-007 835.379537 651.967502
10 2.787190e-007 848.866654 825.397582
11 8.260140e-008 847.478840 827.307743
10 6.865070e-007 877.804986 772.003715
11 2.509850e-007 880.157098 771.797929
3 6.144980e-008 595.574167 558.828738
10 2.372640e-007 817.794742 710.710075
11 3.642100e-007 818.689883 712.818908
3 6.470510e-008 527.262700 497.256110
8 2.030560e-008 503.334524 597.762434
3 1.272840e-007 426.146049 612.603406
8 3.207060e-008 343.345820 687.999403
9 7.494710e-008 249.378101 764.093103
9 2.821910e-008 86.325499 964.153632
9 4.679920e-008 222.152444 939.163500
9 1.477260e-007 314.934705 1003.929228
9 5.081080e-008 264.517651 767.625295
9 4.248880e-008 130.709305 827.056357
8 2.667440e-008 179.326844 690.762660
9 5.560590e-008 311.991916 687.876250
3 6.269770e-008 448.648289 577.213058
8 8.115720e-008 394.142572 571.406659
4 6.889570e-008 193.294114 441.021200
8 8.449040e-008 200.975986 453.806080
2 6.145350e-008 189.796461 469.964101
8 1.224410e-007 307.054860 422.588741
4 2.320240e-008 307.551537 422.388071
2 1.263490e-007 70.382817 452.651220
8 6.149470e-008 182.514241 464.436948
4 1.061060e-007 199.191153 466.189798
3 2.227320e-008 329.431297 591.805335
2 1.196550e-007 24.076343 441.692524
4 1.641980e-008 111.552275 488.372021
8 2.749220e-007 242.663839 548.149760
3 2.876520e-008 332.090833 541.084655
4 9.623590e-008 124.254716 425.969201
2 2.572010e-007 25.724950 424.249177
4 4.285120e-008 90.525703 408.177264
2 3.508640e-008 187.588622 397.975788
8 1.002470e-007 237.484303 392.785837
8 7.680120e-008 172.862302 433.974703
4 8.901410e-008 174.725354 428.563937
2 7.699260e-008 56.435202 495.421714
8 5.358690e-008 258.676539 435.601568
4 1.618880e-007 148.158264 446.309001
2 8.494680e-008 77.418061 475.605796
8 3.105260e-006 297.691545 495.789710
3 5.432860e-008 312.700965 472.677095
8 4.109720e-008 170.437981 462.607841
4 6.699900e-008 149.266353 469.897807
3 5.383500e-008 387.387018 638.008840
9 3.089110e-007 350.572853 845.057239
9 3.172700e-007 197.733878 910.427370
9 1.446280e-007 219.946902 945.274187
9 4.032090e-008 335.277527 774.402012
9 2.615550e-007 231.075791 919.853073
9 2.510120e-007 276.726790 829.379414
8 3.928650e-007 344.172566 553.095825
3 2.665620e-008 331.817550 547.595032
4 9.597860e-009 237.272757 528.286900
8 4.328030e-008 550.285095 593.938810
3 9.323180e-008 562.787224 598.737923
10 1.569030e-008 754.903573 603.978411
11 1.600680e-007 755.174212 601.774149
10 2.825200e-008 749.500384 607.576434
11 6.524740e-008 751.438427 606.269203
10 1.979510e-008 759.701168 924.147344
3 5.893590e-008 460.099949 594.431231
8 4.418700e-008 394.450164 619.507581
9 7.082650e-008 227.052499 795.944046
9 2.163500e-008 137.007886 814.497691
8 6.544670e-008 351.331660 650.122720
9 2.475760e-006 280.447289 919.074559
9 1.675280e-008 173.291535 839.183120
9 1.067130e-008 233.541100 781.030876
9 6.427020e-008 152.162015 873.109419
9 6.828090e-008 166.506061 855.389653
9 1.455600e-007 365.420445 955.139988
9 1.449590e-007 365.359769 816.474913
9 9.580940e-008 393.733003 923.706932
9 1.746420e-006 273.108599 899.430414
9 5.768360e-008 151.851136 823.750669
9 5.364510e-008 316.035673 748.316103
9 3.235270e-008 269.196666 705.534626
8 2.417350e-008 278.191984 652.511374
3 9.268860e-008 423.131733 587.979662
9 2.831650e-008 234.713388 771.998903
9 6.658500e-008 213.292368 772.413271
9 6.416180e-008 136.759496 827.252001
9 1.592500e-008 255.105948 661.827196
9 2.497980e-007 331.291622 936.487419
8 2.659120e-008 461.799495 557.321000
3 3.129640e-007 466.074225 550.738466
4 1.222290e-007 128.200356 452.403673
2 4.617260e-008 128.024903 452.591822
8 1.107670e-006 293.462368 515.328326
3 6.319150e-007 462.974898 542.118055
11 2.247490e-007 877.559648 606.249229
10 1.231280e-007 860.691533 670.219105
11 1.824340e-008 913.510167 427.464763
3 6.729150e-008 549.519500 625.564023
10 8.530880e-009 755.007210 684.274454
11 7.234730e-008 755.920630 686.426323
10 3.380750e-008 734.360501 553.438013
11 8.049550e-008 732.762984 551.895299
10 3.381850e-008 752.730383 781.833710
11 4.504080e-008 753.341483 784.114350
3 8.779800e-008 600.979529 547.180935
8 5.922150e-008 487.115947 399.860196
3 5.950950e-008 535.689921 354.564151
6 1.137420e-007 445.733537 58.272837
6 9.242970e-008 415.595018 278.545992
3 2.751060e-008 548.077774 412.634209
8 1.879260e-007 387.381076 491.011507
9 3.562070e-008 255.971885 743.626879
9 5.030890e-008 271.233068 814.338282
9 9.856460e-008 218.173783 976.367290
9 1.138270e-007 380.220679 822.853818
8 8.073320e-008 336.934407 593.033208
3 2.419740e-008 317.945091 569.106553
8 2.082210e-007 262.408582 453.081756
3 1.815410e-008 254.977461 437.145637
4 2.202750e-008 245.911398 467.123458
8 3.228510e-008 448.870547 391.408235
3 9.434380e-008 452.225697 374.147813
4 8.947690e-008 253.690820 293.942613
6 6.713080e-008 275.328555 139.985767
7 1.981370e-008 281.980383 171.257446
4 1.703670e-007 82.616958 352.096828
2 9.915150e-008 123.833547 339.495463
5 7.668090e-008 125.776902 338.901311
6 2.545270e-008 481.948656 312.835138
3 2.968900e-008 389.899860 309.982580
4 3.104410e-008 340.139691 293.182450
6 6.156110e-008 291.202093 281.526632
6 1.161840e-007 366.875769 250.112643
3 1.236760e-008 479.726878 401.921139
8 7.829390e-008 427.540366 459.880017
6 5.252430e-008 515.433494 250.443627
6 2.625940e-006 385.009113 127.112402
8 1.553180e-007 390.850429 506.304006
3 1.015920e-007 389.925664 508.844758
8 1.903450e-008 473.756916 606.447280
3 1.762490e-007 476.596927 606.546459
8 4.430400e-008 362.241166 303.616894
6 1.533890e-008 468.660003 253.993060
6 4.045050e-008 484.745061 326.267579
3 1.413890e-007 513.168783 404.908504
11 4.617070e-008 704.059478 626.164144
10 7.657310e-007 839.773561 781.309333
11 6.638510e-008 834.071155 804.180302
10 9.332930e-008 785.293789 744.718033
11 1.287020e-007 783.731985 737.370345
10 6.388570e-008 835.703791 587.058198
11 1.107240e-007 836.759817 579.544357
3 2.277070e-008 554.333887 610.324077
8 9.962500e-008 324.820160 573.915435
2 2.543330e-007 116.119472 413.290440
4 1.351570e-007 102.141247 407.357003
8 1.399160e-007 216.586432 516.149083
3 1.419640e-007 413.789047 535.200582
8 1.409590e-007 438.885289 522.413431
6 2.293390e-007 349.465254 176.171096
4 1.820270e-007 190.277478 245.076036
7 1.417490e-007 125.898041 204.847254
5 3.848320e-007 75.933493 173.625905
6 1.001260e-008 238.746414 262.062466
4 1.487580e-007 210.555243 323.227272
5 1.661200e-007 109.920882 241.734982
2 2.463430e-008 75.796531 212.072954
7 3.821830e-008 117.672026 207.671748
6 2.121170e-008 236.388401 272.564192
4 2.101550e-007 183.387308 366.577409
2 5.687060e-008 72.368051 224.480190
5 5.226110e-007 71.166025 222.941677
7 6.147220e-008 69.822786 212.379399
5 4.236480e-007 98.812013 223.981951
7 3.072820e-008 88.398832 246.312940
4 1.730530e-007 81.047532 244.108329
2 2.733450e-008 77.902069 227.926363
5 7.847750e-008 168.050860 176.720480
7 8.104540e-008 201.012918 154.487285
4 2.759520e-008 208.045918 149.743465
6 6.345380e-008 233.710942 188.871531
6 9.122960e-006 401.073932 127.261752
3 6.626820e-009 512.545611 406.747219
10 2.483310e-008 724.933227 836.919727
3 8.295090e-008 590.088856 606.695495
11 2.386740e-007 863.491411 624.698537
10 3.557820e-008 857.192364 627.715554
11 9.061480e-008 901.594299 491.579685
10 2.388500e-007 919.159436 667.850258
11 1.945790e-007 873.849248 627.911654
10 4.104900e-008 848.338605 638.275686
10 2.832280e-008 833.754198 716.125055
11 2.800060e-007 850.063393 800.028871
3 1.444690e-007 521.140325 568.306462
8 7.511610e-008 408.458920 522.780477
9 1.878450e-007 247.564791 795.868949
9 4.592980e-007 341.788527 822.934655
8 4.243850e-008 444.916209 582.875242
3 3.472610e-007 485.205818 557.699535
8 1.901570e-007 222.514970 522.261307
3 6.634600e-008 342.753604 578.329404
9 5.802940e-005 295.957568 891.666449
9 1.455470e-007 200.374987 824.557246
9 1.498400e-008 105.349927 829.816231
9 3.102890e-007 223.863421 868.499305
9 1.373110e-007 297.439399 804.635148
9 6.270530e-008 157.490378 760.657021
9 1.786940e-007 228.512871 819.140231
9 4.070990e-008 106.016000 845.666056
9 7.769820e-008 175.390858 839.610415
9 4.788200e-008 223.158302 752.044880
9 3.387700e-008 149.999007 926.554793
9 5.629380e-008 188.072311 732.867024
8 6.222450e-008 350.851427 621.267453
3 2.760520e-008 386.142813 637.228514
9 1.341710e-007 215.595610 808.508356
9 2.488910e-008 159.983234 826.064564
9 3.701720e-007 301.559259 816.344500
9 7.756160e-008 175.927845 978.493005
9 2.025750e-007 231.072620 944.807956
9 1.347560e-007 381.727392 906.421267
3 3.263030e-007 445.690329 553.527444
8 6.013150e-008 486.073659 546.860532
11 3.953740e-008 780.453444 821.334681
10 2.942520e-008 781.304912 824.119711
3 4.069590e-008 542.924279 435.395019
8 1.359470e-007 401.439761 505.623009
3 1.482500e-006 452.725991 466.785265
6 3.194270e-007 408.722419 194.476528
6 5.377100e-008 525.041773 193.233489
3 1.374240e-007 491.771284 426.566433
11 3.590450e-006 892.619980 689.672644
10 3.863100e-007 891.734444 692.569102
10 1.007120e-007 764.004091 732.164755
11 5.126600e-007 824.866580 677.363764
11 5.900330e-008 845.244772 568.753737
10 2.225430e-008 846.155140 554.627378
11 7.545840e-008 783.006705 662.161284
10 8.577330e-008 785.854377 661.710253
10 6.953920e-008 807.783764 860.488629
11 1.007310e-007 862.361014 785.878857
10 1.709640e-007 863.580593 821.222993
11 3.561960e-008 806.940329 888.165087
9 2.988360e-008 465.306324 802.797388
9 3.792880e-008 465.105450 805.591484
3 2.115870e-007 466.295493 562.072996
8 1.779850e-008 469.344096 474.770218
3 1.940220e-008 612.472720 699.347913
10 1.531810e-007 755.170283 767.890721
11 4.580150e-008 685.354510 800.446677
10 7.910500e-008 886.441380 858.238713
11 1.269470e-007 896.573673 807.437552
10 7.112360e-008 894.313524 591.230314
11 1.234220e-007 816.772066 612.007298
10 1.659980e-008 798.578066 914.078132
11 3.141890e-007 870.951317 770.613910
10 1.657270e-008 807.580000 904.127302
11 1.976890e-007 807.580000 735.737873
11 9.113980e-008 871.459941 577.766664
10 4.366640e-008 921.835000 625.279984
11 4.148320e-008 861.171191 518.759425
10 5.962260e-008 912.416103 636.969335
3 6.649780e-009 623.595470 616.255000
3 8.357810e-008 515.013184 578.670056
8 8.806540e-008 352.727850 566.287145
4 1.709750e-007 96.468897 397.777710
2 3.103150e-006 19.797614 387.002599
8 7.777450e-008 197.705790 461.569062
4 6.985440e-008 172.469411 436.669306
2 1.969820e-008 110.585933 519.347353
8 3.485560e-008 179.384815 537.376472
4 4.112010e-008 128.874900 454.191215
2 5.361220e-008 121.317552 468.483546
8 1.345230e-007 205.244121 464.085153
4 2.923540e-008 214.962563 517.493014
2 1.865020e-007 89.767120 397.447182
8 2.204340e-007 238.824807 473.395823
3 1.307860e-007 381.208015 538.746943
8 2.940120e-008 119.713127 572.619000
3 1.083150e-007 347.964940 501.403155
8 8.214140e-008 335.857293 378.949811
4 7.238400e-008 291.688341 327.960577
3 2.069070e-007 378.252676 517.164507
8 8.961140e-008 349.110887 565.882723
6 4.003460e-008 378.279162 290.594378
3 1.881640e-007 492.304892 421.290838
6 1.048200e-007 428.054143 39.759771
3 7.063100e-008 527.579319 400.824178
8 1.781360e-008 353.742421 287.672187
6 3.885730e-008 356.400199 278.978994
6 1.430110e-007 418.464621 224.188990
3 6.813080e-008 605.626240 493.245218
3 1.021800e-007 507.610243 623.998956
8 5.610360e-008 444.823592 479.075159
2 7.170230e-008 179.775152 430.720979
8 4.685360e-008 201.493866 409.002148
4 3.443110e-008 242.545540 449.018031
3 6.025270e-008 308.053235 521.771553
8 6.124520e-008 301.125972 391.497507
4 1.779900e-008 284.325191 386.412274
2 5.732930e-008 153.495572 475.596329
4 5.507920e-008 221.705118 464.441510
8 1.505260e-007 256.285537 460.806956
8 1.221350e-007 364.596449 615.666217
3 4.251220e-008 378.280963 635.954267
3 6.214760e-008 474.967518 377.625477
10 1.405440e-007 860.025046 823.458614
11 4.188240e-007 898.657432 779.016892
3 2.112720e-007 483.005432 526.236581
8 1.025260e-007 424.790318 470.905109
3 8.802930e-008 437.170895 586.278114
9 2.307420e-008 423.364971 755.971049
8 1.271540e-007 361.082768 589.471224
3 7.175760e-008 319.129825 510.569269
8 5.690610e-008 320.091599 610.134318
3 3.412610e-008 406.865476 597.939307
6 1.152460e-007 472.752966 165.830063
6 4.470360e-008 510.178583 252.975722
4 7.307470e-008 248.546462 261.906475
7 3.084360e-007 120.859421 154.434632
5 5.507100e-008 59.348939 114.489241
2 2.980550e-008 149.320957 225.971714
4 8.881460e-008 153.109270 222.792924
7 2.067880e-007 211.128438 149.066579
6 4.130420e-008 209.590317 149.393517
5 7.102490e-007 46.279913 187.824435
2 4.600720e-008 188.919079 287.747878
4 2.851180e-007 190.350336 283.066428
7 1.571710e-007 216.324186 149.893300
5 1.245890e-007 77.632095 211.643006
7 3.419310e-008 41.888700 212.456140
2 5.983620e-008 89.113071 272.239552
4 3.291730e-007 92.225249 276.082792
5 1.109240e-007 129.604911 322.243076
2 8.076290e-008 135.259098 367.497547
4 4.681480e-007 140.127627 366.985842
7 7.036750e-008 131.186336 207.938445
5 1.146720e-007 135.085392 203.757197
6 6.376160e-008 222.325121 89.625668
4 3.143970e-008 227.808150 261.182997
8 1.272540e-007 397.900773 433.093021
3 2.602810e-007 390.461563 515.662226
8 2.538420e-008 109.669348 536.373726
8 5.124610e-008 242.177852 590.254731
4 1.111930e-008 175.516068 494.063682
3 2.923950e-008 210.939916 510.523636
8 5.228590e-008 171.522182 503.573314
2 7.159140e-008 106.595624 490.630752
4 1.379210e-008 281.993707 425.326502
8 9.563720e-008 194.325610 480.948220
2 4.125910e-008 124.748967 504.203267
4 1.323330e-007 150.363642 417.523823
8 1.580440e-007 217.279931 529.325435
3 3.232030e-008 397.212235 592.146889
3 1.664210e-007 408.732896 539.812604
8 2.352220e-007 358.949159 535.088920
3 1.413920e-007 511.181289 555.286650
6 7.916220e-008 465.279436 46.758587
3 5.213630e-008 473.884444 366.251345
8 1.328410e-006 342.655544 530.368887
3 8.284300e-008 501.620573 601.144494
11 1.095690e-007 747.119594 773.312711
10 5.688050e-008 745.024673 775.335768
11 7.874220e-008 689.902320 644.707699
10 5.065140e-009 687.183703 643.439989
11 1.314000e-007 756.394203 594.025878
10 3.518050e-008 756.046377 591.193095
11 5.141820e-008 809.214760 638.400670
10 2.993040e-008 813.375420 568.005760
3 1.754610e-008 637.723930 647.512480
10 3.501050e-008 810.755012 824.994386
11 9.066440e-008 855.302256 852.436136
3 1.783780e-008 496.731689 733.081022
8 8.395920e-008 427.791999 553.152277
3 1.810990e-007 434.725721 557.318474
10 1.118150e-007 781.903294 777.042323
11 7.761280e-007 850.722799 737.309357
3 8.404750e-008 550.135423 543.229118
8 3.681920e-008 502.172884 399.283207
3 7.989000e-009 544.360770 418.955840
3 2.370400e-008 597.540014 567.780864
8 5.966140e-008 393.612057 414.240454
3 4.153020e-009 378.337633 299.388186
6 1.478310e-007 385.409959 249.065779
3 2.051000e-007 562.458175 470.250442
8 4.681960e-008 413.947370 585.189692
3 7.247310e-008 411.282382 584.475612
6 1.923730e-007 486.803874 159.539257
3 3.316200e-008 444.879473 381.023122
8 2.938560e-008 468.985758 360.017195
6 3.175760e-008 447.551228 286.468642
4 6.036290e-008 220.505336 231.616402
6 3.226730e-008 476.437301 222.832702
6 2.726150e-007 424.237931 101.727736
6 4.060420e-008 596.809267 91.576045
8 5.892420e-008 467.069087 357.504122
3 4.196810e-008 554.482489 351.391745
10 3.266650e-008 727.201685 746.546900
11 5.093130e-008 710.763025 812.479820
3 5.243710e-009 709.675989 521.751933
10 1.909680e-007 871.977831 672.000412
11 1.106140e-006 869.810110 672.581251
10 1.579220e-007 880.791432 638.140307
11 4.713430e-007 881.110271 635.871666
3 2.472940e-008 653.858264 418.248286
10 4.402710e-008 741.352496 732.966496
11 3.789240e-008 739.716021 731.330021
3 1.212420e-008 648.673945 564.110104
11 2.193180e-007 813.415615 671.768117
10 4.658360e-008 772.652696 740.792354
10 1.553160e-008 655.067018 782.364107
3 9.116950e-008 522.728140 579.071805
8 1.070210e-007 389.812968 532.509581
3 6.709110e-008 521.958384 407.838233
6 5.990000e-008 514.364410 101.383414
6 7.808810e-008 503.585629 211.508471
3 2.269150e-007 462.227136 453.446962
8 2.429990e-007 392.466191 492.952387
8 2.328880e-007 236.402892 539.539597
4 5.984590e-008 88.038484 479.596596
2 7.017470e-008 162.110688 477.076139
3 6.428370e-008 361.168284 580.330892
8 3.322010e-008 409.479379 638.017847
3 4.842880e-008 575.955598 568.522207
8 5.077090e-008 458.331193 441.914765
11 5.115050e-008 775.001148 615.178281
10 3.370440e-008 770.667067 628.762418
11 3.746020e-008 753.516050 798.035130
10 1.416340e-008 693.845410 860.913612
11 2.568440e-007 820.080400 669.799814
10 4.665960e-008 822.352367 671.574874
11 6.110870e-007 861.302357 736.719040
10 6.397490e-006 858.333641 736.822704
11 4.457370e-008 732.293191 699.636191
10 1.036070e-007 782.612712 749.955712
11 7.946240e-007 873.907004 756.115111
10 6.079240e-007 875.568100 753.652430
11 2.141910e-007 883.386857 817.653875
10 1.701640e-007 883.338070 820.449237
10 1.829730e-007 849.660388 821.756370
11 2.210030e-007 809.159719 768.009880
3 9.081120e-009 702.521670 568.212723
11 1.397740e-007 828.259266 641.581197
10 7.922870e-008 828.210464 644.376576
3 1.243950e-007 453.846010 604.085912
8 9.825690e-009 453.610035 449.413198
6 1.444190e-007 423.983571 196.451378
6 5.462710e-008 496.458661 259.303604
3 8.919270e-008 458.233585 347.470166
6 1.712930e-007 492.100859 102.611903
6 1.009700e-007 481.799174 102.021705
6 1.584930e-007 348.757504 215.394300
6 5.658200e-008 475.765368 184.914278
6 1.008670e-007 502.182138 169.853177
6 2.230240e-006 373.130794 128.935658
6 5.512370e-008 477.897106 253.494095
3 7.770890e-008 433.891521 363.343521
8 9.722390e-009 489.774588 419.226588
3 5.357950e-007 450.256147 463.358881
8 8.031960e-008 457.025532 466.232278
3 6.257490e-008 478.278922 603.185357
8 1.987190e-007 423.861086 498.437572
11 5.313660e-008 733.173086 600.628000
3 1.126500e-006 482.657414 541.176178
8 1.752330e-007 405.179306 540.008025
3 1.998600e-008 610.095339 537.905190
10 1.456330e-008 715.750721 677.148244
3 3.765460e-008 595.446896 597.432298
10 6.853100e-008 778.078796 761.600081
11 1.391350e-007 777.646119 763.826007
10 5.105130e-008 712.914680 791.620500
3 2.628530e-008 591.735160 649.829836
10 7.262830e-008 775.654927 710.721949
11 1.300380e-007 773.365376 710.801899
10 1.574120e-008 696.304142 654.338764
11 4.343000e-008 695.146978 652.334494
11 6.340720e-008 849.731608 585.765897
10 2.225240e-008 710.670796 628.281032
10 1.366560e-007 855.627608 654.566786
11 1.473050e-007 856.244749 656.869984
10 7.890210e-008 839.669423 843.696588
11 3.815230e-008 839.245672 845.876621
10 6.845050e-009 767.829639 625.384000
11 1.201610e-007 765.468561 625.384000
3 1.940070e-008 662.821697 561.529557
10 1.819000e-007 885.937289 650.012567
11 3.486360e-007 884.035554 651.247570
3 1.095110e-007 493.179354 596.693613
8 4.502750e-008 495.633010 597.443771
3 7.750980e-008 591.817562 577.602642
3 3.018570e-008 615.562250 592.679291
3 8.872700e-008 432.368455 590.760159
8 1.450720e-007 407.427469 585.211948
3 5.589360e-008 536.305240 414.830780
8 2.565600e-008 383.485115 401.466056
6 5.330380e-008 480.095169 269.563239
3 6.480400e-009 336.705539 367.168647
6 3.904200e-008 387.374622 275.452915
4 2.367000e-007 184.609242 370.949251
2 3.112920e-008 140.796740 295.063820
5 1.927800e-007 91.486074 162.984761
7 5.195530e-007 97.372950 154.882172
4 4.347520e-008 183.824246 209.987515
2 5.852620e-008 79.703386 332.029401
5 8.052300e-008 42.318735 373.589823
8 3.493930e-008 220.185972 302.952439
4 6.200040e-008 183.170602 206.524332
7 1.249460e-008 183.766375 198.217708
5 2.227390e-007 83.207190 245.711028
2 2.345230e-008 84.096167 242.610799
4 7.712250e-009 112.679264 142.929834
7 4.125420e-005 133.189926 71.400757
5 2.564480e-008 109.116701 69.352550
7 3.495450e-008 181.980234 225.609563
4 8.520700e-008 210.104618 223.886329
6 3.512560e-008 257.564499 68.651909
5 4.832360e-008 87.709627 149.262206
7 5.582330e-008 150.814804 224.468447
2 5.802610e-008 193.349923 275.160112
4 1.847850e-007 197.670727 279.453630
6 2.986660e-008 282.569740 165.652753
8 3.142310e-008 259.816296 352.947285
4 4.294620e-007 176.625884 280.631123
2 5.407380e-008 135.038137 244.479525
5 2.411620e-007 133.609736 243.237839
7 1.086590e-008 201.632248 292.561044
3 7.944000e-009 488.898833 285.382232
6 1.052380e-007 447.608462 235.981137
4 2.819920e-008 255.631476 276.120216
7 1.716210e-007 152.454048 161.814798
5 2.738050e-008 106.386277 90.876766
4 9.353480e-008 174.508089 240.400770
2 3.168420e-008 159.929851 294.170820
5 4.080890e-008 192.128018 274.051209
6 1.945070e-007 301.551487 110.323140
7 4.690260e-008 317.573567 40.924798
4 8.758620e-009 124.686647 206.395241
5 2.351430e-006 27.700529 194.487071
2 1.575790e-008 64.956555 125.422314
7 9.048830e-007 110.666573 42.959005
4 2.201100e-008 126.176533 157.264752
6 5.377380e-008 174.544731 153.108214
7 9.916390e-008 165.185824 175.156346
5 8.597520e-008 177.392438 188.162433
2 3.026900e-008 182.393169 181.279542
7 4.613240e-006 136.090766 66.268693
5 3.642430e-008 130.356096 70.723721
7 1.332320e-007 210.607546 150.328390
4 4.048430e-007 141.298870 261.246413
2 4.490890e-008 172.738202 222.187742
6 2.617760e-008 149.491536 158.580372
5 2.880570e-007 70.881630 191.948324
7 5.118330e-008 52.466809 180.368724
6 2.657790e-008 180.778394 48.927056
7 1.813760e-007 82.420405 120.388119
5 9.396910e-008 94.070271 115.791036
6 2.491880e-008 248.137533 196.208902
7 5.540950e-007 185.520869 91.996975
4 6.195070e-008 243.582975 263.451136
8 7.950780e-008 383.681881 428.322384
3 8.151130e-008 382.960664 431.014032
4 7.316090e-009 246.185191 506.426219
8 1.431320e-007 341.881396 572.815150
3 1.491150e-007 396.363982 503.080745
11 1.225130e-007 810.246453 671.344849
10 9.118820e-009 806.429663 637.037139
3 2.558110e-007 533.138317 470.846064
6 7.845010e-008 519.743230 165.460657
6 7.167390e-008 500.484763 192.515391
6 2.088450e-007 461.695204 158.836023
6 5.413180e-008 556.232273 91.645687
3 4.472430e-008 443.039465 352.014384
8 2.973640e-007 343.653022 448.989087
3 5.057240e-008 336.758327 460.931052
6 4.122700e-008 393.085560 255.237945
6 1.110910e-008 572.634353 251.888594
3 2.950770e-008 627.236827 489.856166
10 5.906660e-008 789.805008 705.585445
11 6.426020e-008 791.056194 703.583132
3 1.067200e-007 562.196377 472.363687
6 7.192390e-008 506.505300 171.632193
6 1.307760e-007 516.336288 120.873310
3 7.414320e-008 407.930061 422.892987
8 7.610410e-008 407.703337 435.882007
9 6.872300e-007 334.347780 896.937989
9 1.231990e-007 177.682684 936.126698
9 7.802030e-006 285.343467 877.601209
9 7.102580e-008 314.210410 704.982516
8 3.143690e-007 388.204851 560.233654
3 3.246770e-007 420.267099 494.496578
3 1.511930e-007 492.057205 575.805457
8 1.383960e-007 366.329657 445.610879
3 1.025710e-008 647.207465 568.198810
11 1.108960e-007 736.078325 806.480088
10 2.552910e-008 744.884835 869.140081
10 3.237370e-007 873.319713 801.277061
11 2.082610e-007 872.186366 799.232449
11 3.356380e-008 692.631737 672.413752
3 2.256540e-008 670.835404 479.009103
3 3.451290e-008 570.914015 336.547588
6 1.528250e-007 435.927279 214.325665
6 2.417430e-008 571.723913 156.351674
6 3.894780e-008 403.663093 253.339345
3 4.548050e-008 477.159075 394.925992
8 4.387390e-008 433.162026 537.256031
3 3.408080e-007 430.360590 554.943425
6 1.664020e-007 490.599273 161.503670
3 5.732540e-008 400.258070 376.575645
8 4.888010e-008 403.206730 461.014811
9 4.109490e-008 328.332574 777.438921
9 2.401180e-007 190.398137 906.681313
9 1.813900e-007 291.656994 763.404748
9 7.663780e-008 172.409457 820.340997
9 5.571330e-008 343.037591 773.307397
9 2.543350e-007 224.293738 838.644296
9 8.433160e-007 288.206786 844.155294
8 5.336230e-008 367.405561 663.708308
9 2.531620e-008 175.125905 710.249955
9 5.270340e-007 308.312552 935.893369
9 5.724080e-006 285.155080 900.220310
9 6.890390e-008 171.896858 878.752386
9 2.209340e-007 230.994379 945.069965
9 3.534900e-006 293.166811 896.256997
9 6.247340e-007 338.937558 885.028267
9 1.391570e-006 268.416826 846.826133
8 6.601320e-008 292.312557 650.418916
3 6.724070e-008 449.399754 607.272126
6 2.312140e-007 468.241597 164.534402
3 3.672920e-007 489.452556 439.511096
8 7.519060e-008 356.599833 389.702773
6 6.216050e-008 442.434333 278.723607
3 6.127300e-008 499.021021 396.399554
9 1.233560e-008 476.310853 791.536600
3 7.760500e-007 468.061322 534.371777
8 9.876810e-008 438.096678 464.328791
3 4.506420e-007 422.774838 502.937420
8 1.194190e-007 387.411009 427.099316
6 1.494690e-007 448.743914 199.154484
6 6.888900e-008 404.362532 40.025112
6 2.381910e-007 409.058941 217.999056
3 1.071040e-007 556.160298 443.591236
10 3.866770e-008 711.103549 649.815957
11 4.732850e-008 709.041471 648.765281
3 4.088160e-008 521.028281 658.980197
9 4.099090e-008 518.605366 868.335305
10 3.014450e-007 829.291120 670.979933
11 5.956020e-007 829.136208 673.195338
10 4.763030e-008 751.055374 677.025217
11 7.142830e-008 751.096584 674.664491
10 7.710440e-008 863.398581 831.792600
11 7.216060e-008 861.101485 831.510549
10 6.832640e-008 776.585132 744.217952
11 1.388280e-007 776.147991 746.466819
10 8.097150e-008 803.498339 669.250695
11 5.303660e-008 805.460996 668.024281
3 2.620130e-007 526.954397 501.166210
8 4.442600e-007 367.589669 534.031072
3 5.169940e-008 553.143543 393.297756
8 2.166150e-007 378.131218 467.651841
3 3.451570e-007 452.985877 536.773342
6 5.183280e-008 481.559091 204.643389
6 6.944460e-008 492.708024 54.859619
8 1.800890e-008 415.178779 303.268081
6 2.136100e-008 483.703434 221.603805
6 5.905570e-008 546.692097 127.723199
6 1.371680e-007 413.259245 257.362534
6 1.013350e-007 499.919585 110.522643
3 1.174580e-007 541.375290 480.510454
10 1.071380e-007 809.418562 798.772792
11 6.998020e-008 807.323423 799.577044
10 8.751720e-008 839.211509 631.647780
11 3.634590e-007 841.601391 631.354343
10 2.354480e-007 850.979737 793.421639
11 1.104040e-007 874.179888 815.675058
10 1.132330e-008 767.465128 680.049790
11 1.181610e-007 765.869623 681.821792
10 6.879160e-008 752.236445 705.071289
11 1.495010e-007 752.196871 707.338520
11 3.193430e-008 827.281114 513.819281
3 1.456570e-007 553.562166 497.636059
10 3.152030e-007 819.075483 729.683909
11 1.983470e-007 821.338108 730.507440
10 3.860990e-008 859.518986 922.091475
11 5.699130e-008 860.414142 924.200308
10 5.336180e-008 885.324780 903.705687
11 1.198820e-007 918.090004 770.280766
10 3.313220e-008 870.533912 583.925553
11 1.376710e-007 868.320719 584.602192
3 7.649540e-008 493.110337 590.625227
8 3.780930e-008 461.892867 520.509768
6 4.148870e-007 477.792158 148.283761
6 2.719570e-008 548.032122 41.920548
6 5.413100e-007 429.173400 115.783122
6 3.066170e-008 596.974205 162.225190
6 8.344460e-008 458.561593 192.993717
8 6.644090e-008 347.149071 355.223128
3 3.048650e-008 339.727574 351.441690
4 4.108280e-008 282.163147 322.111276
8 3.974680e-007 350.000335 574.551647
3 7.270790e-008 357.451090 577.263502
3 3.699900e-008 558.394396 667.010657
3 1.191720e-007 548.789749 586.236038
8 9.484320e-008 472.775823 523.492079
3 1.896030e-007 361.221992 479.656227
3 1.252150e-008 525.993269 596.101669
8 2.916060e-006 340.116172 494.387501
6 1.660950e-007 433.796027 212.108270
3 1.267240e-007 525.053972 418.308002
11 1.195050e-007 814.688131 619.261368
10 5.372240e-008 785.014776 692.706099
10 3.187680e-008 717.071057 811.015968
11 3.700830e-008 716.295504 813.146806
3 1.641030e-007 493.620078 582.173873
8 5.827210e-008 414.249186 440.432401
3 1.092420e-007 405.719367 409.669448
8 4.572600e-007 378.272520 485.319175
3 2.739510e-006 474.448313 472.584661
8 1.088170e-007 361.463374 367.959839
6 1.423890e-007 368.566707 301.923784
3 1.302170e-008 419.012585 267.145160
6 2.006380e-008 647.333526 131.020221
6 4.595320e-007 418.137842 87.205642
3 4.759740e-008 366.786870 459.451569
8 8.524210e-007 356.759803 480.954537
11 1.400990e-007 795.507514 646.679322
10 9.783110e-008 770.039003 703.882407
11 2.127920e-006 871.260018 678.291766
10 9.617550e-008 893.352260 617.593105
10 1.104860e-007 798.369910 806.688491
11 4.750210e-008 798.987056 808.991709
9 3.606040e-008 482.031895 836.203005
10 2.803080e-007 814.546446 755.392511
11 2.701820e-007 816.450759 753.957511
10 1.759650e-007 808.719461 773.449693
11 3.668460e-007 822.749479 733.356097
3 5.126530e-007 496.748303 485.376599
8 1.415370e-007 411.818402 526.799852
3 5.681190e-008 400.981410 562.148100
8 5.412190e-008 495.680872 573.775621
3 1.596030e-007 430.060952 432.325344
8 4.059220e-008 399.416198 356.830814
6 2.243900e-007 374.296527 238.421614
3 3.369380e-008 346.160153 342.298510
8 2.634090e-008 326.382292 288.315726
6 8.001490e-007 409.643593 173.715814
4 6.894290e-009 407.862510 386.237260
3 3.843780e-008 440.606207 405.141883
8 1.471660e-007 416.196368 485.059432
8 1.255750e-006 324.588350 538.571950
3 9.884370e-008 332.693600 549.727789
2 1.292110e-007 89.081249 482.586139
4 6.024770e-008 102.616193 474.128510
8 7.271760e-008 235.367948 407.356150
4 9.118100e-008 196.780592 407.298456
2 1.350450e-007 107.071613 436.808429
8 2.431660e-008 171.138265 568.883945
4 8.187150e-008 97.251969 441.954860
2 2.355460e-007 88.823247 417.155695
8 6.455490e-008 248.986407 471.083693
4 3.722780e-008 231.963395 483.911388
2 8.491100e-008 140.638398 468.416475
8 9.279200e-007 324.757311 523.139213
3 5.050360e-008 382.450072 554.065280
3 4.694080e-008 618.808676 551.780009
11 2.577070e-008 668.978290 784.118799
11 8.325710e-008 814.702465 641.128108
10 8.170750e-008 816.964310 639.484766
3 4.049050e-008 645.488591 468.071834
11 4.403230e-008 717.922729 661.930220
10 3.106210e-008 789.867509 744.659501
11 2.927610e-008 766.661854 863.574410
10 1.824140e-008 764.002369 862.811807
11 8.041790e-008 853.761094 544.696000
3 5.295270e-008 557.158613 545.021732
10 4.587860e-009 828.698946 585.683069
11 2.515050e-008 830.743695 584.502533
10 7.035610e-008 756.462893 800.057622
11 1.053820e-007 786.300748 694.188183
10 5.324420e-008 763.363290 701.768276
11 4.995570e-008 762.171327 699.784509
3 4.387040e-008 595.680185 566.386260
8 3.532050e-007 380.012889 506.790022
3 1.086260e-007 365.674397 495.985166
3 2.770700e-007 496.313475 406.730669
8 3.949410e-008 530.863770 517.313479
3 7.837180e-008 556.141479 515.098236
6 3.315300e-008 613.781431 131.508812
3 1.239720e-007 486.309523 387.024930
6 5.684580e-008 514.425337 146.895223
6 6.154450e-008 497.135844 143.691794
3 7.011920e-007 517.237191 483.730073
10 1.007220e-007 800.380555 677.462295
11 7.118590e-008 798.275209 676.342858
3 1.968620e-007 507.522637 563.484582
3 1.044920e-007 578.668423 548.666260
10 1.349720e-007 849.876275 664.495555
11 4.999380e-007 851.358687 666.392953
10 4.804980e-008 738.437239 767.476752
11 4.516860e-008 738.643024 769.828858
10 3.703580e-008 746.041396 699.164801
11 1.016020e-007 746.283305 696.863150
11 3.640810e-008 704.214019 632.855661
3 1.864320e-008 674.434823 434.581347
3 4.022270e-008 507.573103 686.124749
9 2.766870e-008 546.409534 920.457985
10 8.238520e-008 788.555237 796.125960
11 7.931090e-008 781.659303 792.612305
11 9.451700e-007 924.528491 670.985954
10 1.220550e-007 926.819457 678.479380
10 5.661790e-008 804.380794 824.966289
11 4.597660e-008 780.056295 835.313548
10 9.564480e-008 768.048358 855.458352
11 1.549850e-007 836.881426 804.271285
10 3.354730e-008 844.704896 807.118755
10 2.602340e-008 780.532104 811.553181
11 9.090820e-008 791.917394 817.959332
10 6.061840e-008 732.087426 658.513721
11 3.680870e-008 689.599113 616.025121
3 1.315120e-007 518.220692 569.839765
3 7.827150e-008 547.805329 462.142059
8 5.881800e-008 394.362250 419.299091
6 6.597190e-009 228.899472 273.479749
4 3.107770e-007 151.210150 277.551168
2 4.429330e-008 74.081244 269.530924
5 1.758580e-007 73.516234 267.682860
7 7.045410e-008 18.592403 88.035036
6 4.637960e-008 183.789300 152.690140
5 3.899600e-007 26.429794 133.368590
4 4.390770e-008 28.322464 283.986175
2 2.487380e-008 28.335128 284.227813
7 1.365000e-008 28.927209 295.525446
6 2.449560e-008 265.062657 76.819446
7 8.690770e-008 205.476478 158.833173
4 1.317580e-007 162.659706 214.208085
5 1.142550e-007 161.107999 215.706551
2 2.884050e-007 57.345263 315.909110
7 9.043550e-008 88.187315 247.085824
4 1.987890e-005 122.387103 323.899816
5 1.462030e-008 123.264501 325.870486
2 1.743770e-008 53.059402 200.288796
7 1.465020e-007 75.247636 181.926180
4 4.629200e-008 64.052868 149.414398
5 3.338950e-007 63.335954 147.332341
2 1.053900e-007 102.558773 289.181137
7 3.663810e-008 144.175061 232.643303
4 2.317690e-007 124.750334 280.721081
5 3.278630e-007 123.891745 282.846158
2 4.882180e-008 53.407417 205.784746
7 3.922720e-008 250.191223 150.467677
6 7.295720e-008 272.792298 106.110747
5 1.209350e-007 122.159950 178.014887
4 3.147480e-007 117.881543 259.655753
2 7.065440e-008 115.375829 313.369629
7 3.835790e-007 126.956915 147.754290
5 5.374140e-007 36.506209 288.493274
4 6.838230e-008 42.380086 204.492665
7 6.976260e-008 192.542103 108.277088
6 1.667180e-008 165.005288 88.619211
5 3.175620e-008 159.116648 98.556538
7 7.736010e-008 123.053782 179.079595
4 1.143540e-007 69.407075 186.481165
5 1.967260e-007 125.484107 242.235301
2 2.496860e-008 159.700432 240.054762
7 6.933440e-008 226.675511 193.158236
6 1.209220e-007 290.244134 150.376643
4 2.193520e-007 183.599155 277.471836
7 4.632200e-008 191.032200 212.358868
5 1.557260e-007 140.325548 287.303432
2 2.407540e-008 232.329787 315.431954
4 1.531180e-007 252.962128 321.739894
3 6.363800e-009 396.188093 367.013363
8 6.997240e-008 398.509796 367.767731
10 1.290160e-008 812.878516 911.407245
11 1.036130e-006 875.505362 670.106111
10 2.900620e-007 878.039218 671.287674
9 2.731130e-008 475.880495 866.553749
3 3.552420e-008 592.700793 570.869935
11 5.346770e-008 782.777366 602.854639
10 3.747710e-008 818.358523 541.226380
11 6.314440e-008 826.309829 585.461137
10 6.773530e-008 825.836011 582.469631
11 7.348170e-007 848.429826 733.985690
10 5.099330e-007 851.094306 732.962895
11 3.327910e-007 815.088915 720.440116
10 1.370650e-007 817.622775 721.621674
11 4.220390e-008 865.876070 842.485897
10 8.615260e-008 867.832402 840.529578
11 3.980280e-008 718.492054 762.380774
10 5.164010e-008 715.918507 761.288375
10 3.598380e-008 751.084636 678.585717
11 4.093970e-008 782.824650 621.275055
10 9.961550e-008 791.212619 790.523267
11 4.354910e-008 788.643266 839.547820
10 7.366080e-008 768.707384 769.167521
11 6.474640e-008 738.436915 731.786645
10 1.039740e-007 817.524318 781.111239
11 8.582230e-007 853.689430 713.094880
10 5.609330e-008 775.829442 712.295999
11 3.251660e-008 680.942751 713.951925
10 1.794590e-008 713.159313 737.698396
3 7.352700e-008 563.160023 499.810001
8 1.378060e-007 404.261781 465.693753
6 8.408050e-008 253.682765 142.462438
7 2.618050e-007 208.360567 72.192392
5 2.316020e-008 131.649130 147.044455
4 7.697360e-008 141.673182 141.771934
7 1.969120e-007 65.908278 25.103682
5 1.170540e-007 67.005121 296.930637
2 1.868630e-007 65.051993 299.618902
4 5.367360e-008 25.204108 358.813451
7 2.366700e-008 191.823383 210.856457
6 3.909370e-008 252.985494 161.328329
4 2.301710e-008 352.359836 341.586465
8 3.198650e-008 376.460262 358.461674
3 8.934230e-008 439.890167 402.875532
6 4.044530e-007 445.463165 167.299809
3 2.858020e-007 445.756992 455.284560
8 7.807040e-008 445.075303 457.318707
8 2.938340e-008 159.830869 578.072993
4 9.163560e-008 166.789896 410.822596
2 5.500190e-008 28.899778 518.553695
8 1.351030e-007 240.572108 550.882919
3 2.563510e-007 405.614453 548.002073
8 4.117770e-008 407.567288 585.419551
3 7.804450e-008 554.572849 554.172577
10 1.301330e-007 851.629694 641.089253
11 1.489500e-007 850.667971 633.256872
10 2.389630e-008 698.638600 651.391117
11 4.410070e-008 845.509458 564.333637
10 5.040000e-008 748.981740 712.963934
11 3.632260e-008 860.380599 831.796892
3 5.883540e-007 521.664240 479.471586
8 2.410820e-008 410.327241 355.819848
4 1.121970e-007 184.357053 282.045995
5 8.509740e-007 51.543004 205.365627
2 6.866970e-009 44.472944 201.283718
7 4.323570e-008 43.301956 200.607647
6 6.832940e-008 271.890507 125.846647
7 1.006790e-007 215.909409 219.014665
4 8.128900e-008 167.308071 237.076163
5 2.913590e-007 81.159637 209.085055
7 5.928080e-008 76.908340 251.596196
4 1.349170e-007 18.857934 245.103012
5 2.246950e-007 68.476177 191.893861
2 1.073610e-007 70.583721 189.633792
7 9.948090e-008 188.972140 232.899357
4 1.669100e-007 203.164446 229.882706
5 3.076160e-007 83.496327 196.697242
2 6.079680e-008 33.843558 197.583441
4 8.153350e-008 283.977099 359.776054
8 7.560420e-008 347.406518 350.576077
6 1.900370e-007 399.719394 198.650263
6 9.404740e-008 442.301895 256.482284
8 1.050290e-007 405.251984 430.787864
3 1.180310e-007 404.867983 484.167147
8 1.817830e-008 511.421646 454.219472
3 5.193460e-008 560.880888 465.415704
11 1.732590e-008 694.301205 535.846568
3 1.222390e-007 556.064644 428.202880
6 6.422610e-008 567.824712 86.047067
6 1.614240e-007 428.856371 68.798900
6 2.835930e-007 381.713756 85.204767
3 2.725140e-008 508.867517 397.289082
8 6.280690e-008 492.111037 547.478068
3 2.585990e-008 502.188490 634.739093
10 2.104210e-008 700.689006 775.160992
10 1.769620e-007 798.427429 719.937693
11 2.610020e-007 839.165486 768.487651
10 5.094910e-008 720.649856 756.084490
11 2.044210e-008 733.973578 644.217792
10 3.121800e-008 731.376461 642.836877
3 1.919160e-006 479.432263 508.875185
8 5.896400e-008 405.356411 469.487998
