9 2.105720e-007 728.031586 578.296322
10 2.302630e-008 677.630827 539.189140
9 1.902400e-007 653.568717 499.752812
6 1.602490e-007 765.099060 369.450512
3 7.122600e-008 761.924232 365.237350
10 1.497510e-007 791.491107 358.061021
6 2.468070e-008 661.100765 407.062913
3 6.172850e-007 782.712181 276.651966
10 5.851160e-008 680.584260 458.553979
9 3.007270e-007 661.359566 541.826161
4 2.916460e-008 525.179733 560.377744
11 3.729240e-008 699.656227 92.348350
9 5.948710e-007 653.852000 508.706251
6 6.713220e-008 707.066329 291.184251
3 1.396040e-007 711.086512 287.928799
10 2.052100e-007 829.880950 417.705925
9 1.652690e-007 705.722628 527.430746
10 1.501810e-006 852.535565 507.164604
9 1.007820e-007 733.452879 627.352167
10 1.789920e-006 852.811643 485.672866
9 4.471900e-008 801.259804 613.461845
10 1.559070e-007 725.803902 526.282381
9 1.098670e-007 744.894231 679.145344
4 2.152290e-008 653.694923 855.200803
9 2.107960e-007 630.071331 668.520352
4 9.515300e-008 545.894002 637.882215
4 1.463180e-008 513.314427 580.351753
9 1.181930e-006 591.775588 586.593476
10 2.035250e-007 757.265124 553.313019
9 6.126450e-008 446.194782 535.739541
4 1.949900e-008 424.598026 508.378445
9 2.984550e-007 626.789742 524.620739
4 1.434510e-007 453.948985 639.201626
2 5.636720e-008 331.676650 520.003600
2 9.338560e-008 171.190297 311.903261
8 8.986240e-008 173.616404 311.945604
8 7.190900e-008 70.689755 247.991486
8 4.702030e-009 76.555012 151.683926
8 1.043360e-007 176.908608 252.415056
8 4.256980e-007 170.478373 349.610411
2 1.282410e-007 151.227949 299.253023
8 3.198590e-007 158.508779 290.563433
2 8.786600e-008 161.329322 290.810201
2 2.360870e-008 170.762877 588.384952
8 3.489310e-008 233.567642 470.266333
2 7.868420e-008 196.649347 548.315620
8 1.455090e-007 106.681853 470.108284
4 4.294360e-008 331.822249 637.106514
5 6.378050e-008 296.901007 802.089086
7 6.405130e-008 105.428233 830.349672
5 1.057070e-008 278.988932 809.039724
2 2.160830e-008 272.055940 660.829365
4 9.865530e-008 381.136228 750.268987
5 1.249780e-007 390.272353 897.016448
7 5.771290e-007 111.507574 927.593779
7 6.321180e-008 176.548749 850.524011
5 3.773830e-008 186.232217 842.398614
5 8.183640e-008 356.456593 830.371669
4 5.255370e-008 375.581839 777.824861
7 1.457740e-007 178.164608 898.818822
5 3.272140e-007 265.947719 916.320276
7 7.678760e-008 155.867103 904.421198
5 1.607530e-007 217.789516 882.144032
4 8.790130e-008 363.011376 767.989355
5 9.087060e-008 244.081427 825.360400
7 6.516820e-008 173.065317 935.380770
5 5.581690e-008 186.532643 869.082480
7 6.026950e-008 37.841523 796.764014
2 7.073680e-008 68.954486 647.093268
5 1.151520e-008 154.935812 727.028161
7 9.972220e-008 251.032469 960.463680
5 2.474030e-007 250.339844 958.831947
4 9.382330e-008 400.373838 716.568578
5 2.144360e-008 399.883291 695.378074
8 9.834240e-007 148.834608 412.228784
2 1.553710e-006 142.086319 408.790367
8 3.481440e-008 191.085358 577.999276
2 8.840750e-008 189.728651 585.693526
4 3.807490e-008 585.923477 631.871672
9 9.136590e-007 586.082471 629.597987
9 2.089970e-007 613.062087 520.071402
10 6.896640e-008 822.683155 665.714343
9 1.211270e-007 722.029614 629.188562
9 3.117000e-008 805.881330 566.187136
10 5.935190e-008 817.946773 578.252499
10 2.751360e-007 887.423872 559.909328
6 3.858340e-008 754.594293 499.783873
9 1.868960e-007 666.743248 542.844763
4 1.628220e-007 553.149648 671.886281
9 4.539020e-007 679.908256 588.773064
4 1.499830e-007 544.790646 693.377186
9 1.207610e-006 640.553321 589.910449
4 1.671050e-007 479.795741 633.821314
9 1.173160e-007 616.761137 750.102313
9 1.853140e-007 599.990459 737.977787
4 2.231840e-007 582.854047 745.968592
2 1.498300e-007 217.551812 498.280340
8 1.477900e-007 156.340176 458.529126
4 3.844020e-008 436.235601 607.310201
9 1.840460e-008 422.231080 590.007858
4 4.909120e-008 411.910282 562.603668
5 5.847870e-007 320.673822 883.403080
4 2.180350e-008 343.123353 703.993262
5 2.038820e-008 183.058203 806.546979
7 5.235930e-008 72.921227 782.178073
4 2.495180e-008 410.153937 541.685072
9 4.158300e-007 553.023712 622.904711
9 1.148960e-007 685.320493 722.264523
4 1.071230e-008 696.814320 612.492103
10 5.045580e-008 802.836749 570.458883
9 2.580980e-008 728.807170 807.680029
10 2.346330e-008 802.856187 676.012836
9 4.608070e-008 796.773537 688.484165
5 6.407550e-008 472.025438 870.976359
4 8.736630e-008 476.540552 869.681657
5 7.058890e-008 450.983810 929.480921
4 3.505810e-008 451.747282 931.091710
9 4.001450e-007 587.220740 665.812532
4 8.394880e-008 599.762262 765.840422
9 4.484330e-007 546.457708 619.736237
10 2.195520e-007 797.728284 489.864564
9 1.021140e-007 676.506183 753.943067
4 2.620030e-008 681.812290 780.566892
9 1.319550e-006 632.143692 646.180527
4 2.302830e-008 653.887609 675.774727
9 1.927050e-007 702.003784 694.310633
4 4.091260e-008 629.925743 727.921343
3 6.335190e-009 602.171210 147.579974
8 6.579410e-007 177.406959 350.763869
2 2.990310e-007 169.515488 350.626136
8 1.261420e-007 238.696818 337.418590
2 9.477000e-008 166.296435 338.682067
8 6.454170e-008 189.506165 241.113508
2 2.578450e-008 160.789032 280.497854
8 1.614130e-008 101.949444 157.100099
8 1.579290e-007 24.901684 343.989592
2 1.483030e-007 92.083678 293.364351
8 2.316400e-008 240.707707 236.095315
2 1.913970e-007 102.223272 337.854914
8 4.267000e-007 103.436417 335.666354
8 2.683350e-008 244.449130 155.455846
8 8.535670e-008 205.317868 276.470223
2 2.655890e-008 317.679966 355.565468
9 1.453600e-007 548.946976 630.584546
4 1.182400e-007 551.842986 638.541283
9 4.300030e-007 716.895807 586.073379
10 8.037290e-008 814.824223 416.226410
6 1.387420e-007 871.538096 369.433359
3 1.184460e-007 868.281619 365.687211
10 1.060110e-007 753.170490 440.267334
6 2.164380e-008 675.659762 478.071999
9 9.695170e-008 709.738218 521.457389
4 1.157280e-007 553.976391 755.915594
9 8.724000e-008 522.319491 715.437588
3 4.991780e-008 710.404179 297.757856
6 3.817920e-008 739.347089 222.358945
10 6.396980e-008 757.793909 301.543646
3 9.948970e-007 786.935289 280.751837
6 3.519280e-007 805.126215 366.333477
9 8.374790e-008 648.076804 497.906110
4 2.518320e-008 665.290360 585.296630
9 8.797400e-008 751.912322 577.718009
10 1.082140e-007 691.132164 575.559314
9 5.003980e-007 595.795958 548.911045
4 1.498100e-008 644.351679 490.644983
3 7.967300e-007 790.555050 291.393141
6 3.750560e-007 790.623484 291.287761
10 7.598380e-008 770.384536 391.385587
3 2.118000e-007 743.241708 289.725206
6 4.056280e-008 743.213730 289.846393
10 6.145980e-008 785.934051 399.395792
6 9.346040e-008 745.029798 367.565852
3 2.284080e-007 733.707108 287.001820
6 8.476850e-008 744.029176 254.420497
3 5.411580e-006 829.653052 271.063848
10 7.457330e-008 884.100927 269.904499
6 1.184200e-007 820.159092 387.524411
3 1.166100e-008 750.626159 434.425133
10 7.187770e-008 658.124238 491.370613
9 6.067980e-008 649.946270 424.764848
6 1.065320e-007 810.898162 205.081222
3 1.325170e-005 815.861000 280.153014
10 1.097670e-007 804.334584 375.192155
6 1.101360e-007 849.547072 349.591009
3 1.277940e-007 811.174579 344.559415
6 1.572050e-007 744.490950 366.038687
10 2.518470e-008 701.898827 382.388259
3 3.078380e-008 704.886634 376.223205
6 2.484110e-008 646.731881 478.763428
9 3.631410e-007 642.463187 498.846343
4 1.966390e-008 449.164713 597.945761
2 7.248980e-008 198.023723 553.943181
8 2.271380e-007 86.838533 450.261303
2 4.273710e-008 316.368049 486.136442
8 1.093670e-007 180.769339 487.171939
2 1.097490e-007 117.184720 561.269354
8 1.231530e-007 173.386409 414.858591
2 2.575680e-007 231.721843 467.902745
8 8.155080e-008 77.146742 509.320942
2 2.834830e-007 76.760497 540.169065
8 4.114400e-008 149.822218 490.696703
2 2.442910e-007 74.281010 544.787675
4 6.108240e-008 477.562787 612.789136
9 4.423670e-008 451.078424 564.101696
9 1.509730e-007 735.805733 567.076922
10 1.073840e-007 713.891064 503.431921
3 3.345400e-007 806.910777 322.233123
6 3.356330e-007 807.022764 322.163146
10 6.772550e-008 803.382003 305.653269
3 1.365060e-007 760.055393 351.852475
6 1.047530e-007 759.961067 351.937406
10 1.256080e-007 860.579039 374.001447
3 2.734990e-008 826.166262 384.522463
6 9.322960e-008 826.044890 384.559570
3 4.329260e-008 729.696788 334.098306
6 4.710320e-008 729.804335 334.155490
10 6.277000e-008 784.553865 421.390217
9 1.531540e-007 710.651343 579.580262
10 2.911480e-007 817.548587 457.316913
3 1.505630e-008 737.602794 481.758771
6 1.886550e-008 737.480192 481.796254
9 2.685060e-007 558.494707 530.668079
9 4.984490e-008 449.864585 463.287376
4 8.388560e-008 516.657832 629.314563
9 1.396820e-007 530.732976 637.307078
5 1.272530e-007 337.352607 825.291499
4 3.165210e-008 314.418690 835.985806
5 1.248730e-008 200.197329 759.435618
4 1.229950e-008 372.858124 794.037428
5 2.054290e-007 365.264118 870.334210
7 1.674110e-007 128.172380 850.059152
5 1.564880e-007 319.426937 858.508256
4 1.300780e-007 412.328767 717.521476
7 2.417220e-008 210.676882 837.987006
5 7.045780e-008 291.566877 816.312607
4 2.060990e-008 294.738014 761.427259
7 3.763050e-009 15.609071 832.977007
5 6.682360e-007 286.454970 953.349776
7 2.410420e-007 113.104851 894.846306
4 1.776000e-007 389.894357 760.341306
5 1.996880e-007 356.803256 838.298607
7 3.299910e-008 97.469402 813.030962
5 1.144510e-008 167.789656 767.801550
5 1.218910e-007 339.725053 848.311528
2 1.348170e-008 150.947430 686.457935
7 6.388220e-007 57.330489 938.217866
7 1.274840e-007 198.187227 891.277331
5 2.740110e-008 261.546078 860.511454
4 4.905270e-008 316.632152 685.739363
7 4.012300e-007 73.807808 894.202727
5 7.343680e-008 236.688039 846.429011
7 2.094550e-008 188.138751 814.361308
5 2.339180e-007 289.624656 958.561633
7 1.936970e-008 227.621102 919.552007
5 2.851190e-008 110.260182 939.500254
5 2.283660e-007 304.872013 828.464628
7 1.256110e-007 175.711878 956.684657
5 3.178860e-008 370.854108 753.935426
4 5.960780e-008 408.651385 710.444579
5 4.060070e-008 282.964488 796.057913
4 8.778650e-008 395.487469 696.476585
9 3.552050e-007 581.421396 506.185985
4 1.464570e-008 442.749897 601.543782
9 3.275260e-007 550.777934 575.286550
9 1.116710e-007 714.772927 643.020867
4 7.925790e-009 399.634927 659.162585
5 1.729330e-007 274.860917 878.524870
5 2.111530e-008 359.636556 719.486923
4 5.417460e-008 334.598537 705.193839
7 5.301670e-008 274.506757 997.780763
5 2.599270e-008 181.665677 984.731580
5 3.941100e-008 207.789339 816.099871
7 1.624020e-008 80.207456 824.477728
5 7.074490e-008 201.977533 922.014575
7 1.526620e-007 193.812528 920.574858
7 9.143580e-008 18.518610 828.368908
5 7.045600e-008 222.980854 996.537156
5 9.972550e-007 297.322277 965.934722
7 3.007600e-008 197.700341 835.366890
5 1.588650e-007 259.064032 882.941675
7 4.183560e-007 122.145620 912.044959
7 8.590810e-008 150.020517 898.435389
4 1.660630e-008 272.368588 678.475873
2 1.062770e-008 91.355182 715.719549
7 8.242480e-008 89.140611 855.060261
5 8.642210e-008 207.021349 931.072195
7 1.088090e-007 152.038602 921.252824
7 8.296690e-008 175.682828 812.269407
5 3.855750e-008 282.487829 706.408449
4 2.121310e-008 297.425932 722.557104
7 1.280440e-007 119.229783 934.010252
5 9.152390e-008 235.732043 981.644557
4 4.207630e-008 340.220444 882.316186
7 7.133090e-008 179.847323 803.661417
5 3.695880e-008 172.515998 787.939312
5 2.667010e-007 308.931068 870.822955
7 5.571780e-008 192.428624 900.972964
5 5.633970e-008 287.666941 857.267440
7 6.982170e-008 248.250552 985.078364
5 1.319520e-007 252.117460 979.555848
4 1.619800e-008 313.226989 699.211718
7 6.820660e-008 185.941670 934.898732
5 1.088370e-007 187.372560 941.630584
7 4.321620e-008 209.744064 773.036990
5 4.903560e-007 280.835605 918.271386
4 3.219360e-008 350.414521 772.507824
5 4.650510e-008 277.209624 793.179511
5 2.174500e-007 373.740587 833.438680
4 7.882480e-009 416.216276 845.996604
5 5.734090e-006 329.072062 925.984573
7 9.995970e-008 225.830055 858.819490
7 1.332400e-008 246.341979 842.545864
5 2.416510e-007 317.721726 840.053058
4 5.101520e-008 409.562231 717.533124
8 6.187500e-008 260.235196 277.675728
2 1.983720e-008 183.798017 229.912701
8 3.884610e-008 162.516477 204.132802
8 1.104210e-007 184.704659 253.605351
2 2.310270e-008 184.896473 250.862414
9 7.424240e-007 613.233331 561.742758
10 2.664420e-007 831.735406 513.368521
6 5.979300e-008 864.734666 438.981656
9 3.655470e-008 707.524578 643.132737
4 5.665250e-008 616.860343 770.818337
9 2.987440e-007 680.282851 618.207337
10 1.089660e-007 718.208952 549.249200
4 5.121150e-008 634.230349 725.382538
9 1.705840e-007 645.376666 732.621017
4 1.813330e-008 632.919803 821.188746
9 5.763120e-008 837.660893 596.781378
10 1.072920e-007 794.127038 616.179992
4 1.692380e-007 530.373000 678.004940
5 4.902860e-009 518.307645 793.211507
9 2.128230e-007 552.199477 682.358424
4 3.935400e-008 588.808852 595.760249
9 1.543080e-007 703.212471 649.026828
9 3.269180e-008 867.578768 656.948073
4 1.138060e-007 530.268483 858.661700
9 1.269960e-007 685.241520 712.276581
9 1.001040e-007 604.152482 743.980498
4 5.038050e-008 593.368812 758.822998
4 7.321260e-008 645.204463 721.003171
9 1.399080e-006 653.420056 642.835427
10 6.539870e-008 872.299357 616.206121
9 6.290840e-008 750.388159 746.375627
9 1.186790e-007 701.198000 653.249004
10 4.841850e-008 866.240134 636.793332
9 8.709360e-008 612.151807 492.521675
3 2.609520e-008 592.929669 179.498091
9 1.398090e-006 587.809577 598.685929
4 3.131480e-008 637.902254 672.951095
9 4.153670e-007 672.200264 623.202022
4 8.549790e-008 588.022514 653.840162
5 1.992800e-008 491.303879 884.793832
4 3.058020e-008 649.836678 820.830623
9 3.759920e-007 679.546015 647.774306
8 1.638340e-006 145.001003 340.943490
2 1.505530e-007 146.943228 342.692281
8 4.784380e-008 239.764184 213.648758
8 2.917070e-007 180.418003 321.352142
2 5.037260e-008 105.633368 291.137124
8 5.906370e-008 44.837592 240.125359
8 1.062460e-007 210.715740 277.959220
4 3.720160e-008 434.031048 559.168960
9 1.002900e-007 502.598205 631.901011
4 4.822820e-007 471.228000 762.962074
9 1.277620e-007 639.188384 689.805580
4 1.913910e-008 511.168568 557.236971
9 2.040310e-007 563.495384 557.905598
10 3.617920e-008 728.780036 625.972042
4 4.228760e-008 618.973199 713.779773
4 4.488120e-008 608.245047 738.210034
9 7.397260e-008 589.510999 705.761660
2 9.761360e-008 178.083198 561.806742
4 3.238390e-008 473.356888 641.633408
9 7.685660e-008 512.138885 633.973755
9 1.547330e-007 631.079521 520.832576
10 1.190890e-007 830.094580 635.382942
6 1.871240e-008 814.319045 539.082670
9 5.681430e-008 806.990036 654.484024
4 3.492340e-008 386.731787 648.609738
5 6.807500e-008 332.797292 783.829941
5 4.309470e-007 311.161801 974.627828
4 6.127210e-009 317.201049 740.381897
5 3.987810e-008 239.319308 846.324765
7 1.359770e-007 98.182471 912.138088
5 1.580190e-007 378.283257 869.931790
4 7.842800e-009 311.201610 787.960487
4 1.642630e-008 448.895754 538.821878
4 5.889350e-008 358.874872 612.750398
9 1.712070e-007 516.282328 648.728699
4 3.434440e-008 547.305056 637.123327
9 4.025160e-007 636.244915 688.254340
10 2.620100e-007 813.067427 444.749520
6 5.057860e-008 806.851972 495.309559
9 7.249790e-008 778.191467 683.257587
4 3.493690e-008 623.184106 773.641436
9 2.916770e-007 683.591801 681.301822
4 3.630310e-008 677.942089 712.818379
9 3.237770e-008 790.277195 532.978934
10 1.596190e-006 843.611169 494.229612
4 1.212570e-008 516.039091 641.483053
9 7.583130e-008 529.030916 665.917292
9 1.680600e-007 744.263954 678.452619
4 2.432650e-007 559.910175 725.980890
9 1.037120e-007 556.414662 692.722608
4 2.955060e-008 682.631497 692.623371
9 1.674710e-007 716.159006 696.740096
6 5.942270e-008 837.241968 431.767427
10 1.540310e-007 837.476106 431.637642
3 3.308650e-008 798.355533 470.030190
9 2.058970e-007 688.827325 573.298277
4 2.643920e-007 585.458726 726.548877
9 1.463050e-007 616.041201 672.734846
10 5.355940e-008 777.840855 595.968877
4 8.788090e-007 523.664294 761.370542
9 2.449710e-007 567.646203 667.050785
4 3.653050e-008 543.473403 573.560900
9 3.366420e-008 541.967624 487.294782
4 1.811160e-007 566.379350 784.188715
9 9.720810e-008 631.718113 828.484248
9 4.313670e-008 800.766818 578.641296
10 1.875080e-007 771.603596 525.089218
9 1.112780e-007 741.993816 562.295433
10 1.690770e-008 667.913535 596.839634
4 1.006260e-007 539.907602 654.219937
9 2.271850e-007 647.688055 520.385633
6 2.596000e-008 688.534762 463.001087
10 5.969710e-008 844.764357 652.768149
9 2.011200e-007 730.827615 593.127971
10 8.439550e-008 789.490198 551.335802
10 3.450000e-008 759.414528 585.489423
9 3.031920e-007 679.093279 582.684555
9 1.670380e-007 579.316629 519.655309
4 1.358330e-007 558.826874 747.182038
9 5.490680e-008 767.083678 552.316461
10 1.747600e-007 790.193551 572.166813
10 6.319040e-008 838.717643 698.093472
9 7.458380e-008 674.933543 651.129070
4 4.322800e-008 616.074702 838.538255
9 4.147700e-008 538.490784 802.031444
4 5.181900e-008 583.741896 884.844769
9 4.159840e-007 648.145518 655.688182
10 3.945410e-008 763.008191 353.558357
3 7.702340e-007 795.575496 297.150362
6 1.023890e-007 800.677038 288.314270
3 2.059040e-007 707.727623 290.614967
6 7.187510e-008 714.396213 366.835744
10 4.319160e-008 880.417106 291.746388
3 2.620800e-008 700.934481 381.696208
6 2.261630e-008 721.961913 460.172531
9 9.512880e-009 814.252892 478.961311
10 5.713700e-007 897.767920 436.408357
9 2.592910e-007 742.159627 639.569229
10 7.388680e-008 871.809411 645.416627
4 1.167870e-007 553.177924 794.441710
9 5.252510e-008 473.517187 661.803229
9 3.638160e-008 544.601383 544.828493
4 2.600380e-008 631.134562 632.685893
9 1.912330e-007 736.504004 669.307555
10 3.275920e-006 883.132977 505.610897
3 5.251010e-008 807.602846 394.375650
6 1.227680e-007 790.290005 403.210063
10 3.317300e-008 704.815747 472.425352
9 1.274610e-007 708.306774 512.555478
9 3.324300e-007 681.787797 656.987519
10 1.610920e-007 829.652967 588.023974
9 2.237830e-007 515.531950 566.726540
4 2.205190e-008 480.142746 515.172455
9 1.066100e-007 552.590988 617.691204
4 7.597340e-008 608.226687 666.494399
9 5.147650e-007 683.444128 668.967060
4 3.813440e-008 550.311286 605.699987
9 7.581180e-008 756.893546 706.646966
10 8.478740e-008 699.519116 592.743703
9 2.178150e-007 690.001694 590.720705
4 2.558150e-008 510.163649 894.430958
5 1.434220e-008 580.009771 888.301251
4 3.871870e-007 467.604961 660.289925
9 3.471430e-007 562.703688 595.433197
4 1.810780e-008 613.544109 888.559513
9 5.638350e-008 573.512085 725.002620
4 3.198040e-007 566.273564 690.948018
10 2.518240e-007 837.000901 581.075597
4 1.331600e-007 621.540114 774.591840
9 2.180980e-007 595.687151 699.509357
4 6.577830e-008 512.943832 828.104160
9 1.655690e-007 643.752140 710.182503
10 6.086310e-008 805.475802 658.883271
9 3.178270e-007 617.977514 655.690551
4 1.714020e-008 616.842386 652.881029
9 1.957020e-007 581.629842 515.817360
4 3.690320e-008 583.215471 513.375695
4 3.519040e-008 617.252044 739.657137
9 4.757390e-007 609.137211 673.568733
9 5.180850e-008 440.351939 559.126887
4 5.331200e-008 405.960001 566.437144
9 5.852860e-008 479.012620 490.736979
7 1.785040e-007 104.313129 875.284542
5 6.969140e-008 246.801927 939.979203
4 2.342220e-008 385.817842 845.563923
5 6.281710e-008 363.994581 847.473238
7 3.045930e-008 271.921391 803.922043
5 3.615950e-008 317.696834 842.329082
7 3.940390e-008 122.831573 812.129639
5 2.780690e-008 279.520729 813.278762
4 8.668740e-008 365.413753 657.680314
9 3.372400e-008 495.325555 598.028339
8 3.019030e-008 273.382727 343.262109
2 1.125370e-007 280.346547 338.910619
8 1.350930e-007 224.918504 332.420665
4 8.869860e-008 544.400418 684.432381
9 2.057350e-007 545.849164 686.221435
2 6.710320e-008 157.478714 546.618591
8 3.237650e-008 80.033744 556.127687
4 3.220850e-008 398.163112 676.444241
5 4.177970e-007 340.164674 883.207802
4 2.829420e-008 304.463975 787.766471
5 6.174280e-008 345.548099 784.373797
2 2.892270e-007 202.072739 498.742200
8 2.808980e-008 270.310747 541.382005
4 1.779490e-007 413.986674 737.701177
5 9.965790e-008 329.823237 784.373262
4 1.463530e-008 457.755317 540.430059
9 6.319880e-008 477.453383 482.396919
9 3.327940e-007 537.553818 573.892383
4 1.096510e-007 564.691716 652.706191
9 2.251340e-008 555.825978 730.024992
4 4.019850e-008 623.767420 690.799045
4 2.030880e-007 418.484666 683.132515
8 3.995430e-007 187.960105 333.706079
2 7.325940e-008 190.624413 333.566445
9 1.433670e-007 579.981896 539.694117
4 2.679240e-008 608.506784 741.521795
9 2.897850e-007 678.100854 675.604623
4 4.061740e-008 615.742666 706.800158
10 7.244260e-008 690.036968 555.762162
9 2.865980e-007 657.261626 541.849775
3 2.092240e-007 732.300974 284.254546
6 4.050330e-007 796.697604 248.558892
3 2.670360e-006 818.090153 247.319355
6 5.182230e-007 778.152802 306.528718
10 1.437210e-008 789.115958 298.661605
3 1.036810e-007 765.674700 371.043617
6 3.516630e-007 798.766713 306.096546
3 1.042820e-007 778.938565 353.334668
6 4.847560e-008 744.236728 417.057399
10 2.922030e-008 744.105606 417.293949
9 4.618560e-007 664.827388 541.447442
4 5.636650e-008 530.926665 605.382659
10 1.395810e-007 819.119454 550.615438
9 1.819310e-006 652.726027 600.038278
9 6.259860e-008 560.903609 524.671362
4 2.410420e-007 493.371418 663.132374
9 1.192340e-007 485.641014 638.935199
4 4.929800e-007 494.294548 783.000302
9 7.828270e-007 653.115884 654.080117
9 1.182610e-007 668.397644 675.817685
4 2.724950e-008 520.506313 583.405550
4 1.701260e-008 368.570258 844.004650
5 3.746380e-007 344.277477 889.892299
7 1.026340e-007 151.114583 945.280947
5 9.466360e-008 201.711090 978.089245
7 4.009660e-007 52.649251 896.103832
5 1.433000e-008 306.108775 681.273170
4 4.461030e-008 298.268950 673.293854
7 1.683100e-007 84.777737 890.207455
5 1.737930e-007 245.358184 914.099057
5 2.302220e-008 159.082544 791.790160
7 3.606240e-007 128.938631 966.237377
5 1.703150e-007 241.292732 895.891308
7 4.250050e-008 187.153853 907.357124
5 7.545750e-008 194.138318 905.221759
4 2.577560e-008 351.526537 706.544769
5 7.803250e-008 236.630415 882.139602
9 3.243180e-007 533.096204 601.199345
4 7.435920e-008 536.118396 600.720674
8 5.941850e-009 236.704247 183.697448
8 3.636090e-008 255.938241 267.260839
8 4.349830e-008 104.322319 161.384197
8 2.223740e-007 129.277669 296.390837
2 4.807310e-008 103.308424 249.541173
8 7.777930e-008 238.652788 303.265217
2 1.169180e-007 90.694445 318.816328
8 1.057730e-008 179.522335 228.558932
2 5.188350e-008 167.581471 244.135345
8 6.536230e-008 180.815141 231.794753
8 8.916110e-008 155.193663 249.532190
2 2.298200e-007 146.523189 337.817948
8 1.316000e-006 139.292305 340.887278
2 3.140320e-008 223.816747 244.109449
8 6.207280e-008 228.137418 237.456169
8 4.368100e-008 219.464257 162.701675
8 8.435220e-008 40.013775 264.831698
8 1.167200e-007 126.400665 257.986660
2 4.406990e-008 294.281950 334.820056
3 3.849730e-008 724.797951 101.776813
11 1.716640e-008 638.956285 89.712470
8 7.723400e-008 205.723358 332.239776
2 6.597380e-009 238.252944 255.604810
8 2.139480e-008 167.657523 143.287004
2 5.558390e-008 200.848962 286.851451
8 8.359130e-008 203.325622 286.808217
8 8.959230e-008 205.215505 256.093508
8 1.157560e-007 159.511709 320.261004
2 5.894680e-008 90.299072 345.051245
11 1.141910e-007 781.427211 23.375376
4 2.165040e-007 393.984568 728.170667
5 1.686020e-007 343.513007 874.750018
7 7.090400e-008 200.897731 977.017591
7 2.467600e-007 162.310134 957.234463
5 9.642660e-007 322.211372 967.724082
4 1.244760e-007 368.194000 759.620393
5 1.269570e-007 237.091106 896.395610
7 4.163640e-008 151.927391 794.178007
4 8.659310e-009 278.862114 731.029928
5 2.901930e-008 278.500154 807.816072
4 1.056940e-007 441.104721 639.204496
2 3.059010e-007 170.728204 502.599060
8 1.118220e-007 97.752830 503.872704
2 4.489190e-007 197.803140 434.361245
8 1.046310e-007 258.945933 423.580159
2 1.171310e-006 166.352472 434.892472
8 4.054380e-008 209.401613 477.941613
2 7.712810e-008 292.856186 525.007000
9 1.845190e-007 635.486547 509.502438
4 2.905460e-008 585.646169 794.143570
9 8.238540e-008 603.410643 765.913966
9 8.966880e-008 743.247157 651.805474
4 4.813300e-008 575.141092 682.381571
9 2.238900e-007 513.744141 627.329804
4 7.388990e-008 632.583957 755.619496
9 5.372970e-008 666.355401 828.888579
4 1.072340e-007 555.620275 804.277391
4 2.436010e-008 683.889930 724.309346
9 2.392230e-007 715.867154 648.975692
9 5.890780e-008 772.002209 695.804826
9 1.291360e-007 778.031000 603.321733
10 7.683500e-008 778.031000 551.286943
9 1.336220e-007 636.870869 707.841426
4 2.904290e-007 566.871754 740.482772
9 4.319960e-007 608.934300 669.214002
4 6.717700e-008 615.718067 664.285307
9 1.102380e-007 626.203618 729.103583
4 3.471380e-008 624.460235 720.901679
3 6.075810e-008 789.167889 353.103051
6 2.411490e-007 803.056323 345.084560
10 5.276160e-008 755.028757 441.522937
9 6.532190e-008 703.720900 439.965100
6 2.435380e-008 822.490919 447.804711
10 8.134690e-007 827.458266 445.797779
3 1.202940e-008 819.176365 463.017559
9 3.542770e-007 688.889377 567.296360
4 1.670690e-008 637.696418 760.460340
10 3.817850e-007 849.331940 549.754420
9 7.771690e-008 689.695903 469.690477
10 8.906280e-008 705.757459 571.967921
9 3.827740e-008 842.142215 678.880610
2 1.575290e-007 187.165336 531.187528
8 8.650420e-008 184.603969 531.778861
4 2.158430e-008 337.123358 578.309526
2 4.718390e-007 188.164124 496.337555
8 3.629410e-007 121.217221 440.162597
2 9.477290e-007 208.514620 484.858869
8 2.546610e-008 280.382844 539.015294
4 5.511870e-008 506.011938 584.792459
9 3.178180e-007 561.547440 617.795401
10 2.621850e-008 768.775070 674.627643
4 6.603580e-008 568.916075 848.189892
9 1.400460e-008 779.735282 767.783028
10 1.239420e-007 803.081581 553.121663
9 5.039390e-008 785.938975 473.964296
6 9.220260e-009 747.892274 502.634519
4 4.042170e-008 668.703706 804.435399
9 5.034080e-008 779.298489 657.520758
4 1.059150e-007 575.979136 680.381135
9 1.250900e-007 630.176259 497.265729
3 4.138310e-008 810.728168 375.731045
6 3.066520e-007 810.850774 375.720318
10 1.353560e-007 816.132879 375.258183
3 8.030420e-008 801.399473 358.093108
6 1.568190e-007 801.496230 358.008999
10 3.351120e-008 857.173585 309.609549
9 1.282550e-007 700.480590 545.438080
8 2.159740e-008 179.834176 263.309753
8 5.433920e-008 145.008112 239.440488
2 1.274680e-007 50.552976 332.399811
8 1.504200e-008 240.713000 164.892239
8 1.207900e-008 142.712316 202.920324
8 4.694100e-008 161.344044 246.680574
2 1.415530e-008 107.653972 204.733500
8 1.492820e-007 174.516169 272.035079
8 4.417320e-008 206.420602 219.961654
8 1.176270e-007 152.660648 250.935399
2 6.436730e-008 127.079811 315.507948
8 8.212990e-008 135.665910 236.994487
8 1.065000e-007 107.824710 218.851832
8 3.226310e-007 114.516311 301.633736
2 1.104510e-007 157.055707 341.797054
8 1.594950e-007 138.325168 278.382887
8 4.528450e-008 281.764609 304.486135
9 5.750600e-008 523.748614 597.198586
4 1.961730e-007 582.365426 669.584392
9 1.424790e-007 762.385764 664.215473
10 3.076500e-007 758.726370 534.462103
6 3.603490e-008 663.101421 286.750860
3 1.113280e-008 640.845111 216.525994
9 5.444900e-007 594.061881 557.971931
4 1.308770e-008 503.674568 539.984564
11 4.249570e-008 752.010670 111.213571
3 1.407990e-007 837.441399 129.372461
6 2.885780e-008 796.566436 94.200760
11 8.732680e-008 793.254155 91.707760
3 1.941610e-008 726.997685 36.112276
6 3.385750e-008 771.889638 116.817673
4 3.506300e-008 366.372419 653.659488
8 5.201470e-008 125.458879 487.504881
2 1.003200e-006 123.539734 485.651584
8 5.441150e-008 179.730128 540.896309
2 3.858180e-007 182.459222 541.231406
4 6.584720e-008 387.809815 636.208089
5 8.092320e-008 243.418918 867.871819
9 7.781820e-008 483.248189 453.745297
4 1.874030e-008 507.689958 691.958304
9 2.754650e-008 581.351636 780.578827
4 5.235000e-007 523.582243 695.525973
9 9.137130e-008 653.692057 773.703706
9 2.327210e-007 607.545089 687.581988
4 1.122280e-007 549.526376 643.861846
5 6.454440e-008 336.978413 814.564255
7 1.092490e-006 113.678739 935.121942
5 3.485220e-008 226.858490 893.252474
4 2.523100e-008 340.885068 818.406507
5 8.205430e-008 247.535977 791.668342
4 2.462410e-008 416.697157 856.529235
5 1.220700e-007 243.307177 929.543000
7 6.730510e-008 231.214513 981.273504
5 3.496320e-008 133.158523 869.402465
7 4.385570e-008 69.583261 874.964714
5 3.591060e-008 184.520091 793.881437
7 4.980390e-008 191.918004 803.615093
7 2.045940e-008 103.561405 739.543098
5 1.352090e-007 210.621155 863.346606
7 8.626350e-008 143.553098 913.885993
5 4.240770e-007 385.785835 989.072322
4 6.653940e-008 406.840357 791.348610
2 1.494980e-007 214.655533 544.925153
2 2.085780e-007 60.739906 520.574277
8 2.587980e-008 83.179342 512.155092
4 1.997890e-008 468.302000 495.329308
9 3.079020e-008 468.302000 434.099451
8 1.287520e-008 183.192892 198.256236
2 6.454090e-008 131.832057 221.361864
8 1.971050e-007 86.216914 283.082828
8 3.625810e-008 164.729075 179.371637
8 4.650700e-008 159.648508 140.105139
8 3.339640e-007 121.493493 315.909548
2 1.579860e-007 149.677031 345.637098
8 2.724110e-008 252.727345 300.485363
2 1.994420e-008 192.039874 295.972774
8 6.469400e-008 68.115081 226.285716
2 3.840260e-008 185.294175 335.556615
3 6.428940e-008 775.620503 134.579064
6 4.762450e-008 775.458612 134.596079
11 3.739140e-008 771.279619 135.035300
11 1.457920e-007 771.033399 71.896161
9 3.829220e-007 642.920859 524.631498
4 2.660150e-008 652.781639 778.275672
9 2.194650e-007 737.836939 602.814489
10 3.063590e-008 737.306836 653.942073
9 4.324770e-008 751.657858 749.159873
4 2.042060e-008 640.466410 858.104928
9 7.952870e-008 624.147513 724.811341
9 6.512630e-006 640.348710 594.778577
9 2.089430e-007 679.422665 538.827310
4 3.590350e-008 589.282961 621.021885
9 6.298370e-007 676.315879 590.771215
8 2.083420e-007 135.955106 317.945284
2 7.487740e-008 128.182304 319.315819
8 1.047750e-008 342.772176 290.359872
9 7.946200e-008 560.277327 421.718695
3 9.012920e-008 806.281652 150.915510
11 8.447410e-008 797.553801 147.389212
6 7.957970e-009 655.072693 89.822822
9 1.313220e-007 584.497024 484.422003
9 1.270950e-007 601.845222 480.668445
8 6.838470e-008 315.427466 309.859760
9 1.247680e-006 587.643004 598.571290
4 1.320260e-007 597.203943 676.438328
10 3.218120e-007 900.137982 555.678922
9 1.730230e-007 751.874166 686.185558
4 8.492930e-008 596.286842 671.404805
11 1.360610e-007 759.887734 35.818242
9 1.741150e-007 594.145802 515.650152
10 1.147060e-007 828.028629 641.141804
4 1.105250e-007 526.564850 815.004192
9 3.471640e-007 550.316967 646.001624
4 1.085140e-008 668.764697 806.523066
9 6.815400e-008 775.487156 569.885683
10 1.779680e-007 771.057241 506.537878
9 8.194640e-008 739.042764 636.868724
10 1.171260e-007 742.813699 571.696197
9 1.328620e-007 725.750418 624.637342
9 8.572720e-008 748.604965 714.356090
9 1.750260e-007 762.133751 601.649386
6 9.769890e-009 718.888564 468.589950
10 8.166930e-008 706.808845 451.338214
9 6.888400e-008 798.434385 528.543635
10 7.965010e-007 886.439312 554.406856
9 1.382710e-007 721.703350 675.324326
10 9.161980e-008 864.105312 562.701426
9 5.732910e-008 762.394071 817.422739
10 1.922880e-007 809.914181 609.171773
9 7.695890e-008 729.014157 733.746463
9 1.656640e-007 630.944408 741.946834
4 5.330910e-007 515.972545 758.105109
10 4.873550e-008 754.972345 562.708845
9 3.183840e-008 764.585744 585.356736
9 1.106120e-007 513.509173 500.957028
4 1.652810e-007 496.186625 665.770207
4 3.797280e-008 277.963000 740.945465
7 5.598610e-008 212.681885 854.313422
5 5.663600e-008 148.595765 910.022777
5 4.298090e-007 280.991342 886.185156
7 7.181970e-008 205.277968 960.057666
5 2.847290e-008 228.311465 1000.902711
7 6.368810e-008 194.308543 882.318725
4 9.093570e-008 349.166202 738.391661
5 3.851190e-008 267.010678 711.697448
7 7.016370e-008 143.530044 864.290485
4 3.431710e-008 460.055513 566.797363
2 1.403540e-007 166.251389 585.727727
8 1.301460e-007 153.962502 464.920922
2 3.401760e-007 157.433089 525.764049
8 6.791130e-008 244.723669 447.772119
2 3.171150e-007 65.431337 487.279323
8 1.180060e-007 114.332206 457.270581
2 2.427940e-007 140.205184 539.136336
8 9.650550e-008 121.821553 523.710615
2 5.297890e-008 254.966944 455.430049
8 1.757860e-007 172.182015 426.805862
2 2.953700e-007 73.114091 469.840595
8 1.054050e-007 43.311951 413.139509
2 3.101960e-007 67.335396 513.206953
8 7.772600e-008 154.793411 486.451236
2 2.025940e-007 63.740693 547.515125
8 2.603800e-008 257.342704 438.902947
2 2.000090e-007 94.424439 492.028615
2 1.044080e-007 223.165266 604.456120
8 1.248470e-007 210.077065 448.959029
2 1.928670e-007 242.221075 517.496706
4 1.668040e-007 403.755980 719.766456
5 1.524780e-007 341.166027 861.125252
7 1.014850e-007 75.485360 880.884817
5 3.880710e-008 203.695877 866.141989
7 1.607140e-007 204.126110 1000.583336
5 1.686590e-008 205.898526 1000.614315
4 5.859550e-008 384.670233 728.342889
5 1.625450e-006 318.318875 914.403218
7 1.329930e-008 179.184767 918.947229
7 2.493540e-008 233.766200 828.358939
5 1.491220e-007 312.267299 813.555784
4 3.166710e-007 442.706326 736.629151
2 9.701870e-008 237.328565 505.525942
8 7.960690e-008 176.129906 480.517051
4 6.975750e-008 486.362553 596.666441
9 1.074720e-005 621.863479 621.415152
10 1.187060e-007 771.162060 471.558550
9 1.097420e-007 721.347872 626.565610
10 4.787180e-007 852.869885 537.852578
4 2.572430e-008 620.249995 717.416638
9 1.616460e-007 618.981780 710.224219
9 5.031690e-007 703.721435 579.164960
10 7.949390e-008 735.513623 560.746112
4 4.139520e-008 605.515888 656.156968
7 1.558900e-007 159.438930 900.963372
5 8.326030e-008 225.801663 956.648631
4 3.815410e-008 325.838186 652.353029
7 2.543280e-007 163.180689 880.972146
5 8.010260e-008 227.778277 901.961277
7 6.425630e-008 263.065471 906.832272
5 1.258620e-007 264.523634 907.931071
4 2.713230e-008 389.046466 785.360136
7 7.368730e-007 71.773627 911.572688
7 1.441540e-007 125.400000 868.873150
5 4.889770e-008 295.482894 778.833459
7 4.501120e-007 153.486467 997.673669
5 2.030110e-008 161.012743 834.888383
7 8.131630e-008 158.799124 826.627071
5 1.872210e-006 342.349907 926.650329
4 4.881680e-008 351.353377 756.627751
5 2.925580e-008 327.415207 809.784284
7 4.540330e-008 217.695829 771.957160
4 3.262130e-008 383.806177 853.074848
5 1.374820e-007 395.850499 944.698442
5 3.459310e-006 303.977406 921.857736
7 1.493720e-007 142.979281 955.534369
5 3.114130e-008 117.006406 832.438517
5 7.707720e-008 375.560131 870.359628
4 3.672110e-008 366.453616 879.948613
7 4.366440e-007 161.287996 953.684908
4 4.126430e-007 416.575063 720.997926
7 1.654980e-007 66.472940 822.143572
7 6.814120e-008 190.892048 923.745839
5 1.832960e-007 257.149279 939.076738
4 9.273210e-008 358.645157 741.987481
8 2.858470e-008 203.135033 547.925762
2 3.396070e-007 200.568073 548.911129
2 6.708340e-008 35.609789 558.449035
8 2.259510e-007 163.486084 451.148469
9 3.355080e-008 541.860224 535.216387
10 2.818610e-007 829.363583 505.211779
6 1.381790e-008 887.772224 460.209401
10 1.389000e-006 909.098603 490.554399
6 3.587130e-008 914.736978 409.920183
3 7.554630e-008 884.757473 421.370677
10 1.021380e-005 862.853770 484.983670
6 6.212980e-007 847.728415 342.395078
3 3.517820e-007 869.880946 328.552638
10 4.073840e-008 821.518964 293.431410
6 9.994620e-008 729.263955 277.274216
3 1.344890e-007 709.370270 241.384711
6 8.882450e-009 699.956468 337.333606
3 2.963100e-008 726.737704 387.701909
10 1.385940e-007 850.924555 360.743238
6 3.364660e-008 694.557699 358.658369
3 2.311060e-008 678.992679 412.940302
9 9.061770e-008 657.921061 486.426111
10 2.210060e-008 783.091127 341.619086
9 2.923990e-007 549.736143 625.305836
4 1.330710e-007 545.345241 641.658610
10 1.253860e-008 721.672238 605.742632
9 5.052120e-007 679.490330 645.490739
10 1.021910e-007 803.424693 620.132978
9 1.199440e-007 776.799315 513.720674
10 1.281260e-007 700.448113 586.045351
10 3.948580e-008 758.317528 641.729246
9 2.841700e-007 688.479129 613.116912
4 5.750300e-008 409.799925 654.485989
7 4.435640e-008 36.990792 828.677808
5 6.917570e-008 216.062065 805.328870
7 2.151560e-007 68.862431 857.641936
5 1.490530e-007 239.664768 943.910385
4 6.957030e-008 409.656823 771.868822
5 6.657130e-008 408.442163 761.493048
2 1.618040e-007 142.054421 559.888506
8 2.539970e-008 246.310135 478.542328
2 4.705440e-008 249.994241 584.046157
8 1.578590e-007 217.142265 336.880365
2 2.315960e-007 123.116873 348.425528
2 2.600350e-008 344.553573 441.110336
4 2.132700e-008 549.551879 609.094185
9 4.290350e-007 580.148961 597.274766
9 4.201610e-007 615.496619 556.616593
9 3.343250e-007 642.672164 700.019313
4 3.130680e-008 673.944300 744.184000
4 8.887270e-009 673.249801 864.311212
9 1.639500e-008 800.989876 564.679000
10 1.082490e-006 843.803943 503.534480
6 2.132810e-008 857.520534 535.834698
10 1.765430e-007 782.394821 547.737072
9 9.921770e-008 696.588603 546.327310
6 8.917270e-008 736.552546 282.316247
3 2.807130e-007 739.502837 278.255531
10 1.384650e-007 897.701332 360.173545
6 2.430270e-008 707.949670 484.259378
9 6.007880e-009 680.369990 546.105144
4 9.084700e-008 534.127316 620.619892
2 6.695300e-008 131.311018 599.652228
8 3.623480e-008 235.248575 490.106438
2 6.024100e-007 194.612180 482.044334
8 6.378070e-008 108.215795 578.716875
8 4.937120e-008 225.258946 266.934907
8 4.923370e-008 234.350305 312.309444
2 1.310720e-007 199.714066 314.448240
8 2.153230e-007 208.533918 329.674471
2 1.509200e-007 174.710289 355.471406
8 6.063860e-008 75.660745 216.395779
2 8.374080e-008 296.267079 341.390175
8 1.035940e-008 298.835422 341.165471
11 1.431090e-007 734.414973 58.831795
9 2.351610e-007 545.206570 547.373376
4 8.128560e-008 509.921302 623.042884
9 3.761420e-008 724.790040 845.121353
4 7.175920e-007 535.790536 757.577379
9 2.492870e-007 575.745930 614.003594
10 2.010980e-007 776.942086 499.216246
6 2.932360e-008 880.923763 458.844362
9 1.833880e-007 698.506974 661.445127
10 1.872020e-006 898.498536 511.125644
9 8.429080e-008 793.087415 530.007348
10 8.339460e-007 857.039195 478.220012
6 1.975110e-008 901.614312 507.647434
9 2.963520e-007 683.630972 681.645371
10 5.941910e-008 734.858492 616.537336
4 7.096790e-008 589.380744 774.366781
9 2.113360e-007 573.142360 783.742013
9 2.424770e-007 677.546166 641.604315
4 2.083170e-007 552.219548 675.809805
9 1.420200e-007 461.307099 544.132406
4 5.440380e-008 422.690898 692.910048
5 6.676300e-008 282.187992 822.919601
7 8.532830e-009 303.169751 867.360599
5 1.000990e-007 356.771490 800.807812
4 1.323910e-007 380.507014 723.172421
9 1.713810e-007 584.243747 495.583728
4 4.499120e-008 351.055952 567.942861
2 4.110230e-008 287.710211 552.662294
8 2.259150e-008 289.978106 553.719829
4 1.032450e-008 404.795371 818.254164
5 3.339080e-007 347.641716 856.804927
7 3.776560e-008 138.824169 873.622992
5 3.522990e-008 225.404542 878.233697
7 1.412940e-006 102.882979 930.185927
5 2.750790e-008 170.211962 780.939360
7 6.523670e-008 111.339988 779.011885
5 6.878660e-008 290.154888 872.495229
7 8.150010e-008 209.598095 867.937318
5 1.723260e-007 330.277478 833.180850
4 6.502830e-008 410.500801 716.624210
7 9.335460e-008 34.088039 846.158473
5 8.757940e-008 240.949640 937.467608
7 6.782210e-008 225.173990 883.465259
7 1.592370e-007 106.016000 874.125705
5 9.902200e-008 182.277617 875.039672
7 2.609740e-008 180.612363 866.472691
7 5.486880e-008 113.417055 858.020478
5 3.177780e-008 240.113373 885.620263
7 1.332500e-007 145.196360 880.859746
5 2.043890e-007 259.047613 959.145713
7 3.133220e-008 177.083551 780.463719
4 6.546510e-008 366.980908 687.146588
5 4.434560e-008 271.695613 801.620031
7 3.562470e-008 199.085254 882.732134
7 2.190250e-007 173.860815 929.713567
5 1.702040e-008 172.718289 936.927249
7 8.215320e-008 93.936976 862.309708
5 1.306070e-007 249.861298 955.888615
7 3.946880e-008 237.048845 890.830002
7 8.709600e-008 198.136450 945.382756
5 6.409740e-008 168.123736 919.196416
5 3.192960e-007 396.725597 888.260427
4 5.600780e-008 388.828213 823.940783
9 1.633270e-008 469.319556 522.021647
4 4.352390e-008 651.274708 727.282078
9 3.708190e-007 592.931514 678.129976
4 8.063650e-008 588.292784 671.745279
10 7.855520e-008 713.124905 571.510430
9 9.945490e-008 565.463624 546.519129
9 7.531930e-008 485.803074 591.951695
4 3.925840e-007 481.314744 672.410802
4 5.645910e-008 634.740044 695.747284
9 1.397570e-006 650.664988 613.820947
10 1.197420e-007 815.994464 485.251800
4 1.959890e-007 557.003827 771.817317
9 1.427180e-007 631.198350 737.479179
10 4.072410e-007 852.257854 531.918408
6 6.208570e-008 773.531640 465.492088
9 6.039680e-007 699.727654 589.205286
10 2.016090e-007 815.238560 549.175917
6 2.726060e-008 812.677345 479.105802
3 1.401450e-008 808.280915 481.345899
9 4.682390e-007 668.842727 563.419020
10 9.722220e-009 664.400967 568.018594
4 1.987060e-007 553.723636 682.628257
9 6.883160e-008 616.828817 790.555130
4 5.449620e-008 563.443659 814.503653
9 1.379290e-007 679.279601 694.551968
10 6.042990e-008 890.141788 651.105395
9 3.399140e-007 658.885796 681.519281
4 5.663240e-008 584.146554 671.227628
5 7.437040e-008 461.646516 872.630307
4 3.083300e-007 476.802460 789.220568
5 2.964800e-008 488.310717 907.205005
4 2.174990e-008 488.516964 953.404562
9 4.585630e-008 465.357998 588.919907
9 2.255270e-006 592.146736 615.538417
4 1.681130e-008 642.398820 712.671909
9 4.063770e-007 599.867728 659.260812
4 1.226470e-007 595.715188 689.818629
10 5.676910e-008 768.775207 531.755941
9 8.045890e-008 766.957294 528.028690
9 1.561850e-008 797.414643 704.119015
9 4.861300e-007 689.970032 646.950574
10 5.512050e-008 778.195989 487.703254
6 2.768000e-008 884.619546 500.000458
10 3.010820e-007 844.930901 589.142804
3 2.000270e-008 902.021062 499.743564
10 3.590700e-008 786.365321 673.114248
9 6.028740e-008 738.479899 686.845337
4 7.892630e-008 572.243497 630.427416
10 7.755360e-008 720.315291 507.934384
9 5.202440e-008 705.068834 441.894524
4 3.282610e-008 405.504916 571.012400
2 7.529910e-007 148.746503 405.124620
8 6.862330e-007 146.293553 404.779891
2 1.517450e-007 204.141723 419.112957
8 1.467850e-007 202.041559 420.277103
2 1.098320e-006 107.224689 462.071260
8 9.333890e-008 109.671131 461.180826
2 5.387350e-008 282.992127 460.409318
8 6.226460e-008 281.094584 462.001549
2 1.240800e-007 251.712694 479.962525
8 7.752410e-008 253.897263 481.075618
4 2.884070e-008 420.042117 572.619000
2 1.014110e-007 89.971320 572.619000
8 1.250000e-008 330.598124 358.360286
2 2.806080e-008 332.786308 360.069886
9 5.474660e-009 455.587909 370.558263
11 9.168210e-008 801.872670 102.539712
3 8.536620e-008 722.271095 125.884103
9 1.923360e-006 600.368198 593.573601
4 6.041150e-008 596.567174 668.759176
9 4.948120e-008 462.468787 527.555020
2 1.744810e-007 156.146345 565.416264
8 2.233590e-007 161.853033 448.643195
2 4.894910e-008 178.934071 488.220475
8 3.908450e-008 254.102293 416.500559
2 2.253930e-007 194.231223 549.085726
8 8.895840e-008 85.411770 500.434896
2 1.577040e-007 152.530314 530.128060
8 5.850430e-008 214.025078 487.055189
9 1.181830e-007 539.911994 548.941788
9 1.206620e-007 652.076321 513.546940
4 3.226250e-008 620.084209 768.860485
9 8.527650e-008 695.787134 758.026360
10 3.731820e-007 927.500761 559.140025
9 8.864530e-008 762.602884 574.335179
10 1.257380e-007 723.852467 506.071559
9 7.013580e-008 474.249976 523.943948
9 5.313100e-008 431.083975 594.655994
4 1.072220e-007 418.271351 660.689804
8 7.069670e-008 218.131438 477.082532
2 4.867270e-007 215.915088 478.467469
9 6.239740e-008 538.449166 528.954980
4 3.150310e-008 539.243448 526.184973
8 3.389350e-008 233.307393 246.125988
2 3.056720e-008 167.997412 210.300220
8 2.970290e-008 181.858812 198.669060
2 1.094830e-007 191.462459 279.428823
8 5.058370e-008 196.699423 262.299416
8 5.312790e-007 138.739689 333.523647
2 3.438930e-007 167.586422 349.060489
8 3.716220e-007 197.542058 360.951315
2 7.054590e-008 276.947453 352.605435
8 1.029930e-007 251.440229 277.122906
4 9.011960e-009 345.405186 581.403902
2 1.898760e-007 258.171693 463.943837
8 9.385810e-008 174.857724 504.579030
2 1.598990e-007 99.564362 531.333135
8 1.816670e-008 158.559856 561.462707
2 1.387650e-007 267.156919 516.912055
8 8.728390e-008 122.362395 494.905227
2 1.398260e-007 249.401002 502.110138
8 6.627350e-008 185.080972 433.388521
2 6.241340e-007 123.126091 496.627202
8 6.545790e-008 204.928730 495.390729
4 8.689380e-008 451.458446 619.906983
9 5.054860e-007 549.562813 639.007862
4 8.488240e-008 477.496567 618.096834
9 4.088020e-006 614.288018 591.187784
9 7.983030e-008 521.492467 540.648854
4 1.107090e-007 529.743335 630.571505
9 1.053250e-007 600.378971 796.979708
4 1.318030e-008 668.226716 810.394164
9 1.330360e-007 707.175756 718.635452
10 5.837010e-008 754.337799 508.972544
9 4.143150e-006 645.370656 623.942278
4 6.103600e-008 584.558917 644.988422
4 1.818380e-008 652.080341 801.706188
9 9.699700e-008 750.404772 671.226199
10 1.104720e-007 748.679001 531.191325
6 6.230660e-009 781.157202 516.869683
10 1.762340e-007 786.884939 541.679310
9 9.831320e-008 805.911619 624.093152
3 2.395400e-008 759.423905 479.412421
9 6.914480e-008 656.793519 732.426183
4 5.740060e-008 661.095686 745.315504
9 2.234340e-008 616.039331 830.423997
4 1.017720e-008 640.527352 888.114144
4 3.721850e-007 495.243573 792.834000
9 9.784800e-008 494.240528 685.548835
4 1.728490e-007 531.745016 642.353464
9 4.799050e-007 600.191121 674.341619
10 1.208330e-007 745.911090 580.916015
9 2.337970e-007 740.141017 573.790546
4 5.034320e-008 672.036653 719.672124
4 9.341080e-008 515.862939 825.204645
9 1.183240e-007 523.281707 577.600511
9 1.703090e-007 595.703143 541.513594
4 4.004190e-008 595.014896 566.636335
9 1.588980e-007 538.916831 572.220908
4 8.647910e-008 536.168945 652.355326
9 2.236430e-008 406.546816 583.206725
4 2.254840e-008 327.610422 562.055842
8 2.104240e-008 268.022753 267.423267
11 1.473840e-007 787.141923 67.420601
3 6.247250e-008 832.726195 148.383172
6 1.900470e-008 796.283822 117.444405
11 1.346240e-007 788.912019 111.036191
9 2.830520e-007 606.781727 535.550178
10 1.800730e-007 751.466870 389.967132
3 1.207400e-007 722.406410 314.262246
6 1.566330e-007 718.711840 304.637586
11 1.020630e-008 860.557555 203.576182
3 6.062700e-008 780.723600 219.727964
6 2.945110e-007 859.962021 240.959725
10 1.181120e-007 768.595773 409.954416
9 2.082420e-007 666.638033 535.861774
4 4.466990e-008 592.060927 668.820697
4 6.742120e-008 643.991451 787.689925
9 1.990320e-007 619.566715 716.755854
10 1.518910e-007 790.310912 474.930789
6 8.142310e-008 864.528693 444.944792
9 5.672330e-008 783.621585 573.368893
10 1.015870e-007 853.723047 676.891766
10 1.449090e-007 809.212588 609.528188
9 3.550790e-007 732.381132 588.941267
9 4.097530e-008 708.041824 451.182600
3 2.192050e-007 747.827934 308.819872
6 4.548580e-008 747.875527 308.707750
9 1.413350e-007 643.048542 506.288471
6 2.259940e-008 666.188269 334.312998
3 2.720050e-008 686.702660 401.412636
10 7.574770e-008 729.041073 546.495332
9 1.743860e-008 748.822472 734.701841
4 4.240310e-008 620.911544 582.139243
10 1.137520e-007 764.637011 488.802703
9 1.225050e-007 809.357549 652.676287
4 2.967010e-008 672.245435 856.665324
9 3.468800e-007 606.087936 703.981083
2 1.272130e-007 101.673914 567.699558
8 3.957840e-008 263.490055 550.483501
2 1.238760e-007 240.356625 475.710255
4 2.698650e-008 410.631981 632.595224
9 1.842230e-007 634.810033 511.687292
4 1.280180e-007 511.849920 630.428176
9 4.423470e-008 626.185763 493.232988
10 1.589390e-006 851.032737 458.122812
6 5.224680e-008 786.612039 462.627412
3 2.820860e-008 771.807483 463.662617
10 1.785170e-008 752.009624 646.823218
9 5.929510e-008 786.406374 611.884155
4 3.908520e-008 498.221379 884.933895
9 1.452340e-007 672.485786 707.774385
4 1.233530e-008 674.337330 705.644439
9 5.250980e-008 775.639404 720.945423
10 1.546320e-008 874.088501 610.048800
9 4.144200e-008 758.600696 725.943696
4 3.494660e-008 701.479943 831.654007
10 5.546560e-008 879.843025 589.025498
9 2.042780e-007 658.136658 732.093296
4 3.518590e-008 656.265286 734.323505
10 1.766890e-007 776.989446 475.649878
9 1.723230e-007 653.894797 552.358184
9 5.922820e-007 681.216698 628.038157
4 2.025440e-007 540.634123 665.938603
3 7.807480e-008 811.145533 153.450640
6 8.164780e-008 811.271174 153.452834
11 1.264640e-008 864.559863 155.855520
11 1.565160e-007 829.177359 81.550225
3 3.364050e-008 829.965091 81.324345
9 6.088240e-008 526.708799 476.417813
9 3.007230e-007 615.229232 533.384920
4 1.105450e-007 488.293065 673.662597
9 1.003070e-007 606.667011 810.886082
4 2.138970e-007 525.354639 674.705593
9 7.499590e-008 580.587014 534.621013
10 6.057380e-008 782.038628 600.628000
9 1.080770e-007 752.029890 573.895587
4 4.591900e-008 574.328623 585.331816
9 3.655780e-007 591.917683 590.044828
9 2.553200e-008 740.161332 484.724001
10 2.655220e-007 759.419909 476.267225
4 3.895710e-008 648.669182 749.776340
9 6.477990e-008 703.665867 707.059284
10 6.683280e-008 712.135921 476.115094
6 7.887350e-008 671.447866 327.073720
3 1.151720e-008 669.813724 322.327827
9 4.042710e-007 616.896347 538.500453
4 3.488180e-008 549.385237 679.631935
9 6.966170e-007 679.089785 646.361678
4 9.902670e-008 589.194192 820.898551
9 9.202530e-008 730.454847 752.224564
4 3.201090e-008 645.111613 704.740207
9 2.934230e-007 626.592931 528.547591
10 2.909390e-007 816.917572 569.371566
9 2.153100e-006 596.488673 634.281804
4 5.640590e-008 584.759322 672.646760
9 1.072760e-006 656.155942 584.906032
10 7.392970e-008 716.875064 646.829674
9 4.991230e-008 699.326015 434.991358
6 1.470270e-008 709.093048 432.345931
3 2.906420e-008 706.971771 436.895012
10 3.000260e-007 845.281327 574.525822
9 1.992640e-007 698.340995 632.050628
6 1.917380e-008 732.813505 321.641919
3 1.135510e-007 734.770514 316.798103
10 2.144530e-008 774.897652 373.210652
6 1.948240e-007 753.988777 284.937498
3 9.135220e-008 758.895731 285.714691
10 1.024390e-007 785.244911 369.097813
6 7.869700e-007 812.654180 343.624000
3 2.451190e-007 808.095290 345.465921
6 4.806850e-009 658.583101 434.243030
9 2.717720e-007 635.184571 554.616545
10 2.939510e-007 831.719173 565.339363
9 6.243430e-008 683.954471 762.013928
9 2.149950e-007 706.682254 625.384000
4 1.367600e-008 656.405264 566.364687
10 4.120390e-008 800.673516 553.695396
9 1.564600e-007 646.182702 765.240499
4 4.855140e-008 562.026536 771.125103
9 1.143610e-006 669.088479 615.049343
10 1.444450e-007 715.851005 514.530909
6 1.471880e-008 712.132476 517.763367
4 3.640760e-007 552.726688 698.060105
9 3.555140e-008 498.119139 785.451132
3 5.015960e-008 754.122767 365.301444
6 1.258060e-006 812.823806 308.614274
10 3.147770e-008 719.401536 356.613941
3 1.010480e-007 715.104026 264.549117
6 1.001870e-007 737.133600 341.374601
10 1.453090e-008 680.345560 476.982772
9 1.234520e-007 640.639707 526.015308
4 9.921230e-008 612.992406 739.917343
9 1.027700e-006 602.832231 659.598964
4 1.977990e-007 544.503780 750.606078
9 2.940830e-007 512.942343 604.967480
8 3.054830e-007 178.546561 360.448386
2 1.065020e-007 177.130907 357.996403
8 1.243310e-007 129.496191 282.236699
2 1.117010e-007 80.816791 330.915998
8 6.038790e-008 245.326004 319.033987
2 8.610840e-008 199.673178 322.144630
8 2.918350e-008 68.829062 170.846368
8 1.076180e-007 183.902727 263.901318
8 7.684730e-008 266.133294 358.438556
2 1.027360e-007 211.484012 310.932765
8 2.371500e-008 236.077367 258.513583
2 6.116810e-008 230.389696 253.392371
8 2.555190e-007 105.798454 325.250384
2 9.753960e-008 158.580735 295.013839
8 3.853210e-008 60.369024 198.498181
8 1.740940e-008 167.495309 201.784615
8 3.517290e-008 167.136624 229.621328
8 5.871410e-008 299.005370 299.442820
2 2.520180e-007 223.523760 456.371549
8 9.242160e-008 225.685947 476.034872
9 2.374680e-007 639.302115 520.867843
10 5.501760e-008 772.520945 400.885452
3 2.664640e-008 764.274382 411.317533
6 5.185210e-008 764.187105 411.407911
9 4.946970e-008 842.702880 519.510834
10 4.254370e-008 739.580831 535.134220
9 1.389270e-007 767.380648 529.750050
10 1.186570e-007 746.495638 601.201592
9 1.652150e-007 615.026648 494.153570
2 2.547890e-008 351.655773 381.218537
11 4.515890e-008 661.221591 84.487293
9 4.450100e-007 669.318143 590.382404
10 1.572400e-007 864.969092 585.297900
9 1.506810e-007 691.119586 537.713896
4 1.211700e-007 411.192623 724.356470
5 3.315270e-007 353.364465 880.981660
7 4.060960e-008 263.872908 954.350338
5 5.141790e-008 183.815296 934.287551
4 9.579050e-009 382.280407 913.435523
5 6.120820e-007 303.499028 894.531262
4 5.136140e-008 313.949182 734.529827
5 3.000280e-008 301.306760 728.261417
4 7.608270e-008 499.369894 639.829167
9 7.028460e-008 500.111953 641.984273
4 8.068050e-008 456.365825 629.268630
9 7.822630e-008 458.434728 628.556242
9 6.538120e-008 758.561818 682.096774
4 1.375850e-007 593.292585 735.880886
9 4.105770e-007 701.454373 696.653889
6 2.708180e-008 720.465594 385.715761
3 4.376940e-008 698.106565 469.160232
10 5.383090e-008 677.005934 547.908332
9 1.882160e-007 670.697054 560.326346
11 8.162600e-008 748.498678 66.990841
3 8.298100e-008 750.224842 124.597203
8 1.965540e-008 328.265323 292.099362
2 4.202640e-008 330.190347 290.174325
4 3.768520e-008 359.422977 704.194489
5 3.001420e-008 261.147396 823.918053
7 1.527730e-007 152.383369 889.270186
5 1.140680e-007 216.547323 912.842399
5 6.303640e-008 353.999000 756.302495
4 1.365990e-008 353.999000 839.612757
7 1.302170e-007 83.911100 839.074464
5 8.467980e-009 386.017733 819.397974
4 7.075530e-008 420.961066 789.068327
5 2.086520e-007 240.638105 915.540034
7 2.653370e-007 121.310167 926.167476
5 1.070510e-007 364.391652 841.495137
4 1.494840e-007 417.581025 743.667789
7 2.679900e-007 152.950722 899.346490
5 3.367710e-007 299.124777 940.177692
4 6.672830e-008 440.021370 856.187627
5 8.522070e-007 294.649828 899.222392
7 3.639540e-007 134.292698 916.076260
5 1.364820e-008 182.113861 832.452798
7 3.524930e-007 135.163633 902.403583
5 3.768210e-007 271.458401 945.078382
7 1.309820e-007 35.917978 849.398903
5 1.007590e-007 228.093612 943.535564
7 9.954470e-008 193.832133 905.028728
5 1.495850e-007 303.677023 812.733758
5 1.328670e-007 272.330302 842.479764
4 5.778000e-008 360.581621 738.161473
4 3.154060e-008 530.262202 569.565412
9 8.104340e-008 547.065501 504.510881
8 2.302140e-008 375.289581 315.942871
9 5.665650e-008 482.484333 547.258016
4 4.025590e-007 453.996597 709.607663
5 1.584180e-008 481.982070 771.758814
9 5.414360e-008 491.794120 607.414246
2 4.333630e-008 304.582753 578.200324
4 1.039140e-008 426.203502 510.290228
9 2.024840e-007 619.143741 529.785880
4 4.245270e-008 613.400285 600.033918
4 7.365540e-008 607.655453 746.875053
9 3.863900e-007 643.135806 692.588105
4 4.782450e-008 482.426206 838.020079
5 2.400680e-008 558.052882 858.862127
9 1.588850e-007 644.845760 701.028780
10 7.834980e-008 830.421884 654.808759
9 1.232580e-007 751.012042 679.507432
10 1.237990e-007 739.420155 577.094339
9 6.189550e-008 739.726538 709.100068
4 1.089580e-007 577.455815 717.283141
9 3.334050e-007 552.315729 631.637544
4 4.103390e-008 545.571077 537.790756
9 1.650590e-007 545.980882 529.971103
4 9.685100e-008 416.004597 650.591270
9 3.152570e-007 572.687190 557.654630
4 1.490980e-008 657.709237 699.201222
4 8.643770e-009 643.880735 664.583955
9 4.406130e-007 644.126121 662.249195
10 7.355670e-008 869.310575 657.582388
4 1.188010e-008 655.392028 899.119362
9 5.713950e-007 585.426744 664.284927
4 5.266550e-008 646.964619 638.014206
9 1.078570e-007 753.344555 641.586680
4 5.162980e-008 576.299805 756.799216
9 2.175320e-007 704.276487 630.963153
10 5.602640e-008 816.999481 523.748135
9 1.572210e-007 605.146590 528.631056
9 5.752850e-008 730.891377 667.680814
10 1.055770e-007 927.641000 582.791828
9 1.148400e-007 749.189638 548.268981
10 1.972580e-007 841.955441 592.662846
9 2.020500e-007 684.887604 540.101575
6 2.091660e-008 741.112778 496.844022
10 1.326000e-007 753.464381 510.150323
3 4.196340e-008 675.157205 444.848575
9 2.032610e-007 690.889037 518.861846
4 1.755410e-007 531.553647 631.875430
11 2.321180e-007 807.059119 59.769806
6 4.442070e-008 882.782887 158.609000
3 8.182590e-008 877.865977 158.609000
11 6.159200e-007 849.629213 52.504353
11 3.342260e-008 684.411403 27.540505
3 1.122170e-007 817.065643 128.928495
8 3.750910e-008 237.790338 299.502163
2 1.228420e-008 334.568391 568.934875
4 1.777420e-007 504.768351 632.549308
9 9.062630e-008 499.535249 707.388213
5 8.584320e-009 511.195382 826.300215
4 1.557840e-007 529.266163 644.469094
9 2.167050e-007 545.315894 658.189168
4 4.241750e-006 487.921451 717.158699
9 1.550570e-007 538.585683 629.095749
4 6.542430e-008 473.163670 608.429822
9 5.676040e-007 572.553806 586.444500
4 2.376310e-007 525.942242 655.548725
9 2.895500e-007 599.607023 519.484907
4 5.801250e-008 653.572628 665.032633
10 8.376570e-008 812.199644 625.420640
9 5.300230e-008 759.319089 791.416488
4 8.144190e-008 585.533809 753.591530
9 4.739990e-007 596.635680 647.966929
4 1.232480e-007 563.239760 781.946483
9 4.503030e-008 525.667198 701.775545
4 2.901230e-008 552.194328 539.865376
9 2.812400e-007 559.612455 537.877693
11 7.400280e-008 740.652452 111.465571
3 9.455150e-009 648.412669 126.074840
4 1.560830e-007 491.110830 651.784395
9 1.443180e-007 577.112139 690.728786
10 1.265180e-007 800.975683 634.397640
9 6.157380e-008 742.677624 741.718814
10 2.407510e-007 922.826346 536.612755
4 6.690350e-008 481.065308 887.442257
5 4.529600e-009 477.307947 844.725253
9 1.273820e-007 643.230815 767.516140
9 2.044270e-007 734.890836 651.426956
4 3.776650e-008 582.526226 584.438788
9 8.871770e-007 584.878956 584.727664
2 1.331380e-007 158.799405 606.390277
8 2.252190e-008 287.109173 486.986662
4 3.136280e-008 347.967285 584.761295
2 4.923830e-007 226.726437 492.272951
8 1.938420e-008 62.356292 499.285859
2 8.710350e-008 172.279898 581.268556
8 2.835550e-008 275.088878 449.679759
2 2.545010e-007 162.235773 545.074156
8 9.316700e-008 88.204116 473.478745
2 7.149230e-007 117.192044 432.239747
8 5.167800e-007 150.597203 433.935803
2 2.892820e-007 126.626951 499.886499
8 2.189930e-007 225.720806 440.037555
9 5.164810e-007 562.916443 640.111722
4 4.711200e-008 565.199657 641.770571
9 9.102850e-008 724.345300 516.744764
10 5.216360e-008 720.640789 569.722943
9 7.895950e-008 720.872229 716.045837
10 4.417850e-008 728.480332 585.008093
9 2.087990e-008 652.430396 756.438069
4 5.884040e-008 649.814732 681.542268
6 9.343800e-008 743.417124 319.886138
3 1.151480e-006 768.453909 294.417465
9 3.694610e-007 710.637415 524.608402
4 4.483720e-008 671.777453 746.873800
9 1.955940e-007 711.882558 661.734532
10 1.198340e-007 847.050592 576.770502
6 3.405710e-008 831.322468 497.123911
10 1.569810e-006 826.987385 500.892373
9 3.060740e-007 682.463199 569.378540
4 2.242670e-008 623.588648 553.231117
10 3.302120e-008 677.558226 587.880256
9 3.898740e-007 560.337132 620.870996
10 5.307000e-007 924.142000 567.148119
