6 3.603730e-008 737.351651 570.194546
10 8.001610e-008 729.544463 576.981203
11 4.544090e-008 673.180004 625.977877
10 2.040640e-007 664.361969 492.195294
6 1.071250e-007 788.257739 405.442521
11 1.407020e-007 789.741812 404.403362
2 5.888870e-008 707.916117 293.565779
7 2.502010e-008 749.776600 280.267951
10 9.310060e-008 834.405711 338.954333
2 1.124830e-007 765.598142 310.097200
10 6.953860e-007 697.772470 418.640166
11 1.021340e-007 653.359643 576.478006
8 4.952220e-009 451.361826 426.723838
7 7.913210e-008 540.726197 224.096524
7 8.832440e-008 564.329388 243.321470
10 3.697020e-007 593.343339 395.426429
2 7.196560e-008 767.112925 242.559889
6 1.097280e-007 827.960412 418.770504
11 1.136710e-007 778.965304 445.929147
10 1.094210e-007 728.686742 473.799225
6 1.747800e-007 850.942684 508.549268
11 7.531800e-006 822.074446 533.643940
6 1.906200e-007 858.985010 480.159048
11 1.778540e-006 832.834782 520.273799
6 2.349940e-008 739.660576 525.313421
11 6.998450e-009 728.740906 522.364425
10 1.510800e-007 742.434707 519.702603
5 4.110790e-008 644.759514 835.131592
5 1.697720e-007 486.974010 616.437025
8 1.539490e-007 449.316751 578.488635
10 1.065640e-007 461.934453 473.982247
5 3.184530e-008 587.358139 586.829506
8 3.477400e-008 589.178389 586.775085
11 1.794880e-007 767.767537 557.989019
6 5.360280e-009 694.253863 525.258448
10 1.078510e-007 689.599238 523.186065
8 1.029740e-007 433.912762 539.261396
7 2.428690e-008 528.427556 222.122809
10 3.102060e-007 582.493568 425.129710
8 3.085090e-008 488.077362 635.423071
5 2.062390e-007 475.777897 642.524195
8 1.542650e-007 395.828707 462.240714
7 2.582180e-008 510.024976 296.389721
10 1.773630e-007 480.055436 404.682337
7 1.546950e-007 499.477584 131.327512
10 1.249380e-007 513.477994 383.280924
9 4.532660e-008 63.460335 137.097881
9 3.505750e-008 70.808686 247.316990
9 5.401540e-008 73.927946 166.946574
9 7.246240e-008 144.560842 304.720056
9 4.389360e-008 191.833085 293.478959
8 2.924010e-007 348.329300 501.097287
9 8.413410e-008 67.225367 404.451410
8 4.923190e-008 140.111097 499.167803
9 3.833580e-008 229.206104 479.537703
8 1.345710e-007 355.941267 629.732579
4 2.357830e-008 303.970864 780.329962
5 7.700200e-008 333.063580 690.790391
8 8.524500e-008 286.054560 716.120087
5 8.001790e-008 270.262372 666.024337
8 1.453580e-007 263.263317 663.750219
4 1.539610e-008 97.959516 793.891921
8 8.022040e-008 355.615287 678.590238
5 7.369200e-008 379.855617 743.006244
4 2.794540e-007 259.785253 972.352943
3 7.638470e-008 118.330268 931.221478
4 8.387810e-008 97.532292 916.826715
3 5.168250e-008 170.512160 855.589312
4 9.915640e-008 301.276872 912.173797
5 2.286070e-007 373.109992 784.616286
8 3.549860e-008 315.471976 741.691624
4 2.603200e-007 175.411595 918.407734
3 7.980420e-008 222.774395 943.297941
4 1.663430e-007 154.461642 899.824222
3 1.066530e-006 55.294590 979.653450
4 1.080470e-008 303.787791 865.472250
5 1.458500e-007 388.454547 799.409244
8 2.781460e-008 284.469549 714.395383
4 1.330760e-007 278.605730 890.047845
3 1.583110e-007 74.953224 909.091410
4 1.069180e-008 48.015229 892.248473
8 1.233170e-007 225.613143 622.981576
4 1.843450e-007 241.140986 918.523982
5 1.670760e-007 376.693534 838.391868
8 1.088770e-006 349.223548 581.593683
5 5.317490e-008 367.521345 657.745117
8 5.131780e-008 221.507646 449.257462
9 6.704490e-008 142.299339 444.680426
8 5.872920e-008 199.441963 530.606755
5 9.253270e-008 492.708352 612.054353
10 2.348130e-007 598.867579 411.591158
7 3.283940e-008 587.660318 306.196543
10 3.457480e-008 670.472499 628.044043
11 1.378200e-007 818.721018 661.272623
6 1.643960e-008 788.591439 661.656916
11 5.250890e-008 773.123842 678.835494
11 5.162680e-007 888.031701 571.507003
6 6.282740e-007 884.049111 495.517165
2 3.476880e-008 777.236666 491.987386
10 1.546800e-007 680.721354 525.220668
5 1.185950e-007 553.786538 673.846416
8 6.904500e-008 504.455205 522.020926
11 8.608420e-008 659.852204 579.843582
10 2.650930e-008 513.165144 530.677364
5 6.192800e-008 544.377119 691.249765
11 1.212730e-008 584.256300 523.794298
10 6.244140e-008 481.827493 500.146499
8 6.944590e-008 466.727850 527.388333
5 1.456710e-007 479.544575 631.775659
5 1.916430e-007 570.381890 751.784430
8 6.407280e-008 481.044963 601.765629
9 6.575900e-008 154.728742 467.714182
8 5.573750e-007 297.600285 572.744135
5 6.786360e-008 421.535094 589.606030
8 1.350670e-007 391.948727 688.634714
5 2.097170e-007 415.940258 672.793948
4 2.961510e-008 326.282764 823.820795
8 3.191820e-008 239.524687 741.521308
5 5.116720e-008 311.553247 726.397456
8 1.302410e-007 319.781666 702.735850
4 3.594690e-008 175.293415 732.668444
8 6.704410e-008 311.400213 649.912282
5 5.047560e-008 616.740962 631.870337
11 2.521500e-007 764.817946 604.124410
11 2.064530e-007 764.102591 537.761275
6 2.475220e-008 849.902318 635.239516
11 2.248170e-008 794.623304 692.892813
5 7.904780e-008 484.832869 867.303849
5 3.915140e-008 451.415284 926.756678
5 1.109000e-007 596.608266 743.398726
8 6.371210e-008 513.386510 624.383961
10 1.921670e-007 719.246149 530.309699
11 7.871480e-008 783.780667 456.071216
6 9.894470e-008 798.938854 512.964747
5 1.401080e-007 631.871012 645.388599
5 4.005450e-007 558.597121 725.234366
10 4.629740e-008 487.373621 404.351741
7 3.052360e-007 553.327061 176.415879
7 1.096110e-007 664.839353 158.209170
10 4.041990e-008 462.465671 330.907495
9 1.127080e-007 121.095558 323.084556
10 1.352860e-007 593.441180 335.348926
7 3.954940e-007 542.598172 169.048958
7 2.672700e-007 541.912303 196.309097
8 1.028810e-007 408.441682 524.609509
10 5.337660e-008 460.146449 335.315896
7 2.465160e-007 532.742135 181.464474
7 2.111220e-007 510.731928 165.889364
10 5.491480e-008 530.180912 411.867489
9 3.640430e-008 135.629404 247.946557
9 4.303320e-008 149.495815 268.050063
9 5.839800e-008 132.486857 236.793226
9 1.287670e-007 116.354607 312.361443
7 5.520240e-008 513.129636 269.547461
7 1.221720e-007 521.493931 58.298201
7 2.014910e-008 366.424070 131.817588
9 5.655070e-008 202.810572 278.084809
7 6.698040e-007 531.425315 127.300660
10 3.776730e-008 416.562870 335.553610
5 7.146940e-008 560.341850 661.891761
8 3.415630e-008 562.834677 668.740760
11 1.953550e-008 713.817459 570.236651
10 3.159170e-007 704.187300 485.360108
6 4.245810e-008 848.127677 395.416078
2 3.128190e-007 852.926779 348.023498
10 1.164400e-007 852.301826 377.306697
11 6.416380e-008 720.288422 456.305057
6 2.830700e-008 717.175278 457.823445
5 7.717140e-007 514.346106 746.766317
11 4.094440e-008 662.989623 473.104070
10 1.600190e-006 670.990386 416.177302
2 1.538050e-007 746.728000 302.358425
11 1.383210e-008 756.555462 313.326934
10 1.975430e-008 762.447604 257.265740
6 3.367060e-008 764.228773 436.147377
2 3.792750e-008 759.325738 438.754352
10 4.166840e-008 512.768939 485.557793
8 7.645090e-008 487.581273 512.967890
6 4.734380e-008 719.614890 575.062154
11 8.699200e-008 717.784607 575.094101
10 4.443190e-008 547.954556 565.717326
8 4.740350e-007 405.179515 530.119821
10 3.556550e-007 744.243070 362.707399
2 2.061940e-007 803.433630 271.561849
10 6.306460e-008 762.174794 207.717917
2 2.369170e-006 881.367235 276.266087
6 9.944240e-008 853.260238 316.254371
10 1.917410e-007 774.263820 413.807415
11 6.847870e-008 752.246588 418.915283
2 3.884520e-007 832.417719 349.552126
6 4.538430e-008 836.255967 359.599915
10 1.789980e-008 724.993888 250.720466
2 1.364810e-007 797.471080 225.764302
10 1.213990e-008 831.267350 376.013275
6 4.508030e-008 783.345571 412.355532
11 1.004290e-007 729.551603 448.640150
7 1.596650e-008 707.200379 253.436554
2 1.107100e-007 815.861000 236.472836
11 7.026060e-008 801.413002 366.200404
6 1.552930e-008 790.424415 332.380838
10 1.307210e-007 788.785678 327.337298
2 2.237920e-007 862.624761 368.267985
10 8.176550e-008 733.396849 287.935568
7 2.380650e-008 768.696330 294.797102
6 6.852010e-008 812.914155 339.773497
2 3.609400e-008 722.980884 374.295622
11 1.115750e-008 779.656712 325.790244
10 2.528130e-007 672.953046 355.400776
5 7.693980e-008 420.704832 600.054515
8 9.007250e-008 408.132421 598.287587
9 4.800340e-008 71.785988 436.224577
8 5.157560e-008 283.665847 516.631734
9 5.142450e-008 177.932071 520.017879
8 4.466470e-008 194.385462 593.933056
9 3.762440e-008 163.585864 424.442001
8 2.585990e-008 129.650274 495.252689
9 1.945190e-007 41.006599 519.004646
8 2.877670e-008 108.858977 436.624472
9 1.040560e-007 100.874880 436.066144
8 4.252680e-006 381.604185 572.057136
5 2.470480e-008 432.065920 537.933337
11 1.422930e-008 727.543387 543.081259
10 6.274310e-007 698.312338 458.187889
2 5.168210e-007 841.744143 300.466827
10 5.587660e-008 776.524590 325.891545
2 1.150040e-008 742.303635 367.836180
11 8.611410e-008 703.880052 389.253446
6 1.036420e-007 828.738283 383.736119
2 4.730790e-008 818.233906 386.947621
10 3.292740e-007 749.260053 408.034992
11 8.136040e-008 772.051040 369.239278
2 4.125630e-008 793.972842 368.274653
10 7.677730e-008 797.834552 370.327970
6 4.599550e-008 726.491861 456.277354
11 1.250730e-007 720.129392 460.100307
10 6.124870e-008 820.579058 456.390406
6 4.053270e-008 740.200811 480.964478
11 7.792660e-008 733.375481 483.051189
5 2.427080e-008 470.999671 503.787983
8 5.399640e-008 471.959031 502.191331
10 3.389600e-007 546.716197 377.773821
8 8.867690e-008 478.198904 498.277168
5 8.354630e-008 484.467896 615.650745
8 1.771960e-008 574.014592 653.921212
5 1.762530e-007 358.720102 815.327629
4 3.768660e-008 240.722829 874.522534
8 3.261660e-008 336.914503 742.705028
5 1.872340e-007 383.576287 809.344429
4 1.660120e-007 259.498704 976.124294
3 5.827130e-008 145.100531 873.118625
4 2.098820e-008 363.288361 832.803199
5 3.470080e-007 394.975648 764.849590
3 2.280560e-008 202.991292 840.046353
4 5.028220e-008 236.650493 831.027402
5 3.405220e-008 263.043059 746.647558
3 4.289510e-008 23.041228 834.968473
4 1.042680e-007 179.043932 876.769796
4 1.060660e-007 155.461358 873.613231
3 2.423380e-008 125.265280 874.607884
8 7.147800e-008 367.992391 692.266193
5 2.541300e-007 376.506825 690.611153
3 8.584470e-009 114.716353 808.409652
5 5.540460e-009 310.883852 816.280067
3 3.880010e-007 52.064223 950.879979
4 6.366880e-008 34.602415 868.728776
4 2.437980e-008 230.396845 790.549580
8 8.318930e-008 318.450790 640.751956
5 1.154460e-007 310.374496 691.179037
4 3.723740e-008 120.013462 853.408511
3 1.175320e-007 86.269356 888.391834
4 1.205860e-007 171.155716 882.475719
3 2.589410e-008 196.870927 971.597378
4 1.238000e-007 174.777979 946.477002
3 9.358490e-008 156.399367 930.132511
4 1.805900e-008 273.020604 855.497818
4 7.382730e-007 162.382688 973.144961
3 3.131380e-008 193.841446 934.296335
5 1.179490e-008 364.816895 758.652171
4 4.312420e-008 230.589893 823.906196
8 1.414260e-007 397.586498 676.506187
5 3.032750e-007 397.933654 673.203314
10 1.299330e-007 600.668788 502.792144
8 8.776040e-008 467.609780 574.884933
5 2.321090e-008 469.944818 572.380922
10 4.403870e-008 546.325090 593.145727
11 9.935130e-008 713.300613 576.633634
10 1.978640e-007 636.682810 522.178300
8 8.602010e-008 407.319894 644.709176
5 1.171230e-007 405.680384 647.792664
8 2.533210e-008 311.919581 796.683010
5 9.206330e-008 346.517000 793.890675
4 1.325410e-007 258.662785 905.886059
3 1.465290e-007 107.257696 973.801565
4 1.111110e-007 307.112039 927.796313
3 1.699360e-008 66.940896 797.277346
4 2.304110e-007 189.269735 919.773838
3 7.452960e-008 102.735587 904.515469
3 1.954440e-007 112.972807 968.400441
4 6.979450e-007 169.156982 1002.193373
5 3.717820e-008 313.204332 812.596069
4 4.334770e-009 334.818900 988.629784
8 2.857100e-008 223.842474 735.648150
4 1.431730e-007 245.777860 885.765775
3 5.510130e-008 109.387635 885.055714
4 9.416570e-008 148.216898 872.642747
3 3.782050e-008 147.624406 864.169812
5 1.269900e-007 338.000824 707.697293
8 1.204600e-007 327.303314 702.934444
4 3.508960e-007 173.047623 939.542821
3 1.026020e-007 181.618655 937.405816
5 3.628100e-008 230.877482 740.981297
4 1.411810e-007 155.800753 912.691725
3 2.446530e-008 142.046437 858.165405
4 3.006610e-008 166.342384 817.662102
8 3.960470e-007 325.875631 666.721423
5 7.669670e-008 284.223163 748.468998
3 1.852870e-007 121.114119 932.484354
4 1.937350e-007 115.418478 937.096571
5 1.231890e-007 409.828152 859.699403
4 1.349540e-007 228.336423 907.646811
5 4.101010e-008 309.135250 867.903056
4 2.484340e-007 302.613404 961.168665
4 4.584100e-008 259.983764 804.740015
5 3.128950e-008 287.428456 854.452511
4 2.749540e-007 257.144387 947.657579
8 1.031040e-007 308.045535 684.163790
4 1.398810e-007 174.094624 879.162409
3 5.954080e-008 189.731324 952.727766
4 2.243680e-008 167.738092 816.535334
8 1.770880e-008 266.230922 772.725130
5 2.160240e-007 357.414624 789.833575
4 1.035870e-007 303.018637 888.831229
5 1.440200e-007 413.137941 846.937744
4 1.372880e-007 286.649506 892.306420
4 1.728180e-008 256.643487 842.186102
5 1.714120e-007 384.370424 776.881317
8 1.008060e-007 441.210886 629.924453
7 1.520550e-007 472.281743 160.003815
7 2.106500e-007 613.424835 94.584649
7 1.220750e-007 438.446599 94.597156
10 7.327200e-008 507.722669 377.650998
7 4.228190e-008 492.765579 223.036526
7 5.179690e-008 471.394888 78.364922
10 5.271320e-008 448.688504 351.944130
7 2.793920e-008 461.662022 320.694014
8 1.320540e-007 410.275732 464.432857
10 8.387120e-008 714.310955 572.366417
11 3.359940e-007 793.069285 572.909118
6 1.237990e-007 830.122089 515.852811
2 2.903190e-008 858.322913 444.173769
5 7.120100e-008 551.816440 798.427974
11 3.658850e-007 787.970278 581.779576
6 2.210920e-008 706.417065 543.750531
10 1.466110e-007 628.050588 507.207491
5 2.889600e-008 623.218794 718.231574
5 4.404470e-008 649.593076 872.504368
11 2.867860e-007 830.138404 609.810707
6 2.017630e-008 782.862203 622.169622
5 1.175560e-007 557.745711 680.881869
8 5.214340e-008 461.406950 723.569906
5 9.576520e-008 577.500293 622.401854
10 2.277890e-007 625.526036 504.150629
11 5.432140e-008 818.944619 720.887437
6 6.639720e-008 859.843787 683.972561
11 6.402950e-008 843.654440 690.513440
5 3.334500e-008 613.453859 948.869670
11 5.220050e-008 806.998618 670.509476
5 8.124960e-008 552.254635 815.412007
5 3.040470e-008 654.038135 636.954678
11 2.365630e-007 772.981736 623.151171
6 1.007010e-007 851.686516 589.569649
10 7.226250e-008 750.517101 460.078965
11 4.616160e-008 764.673599 725.196474
11 3.617970e-007 816.549887 630.613139
6 2.547210e-008 910.188496 648.814644
10 3.080490e-007 609.907449 490.029058
7 9.014690e-008 526.284356 239.397648
7 2.142200e-007 532.998695 154.975894
10 6.266650e-008 468.328281 371.199066
7 2.568480e-007 513.982003 233.827585
10 1.283050e-007 551.162780 380.926992
5 8.642440e-008 493.591982 605.304688
8 7.721690e-008 554.653816 606.133755
5 1.166570e-007 467.601448 859.193617
5 5.767250e-008 608.410998 848.361371
10 2.963680e-007 619.229375 472.894867
7 7.443820e-008 563.186175 340.777683
8 4.985300e-008 356.700509 356.839384
9 8.303190e-008 66.820963 270.549726
9 7.803510e-008 83.426706 282.165031
9 5.251940e-008 87.266610 161.583989
8 6.076570e-008 425.452327 462.223902
5 3.016750e-008 422.870835 526.757415
8 3.606950e-008 509.329059 600.234452
5 1.449860e-006 471.228000 715.105604
10 4.463880e-008 510.264162 468.860923
8 1.446730e-008 510.346137 464.164596
7 1.535580e-007 491.234288 134.245571
10 8.586150e-008 584.268331 312.710544
8 4.398900e-008 520.113178 511.383777
11 1.359560e-007 770.622640 610.742608
5 6.719930e-008 613.142367 709.385929
5 1.962260e-007 571.464931 674.504904
8 5.387230e-006 358.614345 579.913067
8 9.445320e-008 476.733788 645.254675
5 2.513790e-007 479.068801 647.758660
10 2.078870e-007 584.644605 467.975019
7 1.337980e-007 481.703465 228.030710
7 1.022090e-006 542.220627 153.937893
8 5.649050e-008 493.426157 513.618620
10 2.766230e-007 655.997167 522.138427
11 1.846970e-007 723.044916 557.607293
6 5.610230e-008 849.382152 634.805184
11 1.229660e-007 781.171677 637.717304
10 1.395820e-007 554.982441 560.554924
8 8.080560e-008 464.605865 578.122567
5 1.093170e-007 400.787788 629.956865
4 3.704300e-008 335.396910 825.807940
5 6.226860e-008 344.243826 769.381742
8 5.723080e-008 229.758337 646.611016
4 7.130810e-008 203.218365 863.158946
3 1.864590e-007 100.235314 895.819753
5 2.070660e-007 375.318123 857.088329
4 3.332470e-008 402.353347 974.191251
8 7.387310e-008 270.250294 678.689190
5 5.565180e-008 408.777890 605.589914
8 1.178530e-005 373.503682 566.625217
8 6.310160e-008 505.116976 609.790237
5 3.232810e-007 529.936999 696.348504
10 1.138480e-008 561.351379 611.773788
5 4.138320e-008 670.557528 657.359064
11 2.147760e-007 757.518489 549.220929
6 7.825320e-008 817.343555 449.866249
2 4.446930e-008 800.008776 524.950224
5 7.089070e-008 637.760030 811.612741
11 3.318170e-008 724.409315 624.431818
10 3.678890e-008 861.350518 481.341246
6 7.657460e-007 874.134005 471.044543
5 1.020490e-007 531.806931 671.138252
11 7.568080e-008 746.783164 688.556537
5 1.626330e-007 563.389696 759.087021
5 4.397570e-008 649.257315 688.525473
11 5.632690e-008 699.055909 584.827334
10 1.215320e-007 740.261472 485.524612
6 9.240690e-008 822.766409 448.050657
2 5.850120e-008 822.341706 448.433060
11 2.286980e-008 639.466536 646.478823
5 1.132880e-007 604.951931 740.352625
11 3.130600e-007 781.570861 553.333096
10 3.231840e-008 775.849399 618.732184
6 1.192950e-008 774.033111 639.493244
11 1.021480e-008 783.755933 743.870950
5 4.951600e-008 511.533945 806.794547
5 7.671390e-008 539.879671 622.694700
10 1.818650e-007 540.112000 393.758156
5 6.050030e-007 559.576448 735.783344
11 4.417470e-007 789.593150 547.941793
6 8.135990e-008 763.554485 551.416821
10 1.335330e-008 739.746506 629.289654
11 7.660290e-008 714.662518 575.040226
5 4.102110e-007 508.908615 668.021557
8 2.306610e-008 486.097729 675.492051
10 1.066120e-007 647.277958 496.890816
11 2.342420e-007 752.704194 572.741694
6 1.080560e-007 833.370389 503.988472
11 8.633820e-007 842.812555 495.780483
11 2.334970e-007 824.232735 643.682766
8 6.271240e-008 453.423507 444.502908
10 9.327200e-008 528.012134 388.296519
7 5.115440e-008 519.739250 310.019553
10 1.779310e-007 603.751170 404.698631
5 3.680960e-007 560.065724 729.465791
11 1.945650e-007 774.172697 592.520576
6 7.176810e-008 813.604898 611.130243
10 4.016430e-008 819.148030 620.355661
11 8.517990e-007 839.168408 600.126887
5 9.569050e-008 622.362373 806.191394
10 1.676960e-007 638.339954 482.322113
11 2.658450e-008 752.337362 372.040698
2 2.130890e-007 812.197221 268.360809
10 1.373890e-007 703.267097 322.403260
7 9.380480e-008 698.993713 190.787959
2 4.251300e-006 871.001800 301.764259
10 3.190000e-007 682.002542 311.040463
11 8.804350e-008 730.103900 490.559176
6 1.764330e-007 849.202990 461.153379
2 1.868110e-007 919.729418 432.601050
11 1.362890e-007 752.519756 643.670597
10 3.329540e-008 781.836913 634.697395
6 2.586960e-008 862.140415 654.122591
5 8.275320e-007 509.825781 752.576951
8 7.317480e-008 493.011827 626.634145
10 7.063200e-008 519.407174 470.164773
7 5.766620e-008 429.361377 258.425897
8 4.339320e-007 362.998178 497.218122
10 3.899340e-008 540.744965 517.388839
5 3.265370e-008 593.130038 635.343446
11 6.191650e-008 724.687564 689.774242
6 2.454480e-007 870.458291 518.285493
11 1.324900e-006 844.296004 497.834569
10 1.361680e-007 694.535020 519.949945
2 8.060210e-008 795.826908 398.726393
6 1.687260e-008 718.745885 461.145014
11 6.773610e-008 688.343033 506.451865
10 4.980840e-008 840.590592 552.999265
11 7.346100e-008 738.687140 631.654151
6 4.615840e-008 847.028513 581.699745
8 8.482760e-008 472.140018 464.644952
5 1.355090e-007 589.286748 637.202863
11 3.552990e-008 650.608796 632.574842
5 1.027120e-007 465.313140 582.924618
8 3.664660e-008 471.930354 650.652347
11 3.066210e-008 897.311237 746.911535
11 5.376430e-008 883.503724 682.583993
5 6.714650e-008 520.059821 889.347576
8 6.504290e-008 469.523324 597.059481
5 5.689900e-008 498.005793 596.562375
5 2.046760e-007 560.105041 661.927367
8 2.725360e-008 632.111467 530.542622
10 1.355910e-007 679.620728 519.574131
11 2.422560e-007 756.436903 513.474298
6 1.063160e-007 818.710080 565.727758
5 1.161560e-007 546.897043 725.127027
5 2.929720e-007 483.838046 793.542890
11 4.405350e-008 801.519571 653.997769
10 1.234270e-008 541.144155 504.625040
8 4.279090e-008 502.502538 511.638323
5 6.152490e-008 526.038380 601.421049
10 4.895390e-008 611.816485 558.008167
5 4.934230e-008 630.568669 848.109712
8 4.348340e-007 407.441334 593.905868
10 1.044880e-007 541.894174 537.543347
8 2.070030e-008 481.981705 422.554810
7 4.590250e-008 452.350951 276.490796
10 3.675200e-008 465.337374 349.246845
8 5.790760e-008 460.166534 417.843800
10 1.483950e-007 525.989687 442.091250
5 1.568920e-008 294.256184 672.500622
3 4.686780e-008 99.493734 869.541029
4 7.384910e-008 140.443186 918.342536
5 4.816470e-008 396.190592 830.188668
4 1.634430e-007 217.171643 856.793115
8 4.284110e-008 322.476671 719.410416
5 2.421820e-008 316.229747 811.511758
4 1.043030e-007 223.121047 875.916845
3 6.806230e-008 144.858661 950.198255
8 3.974280e-007 366.346521 630.966660
5 4.210430e-008 366.658283 622.038079
10 3.585540e-008 509.044785 401.496299
8 1.027850e-007 412.073011 503.527428
8 4.452910e-008 331.057961 326.631025
7 2.504340e-008 352.447998 89.377497
7 1.277120e-008 458.311891 283.719086
10 2.472410e-007 593.898609 348.941721
7 1.608400e-006 577.386448 171.321177
7 2.849160e-008 396.538967 185.684521
10 7.652520e-008 471.595664 469.131086
8 5.735230e-008 463.741703 543.854874
5 1.613940e-007 546.386870 686.885448
8 4.623160e-007 307.158352 555.199962
8 1.352800e-006 331.163752 561.147678
5 1.062020e-007 400.840463 663.848396
4 8.482560e-008 339.909405 896.990106
5 9.358470e-008 315.262729 782.264232
8 9.641940e-007 380.500404 584.467348
5 2.788270e-007 409.417110 725.797106
8 4.033340e-008 410.078124 727.519099
5 3.400930e-008 459.230893 537.534060
8 1.246130e-007 460.093119 535.841836
10 6.876840e-008 471.906442 489.246813
10 8.116710e-008 539.717644 250.575807
7 1.655220e-008 474.019254 227.954200
10 5.830400e-008 520.553523 504.581779
5 1.300210e-007 581.420375 701.289515
5 3.056690e-008 678.743023 659.058916
8 1.423510e-007 445.061073 553.765183
5 3.732310e-009 418.308736 685.143354
8 7.498230e-008 504.207951 449.115915
10 6.709090e-007 598.744989 379.495266
7 1.459190e-007 418.795400 125.279543
7 3.922240e-008 546.023808 334.671521
10 6.432440e-008 498.619327 341.672883
9 5.910350e-008 204.065448 332.862013
7 2.512630e-008 530.597677 331.715803
10 1.249770e-007 491.230040 394.717183
10 6.718820e-008 595.842575 556.702607
5 6.779530e-008 584.835113 805.238302
11 1.825120e-007 833.848659 618.305806
10 1.045200e-007 683.288741 552.897693
2 2.047800e-007 808.505293 242.013779
7 4.992050e-008 631.985925 193.765296
10 3.317660e-008 807.420602 199.891568
2 1.057850e-007 779.373037 304.719652
10 1.379830e-007 759.711615 382.746892
11 3.949860e-008 795.976702 311.572280
2 2.701540e-008 797.755628 308.080922
7 4.832210e-008 654.291238 187.922098
10 1.097520e-007 770.794239 342.526784
2 7.518860e-008 745.316460 415.109517
11 3.893740e-008 706.899391 484.415523
8 1.142190e-007 520.650264 608.329373
5 4.753850e-008 523.908496 607.395089
10 4.787690e-008 681.194723 562.682420
11 5.730190e-007 796.308738 552.611138
6 1.950550e-007 877.679180 577.449364
10 1.259190e-007 568.530535 460.216557
8 1.915980e-007 380.159275 491.060923
5 3.062340e-007 489.846797 670.358891
8 4.671910e-008 483.403170 705.503785
5 1.986340e-006 495.448496 791.211103
6 1.480300e-008 856.730441 752.165376
11 3.191630e-008 856.081185 753.856748
5 2.362550e-008 572.298547 615.768711
8 1.830580e-007 422.041531 559.013758
5 3.046970e-007 394.555347 790.727776
4 1.963040e-007 181.466756 936.577589
3 5.397890e-008 167.788481 933.861177
4 6.601170e-008 65.741643 905.271259
3 5.244380e-008 29.050856 879.579993
8 2.157910e-008 298.462877 673.070767
5 3.020000e-008 292.829235 679.551510
3 3.381680e-008 124.139974 855.990221
4 7.837210e-008 122.701467 857.240702
4 1.820490e-007 284.001732 861.033874
3 2.819580e-007 121.564967 965.356121
4 1.635060e-007 168.882375 917.216371
4 1.429850e-007 243.972541 941.033988
3 7.434980e-008 172.049842 919.045101
5 1.222880e-007 356.635135 748.150857
8 1.668280e-007 347.914153 677.124336
4 1.791220e-008 215.595036 848.476028
8 3.527560e-007 380.927825 625.300608
5 3.958070e-008 459.183885 612.905984
10 2.633680e-007 586.618813 444.440642
7 3.255270e-007 608.443133 193.862547
8 1.689010e-008 415.999213 361.121068
7 4.532040e-008 485.777830 275.652118
10 7.083540e-007 602.596996 378.246521
9 2.164350e-008 105.277471 199.138202
9 1.672230e-007 120.345422 301.211086
9 2.952080e-007 82.634012 319.663517
9 6.613070e-008 173.694206 238.435130
9 5.163250e-008 3.039743 279.107528
9 8.492630e-008 96.756448 312.888692
9 1.229780e-007 42.874732 232.130659
9 5.274350e-008 126.904717 257.532810
7 2.579470e-007 459.638037 148.950539
10 3.873720e-008 579.041115 171.802920
7 4.840080e-008 431.806939 231.735167
10 2.309870e-008 489.927418 377.572166
7 3.413830e-007 589.415176 156.940104
10 1.541830e-007 605.241712 344.922614
7 3.206620e-008 720.731759 118.226879
10 1.698270e-007 554.117465 371.576617
7 1.356220e-007 533.954594 228.920267
7 1.851200e-008 515.181884 290.444860
8 1.633960e-008 347.063098 339.071098
9 2.948110e-008 146.630912 275.122298
9 4.045130e-008 131.999705 288.053316
9 7.394820e-008 184.991936 253.967916
9 2.903620e-007 91.995053 342.536841
7 1.168010e-006 558.905721 172.577079
7 7.646250e-007 605.714183 121.233315
7 1.026990e-007 465.814213 49.266520
7 5.380600e-007 611.945568 93.298065
7 3.263530e-008 441.832836 133.698277
7 3.215820e-006 573.191092 147.201256
10 2.386500e-007 608.496236 324.807528
8 4.904300e-007 424.353527 578.197697
5 1.372790e-007 411.884239 656.925288
4 1.469840e-006 201.231785 976.800649
3 1.854960e-007 166.539435 969.941487
4 2.794950e-007 161.922060 957.144869
3 6.911120e-008 243.092947 971.870358
5 1.953200e-008 394.911401 829.750241
4 7.409020e-008 293.446553 927.505014
3 2.497060e-008 159.061461 791.295654
8 4.898130e-008 273.971623 731.804499
5 1.986660e-007 405.922779 704.051738
8 9.312900e-008 437.507325 635.730533
9 5.797240e-008 184.200365 460.785386
8 4.322040e-008 266.871144 420.464223
8 4.474370e-008 209.560316 534.402509
9 5.893680e-008 124.925903 417.458726
8 3.642340e-008 175.170290 455.236990
9 4.970490e-008 201.773742 478.363204
8 6.402310e-008 449.277684 449.010780
7 4.522970e-008 483.715752 90.086723
10 1.881830e-007 594.391922 366.958820
11 1.601400e-007 705.561811 658.148939
5 7.654360e-007 514.673139 740.661964
11 6.203930e-008 762.398905 667.616987
5 1.766720e-007 559.285077 673.227078
8 2.741540e-007 424.751234 515.829962
5 2.375150e-008 638.047352 773.489501
5 5.184740e-008 538.297755 795.451152
11 7.279910e-008 846.441564 710.533672
11 1.607060e-007 883.448907 681.241289
11 9.886520e-008 778.031000 471.000925
6 9.794500e-008 778.031000 457.554002
10 8.642570e-008 770.504587 480.601875
11 7.289600e-008 804.975717 684.578929
5 6.540880e-007 539.982499 753.021523
5 6.438730e-008 626.961625 656.116384
5 3.185700e-008 610.820969 639.116423
10 4.135940e-007 637.169289 472.758246
6 3.352960e-008 805.160048 343.869974
2 8.238010e-008 787.855632 390.973843
11 7.454600e-008 744.261751 458.102717
10 2.204720e-007 694.836205 367.603711
11 2.776840e-007 769.691148 469.137142
6 6.776850e-008 838.818974 441.207768
10 8.807040e-008 734.479206 529.190381
5 1.352380e-007 612.485407 747.292960
11 2.367190e-007 829.030611 645.266035
6 8.982390e-008 789.762266 514.115127
10 1.070010e-007 711.193560 482.371285
11 1.091040e-006 797.180515 535.030362
11 2.031850e-007 728.267112 505.115921
10 2.615860e-007 651.502015 502.435185
7 3.154500e-007 521.351345 188.936479
10 7.381420e-008 508.484923 409.937842
8 9.915730e-008 423.749596 525.899658
8 2.475250e-007 283.543766 610.570305
5 7.851730e-008 410.824551 609.593819
9 3.873250e-007 68.330671 406.303537
8 2.831820e-006 339.889272 583.856465
5 5.179920e-008 509.039273 584.633815
11 1.537830e-007 801.618861 634.530356
5 3.942570e-008 617.699681 826.470087
11 1.372050e-006 803.190183 559.342390
6 1.309600e-007 801.902181 485.565433
10 4.662560e-008 754.332746 497.781279
11 5.092520e-008 783.939941 636.637092
5 8.261440e-008 592.791511 709.500970
8 2.915240e-008 498.695995 476.676944
10 1.552020e-007 530.281160 417.483250
2 1.358230e-007 863.928416 371.076523
11 1.843640e-008 865.163976 370.968423
6 5.310640e-008 913.599840 346.778615
10 1.787840e-007 771.575184 384.018895
2 3.402810e-007 843.382881 321.597591
6 2.032900e-008 782.039573 382.939416
11 6.494220e-008 743.351747 433.755567
10 9.558620e-008 680.710095 596.941674
8 1.389450e-008 397.418525 373.930440
10 1.931040e-008 460.358201 280.229728
7 1.635820e-008 398.779702 281.304481
9 6.702710e-008 103.686873 214.629129
9 1.997250e-007 65.643560 327.355885
9 4.977650e-008 47.325299 225.909554
9 1.160550e-007 102.497368 317.658666
9 6.987260e-009 42.057040 132.575337
9 3.804770e-008 91.593902 143.069539
9 4.578980e-008 150.237460 306.720218
7 1.942280e-008 438.102291 300.081648
10 2.990240e-008 495.635948 310.940663
7 4.828940e-008 452.847093 175.002137
7 1.204360e-007 509.239408 229.134508
7 1.830550e-008 573.035492 334.775122
10 6.637710e-008 547.066660 373.454155
7 4.641990e-008 530.728915 268.774638
10 2.100450e-007 568.908073 334.902984
8 1.194150e-007 489.599462 552.973305
5 1.994710e-007 591.025828 680.279109
11 2.747470e-007 780.034656 580.158137
6 2.174220e-008 741.637030 497.813682
10 1.038000e-006 700.410014 408.782071
7 8.006620e-008 644.850600 245.026665
10 2.644150e-008 573.874409 592.937661
8 3.695530e-008 433.376851 451.388293
7 4.890070e-008 467.349606 209.256235
7 1.077580e-007 697.574651 27.430027
2 1.852820e-008 773.779216 75.366433
7 1.648190e-007 656.603640 96.489631
10 9.135770e-008 568.291863 387.238989
8 1.196090e-007 384.861898 503.072644
5 7.747590e-008 379.092010 669.721295
10 3.445350e-007 595.686219 389.630006
8 3.401590e-007 394.171809 519.806287
9 8.553350e-008 153.836438 530.907441
8 5.874570e-008 135.993365 572.595218
5 3.924440e-008 428.154565 594.429766
8 9.864470e-008 402.161201 621.346755
4 1.191640e-007 235.700704 877.657797
5 1.829110e-008 314.079222 679.751189
8 3.673370e-007 339.884157 635.055748
10 1.319770e-007 530.456340 461.222174
8 3.645870e-008 375.062313 436.610705
5 6.472710e-007 513.342683 704.654567
5 3.119870e-007 547.502790 709.898863
5 7.688590e-008 527.239235 627.067317
8 1.181290e-007 466.105684 580.999982
4 2.736430e-008 276.127387 857.172482
3 4.559530e-008 141.040091 924.067148
4 1.398250e-007 222.053038 898.405713
5 6.861040e-008 338.519079 831.824763
4 3.166980e-008 244.609426 784.044395
5 1.036830e-007 404.471952 850.828569
4 2.286420e-007 243.022189 937.704322
3 1.072180e-007 151.158456 961.313471
4 4.461490e-008 125.189326 870.099696
3 2.787310e-008 74.693611 803.662926
8 4.449140e-008 319.567924 669.805652
4 8.255440e-008 195.825882 872.584470
3 3.106730e-008 210.634952 776.884611
8 1.030750e-008 187.132687 739.915829
4 8.735580e-008 192.156952 877.260376
3 1.497010e-006 62.264084 975.636272
4 2.652290e-008 405.520000 1003.249938
5 5.982910e-007 408.321549 777.255974
8 2.297020e-007 427.924726 590.743712
8 1.224040e-007 269.552019 566.003602
9 1.566740e-008 121.290349 510.157667
8 4.066290e-007 390.194426 536.438446
10 5.391170e-008 468.302000 398.679820
7 3.294290e-007 519.997104 161.432733
8 4.779570e-008 332.636720 368.241274
9 4.124750e-008 135.713951 276.874867
9 9.249790e-008 80.686811 177.562799
9 6.618160e-008 148.272919 240.787038
9 1.101090e-007 130.878325 328.363667
9 3.933190e-008 112.008697 247.885036
9 1.192930e-007 141.553839 294.768231
10 1.935130e-007 606.888872 364.000167
7 4.562270e-008 445.805858 66.520477
7 9.309390e-008 724.091228 106.131382
7 2.291580e-007 623.205671 110.418501
7 6.891590e-008 478.405926 98.881700
7 1.010040e-007 439.949441 205.112928
8 7.243290e-009 424.068006 437.105749
10 2.302520e-007 591.154133 494.744075
11 4.234660e-008 719.586122 627.445968
5 5.775070e-008 578.891945 849.630087
11 4.822330e-008 736.800120 668.452306
5 1.755950e-007 560.409566 704.580758
11 5.395520e-008 730.138541 631.056394
10 1.285080e-007 612.156847 546.592066
7 3.943150e-008 426.596252 157.323425
10 5.200490e-008 589.999834 476.212675
11 1.025010e-007 688.941864 588.682657
5 9.015890e-008 612.378638 630.825353
8 7.740190e-009 619.152894 633.700835
10 1.362420e-007 590.820617 477.686925
9 7.679120e-008 94.358409 325.279798
7 5.481160e-008 466.880310 71.295564
7 4.285060e-007 522.570589 117.274421
10 2.441820e-007 595.519193 375.542539
7 1.810220e-007 560.855286 195.528475
7 3.776890e-006 585.447765 156.023946
10 2.102910e-007 554.592140 425.316000
7 2.884540e-008 442.688950 113.852680
10 1.270950e-008 531.220299 378.220289
7 1.365660e-007 536.158570 177.757900
7 1.142170e-007 453.385844 92.309672
10 4.279160e-008 497.560008 359.024537
7 5.257360e-008 406.736156 111.162570
10 1.209420e-007 521.252902 363.283391
7 6.483630e-008 544.685545 310.826435
7 1.190660e-007 593.577736 276.274877
10 3.406880e-008 594.012692 276.896059
8 5.283600e-008 510.511779 453.490722
10 7.424640e-008 495.683803 417.496518
8 1.826070e-007 428.836547 524.553665
10 1.238200e-007 597.994694 517.302743
7 1.208640e-007 501.243171 244.439688
10 3.770820e-008 489.488555 337.625937
8 1.747370e-008 535.786898 511.465683
10 1.908570e-008 585.563436 581.634692
5 2.956560e-008 662.111786 745.162840
11 3.800720e-007 897.027396 561.290552
6 2.807910e-008 876.879373 581.695057
11 3.635070e-008 702.202888 682.712058
5 6.002100e-008 493.605767 585.245386
8 1.437260e-007 455.629250 524.525250
10 1.395680e-007 519.250535 367.056854
7 2.772780e-007 558.607304 203.050027
7 7.958090e-008 678.880219 86.914777
10 9.646400e-008 581.017064 309.331335
7 5.008870e-008 530.264044 272.543901
7 4.348240e-007 524.551665 160.320205
10 3.037710e-008 535.646388 253.702411
7 2.659930e-008 530.646964 319.683177
10 3.957820e-008 477.581447 322.054481
7 6.495880e-008 455.122098 226.418309
7 5.174310e-008 467.713935 69.685127
7 2.056410e-008 603.799545 23.308215
8 8.803640e-008 487.476778 534.458548
10 3.646970e-007 641.865725 507.235946
11 1.383080e-008 689.567745 656.560251
6 8.174290e-008 833.980059 617.272112
5 1.069750e-007 534.228947 760.471337
11 3.401250e-007 776.943450 590.710703
10 6.561940e-008 788.492610 470.975357
6 1.704890e-007 859.274726 526.275897
11 2.155480e-007 753.761461 573.116064
11 1.550790e-007 747.018936 625.752029
11 2.189010e-007 763.140111 543.994968
10 1.028690e-005 672.834543 402.817580
11 1.864690e-006 852.078160 509.018885
6 7.963270e-007 892.450830 520.314607
11 1.616370e-007 911.380647 661.141522
6 1.228520e-007 898.887841 596.290471
10 4.981590e-008 829.753777 543.738783
11 4.219970e-008 815.167347 725.821788
11 1.759580e-007 826.387371 633.530689
5 5.610010e-007 533.319394 755.667163
10 1.088290e-007 633.197660 557.514796
11 1.745960e-007 766.562810 590.014441
10 1.464060e-007 514.269603 493.722012
8 6.612950e-008 507.193329 561.048321
5 9.196110e-008 500.833341 658.918349
8 5.789520e-008 359.795046 674.679059
4 1.916680e-008 173.750508 888.156037
3 3.355680e-007 81.107147 968.689887
5 1.792380e-008 290.391212 877.721545
4 9.335080e-008 245.456727 918.180403
3 6.700190e-008 216.585599 952.714399
4 7.937790e-008 296.995904 1003.302467
3 1.677210e-008 194.427903 884.596244
5 2.442840e-007 366.506098 744.025791
8 1.476080e-008 288.341009 718.628161
4 2.988370e-008 120.554751 797.565393
8 2.395580e-008 181.422728 698.760660
8 3.828280e-007 385.174944 628.613243
5 3.110770e-008 436.795741 586.811153
9 4.057190e-008 188.915034 433.733129
8 2.096600e-007 285.687263 594.790408
8 1.060320e-007 202.261569 533.315120
9 5.182500e-008 42.564642 470.665582
8 1.204220e-006 322.953936 548.937993
9 1.922110e-007 26.952348 444.105782
8 5.980950e-008 213.895366 539.354387
9 1.692070e-007 45.929831 424.601892
9 1.212630e-007 183.818201 398.372066
9 1.923370e-007 59.460400 493.457120
8 6.013160e-008 250.747567 455.226596
9 1.437290e-007 91.985074 467.871936
8 2.419730e-007 278.590911 525.202278
9 1.778760e-008 102.804834 492.913746
8 1.580680e-007 277.231912 523.670089
5 4.228830e-007 416.368789 690.052731
4 2.082390e-008 280.076677 832.638748
3 2.138820e-007 50.405994 918.066596
4 1.611070e-007 215.793091 879.114680
3 8.229790e-008 198.473582 989.300815
4 1.408350e-005 203.731794 1000.576443
5 1.060210e-007 386.625744 711.299910
8 5.947460e-008 304.399301 724.323429
4 3.522960e-007 211.393198 919.509481
3 2.217100e-008 158.101443 875.191582
4 4.048130e-008 280.280771 827.797082
5 5.578380e-007 434.292011 759.226966
8 1.485430e-007 394.204539 627.691705
8 2.098600e-007 453.972539 598.364030
5 1.163970e-007 537.674781 593.977122
11 1.073490e-007 757.040157 586.576665
10 7.067150e-008 807.943528 513.676104
6 1.879490e-007 854.097335 566.769927
11 3.863130e-007 764.800434 597.256383
6 4.640450e-008 866.709721 612.349090
5 2.481900e-008 713.653734 813.721327
5 2.747570e-008 608.227683 649.234579
11 1.857760e-007 729.310961 559.881867
10 3.995390e-008 760.504835 538.243967
5 3.215720e-008 553.288556 633.987661
8 6.389940e-007 410.824735 597.777674
4 2.925170e-008 134.762141 880.256970
3 8.104650e-008 181.953210 919.855202
8 2.046380e-007 346.084945 649.100675
5 3.037660e-008 353.257000 649.954280
3 4.631910e-008 209.398507 895.989298
4 1.671830e-008 211.249400 896.590693
4 2.280850e-007 262.741069 906.587819
5 3.758750e-007 426.301577 807.380113
4 8.486720e-008 95.993650 892.414471
3 1.278870e-007 82.064306 866.998863
4 1.037990e-007 172.118413 858.071226
3 3.314710e-008 178.969595 852.908501
4 2.499470e-008 79.797483 967.922503
3 8.009920e-007 77.701597 959.516542
4 1.237780e-007 241.051328 947.862952
8 1.209510e-007 321.415990 669.683022
5 2.237490e-007 367.547548 816.860677
5 6.306070e-008 384.670517 899.858115
4 1.298710e-007 323.850715 936.296425
3 7.839070e-008 160.699272 953.984041
8 7.674290e-008 302.221641 719.993072
5 8.284170e-008 376.617115 872.526772
4 5.882160e-007 233.224376 969.813211
3 4.890380e-008 127.094596 915.709153
8 3.410860e-008 351.411783 715.629136
5 5.653650e-007 428.225322 724.338561
8 2.363700e-007 359.764763 641.346295
5 3.957910e-008 293.182361 695.263483
3 3.273540e-008 137.387304 806.208409
8 1.435880e-008 199.916096 772.552305
4 1.923350e-008 79.313933 765.649267
8 3.955270e-008 239.407761 658.413008
4 3.098990e-007 185.982018 914.511479
5 1.609090e-007 363.606783 765.330216
8 1.799450e-007 425.282795 613.552013
9 1.209190e-007 123.327667 457.628970
8 5.945340e-006 370.232097 550.232112
10 7.682340e-008 688.682541 566.934222
11 2.194080e-006 816.873257 524.445053
6 1.772190e-007 865.882124 448.978570
2 1.430970e-008 888.990199 442.792348
11 1.130220e-007 901.466167 599.705613
6 1.002720e-006 907.742974 509.941199
2 1.193870e-007 896.268809 432.015964
11 8.222170e-008 885.870953 412.377225
6 4.327540e-007 873.898920 452.906213
10 3.323100e-007 721.729333 465.495645
2 3.712710e-008 805.750387 368.625865
11 8.688300e-008 824.655022 356.812936
6 3.242500e-008 850.895732 311.082693
10 1.478880e-007 792.997892 392.254396
2 1.129050e-008 745.298721 306.201981
11 6.152960e-008 701.552629 344.444278
10 1.116660e-007 657.590844 258.164879
2 1.978400e-007 831.033199 374.160102
6 1.119620e-007 834.969325 371.505156
10 1.661480e-007 708.103274 311.419113
11 1.581500e-008 787.292037 336.431385
2 1.959790e-007 767.711181 360.611776
10 9.711310e-008 666.038531 486.167287
5 1.224510e-007 594.712474 607.091023
11 5.562240e-008 745.807479 662.601371
6 1.821510e-008 787.593119 604.844502
11 2.446720e-007 750.450369 568.975923
10 2.517650e-007 686.780987 505.844955
11 5.243000e-008 720.499955 661.549091
6 2.413840e-008 807.490473 646.031162
11 9.559230e-008 675.469522 603.313425
10 9.395310e-008 551.155634 483.553674
7 3.114110e-008 526.937427 347.837835
10 1.719070e-007 597.828995 294.197436
7 8.900410e-008 488.643009 76.486841
7 3.297430e-008 597.389511 319.216876
10 2.280310e-007 596.653742 319.033430
8 9.410130e-007 391.141466 536.681894
5 2.998810e-008 408.425178 708.430144
3 4.441110e-008 28.592013 775.649988
8 2.408030e-008 248.917993 736.517224
4 3.913310e-008 203.529268 799.748911
3 1.921590e-007 60.457547 926.094303
4 9.944310e-008 240.477619 945.825354
5 2.168740e-007 397.863193 792.296029
8 2.664520e-007 356.017421 637.989471
8 7.849680e-008 281.445526 493.906689
8 1.440920e-008 440.275334 435.625930
9 1.913990e-007 94.638136 348.421530
7 5.501470e-008 427.510238 201.298637
7 1.247830e-007 512.058561 206.655284
10 5.363590e-008 535.209551 340.301509
8 6.558570e-008 417.529887 470.997759
7 1.596430e-007 593.028929 235.360273
7 3.389080e-008 411.699201 193.313796
8 1.937700e-007 385.627056 520.654998
5 7.265750e-008 455.493315 605.809481
8 1.742680e-007 473.585756 606.441303
7 2.618040e-008 479.485159 248.945215
10 1.430520e-007 551.749470 462.107039
11 1.214940e-008 748.320288 705.457904
10 8.292550e-008 646.294863 596.272003
11 2.058940e-007 782.872437 590.553256
6 5.254560e-008 832.981655 518.990232
11 2.778280e-007 853.759456 445.817965
6 1.580810e-008 802.648060 518.812493
10 7.635310e-007 652.926249 460.635450
2 6.126670e-007 826.152801 301.468440
11 4.821980e-008 903.910412 361.156972
6 2.036370e-007 900.688679 360.646697
10 2.081660e-007 725.668785 339.943954
5 2.132670e-007 522.472736 626.558228
8 3.119050e-006 360.121963 583.374615
9 5.883280e-007 69.138413 394.186690
8 3.780680e-008 176.626186 539.220133
8 8.018210e-008 431.796166 496.363765
9 1.669110e-008 87.474193 210.845606
9 3.116900e-008 74.588834 227.322644
9 4.377410e-008 62.116654 146.717649
7 8.785030e-007 595.189382 162.006498
7 7.681430e-008 410.705082 128.959994
10 5.093870e-008 550.804074 481.833559
5 7.488300e-007 480.848292 694.463956
8 7.695500e-008 486.556230 705.666352
5 6.753110e-007 534.555570 743.461109
8 4.770930e-008 582.804685 610.406972
10 9.186610e-008 727.040171 534.158204
11 6.094130e-007 784.534883 493.899673
6 1.134570e-007 856.098321 443.790040
2 1.600470e-008 879.554890 471.868038
11 1.362430e-007 812.640376 677.096868
6 1.206750e-006 903.027203 482.532652
11 2.218300e-007 815.991566 604.655089
10 1.198210e-007 816.681008 510.901557
6 1.612720e-007 892.364886 449.613716
2 8.341710e-008 917.314586 439.641785
11 8.288050e-008 788.076905 659.025708
10 1.418840e-007 723.074660 504.418860
5 2.150510e-007 556.911348 786.218894
11 5.761230e-008 765.448838 667.958873
5 9.569840e-007 507.122459 724.170647
8 3.711630e-008 538.981486 617.110663
5 1.542890e-007 431.376011 681.592359
4 2.968700e-007 266.521863 957.155176
5 1.432480e-007 375.071892 740.949899
8 1.086870e-007 436.322948 588.244900
10 4.776250e-008 533.541593 523.688181
5 4.049680e-008 383.284817 579.673103
8 7.158120e-008 225.540886 522.259522
5 5.324890e-007 427.164539 797.265389
4 2.166820e-007 234.589532 912.314761
3 2.715230e-008 70.703422 846.579556
4 2.421790e-008 165.160592 749.318917
3 1.336240e-007 105.398715 922.879710
4 8.801040e-008 255.070908 874.002116
5 5.827400e-007 402.795499 733.148241
8 1.056260e-007 376.540307 697.325625
3 3.746500e-008 14.299977 895.084255
4 2.214980e-007 239.652055 925.121970
3 3.276150e-008 26.903179 853.506981
4 6.811370e-008 106.016000 907.295799
3 3.769430e-008 52.494349 806.872480
4 1.589970e-007 183.692857 882.320438
3 5.427290e-008 114.452843 846.766014
4 1.860090e-008 101.455425 869.571658
3 7.023150e-008 156.845205 804.164177
4 9.717210e-008 151.934426 944.969443
3 3.310890e-008 174.152453 793.159470
8 2.218450e-007 316.295515 633.165918
5 1.634370e-007 378.669516 656.696963
4 5.685240e-008 170.985918 860.778594
3 1.345990e-007 83.325072 941.058740
4 5.352930e-008 179.903844 891.559085
5 2.518910e-008 263.864611 748.342139
4 8.579520e-008 121.055917 875.536436
3 2.555120e-008 256.620319 941.655300
4 3.936850e-008 249.689772 881.442591
3 2.211570e-007 25.910867 936.941827
4 8.388990e-007 197.738210 945.389707
4 5.864520e-008 343.456440 873.152556
5 2.435530e-007 381.778114 766.521781
8 2.358250e-007 422.032456 604.262136
5 9.378590e-008 616.221139 659.785650
11 3.852550e-008 733.273002 580.905642
10 1.951420e-007 583.654329 495.779965
8 1.037490e-007 386.923730 502.003723
10 2.101170e-007 574.855611 368.252484
7 2.977240e-007 556.740581 207.426004
7 3.477530e-008 438.908294 55.391641
8 6.308970e-008 488.028546 579.330163
5 2.181230e-007 474.044918 658.636855
5 7.868210e-008 628.131658 729.744316
11 2.420380e-007 748.509605 529.885043
10 3.724740e-008 811.425716 482.474342
6 1.134480e-007 835.482444 531.162626
5 9.286200e-008 565.037676 787.584550
11 3.878530e-007 891.525266 612.428730
6 3.528930e-008 860.446339 548.707331
10 1.159860e-007 765.696947 475.520073
11 1.613270e-006 856.436922 567.180748
6 1.153740e-007 834.563268 552.583406
10 1.120860e-007 696.629144 516.285350
2 4.974670e-008 828.264220 471.163880
11 3.266120e-007 750.011016 511.035943
5 1.649990e-007 577.877878 681.083519
5 2.181080e-007 586.293680 790.841752
11 9.785370e-008 865.502058 649.095168
5 9.954880e-008 578.189609 622.711067
5 5.508400e-007 465.989281 789.765856
5 1.207970e-007 487.827464 893.366351
8 1.431870e-007 466.007335 570.324928
10 8.739290e-008 561.417950 422.602365
5 1.087660e-007 603.701400 695.442659
5 9.251590e-008 601.038943 646.460819
6 3.109690e-008 795.724989 587.010836
11 4.942800e-007 792.564954 580.531844
10 7.070130e-008 751.582493 496.505875
11 4.845940e-008 745.322982 674.043889
11 5.136190e-008 680.909899 642.725765
10 8.611500e-008 746.559826 503.114049
6 4.706550e-008 866.590199 573.064037
11 1.013290e-007 921.835000 517.574779
2 1.543150e-008 870.181465 532.428988
6 1.102780e-007 859.379855 525.006634
11 3.344720e-007 901.041472 493.558719
5 1.192720e-007 550.593986 616.255000
11 1.113320e-007 731.330155 555.645145
10 2.690990e-007 713.878488 480.053443
8 3.575440e-007 432.518480 572.901395
5 7.678770e-008 418.350793 571.910682
9 3.148970e-007 104.888689 398.960998
9 5.843170e-008 96.797142 478.615370
8 7.559310e-008 235.261524 577.973244
9 3.163970e-008 232.267953 416.559159
8 8.573440e-008 258.839831 480.675541
9 5.314390e-008 97.547762 446.682780
8 1.867900e-007 279.885445 493.635287
8 8.773840e-008 277.011971 565.289544
8 9.225130e-008 422.832576 445.822355
10 7.239900e-008 531.201779 329.655514
7 1.856520e-007 579.025260 187.097048
7 1.665670e-007 541.894384 237.196018
10 1.291320e-007 528.689953 388.129097
7 7.971510e-008 478.117484 100.480085
10 5.829990e-008 591.966000 218.430930
7 1.628710e-007 624.777003 87.045884
7 3.472960e-008 414.231167 235.926755
10 1.377000e-007 578.631313 336.041319
5 3.547420e-008 605.494085 605.242082
10 3.134430e-007 601.899881 498.872996
8 6.735900e-008 474.473762 560.538477
9 6.475360e-008 128.912501 481.583905
8 1.254080e-007 309.546552 523.430047
9 6.410700e-008 215.026779 437.277478
8 5.279660e-008 176.556760 566.655853
9 1.151910e-007 68.585537 488.209877
8 1.322500e-007 285.880589 498.965597
5 4.399930e-008 375.213465 567.513975
8 5.255510e-008 531.308860 524.400051
10 7.243570e-008 486.863461 408.615542
7 6.516450e-009 598.006079 283.875956
10 1.673370e-007 643.485641 504.956200
11 1.393850e-008 671.934378 624.585171
5 9.431680e-008 611.226617 759.688176
6 5.817570e-008 925.868769 582.477623
11 1.125240e-007 926.706970 570.491288
2 1.483730e-008 753.123576 501.435577
10 7.808320e-008 748.440036 502.177360
11 1.922350e-007 735.786548 504.181430
6 2.949340e-008 732.365492 504.723259
8 1.006230e-007 445.306883 492.906369
10 4.628770e-008 485.807160 519.336421
8 1.389540e-007 416.339953 649.736265
5 4.437340e-007 425.403320 701.137333
8 4.374620e-008 275.206064 441.418152
9 4.431860e-008 169.384936 564.315629
5 6.957820e-008 507.131209 583.848180
8 1.042380e-007 508.957728 583.591485
10 1.468460e-007 563.173936 442.728959
7 6.658950e-008 498.460623 203.717618
7 1.736450e-007 518.810471 222.873060
9 7.069930e-008 130.603499 241.677613
9 6.261700e-008 177.334702 325.638820
9 7.691450e-008 96.632515 281.525342
9 1.468100e-007 131.671722 367.874597
8 7.300040e-007 384.601122 563.391122
8 4.686990e-008 232.956398 485.402853
8 2.391360e-008 135.744826 484.147710
9 2.577000e-008 196.776268 499.364386
8 1.225130e-007 244.992098 512.496870
9 8.008950e-008 132.027840 486.187345
8 6.430220e-008 248.448671 584.351180
5 2.660750e-007 460.284776 637.229505
8 1.638270e-007 427.475378 544.139660
