4 1.911140e-007 642.452845 507.536231
10 4.593150e-007 769.140757 418.828380
7 3.065270e-007 707.541634 293.068821
6 1.353380e-008 671.442576 236.846781
5 4.147450e-008 677.729947 240.331921
11 3.109740e-008 743.544243 276.813307
10 5.648180e-007 707.814768 395.315883
7 1.890530e-007 715.295602 348.946658
6 3.405560e-008 755.140383 326.832990
4 1.265930e-007 664.443909 528.466264
8 9.012460e-008 483.593735 532.327711
5 2.913300e-007 491.059416 267.271390
11 4.228630e-007 547.288218 218.392221
7 1.709730e-007 550.190441 215.869345
5 5.276380e-007 560.988476 179.574023
11 1.053360e-007 565.571633 267.024579
7 8.995580e-008 565.765589 270.725414
4 1.780980e-007 653.852000 507.140078
10 7.523870e-008 653.852000 335.594103
5 2.705740e-008 726.693367 275.290724
7 2.707900e-007 746.983012 258.860633
6 3.662820e-008 782.919026 229.760469
4 7.467560e-008 715.949092 480.859875
10 6.792520e-008 707.975149 485.279938
10 1.504520e-008 751.428075 595.055639
4 3.283750e-007 750.812520 632.330019
10 5.022180e-008 794.221334 587.154242
4 6.327630e-008 757.342100 651.030938
10 2.014490e-007 806.869850 507.177605
4 7.543950e-008 743.651309 680.225800
2 1.975670e-007 823.679641 942.193190
4 3.351460e-007 628.508582 667.951557
8 7.852530e-008 480.076309 613.926459
8 8.085390e-008 528.294013 581.662250
4 3.255720e-007 625.139975 584.260473
8 2.175480e-007 415.915960 543.200613
5 1.900790e-007 501.483930 275.002473
11 3.711620e-007 539.303378 200.777881
7 1.093070e-007 543.350092 192.835783
4 1.223370e-007 563.212377 592.043700
8 2.340150e-008 483.395306 638.126267
8 9.105740e-008 399.610134 458.835895
5 3.858220e-007 515.038988 239.077669
7 6.094350e-008 514.202805 248.635556
11 1.214810e-007 513.646882 254.989971
5 1.252290e-007 512.840887 110.653867
11 1.207160e-007 523.924226 98.768447
7 4.227470e-008 438.237723 339.840754
5 4.809860e-008 416.080917 327.048463
9 1.888730e-006 25.222529 190.606939
9 5.599930e-008 212.834010 197.677598
9 2.075890e-007 89.708948 140.128185
9 1.247380e-007 122.345455 137.474359
9 2.153430e-007 34.399367 225.550234
9 4.235310e-007 74.021821 182.543229
9 1.069280e-007 53.386159 84.837688
9 3.677440e-008 228.674467 131.468558
