3 1.353910e-008 644.112165 660.113024
3 5.467370e-008 778.616342 412.193502
11 1.978300e-008 754.139129 282.686136
9 3.536650e-008 756.540149 284.017040
3 1.162190e-007 696.366645 400.412883
3 8.755380e-008 655.301107 568.068512
11 7.123870e-007 556.340008 210.523585
9 4.870100e-007 626.035400 159.372876
11 3.043180e-007 565.379675 263.361846
3 8.539670e-008 590.542462 388.827973
9 2.094640e-008 824.036407 218.301636
3 1.102090e-007 703.836762 524.164331
10 6.787000e-008 814.291066 632.050299
10 1.005860e-008 918.397547 652.706413
3 5.814610e-008 803.201018 507.890758
10 9.582170e-008 703.666732 714.983856
4 4.941980e-007 671.568239 895.344839
8 3.110240e-008 675.169628 903.433672
7 5.777570e-008 677.265719 908.141560
10 3.258880e-007 838.243153 908.551056
4 3.521920e-008 669.024891 773.837887
8 5.587100e-008 666.792625 764.884856
7 3.364820e-008 665.493387 759.673955
3 5.701240e-008 515.072836 415.734947
3 3.615240e-008 762.569882 574.650694
11 1.512750e-006 530.624767 217.810556
9 7.415760e-008 557.892488 186.784463
3 1.001210e-006 592.175596 446.875943
3 3.189630e-008 422.999142 480.744028
11 4.393320e-007 515.266868 236.472911
3 6.440810e-008 500.972942 399.857909
11 2.238470e-007 500.600868 123.779673
9 2.163090e-008 458.656566 185.499132
3 1.234690e-008 501.805010 376.541496
2 1.765990e-007 174.829073 180.145768
2 4.052500e-008 51.910253 192.058363
2 3.745190e-008 68.058347 256.394832
2 3.533590e-008 59.320500 120.600605
2 1.944860e-007 119.589947 119.967567
2 3.379030e-007 151.425138 140.137002
2 2.974820e-008 89.589463 209.507099
5 1.230340e-008 153.695454 305.360296
2 5.509260e-008 236.497303 7.307455
2 1.615440e-008 79.376773 143.328366
