9 1.035610e-008 781.958000 531.419000
5 2.814370e-008 723.748932 582.019161
9 6.107870e-008 728.041159 626.203607
6 7.908440e-009 645.627914 609.968160
9 2.896590e-008 564.881990 587.157182
7 3.974320e-008 450.480404 422.577086
10 1.496520e-006 480.232244 276.683349
7 7.981290e-009 565.091862 257.870134
10 1.997610e-007 565.324147 262.302330
9 5.869160e-008 793.383433 679.263724
5 1.834720e-007 826.374764 603.582708
9 4.528560e-008 906.989074 677.113427
5 7.733820e-007 907.926284 622.295511
5 1.381870e-007 870.711105 516.149409
5 4.275880e-008 768.772133 658.388604
9 4.897210e-007 732.511361 689.909607
8 1.573760e-007 633.708282 775.797798
2 1.521920e-007 733.985696 961.258286
9 3.703080e-008 693.308527 871.233150
8 1.388890e-007 690.231317 858.891275
6 1.803500e-007 585.696514 652.369189
7 2.736560e-007 507.159866 418.133404
10 3.092680e-008 459.954312 476.427523
6 1.548110e-007 407.625894 571.105537
9 3.566730e-008 740.222716 576.213318
5 4.623820e-008 790.759429 568.225723
6 1.770320e-007 545.407145 507.290513
7 4.801940e-008 415.677045 544.158858
10 1.018130e-006 495.101128 287.529385
7 7.406430e-007 555.158909 343.380380
9 3.451730e-008 536.516710 607.456504
6 9.548240e-007 533.414796 609.247401
7 4.692950e-008 450.386620 464.931861
10 1.863280e-006 505.786892 259.344629
7 1.416590e-007 514.866911 241.044576
10 2.541680e-008 492.931151 132.004433
7 1.044100e-007 405.872917 255.545786
10 1.249780e-007 441.102282 341.494614
4 4.109510e-008 255.807946 313.380099
7 4.528420e-008 309.409493 259.637990
10 4.072590e-008 306.282700 256.618482
4 1.446870e-008 83.188205 177.109188
4 1.662990e-008 88.779842 159.029377
4 1.324320e-008 214.812166 196.220413
4 4.722380e-008 145.956990 286.206979
4 4.964500e-008 176.514510 292.138745
10 2.688820e-008 339.425347 373.766318
7 5.444260e-008 343.867094 437.285519
11 6.208450e-007 167.365860 594.773815
4 9.043520e-008 115.846651 399.402625
11 1.657230e-007 192.686274 543.789977
4 1.200030e-007 152.738465 451.705724
11 2.517330e-008 369.543870 600.888824
6 5.988800e-008 354.873599 630.058999
3 1.086800e-007 220.205672 725.622415
11 6.675820e-008 195.590895 792.028049
3 2.042350e-007 152.152517 784.260861
11 8.748340e-008 304.493357 726.741762
3 3.203800e-008 339.961550 688.670840
3 1.033440e-007 284.253556 808.393329
11 6.301450e-008 96.489098 794.284142
3 4.003390e-008 189.465695 663.990681
11 4.845920e-008 348.267028 677.028336
3 5.856030e-008 284.243003 958.232304
11 1.976580e-007 154.412655 741.054474
3 2.615050e-007 120.183833 842.951976
3 1.187570e-007 219.159596 919.357839
6 3.980180e-008 299.124480 746.689558
11 5.915050e-008 185.429154 847.128360
3 4.764650e-006 184.211442 855.792917
3 6.772930e-008 168.967235 947.269042
11 3.773860e-008 92.474020 887.631448
3 3.356910e-007 256.359876 869.621754
8 2.176550e-008 390.687643 802.166905
11 5.681350e-008 267.933814 759.826764
3 9.487600e-008 228.262334 876.558379
3 1.668060e-008 35.610923 898.549551
3 1.609420e-006 180.352101 824.465616
11 3.103440e-008 181.725953 824.732670
3 5.344640e-008 155.788746 705.663709
11 3.462290e-007 156.914511 706.423047
3 1.241780e-007 234.512493 896.843078
11 3.392160e-008 279.053632 856.518599
6 6.714740e-008 382.038046 655.296735
4 7.313520e-008 143.604292 450.819757
11 3.566850e-007 179.721272 603.299108
6 1.338900e-007 442.453810 591.750435
9 3.193320e-008 589.035695 587.365405
7 1.186170e-007 596.969476 302.878437
10 4.115140e-008 594.029088 245.600411
6 5.004840e-008 602.229148 499.697726
9 1.396740e-007 753.928012 649.847569
5 3.680560e-008 860.262552 669.664190
9 1.824140e-007 762.194154 690.974192
5 2.880130e-008 733.710978 722.608095
5 2.957330e-008 809.113480 789.426416
9 1.416970e-007 764.334992 828.351530
2 4.611980e-008 776.309356 812.709285
5 1.016050e-008 754.973205 499.653401
6 9.234740e-008 610.320165 629.728438
9 1.171340e-007 606.514023 635.589365
8 4.015570e-008 539.072514 628.561529
6 1.220060e-007 605.191543 555.507135
9 5.579750e-008 598.998849 552.749975
8 5.329370e-008 590.693794 663.829545
6 1.419730e-007 507.297867 506.026859
8 1.209510e-007 584.228072 736.958176
9 2.412140e-007 652.178005 764.411576
5 2.445820e-008 868.808448 755.627077
8 6.200760e-008 645.590621 716.714175
9 6.563030e-008 566.043218 753.807577
6 2.843460e-008 509.102042 760.885260
11 2.635300e-008 198.016107 485.593733
4 3.252700e-008 147.502848 461.432826
6 1.304320e-006 461.766778 613.675912
6 2.789540e-007 416.026553 536.614818
3 9.020660e-008 322.994653 847.217028
11 2.699470e-008 198.970889 763.084159
3 1.921850e-007 192.295699 772.175799
11 7.012600e-007 205.732674 658.956959
3 7.083720e-007 186.141973 788.542924
11 6.689340e-008 88.751901 777.854924
3 3.952410e-008 90.406188 736.628221
6 1.119750e-007 385.259599 578.592548
9 8.270120e-008 650.146091 623.541575
5 2.256580e-008 793.334555 703.573611
2 4.183770e-008 747.052220 755.087634
8 5.322510e-008 656.426534 657.347062
9 2.372420e-007 662.099333 651.046811
6 3.040470e-008 664.543088 648.332759
5 9.475520e-008 817.726378 590.952838
2 4.437950e-007 863.427792 893.511198
8 1.962190e-007 672.922733 842.341841
9 3.899050e-007 696.732583 794.721044
2 8.898140e-008 836.068231 851.016344
9 1.629930e-008 888.840403 806.945001
5 9.619870e-008 820.622999 639.585336
8 4.853840e-008 738.730476 807.285080
9 1.078330e-007 635.070425 824.223481
8 2.405650e-007 642.593409 822.066277
6 6.557880e-008 473.490954 787.374950
8 1.581940e-006 575.081959 807.756235
9 9.135340e-008 599.654441 744.314684
6 1.197950e-007 576.968227 603.653563
8 3.059090e-008 495.398423 677.618716
6 1.091890e-007 656.424940 602.577247
9 1.225040e-007 692.720234 560.824280
5 1.617820e-007 804.287626 615.030429
8 6.156870e-008 649.513126 783.392737
9 2.865360e-007 657.796296 782.668045
2 4.428380e-008 791.860909 770.938766
9 2.843480e-008 873.094260 857.165493
2 9.225870e-008 751.432218 807.536273
8 2.195710e-007 671.889612 761.611934
6 5.487150e-009 629.211510 637.664788
9 1.172370e-005 687.585880 748.041545
5 1.043840e-008 909.443853 826.840157
2 8.551770e-008 919.818338 939.328713
9 6.255660e-008 763.215954 906.047642
2 5.554120e-008 758.030539 883.684789
8 4.034220e-008 750.893304 742.480849
9 1.187940e-007 756.119998 669.075702
5 1.069760e-008 696.601130 696.829944
6 7.887470e-008 557.777715 717.438465
7 1.057100e-007 493.221334 421.334733
10 6.720670e-008 472.293184 350.194065
10 1.252630e-007 483.851515 107.850007
7 1.098050e-007 511.086470 278.162894
10 1.170780e-006 512.412918 287.600936
4 1.678090e-007 132.279607 310.663327
7 1.046630e-006 445.054930 334.024761
10 2.300840e-007 455.002284 335.246126
10 4.030830e-007 531.604932 219.459825
7 1.662260e-007 496.509626 262.761763
6 6.861070e-008 455.108153 451.684273
7 7.984200e-006 506.709784 340.209929
10 1.147810e-007 497.328929 339.223956
10 3.468970e-008 668.654874 118.087060
7 3.569610e-008 418.290604 293.404300
10 3.018950e-007 522.449378 233.352763
7 1.702060e-007 547.038122 273.051797
10 7.308350e-008 544.367566 349.519002
4 9.304860e-008 140.891694 323.199549
4 2.122520e-008 183.085685 314.831556
4 1.895630e-008 123.993388 229.666362
4 3.667710e-008 201.547832 205.093336
4 8.322640e-008 124.376874 297.888965
7 1.944830e-008 324.939642 305.314172
10 5.982960e-008 352.495621 220.505639
10 3.925840e-008 601.417843 117.227591
10 7.663560e-008 593.313008 159.888589
7 1.118850e-007 319.964389 345.356989
10 3.463800e-008 303.238873 335.307258
4 1.065200e-008 203.610052 278.624067
10 2.234950e-007 403.485987 166.667748
7 3.889430e-007 541.643635 282.332929
10 3.626440e-008 374.985671 347.475536
7 7.427470e-008 533.921392 523.761127
6 4.814160e-007 535.506528 593.657153
9 9.003130e-008 593.452659 752.863127
8 4.746300e-007 647.172671 818.542528
2 1.647750e-007 768.253874 907.284656
9 4.081300e-008 708.575414 543.268672
5 1.745740e-008 815.478501 613.376514
9 3.256460e-008 810.903068 621.878373
8 2.431570e-007 669.051870 782.482586
6 4.310970e-008 500.927610 743.668445
9 1.215220e-007 636.095015 612.993168
6 5.858130e-008 548.187410 490.535513
7 2.713690e-008 465.954693 497.824709
9 3.640120e-008 687.639261 583.341308
5 2.783470e-008 757.966896 574.392727
6 4.183060e-007 502.897940 554.483548
7 4.348950e-008 635.662960 308.433894
10 7.856570e-008 674.003308 268.916686
6 1.219730e-007 572.023612 574.064464
11 9.130000e-008 250.197059 576.091325
4 4.017450e-007 78.491665 448.606939
11 3.060810e-008 285.485827 514.934575
4 5.133480e-008 178.775506 520.485403
11 2.535240e-007 191.871461 593.976938
4 4.122620e-008 163.059003 425.223108
11 1.423700e-007 126.669858 536.373289
4 3.901880e-008 40.075108 519.254238
11 7.456070e-008 68.946700 544.150387
4 3.544570e-008 182.695153 470.155539
11 1.308090e-007 78.410390 551.940008
6 1.028320e-007 420.949760 588.758337
7 6.731050e-008 385.273219 473.528975
6 4.368270e-008 649.607013 584.690795
9 2.767700e-008 727.409943 542.693708
9 2.836020e-008 780.244098 638.368496
5 6.576690e-008 805.584099 555.484974
6 1.980520e-007 539.972483 534.944319
7 7.125280e-008 512.820998 434.185219
10 6.493100e-008 538.131966 376.298768
6 5.630090e-008 456.968603 495.540689
7 9.383440e-009 438.770331 449.587183
6 2.884570e-006 487.341187 616.870384
9 1.868580e-008 515.114894 631.311902
8 3.155700e-008 380.623682 805.113778
3 4.905520e-007 242.882832 875.351673
11 2.714800e-007 104.828090 716.974631
3 1.055650e-008 86.357471 708.751007
3 2.976490e-008 265.468774 981.499827
11 1.549670e-007 214.708418 746.929427
3 1.208990e-008 326.901725 879.045103
6 2.726680e-008 325.589570 763.641557
11 6.247940e-009 194.156804 766.125464
3 2.377370e-008 143.650254 691.246013
3 2.277460e-008 260.190324 745.317297
11 1.300010e-007 191.718829 713.388297
3 1.586460e-007 254.847477 928.654973
3 1.874410e-007 132.858290 861.970951
11 8.190300e-008 211.194924 731.596451
6 1.693640e-008 414.168022 703.156463
8 2.103670e-008 353.082086 847.065084
3 5.831010e-008 261.140172 751.365743
11 1.921940e-008 207.067109 688.768554
3 2.264730e-007 118.833532 807.306456
11 1.067900e-007 197.965861 786.102997
3 1.058890e-007 263.055448 756.264887
11 1.682690e-007 219.419779 714.698727
11 9.455690e-008 100.672732 724.342722
3 5.763770e-008 63.165354 771.130273
3 4.427340e-008 58.405409 934.413314
11 6.270030e-007 184.020219 686.386641
6 1.262910e-007 374.816173 635.160974
3 1.687000e-006 185.890235 798.131063
11 5.800600e-008 96.563327 883.591694
3 4.706620e-008 151.191717 962.545983
11 1.456870e-007 226.631862 836.067096
3 4.698530e-009 116.184951 982.937104
3 1.459250e-007 236.614871 911.613068
11 8.719560e-008 255.472026 760.471374
3 1.015910e-007 236.958292 936.330840
6 3.883680e-008 426.017167 710.837718
3 5.737880e-008 214.062637 759.220724
11 7.664340e-008 142.449013 737.326295
6 8.371370e-008 397.705657 675.372497
7 2.115630e-008 593.800945 504.003133
6 2.939260e-007 468.411247 574.025469
9 3.560920e-007 724.637525 668.964308
6 1.029530e-007 529.210183 514.663027
3 1.244140e-007 298.847112 836.979482
11 1.160480e-007 280.912665 690.807284
6 6.150760e-008 306.356861 730.622832
3 3.599420e-007 247.225511 783.865095
11 7.360520e-008 242.244918 788.349654
3 6.574840e-008 241.050274 985.506389
11 8.141930e-008 187.139612 825.293630
3 6.414070e-008 52.971202 768.635331
11 8.435310e-008 204.831111 793.216391
3 1.262970e-007 152.656021 913.317825
3 1.501570e-008 43.610066 865.567838
3 3.623260e-008 312.936811 810.417321
11 8.022780e-008 269.537989 710.940213
3 6.081510e-008 271.450838 707.627057
3 1.397750e-007 268.727946 847.228781
11 1.011270e-007 104.775783 763.094647
3 5.648380e-008 80.891329 757.139636
11 3.895060e-007 215.236045 701.697841
3 7.309860e-008 240.748889 703.929950
11 3.734680e-008 54.539580 813.824251
3 3.399880e-008 70.362227 832.680996
11 9.994200e-008 225.456074 740.288887
3 9.589550e-008 211.002404 776.062947
3 1.298240e-008 33.352091 894.443905
11 7.982940e-008 244.962158 746.649989
3 1.883190e-007 245.106116 825.240530
3 2.752210e-008 402.249786 881.834743
8 7.527700e-008 423.588494 855.228423
11 1.538670e-007 151.605953 752.052051
3 3.250270e-006 177.908377 843.780038
3 2.746970e-008 229.873413 927.192204
11 9.492090e-008 169.481018 746.940909
3 6.091710e-008 104.219230 799.300637
3 7.263550e-008 304.844192 800.852223
11 1.039140e-007 274.841527 639.053139
3 7.556220e-008 215.587553 709.669722
3 1.089040e-006 222.903004 834.745487
11 1.121700e-007 261.490145 719.452494
3 7.680300e-008 292.685264 879.512816
3 1.555700e-007 269.419486 791.270637
3 2.633470e-008 415.225267 838.532415
8 2.259380e-008 395.813813 852.234254
3 3.815710e-008 278.929221 957.317534
11 2.613460e-007 112.119220 711.235985
3 8.398040e-008 110.772208 792.805088
6 4.352660e-007 442.455681 618.081046
7 1.384980e-007 423.260344 389.932440
10 8.802700e-008 368.047235 326.416930
4 2.279370e-008 161.062824 207.250189
4 1.075020e-008 186.668957 225.515876
10 1.521520e-007 384.459511 338.879647
7 2.798820e-007 384.599737 338.219945
10 3.136170e-008 442.109355 45.977449
10 3.097490e-008 608.502214 110.604700
7 6.558520e-008 515.997342 256.137861
10 2.589410e-007 388.873071 278.553231
7 5.904880e-008 451.889825 194.415066
10 1.926710e-007 572.074752 278.569305
7 3.912040e-006 471.741412 345.909265
10 1.924090e-007 410.022130 274.470697
10 8.089160e-008 335.226009 262.147847
7 5.510260e-008 319.373265 336.729307
10 1.106600e-007 412.808871 304.849270
7 1.876490e-007 422.773976 299.550720
6 8.125870e-008 492.304451 511.792076
9 5.177340e-008 798.720676 564.206739
5 5.071460e-008 828.676388 518.078995
9 1.291290e-006 680.806922 742.844544
8 1.652880e-007 540.572889 803.200602
6 1.390720e-007 563.649682 701.081507
9 4.721350e-008 780.445656 593.234226
5 1.117400e-007 787.439430 581.532036
6 1.212850e-007 605.320000 598.880380
8 9.853600e-008 647.818239 734.206589
9 5.991200e-007 737.252497 792.285684
2 3.724100e-008 709.124546 812.987457
8 6.796400e-008 764.874863 871.190000
9 2.153820e-007 694.270925 823.567019
2 5.130970e-008 681.082837 960.235604
8 5.129410e-008 738.361433 772.885581
9 1.377840e-007 777.970355 700.168381
5 1.298880e-007 827.490414 598.440338
6 4.814650e-007 509.268913 675.786857
8 8.133670e-008 495.197389 674.307910
9 5.244390e-008 562.650502 657.386177
6 2.995230e-008 603.804677 560.431887
8 3.529710e-008 645.141962 656.156753
9 2.607160e-007 728.808481 645.884138
5 3.613680e-008 846.057852 747.070370
9 1.515560e-008 893.097153 657.393574
5 8.231410e-008 809.399306 704.353324
8 7.910550e-008 724.947533 829.821809
2 1.300880e-007 728.724045 945.608657
9 2.664230e-008 858.409787 858.826825
8 2.673030e-008 635.015559 930.548811
8 2.494360e-007 537.418123 851.512108
9 4.388750e-007 657.613841 733.095485
5 1.155630e-007 806.687986 676.436347
2 2.794600e-008 794.273208 829.828272
8 6.275760e-008 630.845502 731.630923
9 5.089710e-007 628.358209 730.136406
2 5.754820e-008 740.637051 831.475445
9 2.263250e-007 787.224951 735.956059
8 3.527420e-007 653.205807 819.032222
9 4.960080e-008 816.993712 620.073516
5 1.307380e-007 849.825471 617.777668
9 7.551150e-007 741.663042 759.311216
8 1.251220e-007 721.885701 825.915054
2 1.274750e-007 793.002716 849.022486
9 1.590490e-006 701.198000 707.499843
5 1.898710e-007 854.281871 637.947495
9 2.262560e-008 648.452634 532.837905
6 1.715690e-008 544.200452 416.567812
7 2.019400e-006 492.936520 357.595394
10 1.990190e-007 433.663438 289.409501
10 1.372050e-007 567.049089 187.249540
7 9.847820e-008 428.738072 281.317924
10 1.092260e-007 468.223441 362.274637
7 7.223030e-008 602.163991 226.112504
10 4.648410e-007 520.662172 204.157815
7 8.610110e-008 545.415142 490.592907
6 1.676260e-007 565.834763 566.107051
9 5.308980e-007 663.665618 711.146708
8 3.493620e-008 607.404467 676.422596
6 2.961730e-008 709.127589 609.761599
9 7.053710e-008 544.840254 669.557191
8 1.539290e-007 483.077026 792.161331
8 2.133960e-007 549.855272 890.904728
9 3.116380e-007 693.286576 805.869731
2 3.407210e-008 684.381844 856.852530
8 5.662940e-008 686.954056 820.068408
9 1.063790e-007 685.069966 662.164750
6 8.517510e-008 638.657307 541.255139
7 1.819350e-007 607.500705 305.174125
10 4.482180e-008 606.849551 295.862585
4 2.294760e-007 97.472546 298.148590
4 9.878730e-008 106.636744 291.542515
4 5.542410e-008 68.075636 199.248200
7 7.193510e-008 372.504799 379.292342
10 3.839230e-008 380.098698 386.129906
7 4.427900e-008 303.661535 284.426320
10 5.963120e-008 295.091508 278.860897
4 1.675180e-008 207.858934 275.562077
7 1.426910e-007 418.289600 421.601561
6 2.342060e-007 445.777253 577.493702
6 5.536390e-008 482.136245 728.168126
8 3.725900e-008 471.228000 768.221964
9 1.778330e-007 642.465558 693.199198
6 2.999690e-007 570.102255 618.264687
7 6.085680e-008 511.245497 412.640247
10 1.491970e-007 494.428765 336.765360
7 8.532080e-008 591.635792 283.096801
10 1.604390e-007 594.219998 286.928040
6 2.029120e-007 555.621345 549.461706
9 4.927180e-008 709.660807 592.713584
5 3.531920e-008 683.688410 642.384022
8 2.534550e-008 622.897379 716.736852
9 3.172180e-008 652.544949 876.682792
2 1.014090e-007 759.244128 941.646641
5 3.981700e-008 784.765387 775.975120
9 2.011260e-007 764.581356 783.321529
8 8.393520e-008 701.332037 806.342470
6 3.826500e-007 553.634663 647.063951
11 2.095150e-007 185.219397 562.431090
6 6.911160e-007 456.052245 623.076529
7 1.493110e-007 571.215121 431.078154
10 1.409950e-006 512.751114 274.060924
7 1.781660e-007 440.008488 285.389822
10 9.446900e-008 546.256686 149.398637
7 6.547610e-008 391.124557 267.574520
10 9.605020e-008 390.135195 272.229091
6 1.037240e-007 462.234481 511.983968
9 4.297670e-008 847.083438 647.725994
5 1.027890e-007 847.235000 647.836109
9 7.919850e-008 660.005782 559.030867
6 2.422360e-007 493.778207 572.451968
3 4.924120e-008 336.272979 788.122061
8 5.549650e-008 397.269003 879.592701
3 1.168770e-008 312.511163 969.215874
11 4.193710e-007 213.782333 631.735769
3 6.287840e-008 281.944566 826.448241
11 5.062260e-008 157.377086 729.867430
3 3.381600e-008 325.170949 766.271745
3 7.222620e-008 209.465792 699.522906
11 4.001690e-007 163.942906 659.950472
6 2.100120e-007 413.155131 598.304886
11 2.044550e-008 328.941519 585.540734
6 2.543320e-007 411.434776 571.685997
8 9.886160e-008 543.632503 707.199768
6 4.443450e-008 543.949585 701.149483
9 1.311250e-007 547.174049 639.623091
9 4.569560e-008 764.883324 535.369815
5 1.009150e-008 814.312496 462.994995
2 9.123940e-008 748.545471 814.347568
9 6.062220e-008 739.877772 809.542994
8 1.590350e-007 672.875972 772.403365
8 1.105580e-007 603.099032 931.609983
2 4.889210e-008 715.784223 836.657854
9 1.564790e-007 718.407703 827.508799
9 2.705000e-007 750.060831 701.623369
5 5.871940e-008 745.158472 700.124573
8 6.724460e-008 746.505105 770.349472
9 6.728060e-008 746.150519 565.038776
5 4.370130e-008 750.297792 562.025611
6 1.614300e-006 511.716402 606.622899
8 2.211910e-007 573.287106 749.151657
9 1.646960e-007 626.491504 801.530026
2 4.497140e-008 794.540576 827.561139
9 6.134930e-008 787.528581 851.976100
8 1.475200e-008 788.096678 854.254595
2 2.080200e-008 576.409907 882.968661
6 7.459080e-008 556.016532 688.934580
9 6.565720e-007 686.225227 794.986935
8 1.092530e-007 687.908850 796.450494
9 2.653960e-008 689.085452 566.840258
5 2.442360e-008 772.323486 493.469422
9 8.564600e-008 618.887846 676.988055
6 1.170100e-007 605.318206 697.105919
8 1.665100e-007 611.661462 742.150444
9 7.522020e-008 708.620094 597.941594
6 1.480990e-008 715.779279 592.740137
5 6.133440e-008 776.539070 610.848914
9 2.284330e-007 783.565171 744.262068
2 6.102180e-008 784.817310 898.407876
8 2.756210e-008 792.595340 972.409042
9 2.664220e-008 574.580322 652.180479
6 1.456810e-007 576.094072 648.934224
8 2.799970e-008 580.118830 640.303081
6 6.856820e-008 541.350728 451.952786
7 2.325130e-007 540.471878 401.603447
10 2.204050e-008 540.112000 450.979656
8 1.061780e-006 575.234969 805.663513
9 4.297680e-008 577.952383 806.761422
2 8.118500e-008 785.353919 852.354410
5 1.141160e-007 872.815844 717.675976
2 3.774390e-009 845.220911 700.778316
9 6.334350e-008 839.863319 686.058405
5 6.239070e-008 787.523448 542.255314
9 6.617130e-008 617.469404 619.687243
6 1.678510e-007 572.023995 639.920816
8 2.991020e-008 502.562898 670.846849
7 6.980410e-008 664.763977 418.294533
5 7.777310e-008 816.528957 628.223559
9 1.304220e-008 848.116499 655.682114
5 1.024470e-007 815.944576 524.881424
9 2.109690e-007 756.884779 687.634435
2 3.644420e-008 831.117646 742.137437
5 3.453510e-008 795.682334 586.755917
6 1.846340e-007 576.730385 549.251132
9 2.223500e-008 571.113290 544.862569
7 1.755440e-007 452.619693 445.108624
10 6.446430e-008 578.515464 350.239647
7 1.289410e-007 600.967963 343.124324
6 1.556340e-007 570.484922 580.465358
8 6.374740e-008 560.678001 720.709875
9 3.147560e-008 559.376906 739.316276
2 3.291510e-007 730.422989 937.299499
9 1.220690e-007 807.582653 739.548494
5 6.184070e-008 779.382713 622.068252
5 2.672860e-007 834.992677 570.415417
9 2.206000e-007 784.529311 682.555196
6 6.828470e-008 634.563547 743.422567
8 9.055860e-007 618.091782 828.161408
9 3.682270e-008 560.873699 856.280150
8 1.268160e-007 702.682794 823.541039
2 7.417730e-009 686.114271 844.333206
9 3.119180e-006 681.512509 728.378065
6 1.208070e-007 600.196737 578.954738
5 5.962950e-008 842.178982 464.732284
9 4.902760e-008 777.040850 642.814354
5 2.820460e-007 857.277143 625.434355
9 1.448900e-007 810.529867 798.274029
2 7.313600e-008 896.923389 868.510924
8 1.315720e-008 646.584007 879.119861
9 6.201890e-008 570.009503 810.695808
6 2.574600e-007 455.345473 699.965828
7 3.329370e-007 480.291964 428.219090
10 7.680230e-008 414.615523 288.264970
7 8.516440e-008 397.379682 429.740469
6 4.101910e-008 355.698488 511.544603
9 5.734890e-008 608.028666 634.301626
6 2.731320e-008 703.846247 627.601363
5 1.140740e-008 719.208580 699.264137
8 3.158470e-008 674.792310 776.195514
9 8.586430e-008 780.315682 608.427463
5 3.147760e-008 833.177469 499.795042
5 2.432940e-007 868.245272 565.781465
9 2.666770e-007 821.616150 744.717687
5 1.349170e-007 838.912560 587.030657
9 1.359740e-007 661.509102 637.924306
6 4.025090e-007 549.823362 583.451568
7 5.355980e-008 471.483532 460.500041
10 1.008320e-008 449.025021 394.834670
6 5.148710e-007 533.404087 607.489256
9 1.278960e-007 588.547756 751.733472
8 1.917440e-007 580.857445 785.043970
2 4.035380e-008 740.109920 767.114719
9 8.217900e-008 598.978350 618.740393
8 1.103130e-008 550.591008 605.774939
6 9.145160e-007 528.968778 599.981233
2 3.215010e-008 697.220196 836.084194
8 5.540370e-008 700.409440 819.677346
9 1.255520e-006 709.596285 772.416250
5 1.609830e-008 902.680716 748.451225
9 2.449740e-008 698.042372 847.377802
8 1.117930e-007 697.469369 880.205590
2 5.243640e-006 817.083261 959.906073
9 8.349190e-008 803.709697 767.510995
8 1.727440e-008 838.550365 730.148844
5 1.675270e-007 899.697730 664.576134
2 4.853340e-008 765.590976 796.369213
9 5.754950e-008 764.429563 606.540899
6 1.162990e-007 628.222739 597.290739
2 2.017420e-007 766.957753 904.596288
9 1.002420e-007 775.475300 914.464618
8 3.958820e-007 618.196411 903.882703
9 4.141980e-008 639.079463 887.270290
8 7.341860e-008 475.626238 774.994712
6 3.012220e-006 465.103750 624.522446
9 5.251750e-008 654.846471 620.889107
8 3.217820e-007 601.202921 768.273057
2 5.480900e-008 758.340399 855.093080
9 1.323010e-007 760.444242 839.915011
8 6.550300e-007 626.736350 780.384816
6 6.025950e-008 573.806622 726.388310
5 8.687460e-007 888.258465 624.085850
2 1.288020e-007 789.410964 849.043786
8 1.148090e-007 720.241970 851.459356
9 1.040840e-007 701.788003 852.103819
6 1.162520e-007 555.515879 708.917416
8 5.228400e-008 573.025609 928.224434
2 8.864620e-007 810.809523 959.764688
9 4.000110e-008 728.733446 885.151614
8 1.422350e-007 601.463306 915.209583
6 3.061660e-008 529.758765 850.418321
8 4.823830e-007 612.807000 882.773679
9 7.596420e-008 633.365721 720.937909
5 9.914550e-008 789.047399 638.596033
9 4.158690e-007 676.023945 799.359464
8 7.115000e-008 655.066433 747.488179
6 1.323340e-007 593.229883 598.590150
7 8.526950e-008 501.590613 485.525208
6 2.594560e-008 614.507016 465.190746
9 6.924050e-008 605.195371 652.700016
8 2.111900e-007 617.217215 755.061016
6 3.366100e-007 552.683231 636.583892
6 6.027050e-008 400.437153 543.449151
7 5.111100e-007 493.183612 405.947358
10 1.446690e-007 477.815635 336.489527
7 5.361580e-008 414.706922 235.529124
10 2.735510e-007 389.548235 245.572822
6 5.980590e-008 449.683165 521.108239
11 9.221100e-008 213.484930 732.424311
3 6.171430e-008 209.678588 733.588029
3 1.813530e-008 374.044201 924.499873
3 1.488560e-007 242.268982 858.122996
11 1.154160e-007 205.032614 742.238701
3 9.765530e-008 291.168406 825.752277
11 6.422800e-008 135.518859 766.726935
3 1.195150e-006 187.084268 808.762183
11 1.603840e-007 201.206007 743.157898
3 1.868370e-007 230.133696 735.945514
6 7.736440e-008 366.954862 613.544330
7 6.943920e-007 478.964046 386.824998
10 1.217210e-007 403.333156 349.937487
6 5.115260e-008 480.146305 459.319897
7 1.509160e-007 437.007000 391.465873
10 5.537600e-008 403.831906 359.338000
7 4.389160e-008 368.323639 367.899507
10 2.999720e-008 302.981207 183.588753
4 4.077420e-008 255.318939 324.274947
7 1.119270e-007 405.462588 267.515414
10 4.201060e-007 404.214011 263.161095
10 1.078650e-007 461.132097 113.367697
7 1.739350e-007 458.846309 253.104390
10 9.060010e-008 592.393178 356.686385
7 6.273620e-008 590.502731 263.719845
10 4.876330e-008 542.984333 167.433492
7 2.676060e-006 469.632434 343.523353
6 1.187820e-006 468.207193 590.341492
9 2.804060e-008 567.110874 718.654874
8 1.039610e-007 561.523217 713.067217
11 4.669020e-008 194.387915 542.086687
6 5.415120e-008 356.255361 551.515936
3 6.439550e-009 341.665232 878.299683
6 4.604740e-008 348.620625 765.267539
3 2.779520e-008 326.800764 791.197245
6 6.807270e-008 347.614142 540.573384
11 2.384330e-008 310.598680 566.556678
6 8.978680e-009 433.306490 788.030810
8 3.311060e-008 375.387604 789.162150
3 6.690240e-008 252.353822 763.318415
11 1.878610e-008 328.668791 703.694863
6 1.870570e-007 482.956961 490.968742
7 7.969920e-008 445.412954 521.963507
10 2.621470e-007 520.097497 365.272314
7 3.631310e-008 484.956789 231.720268
10 6.656910e-008 510.965803 367.468113
6 2.576210e-007 537.088028 572.539637
7 5.426620e-009 538.119838 575.536217
9 8.247160e-008 582.994368 705.860702
8 7.344280e-008 583.614401 678.935240
6 1.448650e-007 567.754175 723.138255
9 2.210650e-007 682.683576 656.783840
6 1.358070e-007 397.049535 498.534330
7 1.113870e-007 558.871860 412.244626
6 6.442390e-008 564.878354 408.193192
10 4.449780e-008 501.830890 360.657116
7 7.744110e-008 392.744392 247.839543
10 6.568780e-007 422.622237 263.167872
7 2.210600e-006 445.474942 329.403665
10 5.414700e-008 317.260878 312.540871
4 4.405720e-008 194.692615 333.353234
7 6.606570e-008 448.222221 302.597877
10 3.174910e-007 567.061000 272.967804
7 5.852780e-007 543.253701 339.928013
6 7.071630e-008 596.249951 557.139463
9 1.644050e-007 638.959311 679.084950
8 2.183050e-006 582.219144 807.209576
6 2.754290e-007 562.880366 653.938229
9 3.923570e-008 567.624266 658.682096
8 8.294830e-008 669.005384 760.062503
5 1.119170e-007 816.189384 609.310993
10 2.474390e-008 734.202233 197.334744
6 2.457500e-007 551.671873 589.479644
9 3.779460e-008 737.486159 557.757503
5 9.171040e-008 807.666089 551.617488
9 1.409440e-008 618.990688 555.117850
6 6.041750e-008 584.643513 490.520517
7 4.682240e-007 540.958844 409.129637
6 4.634470e-007 532.771695 582.350125
9 2.616970e-008 537.300038 679.613015
8 1.190820e-008 624.899776 671.949297
6 2.942540e-007 483.565084 706.655872
8 8.304770e-008 498.214626 713.322670
9 4.983130e-007 715.819147 692.780233
2 1.557860e-008 861.029906 716.381561
5 1.213560e-007 881.172017 688.492849
9 2.998890e-008 819.812327 848.340417
8 2.642470e-008 661.495411 671.504721
6 2.407840e-007 587.867523 625.497221
6 1.505590e-008 395.531199 788.727001
3 5.986220e-008 249.142926 917.171732
3 1.004270e-007 123.412902 945.653267
11 4.622050e-008 290.958279 713.763431
3 1.149690e-007 229.481749 752.424225
3 7.224720e-006 202.729008 824.872036
11 1.372200e-007 176.167625 759.798791
3 1.341340e-007 122.479615 842.989976
3 6.499410e-008 230.901849 913.888811
3 2.841490e-008 173.469646 911.540806
6 5.307950e-008 298.807954 695.262491
11 1.426780e-007 241.463657 746.895617
3 3.019590e-007 202.427063 782.044386
11 5.286660e-008 271.750617 704.324228
3 1.648680e-008 303.620663 666.343095
6 1.301630e-007 398.263445 622.554897
7 4.244720e-008 594.688381 414.324591
10 7.955320e-008 603.774713 327.549189
7 1.024000e-007 400.974894 390.017698
10 2.575130e-008 404.185381 412.292942
7 1.987610e-007 535.062693 274.252472
10 2.224210e-006 493.812578 210.732655
4 7.009780e-008 53.669226 225.434021
4 6.799190e-008 139.283798 322.244278
4 3.814020e-008 136.849529 313.965213
4 4.646260e-008 143.982820 266.141435
4 4.486050e-008 42.515837 271.434253
4 2.703870e-007 98.174250 353.489178
7 3.271080e-008 270.818692 210.283244
4 1.793560e-007 41.862879 279.878383
4 4.820780e-008 96.005514 284.869341
10 1.720990e-007 401.833140 301.147392
7 2.541960e-007 401.917803 300.457890
10 5.662630e-008 538.259712 64.670968
7 2.176790e-007 439.248041 250.152506
10 1.251970e-006 435.045028 248.278048
7 5.059690e-008 608.719590 300.789366
10 1.720770e-007 587.787872 178.860746
10 5.943620e-008 581.575000 234.221166
7 1.397080e-007 581.575000 251.302605
6 1.768950e-008 539.729257 419.703535
10 9.246660e-007 520.053912 215.957613
7 4.787410e-008 508.402229 205.092193
10 4.379610e-007 501.579178 304.047473
7 8.555310e-007 490.221819 315.404754
4 2.223290e-008 154.913264 283.698886
4 8.989840e-008 143.191408 287.857948
10 5.729070e-008 272.009141 262.820547
7 1.560810e-008 271.398368 262.586091
4 5.586480e-008 212.057131 256.812594
4 7.817240e-008 114.819071 308.698725
10 1.199330e-007 337.228919 300.794820
7 1.431480e-007 389.522662 316.705196
10 2.688270e-008 598.078504 116.462017
7 3.929310e-008 461.779239 126.257361
10 2.320710e-008 466.275924 40.456679
10 7.222630e-008 431.151213 128.441002
10 5.310990e-008 565.579659 64.553244
10 1.170880e-007 613.871397 273.666159
7 2.028570e-007 606.378653 344.955038
6 7.137380e-008 435.328296 508.906075
3 6.062310e-008 252.575912 943.456783
11 4.134540e-008 108.471997 864.533284
3 6.294750e-008 169.436030 958.879603
8 3.031420e-008 394.263898 827.971238
3 3.242460e-008 323.885903 859.137477
11 1.712330e-007 238.139394 759.346071
3 1.320760e-007 251.989750 735.286053
6 2.923120e-007 432.839221 631.222600
11 1.282860e-007 147.438106 503.005544
4 5.246350e-008 114.286907 494.884399
4 1.111400e-008 297.876134 416.715739
11 2.220130e-007 166.241611 544.615165
4 2.080790e-007 113.106863 401.285835
11 5.924820e-008 296.120391 525.007000
6 1.581820e-007 452.203375 525.007000
7 4.330250e-008 434.650009 380.192217
10 7.049720e-008 423.994851 299.560432
10 6.866230e-008 607.064806 220.042373
7 1.323440e-007 599.712739 306.142267
9 2.650530e-007 699.173215 679.045052
8 9.404690e-008 670.731534 817.994987
2 1.132280e-008 828.105408 763.806969
9 1.575220e-007 622.006246 821.542644
6 1.174780e-007 490.844647 722.706044
8 9.590020e-008 487.515654 720.197487
9 3.642600e-008 650.349107 586.208330
5 5.649520e-008 776.404912 676.791671
6 1.127930e-008 711.531516 741.144537
9 7.134800e-006 715.978505 752.151252
8 7.472450e-008 685.637591 746.176890
6 2.410850e-007 550.264083 597.339014
9 9.328940e-008 625.742863 733.243232
8 3.109400e-007 643.138150 790.140794
2 2.503220e-007 832.534578 896.029130
9 9.681250e-008 562.856604 807.964473
8 3.200770e-007 522.156575 787.226834
2 1.522380e-007 746.383242 967.265935
9 6.331840e-008 678.201450 850.358801
8 1.592940e-007 670.951570 840.380143
5 5.395590e-008 854.920609 717.648429
2 1.711400e-007 827.455670 830.870584
9 2.133960e-008 764.992249 896.907719
8 9.042800e-008 737.881141 836.015317
5 1.252500e-007 884.264901 678.024257
9 7.788930e-008 807.367641 837.231059
2 4.888580e-008 793.147380 830.831479
5 7.982910e-009 778.031000 490.819312
9 3.170580e-006 728.163961 739.969551
8 8.219270e-008 733.560746 817.146247
2 2.725900e-007 824.734428 912.569719
2 8.524770e-007 846.717093 912.912894
9 4.022620e-008 784.690742 869.481698
5 7.358550e-008 852.399443 698.177529
9 1.678640e-007 602.923629 723.671392
6 2.971490e-008 546.846476 749.820776
8 1.152610e-007 539.772903 754.524175
9 6.944660e-008 626.540578 656.422292
6 7.353500e-008 633.770676 651.169319
8 1.407390e-008 641.475255 645.571615
9 1.601180e-007 621.678917 707.816711
8 4.963090e-008 617.840796 689.759920
6 1.197190e-007 612.137576 630.803620
7 1.301300e-008 678.832436 376.309220
5 1.962990e-008 673.905301 602.596657
9 1.839060e-007 640.158126 682.100074
6 3.375670e-008 613.397336 762.159508
8 1.246870e-007 667.588145 758.370094
5 2.157410e-007 847.715328 537.529702
5 1.301510e-008 676.307395 583.866598
9 1.433280e-007 794.319495 655.555974
6 3.091630e-008 551.301407 417.614129
10 1.312610e-007 554.134679 336.481045
7 2.866780e-007 554.341441 330.560227
10 2.916160e-007 483.629328 323.070255
7 2.457760e-006 488.687943 325.537497
6 1.726530e-007 460.306256 493.385874
11 8.740910e-008 151.937148 539.320530
4 2.517240e-008 22.315436 573.329259
6 1.940310e-007 406.828610 614.875488
11 6.402250e-008 173.452707 483.993246
4 1.086190e-007 124.018560 442.513193
11 4.392760e-008 280.994629 539.476305
6 1.867000e-007 394.979553 590.610959
8 4.213620e-008 589.919073 778.700203
9 7.215120e-008 591.362912 786.888683
2 4.419450e-008 798.706240 801.394527
5 4.958270e-008 800.256423 712.584508
9 2.144310e-006 712.776638 779.945087
8 1.705100e-007 695.672712 835.941204
2 4.203440e-008 677.022367 987.834933
9 3.018440e-007 663.294944 806.169821
8 7.959650e-008 702.188561 788.853312
9 7.832740e-008 797.404163 906.037225
2 4.022820e-007 807.692354 919.690158
8 1.968240e-008 815.303397 929.790384
9 8.247950e-008 837.136754 794.549611
2 2.082560e-008 913.389118 824.484603
5 8.024590e-008 804.500278 634.384925
9 1.332550e-007 642.131061 629.485260
6 2.917850e-008 652.951871 697.806011
8 9.968570e-008 668.136842 793.681339
9 2.318870e-007 692.114288 814.804406
5 4.684960e-008 766.025423 650.136608
8 8.738900e-008 615.497513 748.828847
6 6.541620e-007 536.165822 611.422580
9 4.629170e-008 532.671604 605.370428
7 2.857470e-007 486.895657 409.754219
10 3.495600e-008 447.887335 465.944557
6 3.499190e-008 476.760210 420.941640
7 4.981630e-008 567.066529 486.666875
9 2.918350e-008 641.008597 552.547976
6 6.194540e-008 587.602071 476.275807
10 1.057180e-007 458.223601 428.576076
7 2.775350e-008 452.327171 427.852099
4 2.808680e-008 160.697338 259.242095
4 5.641400e-008 127.233047 234.677698
4 4.646230e-008 144.495327 168.352471
10 8.473440e-008 360.627401 328.934830
7 7.981610e-008 357.287565 324.887882
4 5.427220e-008 47.192430 224.964138
4 2.792570e-008 251.970402 283.202995
4 2.843460e-008 42.154818 131.645038
4 9.816200e-009 153.518888 234.585650
4 6.677750e-008 82.143278 264.393009
4 5.800620e-008 100.242759 308.136188
10 6.985630e-008 376.579862 260.272940
7 1.951270e-007 456.449048 223.029230
10 6.074440e-007 440.467073 293.597612
7 6.042580e-007 446.736864 383.264880
10 9.898030e-008 366.632079 147.955911
7 2.948130e-008 345.117443 237.766760
10 2.352030e-006 512.443720 231.787008
7 2.830470e-007 572.922308 334.060491
10 3.116750e-008 575.257011 348.801525
10 4.598320e-007 537.614378 280.700628
7 2.190510e-007 537.938116 281.261360
6 9.240000e-008 490.276322 553.976795
8 1.095880e-007 643.908213 754.704731
9 3.273660e-007 645.225585 757.290215
2 1.482600e-007 787.573155 880.647022
9 1.813400e-007 697.032745 782.116881
8 6.979390e-008 728.397114 725.533370
5 2.477070e-008 767.656594 654.706528
7 7.365060e-009 665.899370 295.902563
10 6.025800e-008 649.164611 275.722598
6 4.843840e-007 542.801070 584.994152
7 2.490980e-007 444.389532 403.687370
10 5.212730e-008 452.099053 370.293935
7 9.606570e-008 493.885481 231.256107
10 5.509140e-006 497.152567 247.619942
6 6.610760e-008 384.714379 504.274104
7 1.110260e-007 583.759640 401.147350
10 3.051180e-008 548.080605 420.010989
6 9.651940e-008 406.654485 513.169070
11 5.824310e-008 161.949716 522.743684
4 5.780860e-008 135.388331 508.125945
11 5.824090e-008 127.838845 534.524724
6 3.743320e-007 426.132184 596.524009
11 2.017600e-008 272.896434 794.912569
3 2.857830e-007 245.341562 863.113119
6 3.236160e-008 383.204177 532.853685
7 1.405220e-007 391.946553 366.051044
10 8.035090e-008 444.626445 383.486482
6 3.430260e-007 452.443857 582.924855
8 1.720270e-007 546.776345 779.748008
9 7.518430e-008 594.644304 764.163624
6 2.556410e-007 553.509974 663.038380
8 5.364450e-008 613.126375 749.329426
9 1.433410e-006 689.050728 781.638334
2 7.994480e-008 818.841700 832.944174
8 3.203730e-008 794.339288 896.732000
2 1.497550e-008 682.290277 857.516867
9 1.446280e-007 713.139356 837.483159
2 3.220240e-008 812.446990 752.111284
9 5.280800e-008 806.979485 735.181706
8 3.722050e-008 577.626320 665.036627
6 1.253190e-007 576.743662 664.371498
3 6.747610e-008 303.432812 838.053071
11 1.504640e-007 70.736288 758.953396
3 4.315260e-007 141.692165 827.054044
3 9.106100e-008 291.710537 906.747287
3 3.469880e-007 247.608914 806.352330
3 2.983040e-007 238.366398 862.415696
11 3.050700e-007 115.410840 702.884424
3 1.552620e-007 190.985037 765.650096
11 1.405440e-007 213.782965 772.388798
3 1.932710e-007 218.749355 765.296082
11 2.798630e-007 170.154855 743.391315
3 1.760740e-007 167.051901 751.474822
11 2.027860e-007 128.751578 748.849834
3 1.584340e-007 132.487902 740.837242
3 1.425370e-007 191.136958 901.231497
8 6.878050e-008 405.520000 837.532280
6 1.118960e-007 420.062331 665.549598
11 3.268090e-008 261.150713 537.560882
6 6.503400e-008 337.936474 542.456721
11 4.362510e-008 51.843638 513.797418
6 1.112450e-007 401.975949 539.375932
7 6.694060e-007 468.302000 384.166011
10 2.699520e-007 480.726951 298.382522
7 1.206340e-007 377.617339 405.984506
10 4.764450e-008 374.112234 403.043373
4 5.804930e-008 135.271785 270.551678
4 4.169080e-008 89.466797 275.601728
4 3.076810e-008 158.229330 203.629092
4 3.346670e-008 113.420365 305.196121
4 4.250910e-008 124.809220 255.576390
4 5.899140e-008 130.740309 284.684486
7 2.116160e-007 408.059280 299.395937
10 1.705820e-007 412.584956 300.866431
7 1.612640e-008 364.851783 224.414791
10 1.655860e-007 363.791633 219.822789
10 5.058410e-008 580.829456 101.235391
7 2.552630e-008 560.897725 139.115531
10 5.119050e-008 551.858474 134.706805
10 7.145040e-007 501.814712 196.418520
7 7.159130e-008 430.565530 206.431722
6 3.609630e-008 540.097829 470.376813
9 7.480950e-008 703.010234 666.496089
8 1.909750e-007 620.688327 809.267809
9 2.146230e-005 708.387459 730.373626
5 5.632610e-008 736.230599 684.761016
8 3.351310e-008 706.639152 646.239371
9 9.812970e-008 714.913875 642.448113
8 2.987260e-007 677.328191 824.914233
9 7.835880e-007 726.286708 764.018744
6 4.068760e-008 574.033095 717.736841
2 3.810640e-008 740.697139 786.643690
8 4.471710e-008 749.664139 771.720107
9 1.387450e-007 802.533702 683.730447
5 8.158400e-008 791.006052 655.648715
6 1.115780e-007 602.765225 515.873426
7 4.669530e-007 539.855027 373.486276
10 1.233230e-007 470.254011 331.666032
7 1.059020e-007 400.262190 271.387592
10 2.069980e-007 418.006775 215.810508
7 2.486710e-007 542.906803 422.885056
9 4.787570e-008 597.601419 593.469890
6 1.347020e-007 594.024507 593.657359
7 9.083210e-008 541.466372 434.784130
10 8.326980e-008 417.198132 349.343639
4 2.220490e-007 98.536752 324.543054
10 4.249260e-008 375.413444 284.015044
7 1.297540e-007 428.647428 228.248789
10 2.921140e-007 489.937208 220.774611
7 1.468490e-007 482.279314 228.128589
10 5.006980e-008 593.364547 78.032380
7 1.085200e-007 598.154010 354.083729
10 1.403160e-007 514.563002 319.042823
10 3.758290e-007 535.809421 238.635694
7 1.944170e-007 521.525889 261.048762
10 2.109120e-007 480.030794 312.660593
7 8.124710e-007 472.524340 305.154191
7 2.369140e-007 525.598884 413.711582
10 3.140810e-008 524.868773 418.321198
6 1.545680e-008 514.769000 398.160258
10 4.163200e-007 517.600482 183.448750
7 1.175250e-007 496.476026 241.488260
10 1.174860e-007 424.778290 220.721314
7 3.365110e-007 476.511056 255.615522
6 6.424750e-008 480.256912 442.826424
10 2.471340e-006 456.942994 214.101696
7 2.974040e-008 422.838084 144.176369
10 3.301530e-008 494.616508 358.424986
7 1.801100e-007 442.615823 302.661096
10 7.598740e-008 369.386510 295.308982
7 1.120080e-007 412.109970 241.411191
10 2.347180e-008 463.575701 389.524942
7 7.952820e-008 458.193663 426.833401
6 4.034280e-008 595.759277 496.926343
7 5.485880e-008 444.053353 428.477786
6 3.432260e-008 444.401996 426.276523
10 1.016960e-007 605.957549 312.441939
7 2.479780e-007 510.473785 250.434114
10 6.812180e-007 428.266504 227.178518
7 4.776500e-007 425.840057 300.809057
7 9.412360e-008 476.752493 456.415053
6 7.427380e-008 565.784386 539.438873
9 9.266310e-008 599.966788 698.939733
8 2.314440e-008 623.351032 751.997460
5 2.829210e-008 836.825131 669.897966
9 6.972350e-008 788.448645 699.046807
2 1.903810e-007 877.149391 870.453282
5 2.813020e-008 741.466795 685.457774
9 4.743400e-007 647.073651 678.856884
8 4.195670e-008 584.848368 661.806812
6 6.229480e-008 584.059533 661.144902
7 1.670860e-007 494.113867 429.272365
10 4.177330e-007 544.559497 269.138937
10 2.120140e-008 632.708848 115.765935
7 4.642680e-009 579.383013 262.540000
10 1.405940e-007 556.546124 300.727931
7 5.335670e-008 545.943778 211.787329
10 7.777180e-008 522.279987 138.706191
7 2.424840e-007 529.461000 294.668713
10 5.285530e-007 529.622299 299.287188
7 1.253700e-007 389.190897 328.235633
10 7.633950e-008 384.580849 328.558013
7 1.578410e-007 535.147657 252.727515
10 4.843860e-007 538.179494 249.239802
7 3.347250e-008 455.187588 137.852376
10 1.225270e-007 452.314273 134.174699
10 5.843300e-007 435.809753 230.750527
7 3.871920e-007 449.739667 309.750625
6 2.245930e-007 543.185489 524.635720
9 1.893170e-006 711.563851 705.257882
5 1.327220e-007 833.368030 574.640225
8 5.715330e-008 717.698119 921.450205
2 1.351620e-007 711.109680 934.380784
9 5.744980e-008 701.611514 953.022040
8 5.229860e-008 568.834458 956.880247
9 3.079940e-008 536.328704 745.530796
6 9.284680e-008 545.219413 682.271691
8 9.820440e-008 590.916544 752.013496
9 2.136540e-007 723.911498 845.137065
2 5.881370e-008 756.819145 840.518851
5 6.527380e-008 778.354477 610.888401
5 3.588790e-008 890.980568 783.488141
9 7.766230e-008 788.686646 756.078844
9 3.736710e-007 768.236349 676.671609
5 1.122420e-007 842.313417 645.228125
9 3.603020e-008 869.776250 836.883499
2 1.348220e-007 884.393798 911.856822
8 7.906960e-008 642.818364 863.445636
2 1.461420e-007 769.976352 894.018873
9 7.640650e-008 784.203502 843.566266
2 1.741070e-007 818.100816 908.457827
9 4.397140e-008 767.753142 857.459997
8 5.668480e-008 761.869657 773.323274
5 1.087040e-008 716.128336 464.647910
7 2.308200e-008 677.489894 478.220137
5 2.317160e-007 889.289338 538.243917
9 1.221380e-007 800.687586 763.901713
8 3.011030e-008 750.212636 880.249281
2 2.194510e-007 752.907442 882.510497
9 8.673160e-008 735.147627 859.249539
2 5.172790e-008 860.210815 800.037690
9 3.693270e-008 874.282692 809.932432
5 5.346370e-007 914.085183 650.294283
5 6.964320e-009 806.706798 732.431925
9 6.071390e-007 757.597702 792.747752
2 7.026730e-007 787.847713 948.369380
5 6.682400e-008 857.079315 696.458985
9 3.460630e-008 819.581423 619.576318
8 3.124440e-008 735.702879 855.347033
2 1.894010e-007 764.620549 930.680322
9 8.251360e-008 685.638214 837.958818
8 5.632810e-008 575.798744 994.871165
9 1.555380e-007 702.832390 838.577768
2 6.699400e-008 846.601466 828.515343
8 8.792010e-008 696.115948 853.727667
9 7.664920e-007 706.635268 786.979334
8 4.141380e-007 582.485164 748.757351
9 8.627590e-009 493.054897 761.325981
6 2.536940e-007 496.690033 719.954347
5 9.921010e-008 802.965958 675.775426
9 5.479980e-008 812.961506 699.323611
6 7.583210e-008 632.314292 588.576799
8 4.135480e-008 504.599779 641.198558
6 6.501250e-008 519.349338 505.385627
3 3.286430e-007 235.965294 772.905770
11 6.395390e-008 158.245402 771.549187
3 3.534330e-008 73.903259 974.952148
11 6.449750e-008 226.108550 809.301317
3 5.646820e-008 221.534060 939.720291
3 1.454750e-007 196.819807 930.236464
11 5.567260e-008 251.828380 769.408658
3 6.543280e-008 178.326243 711.897599
11 1.063340e-007 83.725973 690.606861
3 7.587180e-008 282.025231 718.315446
11 2.548090e-007 249.223446 675.161218
3 6.528130e-008 92.823509 704.463559
6 1.542390e-007 455.448234 571.706519
11 2.270740e-007 188.517132 584.560813
4 6.734280e-008 189.401771 434.543202
11 2.071250e-007 247.305735 577.652156
11 1.562610e-007 148.522308 547.648863
4 1.589520e-007 17.351074 452.346726
6 6.321880e-008 304.507036 587.857694
11 1.115960e-007 145.858974 543.880436
4 2.288350e-007 26.198840 443.473513
6 5.774230e-008 373.098562 586.628273
4 1.622510e-007 99.518676 425.537386
11 1.150660e-007 138.321258 542.260535
4 2.380040e-007 114.893478 405.616170
11 6.995470e-007 121.188314 584.048759
4 2.757630e-008 177.316180 421.039537
11 4.354040e-007 189.282940 590.742854
4 2.466950e-007 76.224862 473.921733
11 2.749570e-007 190.941070 585.233367
11 7.213990e-008 266.135571 492.921394
4 2.745930e-008 118.405114 495.664509
6 6.861720e-008 389.658667 640.531750
3 9.047310e-008 273.018431 829.347426
11 1.291610e-007 129.376588 800.987592
3 2.943740e-007 210.637939 873.586448
11 9.366250e-008 96.272115 750.943956
3 2.909350e-008 195.618336 1000.434629
3 3.164210e-008 392.930120 720.640473
6 2.645500e-008 288.183979 726.891709
11 1.405500e-007 216.139265 757.060237
3 6.923470e-008 166.570855 918.727032
11 1.442710e-007 120.944400 722.166414
3 4.753420e-007 188.948648 793.343525
8 2.451570e-008 419.567769 684.658792
6 1.593970e-008 387.389324 612.384390
11 7.077770e-008 218.081113 513.292801
6 3.190230e-007 455.169570 598.301292
9 1.048940e-007 691.484645 648.140190
5 6.056100e-008 758.321592 576.139810
9 1.023440e-007 720.533565 634.632000
5 2.963370e-007 880.161790 536.059088
9 5.723710e-008 800.603856 871.456851
2 5.733850e-007 771.258093 921.690836
8 5.643500e-008 683.223496 940.403226
9 3.541760e-008 763.689899 907.825301
2 5.611210e-007 794.187566 965.182848
8 4.588720e-007 638.868599 823.008210
6 9.087040e-008 592.612565 696.586693
9 1.154250e-007 580.599976 733.557345
8 5.459250e-008 599.567612 664.176322
5 3.679930e-008 705.715197 587.576683
9 1.418320e-007 637.699997 648.817726
6 1.509680e-007 570.187712 641.160966
11 4.399440e-008 251.573927 780.019688
3 2.252280e-007 248.333042 782.124337
3 4.722560e-007 135.086954 823.534940
11 1.196030e-006 167.847648 669.408438
6 1.510130e-008 355.429842 649.764188
3 6.481310e-008 187.986438 664.413062
11 7.366800e-008 115.789096 813.880945
3 8.901780e-008 131.219523 851.654733
11 1.267100e-007 39.211990 730.860556
3 1.409780e-007 251.747281 898.303449
8 1.956290e-008 352.969867 784.100243
11 3.807980e-008 190.983402 815.493379
3 4.300080e-007 159.420197 841.052728
3 3.638870e-008 98.820007 830.519212
11 7.244200e-007 124.098100 700.473742
3 9.699720e-008 297.758657 822.258713
3 8.242910e-008 61.393328 818.511647
11 7.510350e-008 139.553647 756.450600
3 2.275380e-007 182.788758 929.859112
11 4.272110e-008 294.992980 677.220413
3 3.181240e-008 297.949643 663.310450
6 2.403580e-008 366.551780 800.767241
3 1.219920e-007 293.199642 761.345659
11 4.310240e-008 294.585562 761.150879
3 1.491900e-007 242.770663 779.652712
11 1.190890e-008 165.447417 809.334403
3 2.633940e-007 179.067906 888.075319
11 1.955790e-007 70.587757 676.527241
3 5.523110e-008 334.643201 786.467284
3 2.108650e-007 116.504795 786.028905
11 6.187520e-009 182.178487 734.719186
6 2.951090e-008 419.630295 724.005120
11 1.821230e-008 346.860126 621.938168
6 3.364790e-008 306.890172 684.163153
3 1.187120e-007 245.636612 712.548640
11 8.179330e-007 142.281543 719.318289
3 7.059810e-008 81.484674 833.907149
11 1.732040e-007 40.784130 670.609796
3 7.071520e-007 209.299351 774.191078
11 2.131270e-007 82.410286 673.527760
3 5.320850e-007 199.064359 773.319218
11 9.574000e-008 8.099494 689.281242
3 2.132580e-007 206.869656 739.021171
11 3.931350e-007 131.829260 742.462696
3 5.833000e-008 247.387588 939.417651
6 1.380740e-007 411.899297 634.160877
11 3.069930e-007 162.838124 563.394360
4 3.838790e-008 144.361252 435.073302
11 9.386090e-008 66.569017 532.471252
6 7.601190e-008 346.395821 544.669766
9 1.207640e-007 757.236366 586.591880
5 1.049490e-007 805.411674 542.094213
9 7.949540e-008 829.128244 780.294875
2 3.061410e-008 836.912742 771.663770
5 9.885180e-007 898.062165 620.313456
5 3.910190e-008 884.043047 416.482779
9 2.267120e-008 769.339172 520.264984
6 2.612840e-007 537.517185 639.867893
9 3.994950e-008 683.706740 544.776068
5 1.248320e-008 748.660779 707.771900
6 2.437780e-008 711.405157 615.091936
9 2.206060e-008 796.260406 636.248895
5 2.481090e-007 854.439195 536.010478
9 4.283310e-008 704.141606 600.499396
2 2.094410e-008 862.495169 707.126819
5 3.404990e-007 907.601441 654.789413
9 2.698820e-007 743.730468 640.453091
6 5.657690e-008 606.793655 551.562213
7 1.443220e-007 560.054318 420.237645
10 1.738360e-007 551.447118 320.617119
7 8.709470e-008 577.412899 234.905007
10 9.906570e-008 509.473376 85.328813
7 9.326170e-008 524.143932 238.711701
10 8.781810e-008 592.279608 309.267651
7 7.730070e-008 515.197450 428.671072
6 2.917670e-008 384.563430 495.150082
3 4.156620e-008 225.056775 750.764218
11 1.160570e-007 209.749511 756.972843
11 3.807070e-007 193.008550 640.320714
3 8.433780e-008 257.572595 766.699075
3 3.380500e-008 154.490880 965.138425
11 1.590660e-008 230.652381 863.123238
3 3.841100e-008 337.827397 896.281277
6 8.226940e-008 374.560547 681.673851
11 1.415080e-007 198.725496 562.858514
6 2.394370e-008 306.267289 547.137230
11 5.381880e-008 250.285426 592.384985
6 1.469440e-007 429.068261 493.280217
7 1.254280e-007 442.003253 426.736724
10 9.531870e-008 456.156121 353.927923
4 1.611040e-007 97.398420 351.583438
7 1.818770e-007 389.266096 303.093565
10 1.677330e-007 450.666621 309.547181
7 3.606270e-008 405.203563 273.554776
10 8.834350e-008 340.542874 278.076347
10 1.081530e-007 365.798963 219.276799
7 1.502120e-007 397.563654 271.868426
10 3.286620e-008 492.778135 387.426278
7 2.386340e-008 408.278000 470.393562
10 1.703010e-007 592.745541 196.221353
10 1.308260e-007 412.273457 186.750132
7 3.098070e-007 417.281037 305.639944
6 3.921110e-008 353.599706 598.786492
7 5.173410e-008 350.317537 461.211598
6 7.459590e-008 577.475254 610.069323
9 2.318250e-008 575.122188 594.713488
7 4.064210e-008 404.194460 491.308370
10 1.692600e-007 424.263981 274.695230
7 3.444110e-008 451.307988 216.899433
10 4.088270e-007 475.910049 297.369448
6 8.417090e-008 583.411405 509.048046
9 1.341900e-007 725.227753 679.811199
6 8.023630e-008 644.777715 639.720280
8 9.033670e-008 678.857896 744.184000
9 2.082810e-007 770.088133 744.184000
2 3.960380e-007 809.336846 903.383624
8 2.670500e-007 609.981073 882.453431
9 7.506990e-008 702.106541 856.036583
5 5.487030e-008 768.142235 611.590059
5 1.391610e-008 855.156984 448.644804
9 4.569630e-008 718.739267 589.800268
7 2.275040e-008 709.815328 319.116778
6 1.235720e-007 582.774897 595.832584
9 1.071030e-008 576.797242 598.878367
11 1.397770e-007 187.424937 591.765793
4 1.286230e-006 74.025289 397.608515
11 1.490210e-007 174.426210 540.490289
6 8.765210e-008 429.386041 490.685902
7 6.239610e-008 406.558274 436.907404
10 2.697760e-008 352.098876 206.274555
7 3.821060e-008 354.015127 315.687165
4 1.396230e-008 106.563605 151.482874
4 5.458820e-008 108.628228 208.622271
4 2.818550e-008 61.336641 210.360723
4 2.483500e-008 74.308731 209.440290
10 2.926500e-007 455.360289 327.471150
7 1.282030e-006 461.339887 326.947997
10 1.586950e-007 465.914872 138.695031
7 3.869920e-008 459.847014 137.625097
6 3.355480e-007 530.865642 578.127598
8 1.382550e-007 488.992812 710.448387
9 4.409930e-008 568.132546 865.768000
2 1.339820e-007 723.089266 942.540831
8 8.210750e-008 721.556751 963.572054
9 8.357840e-008 532.698411 722.232872
6 4.830870e-008 531.428427 707.716321
5 2.413790e-007 867.122766 590.149248
9 1.857950e-007 718.315326 657.234738
5 8.670510e-008 895.879767 527.659963
9 1.825730e-008 789.188581 533.164574
5 6.376330e-008 856.509119 478.649260
9 3.911480e-007 685.719226 670.902296
5 2.829180e-008 741.569955 680.394239
8 3.408280e-007 608.553023 763.297663
9 4.595750e-008 563.382970 789.376598
6 9.634760e-008 600.719693 683.012876
5 3.123820e-008 838.339536 739.714655
9 3.158690e-008 861.121612 856.918672
2 2.379100e-007 870.177066 903.505097
8 2.921860e-008 684.162051 644.975269
6 1.969700e-007 555.202156 672.611341
9 1.561220e-008 528.953244 700.759931
6 8.576050e-008 379.330758 558.982883
3 2.649590e-007 253.291184 790.712651
11 1.182080e-008 304.795705 840.582710
8 2.080740e-008 345.371013 941.828337
3 6.376130e-008 325.141679 842.084716
6 1.813330e-007 404.718820 643.979180
11 4.915710e-008 290.638985 554.028001
6 3.701520e-008 406.043494 646.981527
8 3.626140e-008 361.508574 847.451580
3 3.473570e-008 290.878930 895.092046
3 3.326870e-006 197.910527 819.272156
11 1.410260e-007 167.850002 754.806678
3 1.966970e-007 113.343559 823.792619
11 2.065630e-007 146.504186 735.587564
3 1.253980e-007 247.852455 872.729288
11 1.008380e-007 190.060530 711.292137
3 5.514600e-008 201.118279 720.904491
6 2.766280e-007 435.773070 662.427790
3 2.221680e-007 198.307969 765.668878
11 1.072020e-007 196.932616 765.500003
11 1.905720e-007 62.599016 754.276898
3 2.237730e-007 144.705928 773.232951
3 2.181020e-007 110.183523 824.639517
11 5.444370e-008 108.955609 825.186219
3 1.118660e-007 106.016000 817.455156
11 1.407760e-007 106.016000 728.654070
3 8.907250e-008 130.340007 753.588126
11 1.771710e-008 160.922369 833.258235
3 5.902410e-008 81.971085 881.598555
11 1.920380e-007 186.901695 770.146191
3 1.568630e-007 208.247949 766.443600
11 3.891340e-008 137.711780 809.647306
3 1.816140e-007 148.000682 907.541620
3 1.801970e-007 183.500011 752.671476
11 1.521840e-007 194.550264 704.808428
6 3.239560e-007 396.024775 605.713139
3 1.070100e-006 219.893708 807.980607
11 3.550700e-008 120.515837 820.182871
3 1.897200e-007 126.887830 871.616674
11 5.546110e-008 191.248100 819.933717
3 4.247700e-008 335.007830 876.686802
11 4.724640e-008 184.741131 795.171638
3 5.380310e-008 259.552285 952.925696
3 2.041220e-007 98.062585 767.183029
11 5.954730e-008 67.880359 790.576744
3 1.324040e-007 93.663247 890.613680
11 2.073170e-008 272.243612 811.247668
8 6.653230e-008 390.195356 835.075368
6 3.109680e-008 393.402060 665.660486
7 1.055190e-008 509.611312 581.756405
8 1.695480e-007 627.866755 715.355193
9 1.532830e-006 676.736370 740.255375
2 8.485880e-007 811.584526 923.159960
8 3.447710e-008 698.064315 822.833636
9 3.912440e-007 657.915413 767.573119
6 3.259310e-008 605.572662 695.529117
5 1.669220e-008 704.208855 567.352808
10 1.220700e-007 491.828026 359.641502
7 2.181530e-005 486.191940 351.406986
6 1.589540e-007 561.870171 521.383440
7 8.190340e-008 533.844284 430.669314
10 1.347730e-007 589.821581 283.377340
10 3.046750e-008 446.754727 44.431499
7 4.367070e-009 477.876797 145.482508
10 2.280150e-007 410.707413 204.507692
7 3.240430e-008 498.914030 517.594280
6 4.737470e-007 486.935168 585.531145
8 4.839950e-007 588.034088 779.130895
9 7.056790e-008 590.003885 781.100706
2 1.804410e-007 749.842422 907.357347
8 1.484020e-007 660.775628 847.280666
9 1.097600e-007 658.466164 845.722903
6 5.809850e-008 646.262134 636.471555
5 2.767080e-007 846.810867 557.850729
9 2.431990e-008 844.489239 847.101189
2 8.541530e-008 837.894693 868.670973
8 2.147760e-007 638.149271 901.682788
6 9.375130e-008 542.211140 720.181794
9 2.326700e-006 677.909853 746.558988
5 1.517220e-006 891.278493 611.922770
9 2.126680e-008 764.955675 580.037883
5 2.264230e-007 857.022571 567.098438
5 2.253550e-008 749.519522 511.286372
6 1.085110e-007 571.349416 664.376238
9 4.109160e-008 566.494874 669.403260
8 3.622280e-008 584.512704 678.798983
9 8.079840e-008 668.228650 931.774349
8 1.057210e-007 673.261084 965.600107
9 6.520790e-008 814.580218 657.160479
5 1.573430e-007 881.458566 646.567879
2 2.700120e-007 850.285251 891.161708
9 6.718240e-007 726.981264 776.412116
2 5.688610e-007 809.374872 915.130485
9 3.013430e-008 878.940835 797.570243
2 7.264340e-008 744.503367 834.553229
8 1.805590e-008 620.717665 651.699165
9 1.011060e-007 614.486695 646.831013
6 1.853330e-007 580.451918 641.136530
8 1.944930e-007 463.713447 833.191137
6 2.766810e-008 487.253542 823.404061
8 2.119010e-007 486.750874 862.536648
6 8.868010e-008 460.682308 722.816958
7 5.278650e-007 472.079873 396.425785
10 1.208430e-007 499.924674 367.233461
6 6.827600e-008 587.738348 634.633467
9 1.041590e-007 607.858184 697.293383
8 6.412610e-008 678.981336 728.959541
6 8.925730e-008 601.957184 639.380938
9 3.740680e-008 602.142529 637.617492
8 9.848540e-007 582.447864 797.870586
2 2.709850e-008 739.629700 970.094039
5 5.083890e-008 829.235722 656.193034
9 4.129180e-008 817.947087 632.572601
5 4.268860e-008 720.489227 637.805974
9 7.119750e-008 710.588182 640.458927
2 3.177600e-007 794.151788 922.402728
9 8.770060e-008 859.392752 793.298828
8 1.314530e-007 689.933821 810.064065
2 1.243120e-006 807.580000 910.945437
9 1.244500e-007 807.580000 761.707029
6 2.237230e-008 626.620518 614.958758
5 2.185340e-007 864.580240 571.123054
5 1.770810e-007 858.640498 527.585107
9 1.264020e-007 762.609836 679.926106
6 1.002670e-007 605.064373 643.026139
5 2.310050e-008 713.297999 477.539062
6 8.668000e-008 585.400400 558.499146
4 2.297900e-007 93.762948 397.397425
11 1.066190e-007 144.915816 539.833846
4 1.055630e-007 87.271553 483.895520
11 8.749460e-008 246.039504 585.803898
4 2.367660e-008 228.119940 418.068915
11 4.204500e-007 142.596135 578.215779
4 1.173380e-007 98.324616 450.679357
6 2.535060e-007 439.561810 572.619000
11 8.705020e-008 203.932393 572.619000
3 1.196910e-008 281.714181 561.055652
7 1.009000e-007 351.195316 394.287939
6 4.705880e-008 333.359079 589.008676
11 2.472830e-008 344.801395 572.518727
7 1.082550e-007 392.674701 357.503219
10 4.418600e-008 369.668442 297.570457
6 1.701070e-008 529.447827 333.787566
7 3.616800e-008 583.408048 166.477684
10 4.510970e-008 598.029824 97.687747
10 1.952480e-007 535.673981 308.298247
7 5.287210e-007 535.615790 308.963404
10 1.130290e-007 498.051598 97.322811
7 1.664380e-007 591.966000 229.970828
10 4.285390e-007 505.174391 199.183609
7 7.233520e-008 429.053554 229.938171
10 3.608030e-008 577.067898 328.685986
7 1.099470e-007 594.848726 412.338697
6 6.562790e-008 597.537144 647.592780
9 5.628510e-008 603.298954 620.860961
6 2.458740e-008 448.167112 488.261419
7 5.527120e-008 414.711780 441.056307
11 6.150120e-008 206.091665 570.665739
4 4.928470e-008 177.854362 432.641779
6 5.232770e-008 312.547865 544.935800
11 6.469840e-008 301.578220 540.279491
4 3.594660e-008 273.083786 406.407872
11 2.418120e-007 203.633833 566.048561
4 5.023480e-008 129.131667 474.171386
11 7.641680e-008 149.874840 531.852543
6 3.396580e-008 375.064239 564.666564
7 4.437590e-008 455.013859 493.808024
10 1.695180e-007 478.144018 346.996772
7 6.731710e-008 594.263657 298.886195
9 2.724340e-007 624.890480 699.871208
8 3.093980e-007 601.465887 749.580639
6 3.498910e-008 624.382709 773.311714
2 7.664000e-008 725.589753 851.373210
9 1.321230e-007 739.220036 833.254234
8 1.781250e-008 770.170640 886.862167
2 1.707140e-007 784.844018 909.944972
5 3.245740e-008 916.443199 717.263939
5 1.182960e-007 874.072100 482.279653
6 5.924580e-008 558.072358 520.987354
7 6.615320e-008 418.722089 464.397749
10 6.013050e-008 453.487905 419.590366
6 3.345210e-007 472.843732 537.178946
8 4.677790e-008 446.860454 828.282931
6 4.905280e-008 347.901505 564.680891
11 1.440760e-007 144.777354 522.919503
4 2.243370e-008 129.689055 551.417722
6 2.798150e-007 415.616902 596.709401
7 3.373150e-007 574.948611 375.512925
10 1.522720e-007 538.248979 293.083974
10 9.774800e-009 522.190492 211.085647
7 2.296700e-007 481.471693 271.436255
4 5.719510e-008 107.445791 261.109344
4 7.068800e-008 172.960118 338.796667
4 9.934500e-008 87.420683 270.149616
4 6.217400e-008 117.261190 369.389212
7 9.077410e-008 397.748645 456.314408
6 1.177580e-007 387.565318 539.249968
11 6.044040e-008 107.467168 537.447808
4 1.387670e-008 101.890907 540.167549
11 7.412820e-008 244.494538 591.052431
4 1.156960e-008 187.893940 497.149798
11 4.073040e-008 116.348825 493.844886
11 4.221400e-008 183.950097 427.570651
4 5.920560e-008 161.166792 414.065593
11 1.585290e-007 231.080864 567.243257
6 9.793180e-008 385.468333 591.531470
8 1.030940e-007 522.518626 759.369432
9 1.045240e-007 541.658763 729.355295
6 1.506020e-007 436.833750 546.300217
9 5.247300e-008 696.391447 541.855549
6 2.522700e-007 538.795881 552.870644
7 1.221100e-007 601.746866 391.867755
10 3.571070e-008 605.057962 231.541400
10 5.283920e-007 521.868811 290.848543
7 2.508900e-007 521.408631 291.377919
6 1.147260e-007 542.942565 521.357513
9 7.262900e-008 575.894252 739.296953
6 5.333030e-008 579.317671 747.362076
8 5.080720e-007 599.376333 794.617626
9 5.029130e-006 688.294990 763.116002
8 1.163740e-007 712.481685 706.135395
5 1.928790e-008 750.726705 529.452332
9 1.354590e-007 674.462305 637.507913
6 1.701380e-008 581.068704 630.989819
8 1.311580e-007 614.059024 763.307918
9 1.219220e-007 641.126557 816.242246
8 1.621520e-008 736.364150 689.858599
5 1.406230e-008 739.352718 455.235717
5 6.181800e-008 803.748175 614.722218
9 4.172370e-008 812.402658 586.567373
6 2.800190e-008 660.861314 693.723637
8 1.730300e-007 657.862375 755.266560
9 6.017120e-007 661.879520 742.903122
9 7.198950e-008 641.540824 890.501734
8 3.360420e-007 642.369668 892.454368
2 1.633960e-007 779.226132 838.377669
9 4.635190e-008 650.598696 891.002684
8 1.686980e-007 648.240005 890.754781
6 2.165010e-007 494.441891 689.390904
8 3.968960e-007 515.068972 833.926216
9 8.410800e-008 563.500828 675.512603
6 2.410200e-007 409.893793 543.680287
8 6.651470e-008 634.580597 736.381841
9 2.649520e-007 674.166148 807.796026
2 2.314670e-008 798.508735 767.455166
5 7.501210e-008 820.790083 673.384178
9 1.386020e-006 677.322936 707.218560
8 1.716660e-007 648.774372 774.167124
2 5.089070e-008 649.135305 835.297116
9 5.384820e-008 602.580286 836.109735
8 5.704210e-007 547.740456 837.066967
6 5.402340e-007 491.654877 652.954509
7 3.536980e-008 613.569099 426.457247
10 1.933130e-007 568.963301 259.984283
7 3.566460e-008 583.962852 439.948535
10 2.163900e-008 410.054335 433.875557
6 1.768630e-007 598.869450 586.791815
7 8.118930e-008 580.879114 432.143875
10 2.968420e-008 411.828356 415.514277
10 7.000990e-008 549.192889 149.019639
7 9.448820e-008 578.948381 308.423409
6 7.132690e-008 543.956249 550.392424
8 2.903270e-007 569.780533 787.165561
9 1.003460e-007 569.490886 786.003644
6 1.315290e-007 428.186204 589.004965
7 1.179760e-007 557.237342 438.668183
10 1.532450e-007 592.578799 270.445307
7 1.340730e-007 417.603175 252.698093
10 1.044150e-007 454.071265 398.871145
7 1.216540e-007 353.622582 348.014217
10 1.660920e-007 392.789000 342.294599
7 1.122840e-007 491.550757 201.248496
10 1.220120e-007 510.476540 149.530329
7 3.043770e-008 515.972905 166.316113
10 1.675310e-007 524.598468 170.418384
7 3.013160e-008 443.163295 196.185113
6 1.130490e-007 645.749509 516.171602
10 2.225080e-008 747.637197 222.032200
6 9.990750e-008 598.032439 656.014806
9 8.464400e-008 567.824943 720.794699
8 1.174280e-007 566.882157 722.816502
2 4.382130e-008 667.763615 899.629238
9 8.344150e-009 570.091893 963.058084
8 3.737360e-008 568.181627 964.298627
6 4.064650e-009 652.196350 595.322753
9 5.167780e-008 678.316498 561.890380
5 2.281470e-008 918.776577 423.027175
9 6.272650e-008 820.394732 685.822058
5 3.574890e-008 713.157161 714.556271
8 5.394740e-008 722.182929 744.321746
2 3.243520e-008 864.126648 756.715580
5 5.148110e-008 746.539108 592.734885
9 2.949660e-008 686.590721 572.633988
7 6.525080e-008 658.695182 414.430895
9 1.988840e-007 747.781262 724.795435
5 2.479460e-008 747.796235 724.937897
6 6.609190e-008 677.146726 545.619638
5 4.608120e-008 807.378821 643.367035
9 1.667260e-007 797.572105 703.847529
2 2.135010e-008 658.645808 874.106890
8 2.066680e-007 652.422297 877.415985
9 4.812350e-008 774.944633 920.231086
2 2.656550e-007 872.713715 971.243630
8 4.033310e-008 618.018969 938.529730
9 1.131450e-007 684.687562 856.013259
2 5.316640e-008 674.289959 813.127285
6 1.434290e-007 587.639811 675.306975
8 3.062620e-008 576.658257 659.026209
11 4.450140e-008 355.421339 532.156908
6 8.331820e-008 474.104802 495.871728
7 4.175620e-007 540.464995 368.150506
10 1.187620e-007 570.323883 296.502615
7 7.109810e-009 424.922683 156.396683
10 4.808000e-008 431.867799 77.014628
6 8.579070e-008 405.230031 485.877253
7 3.553980e-008 393.448074 492.408119
11 2.477830e-007 179.797078 562.236820
4 1.564810e-007 124.623284 477.730529
6 1.836540e-007 400.255990 634.130598
7 1.492710e-007 476.868300 442.419408
6 2.452610e-007 529.554498 613.331109
7 1.229670e-007 519.268883 460.545262
5 5.339200e-008 816.832850 460.514230
5 4.294440e-008 762.413626 637.613110
9 2.627780e-008 810.940021 585.575159
2 4.242500e-008 713.122906 841.351594
8 2.621890e-007 628.580614 868.927345
9 6.630270e-008 614.746629 870.625993
2 1.498070e-008 787.310607 900.643537
8 3.571390e-007 623.219938 896.657086
9 1.991080e-007 621.738152 811.752056
5 7.837560e-008 874.054504 711.969111
2 3.134120e-007 882.663567 931.663637
9 6.159970e-008 812.331457 738.429038
5 4.588580e-008 806.830767 738.621114
8 3.159570e-008 788.603731 716.481447
5 3.290100e-008 764.199042 597.393404
9 1.835360e-007 744.758939 653.851442
2 1.616170e-007 832.346583 882.913184
8 7.999760e-007 618.869953 816.969712
9 1.737880e-007 622.841337 804.576439
2 2.802440e-008 820.849423 834.776356
5 9.373560e-007 893.437578 622.672854
2 1.010860e-007 882.658499 859.386240
5 3.898790e-008 903.294769 795.344183
9 2.589800e-008 914.562451 875.518294
2 7.281300e-006 806.167980 954.745502
9 4.241250e-007 779.381305 728.492380
8 1.681250e-007 626.681589 769.579912
9 4.764570e-008 738.876876 565.437466
5 5.491210e-008 764.799656 504.367224
6 2.350610e-008 684.978342 570.366816
5 6.194050e-008 827.891678 662.636669
9 6.943860e-008 826.486527 743.124028
6 1.660240e-007 564.865071 657.595241
8 1.508880e-008 480.744435 686.560222
7 1.491390e-007 488.896903 397.098169
10 3.685220e-007 536.423821 326.636484
10 3.451410e-007 520.590617 197.557854
7 9.101110e-008 545.723247 213.053784
10 3.121900e-007 511.675784 330.895285
7 4.743240e-007 523.903919 404.556698
10 1.468370e-007 562.091084 121.365732
10 8.893570e-008 488.260702 93.903561
7 6.145370e-008 381.055216 226.352175
10 4.397260e-008 355.287662 207.330243
7 1.584880e-007 534.186871 234.743845
10 3.342040e-007 467.057199 179.472818
10 5.007200e-008 512.828810 166.598151
10 6.048110e-008 374.737144 139.077650
7 5.555800e-008 507.655627 199.808620
10 4.935110e-007 505.481733 203.730405
6 1.160870e-007 549.463626 490.090198
7 1.216140e-007 414.824509 398.120970
10 2.350470e-007 482.898028 364.919104
6 3.001710e-008 503.818078 486.094285
9 1.024580e-007 616.888510 675.907235
8 3.559750e-008 619.236391 675.948218
6 4.983890e-008 667.197818 701.685653
6 3.131170e-008 398.283139 492.532370
7 2.452540e-008 459.952482 506.770022
5 1.609210e-008 742.354384 600.628000
9 1.805650e-008 641.694659 600.628000
6 7.962090e-008 655.695259 590.882224
6 1.554400e-007 416.407271 543.016574
7 1.151370e-007 601.948865 444.787443
6 1.145410e-007 611.689142 556.123050
5 8.534230e-009 717.943735 516.320283
9 6.353660e-008 630.656501 636.051709
8 9.598090e-008 643.597074 717.753148
6 3.804100e-008 650.484518 761.237625
10 1.066070e-008 647.541760 340.682686
7 1.881600e-008 648.042629 346.407528
6 6.385750e-008 597.817123 590.920156
9 9.224940e-008 519.490041 723.953629
8 5.585300e-008 475.501220 789.170097
5 6.934660e-009 779.416245 754.719519
9 8.925090e-008 774.584797 779.575102
2 6.403000e-008 723.784299 879.073285
8 6.205890e-008 701.840752 874.409025
9 9.162190e-007 711.680698 794.392074
8 1.641470e-007 652.124221 892.035188
6 2.750620e-008 630.501211 565.732206
5 3.253190e-008 778.657914 546.991149
6 1.156980e-007 607.754953 597.431483
8 8.583130e-008 595.759382 678.038823
9 2.000380e-007 636.097870 684.427854
6 3.780860e-008 639.263794 619.540222
9 6.311700e-008 688.418207 540.628252
6 1.557790e-008 679.486659 469.354139
5 1.684050e-007 844.601058 574.418075
9 5.045000e-008 679.083733 617.621504
6 2.947340e-008 689.649412 581.850429
9 1.622290e-008 771.519763 562.949200
5 5.934840e-008 832.930317 569.859409
8 3.352710e-008 687.994011 800.447584
9 1.144360e-007 695.282664 869.794480
2 7.804450e-008 710.446136 940.515816
2 2.530660e-008 892.764807 820.577509
9 6.280860e-008 820.141009 677.270883
5 7.706660e-008 798.646493 640.041417
6 5.908270e-008 588.692149 617.390186
5 2.427430e-007 851.879362 610.565206
9 4.254300e-007 746.723251 740.419346
8 1.021920e-007 613.105011 767.553450
6 3.465870e-007 478.538251 680.383866
9 1.485010e-007 663.404698 623.475866
5 1.297490e-008 657.506419 565.248921
6 1.207640e-007 597.215488 626.862588
8 7.453750e-008 527.591279 738.285480
9 3.413080e-008 498.991565 782.860019
7 1.260940e-008 681.047776 262.769293
6 1.975220e-007 614.472002 655.144585
9 8.093830e-008 613.786909 694.396676
8 1.037130e-007 613.090960 734.270721
9 1.608760e-007 570.682351 738.398884
8 1.612240e-007 535.247457 754.922346
6 5.907120e-008 494.827088 765.075112
6 7.348960e-008 541.571074 464.428686
7 1.542990e-007 516.770800 426.183354
10 5.023580e-008 397.125892 340.827605
7 1.296220e-007 395.487102 386.644802
10 7.010410e-007 490.232867 269.643256
7 9.225450e-008 405.203962 184.092879
10 5.641320e-007 513.037368 268.342493
4 6.715980e-008 109.449241 240.768394
4 1.093490e-007 95.970271 315.762549
4 8.828030e-008 131.763617 293.319125
4 3.618080e-008 175.677920 232.289486
4 7.243770e-008 180.696022 277.349947
7 1.412870e-007 401.507989 326.133359
10 7.016920e-007 466.190246 295.971448
4 1.422790e-007 114.507145 314.496010
4 4.231510e-008 171.152480 224.292078
7 1.692620e-007 387.268456 356.761472
10 3.102330e-008 381.409863 436.801757
6 6.138040e-008 336.222289 561.464588
11 5.497570e-008 304.729654 593.221858
6 3.661370e-008 431.530630 458.069569
7 6.969390e-008 501.544615 462.392602
5 1.060510e-008 837.840096 519.595708
9 6.436680e-008 799.240204 661.434737
5 1.299610e-007 769.027743 534.275440
9 4.740320e-008 737.770780 544.385911
7 1.649730e-007 534.441576 433.523895
6 5.899850e-008 534.514866 431.425045
10 8.163680e-008 538.680879 285.029049
10 7.742390e-008 533.758060 89.617600
7 6.938280e-008 499.400910 254.604087
10 8.859640e-007 470.526484 195.747178
10 5.187060e-008 542.741447 62.883017
7 1.430240e-007 573.332613 272.559970
10 4.163460e-008 564.882382 408.830819
7 1.969800e-007 446.424620 280.854596
10 8.237060e-008 392.832523 255.415124
7 1.604440e-008 513.800421 170.712561
10 2.389360e-007 572.586507 251.586510
7 1.029950e-007 582.447861 313.847996
9 3.132350e-007 764.674243 708.137653
5 1.693650e-007 856.184934 599.355476
7 2.364590e-007 508.484836 443.445875
10 3.231740e-006 485.075077 252.785119
10 8.865910e-008 473.641827 175.519729
7 1.774800e-007 409.738878 319.265755
6 1.974960e-007 417.205464 580.454153
3 3.739290e-008 286.884007 936.763417
3 4.504300e-008 227.010682 897.587336
3 1.302290e-007 289.805004 824.010797
6 3.672860e-008 313.446353 735.247942
11 5.861010e-008 291.527238 745.904216
6 5.661260e-008 450.087780 496.702789
7 3.873890e-008 473.319265 564.172262
8 7.803170e-008 640.968291 681.985270
9 5.509240e-008 648.675072 683.344167
6 1.035440e-006 507.860820 592.170566
7 1.882470e-008 377.569375 471.289633
6 1.214670e-007 614.419754 574.845761
9 6.817880e-008 664.105757 608.008716
2 1.173320e-007 751.707681 917.685928
8 8.620140e-007 567.888191 878.221440
9 3.563820e-008 572.699511 881.280024
2 5.643480e-008 824.065339 873.395499
5 6.432220e-008 800.465502 669.844658
9 7.290570e-008 785.264841 642.421955
8 1.319230e-007 656.540132 773.883876
6 7.078810e-008 561.643425 748.747635
9 2.119930e-008 594.099009 854.905056
8 1.757150e-008 698.740794 689.198349
7 3.456080e-008 587.060897 421.132387
10 1.108900e-007 584.502482 266.640826
7 9.212840e-009 524.860511 160.688176
10 1.485570e-008 677.489405 97.812585
10 2.082000e-007 559.270509 244.962549
7 1.191960e-007 561.053027 199.241826
10 1.073330e-007 328.049600 306.284623
7 1.597900e-007 407.939501 212.424647
10 3.074930e-007 543.668118 304.711592
7 3.444230e-006 503.055078 329.903622
6 9.473140e-008 432.219448 543.207177
10 2.426450e-007 454.643009 344.875545
7 1.775150e-006 469.082030 338.142471
10 1.971460e-007 443.162264 221.968963
7 1.490390e-007 438.680337 237.599355
6 1.989760e-007 388.082925 636.675851
3 1.270960e-007 260.964090 824.028194
3 7.111480e-008 216.749322 912.795763
11 1.359120e-007 220.028861 792.344326
3 1.085760e-008 353.999000 772.270725
11 5.335300e-008 237.923948 779.402931
3 1.337040e-007 86.220554 874.197891
11 5.407950e-008 289.203618 721.026348
8 8.197740e-008 435.438715 863.549537
6 9.056960e-008 404.452009 704.136401
3 1.227440e-007 206.103823 753.065761
11 6.041160e-008 208.550235 764.575453
3 2.688080e-006 219.060244 848.903912
8 2.533330e-008 417.062220 738.731687
6 1.409230e-007 408.160215 654.034690
3 9.743940e-008 213.992017 747.782557
11 3.887160e-007 162.817373 698.363733
3 1.276360e-008 255.220881 960.650380
8 6.939740e-008 437.496449 852.146907
6 3.064150e-008 351.438995 714.426142
3 8.942910e-008 312.732522 865.591174
11 4.731830e-008 56.550141 736.310603
3 1.224990e-007 134.673178 832.784825
11 4.957710e-008 88.280608 862.367836
3 6.530950e-008 191.922826 927.674277
11 1.802930e-008 42.623890 855.228274
3 9.512680e-008 94.600985 900.411350
3 2.325210e-007 208.727822 889.054985
3 1.713550e-006 210.727704 831.933181
11 6.583950e-008 171.884907 764.655245
6 5.029990e-008 356.145683 742.298079
11 1.027880e-008 286.698126 807.059406
3 1.103290e-007 283.900224 809.668509
6 1.425930e-006 457.567756 603.463331
7 2.283510e-007 527.398560 411.985132
10 6.688260e-008 508.871991 327.496234
7 3.899710e-007 528.921996 388.992584
6 3.505500e-008 406.542462 420.910533
10 2.555350e-008 333.123935 339.315870
7 1.155610e-004 489.859982 338.559578
6 1.598400e-007 492.580068 512.050211
8 1.521580e-007 455.365968 788.058980
6 1.195120e-006 498.993802 629.572721
6 8.346370e-007 457.816131 578.083844
7 1.697770e-008 376.227399 393.677817
10 1.590140e-007 402.154429 318.379532
7 8.973520e-008 477.977688 218.785747
10 5.842450e-008 439.174270 161.429357
7 3.865930e-007 511.131552 286.847934
10 5.873090e-007 503.148716 281.463441
7 8.260020e-008 598.856954 506.891394
6 9.503040e-008 629.222173 540.593707
9 2.261650e-007 703.713612 646.050616
8 8.821900e-008 471.811415 755.573872
6 6.408410e-009 475.229583 779.401928
9 2.176960e-007 606.966656 749.445690
6 9.837070e-008 569.883938 717.644595
8 3.394030e-007 520.696809 785.345007
9 1.487420e-007 663.606599 834.519017
5 2.380890e-007 832.747820 610.313474
9 7.016060e-008 821.430053 783.401763
2 1.329050e-007 774.353783 827.506737
8 1.503400e-007 681.629099 864.969896
9 4.483480e-008 752.868961 573.134364
5 7.119820e-008 752.872287 572.943868
2 6.233770e-008 792.585191 823.097712
9 9.670880e-008 762.308456 819.380155
8 4.068480e-008 727.102328 852.621340
9 1.466100e-007 760.292659 828.034425
2 1.269610e-007 737.584359 944.857062
8 1.148270e-007 657.311755 794.281295
5 6.153990e-008 815.543069 667.189656
9 1.998410e-007 795.454799 703.429938
8 8.459540e-008 615.700824 750.529243
6 4.981480e-008 564.727340 695.489056
7 6.575700e-008 398.233583 527.517488
6 2.819310e-007 519.565369 568.813699
10 5.401100e-008 484.165349 396.794976
7 1.696040e-007 456.862283 413.200257
6 1.389810e-007 402.177263 604.024026
7 1.920980e-007 473.887932 386.575150
10 2.502560e-007 472.673502 316.982943
10 6.422740e-008 436.453032 97.824521
7 4.716670e-008 350.492290 346.990377
10 6.393870e-007 455.691903 254.986555
7 3.171490e-007 462.790934 286.826747
10 2.792110e-007 538.699943 168.839490
10 2.280370e-007 552.090711 206.832180
7 1.222360e-007 474.470700 235.083460
10 9.111880e-008 383.595275 178.545409
7 7.478950e-008 557.719455 275.439427
10 5.158220e-008 544.392931 446.017457
6 3.336610e-007 583.797399 580.433878
8 6.588720e-008 675.080744 710.482542
9 1.726110e-006 690.723331 720.641075
2 2.572360e-008 730.715272 828.984294
6 2.059200e-008 663.514308 653.220379
8 4.271790e-008 673.059350 652.048412
9 8.621860e-008 676.025869 651.684174
