6 4.617400e-008 699.106792 467.866701
3 1.458010e-007 708.758456 294.683607
6 1.325560e-007 777.464054 364.306226
3 2.498910e-007 783.955335 275.318861
6 1.437340e-007 677.362774 472.507914
9 4.896020e-008 588.566037 603.132230
7 8.284340e-008 449.187547 416.494694
10 1.080760e-007 433.830129 344.243947
3 9.559330e-008 744.270746 85.491486
7 8.497840e-008 564.611156 248.697861
10 2.372200e-008 564.934081 254.859536
6 5.771940e-008 596.334742 402.473738
3 8.671270e-007 770.167110 240.086680
6 1.954590e-008 831.484687 242.663826
6 1.172100e-008 833.085672 502.081735
9 1.261910e-006 646.299727 764.852223
11 2.411310e-007 644.851410 835.337992
4 2.062850e-007 752.003457 957.428480
11 1.673080e-006 689.357167 855.385290
9 1.344340e-007 677.802616 809.043031
7 4.308460e-008 458.818174 477.830538
9 4.055820e-008 689.081421 579.789370
7 1.394150e-006 472.501939 331.882640
10 1.320430e-007 472.996224 330.912553
6 1.267550e-007 593.711311 450.325223
9 1.102090e-007 507.153029 624.409691
7 9.111460e-007 468.640235 351.286541
10 5.374280e-009 499.247756 275.529684
7 3.751590e-007 414.178692 216.456062
10 2.153690e-007 470.482827 156.077301
7 1.590820e-007 540.073583 398.635958
10 1.579780e-007 399.477983 317.462715
7 2.332400e-007 353.308191 315.081779
10 8.766600e-008 272.068714 223.578436
2 1.631560e-007 140.745269 182.529063
2 1.657500e-008 190.255218 196.889178
2 1.023760e-007 102.277122 68.169086
2 1.108700e-007 181.749891 208.270037
2 2.351650e-008 64.705150 210.282250
2 1.195640e-007 242.506832 155.161157
2 4.988740e-007 157.659460 101.077125
2 1.123930e-006 197.970444 115.948883
7 1.300040e-007 336.980742 338.807260
10 6.364960e-009 337.058239 339.915495
5 1.200700e-007 194.958678 590.758824
5 7.182420e-008 190.297533 542.794088
8 3.336790e-008 200.848027 677.149414
5 4.650010e-008 205.062525 689.947404
8 8.499380e-007 195.495930 792.107734
5 9.452530e-008 65.919799 711.903096
8 2.682640e-008 304.594930 726.670640
5 4.088910e-007 131.696072 675.632306
8 2.794360e-006 199.779977 818.765075
5 4.984290e-008 96.312396 794.265570
8 1.235060e-007 245.267204 749.917248
8 6.849270e-008 243.282557 981.880745
5 4.420200e-008 142.329440 785.260766
8 1.324170e-007 108.354206 873.769173
8 3.895880e-008 236.525539 917.838577
8 6.714340e-007 184.009743 857.228094
8 4.673730e-008 173.089064 960.750700
8 1.983650e-007 257.788608 869.496754
8 1.018230e-007 229.778893 876.964739
8 2.917280e-008 49.228463 902.198402
8 4.110420e-006 166.233645 821.721232
5 3.360260e-007 124.963808 628.256294
8 4.013470e-008 131.422870 689.228720
5 4.318680e-008 103.568270 734.508225
8 2.722800e-007 221.808005 855.288414
8 1.160290e-008 368.462970 880.733995
5 6.483960e-008 164.325305 548.304563
5 5.056700e-008 291.928221 592.604838
9 1.357130e-007 580.581514 647.557003
6 6.144430e-008 597.088121 309.673751
7 1.393990e-007 594.410692 241.969617
3 3.663550e-008 585.956331 322.409258
9 6.971800e-008 755.591686 650.140927
9 8.682500e-008 724.944666 718.093319
11 2.249470e-008 742.035737 658.488787
11 1.177040e-007 802.204227 779.565436
6 6.607550e-008 750.175691 501.305337
9 9.321780e-008 617.002904 619.437952
9 4.392900e-007 548.703866 713.509050
9 1.440450e-007 508.442464 706.338977
11 5.990310e-008 754.060264 774.369062
9 1.385260e-007 717.852358 694.636520
5 2.370010e-008 130.531683 441.768930
8 4.474780e-008 317.415857 886.912392
5 2.874530e-008 253.373823 748.730344
8 6.960940e-009 338.653078 715.994894
5 1.213670e-007 182.153056 674.316962
8 4.641320e-008 182.346937 679.868903
5 3.436460e-008 55.428709 827.747613
8 3.264830e-008 57.399633 822.613183
9 1.675030e-007 622.715326 630.380774
11 4.640710e-008 766.280548 765.311445
9 2.423490e-007 641.390432 674.046261
11 4.226700e-008 794.936761 927.177449
4 1.830290e-007 792.499028 928.366410
9 1.058010e-007 670.603671 798.091306
11 5.358760e-008 813.683700 815.987606
4 3.052390e-008 811.683078 813.915896
11 1.293290e-007 741.662812 801.478324
9 1.430380e-007 731.537392 819.743862
4 9.798730e-008 668.337384 929.209444
11 5.595590e-008 620.217022 828.482669
9 4.815330e-007 641.992764 822.238512
9 2.958710e-007 563.053444 819.784827
11 1.447630e-008 591.741010 694.351975
9 1.750620e-007 518.555295 700.775741
6 6.888950e-008 776.918114 463.965682
9 5.225360e-007 653.737522 771.731927
11 4.109130e-008 650.316238 774.404932
4 4.190240e-008 809.923810 862.692295
11 1.140430e-008 837.946585 860.240574
9 2.252950e-007 706.197884 789.260458
11 8.044140e-008 694.418771 762.694856
9 7.291250e-008 845.912170 749.250144
4 9.583560e-008 924.013523 909.467513
11 1.719410e-007 766.938418 901.211148
4 1.827680e-008 782.815487 896.863190
9 9.958550e-008 747.685850 768.604210
11 7.353490e-008 752.583200 728.717367
7 7.362110e-007 477.348297 339.353312
10 8.842250e-008 510.424045 268.421946
7 2.623080e-008 481.527247 110.431371
3 2.349050e-007 682.294112 166.077887
10 8.144050e-008 499.326894 194.490296
7 7.059190e-007 511.934415 284.196252
2 7.588230e-008 251.459860 205.474024
10 8.993400e-008 306.443211 254.981218
7 1.803000e-007 372.374989 314.346412
6 5.794750e-008 580.006622 291.406471
10 4.675540e-008 483.003107 93.877567
7 1.610960e-006 476.181986 271.812228
10 3.728710e-007 465.468780 276.582063
10 5.263570e-008 489.627555 338.414504
7 4.640250e-007 485.675866 337.999162
3 2.925510e-008 634.968109 123.491805
10 4.312900e-007 452.766153 198.682869
7 2.428590e-007 451.378837 202.494515
10 1.422450e-008 433.527046 62.915093
7 1.496740e-007 537.386724 195.849956
6 6.586790e-008 543.679089 369.232475
10 1.217550e-007 344.079762 336.677795
2 1.547260e-007 126.903919 123.168397
10 7.260590e-008 286.540702 214.531497
2 7.140000e-008 236.965243 232.610909
2 5.188590e-008 92.770298 160.808738
2 4.341020e-008 39.240813 158.550531
2 1.058940e-007 276.817519 127.149149
10 6.235990e-008 270.686066 253.477445
2 1.493520e-007 238.187945 193.539160
2 5.302210e-008 209.431062 237.515601
10 6.447710e-008 242.929877 198.964207
7 8.504290e-008 309.830079 351.816597
10 9.867910e-007 462.128545 257.654225
7 6.343700e-008 495.552247 144.476518
3 1.124890e-008 635.738060 97.416901
10 1.114550e-008 623.767006 214.828801
6 3.132960e-008 588.821497 151.785726
2 5.916380e-008 340.203074 220.404858
7 9.899900e-008 335.635934 307.555363
10 2.901480e-008 334.753545 324.393181
7 1.048920e-007 376.425603 245.257016
10 1.834650e-006 381.969875 229.155236
7 3.430620e-006 450.928227 325.699623
10 1.083620e-007 435.368686 330.161195
9 3.559410e-007 573.721947 698.653344
11 6.127230e-008 645.916703 817.525460
4 6.424770e-008 764.800950 882.715444
9 6.338730e-008 719.582939 599.897472
6 1.669000e-007 737.534463 464.522465
3 8.701940e-008 813.699828 302.898077
6 5.475270e-008 836.707164 399.523606
9 2.031890e-007 712.736657 773.040946
11 1.396790e-007 686.295439 786.463536
6 9.125600e-008 666.787717 446.079995
3 2.169060e-006 739.911804 220.887809
6 5.926490e-008 761.015304 270.893453
3 4.132130e-008 805.481159 368.003356
6 5.153880e-009 526.069635 487.427076
9 1.111520e-007 649.539253 586.674706
6 2.821980e-007 734.199488 378.173175
3 3.034640e-007 827.927900 233.843946
6 1.262350e-007 764.672659 227.812136
3 4.415930e-008 731.399797 341.017588
6 9.312980e-008 796.887651 385.869141
3 1.767720e-007 728.506950 250.001272
6 2.865800e-007 783.137978 313.425281
3 7.561430e-008 868.977482 278.707631
6 8.028210e-008 775.603483 271.324733
3 4.541090e-008 731.749194 447.157851
6 3.677410e-007 691.515778 260.750443
3 3.885180e-008 815.861000 302.695045
6 4.486100e-008 774.780448 242.812629
3 6.639070e-008 741.493110 310.573351
6 3.528740e-008 853.350588 324.251416
3 1.339170e-007 768.536112 333.291169
6 1.779600e-006 684.014327 348.759601
5 4.532650e-008 170.348328 528.135454
5 8.360330e-008 127.326872 491.966944
5 2.893450e-008 171.737641 419.153789
5 3.402080e-008 81.681513 508.105856
5 6.122530e-008 145.801067 493.209382
5 1.318050e-007 184.031903 578.873072
7 8.974880e-008 445.350406 505.290427
9 4.416770e-008 678.878413 587.767278
6 1.006160e-006 686.005682 422.446665
3 1.233320e-007 799.285001 326.998235
6 9.346370e-008 818.886400 293.970005
3 1.084310e-007 778.065892 335.635797
6 7.037910e-008 863.257499 298.685199
3 1.457980e-007 856.655649 284.635257
6 1.222420e-007 776.681269 282.533967
6 4.162860e-008 682.497337 544.812759
6 5.042000e-008 603.003061 520.392401
7 1.077300e-007 535.426866 396.562528
10 8.319290e-008 492.900398 382.655689
7 1.265120e-007 411.419166 415.811478
10 8.597680e-008 372.890532 385.181430
9 1.770790e-007 523.618697 634.576182
8 2.374510e-007 239.495680 874.051481
8 7.519240e-008 89.891373 710.324397
5 1.695320e-007 107.965581 695.377034
8 4.069640e-007 133.033979 862.253737
8 4.865110e-008 247.795377 805.005491
5 4.830380e-007 114.520265 648.058791
8 4.686030e-008 309.124512 811.608056
5 9.293110e-008 137.869612 732.876643
8 1.170500e-007 105.537194 857.073478
8 1.895850e-007 211.194420 841.435673
8 1.065220e-007 277.800658 777.020901
5 2.822950e-007 141.614746 664.945915
8 2.389800e-008 105.583698 810.856741
5 3.965560e-008 83.680288 742.086815
8 4.293170e-008 254.359554 745.901586
5 3.693700e-007 84.591052 674.479551
8 2.560510e-008 26.446900 652.719094
5 5.910500e-008 60.453905 848.775510
8 1.892140e-008 56.822326 952.769653
8 5.239410e-008 211.488985 885.354962
5 2.368640e-008 217.100070 662.294693
8 8.292840e-008 255.986805 738.457339
8 7.328970e-008 188.749412 917.500288
8 6.889880e-008 226.031172 920.362120
8 4.607390e-008 247.424629 788.818422
8 9.970350e-008 207.330700 917.638366
8 3.384080e-007 207.598330 757.244392
5 4.371280e-008 87.395713 720.494853
6 4.043630e-008 551.480471 541.096052
9 8.028990e-008 537.012917 647.261974
9 6.097190e-008 698.020224 556.835299
6 5.166430e-008 634.412588 522.019549
8 7.503710e-008 270.918163 881.516880
8 8.060310e-008 265.795007 767.144996
8 1.492250e-008 199.503855 981.871707
8 8.668870e-008 71.431005 806.483400
5 2.057960e-007 6.945498 674.268992
8 8.366470e-008 190.537502 919.997380
8 5.697010e-008 29.584678 830.521934
8 4.238250e-008 310.585256 791.265752
8 1.555270e-007 261.803118 724.337427
5 4.602670e-008 173.224276 772.424194
8 2.378580e-007 265.748628 813.175714
8 1.169780e-007 114.742881 765.579702
5 7.840850e-008 49.475842 749.306944
8 1.630620e-007 204.589447 700.766375
5 2.528380e-008 274.306224 706.865869
8 5.191840e-008 47.936705 805.955231
8 9.946480e-008 231.373976 741.495432
5 2.224110e-008 182.548532 846.488698
8 7.823500e-008 35.183097 867.954201
8 1.743170e-007 251.506465 812.679137
8 1.053720e-007 213.527531 875.888983
5 4.225090e-008 168.401587 810.625729
8 1.119850e-008 316.042336 769.128324
5 1.102220e-007 192.443346 687.121654
8 3.085120e-008 194.473999 681.831591
8 2.256850e-008 320.647398 958.773333
8 4.211480e-008 310.885410 895.626538
5 2.915400e-008 181.412400 750.398342
8 5.472320e-007 171.679116 867.798265
8 9.281160e-007 159.173429 825.404279
8 6.019920e-008 284.276991 815.047590
8 6.805390e-008 258.698174 894.154655
8 3.083530e-007 222.818537 839.805919
5 2.253290e-007 61.786394 680.992960
8 1.495480e-007 249.910356 842.421245
7 9.022270e-008 433.013380 401.152041
10 1.056160e-007 380.095997 340.277466
2 1.289910e-007 244.939230 121.694830
2 2.198140e-007 212.399851 143.918425
10 4.886060e-008 226.331517 182.554203
2 2.048920e-007 207.227307 172.980321
10 2.888750e-008 228.121256 87.166729
2 1.288840e-006 171.839742 63.074713
2 3.125840e-007 193.150019 117.902571
7 4.900780e-007 378.264812 368.023054
10 9.614330e-008 379.587344 361.801105
10 3.198890e-008 431.119480 75.423546
7 1.177590e-007 521.286629 206.689514
10 8.404770e-008 529.055844 215.318143
6 8.983200e-009 485.522204 309.325674
10 3.319170e-007 472.776047 270.097426
7 3.739860e-006 471.471420 266.082238
10 9.719380e-008 468.156184 277.499741
7 3.684640e-006 468.364141 281.467763
10 1.293710e-007 381.564985 151.962013
7 1.810720e-008 378.568134 154.756621
10 5.816540e-008 365.117759 357.788236
7 2.196480e-007 361.030092 358.074086
9 9.588560e-008 691.018181 704.735549
11 1.334170e-008 561.063191 794.502941
9 7.626300e-008 727.187773 606.512758
9 1.795260e-007 702.138333 769.482354
11 1.521160e-007 774.538195 816.499219
4 2.556780e-008 741.261863 818.077477
11 8.777450e-008 646.743738 791.509512
9 2.747770e-007 645.936584 790.965080
4 1.740920e-008 715.686854 847.050859
9 1.937710e-007 666.782766 683.890264
9 1.654610e-007 542.196753 715.075239
9 1.752070e-007 669.830613 653.125468
11 1.003450e-007 727.729746 790.034797
9 1.319370e-007 724.229795 840.085821
4 1.231400e-007 756.385155 927.645361
11 3.205890e-007 685.408835 943.113189
9 3.469260e-008 523.169679 906.769237
11 6.945710e-009 508.189907 888.092176
9 7.083890e-007 650.968772 738.102893
11 6.685350e-008 749.220351 802.757763
4 6.594910e-008 733.323195 793.205781
9 7.687720e-008 649.366029 742.759187
11 8.695070e-007 727.268239 858.885581
4 1.309470e-008 728.457225 856.447799
9 1.037390e-007 770.106309 771.054488
9 6.617200e-008 758.886837 624.136794
6 5.166960e-008 759.813155 498.258021
11 2.216180e-007 701.389819 819.019052
9 1.056690e-007 735.855796 830.454235
4 3.454440e-008 815.010765 856.173369
9 8.613940e-008 717.883125 611.434260
6 1.642480e-008 586.467650 463.996475
7 3.359640e-007 495.759730 360.843127
10 2.870410e-007 442.318311 299.365796
7 1.132930e-007 550.096427 180.324282
10 1.216800e-007 439.407246 169.816257
7 4.925510e-008 489.751576 409.847878
10 2.017830e-007 478.777817 236.907615
7 1.113830e-007 412.073497 177.083923
10 4.022880e-008 551.962511 365.667986
6 2.308100e-008 548.825337 425.525803
9 4.333340e-007 628.316111 658.739108
9 1.320090e-007 588.887246 653.525426
11 7.198990e-008 644.901509 914.649771
9 8.642970e-008 635.156072 828.929877
11 3.848550e-008 801.386043 768.648367
9 1.973730e-007 692.890205 735.178064
6 4.188490e-008 616.301309 431.023332
7 6.977560e-008 602.295778 300.278343
10 8.609370e-008 347.265010 349.198714
2 5.052440e-008 204.279887 162.372107
2 2.460460e-007 245.831299 142.318283
10 9.111780e-008 274.099464 280.710677
2 3.245470e-008 245.812753 217.810974
10 2.449680e-008 201.195935 166.314290
2 1.455020e-007 87.437409 123.082699
2 2.851870e-008 257.162149 275.437551
10 8.907190e-008 313.296678 325.981212
7 9.861560e-008 373.301682 380.009858
10 6.444870e-008 384.217957 336.740099
7 8.227910e-008 316.499683 292.763483
2 3.785300e-008 88.122914 168.244679
10 1.829980e-008 317.790313 349.650155
7 1.831370e-007 399.371844 400.628105
9 9.140720e-008 477.301105 750.915943
9 9.549930e-008 543.274036 590.483209
7 1.979460e-007 512.179741 359.117327
10 1.145960e-007 460.122143 321.491117
7 1.440600e-007 574.427381 257.584303
6 4.808760e-008 521.429866 353.518065
10 4.045180e-008 444.264470 403.629546
9 3.579100e-007 580.908709 685.096145
11 9.473600e-008 717.102921 787.725763
4 9.834210e-008 814.837349 888.050777
11 5.742150e-008 844.198221 797.686512
9 8.095740e-007 631.353898 778.235801
5 1.319650e-007 151.580518 556.764949
9 4.008480e-008 539.402261 572.739079
7 1.594660e-007 541.263302 348.786960
10 2.009020e-007 499.033613 253.723812
7 5.876840e-007 495.591109 214.247472
10 1.885400e-008 551.222917 143.042165
7 1.772170e-007 396.577613 241.919977
10 2.085790e-006 391.796600 264.412818
6 9.082310e-008 816.652227 472.268769
9 4.257810e-008 688.779049 577.716536
8 1.188960e-007 285.512226 790.943969
8 1.578030e-008 220.564650 636.751987
5 3.881140e-008 231.676331 680.899172
8 6.308090e-007 147.059969 759.830617
5 4.832280e-008 195.513574 724.143522
8 7.706160e-008 200.220696 691.486268
5 1.268220e-007 178.250893 657.449324
9 2.619250e-007 537.739084 723.557784
9 5.327920e-008 690.163226 639.705979
6 8.461420e-008 815.009193 441.097622
11 1.009210e-007 792.524500 819.627148
9 5.416860e-008 794.204672 835.612905
11 1.989850e-008 526.430842 959.465383
9 7.976380e-008 714.693078 840.463082
11 1.354830e-007 766.191788 840.694993
4 1.153360e-007 783.681847 862.263400
9 2.269790e-007 624.364942 663.194422
11 3.194910e-008 759.085218 753.842811
6 4.473240e-008 764.920025 492.273519
9 9.283290e-008 518.023025 645.214317
11 2.638340e-008 596.466183 792.745464
9 6.224940e-008 742.226308 670.280139
11 1.484550e-007 780.088955 822.137642
4 5.361640e-008 675.096370 874.043473
9 5.663900e-007 557.286251 701.015399
11 8.711340e-008 701.817983 808.541585
9 1.490600e-007 723.431720 697.633087
6 4.253680e-008 841.130874 429.611771
9 9.271540e-007 591.766131 717.197742
11 4.648500e-008 739.358312 776.366830
9 3.035060e-008 735.781952 578.207331
6 8.191060e-009 772.943204 651.951421
9 3.799050e-008 780.579958 858.093174
11 3.666580e-007 782.107041 872.622040
4 1.338820e-007 788.916000 937.403336
9 2.554640e-007 536.857923 733.076640
9 5.331430e-008 542.937233 542.843688
7 1.410880e-007 540.112000 404.187568
9 2.378490e-007 594.332373 813.379386
11 1.926710e-006 711.395007 860.675893
4 4.895030e-008 885.036545 843.963173
11 2.766840e-008 861.539386 756.269792
6 4.325370e-008 755.505332 577.744565
9 8.565990e-008 734.237721 677.001364
9 1.756190e-007 465.504633 687.346230
6 6.299820e-008 646.796629 469.315071
9 4.309490e-008 776.327156 712.519410
11 1.495760e-008 829.374030 717.203621
9 2.741640e-008 544.394674 523.987661
7 1.770690e-007 540.687083 378.745290
10 2.497530e-008 541.609832 378.049950
6 2.298860e-007 621.432871 317.899161
7 3.529990e-008 597.303813 435.031377
6 1.714780e-008 580.375285 514.674673
9 6.346340e-007 558.156747 756.765242
11 1.315820e-007 720.467129 761.252000
4 1.491900e-007 725.413383 960.867868
11 8.156670e-008 846.987372 791.840611
9 1.611390e-007 645.693522 686.164516
11 9.477330e-008 611.814408 842.544713
9 1.475840e-007 557.420974 857.077272
11 4.574020e-007 726.941049 817.940597
9 2.312870e-007 671.409174 744.546886
6 8.642670e-008 695.980426 435.645573
3 2.579300e-007 829.184955 238.937313
6 1.649240e-007 701.279214 265.482109
3 4.975430e-008 712.315739 343.056304
6 8.092170e-007 719.268688 305.845267
3 3.292070e-008 715.401756 435.689416
9 4.862040e-008 817.173759 630.358508
11 3.725730e-008 775.012160 781.711775
4 3.182860e-007 844.631459 912.388944
11 8.303990e-008 599.386970 839.065353
9 7.529370e-008 598.679465 838.382122
10 2.645910e-007 412.892993 321.135414
7 6.602380e-007 413.103098 317.126040
7 5.154520e-008 537.097933 491.439039
9 1.285950e-007 584.068855 635.977070
11 5.343600e-008 671.504240 781.890628
9 2.965170e-008 755.141126 637.027060
6 6.613160e-008 722.916657 488.429006
9 1.889430e-008 726.399922 637.124805
7 5.149660e-007 451.539313 370.912895
10 2.800320e-008 443.896305 443.630897
9 3.103610e-008 576.852133 630.591201
11 1.062310e-007 569.334645 855.092805
9 1.453720e-007 703.205852 703.195240
9 5.486740e-008 596.552229 845.734271
11 2.940010e-007 657.140728 879.318964
11 8.116220e-008 699.362833 771.727459
9 1.609900e-007 699.079389 787.966162
4 2.248980e-008 819.946671 960.257663
11 8.599370e-008 756.803009 826.023788
9 1.017990e-007 684.833052 653.901052
11 2.220700e-007 765.262999 872.257619
4 1.293200e-007 768.809724 939.934897
9 9.404220e-008 701.985953 881.613249
11 1.662520e-008 555.195168 898.370749
9 1.222730e-007 529.798557 820.754072
9 8.527590e-007 626.987413 697.430982
11 1.305400e-007 616.593917 907.814833
4 4.175080e-008 738.470386 830.131684
9 3.983750e-008 697.782462 812.016374
6 5.036360e-008 800.419389 550.380029
11 1.921640e-007 768.574098 849.771467
4 6.434230e-008 760.613273 850.049480
9 3.753010e-007 631.875472 804.607907
11 1.097390e-007 670.896991 986.961137
4 1.087510e-006 838.523891 954.377520
9 5.017940e-008 653.419614 859.493282
11 2.136090e-008 533.765428 987.806647
9 2.423400e-008 600.256157 943.971477
11 7.027960e-008 612.807000 791.617805
11 6.499490e-008 761.028546 786.550782
9 3.240840e-007 659.310296 757.992031
7 5.949610e-008 501.097459 471.403672
9 6.093240e-008 568.727865 535.684742
6 1.802410e-008 615.253627 508.851898
11 1.069680e-007 626.823379 823.413134
9 2.239300e-007 622.584107 783.082252
7 1.863010e-007 496.609482 391.070439
10 1.338240e-006 445.181724 241.714431
7 3.113660e-007 407.881426 220.198828
10 8.394780e-008 360.378317 335.349585
8 1.105610e-007 197.849171 737.204652
5 8.345200e-008 115.410563 762.408715
8 7.927400e-008 253.707768 781.088779
8 5.606940e-008 325.082739 752.584867
5 3.310990e-008 220.953786 781.877306
8 9.111370e-008 285.699850 762.653330
8 5.804610e-007 234.909966 862.823947
5 2.216130e-008 226.247492 736.914440
7 5.312730e-008 515.479905 413.921320
10 1.463340e-007 378.514554 337.832692
7 2.052380e-007 453.597845 362.729630
10 8.321890e-008 359.504770 359.338000
7 1.622300e-007 353.408636 397.171740
10 2.040920e-007 329.435520 280.172152
2 2.455900e-007 269.691935 118.254656
2 1.677510e-008 173.485126 226.394813
10 1.446450e-007 344.732038 300.316940
7 7.727880e-007 400.883357 251.545694
2 1.163210e-008 351.491956 144.149117
10 6.493370e-007 412.061311 191.897283
7 4.011000e-008 461.092512 124.428291
3 6.516110e-008 603.544549 299.318355
7 9.034350e-008 590.180665 368.068618
6 8.916910e-008 588.744531 375.456783
10 7.539860e-007 432.451645 258.407134
7 1.027900e-007 552.890942 159.693601
10 3.632130e-007 449.702630 310.354820
7 1.166710e-008 465.430632 527.786143
9 2.018670e-006 583.876242 733.181013
5 2.318870e-007 89.509559 554.964197
8 4.854230e-008 365.720332 833.105457
8 2.086300e-007 273.628530 778.467108
7 2.728780e-008 424.121507 548.256222
6 1.001890e-007 545.989437 274.976820
10 2.267160e-008 549.704760 262.020012
7 1.941000e-007 468.613951 226.093018
9 3.070570e-006 588.802972 722.730031
9 6.828500e-008 697.225825 648.387882
6 1.145600e-007 604.534919 381.444489
7 7.039700e-008 599.206382 379.584952
10 1.148190e-007 449.737489 350.531207
7 1.265380e-007 379.964100 307.965919
10 3.863910e-007 457.019066 219.142027
7 3.641110e-007 384.956727 315.432083
10 5.509070e-008 265.221784 319.854497
7 1.023940e-006 511.593773 286.797448
10 3.535780e-008 538.196084 319.555812
6 7.149930e-009 506.765714 369.854912
7 1.653210e-007 537.310988 388.328435
9 2.037260e-007 651.743675 652.873158
11 6.765900e-008 582.252299 795.351391
9 8.915750e-008 547.423522 638.481493
11 1.229530e-007 715.520552 745.197026
6 2.150530e-007 654.293832 413.871238
3 5.088910e-008 724.665290 288.487078
3 5.608000e-007 822.825629 240.298747
6 1.259830e-007 772.844073 314.399207
3 6.294750e-008 761.750894 378.744561
6 7.127980e-008 803.165523 297.463349
3 3.961030e-008 763.911280 333.392789
6 4.162680e-007 747.098692 411.894296
9 6.745360e-008 508.551442 607.783385
9 4.066210e-008 722.175227 658.313190
7 1.478520e-007 460.095864 450.331289
9 4.722000e-008 543.986373 679.028056
9 6.540860e-008 501.786846 815.624343
11 1.400480e-007 780.876849 826.168339
9 8.902570e-008 785.764115 836.188722
4 4.488100e-008 819.145429 791.943115
11 3.280280e-008 716.009525 721.461061
9 3.936170e-007 657.518141 669.019463
9 1.701700e-008 407.691637 763.794619
8 3.486620e-008 172.764002 939.073067
8 3.944070e-008 71.098114 909.021915
8 2.692930e-007 197.812359 788.855575
8 1.666900e-006 179.568164 784.756295
5 5.353240e-008 119.397046 784.170094
8 1.928740e-007 125.128663 893.537659
8 5.532620e-008 247.406683 885.301654
8 1.568640e-007 206.299645 901.503667
8 4.340030e-006 189.323036 806.432125
9 1.512400e-008 560.873162 540.524765
6 1.101640e-007 602.145672 374.199036
7 7.444640e-008 605.076524 290.270038
3 7.871960e-008 562.803311 194.528682
10 1.115260e-007 486.819254 210.679713
7 2.839640e-007 412.576368 375.947195
10 1.654300e-007 527.444255 313.168663
6 6.650330e-008 571.597045 330.510625
7 1.899060e-007 462.785121 215.700454
10 6.896890e-008 267.223772 246.272026
2 3.780680e-007 206.403405 121.571237
2 2.121180e-008 277.400003 317.610866
10 6.435990e-008 281.501809 331.915529
2 6.096460e-007 181.686994 99.859888
2 9.798350e-008 75.604737 132.965993
2 2.032790e-007 134.479909 126.479499
10 3.201790e-008 246.625877 299.635582
2 1.737700e-007 210.597538 147.605373
2 2.434230e-007 244.001158 137.431987
2 1.282250e-007 177.738241 151.170655
10 5.464870e-008 284.828808 266.011476
7 2.701980e-008 223.903404 304.971977
2 3.127400e-008 108.956098 217.190165
2 1.437190e-007 146.008187 84.147182
2 1.749160e-007 298.744752 137.134891
10 9.856970e-008 314.356967 204.758563
7 1.882680e-007 309.217479 241.377850
2 1.164830e-007 110.241084 136.455041
2 9.893840e-008 254.066073 144.976094
10 1.595590e-007 394.421020 338.316966
7 2.808390e-007 397.434056 336.974039
6 2.479080e-008 582.412085 184.383542
10 2.686600e-006 436.179696 242.558099
7 4.341090e-008 437.699206 246.319013
10 1.923680e-008 614.432298 145.801698
7 6.029080e-008 616.826914 146.097516
3 5.838890e-008 611.942024 239.303706
6 6.602410e-008 607.439589 325.212445
3 1.069760e-007 712.890696 100.103346
7 1.224910e-007 581.575000 279.674923
10 1.196770e-008 561.055436 353.502763
6 1.469040e-007 560.512198 354.917931
7 1.382860e-007 489.048780 187.044727
10 7.120170e-008 482.322408 132.836637
7 1.522340e-006 471.316941 334.309502
10 4.029540e-008 405.043898 397.051898
2 1.954750e-007 296.318601 105.347640
2 1.530920e-007 106.197629 109.631814
10 4.234970e-008 270.631574 136.835484
2 1.529480e-006 211.820740 78.024229
2 4.359490e-007 189.950710 128.280682
2 6.097850e-008 89.422138 133.798830
7 1.387430e-007 322.761441 282.302683
10 9.080540e-008 321.755413 281.916502
2 1.013070e-007 110.651706 67.719891
2 5.431340e-008 96.290340 229.932657
10 3.172740e-008 289.310452 247.840904
2 2.391850e-008 248.410138 236.413752
2 5.235460e-007 135.016642 81.625411
10 9.643350e-008 301.680340 263.983333
7 1.653330e-007 357.231082 321.507586
10 5.691030e-008 445.984063 121.332639
7 1.382430e-007 454.099562 198.546520
3 1.290540e-008 687.776712 93.946101
10 4.704960e-008 471.153300 120.665368
7 3.489960e-008 444.150125 129.118447
10 2.163220e-008 530.258260 83.333958
6 7.374710e-008 612.254006 289.054641
3 3.806250e-008 611.998063 291.489783
7 6.153370e-008 449.438476 482.856606
9 9.537610e-008 399.294756 712.748835
8 3.820560e-008 295.767631 915.407249
8 4.049430e-008 52.090097 931.788202
8 3.852920e-007 193.026829 850.765535
5 1.393110e-008 293.471622 736.990383
8 2.939950e-007 226.285394 790.850436
9 2.474660e-008 388.353575 588.263330
5 8.892940e-008 118.040248 493.053775
5 3.650120e-008 199.068006 548.326271
7 1.259080e-006 424.913098 334.383144
10 2.025550e-007 424.279174 291.418266
3 2.913590e-008 603.410601 263.875967
6 2.510000e-007 596.081157 347.650984
7 1.893510e-008 595.378477 355.682572
9 7.881910e-008 682.997347 731.953824
11 4.477010e-007 693.339203 810.210564
4 4.662630e-008 729.922320 811.973350
9 3.883290e-007 577.820570 788.246603
11 5.484900e-008 664.610687 790.640248
9 1.249290e-007 693.353881 617.453017
9 2.692690e-007 690.557449 749.017378
11 5.412730e-008 651.699975 726.582957
9 1.049450e-007 592.815758 625.543257
11 2.344810e-007 672.051792 831.190064
4 2.403980e-007 825.660136 893.251683
9 1.102220e-007 619.075823 836.609511
11 2.960300e-008 592.618945 931.766253
4 5.993340e-008 754.044857 969.034778
9 5.901170e-007 656.603288 788.592675
11 2.885970e-007 784.432060 885.938451
4 2.878610e-008 782.796666 888.031666
9 2.440210e-007 705.461709 763.200254
11 1.738760e-007 792.698439 825.700171
4 8.855710e-008 792.462045 822.998230
9 2.066530e-008 778.855094 667.473248
6 2.218460e-008 753.076843 541.379996
9 1.502360e-007 734.638231 832.554813
11 5.169940e-007 734.941089 836.885841
4 1.792400e-007 774.235830 884.577727
4 3.361620e-007 894.505810 946.374820
11 2.161390e-007 817.468551 892.432902
9 4.168270e-008 782.432378 817.385523
9 2.394740e-007 540.555017 758.959773
11 2.112550e-008 568.230579 939.494105
9 1.607560e-007 632.310011 652.230555
11 1.640470e-007 646.014521 822.305798
9 2.098190e-006 623.536335 716.555106
6 2.145350e-007 669.261893 422.330806
3 6.149660e-008 818.268430 336.301847
6 3.604420e-007 686.733658 301.612522
6 7.784210e-008 724.484937 536.998777
9 3.096340e-005 609.876991 753.438006
11 1.849220e-008 671.083477 758.125675
6 8.473930e-008 700.022134 477.857732
9 2.624390e-008 786.290036 651.639756
6 3.887130e-008 638.785250 501.991099
7 3.224730e-007 550.486423 273.550710
10 7.486040e-008 520.914866 187.668856
7 3.315020e-007 538.878607 350.017027
6 2.207270e-008 502.397111 420.482258
5 2.663520e-007 61.679707 560.157933
5 5.202870e-008 92.353879 415.943448
9 1.237800e-006 577.723246 709.533683
11 1.917160e-007 679.842312 805.435606
9 1.852470e-007 717.052952 771.902533
11 6.295230e-007 693.426674 854.233579
9 4.211470e-007 655.613754 809.589698
11 1.146330e-007 680.722844 804.114482
9 7.225920e-009 782.064692 885.680996
4 4.802690e-007 816.081473 930.822928
11 5.674870e-008 837.303163 958.985149
9 3.448210e-008 800.650358 777.535829
11 1.607910e-008 880.742138 814.883012
9 3.594030e-007 657.788642 728.344564
11 6.882340e-008 669.584764 802.823271
9 3.959580e-008 740.639753 727.262603
11 1.028330e-008 576.864916 681.915348
7 7.278010e-007 479.133938 369.778071
10 1.988410e-008 456.573803 439.210544
6 2.308650e-007 676.102408 442.533233
3 1.963840e-008 802.378984 376.461520
6 1.155260e-007 781.431738 286.414511
3 5.080280e-008 794.810648 363.820671
6 8.354860e-008 732.076397 463.128683
9 2.418220e-008 628.616717 534.850596
7 1.137340e-007 430.241638 425.140387
10 1.236610e-007 420.120110 352.760809
7 2.620420e-008 263.518543 188.229255
2 1.807750e-007 249.541986 139.487034
10 3.771440e-008 257.314256 284.488877
7 2.878440e-008 242.900981 282.974012
2 8.633700e-008 121.795628 111.929463
2 9.341130e-008 75.330559 133.189471
7 4.318100e-008 179.104568 286.059190
2 3.355140e-007 240.713000 104.864114
2 1.913300e-007 243.499286 119.387871
10 3.510660e-008 183.105344 206.454133
2 4.253040e-007 181.901515 135.462574
2 4.327730e-008 57.941045 165.893696
7 2.125570e-007 353.290446 320.289726
10 8.713620e-008 352.583469 319.476442
2 2.333180e-007 171.884511 167.496671
2 3.053450e-007 96.526450 79.454785
2 2.868630e-006 228.406105 69.778452
7 1.363660e-008 227.690192 306.705547
10 4.053350e-008 226.561356 306.804309
2 1.991290e-007 129.945034 106.120345
2 4.334530e-008 51.601941 41.761847
10 3.106760e-008 196.543535 249.348357
2 5.794860e-008 164.957518 231.839841
2 1.715190e-006 180.012950 19.013032
