4 1.287590e-007 745.550151 563.067729
4 4.499740e-007 647.516036 503.990946
11 2.223360e-007 698.085506 280.520048
4 8.113330e-008 774.950928 365.425135
11 1.007350e-007 725.979864 337.489307
4 4.223530e-006 676.785617 475.007883
8 4.838670e-008 582.527551 599.059231
10 9.924180e-008 454.718212 442.514344
5 2.409930e-008 452.636444 432.720425
3 7.491550e-008 433.089721 340.760611
7 2.356700e-007 482.746735 274.497526
11 1.025490e-007 549.816937 216.194029
6 3.127550e-008 599.518381 175.942491
7 5.837630e-008 565.493289 265.529699
11 1.952560e-007 565.740464 270.246014
4 5.636860e-007 603.737896 419.914488
8 1.866970e-008 640.305276 506.061897
11 1.783910e-007 746.594564 259.175189
4 1.604950e-006 705.419386 486.696632
4 3.038040e-008 762.497795 635.680756
9 4.116160e-009 853.271589 661.710013
4 3.115590e-007 761.509616 523.785577
9 5.790070e-008 697.087096 720.703446
9 1.542630e-007 813.621817 902.866798
8 2.781430e-007 483.520077 615.179892
5 2.976140e-008 485.064645 490.008586
3 2.172320e-008 520.454983 401.715269
10 3.938350e-008 479.668749 452.082172
4 3.084400e-008 465.611017 469.442060
8 1.485560e-007 509.636434 580.029982
4 5.153320e-008 755.779808 552.651710
8 3.236390e-007 525.297428 513.056951
5 3.122160e-008 428.002720 494.722843
10 1.376300e-007 445.340987 425.182245
3 8.934490e-008 446.591192 420.167901
7 6.284420e-008 464.347620 348.950138
11 1.843430e-007 505.757106 266.615923
6 5.350770e-008 557.714547 196.978005
4 2.016140e-007 592.683590 448.016919
8 8.258110e-009 626.460133 523.880423
5 3.170200e-008 471.031459 476.673543
10 1.294120e-007 471.608817 471.180381
3 1.732690e-007 339.748402 528.808862
8 1.440340e-007 333.213619 532.581720
7 1.172110e-007 491.881049 293.763062
11 5.714710e-008 495.519998 284.756278
10 7.402400e-008 500.513424 272.397021
8 1.909170e-007 490.666861 422.342573
3 4.596750e-008 413.117006 293.278960
6 9.287820e-008 440.036870 188.726575
7 9.379470e-008 467.350613 159.436188
10 1.193140e-007 435.670066 291.891295
11 5.742330e-008 539.038448 398.038320
4 9.972320e-008 483.275534 365.843453
8 7.428130e-008 473.206399 360.030011
7 7.202210e-007 390.320125 312.175401
3 8.428080e-008 318.791483 303.770299
2 5.640130e-008 167.815044 311.844352
10 1.946580e-008 176.340602 311.993150
7 1.137470e-007 264.541209 216.309213
2 7.066170e-007 42.168232 189.422018
2 1.062690e-007 194.606393 197.041115
7 1.151260e-008 176.465986 140.762898
2 8.629050e-007 86.510775 158.265942
2 2.434260e-007 120.989302 135.858153
2 1.100500e-007 145.740853 163.496284
2 1.611850e-007 190.716289 231.944215
6 1.163670e-008 209.454087 128.470095
2 1.686740e-007 167.596695 339.766974
10 6.337200e-009 137.970186 266.439004
2 8.538480e-008 102.978111 90.050078
2 1.258250e-007 125.520110 276.926392
3 5.548030e-008 335.844263 322.555033
7 2.915130e-007 335.998156 324.755782
10 2.069660e-007 336.205068 327.714733
5 1.071310e-007 346.066205 468.733906
8 4.028080e-008 304.089049 537.532422
3 1.110570e-006 257.119020 425.972617
10 2.216580e-008 176.266653 408.972313
5 3.499400e-008 120.175748 400.088293
2 3.537230e-008 102.061626 443.141028
3 4.011440e-007 216.774646 475.013017
5 1.591530e-007 226.016950 478.376945
10 3.360250e-008 287.107406 529.227557
8 1.849720e-007 348.886938 582.931942
5 4.861070e-008 262.646189 735.762026
5 7.445540e-008 316.123279 680.925362
5 3.784630e-008 187.793656 661.415973
5 1.939150e-008 255.172471 794.888126
5 1.061710e-007 204.781889 624.073277
8 2.278270e-007 346.265733 574.950279
5 1.851540e-007 334.076795 547.573297
3 8.564060e-007 316.153402 508.561923
10 4.270730e-008 317.753161 513.207951
5 3.485070e-008 191.198133 433.814029
3 1.235310e-007 146.366504 410.971225
10 5.245580e-009 207.577458 484.468204
5 1.655080e-007 202.282632 514.496571
3 2.473260e-008 190.589166 580.813313
8 2.605780e-007 379.440366 574.003577
4 3.680710e-007 599.095888 443.499629
11 1.547820e-007 597.937891 358.343841
8 6.959870e-008 617.735450 528.860667
4 1.562610e-007 662.652419 613.336700
9 3.033060e-008 792.871364 656.714512
9 1.021110e-007 734.642910 721.573075
4 2.541450e-007 792.885503 553.191396
9 1.152760e-006 810.185449 788.494573
4 3.789100e-007 691.358062 521.558112
8 9.338440e-008 601.433207 643.413112
4 1.956340e-008 648.276148 574.689509
8 2.475110e-007 530.253379 522.142579
4 5.430330e-008 621.000956 618.897750
8 6.128440e-007 522.387456 509.510602
5 2.101100e-008 474.063642 587.135558
10 1.785550e-008 474.109294 587.507370
3 2.717630e-008 474.118475 587.582149
9 2.857230e-007 772.430529 773.084525
8 7.300980e-008 485.300659 625.900885
5 2.334190e-007 366.231054 552.749137
3 1.164920e-007 365.792510 552.671809
10 2.091960e-008 217.458631 498.219829
5 6.810800e-008 356.007935 587.306966
3 1.570270e-007 356.444526 587.415822
8 2.779860e-007 417.829571 602.721010
10 6.010940e-008 295.230622 516.684081
8 3.129200e-007 408.942764 581.339656
5 3.806830e-008 414.111911 548.703272
3 3.013130e-008 418.158550 609.275543
5 2.877380e-008 259.480029 730.910857
5 4.004230e-008 190.242562 653.010918
5 1.076020e-007 289.730022 648.396997
8 3.983290e-007 396.837357 561.427768
10 7.761990e-008 440.696589 496.403606
4 2.247330e-008 594.348343 637.453395
9 2.572480e-007 802.889115 736.894307
4 1.474590e-007 736.885924 567.988297
9 9.755110e-008 881.658407 778.408719
9 8.683010e-008 714.144002 801.755720
9 1.490040e-007 887.597941 803.336636
8 2.953640e-008 589.934488 695.912661
4 6.313480e-008 635.791839 607.181494
9 1.106160e-007 748.963825 697.332852
9 1.158260e-007 718.127915 870.723546
4 3.719690e-008 638.597769 642.985270
8 1.401090e-008 643.613833 653.742350
9 6.857070e-008 704.498428 766.613612
9 7.962280e-008 753.578310 897.880071
9 8.367460e-008 754.227622 715.324240
8 6.568330e-007 526.078117 516.757755
4 5.332320e-008 496.404492 430.579295
10 1.018300e-007 473.528416 364.142349
7 7.637720e-008 491.068069 309.931084
11 1.627570e-008 495.258979 300.943624
6 4.879200e-008 553.636223 169.522333
7 3.727300e-008 522.168748 106.281491
6 2.311890e-008 677.308758 162.747647
11 1.171360e-007 691.219665 167.810786
7 3.819950e-008 516.406454 316.016033
10 1.019630e-007 437.071657 334.476395
3 1.550930e-007 378.661298 342.685447
2 2.430310e-008 131.422600 349.961286
7 2.796590e-007 336.458559 282.007137
10 4.511550e-008 338.579502 283.916842
3 1.107700e-007 379.405293 320.676521
11 3.915340e-007 558.975884 348.012300
4 2.306540e-008 566.431519 247.004314
6 1.176110e-007 538.603271 155.982225
6 1.392170e-007 529.927394 223.227635
7 1.217550e-007 519.332312 247.024571
11 1.054310e-007 455.656833 280.950631
10 1.013320e-007 365.339960 321.162366
3 2.380450e-007 350.544435 400.447738
5 5.135580e-008 382.645223 469.288503
8 3.010770e-007 386.132735 476.767540
11 7.060500e-008 464.437603 335.766917
7 1.061270e-007 454.049016 334.675026
10 1.247430e-007 370.982809 325.944364
3 4.878470e-008 329.320426 304.405203
6 9.905030e-008 530.304057 182.601373
11 6.054210e-008 654.760657 118.922283
7 5.379990e-007 440.275730 233.000256
10 1.199810e-007 411.113993 313.122011
3 5.205320e-008 418.593040 333.645832
11 4.873560e-008 535.766900 220.492160
6 3.849930e-008 536.545195 219.740568
7 4.318940e-008 546.945905 275.692294
11 1.581770e-007 543.189192 383.259923
10 1.830450e-008 516.199074 406.218464
4 7.962880e-008 450.364246 379.619485
8 5.102970e-008 438.797989 374.946417
3 1.701670e-007 360.699442 343.392578
2 1.000360e-006 134.973502 238.566885
10 4.398390e-008 288.827756 226.297247
7 4.681750e-008 273.681926 148.379514
2 6.048120e-007 141.193621 206.012471
3 3.962890e-008 171.554515 297.075180
2 5.193380e-008 171.337806 129.065212
2 2.956760e-007 18.353500 200.581141
7 2.384880e-008 317.313017 90.871146
6 4.187610e-009 292.268090 178.212538
3 3.539360e-008 243.491984 242.986630
10 4.872980e-008 241.593148 238.286855
2 6.954460e-008 187.887424 102.794455
7 1.260840e-007 274.713778 259.433623
2 1.083030e-007 188.728695 181.795808
7 2.858930e-008 227.174362 320.991026
3 1.820270e-007 238.012291 339.794001
10 4.398270e-008 240.625777 264.949005
7 4.860000e-007 345.755639 241.249158
6 4.450170e-008 403.479961 196.921733
11 3.544110e-008 518.021727 315.533410
10 7.825480e-009 516.827329 295.858196
6 1.408660e-007 530.652531 54.959806
11 8.825430e-007 618.817700 205.900058
6 7.108020e-008 378.001118 125.661952
7 1.443870e-008 364.723130 132.721996
10 5.996750e-008 334.019862 338.393375
3 1.175490e-007 285.000916 324.348758
2 1.705280e-007 175.486289 259.654282
7 2.145880e-007 347.612806 328.935672
10 1.339150e-008 386.579817 215.766960
6 1.384590e-007 468.053089 146.675505
11 5.644700e-008 589.346338 151.270044
7 7.722270e-008 439.737987 328.908333
10 3.832230e-007 373.983612 347.762868
3 7.260730e-008 386.881299 360.500339
11 7.829400e-008 541.220525 384.478538
4 4.089210e-008 533.589141 530.101176
8 2.747270e-007 532.955315 542.195887
9 1.177690e-007 697.932275 859.647053
4 5.406180e-007 703.963290 519.541355
11 2.890240e-008 759.309923 240.329684
4 2.206550e-007 766.215285 433.904936
9 7.843560e-008 765.824916 691.292437
4 9.319090e-008 651.362301 555.834411
11 3.044890e-007 706.099578 308.971732
4 2.085910e-007 747.992554 394.799314
4 2.441300e-006 658.936620 492.131877
8 3.204010e-007 506.456009 484.670572
10 1.445570e-008 507.996885 527.263137
3 3.577380e-008 508.058606 527.306355
4 1.362710e-007 739.659644 578.790005
8 1.930020e-007 541.893929 564.206255
10 5.146300e-008 427.394496 531.212160
3 8.977200e-008 427.468651 531.219954
5 3.725330e-008 487.174611 537.495012
4 7.265380e-007 631.030491 507.095250
11 8.031500e-008 736.239762 375.031425
4 1.106010e-007 767.454995 307.491091
11 2.080990e-008 764.541929 224.068367
4 1.447690e-007 749.730195 401.010465
11 4.479700e-008 738.231247 319.192304
4 7.324370e-008 724.563130 250.636736
11 4.799340e-008 811.519900 267.539172
4 7.575220e-008 766.327777 423.834220
11 8.306040e-008 643.702975 373.916097
4 8.923160e-008 810.430753 393.954332
11 6.139160e-008 757.106847 229.839379
4 5.272730e-008 673.180760 277.255052
11 2.938100e-008 832.055868 307.112965
4 4.119780e-008 844.253522 282.219226
11 2.496520e-007 669.452793 371.868408
8 3.745050e-007 546.752141 578.976729
4 5.426050e-008 474.059572 593.106702
5 8.173190e-008 371.492004 593.138137
3 1.774610e-007 247.974345 575.778945
5 6.519080e-008 190.854136 603.180039
3 5.016440e-007 287.015791 513.507861
10 6.602320e-008 277.689851 482.092547
5 3.028870e-007 294.288683 584.515438
3 6.617300e-008 147.352871 448.508468
5 5.206350e-008 223.992014 473.171343
10 2.380700e-008 165.685482 485.597102
3 2.244020e-008 182.581612 486.250590
5 2.834720e-008 86.644926 535.132704
10 4.132810e-008 163.373822 440.436697
5 6.240050e-007 247.311508 555.840928
3 1.460590e-007 318.971802 545.471272
8 1.509580e-007 383.192017 572.731130
10 3.392800e-008 395.450248 577.934439
7 2.577130e-008 442.389365 503.139115
5 1.935600e-008 461.687850 517.160217
8 2.431280e-008 608.813222 580.403285
4 5.371110e-008 679.593069 587.842390
11 1.088110e-007 713.437210 380.641872
4 8.784260e-007 692.747762 389.495085
11 4.690810e-008 715.185750 392.253159
4 2.460940e-008 764.570737 403.354058
11 6.146580e-008 753.235107 388.055080
4 4.947060e-008 771.094875 356.110164
11 2.695340e-008 833.506644 391.976450
9 2.525000e-008 798.844854 577.528081
4 5.091410e-007 705.508824 491.570873
8 1.684220e-007 564.246312 529.340201
10 6.994700e-008 452.360613 534.808758
5 1.399410e-008 501.802199 452.523682
11 3.692330e-008 455.644777 387.891657
7 6.143450e-008 391.625349 396.889055
3 4.395240e-007 358.235320 421.139544
8 1.015320e-007 368.496342 428.871808
10 2.030390e-008 501.911313 527.559406
5 1.305160e-007 376.551100 490.006313
7 2.586360e-008 376.817925 497.647190
8 3.123550e-007 382.338698 572.299468
3 7.039510e-008 385.238471 573.530349
5 3.010660e-008 400.473952 681.842789
5 4.890160e-008 291.661683 678.077822
5 2.907810e-008 137.808701 760.230955
5 2.519820e-008 377.374332 690.442526
5 1.020980e-008 313.037988 815.831405
5 4.086020e-008 167.085384 674.297088
5 1.897950e-007 338.266184 636.540068
8 5.962510e-008 366.547206 642.349048
3 7.803450e-008 364.284031 644.316388
5 1.083140e-008 247.057653 748.889984
8 5.523240e-008 440.953334 698.045053
5 8.248040e-008 407.072785 586.252589
8 1.711910e-007 410.538963 553.274984
10 2.406160e-008 509.013102 518.953541
4 2.636360e-007 584.264792 505.684616
8 1.223340e-007 554.730063 481.460261
4 5.647500e-008 546.424113 592.748572
9 3.361250e-008 732.317692 733.281257
4 2.205110e-007 621.086253 521.087674
8 1.746520e-007 539.317047 515.369773
10 1.728650e-008 430.212267 601.654623
5 1.665190e-008 387.659198 681.685790
5 4.173360e-008 252.778987 778.864707
5 9.765150e-009 215.800967 741.490610
5 6.033750e-008 332.677560 705.327218
5 4.354160e-008 321.579980 675.152114
5 1.304950e-007 277.090849 636.372485
5 1.379320e-008 266.904317 782.354692
8 3.036840e-007 440.836903 633.482644
5 5.644660e-008 442.229901 620.229199
10 4.533870e-008 459.623323 454.742326
3 1.442360e-007 422.936230 389.559589
7 4.667230e-007 369.318345 327.879177
2 9.312450e-008 260.895095 278.088077
7 1.507740e-008 164.382536 217.780619
2 1.903610e-007 149.547045 249.301962
3 6.775780e-008 236.125724 227.879508
7 2.742020e-008 285.254682 160.259281
6 1.620580e-008 203.467562 75.670618
7 1.579710e-008 230.272863 241.607411
10 4.646910e-009 180.835725 308.931135
2 1.311360e-007 180.949714 307.301090
3 7.610470e-008 252.987346 339.011988
7 9.885340e-008 343.500447 364.966469
10 2.678670e-006 356.870916 368.800429
6 8.969080e-008 420.229806 170.595737
11 4.533320e-008 606.033467 125.378080
6 1.043340e-007 608.290228 90.505573
6 1.405360e-006 477.984236 98.752771
7 4.972720e-008 494.271366 176.685878
11 5.408920e-008 519.013863 255.605968
10 1.303170e-007 350.494124 285.320454
3 8.189220e-008 405.223266 324.596648
8 8.240780e-008 502.383371 361.218491
7 6.934430e-008 484.197237 305.247884
6 8.679950e-008 486.067984 218.346828
11 8.461230e-007 579.060993 283.461114
4 3.819060e-008 547.307474 247.922227
7 2.000790e-007 466.335646 242.762180
10 7.932130e-008 451.763055 341.269837
6 2.608380e-007 411.272222 152.610681
7 1.557840e-007 351.327018 186.398393
10 3.879330e-008 331.865644 277.957154
5 2.379560e-008 341.712308 371.504863
3 1.272180e-007 347.200752 370.733498
11 1.126160e-007 504.975562 348.007974
8 2.071100e-008 499.362139 348.400521
4 7.124980e-008 433.550738 353.002715
7 6.156010e-008 333.499964 359.999269
10 1.013880e-007 366.958994 329.228126
5 4.883760e-008 436.474739 479.558834
3 5.234550e-008 441.373595 482.387185
8 7.971490e-007 456.781297 491.282810
4 1.940400e-007 675.863795 568.325468
4 2.241890e-008 713.471689 620.937783
9 3.812410e-008 639.522235 761.198887
8 4.303230e-008 639.551065 628.362797
4 3.205820e-008 799.975089 587.377534
9 1.505510e-007 745.335512 797.534837
9 4.544080e-008 673.945524 809.857357
9 3.506460e-008 789.853523 679.586139
4 1.584740e-008 722.420135 654.307297
8 6.266270e-008 459.702502 714.801246
4 3.262030e-007 634.773763 487.472446
8 9.511350e-008 632.361814 491.294397
9 5.448240e-008 856.498888 757.153156
9 1.955170e-007 796.207979 709.682931
9 2.936550e-007 794.571406 894.212946
9 2.076890e-008 752.275323 661.763096
9 1.854110e-007 746.517530 819.418671
4 3.364890e-008 699.726192 628.273760
4 2.844760e-008 811.516511 655.748620
9 7.012320e-008 767.960805 720.322964
9 7.796310e-008 701.198000 774.301945
4 8.221160e-008 706.355008 593.952261
8 1.103840e-007 587.159047 464.764350
11 9.007400e-008 480.873730 343.718740
10 4.843190e-008 478.608356 341.112724
7 5.815560e-007 420.894325 274.720315
6 4.780720e-008 493.993839 248.049852
11 8.975730e-008 558.045269 192.108906
7 2.598220e-008 508.926551 119.287532
6 2.264320e-007 505.659472 114.443896
10 2.363940e-008 437.748833 299.792656
8 1.507680e-008 459.787443 355.790921
7 1.011970e-007 443.931808 327.186475
6 4.998800e-008 532.300189 232.224919
11 1.527630e-007 536.441458 231.862598
7 1.121560e-007 462.086661 231.698699
4 1.394910e-007 549.797460 406.977529
11 5.321030e-008 548.902646 424.050738
8 1.661680e-007 544.994356 498.621571
9 3.128080e-008 606.139559 675.632194
8 2.629170e-008 638.353212 607.594883
4 3.730550e-008 705.056869 611.243218
9 1.399680e-008 558.486514 935.591469
9 2.159970e-007 770.684692 817.293443
4 6.252640e-008 631.505821 522.624804
11 1.082640e-007 611.872887 367.696608
10 2.312880e-007 429.284998 415.616788
8 5.648360e-008 427.427129 414.112324
7 4.576120e-008 380.794374 376.350092
5 2.337480e-008 370.191937 367.764461
3 1.548760e-007 365.573841 364.024823
2 7.402970e-008 147.780987 151.183442
2 1.135100e-006 65.976058 186.046912
10 3.088500e-008 231.893815 230.315483
7 2.503440e-008 240.997749 172.835905
2 6.235570e-008 203.262685 126.561385
7 8.587660e-008 273.072188 276.269451
10 2.273220e-008 246.171828 238.291232
2 6.509780e-008 196.828909 320.350059
3 8.122070e-008 144.008221 306.641604
2 1.533870e-006 53.994652 214.966409
7 2.452490e-007 317.752464 329.993212
10 9.639860e-008 324.131883 335.737256
3 1.261390e-007 328.249498 339.444765
8 3.533450e-008 378.938778 335.196483
6 3.053040e-008 380.171128 263.453078
7 1.786470e-007 365.451960 324.553359
10 2.935260e-007 358.252495 319.877987
3 5.772990e-008 353.605582 316.860256
2 1.417570e-007 170.127751 210.028330
7 7.559690e-008 290.725419 332.738083
10 1.209300e-007 297.935363 337.243369
3 2.323100e-007 302.589038 340.151317
8 5.405630e-007 425.742774 463.871134
5 6.552990e-008 420.893858 521.015869
7 3.808880e-008 411.442892 449.966333
10 1.071490e-007 416.509725 456.690247
3 1.868940e-007 419.780135 461.030227
8 2.637220e-007 508.984924 601.853495
4 7.099360e-008 614.542017 676.654345
8 2.125580e-008 646.981110 698.534750
10 3.460360e-008 512.260553 354.487628
11 6.517390e-008 478.231016 329.553681
7 2.958520e-006 382.217475 286.805837
6 1.090890e-007 456.534779 149.863292
11 1.550990e-006 588.000136 310.287096
10 1.233370e-007 432.624356 411.188677
7 3.634690e-008 430.930893 415.747278
3 5.678310e-008 471.173489 458.902273
8 2.372880e-007 476.115814 464.202279
4 7.598300e-008 675.121272 585.372051
9 3.515070e-007 727.989424 795.929325
9 8.039280e-007 848.367954 784.853282
8 1.797410e-007 423.900456 602.392879
5 3.707190e-007 287.082204 571.343083
3 2.232550e-007 265.913807 569.491057
10 5.822270e-008 365.358880 525.820211
8 3.901980e-007 431.375555 596.614131
4 3.984960e-007 584.784596 468.359639
11 1.007250e-007 551.300731 376.364316
7 1.112080e-007 486.641546 235.351745
6 3.962710e-008 431.802747 154.049564
10 2.456990e-008 466.119627 251.969164
11 6.679410e-008 518.983245 184.306971
6 6.855980e-008 487.697522 221.268608
7 1.034020e-007 484.841530 224.795480
10 2.615050e-007 407.609295 376.303029
7 9.793490e-008 416.189775 398.656003
8 3.477970e-007 435.588031 449.190316
3 5.482490e-008 436.706100 452.102993
5 3.353200e-008 481.656596 513.001817
4 4.066220e-007 655.563126 522.115680
9 2.367390e-008 836.074620 559.335648
4 3.922010e-007 636.195997 544.768413
8 2.671000e-007 558.888756 559.795604
5 3.127050e-008 358.766002 685.721449
5 8.833560e-008 228.733817 672.814673
5 7.586080e-008 244.549504 672.755659
8 3.102060e-007 421.811148 583.898703
10 5.367140e-008 400.525153 545.179585
3 1.153440e-007 318.783928 586.828887
5 5.662510e-007 335.160759 582.900823
8 3.042640e-007 398.705298 581.631381
3 4.514730e-008 484.114093 536.544003
8 1.872420e-007 549.720334 591.037121
4 3.070770e-008 563.163371 626.531103
4 7.854020e-008 806.399922 497.267571
9 4.467240e-007 785.476995 752.574687
9 1.809510e-007 718.078083 828.658309
9 9.539900e-008 751.180820 701.965782
4 8.538880e-008 772.256741 546.071533
8 2.024860e-007 541.180414 588.919164
9 1.762580e-007 738.529379 833.655969
9 1.217330e-007 679.921542 873.365339
9 3.100140e-008 654.903951 766.177419
4 1.214390e-006 685.900681 515.657301
9 9.260720e-008 732.544973 774.541195
4 1.301890e-007 736.375041 577.776426
9 1.283400e-007 765.786647 733.754346
9 1.073880e-007 787.335048 922.361958
8 6.626990e-008 572.632858 664.623039
4 1.057470e-007 541.002452 432.000030
10 1.973540e-008 540.112000 392.615628
8 1.376390e-007 540.112000 411.205739
11 3.353010e-008 540.112000 491.871280
9 1.043490e-007 748.871012 875.817224
9 9.761590e-008 860.701759 753.143695
4 5.876990e-008 757.732983 570.458204
9 2.075680e-008 790.465511 587.017662
4 5.788040e-008 610.560201 622.763414
8 9.547770e-008 468.112361 686.185196
11 1.420110e-007 646.487776 383.921838
4 1.269590e-007 648.361506 387.445828
9 4.769140e-008 867.397975 687.784638
4 1.199200e-007 752.973485 573.876768
9 1.074550e-007 740.810620 667.060558
4 5.995320e-008 681.465227 582.767385
8 2.745490e-007 550.955722 529.113722
10 2.507750e-008 474.764189 428.421600
7 7.598700e-008 546.398336 374.441565
11 2.348500e-006 615.850548 322.105730
4 3.565100e-008 514.022885 309.619821
8 1.440320e-007 583.856429 498.297006
11 5.266420e-008 581.763598 508.143104
4 6.522630e-008 566.529284 637.033223
9 3.460150e-007 765.002266 774.616618
9 1.708970e-007 802.172877 732.369438
4 5.589370e-008 818.924177 619.983103
9 1.695460e-007 790.698665 684.324232
8 4.258690e-008 512.844350 690.944909
9 1.961650e-007 719.825030 819.583454
8 1.061830e-007 574.097220 537.187131
4 1.211430e-007 574.043798 534.388342
11 9.389850e-008 794.609685 298.823190
4 2.821870e-007 717.339950 369.814138
11 2.919510e-007 707.557509 288.670597
4 6.835080e-008 843.941318 316.764172
11 7.302280e-008 700.398075 379.694293
4 1.169720e-007 853.374377 459.027955
9 2.642240e-008 813.102448 641.555134
9 4.558380e-007 777.826820 783.024279
8 2.275360e-008 517.239000 582.927390
4 8.080720e-008 508.744405 458.730420
10 2.421680e-008 443.484742 388.748406
11 5.336300e-008 438.535457 383.440979
3 3.656780e-008 412.542590 327.822025
7 1.347720e-007 413.185647 315.550791
6 5.722840e-008 426.342646 215.258035
10 9.068020e-008 374.559484 474.527731
8 8.270810e-008 355.453887 512.024662
5 1.279600e-007 354.347564 514.195947
3 2.446120e-007 350.813303 528.785248
4 6.890890e-008 544.983713 547.548889
9 6.798760e-008 699.101167 734.091260
4 2.516540e-008 720.099066 519.733563
11 1.663430e-008 683.341490 489.814762
4 7.429470e-008 820.309483 546.798621
9 1.843120e-007 809.670254 737.539919
4 2.654770e-008 803.026813 603.008115
8 2.180470e-007 525.720222 571.695689
5 5.920750e-008 466.650553 429.985646
10 1.431170e-007 460.957405 394.040337
7 7.315030e-008 451.910528 367.381041
3 6.766110e-008 442.452227 457.370320
8 2.370000e-007 556.371860 619.701548
9 3.668800e-007 766.387558 816.788762
8 2.422230e-007 502.806327 592.970968
9 1.106000e-007 689.174762 877.473377
9 1.038890e-007 702.199778 741.531954
9 3.965280e-007 781.368746 849.746763
9 1.042070e-007 795.749339 691.195386
4 8.701680e-008 660.446702 584.438572
8 2.478990e-008 686.551852 655.619852
9 1.529880e-006 762.892219 827.019285
8 3.833080e-007 496.391837 596.590543
4 1.272650e-007 656.100400 593.803137
9 7.441090e-008 732.758271 882.526613
8 1.635300e-007 576.447808 543.393724
4 3.865320e-007 658.330343 524.489455
9 1.139200e-007 881.241358 740.132587
9 5.357280e-008 825.280227 940.893027
9 3.693110e-008 660.835451 692.492290
4 1.643860e-007 771.235488 616.600318
9 5.047480e-008 666.464871 775.700096
8 2.179940e-007 565.522567 548.604844
4 7.981680e-008 563.793787 545.486045
10 4.244990e-008 500.548999 455.698416
8 6.598270e-008 615.323932 507.846427
4 2.437370e-007 615.075206 511.403578
8 1.333110e-007 495.790109 621.339506
5 1.182020e-007 420.799288 589.043917
4 1.794110e-007 578.057334 531.806046
3 9.123930e-008 399.512342 544.820234
8 1.493710e-006 433.047818 495.102023
10 7.504330e-008 446.441305 475.245432
11 7.186360e-008 480.347229 343.841758
7 6.891010e-008 476.698383 333.244815
6 3.959020e-008 430.951937 201.863898
3 2.451900e-008 486.232151 394.648053
8 1.018340e-008 458.447480 333.771909
10 4.275230e-008 455.111695 326.279620
7 3.133040e-007 393.270532 234.116645
5 3.556670e-008 404.370099 410.001924
8 2.396300e-007 502.373327 466.546481
10 6.617860e-008 496.448271 472.681999
5 5.906020e-008 283.382482 727.009381
5 2.181680e-008 184.226900 724.385561
5 6.123250e-008 365.557846 653.553607
8 1.798580e-007 370.937947 499.472322
10 9.399420e-008 371.232726 491.030100
3 9.401840e-008 402.294896 514.263934
4 9.281860e-008 517.001848 457.504355
7 8.175960e-008 400.488362 348.549994
8 4.323780e-008 364.581193 331.036963
10 2.976140e-007 357.578469 327.621520
3 1.093500e-007 341.236387 320.391050
4 2.339280e-008 420.595195 497.993030
5 2.101560e-007 361.068241 536.650475
8 6.378730e-008 427.679167 407.622184
10 2.148040e-007 431.861840 400.377569
3 7.717890e-008 439.933965 386.396211
7 1.070610e-007 416.167186 359.338000
10 2.006200e-006 365.729270 372.991223
3 2.042330e-007 365.693645 373.061142
7 5.049070e-008 334.166441 415.642838
5 2.442540e-008 331.793140 347.682975
8 4.846190e-008 331.703184 345.107090
6 9.027020e-009 278.594540 135.727062
7 1.230340e-007 296.118303 247.211894
2 7.043340e-008 152.649222 174.824080
10 4.241560e-008 290.150978 314.941793
3 6.834600e-008 290.222256 314.922694
7 2.729790e-006 388.562772 288.572609
6 3.537860e-008 384.486491 194.362879
10 2.223110e-008 380.226199 242.844057
7 2.232770e-008 437.626195 150.984963
6 7.834320e-008 460.096197 181.503237
11 1.213090e-007 586.536469 212.011117
4 1.981880e-007 588.559319 375.037471
6 2.919090e-008 524.070806 203.356572
11 1.120530e-008 469.414177 236.197717
7 1.453850e-007 464.442599 239.184954
10 3.528950e-008 445.859279 243.315895
6 5.027480e-008 397.858648 224.072546
7 4.127270e-007 439.491300 293.360432
10 9.897710e-008 481.324349 376.570894
4 5.793850e-008 475.597845 431.053724
8 8.640040e-008 474.859110 438.082163
3 5.498650e-008 464.358484 537.986728
8 2.893790e-007 390.838987 577.622335
5 5.055560e-007 333.161621 562.167583
3 5.479730e-008 312.636438 556.667825
5 1.689910e-006 320.694912 565.166280
3 1.002200e-007 325.922593 563.159566
8 1.542520e-007 390.397164 538.410158
10 6.277830e-008 421.725273 565.593888
8 1.407370e-007 378.117688 572.209582
5 1.792920e-007 376.596636 564.384600
3 1.935720e-007 320.648151 531.811551
10 2.980440e-008 315.974936 530.293123
8 2.570410e-005 463.394526 529.362420
5 5.168400e-008 467.084463 522.120467
4 4.257160e-008 475.618713 484.662545
10 8.945120e-008 448.579767 518.052823
3 4.029320e-008 464.799149 488.977772
8 6.999200e-008 523.733274 352.592911
7 1.835490e-008 526.468932 343.052583
11 3.129030e-007 549.739879 261.897538
6 7.060340e-008 399.869328 202.422516
10 2.966240e-008 427.848848 249.558770
7 2.632520e-008 513.845580 408.651716
8 4.124920e-007 519.130175 484.226535
4 9.235790e-008 538.484710 576.595878
8 3.428300e-008 551.608063 669.357917
4 3.941350e-008 656.637847 637.095820
8 1.934810e-006 443.940861 552.476529
5 4.890670e-008 390.047460 499.441550
10 3.298200e-008 394.440769 530.701553
3 3.461940e-008 395.898170 541.071497
8 2.178730e-007 505.623512 448.161107
4 4.099010e-008 551.233770 417.396585
11 2.179680e-007 593.085693 378.395213
7 1.298850e-007 434.409749 347.551803
10 1.479070e-007 426.631317 346.039832
3 5.960360e-008 411.634775 265.100565
6 4.489650e-007 417.220955 132.686702
7 1.530630e-008 476.926770 193.661379
10 2.108310e-008 482.059410 187.091913
11 6.451900e-008 514.572207 186.700987
4 2.711280e-008 474.208245 336.037201
3 8.180150e-008 316.166258 312.694710
7 3.743470e-009 220.286508 326.169746
10 6.507110e-008 212.521368 327.261067
2 8.031600e-008 192.321000 333.477529
11 3.001430e-007 564.785284 273.535209
10 7.844640e-008 456.430154 450.307649
8 2.044430e-007 471.821581 421.360543
7 4.983150e-008 514.831469 340.470598
11 7.258180e-008 528.757133 457.995289
4 1.138610e-007 554.319002 512.174040
8 3.458300e-008 657.505853 641.058958
9 1.213690e-007 726.611563 690.435780
8 2.517110e-008 573.956866 665.014651
9 5.785380e-008 825.826561 626.908443
4 3.871210e-007 642.261352 528.352841
11 2.353180e-007 660.298884 356.736883
11 1.330060e-007 791.835717 199.347336
4 7.697570e-008 775.192760 317.138199
11 5.210570e-008 790.725950 321.877513
4 8.509790e-008 763.467725 382.363873
11 8.614840e-008 760.382816 387.929177
8 1.975820e-007 536.201254 596.046605
4 1.799870e-007 691.535587 561.777701
9 5.788970e-008 766.370882 695.397821
4 3.116060e-007 601.499731 522.222301
8 1.509900e-007 584.390563 490.044790
11 2.620330e-008 481.261443 439.546913
10 1.159190e-007 420.625262 470.442520
3 2.322200e-007 364.383722 499.552005
5 2.790910e-007 369.121307 499.634691
4 1.374560e-007 548.676916 549.739706
8 2.809360e-007 539.161209 569.249728
8 4.527780e-008 479.303131 676.330364
9 6.072360e-007 762.175329 787.824527
9 1.855220e-007 743.134027 754.957142
8 7.929060e-007 480.369612 570.351675
10 7.325430e-008 327.591636 540.654418
5 5.849550e-007 322.960456 539.754201
3 4.595610e-008 347.670438 587.243032
5 2.976350e-008 319.534275 648.830973
5 1.528380e-008 272.387313 719.051784
5 1.552490e-007 331.900702 633.065792
8 2.492540e-007 478.837010 609.793214
4 2.168630e-007 594.984134 413.220827
11 2.526560e-007 603.696872 329.778281
7 1.235730e-007 441.499363 220.312825
6 6.938930e-008 440.824017 220.456375
10 9.422340e-007 400.678612 395.671367
8 1.214690e-007 407.214989 399.170125
3 2.585470e-007 407.875917 396.307303
11 3.579390e-008 443.777902 240.797064
7 3.685820e-008 564.360663 346.408283
6 1.169690e-008 564.937084 346.927294
4 2.014140e-007 584.993640 351.139640
10 9.670230e-008 330.945186 291.818255
3 1.400850e-008 270.280038 252.538327
7 3.484220e-008 239.102241 188.614086
2 1.057230e-007 131.111072 170.112862
7 7.913560e-008 257.043129 246.618186
10 7.431280e-008 258.711486 274.485360
3 7.272490e-008 258.683372 274.412119
2 7.927810e-009 183.120016 127.386886
2 2.689460e-006 54.667082 214.632792
2 9.481090e-008 130.290487 312.256197
7 2.836410e-008 245.896717 278.753825
10 3.469500e-008 160.757344 311.452391
3 5.806070e-008 160.683197 311.460184
2 2.051150e-007 134.150806 314.248862
2 1.384760e-007 200.545867 173.790833
2 1.474320e-007 172.637820 239.420225
2 4.755930e-007 150.907058 250.365411
7 2.590340e-008 281.726591 262.684748
10 4.063160e-008 190.344326 319.216968
3 1.267130e-007 190.272121 319.247617
2 9.667960e-008 105.863703 355.076885
3 3.451520e-008 197.675440 284.363714
10 2.024990e-008 244.296698 212.572947
2 8.756030e-008 248.111990 206.697887
7 2.628440e-008 190.180093 179.224292
2 1.035120e-007 188.626517 188.355049
6 2.497690e-008 319.223611 249.480626
7 3.463520e-008 300.170662 234.051911
2 2.588030e-007 128.482312 176.649739
2 1.832700e-007 160.855486 207.644512
2 7.023090e-008 252.515019 148.815049
7 1.792990e-008 195.039705 291.069991
10 1.319180e-007 294.402176 334.824255
3 2.093830e-007 294.482909 334.827074
6 3.481000e-007 435.523041 132.065012
7 2.939730e-008 531.432467 199.221616
11 9.959120e-008 579.366063 232.785132
6 5.623690e-008 433.247396 220.358724
10 2.563490e-008 462.527295 307.770579
7 1.614490e-007 463.351757 309.811189
11 9.876110e-008 490.194756 376.249822
8 4.130120e-008 467.588824 324.946017
6 1.223560e-007 577.556793 162.219827
11 2.149540e-006 609.417730 287.468509
4 8.116530e-008 599.580329 291.058262
6 8.162150e-009 723.271801 117.914998
11 2.130800e-007 581.575000 253.669781
4 1.938060e-007 525.663118 445.701990
8 2.451060e-007 525.114534 447.131087
10 6.103290e-008 515.172862 473.029772
11 2.573830e-008 495.614299 193.167201
6 8.024680e-008 472.492616 171.605785
7 7.492470e-008 458.099941 158.184336
11 8.429620e-008 466.816038 338.810374
10 3.517630e-008 453.555924 352.070397
7 1.150680e-007 430.171203 375.454958
8 1.018780e-007 393.620684 385.628684
3 2.112470e-007 354.748540 346.756540
6 1.555280e-008 271.290763 124.670055
2 7.676570e-008 212.553386 160.859439
7 2.122420e-008 211.401970 154.936019
2 2.120350e-008 213.302627 314.384121
3 5.908560e-008 240.294752 250.794607
10 1.312620e-008 244.204167 241.584595
7 5.197290e-008 247.015841 234.960701
2 7.043950e-007 66.590001 189.406317
2 4.529090e-008 230.522558 187.592595
7 2.303910e-008 215.588188 177.134887
2 1.875660e-007 50.979750 102.515344
3 1.893760e-007 319.355611 284.782743
7 3.262990e-007 326.624267 284.655858
10 2.010270e-008 266.271542 260.618071
2 1.694580e-007 174.475711 225.380675
2 8.338960e-008 73.894972 97.305670
7 9.403700e-008 297.072131 254.588036
2 4.419090e-008 149.979302 127.095449
2 1.419420e-007 191.622743 194.832203
10 1.469710e-007 341.762242 305.489195
7 3.898990e-007 343.369112 307.153151
3 3.661310e-008 411.645104 301.214826
11 8.735290e-008 521.712326 224.144584
6 7.016410e-008 566.443854 156.411651
11 2.948870e-008 591.193547 112.159822
6 5.580320e-008 590.276018 111.586486
7 8.569560e-008 455.367095 210.606302
6 2.846490e-007 470.635456 21.646082
6 8.578900e-007 475.260367 119.867033
7 1.503640e-008 541.273573 95.350894
6 1.088190e-007 540.819681 77.718353
7 5.267300e-008 495.268955 144.480324
11 6.375660e-008 625.535863 162.685881
6 1.119620e-008 615.144003 261.558085
4 5.837610e-008 557.308370 401.570875
8 9.001060e-008 485.469072 455.705626
10 6.245960e-008 427.624537 557.545452
3 4.894580e-008 426.816101 562.649691
5 2.521240e-008 422.903239 587.354410
5 2.349130e-008 166.009618 748.903840
8 2.168880e-007 428.612849 627.141242
5 1.092310e-007 358.091784 559.039872
10 5.363230e-008 323.482497 525.618088
3 4.908130e-007 319.611781 521.880182
5 6.849460e-008 199.470144 429.930220
10 2.020030e-008 139.328982 442.713708
3 3.931520e-008 134.274079 443.788168
7 3.432600e-008 263.180903 463.245604
5 5.309350e-008 160.952441 528.336802
3 4.540140e-008 135.373567 449.613268
2 5.909990e-008 115.828334 389.459339
10 3.257350e-008 238.985756 510.711176
5 1.728620e-007 225.608347 499.082422
3 2.011160e-007 225.940916 499.371522
8 1.844790e-007 374.020533 525.007000
10 3.496690e-008 460.971893 525.007000
7 4.466860e-008 431.996562 367.708591
6 2.245120e-007 429.503824 141.800030
11 1.630430e-007 607.925040 207.740534
4 1.967740e-007 593.015901 382.686640
8 1.125180e-007 621.951378 491.540704
9 6.526800e-008 661.965258 800.746549
9 2.948150e-008 672.971666 731.210170
4 2.727840e-008 714.741382 632.991892
9 1.076800e-007 717.438227 755.764202
8 3.720430e-007 481.531068 588.939868
10 3.256650e-008 464.303485 541.515511
5 4.475570e-008 468.423422 544.191031
3 7.535460e-008 468.816332 544.446190
9 1.632390e-007 708.043652 845.731677
9 7.074710e-008 696.671643 875.780976
9 8.906670e-007 840.861447 813.711923
9 3.591330e-008 863.701863 721.728744
4 1.091050e-007 778.031000 554.770147
9 1.296880e-007 730.691094 776.108812
9 2.474630e-008 917.384897 840.269712
9 3.044640e-008 877.630181 705.412361
8 5.160110e-008 522.502332 711.842574
9 4.548080e-008 636.414231 777.140351
4 3.175630e-007 629.562660 520.785023
8 1.001950e-007 629.819776 519.161647
11 1.673150e-007 695.565901 407.144180
4 3.842810e-007 698.804256 399.921500
11 3.434300e-007 682.398507 335.549294
4 8.979020e-008 801.004518 477.214994
9 1.694460e-007 734.546862 753.687854
4 3.915400e-007 697.692275 476.916408
11 3.035120e-008 761.416003 486.248080
9 2.120650e-008 812.441490 664.394638
4 1.710720e-007 764.769237 518.263195
8 9.233540e-008 582.104938 500.011750
11 6.554720e-007 553.348885 281.863886
7 2.718170e-008 536.993252 234.363780
6 2.409460e-007 507.545167 148.840512
10 4.029490e-008 430.763548 297.285989
3 2.966370e-008 435.312639 299.504720
7 1.324310e-008 523.059380 384.694101
11 3.234200e-008 515.682317 397.471569
8 1.097430e-007 475.154029 467.668736
5 3.773180e-007 354.433441 524.689725
3 1.004240e-007 160.369005 537.373898
5 1.464990e-007 282.630102 610.538399
8 1.296220e-007 407.572534 608.213420
3 3.755470e-008 400.027844 605.010890
5 6.161560e-008 199.568884 478.117795
3 3.671520e-007 287.165142 544.126106
8 3.731100e-007 415.871036 589.516170
4 1.397920e-008 571.342698 673.347506
9 1.338640e-007 724.109608 811.656941
9 4.945060e-008 686.362110 911.769399
9 7.451190e-008 644.694222 828.416029
9 9.739470e-008 803.318798 958.286787
9 5.853080e-008 917.278603 830.251033
4 1.504500e-007 801.734155 475.940826
9 6.844530e-008 635.637544 853.458243
9 5.851010e-008 762.810186 652.559456
8 1.469370e-006 511.281268 548.051238
4 2.788410e-008 483.940617 392.995430
10 1.458430e-008 461.867593 422.918047
11 3.142750e-008 461.302881 424.656040
7 5.359870e-008 461.187470 425.011236
3 1.784950e-008 434.815768 506.174425
5 2.522030e-008 422.564657 548.617717
8 5.783300e-009 505.055404 370.040223
4 1.033770e-007 574.580989 500.799603
11 4.355220e-008 671.938976 447.495004
11 1.323870e-007 756.619933 379.012809
4 1.334660e-007 795.030087 363.629916
4 2.792190e-007 665.410632 587.397577
8 6.482300e-008 587.293031 475.834454
10 9.806310e-008 441.388750 426.509055
7 1.611290e-008 354.929770 415.893426
3 5.739800e-007 353.314440 415.058282
5 7.258970e-009 407.706577 364.336649
11 3.857020e-008 449.217065 280.424179
6 1.383440e-008 370.184766 281.803560
10 1.687580e-008 262.203956 183.644727
7 1.936970e-008 237.708432 98.218378
2 4.705500e-007 136.776863 191.783083
3 4.460990e-008 238.265563 282.486820
10 3.910630e-008 222.834966 280.865032
2 6.346620e-007 112.106909 166.876818
2 3.856550e-007 91.849964 181.147084
2 5.897500e-008 231.367072 267.037072
7 2.517930e-008 177.607035 286.604251
10 1.882490e-008 160.336372 292.890299
3 2.493980e-008 240.713000 182.072268
6 1.322650e-008 244.824914 195.320107
2 7.898070e-008 245.066389 209.151837
7 2.027990e-008 162.743599 204.672773
2 1.173220e-007 158.907549 221.277888
2 1.082770e-006 90.456260 191.297241
2 5.059140e-008 250.557047 295.283042
10 2.296030e-007 325.794262 318.285301
3 8.056060e-008 325.870037 318.308468
7 1.695050e-007 327.984901 318.955045
2 3.566230e-008 74.096792 169.319828
2 7.478620e-007 45.356275 211.899194
2 9.759420e-007 115.883022 238.985661
10 8.743480e-008 276.331327 302.449934
7 4.100600e-008 274.049323 302.649586
3 1.052790e-007 206.902461 308.524265
2 8.115840e-008 175.346259 136.597795
2 3.439110e-007 52.765613 194.219932
2 8.215930e-008 235.182619 277.202116
3 7.376860e-008 250.828275 279.439054
10 6.732310e-008 237.669264 272.144853
7 1.828960e-008 235.783611 271.099612
2 1.655080e-007 42.549207 104.909586
10 4.236500e-008 280.913799 204.717142
7 6.134400e-008 280.055695 202.593241
2 5.596200e-007 132.116819 227.216303
2 4.052490e-007 107.329026 293.365752
2 3.530680e-007 129.870320 284.988552
6 1.853290e-008 267.980538 65.831267
2 8.891550e-008 174.542923 193.279292
3 8.113010e-008 321.657939 285.883521
10 4.410350e-008 354.229594 270.695069
7 8.273520e-007 356.224256 269.764941
6 5.039440e-008 455.239293 240.317430
11 4.623800e-008 433.192061 317.205764
8 3.396620e-008 410.957991 367.039759
7 5.956800e-007 439.964415 286.408862
10 9.670510e-008 444.568365 352.252143
3 3.008450e-008 470.720633 372.607891
11 6.493290e-008 507.235759 282.230282
6 9.782640e-008 447.191472 170.085755
7 1.721010e-007 348.973825 238.799630
10 6.616490e-008 345.395341 257.209307
3 1.885080e-008 349.703010 205.138610
6 6.128660e-008 416.529905 145.658168
11 4.761470e-008 438.567215 160.445155
7 9.144490e-008 434.516568 156.533484
6 3.759390e-008 553.117812 209.017286
4 5.773200e-008 526.664691 369.488371
11 9.727570e-008 494.266936 363.190818
10 2.158650e-007 423.244652 349.385335
7 9.793210e-008 421.018057 348.952524
3 9.336140e-008 384.599493 316.650356
6 1.460910e-007 469.017147 164.357756
11 1.664800e-007 524.513992 349.157489
10 1.856410e-007 443.963892 369.240710
7 2.789230e-008 441.893740 369.756853
8 6.967780e-008 415.007370 442.385485
3 9.751530e-008 419.775805 449.455011
5 1.248910e-008 458.818379 507.338268
9 8.788060e-008 701.868706 868.458385
9 9.905040e-008 756.932066 674.054326
4 8.741360e-007 723.385068 458.671994
11 4.180650e-007 665.240557 293.747677
4 6.928660e-008 600.600015 546.647550
8 9.639180e-008 562.283147 607.405567
10 2.081900e-007 438.081993 464.529447
7 2.341370e-008 444.957407 401.227647
3 2.492210e-008 461.323318 330.339452
11 4.926580e-008 476.374645 260.440446
6 7.923970e-008 464.092702 190.785176
6 4.467940e-008 572.125661 155.700022
11 8.493710e-008 503.286946 222.177166
7 9.995700e-008 518.967997 290.435231
10 2.162960e-008 554.227811 359.636669
4 9.988990e-008 579.687448 412.847735
8 2.064280e-007 495.442103 446.884829
5 1.034610e-007 381.685202 528.945126
3 5.752680e-008 378.990976 550.888140
8 7.332160e-007 505.870696 476.363711
10 5.224430e-008 515.159767 467.393373
4 1.065050e-007 582.430662 396.841687
11 3.245300e-008 563.493173 409.615127
3 1.110100e-007 354.114129 541.105527
5 5.437070e-007 341.022212 548.066686
3 6.330540e-008 169.119720 588.752098
5 8.379340e-008 155.517995 582.118062
10 3.104250e-008 383.610903 570.866135
8 1.282780e-006 436.362674 585.929998
5 6.586480e-008 416.946449 606.036140
3 2.844490e-008 416.633887 606.359809
5 1.350250e-007 329.461482 653.108344
3 8.311280e-008 382.256828 550.928891
8 3.024420e-007 382.377723 548.622238
10 1.957670e-007 386.824999 463.769180
7 4.912810e-008 427.238332 370.383545
4 5.519480e-008 470.502982 451.726698
3 1.682950e-007 360.431501 434.293461
8 9.963330e-008 358.303635 433.956448
5 7.803560e-008 372.604045 464.558574
10 8.678550e-008 384.921866 482.820324
8 4.507350e-008 494.832101 678.251173
9 2.698340e-007 748.259873 794.223546
9 8.825590e-008 825.008590 886.177400
9 6.229570e-008 827.256793 921.385482
8 6.590940e-007 488.682963 598.013145
5 3.167770e-008 417.492144 704.937578
5 5.157530e-008 313.441111 670.019617
5 2.311530e-008 192.946928 737.447853
5 2.140500e-008 193.454865 716.992631
8 8.471960e-008 425.260512 616.092081
5 1.446780e-007 363.619759 574.125095
10 2.728640e-008 277.470680 557.379656
3 1.614960e-007 277.386128 557.363221
8 8.013120e-008 292.724439 558.024622
5 8.845640e-008 207.171657 570.994960
3 2.333030e-008 117.155389 539.999758
10 3.623400e-008 352.548482 527.052186
8 1.501600e-007 365.463665 530.272327
5 2.757960e-008 458.114803 553.373027
7 2.508160e-007 470.494775 334.065968
11 7.815220e-008 492.621531 256.901651
6 4.629340e-007 476.823724 163.209661
10 1.519060e-007 365.501174 326.527906
3 1.108700e-007 386.277344 394.483689
7 1.285470e-007 390.129307 407.082889
8 4.477430e-008 339.345494 373.870605
5 3.789000e-009 269.010702 314.852689
2 1.072470e-007 211.586753 247.435742
3 8.435690e-009 129.950546 194.455329
2 6.041670e-008 130.526067 107.160867
7 2.477210e-008 280.830577 161.633031
2 6.993270e-007 91.710890 262.874713
3 1.334260e-008 217.122265 190.449388
2 2.419130e-008 229.684146 178.318526
2 7.806310e-008 181.154006 176.405300
2 6.009290e-007 83.674998 154.901259
7 9.893540e-009 209.951452 232.689710
2 5.582890e-007 119.184784 216.684996
3 3.420490e-008 138.091988 315.456973
2 7.892080e-008 170.367639 141.866798
7 2.858400e-008 263.071634 247.268621
10 8.226370e-008 248.042365 324.587492
3 4.264420e-008 178.237056 287.679178
2 7.144520e-007 119.422600 214.173993
3 6.987280e-008 223.653000 352.044115
2 5.159330e-008 225.118754 351.623817
10 2.367070e-007 303.517476 329.143313
7 2.191760e-007 375.600784 308.473727
11 6.235040e-007 602.443292 362.555697
4 7.245890e-008 546.774483 382.606247
8 1.701700e-007 457.356534 403.249945
10 4.624890e-007 390.301383 334.648794
3 1.653800e-007 390.283381 334.570820
7 1.496680e-006 372.751082 258.630314
6 6.658910e-008 390.477359 155.064500
11 1.256810e-008 474.882676 232.068318
7 2.407200e-008 556.007925 131.887323
6 2.726100e-008 639.169625 81.780359
11 8.724050e-008 620.558995 150.876351
6 9.944390e-008 646.347894 117.277633
11 3.255700e-008 592.502387 154.530112
6 1.519970e-007 425.501561 58.579226
11 2.900910e-008 478.808635 199.651743
7 5.488400e-008 478.438034 199.703826
6 1.467080e-008 346.642157 218.226126
10 1.776580e-007 343.363939 315.139538
3 1.819820e-007 352.397833 379.419280
5 3.214720e-008 448.151855 444.011691
8 1.619240e-007 450.706845 444.744324
4 2.072630e-007 599.881995 499.783090
9 6.583940e-008 690.191590 802.203511
4 6.160280e-008 735.416685 708.068135
9 3.072550e-008 702.184351 618.112754
9 1.650280e-007 708.157855 797.154913
9 4.001280e-008 772.155298 734.288561
4 9.617670e-008 598.465673 501.810210
8 4.451610e-008 578.040203 435.001447
11 6.712040e-008 495.704559 346.958167
7 4.678300e-008 420.482444 301.760447
10 6.216490e-008 417.804318 300.151277
3 3.491750e-008 378.419860 269.365077
6 1.678540e-007 417.731563 155.196141
7 5.000310e-008 439.144521 146.672026
6 7.111080e-008 453.953767 164.397595
11 1.233750e-007 509.815608 375.625845
10 5.757200e-008 511.835006 378.509849
8 5.364580e-008 553.918623 438.611593
4 5.326490e-007 629.126211 503.609300
4 8.508770e-007 618.313716 501.586202
8 3.678390e-008 566.642914 456.669664
11 5.562100e-008 497.069872 396.191017
10 1.094340e-007 439.435175 358.782695
7 1.734750e-007 367.860728 328.401170
3 1.387780e-008 295.547450 297.706030
2 1.011240e-007 136.729237 317.808786
3 1.457340e-007 345.634353 289.803520
7 4.509760e-007 347.762629 289.389825
10 1.039930e-007 350.711644 288.816594
6 1.070920e-008 437.791814 163.182941
11 6.731410e-008 503.591373 210.106788
7 1.920590e-007 440.926611 268.062412
6 2.815350e-008 436.924597 271.927111
10 2.117400e-007 381.542547 325.408909
3 7.946700e-008 357.236146 334.759046
6 5.584970e-008 610.655151 123.029780
11 6.429670e-008 609.686315 178.545170
4 1.223790e-007 591.883210 405.155183
8 1.948100e-008 543.366745 383.736974
7 1.415770e-007 501.925695 273.730852
11 1.625820e-007 549.732605 210.288803
6 2.946060e-008 613.389988 125.812420
6 7.118410e-008 547.017881 219.981760
11 8.485560e-008 516.799675 267.098075
7 6.137450e-008 516.535419 267.436309
10 2.889990e-007 412.471465 400.632868
8 7.710490e-008 426.047063 425.316000
3 1.580300e-007 438.899625 425.316000
4 1.881700e-007 574.060525 406.689657
11 5.650470e-008 456.888498 289.518460
7 5.920220e-008 456.632508 289.262472
6 1.092720e-007 444.645981 151.195239
11 4.424910e-008 519.371604 453.028056
8 2.292860e-007 514.769000 468.905158
10 2.045180e-008 514.769000 466.042329
4 1.116880e-007 514.769000 465.375642
7 7.475970e-008 528.773497 212.501618
6 8.967640e-008 545.625064 133.221951
11 3.092330e-008 506.171240 214.850627
6 2.586090e-007 414.394805 116.673901
7 1.893510e-007 410.423565 211.038924
11 4.982180e-008 495.887292 369.585552
10 5.856060e-008 492.263288 392.466391
8 6.008670e-007 480.218303 468.514715
7 4.162210e-008 464.549604 229.697536
6 4.091500e-008 437.178724 173.578995
11 4.753430e-007 577.299679 209.295829
7 5.285760e-008 495.872440 359.771809
8 8.249860e-009 471.776900 333.932514
10 9.246180e-008 469.844619 331.860396
6 4.097220e-008 468.543484 275.320969
11 1.891520e-007 546.044059 311.459918
7 6.215770e-007 369.536516 288.693581
10 5.700450e-008 395.339279 260.036843
6 1.573550e-007 537.213926 195.779034
11 6.507060e-007 585.756162 265.104516
4 1.413720e-008 533.581310 352.302274
7 6.295430e-008 450.996612 396.213366
10 2.263440e-007 449.204671 422.253297
3 8.908450e-008 472.662901 434.205821
8 2.765130e-007 474.641805 435.214119
11 5.344390e-008 519.746551 435.629078
5 3.987010e-008 421.314879 570.365976
10 1.949240e-008 420.204798 579.052811
8 9.132730e-007 424.849385 549.727814
3 5.089870e-008 438.154056 465.724774
7 4.031480e-008 495.190597 412.836109
4 2.765900e-007 559.107341 479.024165
11 2.608620e-006 607.847457 313.669259
7 6.553310e-008 460.369235 244.017930
6 6.167780e-008 464.401264 253.997495
10 5.217830e-008 499.210123 340.151968
8 5.634910e-008 473.323489 308.463408
7 5.874970e-008 421.494501 400.872764
3 1.361230e-007 363.697451 350.630331
10 5.244820e-007 351.869410 340.348326
8 3.076480e-007 507.816431 485.382727
4 6.143560e-008 587.970968 601.242322
9 3.317560e-007 787.100160 723.123843
9 1.333800e-007 861.798291 847.667346
8 5.160510e-008 510.285820 599.241574
5 3.496470e-008 469.579526 489.997062
10 3.115590e-008 475.866022 474.437421
3 6.330690e-008 508.621891 393.363702
11 1.710760e-007 532.448966 326.113793
7 2.747370e-008 533.584630 320.770978
4 6.592720e-008 534.329121 317.268468
6 1.990450e-007 547.203918 140.117403
11 4.129680e-008 653.223223 102.947094
6 1.208820e-007 575.626091 154.959949
11 2.728280e-007 540.048497 283.036423
7 8.791480e-008 492.774072 232.340901
6 2.198610e-007 522.689956 142.606867
11 2.933700e-008 523.111452 146.617218
7 2.009550e-008 540.187525 309.088528
4 4.802440e-008 537.588134 275.896469
6 3.435240e-008 530.320068 319.266410
11 3.485560e-007 531.028281 318.153781
7 2.046090e-008 568.691107 167.094735
10 7.932760e-008 415.224220 326.415122
3 3.795930e-008 396.896578 250.101861
7 1.978820e-007 419.312283 216.869336
6 1.058980e-007 460.882856 171.608571
11 8.404560e-008 446.180164 311.494794
10 1.550580e-008 518.026570 272.422979
6 3.330600e-007 454.642666 34.478310
7 3.034880e-008 499.431031 152.311159
11 2.765610e-007 530.296349 232.718230
6 8.010700e-008 582.780170 27.437528
7 2.216070e-007 440.077188 254.952242
10 8.250100e-008 456.969648 412.590679
11 2.841880e-008 457.210499 419.487774
8 6.548190e-007 459.180163 475.891813
4 4.457710e-008 459.482538 484.550744
9 9.354860e-009 773.392601 638.955342
9 1.779690e-007 836.336251 869.361334
8 2.651720e-007 569.329546 584.070090
4 3.655290e-008 570.401942 592.804263
9 1.098990e-007 698.438977 827.301109
4 2.851870e-007 768.404639 468.605643
9 1.725150e-007 902.569514 786.593358
4 1.556380e-007 762.274089 529.963759
9 5.780050e-008 752.290873 683.439983
4 1.634490e-008 720.408935 650.275482
9 4.919300e-007 850.411345 753.004624
9 2.343330e-007 767.998285 894.296868
9 2.261630e-007 819.310705 907.015941
4 8.441520e-008 759.527478 526.628695
11 5.808990e-008 657.857878 409.755329
4 2.881700e-008 869.418880 502.707375
9 5.202360e-007 801.528375 763.000074
9 4.472070e-007 748.404702 855.448116
9 1.527870e-007 881.678252 780.270632
4 2.523020e-007 788.244685 492.479314
9 2.275220e-007 831.838533 712.796769
9 8.587390e-008 864.287742 711.238565
9 9.967810e-008 738.822719 911.161138
9 2.752610e-007 728.159661 835.468014
9 3.550390e-007 747.653467 783.390656
8 2.301590e-007 554.575275 560.260560
4 2.311850e-007 637.781500 557.354713
9 2.364780e-007 829.087339 741.072427
4 3.698440e-008 629.235362 585.900305
8 2.712880e-007 581.935549 544.782874
4 1.870870e-007 526.847284 496.760254
8 4.393580e-006 484.882239 545.035363
5 7.330100e-008 323.807479 703.821269
5 5.650310e-008 228.140495 699.067634
5 5.356120e-008 187.744617 699.989488
5 7.146850e-008 315.082516 685.373507
8 2.259890e-007 431.409002 591.173289
10 5.722260e-008 420.242098 569.581518
3 1.223240e-007 283.004935 579.178522
5 2.140510e-007 232.214556 505.796192
3 1.131620e-007 266.896735 563.517475
10 8.532310e-009 272.180139 572.310605
5 1.849360e-007 272.176060 460.916529
8 1.793100e-008 221.899471 512.979473
3 1.358120e-007 216.435950 518.637116
10 2.232100e-008 209.557936 525.759508
5 6.089570e-008 240.621498 482.266376
3 1.633870e-007 318.501980 545.332864
10 3.306490e-008 326.601634 551.891847
8 9.811060e-008 365.108013 583.073756
5 6.325400e-008 193.960807 533.259804
3 1.302530e-007 237.308392 546.512441
8 7.323620e-008 339.487224 577.751529
10 1.810590e-007 298.307098 503.564081
3 2.334340e-008 112.012062 513.041195
5 1.944520e-008 98.133291 497.627249
10 2.809060e-008 148.064868 405.352521
5 6.125250e-008 145.430941 513.642166
3 5.481040e-008 170.962317 439.492730
5 3.255960e-007 220.894371 529.116360
10 5.448450e-008 246.605818 465.477857
3 9.470340e-007 250.568252 455.670419
5 4.248850e-007 237.357634 588.696325
3 1.103690e-007 278.343260 525.583629
10 1.386380e-007 316.332323 467.085262
8 7.518440e-008 302.762949 486.447717
5 6.570840e-008 285.103978 423.125228
3 3.136520e-007 222.697485 444.613476
10 1.138080e-008 150.498356 469.473595
8 1.211420e-007 376.396591 625.802791
5 6.774530e-008 415.544587 669.280842
8 9.475720e-008 385.046946 607.123292
5 4.587620e-006 291.393177 529.596992
3 1.662680e-007 251.824534 511.979945
10 5.439420e-008 247.004834 509.834082
8 4.679260e-007 461.094938 597.990739
4 3.190630e-008 674.009959 641.432292
4 3.202110e-008 810.720841 566.282568
9 1.727280e-007 841.678414 737.107643
9 2.226940e-008 705.276963 797.966973
8 4.644070e-008 685.934100 592.568680
4 2.643910e-007 772.162443 527.747430
5 6.443750e-008 424.426135 579.727911
3 4.195350e-008 388.341299 627.614362
8 7.441490e-008 373.947392 646.715822
5 1.230220e-007 306.938432 651.152223
8 9.244780e-008 304.150520 654.250386
5 1.824980e-007 309.512701 635.113263
5 8.067290e-008 292.698914 700.468539
5 5.346940e-008 314.374432 711.081628
8 5.486320e-009 386.174167 712.280671
5 2.057760e-008 388.471527 618.100093
5 2.317610e-008 217.291934 687.704400
5 1.480980e-007 257.044518 644.633638
5 4.098590e-008 405.164712 644.531269
8 7.981540e-007 451.432107 573.285442
10 3.722870e-008 360.332582 538.766001
3 1.595080e-007 344.434227 537.094978
5 4.997030e-008 140.178297 439.558953
3 1.613570e-008 81.997856 501.949592
10 5.809350e-008 321.188473 530.697130
5 2.932320e-007 339.758555 540.990676
8 1.187950e-007 403.679145 547.305834
3 1.250720e-007 422.573809 545.652742
4 1.226590e-007 576.137210 534.662097
9 1.705810e-007 844.086953 728.126947
4 7.519590e-008 837.198665 559.491529
11 4.796460e-008 765.772821 393.606624
4 1.068250e-007 784.625681 377.150381
11 8.301400e-008 727.786537 274.608858
4 7.633670e-008 679.017118 300.216083
11 2.396220e-007 701.401744 340.051781
11 1.481010e-007 693.717718 361.587747
4 9.411260e-007 675.599813 424.772685
11 3.162520e-008 632.361972 526.835738
4 5.590940e-008 590.542220 576.674816
8 1.362380e-007 543.710295 632.487197
9 7.054880e-008 734.225297 694.774173
4 6.200340e-008 725.959481 618.720765
4 6.080200e-008 737.279987 574.077917
9 3.092250e-007 749.108529 768.316877
4 1.172030e-007 633.824243 571.931315
8 1.477790e-007 549.807988 493.142465
11 3.005420e-007 573.302073 325.977052
10 2.519570e-008 547.377121 325.137300
7 6.806910e-008 502.092974 375.430341
3 5.544870e-008 513.785594 374.990303
11 2.419590e-008 547.018804 146.634475
6 7.597350e-008 539.682187 125.327473
7 4.560760e-008 468.203375 180.784057
11 2.199350e-007 540.151273 255.287645
4 6.539820e-008 562.814665 310.596496
10 3.744530e-008 428.002234 288.956824
7 3.039130e-008 559.751139 399.506668
8 7.369830e-008 512.859036 429.811597
11 5.527840e-008 495.113757 438.466579
3 8.719220e-008 389.372498 525.513140
5 1.392470e-007 399.448859 589.132359
