10 4.134500e-008 745.422680 563.178537
11 3.352600e-007 728.592569 577.808668
10 8.825100e-008 635.264634 512.569472
11 3.367280e-008 652.978314 500.166217
10 1.014960e-007 838.368142 329.374945
10 6.212870e-006 708.808816 400.978451
11 7.894830e-008 646.631238 605.622238
7 8.017850e-008 452.449439 431.840639
2 1.156660e-007 732.390458 92.915088
10 2.743920e-007 591.129307 390.210494
10 1.253790e-007 870.179959 369.230163
11 2.714800e-007 737.158463 581.879213
10 4.082800e-008 859.013675 501.533292
11 6.472360e-006 779.938764 640.681929
10 9.415610e-008 831.335087 522.871347
11 5.265270e-006 773.112557 638.805635
10 2.133880e-007 716.159984 524.809923
11 6.797830e-008 894.645782 490.115591
4 8.341140e-008 642.379841 829.786769
11 5.263870e-008 669.678157 776.457966
7 3.118830e-007 479.393786 504.044600
10 1.954320e-008 737.591040 576.397338
11 6.427670e-007 739.127927 576.289871
7 1.517390e-007 473.106198 528.022724
10 9.229620e-008 588.608301 438.863653
11 1.389460e-008 597.764672 572.094854
7 1.361740e-007 457.679527 603.708069
6 2.047670e-008 457.999109 600.667459
7 4.128610e-008 451.613275 393.430069
5 9.400030e-008 491.341151 142.124984
10 4.401250e-008 491.863203 370.801567
7 4.691560e-008 342.101109 412.031051
9 2.745730e-007 161.385839 606.020601
9 7.738490e-007 183.992544 534.134604
7 2.243520e-007 283.503748 526.094931
6 4.040230e-008 295.903227 648.088078
9 2.570180e-008 226.841418 669.202424
3 1.854620e-007 250.668335 797.387931
8 1.305410e-008 305.468608 775.720308
7 3.355330e-008 294.123998 709.349031
6 1.286880e-007 287.712437 714.728965
3 2.626250e-008 100.843185 741.207265
9 4.261910e-008 128.617212 767.911044
6 3.136250e-007 348.488337 691.441345
9 3.763370e-008 112.835240 746.021581
3 8.862980e-008 95.103006 812.198887
6 2.670040e-008 187.974986 800.186490
3 3.042510e-007 231.408307 808.464723
9 9.621060e-008 181.432835 651.621193
7 2.569380e-008 372.873646 703.409322
6 1.544000e-007 373.415376 706.481638
4 7.348850e-008 386.079399 778.303243
8 6.918800e-008 400.910297 862.413864
3 2.966890e-008 369.662052 908.915768
3 3.463330e-008 156.624022 748.022150
3 1.721190e-007 116.849947 928.308414
6 5.618330e-008 337.803210 881.622028
8 2.422990e-007 339.843574 876.016107
4 2.814540e-008 367.526441 799.957149
3 8.386200e-008 229.970640 767.832021
6 6.918330e-008 304.710429 901.536126
4 4.508370e-008 301.214128 904.575335
8 7.515740e-008 300.162126 905.489802
3 7.369290e-008 240.875073 957.025904
3 3.597820e-007 152.185536 924.747801
6 2.454140e-007 382.351535 858.598649
8 1.087570e-007 388.112607 858.094609
4 7.130640e-008 409.665645 825.602928
7 2.114900e-008 280.997302 723.935267
3 1.838250e-007 263.809765 771.157450
6 2.374080e-008 361.998974 912.392987
8 1.836550e-007 368.114166 914.031547
4 8.802280e-008 435.261087 932.023502
3 9.715070e-008 147.908542 928.639955
3 5.260060e-008 147.204711 818.022335
7 3.866600e-008 247.458492 621.836729
9 3.039820e-007 170.719811 625.858365
3 1.064680e-007 176.755473 734.117848
8 2.284710e-008 260.056483 980.394012
3 1.426820e-007 259.215373 979.741519
4 1.481520e-007 374.494886 849.702809
6 1.776880e-007 376.628394 838.726981
8 5.580700e-008 398.037069 728.590085
7 5.669240e-007 351.458671 586.613883
6 1.138010e-007 367.630284 658.061496
7 4.670740e-008 239.311979 458.329202
9 7.504270e-008 181.212573 428.726143
9 2.924070e-007 197.594808 541.082462
7 1.398660e-007 289.512896 593.118230
11 2.877350e-008 593.720825 520.365705
10 1.930690e-007 599.330217 438.088468
10 1.721540e-008 657.657570 603.942810
11 4.003400e-007 722.799300 644.358593
11 8.284260e-008 851.629715 591.645529
11 6.020780e-008 910.329715 670.634825
11 2.887790e-008 885.073830 515.069328
10 9.579070e-008 788.336531 488.165350
4 2.499140e-008 535.174766 616.565552
7 2.452220e-008 540.497922 526.703438
11 5.539240e-008 693.884734 594.995807
4 9.675050e-008 558.873342 711.004863
11 5.323420e-008 658.264003 563.653529
10 5.160050e-008 628.174333 533.933680
7 3.484740e-007 463.620838 502.082904
6 1.216540e-007 537.026264 717.887516
4 1.355030e-007 546.508855 721.718710
11 3.454520e-008 777.652193 772.719401
4 7.083720e-008 513.545175 778.287710
6 6.765490e-008 499.653772 707.301445
7 2.180940e-006 385.225812 556.098480
9 7.190200e-008 237.859910 511.468545
7 2.503560e-008 322.274475 578.896173
9 8.166240e-009 363.837894 650.497230
6 3.052660e-007 393.213623 680.648552
7 4.195430e-008 393.536878 678.607618
4 1.808460e-007 369.058796 788.441939
8 9.071340e-008 338.940991 847.551635
3 8.393140e-008 333.750672 857.738241
6 4.748850e-008 317.238039 890.146205
3 2.095450e-008 300.378959 730.686866
6 1.204340e-007 319.007720 723.535996
6 2.020380e-008 247.201092 674.875042
9 3.903990e-008 182.814186 693.248965
3 6.027810e-007 186.958227 843.653995
9 1.774650e-007 121.753236 654.966419
7 1.460080e-007 342.335635 642.230114
6 3.647050e-008 349.647041 631.390479
11 1.491900e-006 736.252796 602.072948
11 1.591700e-007 738.066166 566.677512
10 1.607190e-007 776.406440 534.080439
4 3.876470e-008 687.133104 790.842600
11 5.002650e-008 736.113021 735.660595
11 1.216990e-007 773.036096 737.153316
8 4.178260e-008 551.492127 930.085696
4 1.020870e-007 529.547550 917.921643
6 6.033220e-008 526.082439 855.475604
4 2.857290e-006 469.261278 814.080348
8 4.843130e-007 457.777521 886.586683
6 4.726170e-008 488.544188 894.294566
11 4.053330e-008 581.090514 627.108372
4 5.920170e-008 595.829693 778.050650
6 6.161070e-008 591.631596 773.852525
7 1.879750e-007 482.784021 628.684740
11 1.370470e-007 709.559113 541.453362
10 1.789820e-007 796.725036 470.720519
11 4.408460e-008 834.464579 775.622201
11 9.732290e-008 623.925046 622.311666
11 3.174140e-008 752.364091 730.501916
4 2.302540e-007 559.208694 731.052937
6 2.245490e-008 551.853131 661.071384
7 2.834060e-008 528.457141 523.666941
5 5.220050e-008 523.741154 106.853798
7 3.404800e-008 246.834348 351.975611
10 7.294840e-008 588.728557 319.934630
5 1.062520e-006 424.115641 37.010560
7 1.134180e-006 399.196862 504.783813
5 2.294260e-007 447.507804 80.809720
10 3.767950e-008 490.311136 395.759065
7 7.795840e-008 330.253072 335.820819
5 1.550670e-007 255.086775 60.196064
5 4.316090e-008 247.857906 133.799636
5 1.144660e-007 296.389733 163.838768
2 3.568300e-008 638.861385 98.678800
5 3.908220e-008 540.219531 87.132989
5 8.406340e-008 342.882375 169.278238
5 7.275640e-008 499.390671 137.094639
7 2.049240e-008 477.806250 366.858471
4 8.240220e-008 607.929665 786.764006
11 3.569460e-008 739.635448 703.650831
10 4.524120e-007 735.449416 465.825349
10 2.225400e-007 838.960721 398.424468
11 1.203270e-007 709.199917 520.989448
4 2.054800e-007 567.426566 759.020779
6 1.005760e-007 499.978956 735.553190
11 4.788020e-008 651.605430 554.104507
10 3.218360e-007 664.180955 464.627545
10 2.240440e-008 759.095565 289.158948
