3 1.353910e-008 644.112165 660.113024
3 5.467370e-008 778.616342 412.193502
11 1.978300e-008 754.139129 282.686136
9 3.536650e-008 756.540149 284.017040
3 1.162190e-007 696.366645 400.412883
3 8.755380e-008 655.301107 568.068512
11 7.123870e-007 556.340008 210.523585
9 4.870100e-007 626.035400 159.372876
11 3.043180e-007 565.379675 263.361846
3 8.539670e-008 590.542462 388.827973
9 2.094640e-008 824.036407 218.301636
3 1.102090e-007 703.836762 524.164331
10 6.787000e-008 814.291066 632.050299
10 1.005860e-008 918.397547 652.706413
3 5.814610e-008 803.201018 507.890758
10 9.582170e-008 703.666732 714.983856
4 4.941980e-007 671.568239 895.344839
8 3.110240e-008 675.169628 903.433672
7 5.777570e-008 677.265719 908.141560
10 3.258880e-007 838.243153 908.551056
4 3.521920e-008 669.024891 773.837887
8 5.587100e-008 666.792625 764.884856
7 3.364820e-008 665.493387 759.673955
3 5.701240e-008 515.072836 415.734947
3 3.615240e-008 762.569882 574.650694
11 1.512750e-006 530.624767 217.810556
9 7.415760e-008 557.892488 186.784463
3 1.001210e-006 592.175596 446.875943
3 3.189630e-008 422.999142 480.744028
11 4.393320e-007 515.266868 236.472911
3 6.440810e-008 500.972942 399.857909
11 2.238470e-007 500.600868 123.779673
9 2.163090e-008 458.656566 185.499132
3 1.234690e-008 501.805010 376.541496
2 1.765990e-007 174.829073 180.145768
2 4.052500e-008 51.910253 192.058363
2 3.745190e-008 68.058347 256.394832
2 3.533590e-008 59.320500 120.600605
2 1.944860e-007 119.589947 119.967567
2 3.379030e-007 151.425138 140.137002
2 2.974820e-008 89.589463 209.507099
5 1.230340e-008 153.695454 305.360296
2 5.509260e-008 236.497303 7.307455
2 1.615440e-008 79.376773 143.328366
5 1.216440e-007 182.330000 566.630352
5 1.498410e-007 177.868367 531.989608
6 1.171220e-007 93.269416 831.842543
6 6.621420e-008 108.724340 926.113903
6 7.356460e-008 166.584134 858.885318
6 5.035250e-008 183.332967 967.943661
6 5.824500e-008 130.650137 821.941674
6 5.015380e-007 59.632266 904.986125
6 4.536740e-008 155.447222 819.624537
5 1.993800e-008 48.051218 632.287044
5 1.690540e-007 152.338070 414.013883
5 6.310670e-008 194.469996 558.804098
3 8.585280e-008 591.681572 549.528050
11 3.607230e-007 594.476556 241.342948
9 2.630090e-008 585.705546 324.795373
3 9.949050e-007 603.640264 502.351634
10 1.127460e-007 844.888087 665.886704
10 1.506190e-007 754.611437 699.395688
10 4.701220e-006 833.153996 768.528438
8 8.594290e-008 788.462953 807.377538
4 5.639650e-008 789.825093 795.409970
7 3.395660e-008 798.903029 783.790767
3 1.130430e-007 663.058434 548.518862
3 6.865990e-008 686.212584 591.579938
3 5.762180e-008 644.450145 584.133224
4 3.015160e-008 749.810912 774.666198
10 2.331550e-007 753.999790 774.373291
8 1.205540e-007 758.829609 774.035567
7 2.786850e-008 845.360350 767.984922
3 5.034420e-008 411.104222 560.661616
5 1.776720e-007 197.714671 485.397979
5 8.686310e-009 347.811176 620.355348
6 2.896620e-007 55.402340 827.816308
5 3.063060e-008 169.154221 639.965749
3 4.744490e-008 523.874740 584.222635
10 7.204750e-007 797.744027 718.951259
8 8.431250e-008 809.931936 788.521137
3 5.104370e-008 778.612937 537.117442
10 5.280910e-008 876.105349 671.305136
8 5.225330e-008 863.461453 893.298675
7 1.347440e-008 863.435492 893.462584
4 3.853560e-008 716.347575 965.507942
10 6.864470e-008 673.264709 848.867158
8 3.030570e-007 835.868715 850.935734
7 5.170570e-008 836.022588 850.997902
4 2.437620e-008 749.186830 749.198959
10 3.921470e-007 797.939493 759.101789
8 1.192150e-007 739.595837 805.716265
7 1.715760e-007 699.643775 874.985205
10 1.056130e-007 699.603870 875.054322
4 1.248250e-007 699.166411 875.812024
7 1.595140e-008 608.548857 790.400579
4 5.409880e-008 607.690759 789.982056
4 1.800120e-008 598.630331 737.848799
3 1.136260e-007 575.934150 596.295773
3 1.390240e-007 697.022962 555.874557
10 5.521430e-008 692.536776 741.418573
8 2.915090e-008 652.930511 783.093751
4 3.043260e-008 744.817812 775.054555
7 6.788310e-008 689.199874 873.254469
8 3.723800e-007 853.042929 858.919790
10 5.998320e-007 853.295460 858.897696
4 1.184900e-007 745.623221 805.189291
3 7.171440e-008 631.541455 627.852822
10 1.063500e-007 736.041753 762.740569
4 2.426190e-008 806.214766 754.124385
8 7.704900e-008 815.003062 753.045315
7 5.207900e-008 914.774553 938.071146
10 2.284060e-008 730.477743 892.820522
4 5.401290e-008 812.410543 925.923582
8 1.745200e-006 820.879323 929.345197
7 1.498500e-007 753.532641 881.293212
10 1.168260e-007 756.341848 698.104761
3 1.086940e-007 535.947657 545.420978
11 2.538700e-007 527.105560 232.648224
9 3.588790e-008 468.623674 203.869862
11 8.621770e-007 589.802843 130.898206
9 1.088590e-006 639.100851 156.105892
11 2.468530e-008 452.972373 332.241692
5 1.688990e-008 184.626709 252.525585
2 5.191300e-008 244.601018 199.298300
3 1.580790e-007 597.153688 347.491989
11 2.728090e-007 569.830828 258.122952
9 8.149150e-008 551.444505 197.984004
11 8.399230e-007 572.534580 127.530358
9 1.416960e-007 547.448102 183.875492
3 4.614490e-008 493.310790 369.758863
11 1.800160e-007 465.754881 215.803373
9 2.924610e-007 613.402667 143.851694
11 8.231150e-008 414.630694 303.459890
11 4.775390e-007 492.671564 138.616929
9 3.880720e-008 547.649108 255.557178
3 2.511890e-007 541.840964 416.578453
2 1.266340e-007 146.920673 137.557471
2 1.881400e-008 229.525384 270.189107
5 1.814060e-008 153.473608 269.233132
2 7.931360e-008 116.833875 151.086363
2 6.560750e-008 19.152229 141.694213
5 4.264880e-008 115.237761 275.916507
2 2.806670e-008 294.658433 108.674307
2 3.914210e-008 251.687840 217.893658
5 2.243290e-008 149.326182 252.879454
2 5.267210e-008 214.827080 262.901798
11 1.163350e-007 483.227208 279.502567
9 8.522640e-008 491.605859 116.396209
11 1.815450e-007 594.027039 80.564640
9 3.232370e-007 604.041505 185.409844
11 4.467050e-008 454.773141 84.841473
11 1.659180e-007 434.779288 156.848332
9 2.539830e-007 594.599348 107.986409
3 3.518100e-008 540.250524 402.988157
4 1.847370e-007 696.067185 858.136726
10 3.937940e-008 761.277097 910.942940
7 7.167860e-007 765.331942 914.226505
8 2.121580e-006 769.315637 917.452454
3 1.691540e-007 699.057338 494.302425
9 1.558320e-008 786.703036 283.621938
3 2.058270e-007 728.525454 452.287571
10 1.276790e-007 741.886524 728.154220
4 7.502610e-008 622.794951 771.803445
8 2.741020e-008 597.878599 766.051112
3 3.220860e-007 659.456323 498.244092
9 6.288990e-008 746.728000 282.929821
3 4.849450e-007 673.227722 484.533208
3 6.455050e-008 723.535540 580.200715
3 2.142250e-007 552.131392 544.321927
3 3.492960e-008 768.036031 324.130470
9 3.838440e-008 736.619385 318.409320
9 3.710280e-008 755.619843 233.740962
3 2.149850e-007 689.051128 475.958163
11 1.852220e-008 702.361600 255.692926
9 7.067430e-008 773.243064 222.640178
3 5.312200e-008 718.858701 366.798944
3 1.955960e-007 628.642371 563.058916
5 2.170320e-007 162.666954 520.972457
5 6.273580e-007 124.928207 490.098451
5 1.545840e-007 164.557598 437.858486
5 3.417610e-006 101.429228 502.814481
5 7.576400e-007 128.292256 504.150034
5 9.538450e-008 179.797189 580.414398
3 8.671030e-008 508.700992 551.317096
3 2.538690e-008 798.444057 327.523715
3 5.667790e-008 728.586749 380.186882
9 9.072670e-009 826.301687 265.410100
3 3.988970e-008 787.553918 353.736508
3 3.198680e-007 653.179214 500.327993
10 8.620520e-008 783.622934 627.316806
3 2.910200e-007 676.616522 500.404128
3 3.491270e-008 415.711548 393.503940
3 3.652810e-008 503.774643 626.958819
6 5.721940e-008 167.299392 803.429353
6 5.178650e-008 154.863320 840.467465
6 1.695220e-007 32.925602 837.617016
6 3.355390e-008 147.870379 877.995893
5 4.037400e-008 30.460727 703.675586
6 1.514950e-007 37.075922 829.213358
5 1.093990e-008 32.135966 652.121148
6 1.198410e-007 60.837708 837.784908
6 2.126840e-007 121.345064 925.489930
6 4.473460e-007 91.423820 885.988276
6 4.466990e-008 192.475844 796.966388
6 1.427880e-007 93.824282 944.213186
6 2.912000e-008 163.243639 800.349258
3 9.716570e-007 609.585355 501.219911
3 9.580220e-008 544.262264 601.419174
10 1.008120e-007 728.872295 715.556148
3 4.458630e-007 611.679169 520.429862
6 5.240150e-008 158.870904 981.527684
6 1.382190e-007 110.635165 859.355264
6 1.957180e-007 102.481414 904.470651
6 5.484210e-007 65.216006 897.599373
6 1.382610e-007 115.412289 811.050168
6 3.495430e-007 67.740116 923.609356
6 2.336890e-007 125.304240 874.295161
5 1.206520e-008 120.503285 684.462212
6 2.569600e-007 94.467562 861.408691
6 7.197230e-008 145.988462 883.054127
6 2.563590e-008 195.667099 799.512710
6 1.250700e-007 100.296819 949.341789
6 2.891810e-008 237.803330 872.167802
6 5.021050e-008 138.682796 827.173483
6 3.598330e-008 184.438182 927.825333
