8 1.698950e-007 678.702276 621.177459
9 1.869010e-006 752.327632 567.862537
8 4.957020e-008 705.487696 463.398743
6 1.268020e-007 675.508339 239.100466
11 3.859460e-008 749.444630 280.083938
9 7.113600e-008 663.258043 533.602869
8 2.965380e-007 643.516862 619.112228
3 2.576390e-007 474.852268 281.360113
5 1.654640e-007 610.604269 169.015284
11 1.871510e-007 619.223582 163.629357
6 7.135050e-007 619.479445 163.469477
10 3.304630e-008 677.064209 127.486647
9 3.648240e-008 653.852000 501.868357
8 3.945130e-008 653.852000 495.589650
6 1.153670e-007 732.960998 270.215340
11 6.036100e-008 798.657369 217.015918
9 1.387470e-007 786.725165 441.627752
8 6.128440e-008 712.551373 539.258480
9 2.051040e-006 816.742593 538.278830
