7 4.527090e-008 839.626761 330.072607
7 2.189510e-007 708.068884 402.162580
7 3.375410e-008 431.555229 333.541418
3 3.626610e-008 706.133357 90.368108
7 2.191180e-007 568.160409 316.420638
7 3.013510e-008 771.647620 238.887796
7 4.151810e-008 727.982784 522.511790
8 6.038540e-008 640.570068 825.721963
7 2.756700e-007 512.162391 422.938625
9 2.272340e-008 479.438866 577.388132
7 2.128760e-008 754.895374 575.187333
9 1.249850e-008 443.475019 432.666299
7 8.328560e-008 489.592477 298.340685
7 3.133310e-008 607.128681 566.688522
9 1.620510e-008 458.962651 591.500015
10 6.600040e-008 324.415158 526.541889
7 1.035690e-007 509.862423 298.247767
