6 1.779110e-007 677.312209 240.100365
3 1.006510e-007 765.182435 310.762465
6 3.110150e-007 542.211444 222.805413
7 1.994990e-007 666.680832 133.974878
3 2.159560e-007 674.865988 128.860243
10 2.063410e-007 737.472153 89.739704
9 2.796870e-007 740.006342 88.156172
6 1.512960e-006 564.429294 245.227779
6 9.245050e-008 726.322184 275.591300
3 3.433060e-007 784.224510 228.703318
5 1.436580e-007 442.213547 596.069861
5 1.431840e-008 571.159001 585.412316
5 7.496640e-008 422.629513 516.273785
6 2.177310e-007 515.288339 247.909888
7 4.426460e-008 556.401392 272.203460
5 1.323730e-007 458.123349 652.717089
5 2.026640e-008 420.020677 440.458123
6 2.511670e-007 503.223985 265.688096
2 3.997070e-008 426.845334 202.872759
6 5.167390e-008 488.216538 137.060234
8 2.987470e-008 515.580583 109.957994
7 2.254480e-007 503.761625 125.642367
