4 1.911140e-007 642.452845 507.536231
10 4.593150e-007 769.140757 418.828380
7 3.065270e-007 707.541634 293.068821
6 1.353380e-008 671.442576 236.846781
5 4.147450e-008 677.729947 240.331921
11 3.109740e-008 743.544243 276.813307
10 5.648180e-007 707.814768 395.315883
7 1.890530e-007 715.295602 348.946658
6 3.405560e-008 755.140383 326.832990
4 1.265930e-007 664.443909 528.466264
8 9.012460e-008 483.593735 532.327711
5 2.913300e-007 491.059416 267.271390
11 4.228630e-007 547.288218 218.392221
7 1.709730e-007 550.190441 215.869345
5 5.276380e-007 560.988476 179.574023
11 1.053360e-007 565.571633 267.024579
7 8.995580e-008 565.765589 270.725414
4 1.780980e-007 653.852000 507.140078
10 7.523870e-008 653.852000 335.594103
5 2.705740e-008 726.693367 275.290724
7 2.707900e-007 746.983012 258.860633
6 3.662820e-008 782.919026 229.760469
4 7.467560e-008 715.949092 480.859875
10 6.792520e-008 707.975149 485.279938
10 1.504520e-008 751.428075 595.055639
4 3.283750e-007 750.812520 632.330019
10 5.022180e-008 794.221334 587.154242
4 6.327630e-008 757.342100 651.030938
10 2.014490e-007 806.869850 507.177605
4 7.543950e-008 743.651309 680.225800
2 1.975670e-007 823.679641 942.193190
4 3.351460e-007 628.508582 667.951557
8 7.852530e-008 480.076309 613.926459
8 8.085390e-008 528.294013 581.662250
4 3.255720e-007 625.139975 584.260473
8 2.175480e-007 415.915960 543.200613
5 1.900790e-007 501.483930 275.002473
11 3.711620e-007 539.303378 200.777881
7 1.093070e-007 543.350092 192.835783
4 1.223370e-007 563.212377 592.043700
8 2.340150e-008 483.395306 638.126267
8 9.105740e-008 399.610134 458.835895
5 3.858220e-007 515.038988 239.077669
7 6.094350e-008 514.202805 248.635556
11 1.214810e-007 513.646882 254.989971
5 1.252290e-007 512.840887 110.653867
11 1.207160e-007 523.924226 98.768447
7 4.227470e-008 438.237723 339.840754
5 4.809860e-008 416.080917 327.048463
9 1.888730e-006 25.222529 190.606939
9 5.599930e-008 212.834010 197.677598
9 2.075890e-007 89.708948 140.128185
9 1.247380e-007 122.345455 137.474359
9 2.153430e-007 34.399367 225.550234
9 4.235310e-007 74.021821 182.543229
9 1.069280e-007 53.386159 84.837688
9 3.677440e-008 228.674467 131.468558
8 9.972210e-008 267.860363 555.202321
8 8.472670e-007 367.606352 599.204557
8 9.587950e-008 319.743681 731.785464
8 3.291380e-007 346.297881 690.729627
3 9.457060e-009 250.825526 812.497654
8 2.931580e-008 184.913787 642.306952
3 1.174370e-006 182.831700 965.517578
3 2.694590e-007 101.015393 913.904045
3 8.078900e-008 305.718510 911.785219
8 3.939830e-007 396.556125 716.901698
3 7.500100e-007 174.821804 922.604354
3 2.071360e-007 153.183893 895.644968
3 3.252490e-008 307.965568 865.106733
8 2.238460e-007 318.504815 713.027995
3 6.355950e-008 267.218469 886.996639
3 1.051190e-007 22.319210 893.595141
3 8.121320e-009 237.990773 814.363900
8 2.934570e-008 209.203190 623.841570
3 1.625160e-007 240.918623 917.796663
8 3.752720e-006 384.734625 661.353389
8 5.137950e-008 305.899082 492.256948
8 3.283180e-007 362.208957 577.666222
4 2.308440e-007 584.730202 648.936104
7 4.836940e-008 598.479151 389.344193
5 4.590730e-008 597.097408 310.205646
11 8.517360e-008 595.705133 230.463899
4 2.963450e-007 636.690910 564.510492
4 2.675350e-008 767.769914 613.439032
10 6.955160e-008 809.606585 569.912366
4 4.551680e-008 840.779500 601.085074
2 4.987500e-008 789.745221 806.262886
10 1.805110e-007 816.830014 478.354140
4 2.380960e-007 665.863874 544.198875
8 6.338430e-008 550.076672 662.428677
4 2.074920e-006 695.562388 595.742749
8 5.878230e-008 530.437506 619.536353
4 6.216210e-007 650.554843 575.082721
8 1.965710e-007 472.939808 577.982354
4 4.344110e-008 618.413191 750.769782
2 1.585020e-008 888.688111 763.659027
4 2.220990e-008 612.929594 731.944195
8 2.006510e-007 491.976013 663.758703
8 4.876740e-007 366.824876 590.003964
8 6.808950e-005 400.719519 633.258664
8 2.467380e-007 342.365811 709.383478
8 6.538710e-009 217.625551 762.452652
3 5.374290e-008 180.701134 784.120511
8 8.350150e-007 364.927498 608.736208
4 4.544010e-007 622.288788 630.487120
2 9.428290e-008 768.058537 766.256812
4 4.132050e-007 641.068429 674.403881
2 7.097310e-007 866.827500 872.046487
4 6.088380e-008 730.229349 808.254627
2 1.202000e-007 837.607198 840.761181
4 9.702470e-008 802.660260 676.414548
8 1.440730e-007 480.102192 745.632811
4 1.661690e-007 589.321460 679.075762
8 4.443310e-007 465.078203 647.298297
4 3.197080e-007 598.973868 612.355778
10 9.531880e-008 798.216135 499.173788
4 9.222430e-008 700.527216 735.175746
2 5.987030e-008 830.007449 778.300328
2 3.831000e-008 676.413665 774.750838
4 1.372000e-006 624.854789 625.011854
2 9.329320e-008 900.469413 775.944408
2 3.844970e-007 914.787485 967.286626
4 1.049360e-007 759.863026 667.330291
8 7.030560e-008 542.770261 574.656075
5 8.293570e-008 508.676117 272.170401
11 1.245010e-007 513.440657 261.952782
7 1.351910e-007 545.474572 193.255642
11 7.717540e-007 558.488791 119.500861
5 9.515370e-008 562.518734 120.967636
7 1.487690e-007 631.896660 146.219051
11 7.305510e-008 470.389871 329.793819
5 8.003380e-008 466.101012 330.396580
9 6.046080e-008 167.213332 271.865231
5 5.604940e-008 543.937295 346.165819
7 1.549870e-007 580.737227 350.684219
11 1.060570e-007 570.285025 259.608564
11 6.871120e-007 573.154292 126.138463
5 1.443160e-007 564.858480 144.771156
7 1.233970e-007 556.312380 163.966004
8 8.442340e-008 440.768781 482.435002
5 5.679630e-009 398.421732 328.828328
11 1.904330e-007 491.849965 200.532885
7 2.284370e-007 578.754595 160.008423
5 1.582770e-007 600.652458 131.414287
11 1.608880e-008 399.294281 345.596622
7 9.783540e-008 530.993985 192.778187
5 4.341540e-007 521.565961 180.266699
11 3.146910e-007 520.278487 173.952323
7 8.567810e-008 542.453963 404.312046
5 1.871770e-008 538.631690 415.281823
9 1.219160e-007 131.771894 192.782525
9 6.657710e-008 131.383600 198.885090
9 6.886930e-008 182.580730 124.522748
9 1.949870e-006 18.353500 228.678421
9 2.176340e-008 144.395060 261.775388
11 8.703660e-008 500.768196 297.666824
5 7.625370e-008 507.496618 304.634321
7 6.522280e-008 512.845693 267.527083
11 2.089390e-007 557.972616 65.997781
5 4.247870e-008 549.520172 62.582789
7 1.443840e-007 595.439456 172.163899
11 6.175740e-008 405.101803 111.252238
11 6.180420e-008 438.407333 155.739127
5 1.024150e-007 508.428882 134.331379
7 2.282200e-008 581.994678 171.468685
5 6.541170e-008 540.349408 401.101249
4 6.635200e-008 532.277593 555.128226
8 1.426190e-007 553.605049 643.382521
2 4.632750e-008 763.966156 876.775487
4 3.352300e-007 732.055483 664.063140
10 7.845550e-007 822.808761 411.237111
6 9.243110e-008 863.498726 360.185126
7 1.129320e-007 748.972065 228.437345
10 1.773480e-007 744.540602 444.476429
4 1.174580e-007 725.952240 535.552100
8 3.740100e-008 584.833267 659.149668
4 1.147880e-007 587.819011 656.461280
7 4.064730e-007 717.106888 280.296688
10 1.341870e-007 719.167875 274.927629
5 3.415020e-008 744.337355 209.358847
6 3.758750e-008 746.728000 270.966556
7 7.246700e-008 791.148025 300.571213
10 3.641580e-007 792.443367 306.665324
4 4.177040e-008 686.355765 477.552945
8 1.356970e-007 483.449803 510.074987
4 5.264010e-007 723.629193 580.192522
8 1.753470e-007 474.309206 547.355638
4 4.515170e-008 582.300304 547.492660
10 2.860870e-007 731.294868 382.645901
7 1.703480e-007 772.932188 318.529993
6 1.929490e-007 836.599231 220.491256
10 6.184580e-008 764.320123 217.716427
7 2.854390e-007 750.446227 258.519354
5 2.676700e-008 734.320751 328.365684
6 1.071550e-008 727.854810 356.372442
10 4.206380e-006 790.141146 394.200431
7 6.782750e-008 751.630682 414.532948
6 2.815960e-008 817.954685 334.042388
10 4.443320e-007 763.471722 296.329714
7 2.891060e-007 716.483993 255.484018
6 1.239730e-007 830.984241 242.840143
10 4.397080e-007 787.836988 294.332619
7 5.929010e-008 809.671818 335.397973
4 1.331900e-007 653.588304 454.427530
5 2.810460e-008 633.357040 289.653241
10 1.709140e-007 714.187662 250.178313
7 5.472510e-007 740.949894 237.698812
6 1.166610e-007 815.861000 251.211203
10 7.970670e-008 780.397253 250.834301
7 8.004440e-008 797.157885 274.771093
6 3.324660e-008 852.818985 364.870834
11 2.226780e-008 787.538474 298.459648
5 1.338690e-008 796.860107 300.271593
10 3.987660e-007 858.227893 322.379195
7 3.922990e-008 769.491911 356.441723
6 3.081170e-007 863.663019 268.774754
10 9.932520e-008 688.985779 346.546166
5 4.457950e-008 659.242722 419.903703
7 8.919580e-008 655.987635 435.217903
4 4.588560e-007 623.601698 564.038722
8 2.266620e-007 464.240774 595.015278
8 4.481290e-008 313.189257 489.100713
8 4.071150e-008 138.327567 594.911535
8 2.530020e-007 348.159871 557.860870
8 9.374590e-008 555.457126 574.795451
4 7.461880e-007 606.056456 580.113543
10 2.836640e-007 742.031222 362.774356
7 6.337910e-008 755.141703 354.582020
6 7.070920e-008 843.783148 298.744498
10 4.465690e-007 814.701760 302.648815
7 2.846450e-008 741.859143 368.236401
6 3.823490e-008 761.617918 211.552891
10 1.007160e-007 896.487115 363.023274
7 8.102040e-008 843.598315 297.692500
6 1.180710e-007 826.453501 276.422820
10 7.124510e-008 667.393583 300.970946
5 1.500200e-008 728.760186 333.600303
4 2.093110e-007 648.842145 503.251818
10 2.794700e-007 823.695712 455.437550
4 7.177130e-008 671.501242 501.968024
8 3.606990e-007 441.796065 557.610385
5 2.390500e-008 417.620100 393.235709
8 4.946000e-008 485.704583 517.194885
8 1.267240e-007 536.524183 637.747330
4 6.532000e-008 554.652060 646.488687
8 2.012020e-008 309.930781 838.078561
3 8.251790e-008 335.051691 910.731592
8 1.353350e-007 310.112538 704.428162
3 1.619050e-007 288.069000 980.580293
8 4.444950e-008 282.107052 755.972527
3 6.815860e-008 216.589129 799.382936
8 5.695370e-008 227.685359 730.159879
3 1.101820e-007 139.736799 866.237349
8 2.402330e-008 204.409727 845.352825
3 1.279880e-007 192.557963 852.195457
8 1.694320e-007 392.042665 755.280239
3 3.937200e-008 338.030885 845.616604
8 5.381080e-008 339.291689 847.119163
3 6.691530e-008 58.518442 904.199550
3 2.722760e-007 167.090948 905.122394
8 7.196200e-007 359.993574 631.921774
3 1.002680e-007 84.813551 882.944888
3 9.272700e-008 181.823084 839.691758
3 1.687220e-007 202.646632 932.277172
3 7.636200e-008 262.141293 827.156411
3 2.282140e-006 181.487365 949.552471
8 2.183280e-007 397.663552 732.989786
3 3.904070e-008 330.820301 770.612328
8 4.324730e-007 393.865333 711.909775
4 2.423110e-008 611.060587 506.697401
8 1.262930e-006 442.580641 601.725285
4 1.026460e-007 536.847037 631.159683
4 8.249360e-007 703.219164 583.581647
8 6.724040e-007 424.893765 611.657330
