9 2.105720e-007 728.031586 578.296322
10 2.302630e-008 677.630827 539.189140
9 1.902400e-007 653.568717 499.752812
6 1.602490e-007 765.099060 369.450512
3 7.122600e-008 761.924232 365.237350
10 1.497510e-007 791.491107 358.061021
6 2.468070e-008 661.100765 407.062913
3 6.172850e-007 782.712181 276.651966
10 5.851160e-008 680.584260 458.553979
9 3.007270e-007 661.359566 541.826161
4 2.916460e-008 525.179733 560.377744
11 3.729240e-008 699.656227 92.348350
9 5.948710e-007 653.852000 508.706251
6 6.713220e-008 707.066329 291.184251
3 1.396040e-007 711.086512 287.928799
10 2.052100e-007 829.880950 417.705925
9 1.652690e-007 705.722628 527.430746
10 1.501810e-006 852.535565 507.164604
9 1.007820e-007 733.452879 627.352167
10 1.789920e-006 852.811643 485.672866
9 4.471900e-008 801.259804 613.461845
10 1.559070e-007 725.803902 526.282381
9 1.098670e-007 744.894231 679.145344
4 2.152290e-008 653.694923 855.200803
9 2.107960e-007 630.071331 668.520352
4 9.515300e-008 545.894002 637.882215
4 1.463180e-008 513.314427 580.351753
9 1.181930e-006 591.775588 586.593476
10 2.035250e-007 757.265124 553.313019
9 6.126450e-008 446.194782 535.739541
4 1.949900e-008 424.598026 508.378445
9 2.984550e-007 626.789742 524.620739
4 1.434510e-007 453.948985 639.201626
2 5.636720e-008 331.676650 520.003600
2 9.338560e-008 171.190297 311.903261
8 8.986240e-008 173.616404 311.945604
8 7.190900e-008 70.689755 247.991486
8 4.702030e-009 76.555012 151.683926
8 1.043360e-007 176.908608 252.415056
8 4.256980e-007 170.478373 349.610411
2 1.282410e-007 151.227949 299.253023
8 3.198590e-007 158.508779 290.563433
2 8.786600e-008 161.329322 290.810201
2 2.360870e-008 170.762877 588.384952
8 3.489310e-008 233.567642 470.266333
2 7.868420e-008 196.649347 548.315620
8 1.455090e-007 106.681853 470.108284
4 4.294360e-008 331.822249 637.106514
5 6.378050e-008 296.901007 802.089086
7 6.405130e-008 105.428233 830.349672
5 1.057070e-008 278.988932 809.039724
2 2.160830e-008 272.055940 660.829365
4 9.865530e-008 381.136228 750.268987
5 1.249780e-007 390.272353 897.016448
7 5.771290e-007 111.507574 927.593779
7 6.321180e-008 176.548749 850.524011
5 3.773830e-008 186.232217 842.398614
5 8.183640e-008 356.456593 830.371669
4 5.255370e-008 375.581839 777.824861
7 1.457740e-007 178.164608 898.818822
5 3.272140e-007 265.947719 916.320276
7 7.678760e-008 155.867103 904.421198
5 1.607530e-007 217.789516 882.144032
4 8.790130e-008 363.011376 767.989355
5 9.087060e-008 244.081427 825.360400
7 6.516820e-008 173.065317 935.380770
5 5.581690e-008 186.532643 869.082480
7 6.026950e-008 37.841523 796.764014
2 7.073680e-008 68.954486 647.093268
5 1.151520e-008 154.935812 727.028161
7 9.972220e-008 251.032469 960.463680
5 2.474030e-007 250.339844 958.831947
4 9.382330e-008 400.373838 716.568578
5 2.144360e-008 399.883291 695.378074
8 9.834240e-007 148.834608 412.228784
2 1.553710e-006 142.086319 408.790367
8 3.481440e-008 191.085358 577.999276
2 8.840750e-008 189.728651 585.693526
4 3.807490e-008 585.923477 631.871672
9 9.136590e-007 586.082471 629.597987
9 2.089970e-007 613.062087 520.071402
10 6.896640e-008 822.683155 665.714343
9 1.211270e-007 722.029614 629.188562
9 3.117000e-008 805.881330 566.187136
10 5.935190e-008 817.946773 578.252499
10 2.751360e-007 887.423872 559.909328
6 3.858340e-008 754.594293 499.783873
9 1.868960e-007 666.743248 542.844763
4 1.628220e-007 553.149648 671.886281
9 4.539020e-007 679.908256 588.773064
4 1.499830e-007 544.790646 693.377186
9 1.207610e-006 640.553321 589.910449
4 1.671050e-007 479.795741 633.821314
9 1.173160e-007 616.761137 750.102313
9 1.853140e-007 599.990459 737.977787
4 2.231840e-007 582.854047 745.968592
2 1.498300e-007 217.551812 498.280340
8 1.477900e-007 156.340176 458.529126
4 3.844020e-008 436.235601 607.310201
9 1.840460e-008 422.231080 590.007858
4 4.909120e-008 411.910282 562.603668
5 5.847870e-007 320.673822 883.403080
4 2.180350e-008 343.123353 703.993262
5 2.038820e-008 183.058203 806.546979
7 5.235930e-008 72.921227 782.178073
4 2.495180e-008 410.153937 541.685072
9 4.158300e-007 553.023712 622.904711
9 1.148960e-007 685.320493 722.264523
4 1.071230e-008 696.814320 612.492103
10 5.045580e-008 802.836749 570.458883
9 2.580980e-008 728.807170 807.680029
10 2.346330e-008 802.856187 676.012836
9 4.608070e-008 796.773537 688.484165
5 6.407550e-008 472.025438 870.976359
4 8.736630e-008 476.540552 869.681657
5 7.058890e-008 450.983810 929.480921
4 3.505810e-008 451.747282 931.091710
9 4.001450e-007 587.220740 665.812532
4 8.394880e-008 599.762262 765.840422
9 4.484330e-007 546.457708 619.736237
10 2.195520e-007 797.728284 489.864564
9 1.021140e-007 676.506183 753.943067
4 2.620030e-008 681.812290 780.566892
9 1.319550e-006 632.143692 646.180527
4 2.302830e-008 653.887609 675.774727
9 1.927050e-007 702.003784 694.310633
4 4.091260e-008 629.925743 727.921343
3 6.335190e-009 602.171210 147.579974
8 6.579410e-007 177.406959 350.763869
2 2.990310e-007 169.515488 350.626136
8 1.261420e-007 238.696818 337.418590
2 9.477000e-008 166.296435 338.682067
8 6.454170e-008 189.506165 241.113508
2 2.578450e-008 160.789032 280.497854
8 1.614130e-008 101.949444 157.100099
8 1.579290e-007 24.901684 343.989592
2 1.483030e-007 92.083678 293.364351
8 2.316400e-008 240.707707 236.095315
2 1.913970e-007 102.223272 337.854914
8 4.267000e-007 103.436417 335.666354
8 2.683350e-008 244.449130 155.455846
8 8.535670e-008 205.317868 276.470223
2 2.655890e-008 317.679966 355.565468
9 1.453600e-007 548.946976 630.584546
4 1.182400e-007 551.842986 638.541283
9 4.300030e-007 716.895807 586.073379
10 8.037290e-008 814.824223 416.226410
6 1.387420e-007 871.538096 369.433359
3 1.184460e-007 868.281619 365.687211
10 1.060110e-007 753.170490 440.267334
6 2.164380e-008 675.659762 478.071999
9 9.695170e-008 709.738218 521.457389
4 1.157280e-007 553.976391 755.915594
9 8.724000e-008 522.319491 715.437588
3 4.991780e-008 710.404179 297.757856
6 3.817920e-008 739.347089 222.358945
10 6.396980e-008 757.793909 301.543646
3 9.948970e-007 786.935289 280.751837
6 3.519280e-007 805.126215 366.333477
9 8.374790e-008 648.076804 497.906110
4 2.518320e-008 665.290360 585.296630
9 8.797400e-008 751.912322 577.718009
10 1.082140e-007 691.132164 575.559314
9 5.003980e-007 595.795958 548.911045
4 1.498100e-008 644.351679 490.644983
3 7.967300e-007 790.555050 291.393141
6 3.750560e-007 790.623484 291.287761
10 7.598380e-008 770.384536 391.385587
3 2.118000e-007 743.241708 289.725206
6 4.056280e-008 743.213730 289.846393
10 6.145980e-008 785.934051 399.395792
6 9.346040e-008 745.029798 367.565852
3 2.284080e-007 733.707108 287.001820
6 8.476850e-008 744.029176 254.420497
3 5.411580e-006 829.653052 271.063848
10 7.457330e-008 884.100927 269.904499
6 1.184200e-007 820.159092 387.524411
3 1.166100e-008 750.626159 434.425133
10 7.187770e-008 658.124238 491.370613
9 6.067980e-008 649.946270 424.764848
6 1.065320e-007 810.898162 205.081222
3 1.325170e-005 815.861000 280.153014
10 1.097670e-007 804.334584 375.192155
6 1.101360e-007 849.547072 349.591009
3 1.277940e-007 811.174579 344.559415
6 1.572050e-007 744.490950 366.038687
10 2.518470e-008 701.898827 382.388259
3 3.078380e-008 704.886634 376.223205
6 2.484110e-008 646.731881 478.763428
9 3.631410e-007 642.463187 498.846343
4 1.966390e-008 449.164713 597.945761
2 7.248980e-008 198.023723 553.943181
8 2.271380e-007 86.838533 450.261303
2 4.273710e-008 316.368049 486.136442
8 1.093670e-007 180.769339 487.171939
2 1.097490e-007 117.184720 561.269354
8 1.231530e-007 173.386409 414.858591
2 2.575680e-007 231.721843 467.902745
8 8.155080e-008 77.146742 509.320942
2 2.834830e-007 76.760497 540.169065
8 4.114400e-008 149.822218 490.696703
2 2.442910e-007 74.281010 544.787675
4 6.108240e-008 477.562787 612.789136
9 4.423670e-008 451.078424 564.101696
9 1.509730e-007 735.805733 567.076922
10 1.073840e-007 713.891064 503.431921
3 3.345400e-007 806.910777 322.233123
6 3.356330e-007 807.022764 322.163146
10 6.772550e-008 803.382003 305.653269
3 1.365060e-007 760.055393 351.852475
6 1.047530e-007 759.961067 351.937406
10 1.256080e-007 860.579039 374.001447
3 2.734990e-008 826.166262 384.522463
6 9.322960e-008 826.044890 384.559570
3 4.329260e-008 729.696788 334.098306
6 4.710320e-008 729.804335 334.155490
10 6.277000e-008 784.553865 421.390217
9 1.531540e-007 710.651343 579.580262
10 2.911480e-007 817.548587 457.316913
3 1.505630e-008 737.602794 481.758771
6 1.886550e-008 737.480192 481.796254
9 2.685060e-007 558.494707 530.668079
9 4.984490e-008 449.864585 463.287376
4 8.388560e-008 516.657832 629.314563
9 1.396820e-007 530.732976 637.307078
5 1.272530e-007 337.352607 825.291499
4 3.165210e-008 314.418690 835.985806
5 1.248730e-008 200.197329 759.435618
4 1.229950e-008 372.858124 794.037428
5 2.054290e-007 365.264118 870.334210
7 1.674110e-007 128.172380 850.059152
5 1.564880e-007 319.426937 858.508256
4 1.300780e-007 412.328767 717.521476
7 2.417220e-008 210.676882 837.987006
5 7.045780e-008 291.566877 816.312607
4 2.060990e-008 294.738014 761.427259
7 3.763050e-009 15.609071 832.977007
5 6.682360e-007 286.454970 953.349776
7 2.410420e-007 113.104851 894.846306
4 1.776000e-007 389.894357 760.341306
5 1.996880e-007 356.803256 838.298607
7 3.299910e-008 97.469402 813.030962
5 1.144510e-008 167.789656 767.801550
5 1.218910e-007 339.725053 848.311528
2 1.348170e-008 150.947430 686.457935
7 6.388220e-007 57.330489 938.217866
7 1.274840e-007 198.187227 891.277331
5 2.740110e-008 261.546078 860.511454
4 4.905270e-008 316.632152 685.739363
7 4.012300e-007 73.807808 894.202727
5 7.343680e-008 236.688039 846.429011
7 2.094550e-008 188.138751 814.361308
5 2.339180e-007 289.624656 958.561633
7 1.936970e-008 227.621102 919.552007
5 2.851190e-008 110.260182 939.500254
5 2.283660e-007 304.872013 828.464628
7 1.256110e-007 175.711878 956.684657
5 3.178860e-008 370.854108 753.935426
4 5.960780e-008 408.651385 710.444579
5 4.060070e-008 282.964488 796.057913
4 8.778650e-008 395.487469 696.476585
9 3.552050e-007 581.421396 506.185985
4 1.464570e-008 442.749897 601.543782
9 3.275260e-007 550.777934 575.286550
9 1.116710e-007 714.772927 643.020867
4 7.925790e-009 399.634927 659.162585
5 1.729330e-007 274.860917 878.524870
5 2.111530e-008 359.636556 719.486923
4 5.417460e-008 334.598537 705.193839
7 5.301670e-008 274.506757 997.780763
5 2.599270e-008 181.665677 984.731580
5 3.941100e-008 207.789339 816.099871
7 1.624020e-008 80.207456 824.477728
5 7.074490e-008 201.977533 922.014575
7 1.526620e-007 193.812528 920.574858
7 9.143580e-008 18.518610 828.368908
5 7.045600e-008 222.980854 996.537156
5 9.972550e-007 297.322277 965.934722
7 3.007600e-008 197.700341 835.366890
5 1.588650e-007 259.064032 882.941675
7 4.183560e-007 122.145620 912.044959
7 8.590810e-008 150.020517 898.435389
4 1.660630e-008 272.368588 678.475873
2 1.062770e-008 91.355182 715.719549
7 8.242480e-008 89.140611 855.060261
5 8.642210e-008 207.021349 931.072195
7 1.088090e-007 152.038602 921.252824
7 8.296690e-008 175.682828 812.269407
5 3.855750e-008 282.487829 706.408449
4 2.121310e-008 297.425932 722.557104
7 1.280440e-007 119.229783 934.010252
5 9.152390e-008 235.732043 981.644557
4 4.207630e-008 340.220444 882.316186
7 7.133090e-008 179.847323 803.661417
5 3.695880e-008 172.515998 787.939312
5 2.667010e-007 308.931068 870.822955
7 5.571780e-008 192.428624 900.972964
5 5.633970e-008 287.666941 857.267440
7 6.982170e-008 248.250552 985.078364
5 1.319520e-007 252.117460 979.555848
4 1.619800e-008 313.226989 699.211718
7 6.820660e-008 185.941670 934.898732
5 1.088370e-007 187.372560 941.630584
7 4.321620e-008 209.744064 773.036990
5 4.903560e-007 280.835605 918.271386
4 3.219360e-008 350.414521 772.507824
5 4.650510e-008 277.209624 793.179511
5 2.174500e-007 373.740587 833.438680
4 7.882480e-009 416.216276 845.996604
5 5.734090e-006 329.072062 925.984573
7 9.995970e-008 225.830055 858.819490
7 1.332400e-008 246.341979 842.545864
5 2.416510e-007 317.721726 840.053058
4 5.101520e-008 409.562231 717.533124
8 6.187500e-008 260.235196 277.675728
2 1.983720e-008 183.798017 229.912701
8 3.884610e-008 162.516477 204.132802
8 1.104210e-007 184.704659 253.605351
2 2.310270e-008 184.896473 250.862414
9 7.424240e-007 613.233331 561.742758
10 2.664420e-007 831.735406 513.368521
6 5.979300e-008 864.734666 438.981656
9 3.655470e-008 707.524578 643.132737
4 5.665250e-008 616.860343 770.818337
9 2.987440e-007 680.282851 618.207337
10 1.089660e-007 718.208952 549.249200
4 5.121150e-008 634.230349 725.382538
9 1.705840e-007 645.376666 732.621017
4 1.813330e-008 632.919803 821.188746
9 5.763120e-008 837.660893 596.781378
10 1.072920e-007 794.127038 616.179992
4 1.692380e-007 530.373000 678.004940
5 4.902860e-009 518.307645 793.211507
9 2.128230e-007 552.199477 682.358424
4 3.935400e-008 588.808852 595.760249
9 1.543080e-007 703.212471 649.026828
9 3.269180e-008 867.578768 656.948073
4 1.138060e-007 530.268483 858.661700
9 1.269960e-007 685.241520 712.276581
9 1.001040e-007 604.152482 743.980498
4 5.038050e-008 593.368812 758.822998
4 7.321260e-008 645.204463 721.003171
9 1.399080e-006 653.420056 642.835427
10 6.539870e-008 872.299357 616.206121
9 6.290840e-008 750.388159 746.375627
9 1.186790e-007 701.198000 653.249004
10 4.841850e-008 866.240134 636.793332
9 8.709360e-008 612.151807 492.521675
3 2.609520e-008 592.929669 179.498091
9 1.398090e-006 587.809577 598.685929
4 3.131480e-008 637.902254 672.951095
9 4.153670e-007 672.200264 623.202022
4 8.549790e-008 588.022514 653.840162
5 1.992800e-008 491.303879 884.793832
4 3.058020e-008 649.836678 820.830623
9 3.759920e-007 679.546015 647.774306
8 1.638340e-006 145.001003 340.943490
2 1.505530e-007 146.943228 342.692281
8 4.784380e-008 239.764184 213.648758
8 2.917070e-007 180.418003 321.352142
2 5.037260e-008 105.633368 291.137124
8 5.906370e-008 44.837592 240.125359
8 1.062460e-007 210.715740 277.959220
4 3.720160e-008 434.031048 559.168960
9 1.002900e-007 502.598205 631.901011
4 4.822820e-007 471.228000 762.962074
9 1.277620e-007 639.188384 689.805580
4 1.913910e-008 511.168568 557.236971
9 2.040310e-007 563.495384 557.905598
10 3.617920e-008 728.780036 625.972042
4 4.228760e-008 618.973199 713.779773
4 4.488120e-008 608.245047 738.210034
9 7.397260e-008 589.510999 705.761660
2 9.761360e-008 178.083198 561.806742
4 3.238390e-008 473.356888 641.633408
9 7.685660e-008 512.138885 633.973755
9 1.547330e-007 631.079521 520.832576
10 1.190890e-007 830.094580 635.382942
6 1.871240e-008 814.319045 539.082670
9 5.681430e-008 806.990036 654.484024
4 3.492340e-008 386.731787 648.609738
5 6.807500e-008 332.797292 783.829941
5 4.309470e-007 311.161801 974.627828
4 6.127210e-009 317.201049 740.381897
5 3.987810e-008 239.319308 846.324765
7 1.359770e-007 98.182471 912.138088
5 1.580190e-007 378.283257 869.931790
4 7.842800e-009 311.201610 787.960487
4 1.642630e-008 448.895754 538.821878
4 5.889350e-008 358.874872 612.750398
9 1.712070e-007 516.282328 648.728699
4 3.434440e-008 547.305056 637.123327
9 4.025160e-007 636.244915 688.254340
10 2.620100e-007 813.067427 444.749520
6 5.057860e-008 806.851972 495.309559
9 7.249790e-008 778.191467 683.257587
4 3.493690e-008 623.184106 773.641436
9 2.916770e-007 683.591801 681.301822
4 3.630310e-008 677.942089 712.818379
9 3.237770e-008 790.277195 532.978934
10 1.596190e-006 843.611169 494.229612
4 1.212570e-008 516.039091 641.483053
9 7.583130e-008 529.030916 665.917292
9 1.680600e-007 744.263954 678.452619
4 2.432650e-007 559.910175 725.980890
9 1.037120e-007 556.414662 692.722608
4 2.955060e-008 682.631497 692.623371
9 1.674710e-007 716.159006 696.740096
6 5.942270e-008 837.241968 431.767427
10 1.540310e-007 837.476106 431.637642
3 3.308650e-008 798.355533 470.030190
9 2.058970e-007 688.827325 573.298277
4 2.643920e-007 585.458726 726.548877
9 1.463050e-007 616.041201 672.734846
10 5.355940e-008 777.840855 595.968877
4 8.788090e-007 523.664294 761.370542
9 2.449710e-007 567.646203 667.050785
4 3.653050e-008 543.473403 573.560900
9 3.366420e-008 541.967624 487.294782
4 1.811160e-007 566.379350 784.188715
9 9.720810e-008 631.718113 828.484248
9 4.313670e-008 800.766818 578.641296
10 1.875080e-007 771.603596 525.089218
9 1.112780e-007 741.993816 562.295433
10 1.690770e-008 667.913535 596.839634
4 1.006260e-007 539.907602 654.219937
9 2.271850e-007 647.688055 520.385633
6 2.596000e-008 688.534762 463.001087
10 5.969710e-008 844.764357 652.768149
9 2.011200e-007 730.827615 593.127971
10 8.439550e-008 789.490198 551.335802
10 3.450000e-008 759.414528 585.489423
9 3.031920e-007 679.093279 582.684555
9 1.670380e-007 579.316629 519.655309
4 1.358330e-007 558.826874 747.182038
9 5.490680e-008 767.083678 552.316461
10 1.747600e-007 790.193551 572.166813
10 6.319040e-008 838.717643 698.093472
9 7.458380e-008 674.933543 651.129070
4 4.322800e-008 616.074702 838.538255
9 4.147700e-008 538.490784 802.031444
4 5.181900e-008 583.741896 884.844769
9 4.159840e-007 648.145518 655.688182
10 3.945410e-008 763.008191 353.558357
3 7.702340e-007 795.575496 297.150362
6 1.023890e-007 800.677038 288.314270
3 2.059040e-007 707.727623 290.614967
6 7.187510e-008 714.396213 366.835744
10 4.319160e-008 880.417106 291.746388
3 2.620800e-008 700.934481 381.696208
6 2.261630e-008 721.961913 460.172531
9 9.512880e-009 814.252892 478.961311
10 5.713700e-007 897.767920 436.408357
9 2.592910e-007 742.159627 639.569229
10 7.388680e-008 871.809411 645.416627
4 1.167870e-007 553.177924 794.441710
9 5.252510e-008 473.517187 661.803229
9 3.638160e-008 544.601383 544.828493
4 2.600380e-008 631.134562 632.685893
9 1.912330e-007 736.504004 669.307555
10 3.275920e-006 883.132977 505.610897
3 5.251010e-008 807.602846 394.375650
6 1.227680e-007 790.290005 403.210063
10 3.317300e-008 704.815747 472.425352
9 1.274610e-007 708.306774 512.555478
9 3.324300e-007 681.787797 656.987519
10 1.610920e-007 829.652967 588.023974
9 2.237830e-007 515.531950 566.726540
4 2.205190e-008 480.142746 515.172455
9 1.066100e-007 552.590988 617.691204
4 7.597340e-008 608.226687 666.494399
9 5.147650e-007 683.444128 668.967060
4 3.813440e-008 550.311286 605.699987
9 7.581180e-008 756.893546 706.646966
10 8.478740e-008 699.519116 592.743703
9 2.178150e-007 690.001694 590.720705
4 2.558150e-008 510.163649 894.430958
5 1.434220e-008 580.009771 888.301251
4 3.871870e-007 467.604961 660.289925
9 3.471430e-007 562.703688 595.433197
4 1.810780e-008 613.544109 888.559513
9 5.638350e-008 573.512085 725.002620
4 3.198040e-007 566.273564 690.948018
10 2.518240e-007 837.000901 581.075597
4 1.331600e-007 621.540114 774.591840
9 2.180980e-007 595.687151 699.509357
4 6.577830e-008 512.943832 828.104160
9 1.655690e-007 643.752140 710.182503
10 6.086310e-008 805.475802 658.883271
9 3.178270e-007 617.977514 655.690551
4 1.714020e-008 616.842386 652.881029
9 1.957020e-007 581.629842 515.817360
4 3.690320e-008 583.215471 513.375695
4 3.519040e-008 617.252044 739.657137
9 4.757390e-007 609.137211 673.568733
9 5.180850e-008 440.351939 559.126887
4 5.331200e-008 405.960001 566.437144
9 5.852860e-008 479.012620 490.736979
7 1.785040e-007 104.313129 875.284542
5 6.969140e-008 246.801927 939.979203
4 2.342220e-008 385.817842 845.563923
5 6.281710e-008 363.994581 847.473238
7 3.045930e-008 271.921391 803.922043
5 3.615950e-008 317.696834 842.329082
7 3.940390e-008 122.831573 812.129639
5 2.780690e-008 279.520729 813.278762
4 8.668740e-008 365.413753 657.680314
9 3.372400e-008 495.325555 598.028339
8 3.019030e-008 273.382727 343.262109
2 1.125370e-007 280.346547 338.910619
8 1.350930e-007 224.918504 332.420665
4 8.869860e-008 544.400418 684.432381
9 2.057350e-007 545.849164 686.221435
2 6.710320e-008 157.478714 546.618591
8 3.237650e-008 80.033744 556.127687
4 3.220850e-008 398.163112 676.444241
5 4.177970e-007 340.164674 883.207802
4 2.829420e-008 304.463975 787.766471
5 6.174280e-008 345.548099 784.373797
2 2.892270e-007 202.072739 498.742200
8 2.808980e-008 270.310747 541.382005
4 1.779490e-007 413.986674 737.701177
5 9.965790e-008 329.823237 784.373262
4 1.463530e-008 457.755317 540.430059
9 6.319880e-008 477.453383 482.396919
9 3.327940e-007 537.553818 573.892383
4 1.096510e-007 564.691716 652.706191
9 2.251340e-008 555.825978 730.024992
4 4.019850e-008 623.767420 690.799045
4 2.030880e-007 418.484666 683.132515
8 3.995430e-007 187.960105 333.706079
2 7.325940e-008 190.624413 333.566445
9 1.433670e-007 579.981896 539.694117
4 2.679240e-008 608.506784 741.521795
9 2.897850e-007 678.100854 675.604623
4 4.061740e-008 615.742666 706.800158
10 7.244260e-008 690.036968 555.762162
9 2.865980e-007 657.261626 541.849775
3 2.092240e-007 732.300974 284.254546
6 4.050330e-007 796.697604 248.558892
3 2.670360e-006 818.090153 247.319355
6 5.182230e-007 778.152802 306.528718
10 1.437210e-008 789.115958 298.661605
3 1.036810e-007 765.674700 371.043617
6 3.516630e-007 798.766713 306.096546
3 1.042820e-007 778.938565 353.334668
6 4.847560e-008 744.236728 417.057399
10 2.922030e-008 744.105606 417.293949
9 4.618560e-007 664.827388 541.447442
4 5.636650e-008 530.926665 605.382659
10 1.395810e-007 819.119454 550.615438
9 1.819310e-006 652.726027 600.038278
9 6.259860e-008 560.903609 524.671362
4 2.410420e-007 493.371418 663.132374
9 1.192340e-007 485.641014 638.935199
4 4.929800e-007 494.294548 783.000302
9 7.828270e-007 653.115884 654.080117
9 1.182610e-007 668.397644 675.817685
4 2.724950e-008 520.506313 583.405550
4 1.701260e-008 368.570258 844.004650
5 3.746380e-007 344.277477 889.892299
7 1.026340e-007 151.114583 945.280947
5 9.466360e-008 201.711090 978.089245
7 4.009660e-007 52.649251 896.103832
5 1.433000e-008 306.108775 681.273170
4 4.461030e-008 298.268950 673.293854
7 1.683100e-007 84.777737 890.207455
5 1.737930e-007 245.358184 914.099057
5 2.302220e-008 159.082544 791.790160
7 3.606240e-007 128.938631 966.237377
5 1.703150e-007 241.292732 895.891308
7 4.250050e-008 187.153853 907.357124
5 7.545750e-008 194.138318 905.221759
4 2.577560e-008 351.526537 706.544769
5 7.803250e-008 236.630415 882.139602
9 3.243180e-007 533.096204 601.199345
4 7.435920e-008 536.118396 600.720674
8 5.941850e-009 236.704247 183.697448
8 3.636090e-008 255.938241 267.260839
8 4.349830e-008 104.322319 161.384197
8 2.223740e-007 129.277669 296.390837
2 4.807310e-008 103.308424 249.541173
8 7.777930e-008 238.652788 303.265217
2 1.169180e-007 90.694445 318.816328
8 1.057730e-008 179.522335 228.558932
2 5.188350e-008 167.581471 244.135345
8 6.536230e-008 180.815141 231.794753
8 8.916110e-008 155.193663 249.532190
2 2.298200e-007 146.523189 337.817948
8 1.316000e-006 139.292305 340.887278
2 3.140320e-008 223.816747 244.109449
8 6.207280e-008 228.137418 237.456169
8 4.368100e-008 219.464257 162.701675
8 8.435220e-008 40.013775 264.831698
8 1.167200e-007 126.400665 257.986660
2 4.406990e-008 294.281950 334.820056
3 3.849730e-008 724.797951 101.776813
11 1.716640e-008 638.956285 89.712470
8 7.723400e-008 205.723358 332.239776
2 6.597380e-009 238.252944 255.604810
8 2.139480e-008 167.657523 143.287004
2 5.558390e-008 200.848962 286.851451
8 8.359130e-008 203.325622 286.808217
8 8.959230e-008 205.215505 256.093508
8 1.157560e-007 159.511709 320.261004
2 5.894680e-008 90.299072 345.051245
11 1.141910e-007 781.427211 23.375376
4 2.165040e-007 393.984568 728.170667
5 1.686020e-007 343.513007 874.750018
7 7.090400e-008 200.897731 977.017591
7 2.467600e-007 162.310134 957.234463
5 9.642660e-007 322.211372 967.724082
4 1.244760e-007 368.194000 759.620393
5 1.269570e-007 237.091106 896.395610
7 4.163640e-008 151.927391 794.178007
4 8.659310e-009 278.862114 731.029928
5 2.901930e-008 278.500154 807.816072
4 1.056940e-007 441.104721 639.204496
2 3.059010e-007 170.728204 502.599060
8 1.118220e-007 97.752830 503.872704
2 4.489190e-007 197.803140 434.361245
8 1.046310e-007 258.945933 423.580159
2 1.171310e-006 166.352472 434.892472
8 4.054380e-008 209.401613 477.941613
2 7.712810e-008 292.856186 525.007000
9 1.845190e-007 635.486547 509.502438
4 2.905460e-008 585.646169 794.143570
9 8.238540e-008 603.410643 765.913966
9 8.966880e-008 743.247157 651.805474
4 4.813300e-008 575.141092 682.381571
9 2.238900e-007 513.744141 627.329804
4 7.388990e-008 632.583957 755.619496
9 5.372970e-008 666.355401 828.888579
4 1.072340e-007 555.620275 804.277391
4 2.436010e-008 683.889930 724.309346
9 2.392230e-007 715.867154 648.975692
9 5.890780e-008 772.002209 695.804826
9 1.291360e-007 778.031000 603.321733
10 7.683500e-008 778.031000 551.286943
9 1.336220e-007 636.870869 707.841426
4 2.904290e-007 566.871754 740.482772
