11 5.237580e-008 723.594828 582.153121
2 1.618950e-007 581.343722 598.260731
8 6.859290e-008 470.258601 515.625900
5 2.802650e-008 467.289784 501.658754
10 4.171170e-008 694.529993 93.915585
11 6.875050e-008 785.607635 665.795646
11 2.842260e-007 891.672900 672.721536
11 5.100880e-007 856.943616 563.324122
11 2.513640e-007 849.144628 561.889020
9 3.622410e-008 645.379886 765.651829
2 2.100160e-008 652.798969 853.188463
9 1.449860e-006 745.556352 887.152715
2 6.888460e-008 644.194183 674.248462
5 7.699950e-008 451.845153 572.230554
8 7.646720e-008 484.448048 491.534733
4 3.654930e-008 410.625939 571.367997
2 1.977180e-007 495.854416 578.824255
5 4.375500e-008 580.297712 586.211821
11 1.683880e-007 785.874573 566.050834
8 4.495660e-008 475.457992 527.348350
2 6.561510e-008 424.053902 510.560826
5 2.592510e-008 424.848793 507.372665
8 5.072940e-008 587.480821 436.331286
2 8.515410e-008 587.250431 578.165275
5 1.382410e-007 463.681931 649.507829
8 3.665110e-008 419.631310 482.688447
4 5.102490e-007 298.849460 552.421876
7 5.552660e-008 332.971808 518.837431
8 6.648070e-008 501.958174 388.596331
