4 1.911140e-007 642.452845 507.536231
10 4.593150e-007 769.140757 418.828380
7 3.065270e-007 707.541634 293.068821
6 1.353380e-008 671.442576 236.846781
5 4.147450e-008 677.729947 240.331921
11 3.109740e-008 743.544243 276.813307
10 5.648180e-007 707.814768 395.315883
7 1.890530e-007 715.295602 348.946658
6 3.405560e-008 755.140383 326.832990
4 1.265930e-007 664.443909 528.466264
8 9.012460e-008 483.593735 532.327711
5 2.913300e-007 491.059416 267.271390
11 4.228630e-007 547.288218 218.392221
7 1.709730e-007 550.190441 215.869345
5 5.276380e-007 560.988476 179.574023
11 1.053360e-007 565.571633 267.024579
7 8.995580e-008 565.765589 270.725414
4 1.780980e-007 653.852000 507.140078
10 7.523870e-008 653.852000 335.594103
5 2.705740e-008 726.693367 275.290724
7 2.707900e-007 746.983012 258.860633
6 3.662820e-008 782.919026 229.760469
4 7.467560e-008 715.949092 480.859875
10 6.792520e-008 707.975149 485.279938
10 1.504520e-008 751.428075 595.055639
4 3.283750e-007 750.812520 632.330019
10 5.022180e-008 794.221334 587.154242
4 6.327630e-008 757.342100 651.030938
10 2.014490e-007 806.869850 507.177605
4 7.543950e-008 743.651309 680.225800
2 1.975670e-007 823.679641 942.193190
4 3.351460e-007 628.508582 667.951557
8 7.852530e-008 480.076309 613.926459
8 8.085390e-008 528.294013 581.662250
4 3.255720e-007 625.139975 584.260473
8 2.175480e-007 415.915960 543.200613
5 1.900790e-007 501.483930 275.002473
11 3.711620e-007 539.303378 200.777881
7 1.093070e-007 543.350092 192.835783
4 1.223370e-007 563.212377 592.043700
8 2.340150e-008 483.395306 638.126267
8 9.105740e-008 399.610134 458.835895
5 3.858220e-007 515.038988 239.077669
7 6.094350e-008 514.202805 248.635556
11 1.214810e-007 513.646882 254.989971
5 1.252290e-007 512.840887 110.653867
11 1.207160e-007 523.924226 98.768447
7 4.227470e-008 438.237723 339.840754
5 4.809860e-008 416.080917 327.048463
9 1.888730e-006 25.222529 190.606939
9 5.599930e-008 212.834010 197.677598
9 2.075890e-007 89.708948 140.128185
9 1.247380e-007 122.345455 137.474359
9 2.153430e-007 34.399367 225.550234
9 4.235310e-007 74.021821 182.543229
9 1.069280e-007 53.386159 84.837688
9 3.677440e-008 228.674467 131.468558
8 9.972210e-008 267.860363 555.202321
8 8.472670e-007 367.606352 599.204557
8 9.587950e-008 319.743681 731.785464
8 3.291380e-007 346.297881 690.729627
3 9.457060e-009 250.825526 812.497654
8 2.931580e-008 184.913787 642.306952
3 1.174370e-006 182.831700 965.517578
3 2.694590e-007 101.015393 913.904045
3 8.078900e-008 305.718510 911.785219
8 3.939830e-007 396.556125 716.901698
3 7.500100e-007 174.821804 922.604354
3 2.071360e-007 153.183893 895.644968
3 3.252490e-008 307.965568 865.106733
8 2.238460e-007 318.504815 713.027995
3 6.355950e-008 267.218469 886.996639
3 1.051190e-007 22.319210 893.595141
3 8.121320e-009 237.990773 814.363900
8 2.934570e-008 209.203190 623.841570
3 1.625160e-007 240.918623 917.796663
8 3.752720e-006 384.734625 661.353389
8 5.137950e-008 305.899082 492.256948
8 3.283180e-007 362.208957 577.666222
4 2.308440e-007 584.730202 648.936104
7 4.836940e-008 598.479151 389.344193
5 4.590730e-008 597.097408 310.205646
11 8.517360e-008 595.705133 230.463899
4 2.963450e-007 636.690910 564.510492
4 2.675350e-008 767.769914 613.439032
10 6.955160e-008 809.606585 569.912366
4 4.551680e-008 840.779500 601.085074
2 4.987500e-008 789.745221 806.262886
10 1.805110e-007 816.830014 478.354140
4 2.380960e-007 665.863874 544.198875
8 6.338430e-008 550.076672 662.428677
4 2.074920e-006 695.562388 595.742749
8 5.878230e-008 530.437506 619.536353
4 6.216210e-007 650.554843 575.082721
8 1.965710e-007 472.939808 577.982354
4 4.344110e-008 618.413191 750.769782
2 1.585020e-008 888.688111 763.659027
4 2.220990e-008 612.929594 731.944195
8 2.006510e-007 491.976013 663.758703
8 4.876740e-007 366.824876 590.003964
8 6.808950e-005 400.719519 633.258664
8 2.467380e-007 342.365811 709.383478
8 6.538710e-009 217.625551 762.452652
3 5.374290e-008 180.701134 784.120511
8 8.350150e-007 364.927498 608.736208
4 4.544010e-007 622.288788 630.487120
2 9.428290e-008 768.058537 766.256812
4 4.132050e-007 641.068429 674.403881
