8 4.037690e-008 781.958000 531.419000
3 9.115880e-008 747.537970 561.339752
4 2.838020e-008 788.582205 601.743508
3 2.126080e-007 633.038294 514.128372
5 1.212870e-007 766.291008 420.823796
11 7.991660e-008 671.282088 236.757822
10 1.041150e-008 729.256009 268.893225
3 8.587340e-008 821.954228 320.276582
5 1.363540e-007 711.257766 393.782972
11 1.199230e-007 776.800400 282.991511
3 9.079330e-007 718.458413 385.535982
4 1.589230e-008 603.231129 613.023933
10 4.224320e-007 728.957389 95.060301
11 3.401180e-008 748.989686 82.542776
3 1.597810e-007 596.329338 402.461006
5 5.796940e-008 622.266446 463.565046
11 5.191810e-007 774.534781 236.549839
10 1.091980e-007 824.206793 218.858944
5 4.205050e-008 849.381427 301.201337
3 8.206010e-008 873.768218 380.966812
4 3.229470e-008 819.798444 619.075647
8 4.554020e-008 823.038239 611.443119
5 5.533940e-008 777.671287 572.242857
4 1.047910e-008 913.625063 638.846044
3 3.700180e-008 812.142321 556.114186
5 6.784360e-008 803.714525 570.711555
3 8.603420e-008 770.609201 514.226004
5 8.871860e-008 870.943291 494.722916
4 3.819870e-008 692.816229 724.416052
8 3.012670e-008 690.474748 726.451470
4 2.860780e-008 807.999790 901.568856
8 1.445470e-007 804.917547 900.857267
3 1.472210e-008 433.305044 509.336692
3 2.385790e-007 697.059099 526.507427
3 1.164380e-007 558.493141 371.223765
9 8.790460e-009 319.969262 530.545000
6 6.234240e-008 422.790459 207.221077
3 2.831500e-008 485.487430 367.120497
6 2.329070e-007 295.245288 305.004332
6 2.536720e-007 185.013705 179.433612
7 4.441740e-007 57.177901 188.372474
6 2.355830e-008 40.955219 191.675829
7 3.414240e-008 194.516504 197.037976
6 8.130150e-009 77.392534 209.978103
7 1.333400e-007 86.495001 158.355399
6 2.383520e-008 142.001593 160.899707
7 4.101820e-008 164.364723 187.551133
6 9.947580e-008 117.717004 179.675854
7 1.572660e-007 101.258686 189.178065
6 1.245210e-007 208.626535 205.391039
7 1.073380e-008 210.602188 202.461997
6 1.783500e-007 150.058066 296.357470
7 1.148010e-007 107.269580 159.043941
6 6.912790e-008 241.664523 105.861319
7 6.790440e-008 81.196256 146.969189
6 2.381050e-008 127.870053 274.125844
9 4.774200e-008 306.852495 536.184600
2 2.544000e-007 160.680887 607.346424
9 1.959770e-008 71.762200 409.490078
2 2.476970e-008 148.989273 506.885463
9 7.589160e-008 234.492202 483.489640
2 9.344680e-008 275.901119 654.203345
2 3.546390e-007 258.781313 739.005039
9 8.385710e-009 202.618889 786.130867
2 4.663890e-007 236.921960 774.055724
9 1.528120e-007 171.111129 633.808334
2 8.163880e-008 135.406118 826.668959
2 1.328060e-007 272.827292 792.355952
9 1.609670e-007 178.750380 640.996895
2 8.308360e-007 143.035504 756.152435
9 2.447850e-008 145.552290 776.864962
2 3.688830e-008 154.204608 889.034981
2 7.964240e-008 286.155243 750.654654
2 2.540980e-008 108.751629 847.343092
2 5.164340e-008 315.852558 709.752711
9 1.856680e-008 253.560033 799.318247
2 5.769360e-008 50.482707 805.641223
9 1.575890e-007 216.091761 623.480562
2 1.835650e-007 95.943943 629.777135
9 5.526130e-008 25.349379 687.509253
2 1.956970e-007 142.517576 757.911489
2 7.413750e-008 284.950324 860.347964
