9 2.452670e-007 781.958000 531.419000
3 1.919270e-007 728.797994 577.630096
9 3.589480e-007 677.171599 539.012860
3 7.237120e-008 784.874885 407.811222
9 1.009060e-007 696.232721 400.472509
9 8.347110e-008 658.707003 553.315796
4 4.270280e-007 466.632693 498.567396
5 4.911210e-008 434.048178 345.269787
2 5.116630e-008 479.318791 277.477405
11 2.509920e-007 483.700155 273.668727
11 3.628180e-006 561.293018 185.384951
2 1.390030e-008 565.262702 261.129914
9 6.825350e-008 653.852000 512.191883
3 1.175120e-007 741.975188 466.433263
9 5.095520e-007 734.829321 470.394312
3 2.914020e-008 779.627406 570.542436
9 6.911340e-007 773.700685 575.694434
3 5.239810e-007 804.997382 568.489583
9 8.997400e-007 801.110543 575.221784
3 3.362820e-007 785.066037 511.415863
9 3.276500e-007 792.930504 509.887156
4 1.331060e-007 453.064947 569.211429
4 3.320510e-008 599.061962 586.083976
9 6.384360e-007 746.843042 575.750392
3 4.437070e-007 778.008589 562.548653
4 6.628300e-007 424.766079 541.884197
5 7.047700e-008 460.282199 365.255794
2 3.137570e-008 513.249031 251.912241
11 1.432380e-007 515.831913 246.843068
9 5.552570e-008 604.913251 567.967606
4 1.083600e-007 457.612279 604.347887
8 1.031500e-007 327.751452 523.537871
4 8.382420e-008 445.713184 408.033420
2 2.622070e-008 501.575634 269.767939
5 2.490360e-008 504.530805 262.453577
11 1.326880e-007 511.064908 284.502904
2 2.524790e-007 485.184294 140.311916
11 5.475930e-007 506.734125 121.697704
5 3.550460e-008 443.253296 299.474578
4 8.373720e-008 503.291241 359.512944
2 1.075890e-007 394.096300 314.355586
7 3.638310e-007 177.824365 312.019046
5 1.121280e-007 187.063282 312.180293
2 2.773760e-008 256.882034 208.912837
7 4.586240e-008 32.285711 190.113049
7 9.631080e-008 205.236464 197.412302
2 2.219650e-008 232.105985 184.233721
5 3.491170e-008 229.837744 182.461573
7 1.674270e-007 88.375907 147.688240
7 1.708760e-007 171.056801 195.526467
5 5.570100e-008 150.784049 196.285425
7 8.843250e-008 92.333527 194.331005
5 8.389870e-009 204.441185 211.596108
7 5.077820e-008 224.849344 181.339602
2 7.059380e-008 245.457679 116.771861
5 2.335980e-008 158.497039 317.244601
7 3.077120e-007 139.302302 269.736095
7 7.643130e-008 121.310863 142.752961
2 9.565780e-009 174.285821 218.809796
5 1.170050e-006 281.807500 301.350775
4 6.091920e-008 342.421539 416.613366
8 1.973010e-007 221.549386 577.789678
10 5.060490e-008 161.767899 605.302051
6 1.812640e-007 167.899022 593.771083
5 8.802400e-008 196.144359 412.120665
7 1.296480e-007 113.153113 398.976006
10 7.027120e-007 184.547973 534.751471
6 2.467530e-008 137.269536 496.697679
8 3.910170e-008 136.813543 496.301291
7 4.642480e-008 140.771052 447.349936
5 3.304630e-008 283.617219 526.193570
4 6.177110e-008 287.005179 529.138692
8 2.339670e-007 337.702451 635.308753
6 2.138310e-007 276.241777 654.099196
8 2.107880e-007 322.957889 685.154545
6 3.134710e-007 259.068558 738.764012
8 4.289390e-008 181.197716 813.074227
6 3.216940e-007 249.516448 765.236976
10 9.798530e-008 132.024124 674.408004
8 2.650640e-008 95.154976 812.004931
6 1.153380e-007 150.208691 824.851485
6 1.186240e-007 264.537153 779.590291
8 1.766520e-007 218.922200 709.349603
10 3.403420e-008 264.008881 659.118930
4 1.480980e-008 375.494604 718.273583
6 4.604990e-007 153.146108 757.082413
8 1.560250e-008 152.931710 757.640938
8 1.061150e-007 306.222807 744.519381
6 1.945780e-007 225.667830 769.147522
6 2.238490e-008 110.753431 842.388476
8 1.650020e-007 281.292589 723.123975
6 2.494120e-007 279.749307 727.364089
6 6.165500e-008 41.306320 801.362195
8 1.928620e-007 247.930872 743.638435
10 7.217080e-008 235.304926 622.473660
6 2.613120e-007 85.428329 630.328226
8 1.020960e-007 166.858649 730.902153
6 1.945330e-007 151.543561 763.334885
6 3.521540e-008 293.781519 866.083021
8 4.252560e-008 303.461565 872.369331
4 5.403370e-008 349.515583 582.249609
10 4.845620e-008 337.771845 571.346308
8 2.085120e-007 346.867402 597.761667
4 6.788970e-008 235.423755 456.348058
5 4.916770e-008 176.971400 426.565163
7 1.382340e-007 140.875396 437.981296
10 5.146230e-007 142.015353 443.344378
8 1.269970e-007 169.137275 570.943125
6 8.022500e-008 173.421455 591.098627
4 2.671450e-008 187.944926 595.809503
10 7.853680e-008 202.527899 611.607443
8 8.603840e-008 330.126622 584.485525
6 5.331490e-008 350.282150 580.201340
9 3.696070e-008 599.169911 428.907057
11 1.011510e-007 596.076185 251.715693
9 1.073730e-007 669.713984 626.617492
3 3.275260e-008 861.776910 669.823359
9 2.383850e-007 831.695408 591.427886
3 4.867910e-008 724.085712 733.298079
9 1.110850e-007 878.303957 638.609281
3 7.163640e-008 881.711054 677.801568
9 1.492540e-007 883.860995 491.927820
4 1.420530e-007 504.662160 522.657864
9 5.007080e-008 652.099735 576.391883
9 1.358560e-007 655.572226 540.259048
4 1.270700e-007 468.508035 541.887259
9 2.564840e-008 598.431661 738.704663
4 3.811920e-008 440.435689 565.833629
8 3.743550e-008 291.762142 539.618045
5 2.395810e-008 225.372024 503.358835
10 1.574380e-007 216.070212 497.318180
7 3.133620e-008 189.204090 497.683061
6 6.886620e-008 320.873799 578.546941
4 2.441450e-007 346.362743 584.902122
8 7.055880e-008 415.320113 602.095324
4 9.903230e-008 410.166909 573.610783
8 5.973600e-008 410.928127 568.804694
8 1.459360e-007 344.401614 694.897924
6 1.080400e-007 312.527288 702.705110
8 3.844620e-008 189.412466 773.282560
6 2.072610e-007 176.031299 779.617701
10 1.531300e-008 184.125163 730.789889
8 5.930230e-008 186.800522 807.401002
6 2.012350e-008 187.878993 838.283920
6 4.486880e-007 108.049148 690.666767
8 1.598460e-007 139.387683 637.884327
10 3.485090e-008 229.596337 644.192156
4 7.637500e-007 409.623009 542.472208
9 4.858510e-008 680.399683 615.998573
3 1.328350e-007 781.582105 662.587961
9 7.028460e-007 743.394916 560.759365
3 6.785110e-007 801.574072 568.720946
9 9.219600e-009 835.916120 781.920426
3 2.029720e-007 835.676944 652.547432
4 1.032730e-007 507.621565 625.194148
9 1.291310e-007 672.524876 584.056386
3 1.559720e-007 769.099519 472.959948
9 5.794510e-008 651.168980 669.944558
9 5.668400e-008 715.287641 688.116238
4 8.953450e-008 525.124222 513.987442
2 2.439130e-008 532.674394 220.705788
11 1.573140e-006 532.904394 220.212550
5 1.450740e-008 412.707572 186.863455
2 2.993710e-008 617.512404 140.983627
11 2.815270e-007 618.040329 141.175776
11 4.643150e-008 407.012671 338.700916
5 2.976090e-007 340.941510 347.986625
2 3.012750e-008 338.635942 348.310652
4 2.003370e-008 336.451996 348.617586
7 1.533200e-007 178.264187 350.778830
10 6.949930e-009 172.890638 350.685043
5 2.668740e-007 346.466252 291.018099
2 1.358260e-008 348.077708 292.469059
4 8.431050e-008 402.815154 328.838442
11 9.510580e-008 555.325611 347.564109
2 5.514540e-008 442.702538 54.959731
11 8.215070e-008 595.040838 76.980492
2 1.523070e-007 411.055348 300.808527
5 1.008930e-007 369.564729 319.281374
4 6.659820e-008 338.913992 375.506028
5 1.429700e-007 390.391476 327.984309
2 3.248030e-008 338.088494 322.487011
11 1.080040e-006 506.314500 193.787933
2 2.985540e-007 455.875529 190.139871
5 1.161900e-007 400.330972 342.748320
4 3.999070e-008 444.613482 308.518141
11 2.033350e-007 507.027936 248.245102
2 8.905600e-008 426.446505 54.038140
11 1.659720e-007 545.108270 328.310100
4 1.884610e-007 471.203634 388.039138
5 7.342020e-006 310.164766 336.171385
2 2.280850e-008 303.009887 336.296247
7 5.056430e-007 159.731442 338.796634
10 1.218850e-008 133.061386 211.222800
5 1.378620e-007 292.629150 245.853522
2 1.900560e-008 291.220600 238.607239
7 7.378730e-008 190.178783 241.602193
5 7.512960e-008 176.680198 304.968009
7 6.643040e-008 101.178571 157.411554
2 9.090000e-009 214.137859 197.218048
5 2.795480e-008 103.090976 212.127161
7 6.694970e-008 32.221483 152.660616
5 6.087030e-008 220.111474 185.870087
7 1.144420e-008 283.051505 120.693656
2 3.774160e-008 314.192793 101.752581
5 7.168950e-008 271.305889 253.285618
2 4.311710e-008 280.310485 269.530367
7 5.251970e-007 155.415416 331.046899
10 4.021930e-008 135.863989 277.165769
5 2.285280e-007 225.812197 314.582559
7 6.886260e-008 240.867677 258.021468
2 1.620580e-008 243.534041 181.662170
5 1.808270e-007 343.752166 247.415209
11 2.698170e-007 467.108608 262.811240
2 1.926730e-007 474.154854 270.107853
11 1.578880e-007 600.256615 83.081539
2 3.498380e-008 595.756589 172.652240
11 6.403430e-008 460.952695 81.555741
2 1.617620e-007 338.261283 257.458263
5 4.467950e-007 334.259486 333.820848
4 4.383540e-008 293.815408 329.645054
7 1.013730e-007 218.990887 284.685824
2 3.132280e-007 382.372084 227.987134
5 3.683600e-008 385.074194 220.139615
11 1.143380e-007 412.807008 163.565936
2 6.450470e-008 419.705587 334.652462
4 5.300410e-008 369.262562 349.116591
5 3.820880e-007 349.140340 354.886475
9 7.438390e-007 707.284041 536.625133
3 6.842320e-008 727.526946 470.775862
9 3.938870e-008 767.276779 433.387208
3 3.066250e-008 691.996333 470.104088
9 1.146610e-007 653.455730 540.939313
9 3.379560e-009 751.197006 364.310334
3 8.659020e-008 728.203802 455.302080
9 2.178160e-008 632.686015 502.410966
4 2.163670e-007 498.547153 483.559060
3 1.955430e-007 741.004504 578.672342
9 7.582050e-007 783.291191 574.972648
4 3.047900e-007 455.241569 542.601584
9 8.746890e-008 679.867787 446.786325
9 4.781390e-008 767.135109 298.330375
9 9.895150e-008 750.593738 407.154806
9 2.561210e-007 732.458775 446.679231
11 2.493580e-008 719.111170 247.882431
9 1.890100e-008 781.006205 303.394418
11 1.028730e-008 746.059711 290.396983
9 3.559590e-008 750.054400 345.757218
9 5.562200e-008 593.877728 569.816463
4 2.732890e-007 445.149282 598.726280
8 6.911040e-007 301.977321 583.368532
6 5.971390e-008 216.909477 571.413083
10 1.138260e-007 211.335709 566.356809
7 2.351980e-008 100.869099 487.365573
8 3.475370e-007 249.843147 548.171906
10 6.260860e-008 313.974055 488.368877
4 2.173110e-007 316.355110 486.148508
5 3.565210e-008 262.111118 482.908994
6 7.703030e-008 246.779008 593.018538
8 3.202270e-007 225.831944 593.384164
10 2.463750e-007 137.243533 594.930457
7 5.586240e-008 176.769867 406.044359
5 5.019490e-009 129.047484 475.647394
8 7.235870e-008 167.340456 509.961410
10 9.793430e-007 173.436500 506.002581
7 2.831710e-008 234.233454 459.932699
4 1.429410e-008 163.503455 495.971383
8 5.427960e-008 134.809094 510.591869
10 2.280220e-005 128.070990 514.025100
5 3.386250e-008 146.501205 439.256794
7 5.112160e-008 43.110405 432.026673
10 4.911870e-007 54.803534 511.051528
6 1.564820e-007 171.011794 583.612056
8 7.773530e-008 171.551449 583.415635
4 1.366310e-007 323.563137 547.420178
5 6.685120e-008 398.204469 471.037067
4 6.771700e-008 544.389682 573.632240
9 3.867350e-007 688.802170 588.810285
3 6.791210e-009 714.576315 505.422041
9 4.403650e-008 759.041154 339.066105
9 1.136730e-007 755.715488 406.061372
11 3.234540e-008 751.406857 345.641809
3 4.168790e-008 767.767702 431.476351
9 2.171320e-007 746.656056 444.161495
3 1.357360e-007 784.479442 467.427155
9 2.237340e-007 776.893738 469.746335
4 4.122020e-007 467.306119 551.720859
5 1.340590e-007 371.418344 431.073703
4 4.222890e-007 463.933249 500.788946
8 8.050800e-008 384.812163 573.349392
4 3.251610e-008 495.607185 620.379093
8 1.335680e-008 420.755767 769.692820
6 9.138520e-008 240.411827 874.403153
8 1.434370e-007 226.696702 771.233862
6 2.467060e-008 88.939478 709.900587
10 1.105300e-008 268.823872 658.240167
6 2.148630e-007 181.692138 786.276732
8 5.333920e-007 249.569166 705.383969
6 1.427060e-007 280.297189 787.723959
8 7.405830e-008 260.654928 798.167942
10 1.955360e-008 133.881431 741.754407
6 7.711560e-008 289.044974 816.988349
8 3.103740e-007 190.131688 712.648196
6 2.735780e-008 296.571084 810.699501
8 7.572040e-008 214.346816 839.615633
6 1.612070e-008 387.112402 688.549634
8 5.498350e-007 233.158462 708.277255
6 9.739560e-008 88.885045 645.753933
10 4.063800e-008 30.615900 701.901940
8 3.864650e-008 184.173462 772.810567
6 2.834750e-007 92.198640 744.691128
8 2.997330e-007 231.924600 728.586764
6 1.548480e-006 222.090245 717.664586
10 7.497510e-008 133.447344 641.472878
8 9.577880e-008 103.340401 722.332485
6 1.385460e-007 91.844747 730.995101
6 2.200170e-006 200.641313 723.717989
8 2.597960e-007 187.872362 668.507228
4 2.133320e-008 352.674470 654.408383
6 8.887350e-008 128.236950 846.508151
6 2.822710e-007 213.855578 815.620759
6 4.981040e-007 230.302090 744.212949
8 1.361740e-007 234.478344 731.576049
6 3.279330e-008 353.253840 767.686135
8 6.453900e-008 357.631905 764.265648
6 2.032440e-007 101.612642 750.441353
8 9.632890e-008 308.827722 782.306081
4 3.909160e-007 410.292292 555.621838
9 2.820070e-008 550.143812 541.867774
4 4.575610e-008 553.070926 483.239460
9 8.672470e-008 655.351928 567.441237
3 5.902580e-008 719.458718 626.786793
9 4.117090e-008 563.491196 517.060206
4 4.062430e-008 475.528507 516.426655
8 1.801000e-008 329.386140 784.084231
6 1.944320e-007 277.831225 749.605620
