10 4.134500e-008 745.422680 563.178537
11 3.352600e-007 728.592569 577.808668
10 8.825100e-008 635.264634 512.569472
11 3.367280e-008 652.978314 500.166217
10 1.014960e-007 838.368142 329.374945
10 6.212870e-006 708.808816 400.978451
11 7.894830e-008 646.631238 605.622238
7 8.017850e-008 452.449439 431.840639
2 1.156660e-007 732.390458 92.915088
10 2.743920e-007 591.129307 390.210494
10 1.253790e-007 870.179959 369.230163
11 2.714800e-007 737.158463 581.879213
10 4.082800e-008 859.013675 501.533292
11 6.472360e-006 779.938764 640.681929
10 9.415610e-008 831.335087 522.871347
11 5.265270e-006 773.112557 638.805635
10 2.133880e-007 716.159984 524.809923
11 6.797830e-008 894.645782 490.115591
4 8.341140e-008 642.379841 829.786769
11 5.263870e-008 669.678157 776.457966
7 3.118830e-007 479.393786 504.044600
10 1.954320e-008 737.591040 576.397338
11 6.427670e-007 739.127927 576.289871
7 1.517390e-007 473.106198 528.022724
10 9.229620e-008 588.608301 438.863653
11 1.389460e-008 597.764672 572.094854
7 1.361740e-007 457.679527 603.708069
6 2.047670e-008 457.999109 600.667459
7 4.128610e-008 451.613275 393.430069
5 9.400030e-008 491.341151 142.124984
10 4.401250e-008 491.863203 370.801567
7 4.691560e-008 342.101109 412.031051
9 2.745730e-007 161.385839 606.020601
9 7.738490e-007 183.992544 534.134604
7 2.243520e-007 283.503748 526.094931
6 4.040230e-008 295.903227 648.088078
9 2.570180e-008 226.841418 669.202424
3 1.854620e-007 250.668335 797.387931
8 1.305410e-008 305.468608 775.720308
7 3.355330e-008 294.123998 709.349031
6 1.286880e-007 287.712437 714.728965
3 2.626250e-008 100.843185 741.207265
9 4.261910e-008 128.617212 767.911044
6 3.136250e-007 348.488337 691.441345
9 3.763370e-008 112.835240 746.021581
3 8.862980e-008 95.103006 812.198887
6 2.670040e-008 187.974986 800.186490
3 3.042510e-007 231.408307 808.464723
9 9.621060e-008 181.432835 651.621193
7 2.569380e-008 372.873646 703.409322
6 1.544000e-007 373.415376 706.481638
4 7.348850e-008 386.079399 778.303243
8 6.918800e-008 400.910297 862.413864
3 2.966890e-008 369.662052 908.915768
3 3.463330e-008 156.624022 748.022150
