8 1.021110e-008 737.343177 570.201913
2 5.761000e-007 672.420707 237.388967
2 5.927310e-008 762.744669 314.663677
4 1.335000e-007 452.973588 434.306559
5 4.321250e-008 450.712025 423.666776
2 6.191210e-007 607.610789 170.885811
2 8.475770e-008 568.679110 326.317897
2 1.000590e-007 779.667368 232.393588
8 5.128620e-008 819.265653 620.330833
8 7.936280e-008 919.419564 655.674579
8 2.695480e-007 906.180844 518.990906
8 1.790410e-007 810.776875 610.997246
11 1.204290e-007 645.643301 837.116604
7 3.789910e-008 720.108957 964.207887
9 7.054680e-007 790.052988 949.340778
11 1.015540e-007 685.094120 838.287329
5 5.574350e-008 482.619008 496.061813
4 1.382470e-007 516.534799 412.116425
8 2.812590e-008 774.147131 560.829412
5 5.148560e-008 422.804818 515.570670
4 5.104210e-007 443.634034 432.028519
2 4.211100e-008 557.904524 186.094942
4 1.681620e-008 587.471270 436.309834
4 2.814370e-007 433.428779 474.722474
5 2.205450e-007 368.713133 512.086068
6 8.868540e-008 338.681705 513.696207
4 3.426110e-008 514.565751 244.486945
3 6.869320e-009 423.239644 206.739386
2 3.875900e-008 459.075955 184.942580
4 7.841340e-008 403.771466 258.334520
4 4.146610e-008 202.675518 309.855824
6 4.173080e-008 276.360385 313.738803
3 1.423350e-007 256.292535 208.343564
3 4.644630e-008 81.206525 123.387975
3 1.527580e-007 166.241674 205.573344
3 2.997820e-008 148.438393 97.426375
3 7.437590e-008 69.756489 173.860435
6 2.122870e-008 160.912950 323.224172
3 1.156980e-007 215.244158 34.833632
3 5.281850e-008 118.259014 134.351701
4 1.230010e-007 337.162549 341.407178
5 1.379900e-007 348.183292 499.009306
6 7.558410e-008 349.333595 515.459208
4 3.868400e-008 178.245824 409.285786
5 1.646090e-008 105.900309 397.827262
6 7.414340e-008 89.776197 395.273427
6 1.301380e-006 162.787390 455.363238
5 2.013100e-007 224.957365 477.991287
4 4.670180e-008 285.564540 527.886358
10 1.447050e-007 252.514110 801.736305
5 2.210640e-008 275.592763 724.898570
10 2.081800e-008 84.810078 727.753905
5 4.007620e-008 182.249172 637.427282
6 2.740120e-008 134.075694 666.751476
10 4.804090e-008 90.052697 832.237495
10 2.368070e-007 251.605166 810.587499
6 5.235830e-008 256.787532 657.584004
5 2.798630e-008 260.978344 658.474778
10 5.120340e-008 392.761404 816.198966
10 1.496190e-008 109.406573 800.779454
10 3.541910e-007 192.221097 849.667737
10 6.482770e-008 190.819673 808.772427
10 1.398390e-007 190.088586 1001.172769
10 2.922530e-006 197.734795 895.167734
10 7.220070e-008 251.709576 804.402315
10 2.119710e-008 128.092324 923.330154
10 8.698850e-008 152.134665 818.980633
6 8.276470e-008 227.018350 622.907933
5 2.077610e-008 222.334445 623.153402
10 5.815190e-008 187.107975 737.481603
10 3.377060e-008 257.272470 975.164295
5 1.183730e-007 341.225822 563.630378
6 5.331040e-008 319.130526 517.208101
4 1.377380e-007 338.236210 572.694918
5 1.382990e-007 218.835472 447.895925
6 2.074670e-007 151.550545 413.612620
4 4.290870e-008 213.282461 452.113624
5 4.730990e-008 207.838985 482.985020
6 6.415700e-007 194.311670 559.702009
2 1.164150e-007 596.102529 253.224540
8 6.256710e-008 826.959329 662.725298
8 5.778840e-008 777.939633 673.486994
8 2.808220e-008 859.986932 745.203061
7 1.499270e-008 828.899173 745.397541
8 2.210820e-008 834.047004 472.425785
5 1.356730e-008 473.927631 586.027801
4 5.585220e-008 474.490627 590.613181
