9 5.274120e-008 667.638002 630.795446
7 7.726610e-008 644.959041 659.770865
9 8.626010e-008 717.132799 455.244753
9 2.623730e-008 673.014308 394.287333
9 9.783000e-008 638.703593 636.950347
7 1.518590e-008 584.085268 600.109922
11 2.904150e-007 432.949070 340.098903
4 1.104900e-006 671.029013 131.257843
9 4.069750e-007 633.027360 488.916188
4 5.493100e-008 780.673202 231.579086
9 4.792230e-008 706.773357 529.250662
7 3.742570e-007 789.152294 671.935176
7 1.514570e-007 882.867463 670.196589
7 6.566260e-008 850.390482 569.224566
9 1.128740e-007 725.684700 522.958494
7 1.562820e-007 759.168527 666.736890
7 5.607850e-008 741.062056 886.115129
9 2.472710e-008 572.162368 647.443148
9 2.660570e-008 502.308068 579.388856
7 3.954530e-008 742.360237 576.063852
9 2.315020e-007 532.368824 511.029236
11 4.241250e-007 461.535247 360.230048
9 1.173210e-007 617.254123 503.203346
9 4.134470e-008 453.300760 389.253366
11 2.206540e-007 481.907091 318.449666
11 3.004650e-007 438.583760 190.284844
11 7.102920e-008 509.402766 380.928080
8 1.003500e-007 230.188271 308.413907
5 1.377660e-008 171.052771 311.900861
11 5.161240e-007 362.423791 310.833279
10 6.420770e-008 144.385047 182.274553
5 5.447320e-007 38.971538 189.645545
5 4.186740e-008 214.100087 197.721808
8 2.055130e-008 221.282934 175.777809
5 4.402130e-007 89.931094 138.868330
5 3.816140e-007 123.135825 138.416288
5 4.925800e-007 156.245165 157.431619
10 4.271580e-008 121.433213 177.530301
5 7.298630e-008 175.459878 254.562899
8 5.696230e-008 207.664205 206.817759
10 8.059050e-008 234.138627 120.449631
5 1.200830e-008 172.047691 350.783544
8 1.491730e-007 156.360176 311.955696
10 2.468840e-007 215.374090 34.684162
5 7.692740e-008 53.211863 77.664012
10 3.439340e-008 118.079127 134.393231
5 7.852520e-008 214.823092 132.924401
11 1.775150e-008 172.359932 221.104978
8 1.038850e-007 119.066235 284.617805
2 6.089500e-008 164.930753 599.353586
6 1.774330e-008 174.095020 582.118101
8 1.807310e-007 257.069752 421.770400
5 1.408890e-008 79.281451 417.841059
8 6.334010e-008 63.460835 432.536929
2 3.763770e-008 363.068109 627.553681
6 4.247480e-008 359.642753 628.600920
3 6.493040e-008 295.237062 648.291746
2 3.990450e-007 332.281265 677.331310
6 6.090490e-008 329.392976 679.754871
3 2.238350e-007 275.085556 725.324167
6 2.296150e-007 174.589694 807.874152
3 9.628780e-007 232.388994 777.229739
2 3.539420e-007 240.036727 771.874742
6 1.407900e-008 97.372666 803.728437
3 9.927170e-009 130.078443 827.323096
2 2.461440e-008 139.066990 826.219473
6 6.562980e-007 238.379535 809.197429
3 4.214370e-007 275.811063 796.950545
2 3.063820e-007 270.777049 789.198863
6 5.243670e-008 390.405030 802.835239
3 9.101620e-008 405.450463 888.162559
2 5.122720e-008 397.692504 892.732437
3 9.764270e-008 152.064135 744.171060
6 2.181870e-007 154.060735 754.699733
2 7.541930e-008 144.123306 780.587590
3 3.068930e-008 154.391845 888.841092
6 5.172810e-008 293.081075 912.890807
2 4.898670e-008 365.813690 804.662949
3 1.145760e-006 286.429299 750.570867
6 6.030000e-008 176.499889 910.664037
2 3.639860e-008 316.799933 891.027155
3 1.078100e-007 272.781752 929.290576
6 4.075480e-008 115.398413 830.891779
3 1.363060e-007 263.800903 868.970733
2 5.012240e-008 431.629329 854.287298
6 1.286270e-008 427.722755 847.901737
3 1.390170e-007 227.466530 871.009275
3 8.898100e-008 202.999538 876.761135
6 5.807150e-008 191.120987 871.222064
2 8.855150e-008 137.440716 846.190492
3 4.882530e-008 264.415399 626.348267
6 5.443300e-008 257.107341 621.331063
2 1.547630e-007 211.950437 623.697596
3 9.266510e-009 41.271086 690.095994
6 5.745000e-007 211.172710 820.501802
2 1.085030e-007 214.500081 831.385185
3 4.678270e-007 197.950643 835.409930
2 1.164520e-008 363.392348 906.819803
6 1.212370e-007 364.118972 903.081686
8 3.136870e-008 334.412542 561.590202
2 1.026000e-007 373.954807 676.429035
6 5.523640e-008 375.120957 679.815774
3 8.864360e-008 370.778234 667.203743
8 5.661530e-007 139.734577 432.614160
2 2.778580e-008 204.086401 488.671047
8 3.136800e-008 185.903275 607.388246
6 2.675150e-008 337.387499 582.942180
9 4.979900e-008 570.946473 643.664239
9 3.394610e-007 588.681446 474.218355
7 1.983400e-007 745.924365 648.436273
9 3.177470e-008 738.720233 623.441564
7 3.071930e-007 778.500644 672.863926
7 1.808190e-008 860.632225 744.642120
9 2.598760e-007 677.047445 526.977737
9 6.347480e-008 662.278944 580.923970
7 3.021610e-008 666.902274 582.982469
9 2.135010e-007 629.656328 606.065753
7 3.807860e-007 724.875312 776.409815
2 2.687980e-008 486.053784 630.172067
9 2.665350e-008 435.387178 564.943426
8 1.171250e-007 144.503829 450.842529
2 8.676360e-008 413.747559 601.703238
9 4.660240e-008 437.796490 598.994555
8 6.668520e-008 324.614712 576.729130
3 5.520540e-008 394.918197 669.886406
6 5.342600e-008 395.313720 667.389194
2 2.372050e-008 408.284641 585.494837
9 4.845640e-008 419.380819 574.277204
3 4.142780e-008 318.291164 880.684234
6 1.030110e-007 318.650295 878.128871
2 1.135680e-007 328.257706 809.768294
3 1.518290e-007 344.702607 713.672710
6 1.005130e-007 347.184690 712.719933
2 1.563750e-006 312.263624 726.124770
3 1.830180e-007 209.300758 660.326605
6 1.823930e-007 206.989018 659.439219
2 9.042860e-008 181.611909 658.820779
3 6.630740e-009 82.448183 787.561751
6 2.359840e-008 81.042762 789.725900
2 1.217480e-007 210.325497 642.844645
6 2.766860e-008 410.624779 540.987020
9 1.811430e-007 497.183823 548.802515
7 6.329850e-008 753.728022 597.715923
9 3.869780e-008 688.887939 621.295197
7 1.733700e-007 852.480883 638.788631
7 1.326740e-007 721.722897 804.817795
7 7.114270e-008 884.936695 795.607834
7 1.215700e-007 616.245943 794.154706
9 5.569290e-008 590.812647 688.490607
7 5.922180e-008 589.976449 683.211140
9 7.316780e-008 604.521070 611.576191
7 7.421850e-009 715.219121 534.942267
7 1.776730e-007 691.959764 779.679092
7 7.520510e-008 858.250460 850.693546
9 7.969240e-007 612.206304 586.388087
7 5.189440e-007 688.464539 749.925853
7 5.940220e-008 780.887891 904.689171
