6 1.779110e-007 677.312209 240.100365
3 1.006510e-007 765.182435 310.762465
6 3.110150e-007 542.211444 222.805413
7 1.994990e-007 666.680832 133.974878
3 2.159560e-007 674.865988 128.860243
10 2.063410e-007 737.472153 89.739704
9 2.796870e-007 740.006342 88.156172
6 1.512960e-006 564.429294 245.227779
6 9.245050e-008 726.322184 275.591300
3 3.433060e-007 784.224510 228.703318
5 1.436580e-007 442.213547 596.069861
5 1.431840e-008 571.159001 585.412316
5 7.496640e-008 422.629513 516.273785
6 2.177310e-007 515.288339 247.909888
7 4.426460e-008 556.401392 272.203460
5 1.323730e-007 458.123349 652.717089
5 2.026640e-008 420.020677 440.458123
6 2.511670e-007 503.223985 265.688096
2 3.997070e-008 426.845334 202.872759
6 5.167390e-008 488.216538 137.060234
8 2.987470e-008 515.580583 109.957994
7 2.254480e-007 503.761625 125.642367
2 9.153030e-008 289.246621 305.318716
2 1.544330e-007 164.278782 180.883492
11 2.971450e-008 109.090890 184.742481
2 2.725320e-007 218.458770 197.874007
11 5.378990e-008 224.304128 198.078119
11 1.169190e-007 95.332515 100.840878
2 1.082720e-007 175.970121 201.381953
11 5.973650e-008 179.284282 213.410167
2 4.743390e-008 85.780662 198.114302
11 3.159100e-007 148.487588 98.129869
2 2.463530e-007 220.494274 187.796295
8 2.085230e-007 239.342047 118.758943
11 4.097410e-008 77.022896 187.741228
2 8.166240e-008 123.309503 230.152643
11 1.537940e-006 226.349752 22.058132
8 6.191730e-008 185.472843 26.893873
2 1.961510e-007 224.227484 102.794062
11 2.707250e-007 102.886119 137.900811
8 8.972190e-008 210.038901 176.201021
2 1.946500e-007 153.773243 243.255686
5 3.347380e-008 284.614397 547.030838
5 2.259400e-007 365.403033 597.289233
5 7.678250e-008 323.518724 720.166897
4 2.748330e-007 136.614197 771.222676
5 5.691290e-008 312.945089 720.823801
4 2.295170e-007 107.308457 766.647725
4 4.448340e-008 201.698181 805.342063
5 2.180050e-006 367.611657 681.140115
4 1.054520e-007 101.186205 922.105797
4 6.710450e-008 185.680870 842.861249
