7 3.225500e-008 781.958000 531.419000
4 2.342020e-007 743.848856 564.546636
7 7.870370e-008 657.976251 654.511586
4 1.836120e-007 649.306660 502.737137
4 1.817720e-007 692.979961 401.920721
4 7.318310e-009 657.959965 556.551609
11 1.772580e-007 522.739831 558.732014
5 3.741640e-008 454.434542 441.179788
4 1.507950e-007 632.121666 486.782506
4 6.187220e-007 731.745112 472.103930
7 1.654780e-007 785.856540 666.226763
2 4.073450e-008 821.651257 614.710665
4 6.275690e-008 782.910449 567.688542
7 5.341320e-008 876.343071 668.325729
4 1.893310e-007 814.867943 551.393271
2 7.666200e-008 780.726192 631.950316
7 4.322180e-008 845.492032 573.635132
4 8.074670e-007 749.478974 518.333328
2 1.483200e-007 701.290285 717.049669
7 2.164920e-007 699.528867 718.580846
6 6.706440e-008 638.359303 771.754728
8 2.068890e-007 634.565428 775.052693
2 1.352020e-007 819.154739 904.144168
6 6.513780e-007 736.314692 885.019119
7 2.867450e-007 731.715251 883.957259
8 1.075980e-007 731.320570 883.866140
11 6.111790e-008 578.496379 649.748546
5 8.021950e-008 475.708772 513.165420
11 1.832470e-007 414.814327 571.734421
4 2.967690e-007 723.844530 577.358562
11 1.004180e-007 523.785107 513.490607
5 6.260010e-008 418.560932 532.592117
4 9.727960e-008 637.079254 547.731407
11 4.327430e-007 499.018250 629.106325
5 2.336970e-008 456.691590 613.107612
5 8.396950e-008 442.481023 416.033360
3 5.406480e-008 487.525884 147.188042
10 1.702820e-007 171.379946 311.495995
3 5.863300e-008 158.128716 181.313533
10 9.766830e-008 78.994909 193.004122
3 1.043870e-007 194.229506 154.641310
10 1.763300e-007 66.225842 273.307615
10 2.230850e-008 125.432799 181.052791
3 1.816760e-008 142.652806 165.279167
10 4.035000e-008 54.308741 196.033308
3 7.535090e-007 274.059042 107.478748
10 1.437850e-007 134.374402 287.076673
3 1.617650e-007 234.697031 7.998513
10 2.470720e-008 83.272221 146.750996
3 2.721530e-008 199.292524 189.008029
5 2.814740e-007 346.189278 470.493907
11 1.817090e-008 316.787307 531.339072
9 1.059280e-007 165.841101 604.960406
10 6.882720e-009 231.709535 473.760923
5 1.732540e-008 133.851090 402.254277
10 2.917500e-007 45.669117 417.070866
5 3.476440e-007 256.143266 502.310713
11 4.375890e-007 378.136005 608.357889
9 2.411660e-008 209.292743 699.913171
11 1.615750e-008 303.586013 701.409465
5 5.875690e-009 245.207751 750.394600
9 1.491730e-007 174.898969 803.347380
11 4.403420e-008 317.056243 681.228498
5 8.968850e-008 309.185433 678.671132
9 1.470280e-007 150.944007 627.255677
9 4.083330e-007 109.196285 794.677682
5 4.612500e-008 234.415835 652.828810
9 5.299950e-008 309.903154 668.873942
11 4.780950e-008 368.498556 681.328629
9 1.298640e-007 121.117766 785.238204
9 7.472020e-008 189.375725 852.614207
11 2.112160e-008 352.788957 730.282672
5 3.360550e-008 279.182602 752.786405
9 5.011500e-008 194.452167 782.925615
9 2.315580e-007 122.113298 814.271913
11 3.906630e-008 299.155538 689.133484
5 4.636220e-008 266.779396 762.998489
9 1.830700e-008 251.468341 882.776407
9 6.165890e-008 166.826206 886.021868
9 8.095450e-008 264.342005 626.870476
5 6.544050e-008 186.591929 625.026556
9 2.347840e-007 56.891888 695.171536
9 1.115440e-007 183.515520 794.475289
11 1.004220e-007 374.449739 638.253007
5 2.483480e-006 333.330489 545.897055
5 5.990180e-008 203.036422 439.845924
10 1.098320e-007 147.740875 411.671500
9 1.262100e-008 198.923865 512.958689
5 5.701810e-008 201.982387 516.199335
11 3.896250e-008 381.042693 573.662992
4 1.898240e-007 592.662678 535.497735
4 8.895570e-008 610.441309 515.142465
7 4.181120e-008 779.811089 654.411573
2 6.762400e-008 862.882440 669.059677
4 1.174170e-007 780.842595 608.937781
7 1.194100e-007 800.651450 648.262862
8 3.623530e-008 726.252051 713.533856
2 1.845590e-008 728.408150 706.014536
6 3.373550e-008 748.046839 637.525272
4 4.487060e-008 839.505116 599.810698
7 9.722180e-008 886.110918 722.493962
2 9.852450e-007 771.765287 818.525414
6 7.450580e-008 815.630790 762.380258
8 5.883870e-008 818.664993 758.496664
4 6.100760e-008 806.736621 481.829615
11 3.234390e-008 566.237664 697.609337
4 3.717630e-008 552.557430 532.072689
11 5.712460e-008 533.468358 523.573977
4 3.284920e-007 667.670189 549.708416
11 1.023490e-007 510.339994 506.729197
5 1.391270e-008 472.410399 573.670520
6 1.663370e-007 709.088196 777.513726
8 8.342120e-008 713.857063 777.180263
7 6.600130e-006 769.361245 773.299144
2 1.463560e-007 772.227255 773.098739
6 4.892470e-008 512.176510 778.321436
8 2.843810e-008 511.320712 773.467960
11 1.127330e-007 503.252018 727.708116
5 1.316240e-007 394.343603 557.706219
10 1.951110e-007 117.257765 433.148766
5 1.121000e-007 328.021108 580.328986
11 6.908650e-008 335.355281 582.157622
5 1.184170e-007 396.853332 657.668562
11 1.540680e-007 398.035777 650.202976
11 3.622370e-008 279.436053 720.300043
9 7.425570e-008 222.193473 750.736484
5 1.629660e-008 210.129989 757.150756
9 1.917020e-008 273.870178 749.705394
11 4.286500e-008 284.204123 689.079041
5 6.563640e-008 230.584042 668.496415
9 2.056370e-007 180.693902 784.051694
9 6.774360e-008 185.045018 641.076911
5 2.592380e-007 312.211832 649.969035
11 1.000680e-007 352.614842 626.990521
4 9.730400e-008 673.876842 617.624886
7 5.757400e-008 779.341909 654.775471
8 5.067900e-008 814.900875 778.784277
2 2.378250e-006 817.013865 786.153148
6 2.312550e-007 760.717392 762.353483
4 2.307550e-007 749.430920 554.055737
2 8.662540e-008 877.901740 673.777673
7 3.402740e-008 894.508223 696.634691
6 4.236960e-008 789.654930 929.753569
8 2.240850e-008 785.358241 931.849203
7 2.051540e-007 670.909259 803.922296
2 2.148930e-007 746.329229 814.759406
6 2.650380e-008 809.348994 811.498874
8 2.849090e-008 805.822776 807.847358
7 1.044050e-007 840.172257 784.477769
2 2.721400e-007 871.425163 756.367579
6 2.601970e-007 739.106605 806.633606
8 3.461530e-007 736.765634 810.688284
7 4.213750e-008 677.100632 914.031058
6 6.542170e-007 641.809422 822.291085
8 5.297610e-007 646.688993 820.891876
7 3.568580e-008 568.025687 770.636073
11 8.038220e-008 487.673569 731.445656
6 9.802400e-008 574.499683 808.338515
8 1.212010e-007 578.123955 804.714219
11 9.749440e-008 577.741162 605.961701
11 9.801650e-008 593.075255 613.184751
4 2.102150e-007 699.408307 553.130531
7 6.255810e-008 747.293535 698.637828
6 2.102280e-007 687.644733 745.240663
2 1.799910e-007 681.615873 749.950933
8 2.294460e-007 664.385589 782.091549
7 1.366420e-007 720.156686 870.546048
6 8.552780e-008 792.606901 864.207357
2 7.632910e-008 799.929610 863.566690
8 5.569170e-008 868.913654 855.001746
4 1.219080e-007 611.274270 584.389317
11 1.552340e-008 676.900819 725.127154
8 1.506750e-007 690.271634 753.801214
2 3.676470e-008 691.337006 756.085932
7 2.863960e-007 721.308845 764.549547
6 1.344590e-007 741.780710 762.035911
2 1.244890e-007 758.876190 899.200992
7 1.587740e-007 730.591527 892.866494
6 1.831310e-007 736.008026 895.054906
8 1.409670e-007 754.797183 902.646231
2 1.442320e-007 753.575533 720.635229
7 9.773660e-008 758.237804 682.663007
6 7.091190e-008 758.949739 676.864598
8 9.022560e-009 759.538325 672.070807
11 6.638910e-008 545.569282 601.286234
3 5.479220e-008 408.828929 191.171130
3 1.536170e-008 494.841633 162.576436
10 6.649340e-007 103.374172 349.471746
3 1.423140e-008 320.051772 267.234412
3 2.996990e-007 423.190482 36.117143
5 1.255040e-007 392.650566 490.745155
11 2.453160e-008 428.380292 509.002070
3 1.928320e-007 448.324622 81.855203
5 4.315350e-008 344.416305 336.813768
10 1.168830e-007 139.011782 296.316011
3 3.499390e-007 272.137244 140.432900
10 6.687570e-008 72.326020 157.840466
3 1.811300e-007 221.306521 108.876419
10 6.979820e-008 42.321106 161.135203
3 2.228730e-007 257.783322 146.859674
3 1.352690e-007 223.785113 167.555716
10 4.069490e-007 95.039517 351.836067
3 4.468470e-008 257.747168 194.071639
3 7.610190e-008 413.055197 107.023336
10 1.311600e-008 164.158440 252.013524
3 3.174450e-008 402.118832 170.638264
11 5.749400e-008 533.419934 533.329983
6 4.514680e-007 646.551154 818.039230
8 4.188790e-007 650.419495 821.171767
7 1.323890e-007 695.442588 857.630934
2 1.180470e-007 730.733783 886.209326
4 4.088970e-007 707.642980 538.471715
4 1.195840e-006 691.203959 470.490556
7 5.009290e-008 804.724009 631.393261
8 3.977310e-008 727.309429 750.600911
2 5.592310e-008 717.330385 765.967247
6 1.429950e-007 669.838838 782.664270
11 5.268010e-008 503.964137 731.964900
4 1.031760e-007 650.936118 558.866778
4 1.186570e-007 749.341444 381.965210
4 9.123040e-007 648.219243 497.830374
11 1.814720e-008 576.922861 494.574000
5 5.017380e-008 500.748859 522.187986
4 1.242890e-007 751.751625 577.732069
11 7.986380e-008 530.484963 561.361705
5 8.332770e-008 418.685438 530.296844
4 2.246400e-007 639.071320 497.165672
4 8.491270e-008 769.890821 377.246888
4 2.330350e-007 752.257797 418.995044
4 1.933760e-007 742.677797 439.786390
4 8.291020e-008 712.486931 378.323870
4 2.632730e-007 642.499198 498.676922
11 1.573270e-007 535.328923 581.197173
5 1.588200e-007 375.164931 593.654330
10 1.839050e-007 96.698141 480.141303
5 7.998810e-008 199.464848 595.150421
9 2.276480e-008 234.383766 562.588010
5 1.318500e-006 305.015279 590.461291
11 3.355570e-008 247.131585 593.012384
9 2.551820e-008 140.707795 499.989498
10 1.089990e-007 173.840205 413.676408
5 1.078950e-007 221.097899 475.050809
10 4.258830e-008 75.898655 509.655365
9 7.071030e-009 137.575200 498.349443
5 2.451560e-008 145.774845 439.206000
10 7.938100e-008 137.990731 438.661657
9 4.244170e-008 175.368308 582.026397
5 5.845040e-007 348.862838 558.159262
11 2.409240e-007 399.023030 579.450995
4 5.222610e-008 604.299604 579.928894
11 1.987900e-008 625.917193 582.200947
4 1.299190e-007 692.553092 389.167868
4 1.369770e-007 757.444578 405.532738
4 9.853680e-008 777.372086 359.447832
7 7.588620e-008 789.984646 606.508554
2 2.401280e-008 792.457590 598.419907
4 1.446490e-007 805.387857 556.126855
11 5.160160e-008 468.435873 551.460031
5 8.538520e-008 461.358667 519.833398
11 3.019360e-008 462.969095 500.062401
5 3.344260e-008 501.035358 526.477696
11 7.111630e-007 509.540750 626.293541
5 1.265390e-007 382.982795 606.080402
9 2.233950e-004 118.975428 723.273412
5 1.263210e-007 304.588233 696.538701
11 3.549620e-008 365.655451 783.751028
9 1.246170e-008 130.802332 846.924895
11 9.000590e-008 347.471512 752.006714
9 5.909900e-008 210.855077 790.881808
9 7.345930e-008 205.481513 719.805985
9 8.196170e-008 183.402900 857.481144
11 1.061420e-007 422.830330 681.606763
5 3.721710e-008 401.997986 731.827106
9 9.725920e-008 173.621789 676.595491
9 6.314640e-008 180.248701 771.610650
5 3.833810e-008 178.758329 697.958212
9 2.327560e-007 171.177800 696.068164
9 1.939790e-007 63.089113 773.313510
9 1.720790e-008 62.829593 950.924628
5 2.898570e-008 298.516190 644.989181
11 1.324960e-007 373.640693 629.020992
