3 1.353910e-008 644.112165 660.113024
3 5.467370e-008 778.616342 412.193502
11 1.978300e-008 754.139129 282.686136
9 3.536650e-008 756.540149 284.017040
3 1.162190e-007 696.366645 400.412883
3 8.755380e-008 655.301107 568.068512
11 7.123870e-007 556.340008 210.523585
9 4.870100e-007 626.035400 159.372876
11 3.043180e-007 565.379675 263.361846
3 8.539670e-008 590.542462 388.827973
9 2.094640e-008 824.036407 218.301636
3 1.102090e-007 703.836762 524.164331
10 6.787000e-008 814.291066 632.050299
10 1.005860e-008 918.397547 652.706413
3 5.814610e-008 803.201018 507.890758
10 9.582170e-008 703.666732 714.983856
4 4.941980e-007 671.568239 895.344839
8 3.110240e-008 675.169628 903.433672
7 5.777570e-008 677.265719 908.141560
10 3.258880e-007 838.243153 908.551056
4 3.521920e-008 669.024891 773.837887
8 5.587100e-008 666.792625 764.884856
7 3.364820e-008 665.493387 759.673955
3 5.701240e-008 515.072836 415.734947
3 3.615240e-008 762.569882 574.650694
11 1.512750e-006 530.624767 217.810556
9 7.415760e-008 557.892488 186.784463
3 1.001210e-006 592.175596 446.875943
3 3.189630e-008 422.999142 480.744028
11 4.393320e-007 515.266868 236.472911
3 6.440810e-008 500.972942 399.857909
11 2.238470e-007 500.600868 123.779673
9 2.163090e-008 458.656566 185.499132
3 1.234690e-008 501.805010 376.541496
2 1.765990e-007 174.829073 180.145768
2 4.052500e-008 51.910253 192.058363
2 3.745190e-008 68.058347 256.394832
2 3.533590e-008 59.320500 120.600605
2 1.944860e-007 119.589947 119.967567
2 3.379030e-007 151.425138 140.137002
2 2.974820e-008 89.589463 209.507099
5 1.230340e-008 153.695454 305.360296
2 5.509260e-008 236.497303 7.307455
2 1.615440e-008 79.376773 143.328366
5 1.216440e-007 182.330000 566.630352
5 1.498410e-007 177.868367 531.989608
6 1.171220e-007 93.269416 831.842543
6 6.621420e-008 108.724340 926.113903
6 7.356460e-008 166.584134 858.885318
6 5.035250e-008 183.332967 967.943661
6 5.824500e-008 130.650137 821.941674
6 5.015380e-007 59.632266 904.986125
6 4.536740e-008 155.447222 819.624537
5 1.993800e-008 48.051218 632.287044
5 1.690540e-007 152.338070 414.013883
5 6.310670e-008 194.469996 558.804098
3 8.585280e-008 591.681572 549.528050
11 3.607230e-007 594.476556 241.342948
9 2.630090e-008 585.705546 324.795373
3 9.949050e-007 603.640264 502.351634
10 1.127460e-007 844.888087 665.886704
10 1.506190e-007 754.611437 699.395688
10 4.701220e-006 833.153996 768.528438
8 8.594290e-008 788.462953 807.377538
4 5.639650e-008 789.825093 795.409970
7 3.395660e-008 798.903029 783.790767
3 1.130430e-007 663.058434 548.518862
3 6.865990e-008 686.212584 591.579938
3 5.762180e-008 644.450145 584.133224
4 3.015160e-008 749.810912 774.666198
10 2.331550e-007 753.999790 774.373291
8 1.205540e-007 758.829609 774.035567
7 2.786850e-008 845.360350 767.984922
3 5.034420e-008 411.104222 560.661616
5 1.776720e-007 197.714671 485.397979
5 8.686310e-009 347.811176 620.355348
6 2.896620e-007 55.402340 827.816308
5 3.063060e-008 169.154221 639.965749
3 4.744490e-008 523.874740 584.222635
10 7.204750e-007 797.744027 718.951259
8 8.431250e-008 809.931936 788.521137
3 5.104370e-008 778.612937 537.117442
10 5.280910e-008 876.105349 671.305136
8 5.225330e-008 863.461453 893.298675
7 1.347440e-008 863.435492 893.462584
4 3.853560e-008 716.347575 965.507942
10 6.864470e-008 673.264709 848.867158
8 3.030570e-007 835.868715 850.935734
7 5.170570e-008 836.022588 850.997902
4 2.437620e-008 749.186830 749.198959
10 3.921470e-007 797.939493 759.101789
8 1.192150e-007 739.595837 805.716265
7 1.715760e-007 699.643775 874.985205
10 1.056130e-007 699.603870 875.054322
4 1.248250e-007 699.166411 875.812024
7 1.595140e-008 608.548857 790.400579
4 5.409880e-008 607.690759 789.982056
4 1.800120e-008 598.630331 737.848799
3 1.136260e-007 575.934150 596.295773
3 1.390240e-007 697.022962 555.874557
10 5.521430e-008 692.536776 741.418573
8 2.915090e-008 652.930511 783.093751
4 3.043260e-008 744.817812 775.054555
7 6.788310e-008 689.199874 873.254469
8 3.723800e-007 853.042929 858.919790
10 5.998320e-007 853.295460 858.897696
4 1.184900e-007 745.623221 805.189291
3 7.171440e-008 631.541455 627.852822
10 1.063500e-007 736.041753 762.740569
4 2.426190e-008 806.214766 754.124385
8 7.704900e-008 815.003062 753.045315
7 5.207900e-008 914.774553 938.071146
10 2.284060e-008 730.477743 892.820522
4 5.401290e-008 812.410543 925.923582
8 1.745200e-006 820.879323 929.345197
7 1.498500e-007 753.532641 881.293212
10 1.168260e-007 756.341848 698.104761
3 1.086940e-007 535.947657 545.420978
11 2.538700e-007 527.105560 232.648224
9 3.588790e-008 468.623674 203.869862
11 8.621770e-007 589.802843 130.898206
9 1.088590e-006 639.100851 156.105892
11 2.468530e-008 452.972373 332.241692
5 1.688990e-008 184.626709 252.525585
2 5.191300e-008 244.601018 199.298300
3 1.580790e-007 597.153688 347.491989
11 2.728090e-007 569.830828 258.122952
9 8.149150e-008 551.444505 197.984004
11 8.399230e-007 572.534580 127.530358
9 1.416960e-007 547.448102 183.875492
3 4.614490e-008 493.310790 369.758863
11 1.800160e-007 465.754881 215.803373
9 2.924610e-007 613.402667 143.851694
11 8.231150e-008 414.630694 303.459890
11 4.775390e-007 492.671564 138.616929
9 3.880720e-008 547.649108 255.557178
3 2.511890e-007 541.840964 416.578453
2 1.266340e-007 146.920673 137.557471
2 1.881400e-008 229.525384 270.189107
5 1.814060e-008 153.473608 269.233132
2 7.931360e-008 116.833875 151.086363
2 6.560750e-008 19.152229 141.694213
5 4.264880e-008 115.237761 275.916507
2 2.806670e-008 294.658433 108.674307
2 3.914210e-008 251.687840 217.893658
5 2.243290e-008 149.326182 252.879454
2 5.267210e-008 214.827080 262.901798
11 1.163350e-007 483.227208 279.502567
9 8.522640e-008 491.605859 116.396209
11 1.815450e-007 594.027039 80.564640
9 3.232370e-007 604.041505 185.409844
11 4.467050e-008 454.773141 84.841473
11 1.659180e-007 434.779288 156.848332
9 2.539830e-007 594.599348 107.986409
3 3.518100e-008 540.250524 402.988157
4 1.847370e-007 696.067185 858.136726
10 3.937940e-008 761.277097 910.942940
7 7.167860e-007 765.331942 914.226505
8 2.121580e-006 769.315637 917.452454
3 1.691540e-007 699.057338 494.302425
9 1.558320e-008 786.703036 283.621938
3 2.058270e-007 728.525454 452.287571
10 1.276790e-007 741.886524 728.154220
4 7.502610e-008 622.794951 771.803445
8 2.741020e-008 597.878599 766.051112
3 3.220860e-007 659.456323 498.244092
9 6.288990e-008 746.728000 282.929821
3 4.849450e-007 673.227722 484.533208
3 6.455050e-008 723.535540 580.200715
3 2.142250e-007 552.131392 544.321927
3 3.492960e-008 768.036031 324.130470
9 3.838440e-008 736.619385 318.409320
9 3.710280e-008 755.619843 233.740962
3 2.149850e-007 689.051128 475.958163
11 1.852220e-008 702.361600 255.692926
9 7.067430e-008 773.243064 222.640178
3 5.312200e-008 718.858701 366.798944
3 1.955960e-007 628.642371 563.058916
5 2.170320e-007 162.666954 520.972457
5 6.273580e-007 124.928207 490.098451
5 1.545840e-007 164.557598 437.858486
5 3.417610e-006 101.429228 502.814481
5 7.576400e-007 128.292256 504.150034
5 9.538450e-008 179.797189 580.414398
3 8.671030e-008 508.700992 551.317096
3 2.538690e-008 798.444057 327.523715
3 5.667790e-008 728.586749 380.186882
9 9.072670e-009 826.301687 265.410100
3 3.988970e-008 787.553918 353.736508
3 3.198680e-007 653.179214 500.327993
10 8.620520e-008 783.622934 627.316806
3 2.910200e-007 676.616522 500.404128
3 3.491270e-008 415.711548 393.503940
3 3.652810e-008 503.774643 626.958819
6 5.721940e-008 167.299392 803.429353
6 5.178650e-008 154.863320 840.467465
6 1.695220e-007 32.925602 837.617016
6 3.355390e-008 147.870379 877.995893
5 4.037400e-008 30.460727 703.675586
6 1.514950e-007 37.075922 829.213358
5 1.093990e-008 32.135966 652.121148
6 1.198410e-007 60.837708 837.784908
6 2.126840e-007 121.345064 925.489930
6 4.473460e-007 91.423820 885.988276
6 4.466990e-008 192.475844 796.966388
6 1.427880e-007 93.824282 944.213186
6 2.912000e-008 163.243639 800.349258
3 9.716570e-007 609.585355 501.219911
3 9.580220e-008 544.262264 601.419174
10 1.008120e-007 728.872295 715.556148
3 4.458630e-007 611.679169 520.429862
6 5.240150e-008 158.870904 981.527684
6 1.382190e-007 110.635165 859.355264
6 1.957180e-007 102.481414 904.470651
6 5.484210e-007 65.216006 897.599373
6 1.382610e-007 115.412289 811.050168
6 3.495430e-007 67.740116 923.609356
6 2.336890e-007 125.304240 874.295161
5 1.206520e-008 120.503285 684.462212
6 2.569600e-007 94.467562 861.408691
6 7.197230e-008 145.988462 883.054127
6 2.563590e-008 195.667099 799.512710
6 1.250700e-007 100.296819 949.341789
6 2.891810e-008 237.803330 872.167802
6 5.021050e-008 138.682796 827.173483
6 3.598330e-008 184.438182 927.825333
6 6.570510e-008 99.821627 775.280397
3 1.426820e-008 416.427917 382.072620
2 1.137630e-007 234.811522 134.851494
2 9.212730e-008 263.554466 150.196769
2 2.931120e-008 287.874721 115.029999
2 1.521820e-007 191.801263 152.123863
11 6.387160e-008 417.433423 183.751521
9 5.245640e-007 595.427850 120.432576
11 2.090280e-007 580.085525 82.948130
9 3.470000e-007 581.322682 105.321514
11 3.696890e-007 507.314345 101.835521
3 1.573600e-008 503.297111 364.030668
11 5.354230e-008 447.774469 191.533468
11 4.916620e-008 471.498708 341.278247
9 3.609090e-008 426.458672 110.097989
11 3.668910e-008 405.619465 129.530856
3 1.111280e-008 450.376813 351.826067
11 4.029390e-008 479.329837 269.479381
3 9.938300e-008 485.804117 508.039113
3 8.250650e-008 725.782897 574.991658
10 3.190200e-008 618.605401 770.077600
3 1.383170e-008 741.630184 602.911901
4 1.081460e-008 766.158761 811.057569
8 1.978260e-007 774.288115 816.336816
10 3.110250e-007 779.092873 819.457052
7 6.575730e-009 724.107546 815.360517
4 1.239760e-007 654.549047 796.774262
8 5.092190e-008 646.976662 791.666621
10 5.738200e-008 642.501105 788.647818
7 9.030450e-008 676.382826 954.955651
10 1.283560e-007 815.718630 634.786477
3 8.085850e-007 631.258072 493.370233
10 8.787150e-007 846.477689 747.475801
8 4.021040e-008 871.652516 775.027987
10 1.041740e-007 823.329593 698.725158
4 1.712980e-007 721.190091 883.555090
8 2.480380e-007 720.133048 898.671327
7 7.984140e-007 716.692501 947.872836
10 3.710580e-007 806.759344 887.457075
4 2.082510e-007 586.771561 918.520305
8 4.718610e-008 573.199529 915.136439
7 4.453090e-008 645.537720 963.830700
4 2.832590e-008 573.675084 815.255394
10 9.992820e-008 765.772520 651.592251
8 1.821430e-007 799.944557 805.101046
7 4.837810e-008 749.316373 802.815460
4 2.946180e-008 671.952793 756.330695
8 1.276590e-007 720.449130 872.866832
7 7.574330e-008 720.523405 872.714545
10 3.159350e-007 754.045121 803.984817
4 6.166270e-008 758.901558 794.027643
3 5.703280e-008 762.118280 504.591270
10 9.172190e-008 749.815504 747.224628
8 6.968040e-008 747.108121 751.238510
7 2.941840e-008 778.425156 844.285926
4 6.392410e-008 784.195544 846.160848
10 8.904770e-008 701.198000 723.130969
8 4.694490e-008 701.198000 717.939966
3 2.735510e-008 807.553782 628.864473
3 7.714060e-008 510.628834 377.948077
11 8.171800e-008 431.565220 264.777523
9 2.319290e-007 601.808392 194.274753
11 8.056520e-007 577.599485 213.362808
9 4.697240e-008 469.391093 65.250766
3 3.460530e-008 461.249074 358.427784
11 6.452400e-007 518.901696 233.397159
9 1.313010e-007 532.286949 207.056165
3 1.114990e-007 549.587999 410.974082
3 9.555640e-008 635.338777 607.542260
4 3.167960e-007 614.556366 908.751355
7 1.805720e-007 666.510834 920.409257
8 1.734330e-007 631.740220 925.296072
4 2.477790e-008 756.239582 784.193428
10 4.403200e-007 760.455505 782.741780
8 1.293060e-007 843.911101 755.849391
7 1.071770e-007 711.216495 867.193023
3 2.223080e-007 635.730093 533.629453
11 4.906810e-008 549.102222 355.362100
2 1.649450e-007 146.208798 151.818651
2 4.824400e-008 67.455083 187.044529
2 3.944150e-007 210.295226 141.642830
2 2.341280e-007 98.893843 81.206548
2 1.446700e-007 207.014140 201.349399
2 7.902990e-008 154.208436 201.917015
3 4.052290e-008 550.650772 598.122054
11 5.398050e-008 384.159659 287.670550
9 2.307920e-008 566.721624 246.160058
3 6.106570e-008 524.661719 351.419289
11 1.620290e-008 511.079785 360.239444
4 1.002420e-007 702.409072 837.724463
10 5.748290e-008 699.168329 840.256422
8 1.105940e-007 691.501577 846.246377
7 6.285700e-008 640.278208 886.266671
10 9.453970e-007 824.860968 761.381477
8 1.212810e-007 814.948542 764.989316
7 1.930170e-008 667.419596 818.685628
4 5.183040e-008 621.322132 760.860247
5 2.391380e-007 162.719064 554.397390
3 6.523530e-007 580.955998 479.407658
11 3.390830e-007 497.001999 250.711808
11 8.191640e-006 549.024500 145.535773
9 1.465690e-007 544.010034 151.728150
3 1.427010e-007 557.037409 516.952275
10 5.532540e-008 835.749072 557.489403
3 9.464340e-008 646.091236 549.994611
6 2.809570e-007 103.777278 885.533110
3 2.637470e-008 396.506464 547.227213
3 2.595960e-008 506.279126 613.843160
3 3.673190e-008 767.811415 529.862926
10 6.929350e-007 786.726608 764.463952
8 1.101190e-007 785.846979 835.024090
7 1.501940e-007 785.692662 834.938551
4 2.416290e-008 784.804875 834.446443
4 1.616110e-008 495.636255 963.793234
7 2.829110e-008 643.375153 920.060999
8 9.555210e-008 704.494058 876.030865
10 1.286580e-007 727.022420 797.466072
4 4.296750e-008 769.611560 873.232646
7 4.086630e-008 792.800355 804.691984
8 6.175620e-008 805.520251 724.382520
10 4.236000e-008 735.097946 697.048773
3 1.616260e-007 717.682753 501.455483
4 6.437170e-008 705.314143 824.131773
8 6.218060e-008 719.600217 828.228187
7 7.866520e-008 802.132680 851.893695
10 4.622510e-007 802.215024 851.917307
8 2.383660e-007 699.421907 870.624738
4 3.311520e-007 698.230364 870.792198
7 1.459020e-008 598.490346 884.809763
10 2.591110e-008 668.492551 778.412674
8 2.045920e-008 657.440733 768.461552
4 3.617150e-008 656.599142 767.703780
3 4.858230e-009 666.797377 526.246439
10 2.102060e-007 729.392412 773.696466
4 6.853770e-008 745.173276 777.924950
8 7.150820e-008 741.837031 760.818268
7 2.043500e-008 644.762698 692.845908
3 5.959570e-008 781.885576 549.735747
10 2.021490e-007 767.430053 714.969416
8 9.701360e-008 773.927872 794.804386
4 4.938600e-008 782.742751 878.670259
7 1.707400e-007 783.182047 882.849778
10 2.618480e-007 785.363940 903.608589
3 2.216120e-007 541.666298 470.031820
4 1.123510e-007 653.234736 837.177553
7 9.004370e-008 735.871981 870.565260
10 2.709610e-007 740.867023 872.583394
8 9.212940e-007 750.457520 876.458217
10 1.381370e-006 862.891786 761.317063
8 5.153990e-008 860.267654 751.523579
7 1.709440e-008 839.637067 685.436781
3 2.403830e-008 740.231331 627.703853
10 3.308780e-009 818.727783 526.513799
3 3.365510e-008 569.411346 641.084041
3 2.486320e-007 669.507944 427.216679
10 1.161490e-007 865.533022 687.031149
3 5.217080e-008 711.515506 629.564721
10 6.199460e-007 800.294658 743.196252
8 1.291910e-007 832.524358 762.253506
3 6.105780e-008 652.177006 581.744622
11 4.481420e-008 504.030346 308.921066
3 1.294140e-007 608.472694 382.485374
8 1.308220e-007 752.519552 833.343232
10 3.778410e-007 752.465234 833.598777
4 1.077450e-007 739.042434 896.748153
7 2.959850e-007 738.151024 900.941913
8 5.609220e-008 789.056909 676.933733
10 9.456930e-008 789.006024 676.645144
3 4.719460e-008 807.100944 600.305734
10 3.207910e-007 852.080156 691.997505
4 1.880680e-008 597.700068 818.097952
7 5.517440e-008 752.663812 812.002047
8 1.537120e-007 757.658500 810.848936
10 5.538750e-007 753.889601 812.728733
4 9.176660e-008 748.576412 815.206339
3 1.763030e-007 592.872806 567.234096
3 5.483020e-008 701.757103 279.166014
11 5.865620e-008 701.630480 220.925733
9 8.148580e-008 701.860270 223.552192
3 5.423200e-008 712.336915 424.251148
10 9.150380e-008 746.409256 643.883967
8 2.174330e-007 756.684405 773.165364
4 3.853770e-008 825.503483 805.256372
10 1.293670e-005 838.271129 811.210050
7 2.173140e-007 815.883141 936.511581
8 4.443910e-008 615.548256 853.077818
4 4.351630e-008 546.408190 787.904241
3 1.103910e-007 546.959561 529.310349
11 1.304450e-007 420.534046 175.323892
3 1.388100e-007 532.635248 459.685608
10 4.504710e-008 669.548253 785.278499
7 2.427110e-008 689.090476 751.430324
4 3.586370e-008 692.092868 746.230021
8 5.191310e-008 694.046629 742.846003
3 1.186930e-007 742.487012 515.786014
3 5.029010e-008 799.208897 540.347434
10 2.731160e-007 855.897551 706.912734
8 3.794830e-008 808.276119 736.702244
3 2.994950e-008 660.448624 637.407077
3 4.275740e-008 432.841270 548.812015
4 1.642710e-007 611.018409 846.990125
7 7.906310e-008 768.203756 816.435721
10 4.096100e-007 766.081518 812.098676
8 2.397750e-007 761.012054 803.318140
3 4.660140e-008 567.096344 610.197566
4 4.072660e-007 653.215649 877.143261
7 5.495870e-008 689.517098 875.712253
8 1.358570e-007 692.370202 861.034657
10 1.272310e-007 702.996287 806.369489
8 1.028380e-007 699.634311 756.174230
10 1.373110e-007 698.652307 812.434060
4 1.889760e-007 698.014591 848.969353
7 2.936160e-007 697.053979 904.003633
8 5.953550e-007 768.569533 837.386645
10 1.315430e-006 789.463874 782.787813
4 1.651130e-008 804.862475 766.274788
7 3.770000e-008 777.269151 755.642918
10 9.939490e-008 785.059787 610.926006
3 4.280940e-008 624.371787 576.770582
8 2.823060e-007 763.549544 839.562112
7 5.709210e-008 763.841960 845.141894
4 1.110020e-007 767.858134 921.777012
10 5.429060e-008 768.657489 937.030005
8 8.795650e-008 587.810892 901.224286
7 2.473940e-008 582.244745 900.737306
4 3.222980e-008 505.796596 894.048887
10 4.264190e-008 608.395257 857.404407
3 5.881390e-008 609.511499 594.616257
4 3.461200e-007 626.789100 972.183316
7 4.449670e-008 628.304191 981.749023
8 4.680030e-007 730.405951 885.049173
10 6.387140e-008 730.577087 884.865651
3 3.498930e-007 610.090936 535.626515
10 5.874930e-007 874.770151 768.162170
8 1.121750e-007 851.966967 846.859160
7 8.261620e-008 846.599804 847.046596
4 8.855390e-008 720.941684 851.434920
4 1.906480e-007 601.315600 952.816607
8 2.009550e-007 750.606781 971.467005
7 1.953260e-006 755.772006 970.462979
10 2.172070e-007 787.216013 918.916603
4 4.178120e-007 588.177221 929.457160
7 1.602250e-008 612.807000 862.714315
4 1.752410e-007 612.807000 861.669152
10 2.833910e-008 757.349507 599.452686
8 6.949510e-008 771.447690 783.758975
7 3.307540e-008 730.710156 794.674587
4 1.193130e-007 673.390875 792.842435
3 8.501430e-008 549.439437 519.590120
3 9.208050e-007 614.086596 525.542183
4 1.419360e-007 627.817602 825.704613
8 3.331730e-008 624.701117 800.323497
3 1.592550e-008 508.861806 624.842038
3 2.981670e-008 491.736972 376.919741
11 1.053970e-007 435.196247 212.714705
3 2.408620e-008 523.949365 426.808119
6 1.373890e-007 43.443617 802.743304
6 3.712400e-008 105.155618 813.056028
3 6.475690e-008 515.524181 415.189223
3 2.236890e-008 377.404733 359.338000
11 5.460130e-008 399.407466 306.894283
2 1.728540e-007 242.840746 72.948586
11 4.842260e-008 378.128281 172.189108
11 9.587470e-008 459.971006 188.674942
9 4.626890e-008 614.542403 242.740092
3 1.555490e-007 589.003769 349.579593
11 1.205920e-007 590.510197 263.292196
9 1.213850e-007 554.600505 158.357944
11 1.269580e-006 506.663049 158.227813
3 3.581460e-008 467.257725 510.402905
5 1.297270e-007 179.023850 543.973167
5 2.765380e-008 240.389419 522.685100
3 9.246830e-008 490.205835 466.648971
11 2.474010e-007 489.661316 233.340155
3 1.335630e-007 518.167495 470.459283
3 1.948460e-008 553.133523 640.248986
3 1.361120e-007 533.126068 429.610390
11 5.896700e-008 418.203445 139.760805
9 1.235480e-008 520.039767 212.424252
11 4.453430e-008 539.608337 304.488617
3 1.360410e-008 445.653326 329.444848
11 9.870140e-008 521.380203 284.357398
3 3.540030e-008 461.533127 442.242170
11 2.300740e-008 536.093880 398.241167
3 6.477900e-008 632.533332 596.048614
10 1.154290e-007 715.263925 686.966472
3 1.304700e-008 557.484525 638.728648
4 1.142560e-008 757.114627 700.592891
10 9.968410e-008 823.487966 629.416277
3 6.750660e-008 689.695031 555.617017
9 2.286860e-007 665.136900 197.937072
11 7.469380e-008 691.685631 195.850041
9 5.021770e-008 801.753246 307.411623
11 6.545260e-008 689.550025 234.712083
9 7.622340e-008 697.663951 245.479626
3 4.821440e-008 736.367906 431.253084
3 3.830190e-008 749.470634 556.708986
10 2.192580e-007 813.922306 702.579071
3 4.614080e-007 613.781487 545.320815
3 1.027710e-007 566.893986 512.389313
3 2.803500e-008 700.694071 661.769220
10 3.810860e-007 756.308521 775.795783
8 8.501670e-007 794.743569 835.965212
7 5.454540e-008 794.828260 835.812424
4 4.141050e-008 825.858508 779.832406
10 4.193330e-007 761.356743 777.460397
8 5.401070e-008 696.759240 697.688860
3 2.151290e-008 463.134147 567.001414
6 3.001700e-008 240.745717 890.024233
6 2.288950e-008 108.247544 858.445639
6 1.049530e-006 41.134962 928.145722
6 1.794100e-007 123.107753 854.975759
3 8.000660e-007 577.679754 477.801682
11 4.039520e-007 607.366239 224.700892
9 8.580540e-008 570.555667 192.880855
11 2.460910e-008 513.940113 301.009503
3 5.803090e-008 574.333729 355.388055
2 2.828500e-007 210.704832 130.390509
2 1.088740e-008 274.722122 308.272009
2 7.288890e-007 158.076085 90.320474
2 1.504020e-007 98.099909 120.496799
5 1.626540e-008 111.472892 264.270235
2 1.239010e-007 111.746886 134.753607
5 1.783750e-008 41.013958 248.931356
2 8.596450e-008 47.159725 126.809300
2 4.263610e-008 44.653159 100.439686
2 5.722870e-007 115.743462 80.327877
2 8.454210e-008 153.874097 127.201903
5 1.862970e-008 95.652696 281.281379
2 3.114130e-008 103.514700 196.882727
2 2.156240e-008 65.463452 156.669830
2 1.413320e-007 272.053697 54.876766
2 1.571420e-008 68.459727 248.181609
2 6.127330e-008 90.914606 140.103367
2 3.306860e-008 211.811490 249.558792
11 1.482770e-007 423.059242 128.279591
9 5.380200e-008 591.683940 218.986550
11 1.002290e-007 443.704097 204.855967
3 9.416640e-008 502.781282 407.402512
11 9.148310e-006 560.644567 169.749680
9 2.434620e-007 610.584314 147.514941
3 2.975700e-008 602.003201 314.110301
11 7.147010e-008 690.104576 121.987450
9 1.385550e-007 743.266911 115.459891
11 6.474240e-008 556.279803 365.943589
3 2.050730e-007 538.613104 411.966458
9 4.314040e-008 539.696133 234.274363
11 3.302870e-008 480.864220 133.579622
9 1.473730e-008 509.876120 295.750588
2 1.509480e-007 301.799555 83.364393
2 1.889430e-007 102.445103 114.434861
2 3.506830e-007 218.552997 84.756535
2 3.162940e-007 198.607041 123.870081
2 2.973360e-008 80.929886 138.314253
2 3.557320e-007 118.594662 108.582370
2 6.914890e-008 55.657212 134.207400
2 1.055290e-007 178.093321 158.319169
5 1.826360e-008 108.965819 317.376558
2 5.383320e-007 158.063815 115.794403
11 8.957460e-007 520.176079 225.220281
9 1.155210e-007 574.957685 138.153850
11 4.168290e-007 567.076816 111.124836
9 6.087990e-008 572.839619 100.691024
11 7.002770e-008 463.133150 100.423554
9 2.804310e-007 608.185344 97.891423
11 2.009520e-007 596.184521 96.361709
9 7.782680e-008 502.295193 114.611984
11 2.190550e-007 427.965301 138.473270
9 1.346040e-007 578.436660 57.717058
11 9.680930e-007 587.848727 147.713080
9 7.167380e-008 612.315563 288.468967
3 2.000090e-007 545.873691 410.187518
6 8.395710e-008 172.542415 819.670519
5 3.581400e-007 147.078746 503.011816
5 9.555900e-008 206.819358 432.771448
5 1.391700e-007 183.948919 452.488919
3 5.764840e-008 449.510928 450.108119
11 1.613810e-007 427.179254 208.368697
9 2.029160e-007 580.855276 46.837269
11 7.549340e-008 597.789893 328.120254
3 1.165430e-007 591.246289 402.913179
10 1.202650e-007 683.683406 813.535312
4 6.782830e-008 684.528088 813.244466
8 2.805310e-008 688.261211 811.959052
7 3.156100e-008 828.057879 763.823335
7 2.765050e-008 677.374782 756.181323
10 8.119760e-008 675.463366 745.341211
4 2.679110e-008 675.297036 744.397916
8 8.994230e-008 674.561953 740.229076
3 2.401600e-008 730.370159 644.346823
10 1.043900e-007 718.147829 757.520533
8 2.246020e-008 656.351038 729.268255
3 3.054220e-008 466.971531 571.588538
4 1.758810e-007 705.906612 844.868259
10 1.106610e-007 709.799988 846.441281
7 1.921600e-007 785.271225 876.933551
8 2.817920e-006 789.835789 878.777749
4 2.330050e-007 565.582713 922.311748
7 6.926860e-007 726.486349 962.672324
8 1.542060e-007 731.283248 963.779787
10 1.010340e-007 704.456975 886.496624
10 4.703160e-006 839.719275 815.173841
8 1.759210e-007 827.588151 830.701016
7 2.356980e-008 790.638790 877.994176
4 9.836090e-008 764.311446 895.378614
10 1.494610e-007 862.871478 723.431285
8 2.222620e-007 811.636270 828.479068
7 2.084790e-008 798.167592 856.093960
4 4.502740e-008 790.847545 804.544781
3 9.310700e-008 762.539606 508.379228
10 2.855130e-007 729.709395 762.070021
8 5.640890e-007 735.667789 847.278012
4 1.441450e-007 790.270162 893.465754
7 1.948950e-007 793.834394 895.441452
10 3.763080e-007 917.851964 826.894615
8 7.602120e-008 915.017120 908.074272
7 1.105360e-007 875.958926 933.388188
4 5.307390e-009 758.357681 851.043143
10 1.745950e-007 890.229748 709.025246
4 2.902900e-008 570.604285 929.377996
4 1.167560e-007 635.810449 847.516707
7 1.078270e-008 640.471400 796.227672
3 2.403540e-007 626.006414 543.238472
3 1.652960e-007 703.532506 438.430722
3 4.943200e-008 698.592886 557.227910
8 1.582600e-007 791.474306 749.707075
10 4.276920e-007 791.721993 749.689754
3 2.619390e-007 684.953410 471.769568
10 9.090870e-008 831.808978 644.345733
3 1.714500e-007 674.197710 503.227748
11 4.681050e-007 537.685433 236.374014
9 6.606630e-008 512.488132 163.195894
3 9.273340e-008 526.945499 377.963135
11 4.831800e-008 524.133583 382.833524
5 2.692550e-007 167.517949 535.723448
5 1.234640e-007 185.348899 493.975308
5 1.580450e-007 198.455144 477.278534
3 1.016930e-007 557.166514 592.949739
4 6.378670e-008 701.192417 808.436154
7 4.317780e-008 782.557958 819.871286
8 3.748200e-007 787.533623 820.570567
10 7.112140e-007 792.934127 821.329555
4 4.113410e-007 689.068516 889.727656
7 2.417340e-007 679.459669 967.984847
8 6.699650e-008 678.872065 972.770459
10 1.711810e-008 655.675044 821.009391
4 1.494730e-007 650.763710 824.322118
8 6.346140e-008 580.670602 871.600389
7 1.761240e-008 696.203903 797.631315
10 6.219080e-008 801.481645 958.028591
4 7.895650e-008 795.676278 957.212699
8 1.643010e-007 727.640766 947.650920
7 9.256050e-008 707.099594 792.220655
10 1.198460e-007 907.676330 816.014999
3 6.499770e-008 689.269987 546.809546
10 4.099900e-008 663.903032 811.552727
4 1.942720e-007 663.388027 812.316256
8 3.667190e-008 614.139923 885.329935
7 2.652740e-008 689.734284 818.946560
10 5.028800e-008 790.419119 637.458714
3 2.669310e-008 497.978067 472.605394
3 6.583880e-007 569.323782 490.912177
3 1.006640e-008 716.706496 503.168404
11 1.916950e-007 482.235253 279.847899
2 1.147920e-007 252.300176 149.106020
2 1.322650e-007 120.192946 121.018706
2 1.096660e-007 85.181064 109.983066
5 1.650150e-008 93.079741 313.465650
2 2.155830e-007 240.713000 64.218512
2 1.733600e-007 244.216237 160.454977
2 7.365290e-008 171.381750 174.723175
2 7.751150e-008 77.205274 180.944487
2 7.514920e-008 197.101951 171.040700
2 4.831200e-007 108.809474 50.893974
2 5.230630e-006 187.498170 64.755575
5 1.626380e-008 113.713858 268.768886
2 2.387520e-007 151.214012 118.900036
2 2.998970e-008 39.134496 203.764571
2 1.051480e-008 236.869477 277.883655
2 2.376100e-007 87.117446 86.544482
2 3.078040e-008 226.281622 238.913285
2 3.960600e-008 97.519811 215.303560
5 4.213550e-008 144.990791 279.728451
2 1.477680e-007 121.286660 157.781288
2 5.795980e-008 290.430197 80.420544
11 3.643540e-008 442.662226 284.179159
11 5.094230e-007 498.239629 214.461482
11 3.081320e-007 486.308168 208.487046
9 6.283820e-008 552.268887 203.657271
11 8.542910e-008 568.108951 303.669534
3 1.370510e-007 578.584421 369.810390
11 3.562960e-007 515.459395 242.327011
9 3.995840e-008 547.021772 296.994739
3 1.949170e-008 459.035215 365.483040
4 1.309200e-007 703.173397 871.018979
8 1.209710e-007 705.021294 874.645675
10 1.425500e-007 705.138736 874.876167
7 3.211310e-007 730.783432 914.769643
8 5.403460e-008 760.248585 668.071094
10 6.480920e-008 760.372719 667.847146
3 6.065170e-008 719.336019 449.988731
11 1.589950e-007 640.290499 212.579704
9 2.758350e-008 649.711028 279.610572
3 1.724380e-007 595.947740 554.705527
11 1.614180e-007 460.895653 172.653567
9 2.939910e-007 600.115661 80.456390
9 8.139180e-008 796.190167 100.183953
9 1.677740e-007 721.446888 107.923250
11 2.949920e-007 618.142544 111.261786
3 2.571120e-007 563.026013 376.904152
3 8.653890e-008 518.370710 464.292607
5 1.980430e-007 150.582751 511.766731
5 2.658990e-007 144.003073 536.509484
3 3.810180e-007 542.153785 463.074827
3 2.825580e-008 591.912414 658.323077
4 3.849390e-008 705.721554 785.181805
8 1.230100e-007 729.753611 790.289944
7 1.021620e-008 780.246807 801.022536
10 1.657980e-006 810.522733 807.457841
8 6.954400e-007 828.514135 886.795519
7 3.232400e-008 776.639607 877.648686
4 7.453690e-008 770.479617 876.562519
10 1.083860e-007 745.535373 872.164198
8 4.907570e-007 827.566710 924.927793
7 1.320740e-007 821.603010 856.763443
4 5.319660e-008 821.057841 850.532227
10 5.982150e-007 820.222965 840.989707
6 5.032420e-007 34.661565 963.543096
6 5.812980e-008 92.835797 946.772133
6 2.524150e-008 93.029644 758.279731
5 1.048740e-008 208.227948 673.693947
6 8.192410e-009 114.266917 739.748767
5 3.536020e-008 191.475570 687.848729
6 7.338130e-008 107.125007 795.228266
6 1.789550e-007 71.126227 970.519712
5 2.839500e-008 293.891980 532.375063
5 1.131370e-006 100.353979 511.254957
3 6.033010e-008 468.302000 421.843550
11 1.693420e-007 492.130186 258.615155
9 2.444680e-008 452.821135 171.008613
2 5.385610e-007 139.435099 122.465676
2 7.407590e-008 263.856111 158.341440
2 4.035850e-008 80.395962 172.013103
2 5.896670e-008 222.795768 188.793023
2 6.287070e-007 202.638100 85.793800
2 6.768650e-008 148.204669 191.446188
2 4.440360e-008 122.752727 217.314124
5 1.308800e-008 117.642055 262.182976
2 5.118670e-008 166.891921 142.605590
2 1.966660e-008 183.190106 207.471909
11 2.283500e-008 600.606750 361.958963
3 5.458030e-008 548.041608 382.313709
11 4.977240e-008 454.150671 53.165997
9 4.435560e-008 471.537906 139.229864
11 2.845150e-008 754.671148 114.900085
9 2.776940e-007 721.020207 140.317669
11 3.042140e-007 611.787114 120.344481
9 3.018600e-006 646.127982 117.357674
11 1.186920e-007 464.252328 91.978548
9 1.258430e-007 567.970286 15.022277
11 1.014150e-007 425.119797 207.197053
3 1.245910e-007 522.890351 465.442641
7 2.070840e-008 582.393649 846.248532
4 4.761600e-008 578.119186 850.376331
10 6.112200e-008 701.463442 760.364706
8 2.983190e-008 702.586256 755.501284
7 5.392170e-008 724.504054 759.034358
10 1.886410e-008 705.093319 613.927284
8 1.714740e-007 722.329294 817.328118
4 1.297440e-007 651.605844 863.256581
7 6.031450e-008 657.587301 842.689117
10 7.702350e-008 728.068663 779.227033
8 1.691750e-007 735.172572 795.838106
7 6.172960e-008 735.262542 795.688371
4 3.122720e-008 735.780150 794.826928
10 8.082210e-008 786.680841 710.114017
3 5.111080e-007 609.586772 538.185721
11 6.518410e-008 423.725727 137.787906
11 1.572680e-007 451.643275 197.441128
3 4.743770e-008 539.662456 418.251639
10 6.161740e-008 692.287464 616.331115
3 2.314220e-007 639.715504 532.198323
5 4.632820e-008 87.822795 292.765743
2 1.173380e-007 128.026837 152.556441
11 4.249200e-008 441.725503 135.193229
9 1.105600e-006 617.312770 92.437494
11 2.036550e-008 417.414140 290.768130
9 1.042120e-007 574.132229 88.693112
11 2.872050e-007 610.436267 135.572107
3 6.618270e-007 588.348501 433.943011
11 1.365380e-007 524.658610 243.563191
9 3.730490e-008 568.234292 185.736182
11 2.021070e-007 617.403467 102.840940
9 1.615730e-007 578.933315 166.865769
3 3.540830e-007 589.032264 421.661290
11 5.842580e-008 475.769326 308.399154
3 1.907980e-007 514.769000 471.717100
11 4.276920e-007 526.072139 225.210396
9 6.575010e-008 542.235814 149.166972
11 9.737600e-008 508.687822 57.753269
3 8.298460e-008 485.330470 436.238069
11 2.836930e-007 447.467629 194.674348
9 2.098200e-007 577.050190 189.411776
3 2.381700e-008 483.986707 347.025924
11 7.035440e-008 461.334955 271.959592
11 5.548890e-006 532.698877 189.330878
9 5.033180e-008 571.776277 245.139175
3 2.506470e-008 544.301382 346.602307
3 4.131210e-008 442.108799 422.405415
3 1.642150e-007 598.346278 513.957745
11 2.829520e-007 523.074061 258.616822
3 7.765300e-008 503.314680 362.568907
11 9.357420e-008 424.530601 285.842192
3 2.135550e-007 524.040438 500.511901
8 2.950340e-008 803.935735 720.155254
10 6.438140e-008 809.252169 719.217816
7 1.970130e-008 860.158449 844.827047
8 1.484330e-007 870.258724 862.321298
10 4.417360e-007 872.930425 866.948837
4 5.079240e-008 874.701368 864.686098
3 4.122210e-008 449.042625 540.827738
11 9.867830e-007 554.309285 223.270363
9 8.658120e-008 496.758968 131.222571
11 9.834660e-008 674.116664 89.891386
9 2.434710e-007 713.020379 58.677012
3 2.050070e-008 534.513774 277.101170
11 2.493130e-007 523.246007 265.017992
9 1.059670e-007 524.263371 157.577218
11 5.834350e-006 525.584683 170.148913
3 1.534670e-008 533.897842 233.716635
11 7.193270e-008 537.047474 294.011843
9 1.719370e-007 580.996293 121.452835
11 2.330150e-007 459.544859 184.338715
9 5.221950e-008 524.291609 126.905937
11 7.281670e-008 456.417817 36.834023
11 6.041430e-008 564.489105 31.325409
9 1.209020e-007 603.094674 23.119552
3 4.783390e-008 496.310202 532.900997
10 4.778640e-008 730.509297 684.941586
8 1.050930e-006 755.404700 847.446654
7 1.430390e-007 718.498772 919.878830
4 4.581260e-007 718.028831 920.801145
10 2.869530e-007 772.573059 910.769979
8 6.500440e-008 664.693482 966.955428
7 1.443330e-008 570.537248 957.059218
4 1.707430e-007 569.537788 956.954170
3 6.012790e-008 569.613199 586.380314
8 2.224390e-007 712.013955 836.806360
4 1.228030e-007 721.103012 843.170552
7 8.132050e-008 758.960226 825.284374
10 1.667400e-007 760.403780 815.013022
3 9.683590e-009 802.933745 482.257904
10 3.541000e-007 921.361168 764.456564
8 1.929910e-007 788.236533 755.958238
3 7.312430e-008 742.655126 572.036255
10 2.560510e-008 837.922966 647.091738
3 4.407510e-008 746.206049 662.857527
10 1.749270e-006 871.132630 842.758644
8 2.052640e-007 872.266664 847.670700
7 1.388700e-008 884.430429 911.893452
4 2.302580e-007 654.804451 851.459549
8 2.536330e-008 710.267461 902.410281
7 4.682760e-007 786.143593 891.746750
10 3.198110e-008 791.636992 890.974715
8 1.508050e-007 844.700691 876.757394
7 2.377770e-007 798.290564 932.066719
10 1.037260e-007 794.930480 936.071102
4 2.256020e-007 777.814571 956.469008
3 1.065030e-007 712.560211 459.552067
10 1.015460e-006 810.937967 752.909494
8 1.302100e-007 750.246292 817.993528
7 2.327750e-007 737.103332 869.249248
4 1.701760e-007 749.681704 879.803776
10 1.006510e-007 735.805159 859.060994
8 2.449600e-007 817.072025 835.757984
7 4.977690e-008 876.168192 814.405855
10 1.047430e-006 874.458614 809.226851
8 1.952290e-008 896.203023 722.015294
10 4.841660e-007 802.255191 735.909918
8 5.117560e-007 771.286893 863.171994
7 1.184350e-007 771.319225 863.338328
4 1.245510e-007 786.080736 939.279137
10 1.732830e-007 854.628420 691.433867
4 1.186810e-007 742.829704 873.913092
8 8.102740e-007 744.259202 877.637070
7 4.658470e-006 768.289941 940.239440
10 6.590410e-008 658.379735 809.268512
4 1.218930e-007 622.833965 994.050320
8 3.617030e-008 618.845616 994.119924
7 5.970380e-009 551.799855 995.289986
10 2.331580e-007 772.657312 830.004466
8 7.070250e-007 809.335248 879.807845
7 2.803160e-006 768.714131 935.717965
4 3.974890e-008 761.884041 945.118769
10 4.270980e-007 776.029963 780.908000
8 5.543810e-008 841.329597 761.692163
3 1.969310e-007 641.543524 557.223330
10 7.913860e-007 819.440418 733.802991
3 6.777030e-008 564.841010 529.922699
3 3.719920e-008 469.715677 562.482442
6 4.606820e-008 69.863888 785.017613
6 8.166820e-008 143.117195 783.928348
6 4.489030e-008 194.675420 889.319148
6 9.626790e-008 117.586904 788.946141
3 2.685670e-008 410.662758 570.251402
5 1.284920e-007 96.614850 589.377271
5 8.861070e-008 167.607167 531.638068
5 4.057880e-006 87.070016 503.000852
5 5.889610e-006 96.340534 502.329470
5 9.097390e-008 209.240855 427.452794
5 1.481860e-007 35.174408 427.704283
5 6.986460e-008 96.282852 578.224040
5 3.008480e-007 128.314153 569.749584
5 1.225570e-007 154.944831 550.472306
5 1.174230e-008 252.645250 526.310896
5 9.543150e-009 332.893073 577.487465
6 5.361540e-007 47.318323 922.644267
6 1.000560e-007 154.253841 878.655973
5 1.035030e-007 205.964923 503.826632
3 4.257900e-008 603.491327 614.362750
10 2.799400e-008 758.995837 570.648309
10 1.323700e-008 765.783728 596.593141
8 5.702640e-007 806.728880 851.422743
7 4.505830e-007 787.888990 913.045421
4 1.494130e-007 780.502910 919.725784
10 1.054790e-007 755.975136 924.939339
8 7.816310e-007 753.854707 889.328067
7 2.821230e-006 791.648722 960.407995
4 8.776260e-008 797.158041 970.769478
10 7.761190e-008 704.051089 900.174409
4 6.988040e-008 551.722251 820.671529
3 6.500320e-008 709.232790 575.011855
6 8.166920e-008 194.349271 930.256791
6 3.636510e-008 106.846779 833.057756
6 5.417970e-008 105.503657 775.183825
6 5.290280e-008 121.821833 871.499246
6 4.152170e-008 108.420200 781.130140
6 2.809820e-007 75.043568 948.856001
6 7.606560e-009 244.548794 948.800084
6 2.136490e-008 252.322759 767.090602
6 3.781670e-008 235.773282 872.304936
6 5.117400e-008 101.079617 836.409548
5 3.972980e-008 130.804794 655.987806
6 1.808680e-007 73.161327 855.809974
6 4.047820e-008 59.986254 781.188290
5 2.581880e-008 46.154831 714.350736
6 8.233670e-008 104.510643 792.669390
6 3.402440e-008 161.538715 868.540633
5 8.891740e-008 182.286271 555.928885
5 1.586110e-007 50.610861 545.861687
3 2.541340e-007 579.984208 535.765215
10 8.149150e-008 847.927948 714.731620
8 1.605780e-007 836.824495 771.882189
7 5.441370e-009 865.527464 700.839763
3 7.574670e-008 739.155166 485.541950
9 2.079170e-007 698.292865 221.400350
11 2.407440e-008 736.910713 291.069467
3 4.716270e-009 766.372520 344.220488
11 1.562280e-008 693.218531 324.661359
9 3.772830e-008 694.481816 327.037257
3 2.377140e-008 741.737375 415.912258
3 5.195860e-007 670.275014 443.342555
3 4.667190e-008 578.251519 591.322372
10 3.600210e-007 767.551071 724.780744
3 1.084370e-008 729.881108 619.698544
3 1.273380e-007 748.042192 570.581055
10 1.745150e-007 750.991423 775.343875
8 7.804320e-008 806.376695 750.971690
7 5.977700e-009 810.822387 747.498311
3 1.856080e-007 586.927633 536.592024
11 4.465890e-008 533.882371 340.124709
3 4.159100e-008 548.186814 342.910589
9 2.739940e-007 562.423635 191.373188
11 7.848420e-008 484.051620 74.537910
11 6.979300e-008 578.118461 314.412117
3 2.485830e-008 520.001313 299.922048
6 1.782530e-007 42.375115 853.606372
5 2.613130e-008 166.937928 642.143707
6 4.336050e-008 82.147126 749.446652
5 2.043050e-007 133.621843 559.446573
5 3.437860e-008 249.759582 577.326087
3 1.225040e-008 453.389134 368.162561
2 5.990640e-008 280.884370 150.343636
5 8.720380e-008 105.315287 345.157148
11 2.432100e-008 453.533733 312.204708
11 2.537880e-007 460.812929 248.859849
11 3.422060e-007 495.094572 138.617257
3 4.021650e-008 468.859190 413.990905
11 1.397120e-007 587.624223 236.410864
9 7.030270e-008 590.952966 192.987479
11 3.815940e-008 413.538079 172.295696
3 5.584370e-008 602.407871 608.616288
11 2.754090e-006 522.945351 190.902628
9 5.184530e-008 553.504027 118.910375
3 1.455520e-007 556.517536 469.176028
10 2.016280e-008 708.509496 633.871814
3 1.186210e-008 646.542590 589.177569
8 7.481980e-008 806.927413 744.184000
4 2.845350e-008 813.292807 744.184000
10 6.066840e-006 832.419389 810.805137
7 1.726570e-006 800.369910 939.347831
8 2.839380e-007 739.307259 845.369329
4 2.196150e-007 745.735097 843.526156
10 1.174440e-006 796.388669 796.915173
10 3.156730e-008 839.892688 557.253353
3 8.044890e-008 703.309395 559.517556
3 5.890560e-008 716.561867 414.116325
5 1.018360e-007 138.377437 598.659090
5 8.333230e-008 176.830907 469.593758
2 5.283940e-008 112.006774 196.167017
2 1.597520e-008 214.350900 197.510587
2 2.746900e-007 195.952871 127.541366
2 2.499440e-008 52.014173 156.175164
11 2.779520e-007 527.573938 248.074053
9 1.265150e-006 639.916796 128.301891
11 5.462380e-006 523.942201 148.926880
3 5.232890e-008 547.739288 475.818588
4 1.427580e-007 610.228436 851.125873
7 1.741460e-008 718.667529 756.861321
10 1.031910e-007 726.173368 765.885043
8 1.658050e-007 725.243224 819.163240
4 1.123830e-007 542.066672 829.316709
3 1.132610e-007 661.296320 570.413410
10 4.538910e-008 778.015697 644.545050
10 1.170420e-007 898.738230 658.391410
3 3.703060e-008 798.503005 525.621872
10 7.714420e-008 743.693548 674.308310
3 7.266290e-008 701.123239 591.655996
10 5.827980e-008 647.847449 740.611022
3 6.398850e-008 658.983321 616.032411
10 3.546270e-007 843.406566 765.782350
8 1.651940e-007 855.258408 826.754996
7 1.371250e-007 869.175554 898.352749
4 1.741640e-008 819.116863 770.634032
3 9.715950e-009 459.859686 543.547617
3 1.179110e-007 569.897929 503.535686
5 1.114180e-007 234.448621 527.826050
6 2.394930e-007 98.922420 859.738318
6 2.727920e-007 97.801648 946.486387
6 2.497720e-008 126.519792 760.266322
6 2.537340e-007 36.582477 834.423035
6 8.829660e-008 81.268755 837.513170
6 1.505400e-007 106.016000 799.899868
6 7.658530e-008 166.475048 847.723518
6 4.175950e-008 160.717221 797.153373
6 4.188190e-008 148.112899 908.609319
6 1.743770e-008 180.178304 767.059112
6 5.472540e-008 96.995350 912.760319
6 8.517070e-008 147.006279 888.193214
6 7.746980e-008 59.526605 819.709761
6 5.305610e-007 70.095088 853.851935
3 2.035660e-008 527.645653 608.493315
10 6.077080e-007 774.755134 802.696332
8 2.325140e-007 777.749411 812.490179
4 4.627330e-008 798.048665 878.886111
7 1.658000e-007 799.289778 882.945614
3 5.235950e-008 698.513857 564.697187
3 3.430850e-008 500.477933 530.316227
11 2.427610e-007 586.846514 210.059844
3 1.227840e-008 562.579347 207.936813
9 2.374290e-008 509.746279 203.314674
11 4.350920e-008 427.620890 33.384614
9 8.976130e-008 512.505436 173.171233
11 4.217230e-008 412.668262 241.921770
3 1.146960e-007 507.880162 466.743795
4 1.328200e-007 586.049124 958.861761
7 8.164500e-008 585.255342 962.945510
8 5.325560e-008 583.324602 972.878537
10 1.598790e-007 741.460102 901.703366
3 8.128220e-008 725.587404 547.158165
10 1.230550e-007 890.564457 696.395956
8 1.841960e-007 837.963566 868.445699
7 3.385540e-007 775.835607 889.637266
4 8.279170e-007 696.384070 896.588102
10 3.302050e-007 755.070555 740.208570
8 1.211640e-007 758.816948 736.835293
3 6.775000e-008 741.139711 506.952016
3 2.861660e-008 748.947467 496.202310
4 4.363220e-007 654.148924 893.090803
8 1.991850e-008 661.063495 912.088341
7 1.029940e-007 684.934251 977.672396
10 4.553270e-008 851.218771 651.357442
8 7.835220e-008 782.823048 810.763235
7 8.525010e-008 782.929722 810.890364
4 7.210220e-008 804.188904 857.577565
10 1.110330e-007 757.391702 819.681897
8 2.106130e-006 816.327790 906.544329
7 2.128190e-007 816.214558 906.684160
4 1.316080e-007 802.939540 914.602229
10 1.112020e-007 835.397685 864.620959
8 6.423790e-007 744.145958 829.441742
7 3.691940e-008 744.133530 829.263996
4 4.477190e-008 713.556068 724.232240
10 8.057540e-008 666.104659 687.159256
4 5.814600e-008 460.239751 957.452838
4 2.354740e-008 491.210832 786.574193
3 6.857920e-008 471.333019 417.813424
7 2.429640e-008 741.939263 756.990296
10 1.222300e-007 711.175589 788.405989
8 1.089730e-007 706.878093 790.409964
4 1.358480e-007 638.059419 822.500961
4 2.122530e-006 673.533498 918.453921
8 2.281270e-007 676.773068 920.984956
7 1.083840e-007 731.231590 963.532703
10 7.392430e-008 902.249712 820.186229
3 9.023170e-008 746.092338 470.035465
10 7.468240e-008 732.166547 666.448020
8 2.717160e-007 832.712245 849.881253
7 3.898670e-007 799.303740 912.713342
4 2.922320e-008 793.401154 922.814382
10 2.724990e-007 871.374392 760.214457
7 1.770510e-007 766.559956 879.058442
8 4.230090e-006 777.555903 888.959222
4 4.973920e-008 800.627304 909.732774
10 3.613820e-007 807.580000 734.197618
3 8.522670e-008 657.829070 585.856444
10 1.217940e-007 815.819064 664.668422
3 3.621000e-008 563.968230 627.250847
3 5.278970e-007 609.626076 526.350663
5 6.816420e-008 196.164735 411.788610
5 5.395780e-009 236.244518 404.432734
5 1.263290e-006 121.329169 495.196611
5 4.283290e-008 222.842807 463.162848
5 6.147320e-008 195.870487 451.509516
5 4.051320e-008 167.921755 572.619000
3 6.400410e-008 504.686451 392.121713
9 8.866220e-008 584.086432 163.286142
11 2.005750e-006 585.769107 155.369790
9 7.910470e-008 539.874840 260.280387
11 7.116710e-008 539.203408 267.955174
3 1.964880e-007 517.802348 402.258154
11 1.803100e-007 456.436911 103.913973
9 2.996110e-007 603.406993 80.636045
11 1.981350e-007 603.334315 85.169896
9 1.731910e-007 748.691866 97.887005
11 9.295050e-008 419.233016 233.905894
9 1.163860e-007 530.009414 119.528579
11 1.851580e-008 600.449042 438.686270
3 7.139700e-007 601.423773 443.272045
3 7.734540e-008 528.595717 596.150428
5 8.129480e-008 168.432262 566.707568
5 3.459260e-007 162.556488 465.176560
5 7.662230e-008 214.203593 585.117000
5 3.432680e-007 119.673698 551.465364
3 5.059940e-008 537.246454 539.868049
11 1.793860e-007 567.739078 260.475565
9 5.900570e-008 613.104522 223.318583
3 1.428580e-007 565.530855 414.128746
4 1.377780e-007 689.371916 840.610039
8 7.115280e-007 742.485518 893.191665
7 2.070290e-007 742.423355 893.037806
10 6.965130e-008 740.525104 888.339472
4 1.190010e-006 686.292044 896.510963
8 7.127000e-008 591.722203 893.208386
7 3.519410e-008 591.554625 893.202533
10 3.411390e-007 821.994106 867.208447
3 5.296690e-008 793.634860 552.606492
3 3.827610e-008 439.253256 486.414668
5 7.280720e-008 127.469811 533.734515
3 2.100140e-007 551.487462 483.484774
11 2.492160e-007 500.767928 208.899925
9 9.608890e-009 497.462194 201.475103
11 3.019410e-007 520.389432 217.366624
9 5.975390e-008 518.127215 225.255832
2 1.505730e-007 85.598900 131.536173
2 2.251670e-007 153.613179 161.291824
5 2.664580e-008 197.017765 261.258160
2 1.411210e-007 165.266781 172.625525
2 1.546000e-008 109.907551 297.918733
5 2.307740e-008 144.853629 232.110566
2 2.617300e-007 226.238803 106.006619
5 3.962940e-007 154.785792 514.368828
5 1.291960e-007 194.716053 573.912301
5 9.153960e-008 168.709243 503.077323
5 1.791800e-007 193.796627 478.226827
5 9.486710e-008 194.223263 465.977647
3 2.688860e-008 418.098256 541.974775
3 2.867360e-007 587.695061 548.592447
11 3.631180e-007 603.776861 194.855299
9 2.336730e-007 603.507123 187.130983
11 2.771470e-008 496.047796 320.552153
3 8.872500e-008 476.468866 372.056019
4 4.214020e-008 688.226670 770.296608
10 5.385220e-008 753.274717 745.327020
8 5.556750e-008 757.748158 743.609828
7 5.163770e-008 696.998942 821.714023
3 4.210230e-008 762.263887 554.757778
10 8.528960e-008 708.096088 653.191577
4 1.061600e-007 552.584847 924.752156
10 7.006110e-008 729.138158 699.447745
3 1.611490e-007 741.737358 474.656829
3 4.363990e-008 820.753627 427.219492
10 1.190400e-007 674.684761 703.492834
3 2.236550e-008 674.345046 614.538858
4 5.257340e-007 669.567696 884.925149
10 3.254530e-007 744.075277 853.298397
8 9.437620e-008 748.853582 851.270117
7 8.544050e-008 749.020811 851.199132
4 6.189530e-007 716.312370 902.017836
10 4.217140e-008 623.508178 888.155417
8 6.242040e-008 618.494569 887.628477
7 4.438300e-008 618.319120 887.610037
4 5.472460e-008 519.467071 819.540670
3 8.380500e-008 531.185247 615.277170
4 3.706740e-008 682.597491 823.006562
10 2.772880e-007 740.611914 800.881916
8 2.265090e-007 744.848085 798.436162
7 5.754990e-008 744.996342 798.350565
3 1.339480e-008 674.735164 713.314902
4 3.219150e-008 620.203443 838.338903
8 6.121990e-008 596.273909 892.085868
7 9.898310e-008 698.448986 857.511328
10 4.259180e-008 701.595165 834.381427
4 3.738420e-008 509.984813 783.379407
3 1.011830e-007 560.863723 529.497439
11 2.417850e-007 546.748230 254.799129
3 7.172700e-008 545.461841 419.469280
3 8.744320e-008 596.532964 553.380047
11 1.031500e-007 438.136945 111.848988
9 1.012310e-007 535.804210 123.839006
3 7.636760e-008 578.421597 323.508604
4 1.303890e-008 561.152755 752.560693
3 2.192260e-007 546.648390 475.596447
11 2.535260e-007 593.345868 226.496435
9 9.673040e-008 594.795999 143.411829
3 2.569280e-008 470.322755 356.534164
11 5.961080e-008 513.649015 229.010529
9 2.925280e-008 464.546944 271.694444
2 1.971390e-008 289.980922 283.969899
11 5.545400e-007 503.932031 184.037742
9 1.579830e-007 585.728993 124.608897
9 1.719920e-007 737.830660 59.891744
11 8.141460e-008 601.288866 115.879606
9 2.341910e-008 516.560116 152.902492
11 8.003080e-007 514.536911 125.194413
9 2.213670e-007 584.326497 80.336552
11 8.078660e-008 422.598004 233.285860
3 4.931730e-008 568.116920 380.472358
