6 3.603730e-008 737.351651 570.194546
10 8.001610e-008 729.544463 576.981203
11 4.544090e-008 673.180004 625.977877
10 2.040640e-007 664.361969 492.195294
6 1.071250e-007 788.257739 405.442521
11 1.407020e-007 789.741812 404.403362
2 5.888870e-008 707.916117 293.565779
7 2.502010e-008 749.776600 280.267951
10 9.310060e-008 834.405711 338.954333
2 1.124830e-007 765.598142 310.097200
10 6.953860e-007 697.772470 418.640166
11 1.021340e-007 653.359643 576.478006
8 4.952220e-009 451.361826 426.723838
7 7.913210e-008 540.726197 224.096524
7 8.832440e-008 564.329388 243.321470
10 3.697020e-007 593.343339 395.426429
2 7.196560e-008 767.112925 242.559889
6 1.097280e-007 827.960412 418.770504
11 1.136710e-007 778.965304 445.929147
10 1.094210e-007 728.686742 473.799225
6 1.747800e-007 850.942684 508.549268
11 7.531800e-006 822.074446 533.643940
6 1.906200e-007 858.985010 480.159048
