6 4.617400e-008 699.106792 467.866701
3 1.458010e-007 708.758456 294.683607
6 1.325560e-007 777.464054 364.306226
3 2.498910e-007 783.955335 275.318861
6 1.437340e-007 677.362774 472.507914
9 4.896020e-008 588.566037 603.132230
7 8.284340e-008 449.187547 416.494694
10 1.080760e-007 433.830129 344.243947
3 9.559330e-008 744.270746 85.491486
7 8.497840e-008 564.611156 248.697861
10 2.372200e-008 564.934081 254.859536
6 5.771940e-008 596.334742 402.473738
3 8.671270e-007 770.167110 240.086680
6 1.954590e-008 831.484687 242.663826
6 1.172100e-008 833.085672 502.081735
9 1.261910e-006 646.299727 764.852223
11 2.411310e-007 644.851410 835.337992
4 2.062850e-007 752.003457 957.428480
11 1.673080e-006 689.357167 855.385290
9 1.344340e-007 677.802616 809.043031
7 4.308460e-008 458.818174 477.830538
9 4.055820e-008 689.081421 579.789370
7 1.394150e-006 472.501939 331.882640
10 1.320430e-007 472.996224 330.912553
6 1.267550e-007 593.711311 450.325223
9 1.102090e-007 507.153029 624.409691
7 9.111460e-007 468.640235 351.286541
10 5.374280e-009 499.247756 275.529684
7 3.751590e-007 414.178692 216.456062
10 2.153690e-007 470.482827 156.077301
