6 1.779110e-007 677.312209 240.100365
3 1.006510e-007 765.182435 310.762465
6 3.110150e-007 542.211444 222.805413
7 1.994990e-007 666.680832 133.974878
3 2.159560e-007 674.865988 128.860243
10 2.063410e-007 737.472153 89.739704
9 2.796870e-007 740.006342 88.156172
6 1.512960e-006 564.429294 245.227779
6 9.245050e-008 726.322184 275.591300
3 3.433060e-007 784.224510 228.703318
5 1.436580e-007 442.213547 596.069861
5 1.431840e-008 571.159001 585.412316
5 7.496640e-008 422.629513 516.273785
6 2.177310e-007 515.288339 247.909888
7 4.426460e-008 556.401392 272.203460
5 1.323730e-007 458.123349 652.717089
5 2.026640e-008 420.020677 440.458123
6 2.511670e-007 503.223985 265.688096
2 3.997070e-008 426.845334 202.872759
6 5.167390e-008 488.216538 137.060234
8 2.987470e-008 515.580583 109.957994
7 2.254480e-007 503.761625 125.642367
2 9.153030e-008 289.246621 305.318716
2 1.544330e-007 164.278782 180.883492
11 2.971450e-008 109.090890 184.742481
2 2.725320e-007 218.458770 197.874007
11 5.378990e-008 224.304128 198.078119
11 1.169190e-007 95.332515 100.840878
2 1.082720e-007 175.970121 201.381953
11 5.973650e-008 179.284282 213.410167
2 4.743390e-008 85.780662 198.114302
11 3.159100e-007 148.487588 98.129869
2 2.463530e-007 220.494274 187.796295
8 2.085230e-007 239.342047 118.758943
11 4.097410e-008 77.022896 187.741228
2 8.166240e-008 123.309503 230.152643
11 1.537940e-006 226.349752 22.058132
8 6.191730e-008 185.472843 26.893873
2 1.961510e-007 224.227484 102.794062
11 2.707250e-007 102.886119 137.900811
8 8.972190e-008 210.038901 176.201021
2 1.946500e-007 153.773243 243.255686
5 3.347380e-008 284.614397 547.030838
5 2.259400e-007 365.403033 597.289233
5 7.678250e-008 323.518724 720.166897
4 2.748330e-007 136.614197 771.222676
5 5.691290e-008 312.945089 720.823801
4 2.295170e-007 107.308457 766.647725
4 4.448340e-008 201.698181 805.342063
5 2.180050e-006 367.611657 681.140115
4 1.054520e-007 101.186205 922.105797
4 6.710450e-008 185.680870 842.861249
5 1.494740e-007 379.808848 766.211110
4 1.029600e-007 189.945351 814.993612
4 4.139320e-007 132.762260 828.849993
5 8.819530e-009 420.042806 838.417733
4 3.074240e-007 31.467443 897.439296
4 8.383260e-008 184.648062 825.300677
5 3.817410e-008 262.708182 638.495398
4 1.169340e-007 214.759376 745.439897
4 2.070890e-007 184.970461 804.830340
5 2.937150e-007 400.780726 714.475344
5 5.615450e-008 327.236548 540.750415
5 2.802770e-008 307.487069 589.297706
6 1.576250e-007 597.014013 305.429259
3 4.710230e-008 587.984750 303.109716
5 2.681510e-008 548.266890 711.260991
5 1.906190e-007 483.768918 666.181324
5 9.883390e-008 499.771146 707.967110
5 1.622600e-007 354.221896 586.861652
5 3.613090e-007 401.077551 630.998162
5 3.564690e-007 344.860947 691.629588
4 1.010080e-007 191.361848 772.534373
5 6.224860e-008 200.888022 768.877540
4 8.471470e-008 185.377072 766.639327
4 1.367870e-007 88.203146 742.367338
5 7.873570e-008 272.301377 647.178301
5 3.928220e-008 477.325925 763.161648
5 2.713250e-008 463.376445 645.596527
5 5.667050e-008 544.100005 587.307388
6 1.339400e-007 482.387777 328.546082
7 6.041250e-008 503.072234 189.951647
2 1.023350e-007 377.032036 226.485199
9 1.493120e-007 605.330174 136.549673
6 2.285240e-007 646.776248 151.634760
10 7.296650e-008 623.604515 152.528265
3 9.209560e-008 618.804670 151.420129
7 6.418260e-008 577.054593 141.781320
2 4.425950e-008 243.375354 351.915240
11 3.403680e-008 278.747587 230.043985
2 1.638430e-008 412.332659 330.007028
6 1.914960e-007 578.715821 287.184452
7 8.793740e-009 517.736441 127.419184
8 4.419980e-007 402.559199 16.193730
9 1.115780e-007 598.418319 69.394548
6 1.606080e-007 556.342366 163.898655
7 3.602220e-008 521.029817 243.211915
5 6.690560e-009 441.805823 480.211070
2 3.805150e-008 317.023985 320.273029
6 6.093940e-008 441.248610 231.717978
7 1.702610e-007 594.432305 152.697756
9 1.978110e-007 670.245490 117.345341
10 2.115340e-008 627.131626 125.301020
3 5.294680e-008 622.139773 126.453493
2 7.411530e-008 425.604704 273.308841
6 6.039280e-008 424.424723 276.550835
7 1.710230e-008 521.190041 179.767834
8 5.241390e-008 428.931510 57.335873
6 3.696730e-007 535.225351 193.083513
2 9.273550e-009 142.424059 339.098669
11 8.049290e-008 143.612278 134.878391
2 1.749160e-007 262.551778 91.120460
8 9.041780e-008 261.583149 86.137348
11 3.529950e-008 232.735387 272.521306
2 1.034570e-007 159.355988 282.131813
11 9.634170e-008 95.923424 180.613960
8 1.935470e-007 264.917884 101.714371
2 5.070060e-007 218.523914 188.969049
11 8.130580e-008 243.426487 161.726640
2 1.329250e-006 250.036122 154.882149
8 3.945980e-007 295.029714 108.289834
11 1.060450e-007 220.786349 162.145793
2 4.221570e-007 225.787745 171.168566
8 2.635290e-008 279.672295 288.261662
11 9.082100e-008 205.619127 219.581912
2 9.673430e-008 207.618224 228.986894
8 2.304270e-008 275.188350 247.749757
2 6.805860e-008 321.615970 315.543376
6 1.789780e-007 512.855751 267.598650
7 2.776130e-007 494.860647 109.776549
9 2.799290e-007 656.030384 121.046388
3 2.178910e-007 671.200036 111.744396
10 3.476630e-008 600.816721 83.307835
8 1.010180e-008 562.660560 121.689015
7 1.157520e-007 610.007865 194.597199
6 5.210930e-007 612.213926 197.994221
9 9.375520e-008 568.085443 114.377069
11 4.675180e-008 342.576303 175.118721
2 6.107900e-007 341.777396 190.363527
8 6.878510e-008 341.506310 195.536415
2 1.040730e-008 343.016205 342.285205
8 4.188550e-008 474.079407 144.833074
6 1.586930e-007 477.547357 143.772814
7 1.215490e-007 554.688026 120.188532
9 1.076760e-007 598.750712 125.431585
6 8.430710e-008 541.198406 384.900615
3 1.262730e-007 788.938843 274.413838
6 2.533620e-008 777.789058 270.891461
5 3.876470e-008 560.042924 681.471098
6 1.889730e-007 711.663512 294.477176
3 4.032990e-007 729.817651 247.183995
9 1.816770e-008 746.728000 245.237711
3 8.175480e-008 799.136873 338.155814
5 2.749090e-008 410.176822 529.402594
3 4.533810e-007 837.486978 219.124244
6 5.666830e-008 763.063314 203.869360
3 4.843390e-008 724.055160 372.830347
3 9.006340e-008 739.174241 249.560521
6 6.117930e-008 742.469666 253.094440
3 9.199970e-008 919.419041 288.512332
10 3.673190e-008 763.086269 247.783270
6 3.943160e-007 635.828199 286.718128
3 2.552780e-006 795.933975 212.059175
9 3.275250e-008 776.184048 244.817188
6 2.867570e-008 777.093619 246.116197
3 8.899880e-008 831.593251 323.950158
3 1.311690e-008 759.905468 360.121612
6 6.265310e-008 658.229656 424.669874
5 8.560750e-008 466.964701 594.485802
5 2.615360e-008 259.933873 483.023099
5 1.053480e-007 340.741399 554.711916
3 1.173380e-007 833.271771 305.760950
3 2.509720e-008 749.439709 361.410850
3 2.144570e-007 851.101021 273.396541
6 4.825910e-008 701.941316 319.340389
5 4.188680e-008 464.950954 513.854795
6 8.291690e-008 518.852386 379.008353
5 6.804000e-008 378.264110 539.060482
5 5.360710e-007 411.970798 731.641005
4 4.171720e-008 270.578129 885.982784
4 9.366250e-008 90.726459 699.356978
5 1.031360e-007 311.452332 706.341571
4 3.041130e-007 152.485053 821.084411
5 1.151460e-007 277.389813 743.011998
5 2.307390e-008 219.884754 804.268929
4 8.606820e-008 155.538341 708.870924
5 2.433050e-008 312.028202 769.489861
4 4.225540e-007 100.163119 759.279050
5 1.853870e-008 211.459644 841.282546
4 8.804780e-008 136.003317 884.847357
5 7.670080e-008 401.377502 733.288867
4 9.185560e-008 34.768626 654.435830
4 1.938640e-007 25.572576 721.731812
5 1.498800e-008 283.025833 780.064525
4 9.809630e-008 158.699971 692.957076
4 3.237990e-006 62.626980 786.547170
4 1.614340e-007 74.508552 946.343050
5 9.288810e-007 351.951297 633.631211
4 8.462990e-008 162.696585 817.592942
4 2.068590e-008 161.840367 919.837094
4 5.012850e-008 185.655087 940.934823
4 3.367050e-008 225.763098 719.580541
5 4.595200e-008 274.248322 786.314730
5 3.483860e-008 332.616061 783.809987
4 1.264960e-007 119.548005 730.324772
5 2.224820e-007 391.975270 729.892042
5 7.402900e-008 487.155814 553.924467
5 1.172280e-007 433.819914 594.869584
5 1.353680e-007 295.288202 724.643942
5 1.577540e-008 259.248005 793.189225
4 5.088870e-007 94.078905 852.918310
4 3.574360e-008 212.286161 899.824176
4 6.804810e-007 77.988081 841.696823
4 1.753640e-007 200.830680 829.944975
5 5.223680e-008 265.987390 705.028267
4 3.979470e-008 255.334926 694.148991
5 9.257230e-009 271.048935 873.757262
4 1.410140e-007 200.794815 802.751772
4 1.496270e-007 139.691303 750.722479
5 1.074130e-007 317.400551 710.636175
4 5.284120e-008 90.712561 716.408672
5 2.600020e-008 216.179197 763.249945
4 1.199130e-007 194.513579 816.874191
4 1.241920e-006 73.076460 871.509084
5 2.622170e-007 318.526665 667.761352
4 1.090610e-007 93.661956 954.714569
4 9.451020e-008 188.184211 821.539963
5 2.282350e-008 313.017559 812.384127
4 3.237550e-007 141.772620 819.124169
5 1.441530e-008 133.361072 722.046320
4 5.287310e-008 276.094755 821.651043
5 1.933930e-008 276.054171 889.459069
5 1.357660e-007 244.889671 674.748597
4 4.062020e-008 172.254386 870.504711
4 3.456780e-007 161.213155 823.292086
5 8.829510e-008 264.551212 748.705253
5 2.779200e-008 270.063554 792.301360
5 5.911540e-008 416.407687 838.677600
4 5.888100e-008 164.623774 742.783918
5 7.689950e-008 396.163162 749.099360
2 1.976130e-006 290.920469 211.938314
8 1.037830e-007 226.259509 90.855125
11 3.819990e-007 228.284381 101.272206
2 5.590550e-008 118.139946 163.953909
11 1.456040e-007 274.613525 130.694553
8 1.035740e-007 279.114793 129.737782
2 8.768260e-008 217.963637 85.225305
11 4.384250e-008 195.890749 253.645741
8 8.062480e-008 298.197712 142.444725
2 6.366130e-008 160.122205 55.458512
11 3.150370e-007 257.734568 106.840117
2 4.821000e-007 189.996339 177.934295
8 2.193390e-008 188.986680 151.809278
11 3.874550e-008 178.935055 233.670866
2 6.622560e-008 417.175399 184.965414
6 2.499890e-007 590.718031 139.120138
7 1.041110e-007 591.795878 138.930083
9 9.883730e-008 572.891245 109.923534
8 7.950780e-008 441.899456 45.921207
6 5.121350e-008 477.092514 80.255516
7 1.477560e-007 475.992957 80.139948
9 5.423300e-008 585.803154 110.085110
8 1.482610e-007 421.638128 96.018101
2 5.460810e-008 477.891815 158.494454
6 1.566310e-007 508.350844 192.322799
7 2.180520e-008 509.098148 193.152767
6 8.630830e-008 451.088143 203.349586
7 9.729840e-009 466.393847 243.872703
6 6.396960e-008 471.613234 343.463521
2 2.473280e-007 374.168689 198.430007
8 8.430510e-008 429.100060 130.595002
7 5.521770e-008 467.780843 71.564455
2 3.264660e-008 316.393645 350.747347
6 4.108050e-008 416.416110 354.200940
5 1.178400e-007 455.745309 694.443159
6 6.360060e-008 487.617303 351.476334
9 6.403670e-008 567.061393 136.446091
7 9.265210e-008 562.839748 129.420101
6 4.151440e-007 562.273601 175.429736
8 2.295180e-007 455.323897 114.308623
7 5.279840e-008 449.966999 132.990237
2 5.351400e-008 423.973486 271.549112
6 4.070660e-008 463.014841 351.595463
6 1.330470e-007 532.712539 207.162275
8 4.243430e-008 467.086861 236.527307
2 4.659570e-008 470.913782 240.222898
5 4.091200e-008 578.996395 606.558700
6 8.536020e-008 609.061477 327.493267
2 3.938580e-007 256.974797 246.701621
11 1.978790e-007 187.271667 135.228083
8 1.351420e-008 164.399970 144.468900
2 5.113200e-008 225.333489 271.735456
11 4.109000e-007 250.899764 110.317479
8 1.242860e-007 252.408962 100.788845
2 2.468090e-007 204.090495 129.606835
11 2.512890e-008 265.546458 260.130353
8 3.183720e-008 269.539536 268.693598
2 9.871610e-008 191.362851 275.833284
11 3.903450e-008 88.571143 119.967774
8 7.559800e-008 209.705786 206.632088
2 3.510730e-007 217.031495 221.009700
8 2.156060e-008 405.843942 309.767912
2 4.480800e-008 405.877540 309.828525
11 3.810480e-008 67.380517 157.686789
2 7.930690e-008 158.131027 233.835444
5 6.934310e-008 445.113728 573.730623
5 8.056580e-008 486.040179 709.801335
6 4.097490e-008 441.413610 313.161569
2 9.502110e-008 364.614117 232.628775
8 4.796980e-008 484.300109 124.863353
7 5.599200e-008 528.558048 189.580276
6 9.440780e-008 565.854203 324.668744
5 9.990960e-008 433.682488 605.761103
5 6.525470e-008 424.669801 589.423119
6 1.612330e-007 477.546149 221.867212
2 7.523930e-008 396.193901 108.706325
8 9.807200e-008 397.792861 118.801812
6 1.009250e-007 537.678201 159.547346
9 3.965650e-008 505.689420 199.050369
7 6.107860e-008 503.936104 201.215543
2 2.592780e-008 425.214763 229.100660
8 1.369190e-007 427.435453 101.875287
5 2.709590e-008 539.105532 516.012525
5 2.753510e-007 426.933097 595.260998
5 2.504410e-008 289.567066 785.968538
5 1.032510e-007 242.690350 660.478909
4 1.599850e-007 94.472588 912.555984
5 6.539320e-008 363.400571 805.467520
5 2.393100e-008 160.041728 656.559230
5 1.281000e-007 307.212577 592.724795
5 6.501820e-008 441.650640 559.002947
5 2.846770e-008 526.563661 661.277027
5 1.489450e-008 599.289822 719.414730
5 5.679190e-008 572.100067 657.499417
5 4.760620e-008 555.820003 709.054731
5 7.820890e-008 492.931147 671.704223
6 1.721930e-007 603.208026 315.856328
5 3.927670e-008 519.935753 721.661045
3 1.658190e-007 792.421457 302.613296
6 1.706620e-007 700.442835 241.533168
9 1.768100e-008 699.906668 201.222867
3 8.156130e-008 707.172097 284.265405
6 1.071960e-008 700.510751 380.114807
3 5.533290e-008 703.381448 390.828514
5 8.298630e-008 489.011170 633.851487
6 1.346950e-007 420.116757 183.286873
8 4.759420e-008 422.857085 165.414520
2 1.265840e-008 423.217074 170.562363
5 8.471030e-008 390.051001 507.922133
5 5.896760e-008 502.986757 591.315928
5 6.793950e-008 467.749131 626.939568
5 8.850490e-008 471.988065 722.968600
5 1.834620e-008 502.130106 809.321063
5 1.095900e-008 537.032698 860.071150
5 3.743700e-008 547.914411 567.734779
5 3.771290e-008 443.920904 607.441267
5 1.809380e-008 453.971542 464.081437
6 3.769940e-008 471.402876 317.865653
2 8.514840e-008 389.592364 245.437006
5 6.017470e-008 380.637281 591.948540
4 1.186330e-007 122.671292 760.188883
5 2.811600e-008 348.901111 810.115598
5 7.925610e-008 285.189411 726.658158
4 8.040920e-008 205.798025 772.406934
5 5.608490e-008 197.146228 713.154929
4 4.623510e-006 87.560665 813.978171
4 1.802160e-007 159.491178 782.950159
5 7.732720e-008 296.850250 719.311438
5 3.095260e-008 519.015186 515.159195
2 4.604590e-009 414.165921 365.962657
5 2.854860e-008 395.889609 462.683421
2 3.471240e-008 403.187747 262.150690
8 3.747900e-008 275.903625 130.445826
2 2.960690e-007 266.816326 112.610936
11 3.591330e-007 243.964741 67.762023
2 5.877000e-008 176.082698 232.824036
8 2.564800e-007 364.159798 123.475095
2 1.334040e-007 351.375594 150.815530
11 4.032230e-008 350.267642 214.290057
6 3.350760e-008 440.458331 146.452602
7 2.396250e-008 459.566492 211.847954
9 6.785930e-008 619.682869 216.295057
6 2.402740e-007 599.395108 320.665079
7 5.812650e-008 556.088423 184.118372
2 3.041420e-008 487.469916 210.806105
6 6.431340e-008 554.244516 158.636073
8 7.894040e-008 379.992918 194.339185
5 1.198620e-007 512.372661 644.881357
5 1.790660e-008 179.554294 543.908036
5 6.354380e-008 422.209612 563.315269
5 2.344510e-007 387.980425 745.212724
5 4.074380e-008 373.900572 550.514832
5 7.980700e-008 428.052622 774.344074
5 7.676150e-009 476.103592 504.419319
6 2.468010e-007 545.726300 275.894483
2 6.603310e-008 362.934861 196.992634
8 4.093470e-008 366.879968 200.187308
6 2.887320e-008 517.997766 468.031990
5 1.681400e-008 558.441879 538.954532
5 1.766170e-008 473.890499 586.929582
5 2.984930e-008 480.573470 465.057582
6 1.064480e-007 523.423791 364.854341
2 4.716350e-008 414.420929 211.936713
8 5.458300e-008 418.417617 135.674104
6 5.626660e-008 470.423497 201.985173
7 9.262090e-008 517.000220 198.124077
2 1.435620e-007 253.193053 321.545028
6 9.834440e-007 565.721805 275.505458
6 2.376050e-008 529.997511 447.893039
5 2.526320e-008 567.282340 658.340172
6 7.347650e-008 712.543775 295.206147
3 2.999990e-007 777.063147 259.442455
10 3.726160e-008 686.655222 200.579164
9 6.511350e-008 672.732003 198.869624
7 4.845360e-008 684.302266 195.592210
3 2.174000e-007 798.872747 275.810237
6 2.323170e-008 774.801599 356.033534
3 2.599110e-007 819.351799 265.695827
10 5.689210e-008 762.167073 194.489630
9 6.710100e-008 684.128440 186.287389
6 3.224960e-008 742.512883 304.996161
5 1.239080e-008 557.916658 597.643392
5 1.931280e-008 465.980720 501.325208
5 1.785650e-007 477.225049 661.543978
5 6.030720e-008 479.733995 570.228122
4 2.228490e-008 248.063744 885.627138
5 4.628250e-008 277.280957 894.160149
4 2.325410e-007 100.824104 859.621406
5 2.670350e-007 315.774049 660.545975
4 2.248320e-007 155.525704 828.706892
4 7.774720e-008 159.108538 744.969544
5 2.738390e-008 294.957402 867.106690
4 7.968920e-008 128.425585 956.447721
5 4.383430e-008 324.559380 833.886928
4 8.446710e-008 214.329080 899.048822
5 1.306640e-007 356.752524 749.106915
4 7.901760e-008 230.577289 872.452595
5 2.558180e-007 324.011327 642.042519
6 4.063430e-006 606.910229 237.759376
7 3.132860e-008 515.118671 204.664441
2 2.676100e-008 402.941143 352.497575
6 1.155770e-007 503.529116 291.635417
2 5.648460e-008 355.698328 277.527025
11 2.354530e-007 175.688070 140.045335
8 4.385920e-008 167.607532 145.495720
2 1.683540e-007 225.415046 137.924807
11 4.096200e-008 217.177064 166.284940
2 8.085250e-008 218.396821 118.667123
8 3.437700e-008 166.613009 149.782114
11 3.694150e-008 88.394817 196.780554
11 1.173090e-007 164.297879 115.626693
2 2.013080e-007 234.166461 90.196721
8 2.514200e-007 239.416639 93.176715
2 4.093730e-008 121.061968 214.882108
11 4.721170e-008 166.728374 261.888294
8 2.578160e-008 207.930081 70.485858
2 3.619270e-008 104.481707 256.297321
11 1.124730e-007 265.954177 152.401348
8 1.514180e-007 197.268677 116.625308
2 7.308490e-008 162.794458 179.410029
11 3.083080e-007 154.684747 126.448755
2 1.005660e-007 220.352838 196.869313
11 2.374630e-008 103.815338 198.004714
2 1.195920e-007 126.295560 281.901491
8 4.470430e-008 144.758795 177.637945
11 6.806810e-008 54.153974 166.852908
2 1.256080e-007 201.901435 80.237701
8 9.483050e-008 255.714409 88.377450
11 2.203740e-007 265.446560 68.423477
2 1.377390e-007 314.516563 245.668948
11 2.296150e-008 77.583549 237.308302
2 1.793520e-007 189.627014 235.428862
11 5.573790e-008 101.546073 150.370059
2 6.430220e-007 231.085459 163.728066
8 6.353710e-008 240.222549 179.239669
11 5.136560e-008 217.128746 236.398253
2 9.719200e-008 414.995159 193.954400
6 2.088980e-008 423.345383 125.949227
8 2.241340e-007 427.576510 126.500783
7 7.287170e-008 558.719601 218.328302
9 1.051360e-007 550.465270 65.156495
6 5.413870e-008 442.429434 206.745741
6 9.013700e-008 576.950602 162.489722
7 1.112980e-007 616.138588 159.231132
3 8.694330e-008 613.734313 205.105919
9 3.181910e-008 612.202570 234.332351
6 2.123530e-008 722.626485 117.994234
10 1.311970e-007 753.524168 114.200449
7 5.206160e-008 764.138123 112.897210
3 2.483200e-007 746.459606 104.821182
9 4.632470e-007 733.055433 102.937335
6 4.953160e-008 539.417380 409.871269
8 3.469430e-008 528.637139 109.238076
6 1.112800e-007 536.120194 105.425265
7 1.594440e-007 541.509378 102.679335
9 3.901010e-007 619.140849 63.124080
10 7.023170e-008 606.907702 111.118792
2 2.190310e-007 261.011600 246.958485
8 5.849350e-008 288.732358 135.774870
11 5.851520e-008 295.476180 108.726458
2 4.773480e-009 186.541473 27.042044
8 2.650970e-008 124.946950 85.633610
11 1.179950e-007 118.073268 94.431584
2 2.634730e-005 269.342168 182.363128
11 3.736200e-007 235.969290 102.172952
8 8.505740e-008 232.715304 98.918942
2 1.777230e-007 183.140084 134.704932
11 3.003920e-007 206.967480 119.610244
8 7.095880e-008 202.783503 121.742076
2 8.166510e-008 168.911542 168.062030
11 1.072430e-007 86.495307 135.355058
8 1.210230e-007 177.987205 68.484138
2 3.680650e-008 143.167568 287.858364
11 1.178120e-007 121.414740 123.090239
2 3.661310e-008 160.749577 121.144559
11 3.561740e-008 50.225452 121.411028
2 1.377950e-007 201.590432 255.712496
8 5.322690e-008 205.965617 175.390265
11 1.598880e-007 168.693496 147.879627
2 3.942670e-008 225.719699 296.163162
11 2.848770e-007 166.246516 127.925810
2 7.630070e-008 196.980478 150.612971
8 1.397330e-008 258.189595 218.947523
6 1.877600e-007 504.687786 236.065348
7 7.648480e-007 594.605512 96.019339
9 1.914420e-007 597.767788 89.237880
10 2.992100e-008 548.282743 39.797992
2 1.853980e-008 466.494451 80.373744
8 2.197250e-007 471.398494 81.873059
6 1.046720e-007 549.353396 105.706246
7 3.317750e-007 519.377511 67.284219
9 4.223040e-008 512.901122 63.237325
2 8.984790e-008 458.539224 188.079675
6 9.794540e-008 462.982347 103.301007
8 1.444990e-007 467.330993 20.325042
7 2.588450e-006 544.494028 62.586660
9 1.607850e-008 624.708787 107.050540
10 2.537140e-007 741.442348 53.506137
3 1.105970e-007 745.179830 50.689742
7 5.907500e-007 560.559258 103.286573
9 1.745530e-008 483.008355 118.360974
6 7.838080e-008 481.304240 118.692221
8 1.063550e-007 434.071102 126.090773
7 6.752010e-008 451.386095 125.271014
6 6.453390e-008 535.487884 80.553319
9 2.318430e-007 609.635708 41.128237
8 2.977880e-008 452.023877 142.970267
7 5.622740e-008 620.979935 148.869975
6 1.548350e-006 617.499772 239.144384
3 2.781000e-008 611.192594 299.153326
5 2.574970e-007 417.614647 620.745093
4 4.888770e-008 191.242790 813.970539
5 5.915340e-008 346.425668 808.512606
4 2.323000e-007 162.512788 819.167195
5 1.925050e-007 292.332952 728.896377
4 8.585420e-008 268.062513 804.424670
5 6.224340e-008 448.973073 648.949539
5 7.718060e-008 411.438057 525.007000
6 5.581790e-008 425.779201 248.462022
2 6.593990e-008 428.060762 183.124975
8 1.277740e-007 444.263126 107.652226
7 1.774400e-007 529.239005 69.818394
9 2.598850e-007 593.193366 41.343978
6 9.685280e-007 602.769566 271.202949
3 4.689810e-008 596.618551 341.508616
5 3.585620e-008 583.195264 757.746469
5 9.400780e-008 477.817567 584.514303
5 3.551110e-008 471.966195 778.155657
5 3.092400e-008 582.801941 688.200271
3 4.705220e-008 810.294455 356.420991
6 1.239550e-007 683.303163 325.209132
6 2.015840e-007 555.534979 296.382269
7 4.305560e-008 507.407041 148.439367
9 4.256420e-008 506.644965 146.226140
2 8.425450e-008 375.916160 247.433280
6 4.770190e-008 530.599448 371.634299
5 5.633470e-008 286.100912 523.496962
5 2.171620e-007 346.952701 612.784584
5 1.825340e-007 401.261056 590.281786
5 2.323270e-008 501.956437 495.167745
3 1.815850e-007 843.539944 246.722631
6 2.369570e-008 752.653193 400.467485
3 6.110890e-008 816.245742 351.041461
6 7.038890e-008 490.372335 279.705880
2 1.319310e-007 332.759371 282.456759
11 1.772020e-008 240.059094 106.416139
8 2.677400e-007 237.235444 96.568866
2 8.859020e-008 238.472601 275.773728
11 4.381320e-007 127.305774 80.679927
2 3.552760e-008 233.420516 56.224706
8 5.142990e-007 288.254360 48.518309
11 3.915370e-008 62.410053 163.628365
2 1.815440e-007 197.395965 152.866283
8 1.062920e-007 227.362851 146.722382
2 5.500000e-008 127.629041 304.794870
11 1.447220e-007 240.713000 137.970041
8 5.629940e-008 240.713000 128.521558
2 2.365700e-008 155.484167 48.234800
11 2.786490e-007 243.179253 101.056302
8 2.435040e-007 243.345915 110.602767
2 2.741320e-007 185.910203 206.699518
11 2.078190e-007 182.724788 132.390057
8 3.311750e-008 180.279357 141.516599
2 1.266700e-007 147.106789 218.182248
11 1.849160e-008 42.088078 142.385849
2 1.171170e-007 200.539318 78.367057
8 7.403910e-008 200.701340 128.896562
2 1.991520e-006 254.240264 206.345587
11 1.608780e-007 195.995934 170.885261
2 3.705340e-008 145.243127 113.999003
8 7.458760e-008 113.778131 59.499953
11 1.141280e-007 108.251028 49.926715
11 4.527250e-006 188.606727 64.891689
2 6.798460e-008 207.402851 98.221552
8 1.089380e-007 200.839068 106.327179
2 1.204260e-007 165.568773 157.565678
11 3.245550e-007 150.285370 118.342051
8 2.276610e-008 133.285663 108.127597
2 4.285610e-008 71.326256 181.223593
11 3.743560e-008 38.265337 204.373165
2 1.638480e-007 212.404886 267.999253
11 1.906960e-007 141.245178 140.265141
8 2.466830e-007 199.311936 34.227501
2 1.013560e-008 111.031103 75.393397
11 4.166610e-006 181.928304 46.825008
2 8.454160e-008 186.889652 223.792137
8 1.581870e-007 231.261747 81.822931
11 1.101550e-006 229.025240 81.549569
2 8.227620e-008 224.277337 258.949816
11 2.582480e-007 115.903996 28.700602
2 9.526600e-008 135.607517 231.455700
11 4.808590e-008 127.257952 188.500916
2 9.297680e-007 264.151588 129.843406
11 3.728260e-007 283.697773 93.082388
8 8.076880e-007 293.104467 75.390975
2 1.518780e-007 343.808440 275.554546
6 3.889140e-008 440.524575 291.634085
6 3.132210e-007 519.189917 232.673389
2 1.748880e-007 371.676138 122.006513
8 2.769370e-007 366.680752 147.705509
6 9.820130e-008 514.442468 233.819383
7 5.697860e-008 479.001615 199.492278
8 2.752870e-007 391.751195 115.235361
2 3.314820e-008 396.536814 104.081406
6 1.346770e-007 574.153314 341.832912
2 6.980250e-008 410.867370 269.262125
7 5.020710e-008 524.649629 258.244989
6 2.421320e-007 534.193538 274.775550
5 3.392690e-008 523.641867 597.066765
6 3.946490e-007 652.961421 253.584333
3 1.398290e-007 642.913480 231.243277
6 8.156510e-008 468.527232 299.136030
8 1.542020e-007 443.460237 73.771114
2 5.982680e-008 441.588078 63.153430
7 1.561990e-007 514.634195 65.383667
9 3.706140e-007 654.321133 90.448986
10 1.882870e-007 751.807665 111.170420
6 4.603140e-008 777.657432 116.664967
3 3.787190e-007 836.110542 129.089578
7 1.833750e-007 710.103834 37.639021
9 4.756350e-008 842.106083 133.543578
10 2.521290e-007 781.105072 81.513524
3 8.532120e-008 715.723317 26.652008
6 6.751600e-008 680.516779 100.706165
9 1.155700e-006 666.649974 98.261072
7 2.587240e-007 604.783100 124.162924
10 6.662710e-008 601.485709 127.347194
5 1.759870e-006 368.084405 639.716291
5 6.570810e-008 351.640246 542.420926
5 7.869880e-008 302.650364 558.043534
5 1.255980e-007 313.597591 680.585399
5 2.370510e-008 478.072840 625.436985
5 7.300620e-008 533.851785 701.696526
5 4.413110e-008 527.917116 627.578136
4 3.691930e-008 132.708080 927.433526
5 8.017700e-008 341.430095 815.315490
5 3.949410e-008 268.775731 787.552829
4 1.021190e-007 243.869723 913.433133
4 1.476930e-007 133.826810 869.343996
5 1.740680e-007 316.760625 669.903690
4 8.304350e-008 169.493342 787.191089
4 2.626480e-008 241.135513 733.325442
5 5.104570e-008 204.587296 732.506855
4 1.294280e-007 158.427334 773.942679
4 1.254110e-007 136.416354 732.412632
5 2.942110e-008 207.663841 790.090794
4 1.275690e-007 116.954408 944.060804
5 1.243590e-007 415.630750 707.713386
5 1.119400e-007 361.588959 534.312440
5 7.682720e-008 461.497662 554.216475
6 1.850650e-007 495.511814 246.822145
7 3.894650e-008 461.881971 168.064555
2 3.472610e-007 335.392263 209.163753
8 1.135420e-007 330.613591 210.716445
2 1.020700e-007 144.220744 130.754639
11 1.178180e-007 141.439656 125.937664
2 3.444970e-006 269.128349 160.365261
11 6.177600e-008 274.267606 162.338035
8 6.397160e-008 293.457745 167.791735
11 5.965410e-008 80.606476 101.616481
2 5.747310e-008 111.292414 224.691318
8 7.673140e-008 232.818266 178.414345
2 7.024880e-008 169.310694 162.272751
11 1.606800e-007 183.298270 110.070245
8 2.779450e-008 150.714294 124.784142
2 9.647660e-008 146.784568 128.448678
11 4.758990e-008 96.012788 175.794220
2 1.232420e-007 154.197181 184.503954
11 1.273690e-007 162.406009 117.646426
8 6.653810e-008 201.592568 111.943671
2 3.235250e-008 96.351872 206.720050
11 1.143090e-007 99.912498 156.842601
8 1.916840e-007 283.379684 142.792775
2 2.684740e-008 124.830293 255.589052
11 9.967170e-008 230.811059 202.466857
8 6.440330e-008 196.399625 203.420086
2 9.485120e-008 203.674964 352.696920
6 8.982820e-008 597.668573 361.004283
2 2.430660e-007 360.176474 204.163863
8 4.946330e-008 402.362969 136.043567
7 8.137440e-008 473.035714 53.421418
6 6.549640e-008 471.828915 122.558139
9 2.754020e-007 621.433096 76.694460
10 9.447140e-008 700.863950 99.471027
3 4.377070e-007 777.759611 121.520634
7 4.049690e-008 801.399477 131.869640
6 9.118980e-008 655.603493 147.193101
9 1.449370e-007 745.714799 4.444519
10 1.061000e-007 691.205466 51.307303
7 1.074750e-007 613.158159 119.152652
6 5.757350e-008 725.435380 88.492358
3 2.573320e-007 780.500229 68.450542
9 1.352620e-007 636.962718 139.915193
7 1.657390e-008 465.951769 92.807418
8 3.221130e-007 407.697669 64.395072
2 2.648380e-008 475.696359 43.233175
6 4.711690e-008 567.559277 15.147935
9 7.074590e-008 552.978368 137.005744
2 1.050000e-007 336.953776 269.528682
6 1.666660e-008 467.246885 329.859180
2 1.096440e-007 400.649084 204.807027
8 4.881270e-008 441.424048 93.097850
7 1.257380e-007 440.343939 97.776268
6 3.591730e-008 443.807689 131.419485
2 2.067010e-008 447.062730 262.949844
2 1.045190e-007 241.879809 299.268171
11 2.294890e-007 139.257413 125.210616
2 1.405940e-007 220.662422 314.095636
6 2.743690e-008 440.592872 143.252330
8 1.596440e-007 450.948415 69.568636
7 9.608420e-008 454.965486 69.621043
9 1.663740e-007 580.757176 87.299934
10 3.887320e-008 586.226511 145.545028
3 6.219350e-008 578.528390 151.559470
6 2.659600e-008 423.031819 285.343204
2 5.727880e-008 388.733619 264.015018
8 5.398180e-008 521.179922 118.045287
7 1.125970e-006 597.213032 75.899113
9 5.401530e-008 611.323582 84.727964
10 6.101290e-008 609.848506 169.251443
6 1.117570e-006 609.140438 209.824492
3 1.057570e-008 608.507420 246.097136
6 1.054730e-006 567.983526 186.068961
7 7.029030e-008 610.643742 129.456820
9 3.197110e-007 654.077557 127.183743
3 1.579820e-007 731.950151 140.914891
10 2.938670e-007 737.329586 141.863438
6 1.933940e-007 587.104314 153.266997
7 3.695100e-008 549.442351 215.946780
6 6.583900e-008 467.184693 299.814582
7 5.675350e-008 444.101726 140.810189
2 7.841310e-008 441.199988 85.441450
8 2.332750e-007 446.271728 93.844518
6 2.284060e-008 524.330514 421.719547
7 1.922250e-007 547.946519 122.300464
9 9.907160e-008 553.611392 84.508658
6 3.045090e-007 521.706557 172.167294
8 8.630420e-008 422.702337 111.482795
7 6.786560e-008 418.590517 114.052137
2 1.826110e-007 358.439617 151.638473
6 1.503980e-007 507.527858 296.090604
6 4.276720e-008 396.868991 90.931912
2 5.035790e-008 396.125993 89.408542
8 1.408490e-007 404.846160 93.957960
7 4.067100e-008 530.819247 163.785663
2 6.450950e-008 432.551714 258.537807
6 1.312400e-007 504.877245 292.263604
7 6.934290e-008 549.023131 212.644323
6 1.832710e-006 568.643928 240.665718
5 8.265930e-008 421.541485 570.613234
6 6.776890e-008 495.219168 412.865695
6 2.394600e-008 460.384178 244.054914
2 4.422120e-008 476.110365 282.978376
2 1.867600e-007 292.766858 289.455945
5 1.152820e-007 482.768794 576.152111
6 1.048200e-007 546.298600 260.957204
9 3.664090e-008 549.461783 140.515527
7 2.202760e-007 536.639225 138.254557
8 1.161860e-007 384.109985 111.359457
2 3.978270e-008 437.863704 120.837758
6 6.596150e-008 626.604552 119.580334
3 2.184920e-008 667.305579 94.147436
10 3.746500e-007 730.537829 54.635427
7 9.890920e-008 762.464399 34.685434
9 1.167930e-007 762.101651 34.738440
6 5.214920e-008 572.304069 317.626227
8 1.758160e-008 468.904172 207.963426
6 9.415730e-008 527.291582 146.739279
7 4.202880e-008 526.974511 145.633522
6 3.089290e-007 528.815839 276.195832
9 1.154830e-007 575.555381 160.166671
7 1.758150e-007 575.175389 162.870436
6 1.835360e-008 407.630021 326.946185
2 9.283640e-008 368.926925 291.568419
8 2.984240e-008 453.096596 245.689599
6 3.775800e-006 578.680914 202.648471
7 2.190570e-007 511.245352 109.592902
8 4.976370e-008 480.680156 103.463357
6 1.498420e-008 413.930305 85.045432
2 5.949930e-008 465.705015 52.322588
7 1.038880e-007 490.782024 46.992312
9 8.274620e-008 601.032885 23.557798
8 7.475100e-008 419.197701 136.539341
6 5.430450e-008 452.975329 328.100892
5 9.625230e-009 569.169930 520.054018
5 6.109700e-008 511.047446 678.257590
5 8.107440e-008 499.258581 636.542476
5 7.921470e-008 300.802242 722.450578
4 6.414090e-007 79.010937 770.166168
4 2.892100e-007 98.931026 859.991010
5 3.202200e-008 305.932836 863.727920
4 9.181370e-008 215.089509 774.571976
5 7.393110e-008 370.191645 752.773766
4 1.198880e-007 152.175940 877.002467
5 1.485900e-007 286.156453 719.118459
4 5.574590e-008 97.784830 677.804804
5 1.137450e-007 291.439586 699.088737
5 2.546290e-008 256.279336 582.833077
5 3.215030e-009 169.051041 562.563964
5 1.155090e-007 361.546757 580.189902
5 1.135010e-007 349.632785 580.853327
5 6.181360e-008 224.317046 602.748537
5 1.683530e-007 363.199626 611.146145
4 1.487870e-007 162.240789 777.690833
4 5.159780e-007 119.094996 775.418532
5 1.509860e-008 248.954247 885.800592
5 5.653550e-008 348.186662 762.364132
4 6.037750e-008 223.682920 768.676460
4 2.997480e-008 270.341422 774.130443
5 3.465300e-008 403.401017 772.980501
5 1.841240e-007 333.775524 603.682840
5 2.041220e-007 435.937359 584.174765
4 2.226300e-007 134.623440 855.968013
4 9.023840e-008 162.148684 696.219878
5 1.672900e-008 294.097463 651.825179
4 8.713780e-008 128.097338 787.485899
4 6.993680e-007 51.946424 754.810537
5 7.715130e-008 360.985917 784.380185
4 1.577240e-008 196.852913 810.740348
4 3.225490e-007 86.135914 895.773692
4 3.335060e-008 287.641698 771.018374
4 7.791440e-007 48.343362 841.769623
4 1.720550e-007 167.635260 869.081064
5 1.234560e-007 286.310451 718.068374
4 5.213340e-008 173.688838 782.678261
5 1.148900e-007 374.168702 784.501579
4 7.993290e-008 162.778381 810.358953
4 8.782090e-008 223.375707 833.359801
5 3.759600e-008 284.178507 685.800585
4 4.600720e-007 85.308041 869.300315
5 4.332560e-007 379.573477 719.086876
5 6.564470e-007 337.937284 659.021781
4 8.575940e-008 63.654049 693.770887
4 7.609530e-008 38.111846 643.078850
5 4.274190e-008 197.404600 727.897066
4 3.477600e-008 108.118537 688.144369
4 3.947420e-007 50.854443 735.130245
5 4.354480e-008 267.703019 641.667728
