10 1.638570e-007 753.014459 568.126185
6 2.021980e-007 647.059610 504.310539
7 9.482570e-008 677.997541 240.480250
6 1.936470e-007 695.694797 400.712007
10 1.335550e-007 663.425266 532.878536
6 2.717570e-008 658.583456 553.850946
7 5.512330e-007 479.401346 277.405641
2 7.106510e-008 595.393796 178.519809
7 2.078860e-007 560.204280 164.610896
6 2.376700e-006 597.165675 404.431294
10 2.360280e-007 653.852000 517.889248
7 8.491270e-008 714.568658 285.109036
6 3.391830e-008 704.193876 524.782871
10 1.638120e-007 708.895536 532.926385
10 2.863940e-007 739.734066 629.153288
10 5.813620e-008 755.111082 654.895174
6 2.037340e-008 819.517425 504.719151
10 2.319140e-008 886.004138 491.795366
10 1.658650e-007 644.102936 673.882496
6 1.033470e-007 520.436068 401.738628
7 2.605540e-008 467.474057 467.141393
10 4.336120e-007 661.581175 581.712324
6 8.455580e-007 619.993664 492.195502
7 8.540470e-007 496.947096 283.906482
2 6.036130e-008 557.795190 192.358266
6 1.244630e-006 586.240690 433.545900
10 1.550400e-007 619.376745 559.617075
6 4.103400e-008 436.156910 473.147387
7 3.660990e-007 477.070975 330.419566
6 1.716730e-007 502.218419 385.621637
7 1.486820e-007 429.687478 199.824934
2 1.743080e-007 512.895770 113.520879
