8 1.698950e-007 678.702276 621.177459
9 1.869010e-006 752.327632 567.862537
8 4.957020e-008 705.487696 463.398743
6 1.268020e-007 675.508339 239.100466
11 3.859460e-008 749.444630 280.083938
9 7.113600e-008 663.258043 533.602869
8 2.965380e-007 643.516862 619.112228
3 2.576390e-007 474.852268 281.360113
5 1.654640e-007 610.604269 169.015284
11 1.871510e-007 619.223582 163.629357
6 7.135050e-007 619.479445 163.469477
10 3.304630e-008 677.064209 127.486647
9 3.648240e-008 653.852000 501.868357
8 3.945130e-008 653.852000 495.589650
6 1.153670e-007 732.960998 270.215340
11 6.036100e-008 798.657369 217.015918
9 1.387470e-007 786.725165 441.627752
8 6.128440e-008 712.551373 539.258480
9 2.051040e-006 816.742593 538.278830
9 3.652100e-007 837.055570 512.963180
8 4.509660e-008 783.825620 629.159589
9 1.057470e-007 704.585400 527.059807
8 2.888430e-008 750.650623 674.141390
9 3.848950e-008 634.389217 775.205871
8 5.948830e-008 637.308887 671.154615
8 1.808890e-007 533.656692 582.131407
9 5.810340e-007 746.986919 575.740332
8 3.218030e-008 487.433801 523.914301
3 1.194760e-007 464.356944 348.912743
6 3.723870e-007 556.424199 167.176491
10 3.285620e-008 557.591178 204.045336
5 4.030920e-009 557.497796 209.394793
11 9.543650e-008 556.981072 238.995884
8 3.456560e-008 609.340429 485.428864
9 3.187100e-008 558.411588 594.815446
3 3.651730e-008 505.111338 261.016697
3 3.271440e-008 491.688424 133.337094
10 3.429200e-007 510.947397 112.684386
11 1.968840e-008 514.860301 110.913845
6 1.253770e-007 514.659790 111.179933
5 3.033170e-008 493.434145 139.347470
3 1.836730e-007 429.569833 334.836324
4 2.512030e-007 170.108321 311.884377
2 5.859280e-008 246.126610 313.211130
3 1.053910e-007 286.040271 237.070606
4 1.129830e-007 39.903977 189.580345
4 7.451160e-008 213.097092 197.686785
3 7.353410e-008 240.642606 190.903275
4 2.109400e-008 92.572124 123.890292
4 9.326770e-008 132.532369 149.614689
4 1.143740e-007 130.346005 172.384499
4 1.751780e-007 200.555253 217.357272
2 1.658800e-007 159.024343 318.549719
4 2.248790e-007 155.409368 309.602369
4 5.526080e-008 177.010407 120.787885
4 5.673610e-007 171.039897 291.659774
2 3.510440e-008 193.260836 293.603873
3 6.595230e-008 337.096951 340.469107
2 6.081750e-008 217.273716 500.910760
4 1.490770e-007 105.612995 397.781756
2 5.292720e-007 121.131958 482.669534
7 1.635520e-007 50.421556 879.055075
7 1.948510e-007 136.399090 926.598154
7 2.863160e-008 245.558190 929.061058
7 2.313650e-007 75.530631 929.567664
7 2.497980e-007 49.002546 902.137867
2 3.067470e-007 151.549153 413.611911
4 2.739600e-008 144.699582 455.972697
2 3.793380e-008 194.311384 559.703628
8 2.165720e-007 533.258377 628.437436
11 3.168810e-008 587.135550 311.189492
6 1.433270e-008 587.094303 311.581939
8 6.589120e-008 609.446171 513.270893
9 1.930820e-007 775.386637 653.631402
8 1.027960e-007 700.287016 636.675082
9 2.613270e-007 814.425774 632.964862
9 4.507040e-008 836.657024 765.483320
9 2.618820e-007 804.818914 482.489943
8 2.176260e-006 616.468784 620.260422
9 1.661840e-007 681.584945 589.519576
8 3.527310e-007 629.183858 566.189181
9 1.615530e-007 655.430295 540.226280
8 2.375750e-007 633.343922 535.127186
8 2.722230e-008 689.861364 778.858158
9 1.246090e-007 722.772757 696.624502
8 6.459170e-008 544.361260 763.917996
2 1.767430e-006 116.653190 432.756152
4 2.970480e-008 163.326020 475.187661
8 2.545550e-008 411.106002 583.584789
8 1.315220e-008 415.519948 684.829089
8 7.546940e-008 515.731460 573.416114
9 1.570390e-007 709.567406 608.726306
8 2.220440e-007 653.008442 661.143218
9 1.324810e-007 706.959555 601.224733
8 1.776480e-008 780.972067 748.906741
9 2.191070e-008 789.242149 753.875903
8 2.053270e-008 472.812596 791.657980
8 8.129120e-006 579.719886 623.232496
8 1.265510e-007 669.925568 587.046548
9 2.321510e-007 728.831625 519.282869
8 1.388220e-008 809.895677 769.360908
8 5.013660e-007 626.093214 628.608530
9 4.682820e-008 705.256196 692.794001
8 1.396800e-008 699.155124 695.638991
3 7.032220e-008 510.653900 267.929020
6 8.597140e-008 546.773268 190.470572
5 2.720090e-008 546.787587 190.439865
11 2.876260e-008 501.363334 190.642092
10 7.606500e-008 491.379377 194.675900
6 1.263180e-006 649.820860 152.742904
5 1.288340e-007 649.853674 152.754848
11 1.994480e-007 657.158251 160.274790
10 5.096960e-008 565.124544 139.027039
3 1.041860e-008 510.741816 275.710590
4 1.173630e-008 144.647753 350.192110
2 5.085130e-008 144.204445 350.184372
3 4.799440e-007 306.835010 255.333995
6 1.899790e-007 542.620689 169.122609
5 4.665580e-008 542.610177 169.088225
11 5.570130e-008 494.987388 105.450662
10 5.892390e-007 487.843166 98.551562
6 6.252830e-008 535.408800 210.916200
5 3.879440e-008 535.394457 210.948415
3 4.850150e-008 498.865224 261.712981
11 2.114980e-008 481.649777 269.377806
3 1.760360e-007 443.986334 333.617390
4 3.498850e-008 389.854936 265.093518
10 1.534630e-008 522.547060 186.218535
6 2.909830e-007 576.780867 160.928791
5 8.249270e-008 576.813141 160.913741
11 1.193010e-006 640.210578 131.350909
3 2.836420e-007 452.580137 199.193947
6 1.091250e-007 523.034057 182.214941
5 2.009260e-008 523.013876 182.188159
10 4.394080e-008 517.107344 174.349878
11 4.420610e-008 483.368748 129.576974
3 1.378280e-007 475.040357 116.049922
3 2.124260e-008 278.710840 336.720295
2 1.106650e-007 142.007974 339.105931
4 2.082220e-007 141.655920 334.128306
3 2.534050e-007 289.382102 229.149081
4 1.187790e-007 239.095115 212.346528
2 6.873400e-008 182.871618 314.501923
4 5.399990e-006 134.208433 239.567478
4 3.318780e-007 104.513334 213.320661
2 1.129880e-007 71.222075 309.084690
4 3.740270e-008 229.242093 176.415036
3 6.823780e-008 314.721012 87.898860
4 3.644900e-008 210.053281 142.782792
3 9.178770e-008 274.733614 259.469408
2 1.076210e-007 104.073043 348.725563
4 2.456630e-008 201.329025 199.398626
3 4.596140e-008 238.277756 332.191608
4 2.072990e-008 307.653972 347.668066
3 7.395960e-008 380.684526 173.316328
10 3.342580e-008 449.670488 244.753506
5 8.808710e-008 499.983433 176.006381
6 1.007690e-007 507.546701 110.663625
11 2.675830e-007 597.165466 116.930242
