10 3.207200e-008 781.958000 531.419000
6 2.588090e-007 676.883987 622.758066
8 8.533750e-008 765.496338 572.917527
10 8.665910e-007 683.669330 541.507103
11 4.400440e-007 708.701657 294.608232
5 3.226650e-006 670.745846 236.460578
10 7.558550e-008 663.935634 404.022919
11 2.265210e-007 725.012921 338.526215
5 5.196340e-008 787.437790 271.584423
6 6.664500e-007 644.131399 616.450346
10 2.160660e-007 636.454519 635.433331
5 1.029010e-007 540.563690 224.237790
11 1.243290e-007 601.876463 174.469003
7 5.357140e-007 741.187628 87.418026
5 1.543270e-007 565.118031 258.369458
11 3.334840e-008 569.135410 335.024482
10 6.965850e-008 634.164661 491.595504
6 2.437330e-008 653.852000 513.599047
5 1.097810e-007 724.608441 276.979049
11 8.102680e-008 786.768850 226.642970
7 7.944910e-008 842.794443 279.656313
10 1.212150e-007 692.292939 504.169842
8 2.802700e-008 776.097409 649.323450
6 3.537890e-008 780.061593 656.189619
10 9.743900e-008 739.891592 605.084109
8 1.277540e-006 872.769040 667.300880
10 1.156740e-007 778.938027 613.625702
6 7.445380e-008 797.473794 616.870770
8 2.211110e-007 854.630266 565.407063
10 9.900710e-009 837.793567 501.166608
8 6.114820e-008 792.605421 634.255523
6 8.504970e-008 724.528393 696.849094
6 2.729860e-007 650.588043 699.892550
10 1.074950e-007 544.020326 637.200251
6 1.323090e-007 581.666442 586.331565
10 9.900620e-008 628.456771 584.028546
8 4.156660e-008 760.432705 554.723324
11 5.547990e-008 557.494342 209.592691
5 1.628440e-007 557.413662 214.214522
10 1.173850e-007 605.941252 477.794173
6 8.322120e-008 587.644532 577.937740
11 7.205150e-008 506.098922 341.266014
5 3.120040e-008 505.696054 345.870942
2 6.132390e-007 238.656276 307.970107
9 1.138170e-007 214.358899 177.381663
4 1.059330e-007 138.082737 182.715239
2 8.700500e-008 130.215381 183.265361
9 1.278300e-007 42.852126 182.448729
4 1.557200e-007 107.491469 193.999182
2 1.055830e-007 201.581641 197.284681
9 4.065330e-008 71.159022 231.141823
4 1.244660e-007 71.225791 244.951467
2 6.727230e-008 59.320500 245.512585
9 1.575480e-007 59.320500 78.735329
4 1.085610e-007 59.320500 66.621128
4 1.149830e-007 171.262285 123.580740
9 4.915020e-007 174.591886 123.813561
4 1.029610e-007 156.474545 212.343828
9 9.585830e-008 156.726993 215.953852
2 2.590170e-007 163.103408 272.882221
4 4.430690e-008 132.601864 284.006555
9 2.924170e-008 134.358586 287.049280
2 7.048870e-007 157.752673 327.568914
9 3.347650e-007 135.253395 46.171277
4 1.874770e-007 57.858381 75.880384
2 6.079010e-008 143.379787 128.552119
9 3.077850e-007 118.328675 143.066403
4 5.973160e-008 195.172522 134.989765
2 5.145090e-007 191.971520 293.491071
3 7.530580e-008 178.498637 573.836100
2 1.170830e-007 183.394405 410.101249
3 2.198440e-008 196.094719 547.833491
2 6.490830e-008 151.973488 451.427295
3 2.266520e-008 74.813262 721.140172
3 8.883290e-008 135.089813 662.966749
3 2.530220e-008 238.582368 653.714423
3 2.504380e-007 56.527085 631.842850
3 2.084900e-008 162.310371 769.804281
2 4.450890e-008 179.265891 427.734261
3 3.204960e-008 139.576821 431.871976
2 3.616860e-008 199.883702 528.101534
3 2.570290e-008 186.031130 606.663143
6 2.647810e-007 574.044622 644.915957
10 2.157100e-007 589.354540 582.805765
11 2.636060e-008 597.778621 349.221717
5 2.360190e-008 597.693677 344.356629
10 3.988590e-007 635.744085 562.729782
6 3.015480e-007 683.592162 637.445136
8 1.005560e-007 751.320396 649.387764
10 2.094000e-007 751.194094 619.146502
6 4.213320e-008 835.251828 590.203322
8 2.125660e-007 831.451922 614.055331
10 1.148910e-007 816.884401 577.190134
8 7.817150e-007 921.538785 691.697170
8 1.429000e-008 883.526820 485.551599
10 4.146740e-007 675.508350 529.347729
6 4.829970e-008 675.209167 529.808429
10 3.680300e-006 679.588233 588.630580
6 2.260150e-007 680.100092 588.858475
10 1.416850e-006 649.427068 576.754700
6 2.237000e-007 649.743456 576.285641
6 9.038380e-008 631.998973 756.258764
8 4.401570e-007 877.664148 765.726085
10 1.322570e-007 682.001722 699.735473
6 2.004000e-007 585.384926 744.788429
3 3.337990e-008 145.108689 451.235329
2 7.205020e-008 138.951476 453.999252
3 1.585800e-008 121.277383 727.770313
6 1.138490e-007 550.139865 619.077708
10 2.419820e-007 610.805222 633.350270
8 1.052930e-007 786.885109 681.081728
6 1.935330e-008 689.920810 724.710537
10 7.479150e-008 632.398898 684.032322
8 8.164920e-008 803.832906 571.829985
6 9.691810e-008 710.491180 800.279883
8 1.408640e-007 793.633967 795.225443
10 3.623130e-008 810.034811 661.294420
8 3.466750e-007 806.516039 668.508999
6 6.185280e-008 770.451309 742.452933
6 5.236780e-008 528.513815 751.364811
6 4.086100e-007 584.849472 650.841150
10 1.223680e-007 577.128852 602.095785
6 1.935630e-007 561.942270 617.560084
10 1.034710e-007 597.073676 612.622825
8 1.709280e-007 805.236122 633.129700
6 3.403790e-008 731.198127 711.212961
10 6.420110e-008 714.760419 724.055530
8 8.753120e-008 717.713893 845.773434
6 2.060400e-005 637.153718 660.730810
10 1.709790e-007 635.638626 656.330628
8 1.052800e-006 886.248946 744.297398
8 3.993230e-008 756.556846 696.353695
6 9.822560e-008 757.494344 688.718171
10 4.806480e-008 712.224330 689.544690
11 6.942170e-008 533.827629 218.232661
5 4.200590e-008 526.278863 180.575498
11 1.213120e-007 620.155085 141.945481
5 1.703080e-007 682.579151 166.143694
7 7.230850e-008 675.605549 164.533704
11 2.180190e-008 404.761081 339.017357
2 4.548540e-007 259.763644 352.201271
9 5.649860e-008 263.336702 216.167972
2 1.850990e-008 411.516327 329.906797
5 9.557560e-008 576.186993 278.913027
11 8.066160e-008 571.281128 262.866668
5 2.689260e-008 581.206978 108.051841
2 1.988820e-007 342.691495 383.606956
2 4.406650e-008 327.544841 305.558285
11 1.038830e-007 611.394927 144.787923
5 1.780050e-007 615.856007 142.707678
7 1.569110e-008 606.731700 130.010767
5 1.789990e-008 498.598709 149.787939
11 6.208230e-008 547.186924 268.791079
10 1.167590e-008 473.424137 388.936279
2 1.617670e-007 287.805753 336.561578
4 1.618050e-007 129.366221 158.380365
9 1.617180e-007 128.730455 149.288645
2 5.490850e-008 288.227406 223.208750
4 5.159520e-009 238.942720 213.796466
9 4.868890e-008 237.990054 222.860480
2 4.313680e-008 78.237705 166.283204
4 5.261780e-007 90.597993 161.686411
9 1.552310e-007 98.398313 158.534858
2 2.868480e-008 148.017183 249.824713
4 3.224400e-006 29.351035 150.252024
9 1.481370e-007 22.839209 144.787956
2 1.672970e-007 190.605818 216.424145
9 8.192790e-008 301.777789 101.301985
2 1.118980e-008 192.230768 116.110898
4 3.518000e-008 200.266886 125.127637
9 4.916640e-008 257.074927 227.612237
2 3.773780e-008 166.814863 221.329203
4 7.295960e-008 197.417326 180.995584
9 6.328870e-008 216.980343 273.032073
2 2.402650e-007 284.694906 277.007752
5 3.557800e-008 505.853104 217.771698
11 6.118760e-008 501.415736 186.197853
7 9.027190e-008 634.301028 96.836305
5 1.381010e-007 602.642068 183.254908
11 2.154410e-007 619.660170 209.460389
2 1.184510e-007 304.023579 335.778759
5 2.198350e-008 600.722126 120.015137
11 9.282340e-008 561.087533 228.910939
2 5.971410e-008 379.826079 360.006987
6 6.933930e-008 530.977567 579.935413
10 2.699960e-008 534.030200 589.600967
8 4.206610e-008 739.034104 699.965027
6 2.338810e-007 727.173348 638.946736
10 6.757750e-008 725.217703 628.885812
5 1.533380e-008 765.023536 252.660411
11 2.366610e-007 773.937550 265.390939
10 3.120840e-008 696.224906 468.041667
6 4.989240e-008 755.082126 560.874461
8 7.591600e-008 812.389808 619.589000
6 7.764030e-008 567.881269 674.413387
10 1.182250e-007 624.252062 623.656661
5 8.023760e-008 709.106198 301.139212
11 3.721290e-007 709.238362 300.794913
7 1.633580e-007 776.315053 230.787519
5 6.454360e-008 786.119505 276.913869
11 9.280550e-008 786.202572 277.304669
10 3.873380e-007 670.383382 486.045562
6 2.482830e-007 617.956958 589.437865
10 2.957820e-007 726.744656 579.919947
6 3.434240e-009 397.618260 528.234605
10 3.116920e-007 622.442420 517.700615
11 9.727580e-009 760.724628 337.328003
5 6.910880e-008 805.354384 268.604145
11 3.818210e-007 755.436878 236.902715
5 6.616640e-008 737.191503 315.931231
10 1.074920e-008 745.193733 368.732292
5 7.750540e-009 734.216439 290.625845
11 1.711620e-007 734.164577 290.256835
5 2.758440e-008 841.880496 273.440587
11 4.759380e-008 842.272685 273.516820
7 2.012330e-008 745.425317 214.567840
10 1.238870e-007 699.297238 469.047049
11 7.462370e-008 640.031924 344.017088
5 4.544070e-007 643.064144 283.343934
7 1.138230e-008 815.861000 231.528391
11 1.127620e-007 779.023602 297.292564
5 1.552970e-007 757.661808 231.547381
11 1.184020e-007 763.766593 293.838856
5 4.207780e-008 814.866882 303.771760
11 2.341880e-007 720.071930 332.705703
5 1.019380e-007 715.703587 334.650617
10 4.903630e-007 629.175822 561.359374
6 9.413860e-008 560.613027 576.282452
3 9.661490e-008 113.622596 475.237849
2 7.982830e-008 214.876228 485.384471
3 1.298320e-007 184.959644 523.913329
3 5.509330e-008 150.042634 444.520721
2 4.297910e-008 148.560445 446.718161
3 1.037710e-006 56.766994 513.752574
2 1.317620e-007 209.292043 467.121005
3 1.368620e-008 215.731999 449.511953
2 9.798300e-008 73.765913 434.170414
6 2.160240e-008 410.841028 508.719900
10 2.337820e-007 598.959600 579.367649
8 5.895500e-008 736.561751 569.272562
6 6.377680e-008 709.213515 489.847294
11 6.694230e-008 726.071499 372.747095
5 4.765250e-009 803.615302 324.292364
11 1.997290e-008 828.170158 290.521852
5 1.042000e-007 748.395610 252.247354
7 7.972890e-008 789.230968 232.031537
11 4.980230e-008 809.906169 331.384412
5 3.322770e-007 685.143776 293.773148
10 9.866400e-008 701.637697 471.211228
6 8.357080e-008 720.210573 591.384997
8 8.017210e-008 796.813054 584.173809
10 8.349080e-008 728.600322 484.511100
6 6.309170e-008 508.680364 542.168755
2 4.263490e-008 398.875135 451.763957
10 6.506830e-009 446.745895 459.436134
6 2.477320e-007 579.348609 655.925222
10 6.599910e-008 510.676994 629.608365
