7 7.138790e-008 781.958000 531.419000
2 3.841420e-008 781.958000 531.419000
5 1.280750e-007 738.084895 569.557150
7 1.995490e-007 723.273062 582.432827
6 1.406740e-007 634.906875 663.832192
2 7.826670e-007 724.588462 627.598584
5 2.451790e-007 642.987630 507.161771
7 7.802570e-008 658.577078 496.245919
8 9.840180e-008 758.062117 426.585728
9 1.624680e-007 700.747037 284.052038
5 6.332660e-008 845.265696 334.119188
8 2.673780e-007 706.235790 396.018885
9 8.800880e-008 734.027466 328.859399
4 7.644340e-008 757.271777 323.422070
5 6.254090e-007 703.708585 409.140466
6 8.009230e-008 663.246506 533.652842
8 1.224580e-008 661.004318 543.364928
7 2.428220e-007 645.077740 612.351252
2 9.518960e-008 644.940725 612.944735
11 4.690250e-007 453.710591 437.773877
9 3.433040e-008 534.689749 229.343951
9 7.036680e-007 564.722911 250.830236
8 4.399230e-008 565.354510 262.881691
11 3.863330e-008 596.979936 403.993721
5 5.241960e-007 641.564994 509.029607
7 1.335560e-008 653.852000 502.528478
6 6.069570e-008 653.852000 501.886795
2 3.962460e-008 653.852000 420.439363
9 5.689300e-008 730.861864 271.915171
8 1.329680e-007 740.627193 264.007430
4 2.133200e-007 831.136461 241.524833
5 5.994510e-008 861.950942 399.929100
2 2.954480e-007 717.209732 547.326995
7 1.984580e-006 759.312615 620.251333
6 4.807590e-008 759.674905 620.878838
5 4.000670e-008 874.263563 490.763040
2 1.170810e-006 756.193112 633.872897
7 1.910920e-007 839.541372 657.772893
3 3.522530e-008 927.286444 682.933669
5 7.651460e-008 795.652852 584.674781
2 6.421040e-007 755.284547 654.857981
7 9.631510e-008 817.861638 598.513548
6 3.840600e-008 777.438003 512.898611
5 1.567610e-007 788.358076 510.775951
2 4.673540e-008 871.096478 494.693139
7 1.086460e-007 830.468966 585.792652
3 8.540320e-008 652.218253 759.707329
6 2.170770e-008 645.120566 835.942526
3 1.209310e-007 770.518279 892.915605
2 5.280160e-008 651.476386 703.455460
7 8.716950e-008 593.418801 655.179881
6 1.325800e-006 582.615792 651.247895
11 3.913670e-007 505.136672 440.328069
6 1.866790e-007 491.871633 578.475819
7 5.369270e-008 629.930072 583.925525
2 1.436580e-007 630.562736 583.881286
5 1.375850e-007 710.458792 578.294559
6 2.081770e-007 542.439265 508.141549
11 5.275490e-008 503.295301 519.366035
8 2.150630e-008 516.389443 245.748857
9 1.342660e-007 517.861565 242.859664
11 1.100940e-007 555.332067 333.460843
5 1.177930e-007 611.124668 489.436338
6 1.782150e-007 625.420853 521.546159
2 7.778020e-008 618.746240 559.981098
7 5.696920e-008 545.100104 602.500862
11 3.224280e-007 459.521160 459.658032
9 9.912240e-008 505.303892 260.540105
11 4.023430e-008 513.601875 240.001718
8 2.846050e-008 504.006357 365.184821
11 2.441340e-008 496.888004 127.761230
8 4.597680e-008 519.170535 386.567528
9 1.207270e-008 516.419669 384.979308
11 5.172710e-007 436.129614 338.623631
11 6.518760e-008 302.075618 252.555753
11 1.021590e-007 338.743904 364.021345
10 2.928630e-008 260.476792 820.495202
10 4.803150e-006 68.213072 713.827378
10 1.971420e-007 128.320613 688.229636
10 2.240610e-007 108.774036 795.575341
10 1.427340e-007 100.475844 812.630911
10 4.398160e-008 157.277161 885.853259
10 5.197110e-008 187.953657 829.165401
10 1.761030e-007 104.803503 857.115012
10 1.026090e-007 63.550729 891.434294
10 4.162470e-008 236.695036 823.583290
10 1.275840e-007 197.013138 733.469909
10 2.770550e-008 235.098122 827.973495
6 8.045470e-007 508.023162 618.241866
7 4.269460e-008 590.555219 565.635460
2 5.909500e-008 590.599021 565.009058
5 2.610010e-007 597.595517 464.955690
8 1.361350e-007 598.437210 386.942004
9 3.253560e-007 598.379448 383.633706
11 5.972510e-008 596.785185 292.323231
6 1.017910e-007 603.768292 502.592419
2 3.889760e-008 644.370841 578.954254
5 9.372460e-008 644.635797 579.452562
7 5.014540e-007 694.494524 639.367567
3 1.000560e-007 853.564886 667.416698
6 1.180010e-007 704.038852 635.383231
2 2.116400e-007 782.636576 608.320069
7 6.751480e-008 860.678007 581.448452
5 5.595520e-008 860.215655 582.109838
3 2.287080e-008 730.060867 700.250740
2 3.984590e-008 840.873863 601.179436
7 2.763220e-008 911.664963 671.970064
3 2.130840e-006 765.760162 826.211607
7 2.697990e-008 884.976957 513.220936
5 6.169670e-008 875.916755 458.008702
8 3.974820e-008 728.292593 508.840382
2 1.092580e-007 707.725511 515.922281
6 3.392570e-007 651.476847 566.352890
5 2.464690e-008 628.234214 565.766244
7 7.372130e-008 682.045041 589.724450
2 4.242300e-007 681.488609 589.476711
6 2.117490e-008 672.154365 585.320846
7 7.040070e-008 668.412397 548.608057
2 1.093070e-007 668.774066 548.071866
6 8.373210e-008 665.884685 542.639891
5 2.524960e-007 613.196031 530.475631
11 5.048740e-009 472.826168 577.056803
7 9.777900e-008 662.953357 768.765076
6 6.566280e-008 673.664739 773.092730
2 1.177270e-007 729.267928 776.102662
3 3.475770e-007 762.788985 773.758708
7 2.500100e-008 555.715001 758.623682
6 8.632870e-008 545.498067 763.387897
6 1.074800e-007 455.320767 609.112205
6 7.769240e-008 417.298443 633.903781
10 1.349520e-007 180.560780 776.680491
10 1.377540e-007 185.897338 781.537589
10 1.652460e-006 93.492027 728.589342
11 8.206240e-008 475.990349 520.677764
6 4.731940e-008 485.005939 532.641883
2 8.519430e-008 627.249965 629.250171
7 2.134260e-007 660.546588 620.948462
5 5.900890e-008 775.388290 640.987567
3 4.628520e-007 818.633548 791.801650
2 3.029150e-007 655.774295 658.071442
6 1.434940e-007 663.104631 649.930320
7 2.606010e-007 669.951210 642.326461
5 1.592380e-007 779.066258 537.741389
3 2.744730e-007 875.336950 818.320446
7 7.602640e-008 706.671003 798.736430
3 2.694770e-007 765.483676 822.498310
2 1.239150e-007 749.351426 749.369403
3 3.951110e-007 869.570635 750.981649
7 7.912280e-008 833.389871 645.905305
2 4.762500e-008 774.182354 734.803128
3 6.042930e-008 632.100560 801.887533
6 5.732840e-008 491.301985 733.215356
7 7.459890e-008 586.274239 659.836647
6 1.462840e-005 578.373683 609.955221
2 8.260100e-008 576.818219 600.134551
6 1.781990e-006 604.229632 611.617149
2 9.384860e-008 614.386901 610.189678
7 1.472640e-007 686.217823 568.304449
5 6.029810e-007 739.702676 506.777153
3 8.450640e-008 710.554804 727.341321
6 7.090710e-008 696.174177 738.576719
2 5.987510e-008 687.761595 745.149360
7 4.970290e-008 647.922766 783.531878
3 1.013780e-006 764.779996 866.641941
7 7.570750e-008 667.317702 748.334043
6 6.173500e-008 640.030486 669.085614
2 8.410930e-008 636.657064 659.288411
5 1.512600e-008 657.956320 684.500184
3 3.159070e-007 779.258690 757.434183
7 4.165240e-008 889.561284 743.890693
3 5.173240e-007 772.123467 909.646517
7 2.250780e-007 756.976374 692.936822
2 9.818740e-008 757.678369 687.219367
3 1.164700e-007 746.879920 673.384443
6 8.399950e-008 725.067803 683.555651
11 1.586840e-007 486.091709 400.628800
9 7.636380e-008 484.783163 323.409146
8 2.534570e-008 520.377148 247.077388
9 4.648220e-008 667.213639 159.073337
8 2.251350e-008 555.269524 136.751818
11 2.124930e-007 458.641514 331.444945
11 1.926930e-007 382.806504 323.738983
9 2.097120e-007 549.313863 346.825969
8 2.400500e-007 587.541405 316.051632
5 4.735650e-008 574.567893 273.617190
9 3.079170e-007 547.408666 183.964068
11 1.964510e-007 428.582521 293.004913
8 4.045640e-008 441.621753 333.368861
9 7.667200e-008 438.462731 333.036832
11 5.579150e-007 436.482305 332.828680
9 3.447030e-008 542.070041 144.939257
11 5.061890e-007 405.953848 327.299488
9 3.211230e-007 548.184583 240.224694
11 6.679930e-008 545.240429 324.525928
8 9.060990e-008 544.347109 350.104764
11 6.623860e-008 324.974388 305.207235
9 7.169790e-008 512.781484 267.070205
9 1.455000e-007 620.905290 211.377699
8 9.432880e-009 597.921541 168.202565
11 9.356560e-008 319.917673 345.328919
11 3.589840e-008 396.821146 186.023901
9 9.440200e-008 542.333682 280.437030
8 5.748360e-008 539.874147 287.194586
11 6.294030e-007 393.690001 342.112220
5 7.327780e-008 534.440002 513.864968
6 2.140650e-006 534.807384 591.736265
2 2.416180e-008 590.250787 744.066040
7 5.708050e-008 633.581787 807.536791
3 9.081670e-008 694.232183 856.650763
6 7.321170e-008 724.790511 626.688103
2 9.888560e-007 713.457115 568.382844
5 7.740090e-008 707.158628 535.979944
7 8.517180e-008 698.103519 489.395450
8 3.492300e-008 810.741960 418.777293
4 8.482620e-008 765.881275 247.889156
9 2.951700e-008 766.519590 254.796997
5 5.857620e-008 844.449626 395.747339
8 7.267250e-008 772.163391 431.003838
2 6.236780e-008 673.349595 489.825070
7 4.645730e-008 729.360874 538.515196
3 1.553990e-007 722.642746 757.786952
6 9.150640e-008 500.896150 734.727341
2 5.787720e-008 633.327670 615.484908
7 2.007920e-007 640.443924 609.077374
5 2.695000e-007 653.547205 540.288459
9 4.833800e-008 681.142122 373.988173
8 4.303560e-007 685.422299 362.837921
4 3.008090e-008 746.728000 256.800506
5 4.655010e-008 751.264370 363.669396
9 7.355830e-008 768.725061 197.538440
8 3.700210e-008 771.233933 206.882708
2 1.082540e-007 632.597586 502.398538
5 6.563170e-008 616.619668 500.152998
6 1.376680e-007 581.030497 495.151288
11 5.738800e-008 436.799125 477.409643
7 1.528030e-007 728.128509 579.798873
2 4.014560e-007 783.376557 574.965180
5 5.065610e-008 796.942546 573.712415
6 2.478830e-007 629.414457 576.636583
11 5.399920e-008 401.095654 529.101609
7 3.113970e-008 623.362660 516.564216
2 4.884920e-008 679.924559 446.716217
5 1.944050e-006 680.269342 446.290446
6 1.563320e-007 683.249636 442.610096
8 1.286650e-007 712.889083 406.008495
9 5.388750e-008 714.971390 403.437065
4 3.152420e-007 840.012986 215.234529
5 5.631850e-008 767.113286 297.705432
8 4.278300e-008 765.340585 246.939835
9 6.718760e-008 765.227424 243.699185
4 2.037250e-007 881.602366 276.088903
8 1.488710e-008 752.723838 422.311049
5 4.057840e-007 748.381346 391.413029
9 2.267450e-007 729.597149 257.758338
4 5.350260e-008 843.024226 360.926237
8 6.842350e-008 710.708512 250.463484
5 1.711700e-008 788.360092 263.037427
4 1.876400e-007 797.218871 225.635795
9 4.943740e-008 772.917545 266.273217
8 6.183730e-008 813.264479 342.154788
5 3.284950e-008 797.216503 402.999437
2 4.743020e-008 650.373198 428.241980
6 2.921660e-008 649.726186 422.972370
9 7.926950e-007 672.834686 269.461627
8 5.538250e-008 747.608051 234.594045
4 5.412090e-008 815.861000 273.135576
5 4.313060e-008 805.626711 379.168936
9 8.741040e-008 800.269995 279.215671
8 2.562190e-008 801.327737 280.726292
4 5.214850e-008 739.973039 309.831959
5 5.344870e-008 680.947985 277.740528
8 4.309300e-007 734.401907 369.911505
9 1.150370e-007 699.554253 379.819934
4 8.136530e-008 840.956570 284.443044
5 1.578160e-008 843.823507 282.509274
8 9.338500e-008 644.344630 489.994720
7 3.656940e-008 604.279284 567.794610
2 6.055290e-008 583.897940 571.756333
6 9.726550e-007 578.918911 572.724156
10 2.106120e-008 231.673538 565.115337
10 3.142380e-008 133.820689 517.931068
10 1.028050e-007 138.733642 595.360470
6 1.356800e-007 442.987721 598.112895
11 9.398200e-008 371.627255 451.727685
6 5.870190e-008 673.416983 587.193271
7 2.899700e-008 677.934666 587.668088
2 8.103440e-007 730.243148 593.165816
5 9.017760e-008 741.120703 594.309069
8 1.053120e-007 692.184898 440.392460
9 1.852010e-007 695.929305 391.582022
4 1.410280e-007 838.520138 301.906811
5 2.723300e-007 710.446706 378.860560
8 5.590070e-008 803.756875 305.370786
9 6.360460e-008 838.856764 278.921432
5 3.554590e-008 748.418728 252.176203
4 1.473620e-007 789.252190 232.050646
8 8.209760e-009 860.336042 296.054712
2 3.989430e-008 755.303911 385.986291
9 5.455640e-008 811.506222 329.784370
5 2.321840e-008 813.294909 327.995696
4 1.573130e-007 868.584698 272.706291
8 3.368470e-007 712.051965 290.469299
5 1.930270e-006 741.407104 447.315381
2 1.188930e-007 695.094262 475.142916
6 5.920770e-008 667.773591 526.630342
7 4.249070e-007 720.736399 592.034341
5 4.423230e-007 771.262908 471.467851
8 6.427730e-008 706.632577 491.227308
2 4.361310e-008 706.505473 491.266167
6 8.798990e-008 546.888084 533.347709
11 1.859030e-007 518.366880 424.955270
9 5.079790e-008 528.919147 377.593553
11 3.454540e-007 432.060298 441.301024
6 5.167620e-008 432.018062 441.248867
7 2.024580e-008 524.549303 634.933406
2 4.419320e-008 508.647568 628.829347
6 6.237160e-007 488.225594 620.990143
10 1.842130e-006 78.147654 705.095773
10 9.762630e-008 178.940419 789.556106
10 1.003650e-007 133.214017 675.773571
10 8.887050e-008 180.180831 708.008003
10 4.783720e-008 174.791486 792.182154
10 1.750360e-007 120.827076 657.379845
10 3.288390e-007 139.999606 759.305305
10 3.738140e-008 128.655778 685.466179
10 3.937730e-007 62.085907 802.041382
10 1.645020e-008 73.707986 946.699488
10 1.109670e-007 99.631466 870.511120
10 1.074140e-007 198.323766 790.764656
10 5.399210e-008 263.029095 770.872789
6 2.825960e-008 366.510952 726.620736
10 5.667820e-007 130.395064 733.641042
11 8.742100e-008 450.074760 529.345978
6 1.209550e-007 460.754150 527.462910
8 3.409950e-008 559.535292 536.445591
5 9.653410e-008 558.940678 536.788892
2 3.965380e-008 554.746392 539.210469
9 3.686900e-008 551.900794 540.853378
6 8.947980e-008 574.971076 478.254280
7 3.665410e-008 619.733866 591.465943
2 1.810110e-007 651.031469 570.355426
5 1.361650e-007 709.195860 543.203489
3 1.593370e-007 731.191598 727.487984
6 6.095620e-008 699.099800 562.389260
7 3.287680e-008 622.800098 521.207519
2 2.300040e-008 584.767332 518.547989
5 1.135750e-008 504.080180 512.905753
11 2.939560e-008 440.438102 582.422507
10 5.555100e-008 235.832839 864.698996
10 1.536010e-007 84.889037 834.076355
10 2.869440e-008 203.061479 876.514314
10 4.276970e-008 249.789826 745.145097
10 5.958030e-008 207.612766 796.612820
10 2.156220e-007 139.017634 741.088681
10 1.388550e-006 84.257999 723.330304
10 9.778320e-008 140.832910 850.503574
10 3.685360e-008 218.297856 775.244083
10 1.714750e-007 151.195423 742.217111
10 3.165160e-007 154.897957 784.931300
10 1.517720e-007 158.176594 804.273483
10 4.898670e-008 160.604398 823.922470
10 9.042960e-008 147.000034 732.194502
6 1.737830e-007 446.153550 582.898277
11 5.550400e-007 444.095224 413.900263
11 3.648570e-007 366.915829 371.680791
9 1.838100e-007 543.837169 231.734547
8 1.658320e-008 505.424073 258.002208
11 1.107910e-007 478.566121 262.737975
9 1.020910e-007 465.813139 248.668012
11 8.449190e-009 483.246233 216.371020
8 8.010780e-008 617.310011 310.243316
5 2.032950e-008 576.270295 273.099227
11 8.614920e-007 470.442439 371.162966
9 4.085650e-008 437.128021 317.848993
11 8.188870e-008 321.570858 374.335611
9 1.247130e-007 462.552546 350.974617
11 2.562710e-007 469.642875 274.630039
6 3.105130e-007 522.040480 528.960150
2 2.962710e-007 685.631310 569.352072
5 6.725870e-008 702.488340 571.123813
7 2.526130e-007 771.863433 578.415410
2 8.538290e-007 711.076407 629.877110
6 7.923560e-008 711.066421 629.914380
5 5.422130e-008 710.937419 630.395822
7 2.901170e-007 689.929675 708.797914
3 6.980590e-008 639.033784 761.406223
2 3.039030e-007 666.967306 621.527238
6 2.053130e-007 667.004711 621.517912
7 3.254570e-007 746.244997 601.761312
5 1.366800e-007 775.945423 576.172271
8 4.080850e-008 649.144955 517.043997
2 5.904880e-008 646.900226 733.610426
6 7.200830e-008 646.929530 733.629456
7 1.112690e-007 705.881469 771.913167
3 4.591210e-007 745.803018 797.838438
3 1.931040e-007 673.510053 809.563628
2 1.384060e-008 629.143516 779.638006
7 5.705380e-008 622.922806 790.420814
3 9.969530e-008 790.108125 679.145156
2 1.554660e-007 823.528084 621.260112
7 1.941940e-007 833.204812 604.499534
6 9.893290e-008 667.150394 683.694793
6 4.879220e-008 542.077429 715.465521
2 4.677290e-008 579.951644 616.626766
5 4.770490e-007 635.821771 484.787161
7 4.793130e-008 621.585434 511.561825
9 1.729490e-008 597.610441 556.652244
8 1.038230e-008 589.304930 572.272642
6 1.388770e-007 669.544705 653.160572
2 2.088560e-007 763.062211 666.922447
7 1.698460e-008 888.477925 788.034939
3 2.444490e-007 859.858940 765.477727
2 1.216290e-008 919.647630 657.857093
7 8.753910e-008 770.262466 720.165532
3 5.164560e-008 730.119820 755.855562
3 2.795370e-008 701.344405 945.889411
7 3.551290e-007 706.006358 696.629188
6 5.134940e-008 758.309306 657.216174
2 2.910850e-007 766.230776 651.246931
3 1.042090e-007 768.614792 649.450450
7 3.464800e-008 597.459704 753.192348
6 3.386560e-008 548.692233 820.315250
3 2.583540e-007 733.351047 846.413972
2 4.846050e-008 790.075025 730.112539
7 1.078750e-007 800.952325 707.810761
6 1.711860e-007 651.471368 661.376328
2 2.604400e-007 823.904256 619.590278
7 1.670970e-007 850.486291 617.731458
5 1.601380e-007 764.153897 477.533232
8 7.325820e-008 758.494455 494.634939
3 1.036030e-007 764.822395 724.975874
2 1.246630e-007 746.593026 752.002173
7 1.556840e-007 724.152232 785.272201
3 1.305110e-007 701.198000 751.904505
7 2.017740e-007 701.198000 673.925450
2 7.856390e-007 701.198000 662.352391
6 9.775600e-008 717.640250 611.387050
5 5.205080e-008 797.725144 626.953979
2 7.210110e-008 618.243140 499.286799
7 1.922030e-008 615.026663 495.714532
8 5.376920e-008 578.137800 454.745221
6 2.255310e-008 570.724906 446.512352
9 2.064060e-007 525.905412 395.521773
11 1.128020e-007 524.517300 393.924932
5 5.381390e-008 517.133892 385.431292
9 1.529470e-007 548.890065 178.535780
8 1.882690e-008 544.949206 172.693225
11 6.433510e-007 444.227768 313.076394
9 1.406110e-007 568.774086 229.033802
8 6.071050e-008 575.937910 228.407036
11 8.489030e-008 407.344359 178.834990
9 9.010100e-008 546.354369 472.672291
8 2.236950e-008 545.974229 479.925438
5 1.014040e-007 543.441265 528.254825
6 2.252810e-007 543.477267 532.960826
2 9.020480e-008 600.911074 618.109624
7 1.406500e-007 651.954843 693.784836
5 2.704420e-008 685.281450 608.414102
6 1.071330e-007 690.205804 608.500066
2 8.570360e-008 634.939794 636.763700
7 4.746490e-008 549.163737 667.983575
3 7.694310e-008 713.059560 799.061396
7 7.780370e-008 786.081411 773.918137
2 5.247660e-008 834.876999 763.429877
3 1.830270e-008 683.438243 657.913948
6 1.699400e-007 665.738017 611.803091
7 1.237400e-007 656.567965 587.914192
5 1.547770e-007 637.332326 537.803431
2 7.911940e-008 628.121552 513.808445
9 7.767900e-008 612.157438 371.765711
11 5.646910e-008 612.019965 369.799838
8 3.112300e-007 611.680867 364.950719
11 2.968220e-008 246.357883 238.588984
11 7.712430e-007 395.041170 395.291810
11 3.193820e-008 285.264908 272.479450
11 2.073380e-007 357.241294 374.301938
6 8.999230e-008 444.557509 570.576107
11 5.185850e-008 448.519272 499.168345
6 1.823270e-007 483.581459 721.368845
2 6.763510e-008 648.500481 699.448554
7 8.872540e-008 589.427213 638.276299
6 1.216330e-006 574.981782 623.317593
11 1.494520e-007 511.154863 417.832665
8 6.009730e-008 512.252039 354.975378
9 5.502800e-008 454.619461 319.041174
9 1.312460e-006 565.411147 324.956466
8 4.030470e-008 559.440381 328.833903
11 2.442450e-007 485.174211 377.062615
6 2.617430e-007 550.809465 544.301586
5 7.709250e-008 690.477000 588.635980
2 7.605360e-007 700.503645 590.767188
7 4.217440e-007 705.160360 591.756994
3 1.868860e-007 703.507817 777.481125
6 7.693060e-008 705.200955 778.756995
3 1.266330e-006 838.991021 813.712767
2 7.541860e-008 712.401886 802.313362
7 3.946390e-008 707.928295 803.941621
6 1.676810e-007 596.216429 717.375823
11 6.429010e-008 379.439011 540.919240
6 1.437300e-007 499.688188 661.938538
5 8.018660e-008 579.728047 454.467012
8 6.403330e-008 574.723956 440.718511
2 1.897870e-008 569.459312 426.254151
9 3.696410e-007 549.241726 370.707300
11 1.184860e-007 515.353754 277.919511
9 1.136070e-007 532.500890 167.005213
11 1.793950e-007 424.341429 279.134791
11 1.374460e-007 453.987390 497.122408
6 1.591630e-007 584.310093 518.381546
5 2.609430e-007 671.240306 522.937269
7 2.840010e-007 741.728264 571.181456
2 5.849690e-007 742.256592 571.565306
5 3.452570e-008 811.071798 632.072042
7 8.151800e-007 762.921032 625.865138
2 6.227740e-007 762.404927 625.529974
6 9.504000e-008 693.338087 580.677225
10 3.865860e-008 259.392196 757.047955
10 3.213060e-008 270.271630 748.433880
10 6.768300e-008 190.612992 683.134420
6 1.393960e-007 439.909116 553.778313
11 5.369460e-008 378.144420 556.583157
6 3.464350e-008 372.090540 602.425160
11 2.420840e-008 492.934351 567.304096
2 2.554440e-008 540.626250 733.626596
6 8.074450e-007 546.457064 653.303975
7 4.293180e-008 574.756129 720.945417
2 6.799920e-007 697.418272 633.173493
6 6.560310e-008 751.196378 561.110982
5 6.254070e-008 775.338577 515.706521
8 1.376510e-008 810.359594 480.116624
7 3.689090e-007 787.141989 580.681509
2 8.038700e-008 786.795949 765.123688
3 1.164220e-006 791.325855 808.222815
6 4.675020e-008 618.910831 762.509254
7 2.036900e-008 651.293295 846.867846
3 4.433610e-007 715.413992 837.948986
7 1.016900e-007 739.672573 753.350274
2 5.675570e-008 756.285276 746.438800
3 3.938720e-008 774.541746 709.107908
7 5.285970e-007 692.114532 683.907473
6 4.216100e-007 624.739473 663.308927
2 4.651420e-008 615.920934 660.776548
5 2.468070e-007 767.830935 549.287063
7 8.465560e-008 783.067112 538.217355
2 3.906260e-008 860.214271 482.166776
6 3.337180e-007 607.452332 549.099045
2 2.175200e-008 577.641878 757.341849
3 7.387090e-007 744.202485 835.282686
7 1.315430e-007 765.601203 738.495259
6 1.700300e-008 758.665772 736.214671
2 3.276090e-008 773.898840 797.310658
3 1.038990e-007 674.077251 874.186701
6 1.725850e-007 589.394374 710.812701
7 6.639570e-008 705.607187 811.835507
3 9.221650e-008 639.539757 752.343409
2 6.692450e-008 585.599695 703.775464
6 2.384630e-008 759.273152 693.461488
7 1.628520e-007 683.834112 557.366645
5 7.750240e-007 694.464669 510.910203
8 1.132520e-008 765.892118 471.317308
2 7.395370e-008 779.493640 463.777859
6 1.512360e-007 682.028912 583.377362
7 2.450210e-008 621.360742 673.321827
2 6.485030e-008 720.107155 771.208480
3 7.951310e-007 772.268485 782.126658
6 2.534650e-007 618.826513 674.685148
7 6.413700e-007 692.100714 609.943637
5 2.837090e-008 780.459435 566.037233
2 1.991720e-007 772.806137 653.518161
3 9.968210e-008 799.065762 691.152211
7 7.794480e-008 792.693599 725.546095
3 5.747030e-008 759.382694 978.001713
6 1.743210e-007 552.595872 699.326410
7 7.366700e-008 575.866153 656.620336
2 3.845620e-008 569.669519 671.957577
6 2.427750e-007 542.577928 522.259120
5 1.584240e-007 541.102952 437.757654
9 5.509890e-008 540.112000 390.113708
11 3.577670e-008 540.112000 392.250295
8 5.355840e-009 540.112000 402.928154
7 1.483780e-008 560.337396 741.197796
6 3.046390e-008 598.981079 815.257591
3 7.348090e-008 734.623819 870.060969
3 1.679460e-007 864.600020 767.692336
7 1.065280e-007 835.849939 675.031699
2 6.577430e-008 813.217483 612.849330
5 9.841320e-008 785.011211 535.352978
6 5.020990e-008 736.967417 672.632917
7 4.237910e-008 827.808575 522.279356
2 8.108510e-008 758.745258 554.484108
5 7.927450e-008 689.751523 586.656413
6 1.214720e-007 475.934956 681.125372
2 5.425130e-008 648.013985 539.058434
7 1.128770e-007 647.935740 534.575707
5 9.991310e-007 646.404960 446.876001
8 1.363020e-007 645.405418 381.886208
9 6.750310e-008 678.328276 443.805388
2 1.834250e-008 874.900575 690.815883
7 3.987310e-008 870.486540 689.032499
3 6.401990e-009 746.556681 638.961620
6 1.527010e-008 724.181060 598.905761
5 1.227730e-007 748.584041 577.692471
2 1.732470e-006 714.721285 633.667909
7 9.481210e-007 717.424642 637.128030
3 1.976220e-007 793.324725 734.275192
5 1.275260e-007 687.047583 582.962324
2 9.729510e-008 631.595349 581.025898
7 1.092490e-007 627.114671 580.869430
6 1.038970e-006 607.930412 573.627308
11 6.193820e-007 491.911796 415.499991
9 1.166690e-007 559.957681 364.223897
8 3.301070e-007 616.715711 316.800889
11 4.546280e-008 609.513153 377.590350
9 3.553790e-008 595.754609 442.319885
5 1.102370e-007 595.212420 444.870710
6 1.765610e-007 577.838997 526.607093
8 2.027900e-008 575.703561 536.653638
2 3.580770e-008 563.306953 683.114379
7 1.843830e-008 568.136854 761.252000
3 2.340480e-007 729.406931 761.252000
3 7.430280e-007 832.507237 772.624717
2 6.980640e-008 793.318459 701.102355
7 1.740750e-007 792.539931 696.687069
5 1.208560e-007 763.159971 530.063856
2 4.669860e-008 825.949689 506.072090
7 3.378090e-008 826.573668 510.511870
3 6.567030e-008 810.173180 689.908467
6 1.122230e-007 638.876974 721.232181
2 4.132440e-009 617.285300 832.310348
7 3.684970e-008 616.420998 836.756739
3 1.171720e-007 699.686116 824.232875
7 1.585060e-008 713.153500 831.724480
2 8.705710e-008 632.864350 631.233406
6 3.028230e-007 632.845466 631.203186
5 7.597250e-008 586.716474 557.381989
7 1.984380e-008 596.751544 515.999892
9 4.793540e-008 727.608966 410.033173
8 1.133570e-007 735.520461 401.168306
4 1.293460e-007 803.074152 267.639904
5 3.029840e-007 733.679969 350.340825
9 1.008970e-007 699.380691 211.119667
8 3.795980e-008 698.968176 199.307691
5 4.746240e-008 821.707912 329.088386
4 1.246660e-007 819.888065 297.042075
8 2.500020e-007 717.804293 305.973387
9 3.321440e-007 690.856149 344.082940
7 6.947450e-008 769.387551 501.821302
2 6.164270e-008 806.609661 482.855724
6 8.263910e-009 806.639034 482.840758
5 3.577260e-008 830.009210 470.933080
3 6.308450e-008 787.671307 642.443154
7 8.838200e-007 691.561777 645.799164
2 8.408830e-007 749.104214 638.716528
6 3.095480e-008 749.137612 638.712427
5 2.554880e-008 843.443860 627.132895
3 9.234790e-007 800.889435 793.778601
3 1.479740e-008 577.983276 818.396006
6 2.040480e-007 456.791240 701.361992
2 5.210780e-008 534.093004 552.522115
11 2.837520e-007 480.252464 428.176732
9 1.948910e-008 430.566036 374.894871
11 2.689620e-007 397.355199 429.788520
6 2.663080e-008 456.001455 472.855550
5 4.095490e-008 539.185957 506.296004
9 6.514180e-008 539.546327 508.860152
2 5.859970e-008 599.143123 634.922967
7 3.589380e-007 670.383873 629.941296
3 1.208080e-007 680.644598 766.059031
6 4.090550e-008 763.731362 625.011666
2 4.463490e-007 774.210104 614.532998
7 5.421860e-008 823.162096 565.581353
5 1.985490e-007 880.379198 508.364657
8 3.146840e-008 787.937001 416.216741
5 2.638430e-005 707.842374 469.974452
2 1.152200e-007 695.049298 508.502204
7 6.347810e-008 778.951602 534.154071
3 1.094930e-007 848.110314 760.636876
2 3.262880e-007 686.531206 663.551027
6 8.417600e-008 711.886890 643.586461
7 2.599230e-006 749.273749 626.940661
5 6.666230e-008 797.818753 605.326906
2 2.695760e-008 513.961942 565.960797
6 1.278660e-007 485.959192 551.896248
11 1.163120e-006 461.011781 394.383653
9 1.605300e-008 449.700406 388.408840
6 2.250840e-007 594.583372 640.019154
2 9.755420e-008 604.926374 680.789668
7 7.261220e-008 596.719441 716.337909
3 1.000850e-006 756.704445 818.671010
2 9.076130e-008 653.941901 633.467952
6 2.214020e-007 638.486382 629.326624
7 2.509430e-007 634.067203 628.142499
3 2.016560e-007 696.966544 837.389087
2 1.613710e-007 753.660699 705.719952
7 4.475660e-007 772.460219 711.110687
3 1.531230e-007 699.209543 780.509567
3 8.099210e-007 766.341194 807.583923
7 1.084910e-007 822.699271 747.147110
2 2.889850e-007 808.177964 647.851982
3 1.969080e-008 811.975890 634.607150
7 4.915810e-007 752.951665 604.101187
5 1.014150e-007 618.238591 575.466926
6 7.118860e-007 607.398651 576.466651
3 2.599110e-007 766.883112 903.172015
7 8.397470e-008 813.788940 748.510846
2 5.088910e-008 766.316778 804.947259
6 2.102900e-007 473.706520 596.986472
2 2.497920e-007 661.211318 603.401892
7 3.493330e-008 658.003695 612.214734
5 4.070230e-008 649.092501 636.697955
3 5.992930e-008 726.166701 889.595222
7 3.336380e-008 618.737170 776.823375
2 3.113300e-008 577.555078 744.023427
6 1.692140e-007 568.728431 702.497270
5 1.635360e-007 631.736216 530.629256
7 1.714910e-007 856.889338 597.763997
2 2.686700e-008 901.162348 634.913506
3 2.681070e-007 864.253625 813.713778
6 5.953100e-008 610.194562 741.641952
2 3.336740e-008 595.129830 697.890780
7 1.970860e-008 541.738316 734.829142
3 1.134870e-007 820.269423 938.000033
3 5.455130e-008 612.807000 820.420481
2 1.352420e-007 655.541789 697.974015
6 1.410960e-007 680.327282 672.307992
7 2.301670e-007 683.419061 669.106375
5 5.354550e-008 796.563676 647.877793
3 5.523750e-007 772.566430 783.459209
2 2.835430e-008 649.406466 733.479371
7 5.686620e-008 647.640380 729.108186
6 2.400650e-007 623.315312 668.901968
5 6.657490e-008 544.080584 509.922496
11 5.711710e-008 501.592515 485.579686
9 5.731330e-008 501.698915 488.626472
6 1.703610e-007 574.173639 527.298951
8 2.487860e-008 614.078908 525.652141
5 5.491000e-008 612.238965 551.966070
2 9.735440e-008 606.175545 638.682069
7 3.544720e-008 605.859593 643.200642
3 7.485150e-008 622.234591 780.235740
6 3.525130e-007 610.862073 687.616266
2 1.510620e-008 447.174685 608.313110
6 9.868230e-008 438.575676 559.504445
11 1.931850e-008 386.214755 570.634139
9 7.470630e-008 457.139728 276.442752
8 1.081950e-008 454.728237 269.439324
11 1.073740e-006 480.206385 373.633802
11 2.022210e-007 494.267727 422.636531
5 3.039500e-008 477.354831 492.453654
9 3.826530e-008 464.067441 506.213022
6 7.855450e-008 454.969319 515.634317
10 2.744910e-007 139.014918 755.192125
10 1.128420e-007 187.274411 760.832094
10 1.850210e-007 81.537237 814.293857
10 1.779990e-007 158.954851 789.080318
11 3.622650e-008 451.181436 558.281164
6 2.168900e-007 458.773524 565.117048
2 2.158210e-008 517.230740 464.059011
9 6.083890e-008 494.134981 394.224329
11 2.465450e-006 414.940651 366.446764
11 6.480260e-007 403.149176 359.338000
11 5.700600e-008 334.254685 418.169716
11 1.177050e-007 323.548388 305.993044
11 4.814200e-008 391.279368 225.155307
8 3.527990e-008 580.425796 216.785306
9 1.050330e-007 583.085298 214.707472
5 4.747220e-008 589.671965 311.305653
11 9.491580e-008 590.036923 290.401041
9 2.111550e-008 473.205026 233.919936
11 4.942090e-008 387.195533 188.014074
6 1.073400e-007 461.576723 564.452826
10 8.636400e-008 47.311832 560.145454
11 3.227630e-008 414.006859 601.905876
6 1.008580e-007 411.776054 612.400904
6 3.435350e-008 387.826570 622.156447
10 2.112970e-008 292.737875 731.767060
6 9.917050e-008 424.975326 604.764814
11 1.355740e-007 503.772764 449.895230
6 2.988620e-008 498.297995 441.295846
8 1.006820e-007 538.125859 302.400245
9 2.762620e-007 540.367036 294.584367
11 1.203630e-007 542.284977 287.895745
9 2.068780e-008 517.658905 463.185945
11 1.525850e-007 518.185141 470.711631
6 3.123730e-007 521.958516 524.674548
7 3.943530e-008 590.429651 721.963923
2 1.639500e-008 587.046218 700.602317
5 8.067120e-008 555.565502 593.841775
6 3.712220e-007 550.372170 692.941322
7 5.218370e-007 713.888011 638.767980
2 6.924770e-007 718.774845 635.946570
6 3.929570e-008 438.883602 546.658829
11 3.985840e-008 395.115254 535.500762
9 2.519240e-007 591.355871 390.333873
5 1.094740e-007 589.727007 377.742352
8 1.508560e-007 585.407822 376.902789
11 5.302670e-008 580.333138 375.916373
11 1.962670e-007 380.637788 316.905406
9 2.311310e-007 539.116880 302.176458
8 6.955270e-008 549.748571 353.476873
5 3.169690e-008 474.688851 336.148156
11 6.413440e-008 365.968796 311.048421
11 1.219000e-007 515.825471 285.742359
9 1.899160e-007 518.968398 284.958733
8 6.811550e-008 556.064105 290.961006
11 2.138320e-007 534.846109 408.403636
9 9.019210e-008 534.455232 411.587137
8 2.727300e-008 527.754296 466.162901
6 2.768580e-007 570.888422 529.942563
5 7.503070e-008 619.294299 581.851493
7 2.281310e-007 658.921732 638.155981
2 2.015090e-007 656.396541 643.333381
3 6.510740e-008 724.789070 699.775404
6 2.922750e-007 628.787673 660.528127
7 3.034520e-008 553.075443 637.380661
2 3.821570e-008 547.735391 635.748049
3 9.485090e-008 811.311931 642.473461
5 9.099370e-008 713.141160 565.569366
7 1.125380e-007 670.729691 547.566662
2 2.019210e-007 665.319027 545.269958
6 1.313180e-007 642.152300 529.390405
9 2.772600e-007 658.721591 371.743844
8 1.966740e-006 659.488308 364.449012
4 3.520130e-007 827.119864 231.695549
9 2.288870e-008 776.459618 198.810394
8 5.261190e-008 783.933907 199.071400
4 4.148660e-008 759.285581 334.500433
5 1.867020e-007 756.756418 341.603900
8 7.212360e-008 795.857883 318.047108
4 8.060040e-007 848.180715 203.530082
9 1.778950e-007 687.037618 186.593158
8 2.437580e-007 715.027523 268.521861
5 3.198050e-008 778.830590 354.648619
7 7.588540e-008 648.833728 548.236424
2 1.016690e-007 643.260751 550.602038
6 5.787390e-008 643.227928 550.615971
5 1.026380e-007 645.194746 572.616767
7 1.879340e-008 890.188885 552.897725
2 2.180230e-008 887.600409 557.977887
3 2.456000e-007 770.126459 698.549131
5 1.467770e-007 629.824520 575.493228
6 3.530610e-007 627.712417 571.520957
8 3.479550e-008 559.876833 443.941389
11 1.466890e-007 514.247372 422.739780
9 8.351680e-008 498.227605 430.902241
6 9.632030e-008 566.647011 503.082167
5 6.351900e-008 540.053311 567.420653
7 2.163510e-007 673.611157 667.687752
2 1.946200e-007 679.232511 667.195964
6 8.611120e-007 515.365783 643.112795
2 6.809630e-008 634.289897 651.098343
6 4.342550e-007 639.456243 651.916620
7 2.423780e-007 695.277873 660.757990
3 5.732470e-007 762.403246 788.291826
2 7.739310e-009 850.031865 769.615774
3 6.606200e-008 742.803458 754.548922
7 5.376330e-008 741.890758 753.421828
6 2.708220e-006 580.572940 620.939091
11 2.261170e-008 417.909976 558.210659
10 1.656850e-008 78.603217 863.140877
10 5.822100e-008 159.893953 824.909613
10 3.063320e-007 154.648304 741.092321
10 5.421140e-008 128.093972 950.120063
10 1.051290e-007 196.069117 817.228089
6 9.954410e-008 481.498134 609.371730
5 1.537010e-007 577.889461 477.019044
9 1.214930e-007 598.384758 400.529520
8 2.088970e-007 603.794959 326.969433
11 1.216950e-007 604.154918 316.661510
11 1.223390e-006 410.074457 386.784277
8 6.036370e-008 574.420616 355.466289
9 4.143290e-007 581.035461 361.422311
5 4.386720e-008 573.386765 333.266561
11 4.948230e-008 458.934103 217.923839
11 4.287990e-008 249.338598 250.068252
11 1.014000e-007 343.143631 336.526332
9 1.126060e-007 588.938163 239.487599
8 1.746680e-008 583.351296 187.888722
11 1.068380e-006 479.743231 350.381439
9 6.819540e-008 494.400517 386.659429
8 2.588040e-008 458.695927 303.995777
9 6.361450e-006 608.824131 298.794674
5 5.756540e-008 599.064884 286.154133
11 5.405530e-008 597.981427 275.845749
8 4.224970e-008 594.571555 243.403049
4 7.457840e-008 731.676933 102.743598
9 7.858090e-008 581.575000 265.584307
8 4.624180e-008 572.534952 323.597898
5 3.964660e-008 552.646864 375.407624
11 1.175590e-007 549.253741 384.246926
6 5.643440e-008 538.886949 421.595396
9 7.086240e-009 487.487104 185.588434
8 7.896950e-008 548.483911 257.143062
9 1.325570e-007 458.877220 346.749137
11 8.807770e-006 442.887493 362.738755
11 2.487970e-008 242.821441 251.616350
11 1.277970e-007 360.295538 324.680910
9 6.919800e-008 551.322456 188.839293
11 1.468370e-008 460.717369 146.518773
9 2.061750e-008 461.143764 138.382780
9 1.430410e-007 626.002631 158.244872
8 1.177500e-007 610.382032 306.865334
5 5.245050e-008 512.050506 435.675095
11 1.412070e-007 504.170516 441.613089
6 1.275870e-007 418.115651 617.581898
10 4.838390e-008 136.567984 844.860185
10 4.119620e-008 147.506755 795.964062
6 4.648730e-008 400.012255 599.521982
11 2.076090e-008 224.346354 424.642581
6 1.202880e-007 455.810188 479.744138
11 5.439150e-008 454.755279 474.781126
9 1.216030e-006 604.135561 255.589732
8 7.494260e-008 595.948644 349.165601
11 8.069820e-008 592.166839 392.391354
5 3.497620e-008 589.291151 425.260268
6 6.137770e-008 636.615756 511.000945
7 8.092980e-008 678.486294 566.564896
2 3.255890e-007 682.129852 571.400049
3 1.879630e-007 671.199314 770.543374
7 7.307630e-008 732.493918 810.774200
6 1.672240e-007 539.977902 740.285620
3 5.781520e-008 669.082366 709.152995
7 1.017890e-007 665.970737 691.506179
2 3.802400e-007 653.531710 620.961399
5 2.195470e-008 681.039007 608.505769
6 1.296040e-007 674.740111 600.181634
7 2.324990e-007 670.478850 639.535330
2 2.248970e-007 695.506801 701.481860
3 1.697530e-007 714.656921 762.931244
6 9.704940e-008 460.259681 563.589690
11 2.402840e-008 490.685368 558.648118
2 8.193280e-008 609.435679 679.904704
7 4.825520e-008 633.567525 758.836612
3 4.367140e-007 741.577419 859.280159
6 4.640370e-008 487.016988 801.331732
3 7.835240e-008 759.960471 970.400520
7 4.690160e-008 662.440589 774.840850
2 7.940490e-008 695.837990 696.161467
6 8.091600e-008 729.011696 618.009076
3 1.450530e-007 858.296606 720.481225
7 3.108080e-008 769.058562 905.615688
2 3.822610e-008 692.386531 708.414643
3 1.602340e-007 807.224261 690.226230
7 5.528180e-007 780.267683 683.618878
2 1.156040e-007 780.214594 683.012080
5 2.835130e-007 778.031000 529.800917
8 3.200210e-008 752.683815 542.750656
6 5.519300e-008 730.184298 621.216253
3 9.926220e-009 732.223432 798.021993
7 6.445130e-008 733.449381 815.553676
2 2.698360e-008 733.494061 816.192627
3 7.545440e-008 916.655852 861.146915
7 4.146720e-008 909.349360 714.507733
3 6.604760e-008 843.580605 695.648755
2 1.273530e-007 784.124155 678.599811
6 1.498720e-007 640.046876 706.360419
6 1.192860e-007 536.829677 721.601074
7 4.392090e-008 653.180553 637.067219
2 4.873310e-007 643.117645 642.205309
3 1.115650e-007 631.847061 755.653680
7 4.261360e-008 614.832599 675.607579
6 4.017080e-007 612.465560 664.471624
2 1.218500e-007 610.245931 654.029178
5 1.032690e-007 631.156922 510.719165
9 1.329190e-007 719.362844 393.405010
8 3.081800e-007 730.244962 387.122216
2 5.560870e-008 704.808971 448.826893
5 3.819050e-007 697.562267 389.806117
7 9.699110e-009 697.055823 385.681385
8 4.728340e-006 680.253198 360.070022
9 1.411920e-007 679.956160 363.465145
6 2.186730e-008 743.040368 479.904724
5 8.811070e-008 780.719995 493.063036
7 6.304300e-008 723.727871 537.590263
2 3.057420e-007 694.273713 560.602426
8 2.015380e-008 673.444015 603.683378
6 1.982000e-008 651.665923 759.483491
3 5.548810e-008 725.004720 754.355110
7 1.774320e-007 838.193075 602.159412
2 6.164230e-008 842.779642 580.581002
5 5.951000e-008 822.996929 527.542812
8 5.941710e-008 698.727332 477.334598
9 3.344290e-008 742.862479 481.964736
7 2.522370e-007 740.877909 557.778243
2 4.075320e-007 720.223241 566.123326
6 9.661730e-008 670.504557 595.167557
5 7.172210e-008 670.976080 595.397533
3 5.888570e-008 832.447540 645.546685
2 6.227130e-008 647.732691 502.303555
8 3.929900e-008 605.876914 500.841898
7 2.509110e-008 585.398622 500.126770
6 1.512060e-007 558.503519 499.187558
5 8.994060e-008 557.989502 499.169608
11 9.412220e-008 552.694399 377.724653
9 1.722920e-007 552.988453 369.304154
11 2.388650e-007 448.397349 305.886536
9 1.088340e-007 527.310003 344.374663
8 3.020700e-008 494.131521 434.798702
6 4.468960e-008 386.821272 525.255064
10 1.550450e-007 70.518427 581.828795
6 2.919920e-008 371.688334 592.981484
10 1.035280e-007 16.710497 587.002894
6 2.429700e-008 454.003593 587.517885
2 3.461250e-008 578.594581 714.475305
3 2.682160e-007 760.663539 816.794239
7 5.632310e-008 799.440902 759.305741
2 1.538740e-007 747.974252 713.748184
3 5.653010e-008 682.045279 946.926901
7 7.159120e-008 684.873332 801.314951
3 5.203600e-008 615.019181 848.432042
3 1.081450e-007 768.241916 953.357046
7 8.449600e-008 724.242389 753.717554
2 4.708000e-008 724.516634 753.101594
3 1.006930e-007 897.054147 800.266880
7 3.863040e-008 802.026305 492.675238
2 1.127090e-007 802.015782 492.072512
5 3.091050e-007 792.426535 469.075573
8 1.873000e-008 718.237372 524.981072
6 4.726110e-007 646.636706 657.933135
3 7.461710e-008 661.759577 814.730545
7 3.032430e-007 769.274281 675.604815
2 1.951570e-007 769.590897 675.033626
3 9.001730e-008 792.351817 633.972052
6 1.939520e-008 605.449319 731.424896
11 5.226850e-008 495.172670 456.695272
9 2.253070e-008 453.063782 450.013202
6 7.003280e-008 417.451995 559.614249
11 1.252240e-007 546.018575 447.081198
5 8.578380e-008 583.741173 518.027504
8 3.626650e-008 588.105748 526.236125
2 5.536410e-008 627.991977 499.868847
6 7.510530e-008 709.847948 402.316980
9 9.115970e-008 749.468501 381.090690
4 1.275140e-007 895.028386 320.255808
8 2.815730e-008 771.242837 324.439755
5 4.290300e-007 751.471076 398.228474
9 4.690160e-008 753.055915 400.117405
4 1.799960e-007 883.210111 288.595814
8 7.876230e-008 712.941350 512.976887
7 4.511390e-008 703.808899 536.767593
2 6.735620e-007 696.135622 556.757043
5 6.120750e-008 686.628097 581.524843
6 7.395780e-008 679.360070 600.458587
11 7.756630e-008 531.214860 437.538109
9 5.300740e-008 454.349688 428.100429
11 6.840920e-008 287.643150 272.362063
11 8.273420e-008 340.546553 305.629562
11 4.789990e-008 277.037309 195.122409
11 1.296980e-007 437.847694 231.703206
9 1.064090e-007 435.901571 307.756519
11 1.636860e-005 446.374624 378.084312
9 3.643360e-008 503.803609 290.725106
8 2.577720e-008 472.246286 191.865691
11 1.218210e-007 336.847256 296.612452
9 5.596520e-008 483.197644 203.544345
8 5.262830e-008 562.340834 267.250334
11 1.252060e-007 579.435506 375.184042
9 1.156690e-007 571.394988 378.183154
9 4.170930e-007 557.129681 314.502178
11 8.365720e-008 558.125385 316.226792
8 6.488060e-008 541.200547 344.997100
6 1.617470e-007 508.195348 577.991883
7 6.048390e-008 624.569004 721.701521
2 4.559150e-008 674.467590 814.680770
3 2.211940e-007 709.262391 882.969280
7 1.158610e-007 724.000389 793.666201
3 8.621970e-008 764.732246 659.982256
2 1.939170e-007 768.263668 653.611324
5 5.658810e-006 716.686149 444.306032
8 8.298640e-008 714.671654 439.985909
9 2.407330e-007 683.198960 352.487110
2 8.563500e-008 622.343505 508.986717
5 2.139730e-008 592.903058 559.979071
8 2.689940e-008 590.588437 563.988112
6 7.066620e-006 566.650312 605.450164
7 5.982490e-008 544.519539 586.971011
11 6.536390e-007 442.157765 413.354167
9 5.683960e-008 472.485769 238.385249
4 1.707600e-007 851.457223 132.351621
4 3.869400e-008 703.821065 16.664886
9 1.826940e-007 546.578397 180.370866
11 1.879550e-007 520.110710 292.677937
8 6.341890e-008 567.603053 385.887120
6 5.435340e-008 410.228595 481.313084
11 1.191020e-007 518.540310 464.128826
6 2.053590e-008 569.310200 415.100991
5 8.193520e-008 576.916307 407.755870
9 1.259450e-007 558.193577 413.189733
8 6.988360e-008 552.052940 417.331627
10 2.273480e-008 219.419233 545.769622
6 5.742320e-009 374.461703 650.030500
11 7.542340e-007 392.235418 360.539559
6 1.006090e-007 516.892925 437.943404
11 2.705900e-008 442.170761 567.694507
6 9.506880e-008 531.154943 744.661667
7 6.816090e-008 644.195296 702.972779
2 3.227820e-007 689.701593 646.315884
6 2.610450e-007 569.639301 723.199799
3 4.818340e-007 763.871393 797.541856
7 4.512340e-008 765.290020 797.843393
2 1.917190e-008 836.348032 812.947143
3 6.646350e-007 793.462975 880.615085
7 1.424100e-008 856.310382 753.491864
3 4.696920e-007 824.464629 889.471392
2 1.479160e-007 730.435272 717.510023
6 6.476480e-008 655.206307 700.141989
7 4.832480e-008 635.785504 695.658328
10 2.325880e-006 70.168259 762.174846
10 1.798270e-008 315.235434 809.217176
10 2.451010e-008 206.996347 874.457574
10 3.420570e-008 207.092557 803.931358
10 4.378990e-007 103.853766 775.265313
10 6.207300e-007 92.817444 708.340591
10 6.502400e-008 196.657603 733.469137
6 2.223600e-007 427.884120 586.616638
11 9.650900e-008 424.728309 511.652179
6 6.231290e-008 468.302000 464.413513
11 8.561800e-008 468.302000 453.659386
9 2.564410e-008 476.203876 314.156187
8 3.452590e-008 500.334375 230.004062
11 7.159400e-007 379.760482 373.167995
11 8.045080e-008 393.110662 303.452843
9 2.595850e-007 541.075852 342.616029
8 1.831860e-007 599.596977 370.411250
5 3.606770e-008 511.108697 390.840318
11 1.136210e-007 372.137178 255.971209
9 2.762680e-008 532.786944 160.562748
4 9.379160e-008 726.747929 139.715673
9 5.523240e-008 659.465280 96.935902
4 1.963050e-008 693.417084 112.380634
9 2.543220e-008 524.242979 121.237865
9 8.251220e-008 487.975975 198.363385
11 2.150770e-008 334.694917 219.905165
6 1.631290e-007 603.542854 501.896680
5 1.305420e-007 617.628214 510.028836
7 1.071710e-007 671.169697 540.940913
2 7.614450e-008 671.713500 541.254877
8 3.943170e-008 685.250680 549.070542
3 5.144340e-008 658.152796 772.172982
7 6.799600e-008 707.382618 734.726052
2 5.303030e-007 726.419871 652.267022
3 5.079420e-007 731.418334 802.689571
6 9.222540e-008 708.674588 624.327996
7 1.496680e-006 713.488657 638.309000
5 1.249670e-007 713.863839 639.398601
2 1.267740e-007 740.489814 716.725675
3 5.546550e-008 618.674897 884.642244
7 8.560690e-008 641.780133 731.579842
2 1.076160e-007 641.223207 731.366059
6 1.563220e-007 580.643170 708.111657
3 3.208870e-007 712.944458 832.831871
7 1.047360e-005 733.775989 632.526033
2 2.301350e-006 733.211235 632.297856
6 4.699750e-007 624.858871 588.138556
5 6.292450e-008 601.684244 512.337693
11 4.907820e-008 575.746061 427.497637
9 2.223200e-007 532.293289 368.942755
8 1.614290e-008 525.882632 365.090868
11 7.393320e-008 404.270012 260.741454
9 1.361290e-007 504.122593 367.495362
8 4.188290e-008 558.519884 445.182887
11 4.924110e-008 561.731039 449.768900
5 1.508790e-007 619.928242 497.168803
6 8.733690e-008 680.910223 539.868910
7 2.858750e-007 732.996068 576.339867
2 6.553700e-007 733.520723 576.707235
6 1.429070e-007 675.381861 589.276472
7 7.806330e-009 642.677911 536.939169
2 7.991090e-008 642.340476 536.399160
5 2.516850e-007 625.535543 509.505623
9 5.306980e-008 504.128595 402.327043
11 3.519890e-007 494.828382 394.242529
8 1.324010e-008 430.587559 355.027108
11 9.493530e-008 365.824150 285.879016
9 9.057030e-008 574.356306 154.819065
11 6.759680e-008 449.951203 259.347469
9 5.372050e-007 608.413113 251.501026
8 1.272700e-007 608.379918 253.403124
5 2.241850e-008 591.328477 409.673107
11 6.329750e-008 590.776663 414.167258
6 1.488020e-008 518.568162 328.038543
9 1.164250e-007 592.301039 153.798461
4 1.738050e-007 789.048311 143.952754
8 1.957070e-008 532.857653 243.548242
9 1.375710e-007 512.902311 272.086502
11 1.655020e-007 472.037482 324.391401
5 1.068870e-007 549.715204 382.344509
8 1.921880e-008 486.682407 319.312158
9 7.520870e-008 452.719418 285.349410
11 8.149840e-008 448.465011 224.067022
8 6.140020e-008 526.448790 408.345622
9 8.849090e-008 520.894466 443.413338
6 3.117400e-008 514.769000 445.954951
11 1.159040e-007 514.769000 440.923879
9 1.294020e-007 491.920189 254.005435
11 1.655700e-008 506.458609 154.062849
9 2.556840e-007 504.327652 316.295719
11 3.026330e-007 500.118250 342.872587
8 2.469420e-008 545.653380 296.243494
9 1.768060e-007 541.166644 308.570724
11 2.851070e-007 526.846043 347.916330
9 7.720230e-008 474.609783 308.228808
8 2.036890e-008 472.779367 308.004060
11 2.404840e-007 418.200275 301.302574
9 5.392140e-007 550.739107 343.179305
8 9.151760e-008 548.973690 344.117994
5 2.165320e-008 505.396457 367.288436
11 1.055170e-007 496.332558 372.107800
6 3.829730e-008 591.321604 489.564686
2 1.830920e-008 525.603863 440.042874
9 5.999200e-008 440.926165 430.820525
11 9.896010e-008 432.766982 488.877750
6 7.769720e-008 562.014408 482.034537
8 2.302320e-008 598.878797 508.891306
5 2.204390e-007 600.509043 493.380980
9 1.565580e-006 617.454622 332.159087
11 1.043900e-007 510.427093 250.403792
8 3.368930e-008 517.914940 386.447759
9 6.424320e-008 434.122959 237.743833
11 2.580700e-007 427.190182 316.240771
11 1.571880e-007 498.677699 476.860697
6 2.388530e-007 560.700618 534.698169
5 6.387040e-008 587.911475 600.757796
7 5.715950e-008 595.144604 659.666477
2 1.013320e-008 595.832295 665.267229
3 1.688960e-007 757.216513 728.393178
2 2.924950e-008 852.036500 614.662722
7 9.247870e-008 804.081472 678.301308
3 7.750810e-007 846.780747 821.656105
2 1.017330e-007 730.317418 684.678100
7 1.267430e-007 656.282254 679.500840
6 1.974640e-007 650.679966 679.109073
11 2.252950e-007 500.272039 414.030337
9 2.831790e-007 531.583023 330.187681
8 5.259720e-008 547.856521 253.627851
9 5.773210e-009 649.545531 105.245178
8 3.389920e-008 559.750451 304.164144
11 3.332120e-008 559.658722 304.065777
9 5.623510e-007 543.006096 286.208055
9 7.200880e-008 522.676110 142.475130
8 1.759390e-008 537.218779 271.674761
11 6.924890e-008 537.206710 271.536804
9 4.110650e-007 529.760026 303.230727
8 3.311200e-008 566.397564 225.327466
11 3.049260e-007 494.925185 320.841634
9 3.146020e-008 450.320798 350.309189
11 4.787590e-007 465.610277 332.720739
8 2.384520e-008 531.618320 256.787534
9 2.640830e-008 492.720207 185.891965
11 6.191930e-008 468.339421 154.685964
11 6.899520e-007 455.535841 371.531637
9 7.505570e-008 455.998796 384.788987
6 6.638350e-008 471.743355 537.232741
5 1.884340e-007 606.242072 513.517280
2 1.017490e-007 667.228489 541.635299
7 1.808690e-007 682.582076 620.622271
3 2.633410e-008 751.641568 662.280231
2 5.049580e-008 789.329921 780.864461
7 1.961040e-008 752.799299 852.560057
3 1.900080e-007 740.883845 931.349367
6 2.078570e-007 544.241789 689.227670
2 4.100900e-008 567.107486 565.972447
5 4.001580e-008 575.407793 633.574606
7 1.183920e-008 588.567327 740.752923
3 1.015580e-007 711.112657 836.175268
2 1.982040e-007 781.892873 661.487489
5 3.629650e-007 771.340358 510.586446
7 4.166070e-008 769.608688 485.823557
3 8.104190e-008 886.681130 782.336121
7 2.527050e-007 782.800870 754.501771
2 1.188090e-007 717.342923 730.859559
5 1.521410e-007 744.563546 567.943683
6 1.567910e-007 677.554577 711.643155
3 7.025040e-008 752.794135 683.226363
7 2.325880e-007 773.900889 674.267182
2 1.127230e-007 843.509039 644.720619
5 4.674020e-008 670.664482 626.013582
6 2.610160e-008 804.707852 691.390655
3 1.858480e-007 850.533125 753.532113
7 2.120130e-008 859.218961 791.154717
2 3.255650e-008 708.503406 797.760594
3 2.366580e-007 768.550289 894.219290
7 1.706400e-007 734.833251 721.370631
2 8.604360e-008 732.068420 705.189730
3 2.108060e-007 818.973067 907.418321
7 1.240660e-007 760.412401 700.265566
2 2.483390e-007 760.606611 689.139314
6 2.214030e-008 761.981573 610.367683
5 5.037660e-008 762.797385 531.298635
8 3.364390e-007 667.779128 395.597654
9 2.427080e-007 647.991761 375.348175
7 2.160900e-007 721.330384 556.607215
2 5.082630e-007 731.682644 552.839298
5 7.162170e-008 864.061750 504.657212
3 1.514060e-007 822.645667 740.354488
7 4.897830e-008 717.802594 852.785231
3 1.986510e-007 720.128377 863.556261
2 1.158550e-007 776.092651 724.296940
7 1.173160e-007 768.609593 717.559128
3 9.990360e-008 874.112419 810.615357
2 8.414150e-008 841.936290 541.293084
7 2.729470e-008 777.111368 478.692483
5 3.050530e-007 784.475787 487.825111
3 1.958240e-007 815.377031 725.657964
3 7.906120e-008 855.224672 692.656374
2 1.242160e-007 825.615761 631.948640
7 3.331350e-007 821.461271 623.430609
3 2.775290e-007 735.421798 906.480163
3 1.336890e-007 734.017372 834.748788
7 3.688110e-008 723.270159 785.523949
3 2.055140e-007 753.475089 782.881323
2 2.457850e-008 782.007554 780.385021
6 6.243470e-008 608.836831 745.053858
5 8.644230e-008 647.267660 557.023423
2 2.513380e-007 651.731922 556.867516
7 2.708960e-007 758.983247 572.157997
3 1.323180e-007 828.777080 736.583005
6 5.522060e-008 688.733491 635.308803
2 7.890860e-008 606.948640 566.526597
5 7.543400e-008 560.427321 526.085906
7 2.490120e-008 515.167899 486.742176
11 3.989850e-008 505.093450 581.027359
6 1.265520e-007 524.643211 546.901144
10 4.519160e-008 140.928960 771.246933
10 1.642590e-007 105.060220 839.943354
10 5.541430e-008 238.991542 771.212760
10 7.712100e-008 139.896533 853.738003
10 6.129460e-007 86.670686 677.998818
10 3.654260e-008 288.360004 699.196278
6 2.050620e-007 449.844931 576.244027
10 1.164650e-007 68.441515 574.382955
11 4.729350e-008 282.549118 450.174911
10 5.395960e-008 106.113307 516.836708
6 1.577730e-008 295.927976 586.498895
10 8.863970e-008 107.549705 603.529820
10 6.878690e-008 167.594618 583.274954
11 5.874740e-008 295.805556 496.762475
6 3.778330e-008 396.325281 737.271972
10 3.693450e-007 137.006938 789.675106
10 3.182510e-007 105.485160 760.823750
6 1.934270e-008 320.343091 721.798155
10 2.452250e-007 119.022784 721.542040
6 5.413140e-007 533.278853 594.207517
2 2.086600e-007 648.262174 631.548653
5 7.115060e-008 678.480800 643.148486
7 1.628300e-007 687.272671 646.523366
3 2.153880e-008 756.400607 591.785582
2 7.139890e-008 831.199894 634.632000
7 3.319850e-007 791.069012 634.632000
6 5.986360e-008 757.643480 602.083827
5 7.212620e-008 758.069860 601.796229
2 7.768050e-008 829.930415 775.533726
7 6.610770e-008 817.592480 815.889406
3 1.540660e-005 810.205577 840.050946
7 2.791090e-008 743.952685 870.705144
3 3.684600e-007 755.814126 893.013184
6 6.120800e-007 608.954603 653.357156
2 1.490620e-007 608.015364 649.182131
7 9.435630e-008 593.464172 693.965737
5 4.302680e-008 735.527604 555.197289
6 7.974170e-008 752.215462 542.622085
2 2.435080e-008 756.464761 539.420008
7 1.238980e-007 765.807673 533.469280
10 8.055500e-008 122.121055 864.087135
10 8.939130e-008 165.124117 682.221608
6 1.959310e-008 311.769061 653.583874
10 2.581540e-007 114.881828 815.826581
10 3.754940e-006 38.273316 729.095168
10 1.723470e-007 124.067548 869.680704
10 2.477450e-007 107.846760 784.080255
10 3.216970e-007 38.187352 801.036966
10 4.686310e-008 177.392891 908.217226
10 7.005390e-008 249.432528 767.496802
10 3.950460e-008 233.388695 870.572446
10 4.231030e-008 118.442237 832.080520
10 6.521710e-008 106.457632 793.878579
6 3.226710e-008 384.434505 621.369198
10 4.049180e-007 107.805659 698.062306
10 9.332190e-007 45.936140 692.479447
10 2.878110e-008 163.525607 712.813174
10 3.681120e-007 92.653494 779.954173
10 1.849550e-007 125.917764 747.081270
6 5.167880e-008 410.796052 635.859731
11 5.380570e-008 344.868465 537.140619
10 3.655960e-008 72.049158 576.685728
11 8.641630e-008 501.373694 538.758549
6 1.544660e-007 580.319486 535.861355
2 1.202350e-007 651.567668 556.291614
5 8.921770e-008 662.293779 559.367303
7 3.365520e-007 747.802434 583.886721
2 5.849080e-008 859.427982 674.625689
7 1.456320e-007 831.833345 770.860937
3 1.333650e-006 823.476041 800.006716
5 4.093070e-008 817.293851 568.804581
7 4.882610e-008 812.725029 576.718013
2 5.781280e-008 812.788681 576.523119
5 2.998550e-006 715.765120 458.634541
7 3.995320e-008 709.953786 451.949307
2 6.491110e-008 709.562426 451.499096
8 1.588320e-007 703.092274 444.055971
9 6.375020e-008 762.131542 395.881949
4 5.233940e-008 810.054255 286.542741
5 6.127050e-008 771.912454 354.214890
8 1.184430e-007 781.573033 371.643204
9 1.156090e-007 697.400299 219.790102
5 6.646170e-008 691.043799 323.819649
8 3.270830e-007 674.826052 291.990698
9 4.606970e-008 738.447336 409.724578
4 9.898800e-008 816.831067 302.061683
8 1.393780e-007 717.904605 295.143988
5 1.038690e-006 674.319024 429.239349
9 6.888310e-008 667.932699 451.511217
6 5.385110e-008 676.480035 468.385495
2 1.807590e-008 709.867406 428.595724
8 4.839600e-008 680.685959 468.079185
7 6.878630e-008 578.498917 591.027534
5 8.869990e-008 577.765768 591.901271
6 7.930680e-007 531.607308 651.278090
2 1.418240e-007 642.275723 573.786611
3 1.029790e-007 737.693455 697.896908
7 2.168200e-006 701.842209 665.616399
6 4.748470e-007 627.968000 599.099965
5 5.257070e-008 663.105101 603.049282
2 1.847260e-006 745.697585 623.642067
7 6.992070e-008 746.836366 511.099210
8 4.225250e-008 814.649042 517.032152
5 1.415890e-008 871.957350 530.318468
2 1.800090e-007 795.764433 555.075116
6 3.786310e-008 712.785273 632.757741
3 6.140230e-007 751.993443 779.083437
7 2.173390e-008 776.522660 774.296386
2 2.412930e-007 793.607210 644.816579
6 3.217340e-007 643.394897 579.143352
5 7.070290e-008 642.967699 578.821434
7 1.866900e-008 556.733320 513.838874
11 8.008910e-008 565.381839 382.331201
8 1.289670e-007 567.642264 366.247797
9 1.039250e-006 575.916882 293.440747
5 2.363460e-008 587.677426 264.715248
8 3.391940e-008 560.004003 184.346090
9 3.378630e-008 534.497262 110.269411
9 1.016400e-006 576.913906 293.356138
11 6.545290e-008 588.236758 316.934864
8 8.347140e-008 568.799615 312.088694
5 4.091610e-008 489.933811 292.425462
9 2.891800e-008 435.399599 467.591225
11 9.000020e-008 388.310540 490.558176
6 2.253070e-008 409.608124 653.275012
10 1.164070e-007 141.827870 796.187371
10 5.943700e-008 239.047052 702.093543
10 2.333400e-008 238.267481 872.527126
11 1.230180e-007 428.690099 495.225660
9 9.376710e-008 460.141131 314.614565
11 5.104480e-008 399.660050 304.186041
9 3.535460e-008 390.586447 310.006556
11 9.202230e-008 377.911144 275.463271
9 1.407110e-008 426.075357 199.249413
11 1.398980e-007 372.417097 306.479770
9 1.767910e-007 524.699506 257.354735
8 1.286690e-008 505.883643 372.871166
11 1.344460e-007 418.115072 470.347847
9 2.946810e-007 580.154021 237.862956
8 7.851520e-008 594.933178 200.167936
11 1.762570e-008 390.169043 112.126876
9 2.417030e-008 420.061962 426.046576
11 1.258090e-007 401.769691 476.303802
6 2.041740e-007 488.882265 606.975487
2 1.186450e-007 606.924449 610.917608
7 2.837660e-008 527.171737 570.281424
11 5.575550e-008 393.024146 472.717753
9 2.860980e-008 551.570416 123.465710
11 4.287780e-007 489.236954 340.959954
9 1.453050e-007 564.068635 480.371052
6 1.118240e-007 590.833239 520.051429
5 1.035080e-007 602.502919 537.352536
2 3.458440e-007 659.378692 606.678845
7 6.326930e-008 662.316830 609.941958
3 1.908480e-007 745.593347 698.103043
6 1.060780e-007 643.729266 669.745893
2 4.091700e-008 683.127551 744.184000
7 1.202190e-007 687.703380 744.184000
3 1.436260e-007 826.570787 744.184000
3 5.929090e-007 743.397898 844.196344
7 2.015390e-007 788.811313 761.266628
2 8.929360e-008 775.714563 699.651459
6 1.555550e-008 792.977230 576.122187
5 2.902210e-008 875.802168 467.606944
7 1.368990e-007 833.325379 603.981078
2 4.868290e-008 842.180875 540.972437
5 7.097120e-008 744.863686 601.337007
6 7.228780e-008 663.523593 481.433827
8 8.692780e-008 634.167561 423.236737
7 2.728680e-008 639.922561 415.315680
9 6.487100e-007 690.508226 345.690659
4 4.320250e-008 856.616574 320.504155
8 1.124270e-007 746.342970 336.200616
5 4.169570e-007 720.193377 384.539063
9 1.050000e-007 717.398643 407.301100
2 9.360090e-008 696.838575 537.713937
6 3.632820e-007 620.420605 576.651039
7 8.522230e-008 616.543528 578.626518
10 5.242210e-008 128.126087 583.226484
10 8.708380e-008 89.797560 611.232182
11 4.678410e-007 394.721182 409.021144
11 6.378530e-008 325.844083 305.433764
11 2.748630e-007 338.701241 337.677621
9 1.650630e-007 500.489443 282.740538
9 8.503320e-008 585.585579 159.796340
11 5.740830e-007 467.477953 316.307067
8 4.196150e-008 531.605164 444.153638
9 5.154940e-008 556.181770 492.387865
5 5.203770e-008 557.055582 521.963087
6 4.505090e-007 550.874260 535.218977
3 5.008290e-008 661.250014 806.773546
7 2.613370e-007 722.537048 753.497604
2 2.826790e-008 725.226315 820.131762
6 5.411930e-007 528.284829 671.783448
2 2.002150e-007 642.791158 579.842278
5 1.501380e-007 708.768204 546.225230
7 1.081410e-007 725.314756 535.366362
2 3.343770e-007 757.223179 648.964630
7 2.881530e-007 667.239206 668.091287
6 6.490890e-008 720.134549 672.249081
3 2.532940e-008 884.855175 597.266761
2 2.064040e-007 785.250782 584.691787
5 9.013020e-008 784.814217 584.408279
7 2.426720e-007 764.836830 571.434810
3 7.648800e-008 754.623111 670.544914
2 2.029420e-007 738.244797 676.184488
7 1.967600e-006 729.190627 679.302128
6 5.994590e-008 698.150431 606.949673
5 2.370000e-007 714.426447 523.217332
2 1.384440e-008 628.311118 751.890325
7 7.568450e-008 619.419688 757.023793
3 2.535350e-008 597.110053 769.904264
6 8.653100e-008 573.519396 747.092776
7 7.423650e-008 852.344008 811.761658
3 3.632120e-007 857.023074 835.833447
2 1.466050e-007 773.833404 690.665002
6 3.219270e-007 603.158040 621.184809
7 3.492590e-008 549.902048 678.295027
2 1.948760e-008 474.647682 549.522321
11 6.115890e-008 399.460156 519.144761
6 3.102630e-008 374.373098 509.008989
6 1.180940e-007 473.689626 564.895641
11 3.196280e-008 574.056009 501.230841
8 4.652730e-008 526.182712 527.767245
5 4.563740e-008 508.180127 537.746166
6 1.030180e-007 409.948167 674.764690
10 1.057180e-007 82.366987 852.018377
10 6.181010e-008 96.516005 949.009600
10 3.531470e-007 124.701220 762.512080
10 3.431230e-008 229.397289 871.785844
6 9.294630e-008 408.058876 676.066065
10 1.097480e-007 179.211009 763.324026
10 3.587080e-006 64.690752 754.759818
10 2.356260e-007 135.003935 813.588786
10 4.845740e-007 106.016000 775.605189
10 1.781110e-007 144.743790 791.111420
10 1.425020e-007 119.774577 841.059134
10 8.060670e-008 230.576007 794.880827
10 1.151740e-007 179.521742 769.902944
10 8.090570e-008 143.658160 839.427874
10 6.301540e-008 196.129070 776.313877
10 8.031690e-008 89.561498 860.175655
10 1.216790e-006 86.665949 758.595027
10 1.092420e-007 80.471482 885.549830
6 1.716480e-007 446.301969 552.215771
11 4.478150e-008 533.834824 617.669103
7 1.703710e-008 635.748133 719.370935
2 7.415600e-008 640.933040 722.012763
3 1.313710e-006 771.270987 791.300188
7 2.860420e-008 636.736562 738.422775
2 6.583950e-008 633.419805 733.857627
6 4.700260e-007 600.814184 688.979600
5 5.279200e-008 773.937783 599.867939
2 2.680350e-008 542.173063 434.281292
6 5.657870e-008 519.577932 400.782542
9 1.100110e-007 486.912391 352.353755
8 1.721540e-008 490.558820 361.215180
11 6.780640e-007 490.614587 361.340435
11 7.369990e-008 557.396134 420.183424
5 6.042220e-008 574.695654 369.159639
8 1.457500e-007 576.386148 359.572491
9 3.848580e-007 576.954977 356.346543
9 1.537070e-007 513.285969 186.216075
11 3.665540e-006 461.593444 364.692298
9 3.297190e-008 508.191361 464.978861
6 3.984230e-007 485.492589 593.712582
2 2.385900e-008 587.397923 778.494725
7 3.236260e-008 605.843546 857.025945
3 8.366970e-008 709.160953 879.917180
2 3.849530e-008 632.435891 707.601064
7 1.453970e-007 634.376079 697.619710
6 1.718680e-007 651.014891 612.020861
5 2.221230e-007 706.059065 561.873828
2 4.808760e-008 871.198147 759.740298
7 4.320810e-008 868.196386 769.558612
3 9.067860e-007 843.104783 851.629539
6 1.282140e-007 581.436524 727.806447
2 2.281620e-008 674.141421 745.826478
7 8.100540e-008 683.832108 747.710159
3 1.242800e-007 746.126051 748.262261
5 1.186850e-007 835.791500 498.157296
8 2.875760e-008 753.870777 490.656935
2 1.340640e-007 724.999341 527.610822
7 1.697440e-007 718.982266 535.312354
6 7.899690e-008 734.002331 584.388188
5 3.233890e-007 690.388023 527.161259
2 8.762940e-008 773.669755 486.712352
7 1.987390e-008 782.886130 483.174532
6 2.969710e-007 645.724290 587.358849
2 5.516130e-008 622.949994 665.564063
7 5.104420e-008 632.190853 662.382204
3 2.971450e-008 620.365905 800.273155
6 4.420770e-008 622.944492 807.357732
2 1.974240e-007 683.896923 689.770588
7 2.311980e-007 690.411726 683.024309
6 1.230870e-007 703.055764 674.824401
3 6.995880e-008 844.699874 652.389944
3 1.522730e-006 762.417408 823.751638
2 6.101150e-008 785.998357 780.539022
7 4.127590e-008 795.846380 781.227668
3 5.841380e-007 831.911900 869.988609
2 1.878920e-007 689.654223 705.558132
7 2.409890e-007 682.108309 699.662637
3 3.343530e-008 671.200610 691.140637
6 4.958440e-007 621.408398 652.238823
6 2.922120e-008 485.955879 839.770803
6 2.483670e-008 468.936701 486.436778
11 2.288660e-007 470.971575 428.164112
9 9.378800e-008 540.166419 403.467362
8 8.287740e-009 605.223958 462.045550
5 1.767140e-007 610.526148 535.927496
2 6.411060e-008 595.296725 601.894154
7 3.014920e-008 585.523696 687.349400
6 2.018710e-007 618.333594 701.957350
3 1.970980e-007 716.915693 785.729308
2 1.270110e-007 600.053968 657.488854
6 5.975260e-007 600.926213 647.378921
7 7.274480e-008 593.404925 708.633916
3 9.984500e-008 734.349236 965.968480
2 8.463690e-008 826.620263 650.355135
7 1.456250e-007 822.249342 641.393475
5 2.230250e-007 754.318951 502.116410
8 2.093720e-008 826.963370 535.523538
2 2.965040e-006 714.259314 639.475259
7 3.183340e-006 704.818993 642.004763
6 4.031810e-008 732.819145 666.824797
3 1.348870e-007 816.003420 714.851248
7 5.351560e-008 822.438490 765.357838
3 7.547010e-007 758.808263 772.045657
2 1.268770e-007 691.467203 779.123501
7 3.797950e-007 780.352603 689.096657
3 7.695070e-008 726.826554 664.137052
2 4.227400e-007 683.882465 644.111895
6 3.518990e-007 633.557187 620.644834
5 1.001750e-006 731.322831 517.322712
8 3.893790e-008 789.873767 498.980286
7 3.177010e-008 917.910152 622.622841
2 1.127560e-008 835.358802 608.779020
5 3.449430e-008 897.195572 469.276822
7 5.410150e-008 830.445978 660.474172
2 1.172780e-007 741.746428 685.908663
3 7.121080e-008 680.963822 672.161136
6 5.068820e-007 602.152260 641.908287
5 1.020130e-007 714.792692 616.255000
7 1.610310e-007 731.056247 554.458716
2 2.810420e-008 705.864772 445.342123
8 1.933630e-007 699.927749 419.625973
9 1.125520e-007 653.065879 468.704234
6 5.089000e-007 593.190346 548.161563
10 2.484370e-008 180.229565 487.478773
11 8.930830e-008 227.506054 418.292273
11 8.628690e-008 456.862846 572.619000
6 3.809600e-008 385.549278 572.619000
10 6.375240e-008 111.615791 576.935733
11 5.178280e-008 354.794028 397.886676
11 3.003100e-007 423.040747 436.608689
9 2.930860e-007 547.768921 290.625774
11 4.811030e-008 556.514334 270.022873
8 5.302760e-008 574.309932 209.280883
9 2.414700e-007 538.054742 281.084995
8 7.708210e-008 536.528326 298.532665
11 8.868950e-008 530.175189 371.152125
9 8.172680e-007 597.308719 247.760480
8 5.042070e-008 591.966000 240.124134
4 1.344860e-007 785.220817 107.833409
9 1.089490e-007 530.023793 189.143881
8 3.408280e-008 528.277914 189.849256
11 5.969290e-008 429.314543 206.131728
9 7.437580e-007 574.580950 316.985747
8 4.755640e-008 574.988587 318.903541
5 1.373660e-007 603.792272 454.415022
6 9.999110e-008 602.914230 544.992919
2 8.169400e-008 599.225334 615.380512
7 5.470520e-008 598.729334 624.844673
8 4.827220e-008 602.841805 497.623026
5 1.185250e-008 521.943530 604.978135
6 1.013600e-007 485.884790 591.890076
11 1.735760e-007 432.256761 444.548010
10 3.553330e-008 119.314503 491.181954
11 5.843990e-008 316.371125 381.336724
11 1.743080e-007 390.336264 451.805698
6 4.498390e-007 524.115449 538.683341
9 2.673880e-007 529.011179 297.874776
8 7.641580e-008 545.183644 282.257160
11 1.108970e-008 608.194537 221.408064
5 1.992710e-007 639.246508 500.717038
6 1.121250e-007 649.696530 511.167132
2 6.309520e-008 682.081800 543.552627
7 1.782270e-007 676.810425 616.781859
3 3.249630e-007 731.932767 884.683110
2 3.257600e-008 683.167959 736.169341
7 8.042490e-008 688.252066 744.975259
6 2.619180e-008 694.013929 754.955083
3 2.101020e-008 628.091865 894.478491
2 7.725950e-009 922.168117 560.003938
7 4.021340e-007 754.548314 592.585854
5 2.204250e-007 755.948675 578.994478
2 1.264040e-007 717.898488 507.014555
8 2.321090e-008 570.760704 520.100092
6 2.078960e-007 549.659907 521.575614
5 3.634830e-008 469.361768 518.702002
11 3.598250e-007 381.269087 424.234435
9 7.847720e-008 521.031555 442.847559
8 9.016300e-009 480.469476 526.683071
6 2.888480e-008 467.787792 544.137811
11 1.954120e-008 211.835431 481.016736
6 1.444000e-007 418.800448 596.261992
11 1.622650e-007 562.782531 444.093956
8 1.498100e-007 572.850049 370.799464
5 5.905820e-008 572.573478 370.178274
9 1.653270e-007 543.162351 304.119620
9 9.270530e-008 487.677105 268.409667
11 1.801300e-007 485.854167 269.298776
11 3.039990e-008 216.126978 294.593563
11 5.556570e-007 380.529628 413.800251
10 2.121510e-008 119.813936 506.246375
6 1.301540e-007 450.944148 618.897622
2 1.858240e-008 454.713476 550.428089
6 4.138150e-008 349.292053 528.326932
7 1.515950e-007 642.527553 574.219926
5 5.410280e-007 698.087332 540.836568
2 8.224460e-008 623.711170 545.441392
6 4.023980e-007 525.244366 554.056269
11 1.573410e-007 564.234760 449.631294
8 9.122950e-008 607.480748 383.038358
9 3.134780e-007 610.079731 375.346647
9 9.712320e-008 598.211684 175.500021
8 2.956190e-008 514.296515 299.559454
11 1.708990e-006 470.225665 358.033641
6 2.290970e-007 535.768160 505.243630
11 6.390670e-008 507.464772 603.746493
7 4.847440e-008 572.097574 730.352483
6 9.804430e-008 578.510024 745.459365
2 2.640050e-008 753.894004 745.089298
3 2.462050e-007 756.710129 744.008289
7 3.617950e-007 718.190389 692.686455
6 2.345270e-008 736.069607 612.577884
2 1.219580e-007 749.187205 538.183373
5 3.345670e-007 759.651488 479.951302
3 1.034830e-008 704.517855 651.523023
7 1.310680e-007 619.821969 612.028749
6 6.635860e-006 578.119697 619.161893
2 7.435350e-008 596.591449 693.248691
3 5.324170e-008 681.374748 762.831477
7 1.614790e-006 735.431594 691.096135
2 1.980000e-007 742.061627 682.297847
5 1.685380e-007 751.049689 550.498804
6 4.265020e-008 749.230037 535.679097
8 6.731770e-008 781.879499 473.285258
2 2.062880e-008 821.804364 482.453588
7 3.068260e-008 764.411361 443.741514
5 3.100280e-007 782.598403 523.112226
8 1.242800e-008 773.399308 466.380206
7 2.043530e-007 689.857750 544.283617
2 2.036650e-007 682.126226 551.493348
5 4.473540e-008 669.982863 606.937740
6 1.626200e-007 663.314346 670.384548
3 3.933740e-008 666.391687 729.016168
7 8.008520e-008 595.973687 685.104363
2 4.548320e-008 588.034798 692.252532
6 3.636670e-008 599.161210 790.661646
3 4.070690e-007 747.744821 851.740760
3 6.437890e-008 619.657921 887.750748
6 1.278540e-007 493.021368 665.547789
7 3.292920e-008 517.012904 630.423635
2 6.054670e-009 508.451330 623.490609
6 7.625860e-009 435.719452 564.593493
3 5.175840e-008 656.011588 775.044350
7 7.625330e-008 865.425023 728.821023
2 5.431340e-007 764.966551 604.447629
5 4.815500e-008 727.244144 589.612874
6 5.930260e-008 689.418934 678.722492
3 3.057750e-008 587.880722 910.937397
7 2.143510e-008 654.289319 835.207152
6 9.885920e-008 500.227776 713.954149
2 2.255750e-008 613.557808 426.415105
5 1.788270e-007 613.411755 425.870022
9 4.628720e-007 594.513253 355.339068
8 1.789930e-007 593.995765 353.407755
11 5.061460e-008 516.805668 272.790484
9 8.115760e-008 509.670489 437.354206
8 4.851210e-008 507.652867 437.283750
5 6.903230e-008 496.046643 436.878454
6 1.721830e-008 414.731072 434.038871
11 5.560760e-007 409.846938 431.862534
2 8.008200e-008 598.724378 584.717279
7 6.657610e-008 598.501126 599.805464
5 1.256250e-007 587.951491 499.432785
6 8.688590e-008 586.907702 489.501834
11 3.424940e-008 563.577335 426.125728
9 3.245200e-008 478.582198 420.182217
8 2.344960e-008 476.568261 420.041387
9 3.859600e-007 581.149381 245.394750
8 2.841440e-008 578.240066 328.706975
11 6.781650e-008 575.391958 410.266477
5 8.750440e-008 558.477221 487.494137
6 1.114910e-006 537.335374 579.071065
7 2.171440e-008 573.280758 801.204356
6 1.701580e-008 399.756015 581.387140
5 6.513290e-008 561.921473 422.332589
11 8.005640e-008 563.273522 417.617406
9 1.750080e-006 586.758474 335.715201
8 1.913040e-007 587.314946 333.774544
9 3.802190e-008 442.535860 369.997279
11 1.662270e-005 442.971443 372.046536
11 6.397490e-008 255.714597 262.904207
9 1.516100e-007 460.593351 245.460159
4 1.054900e-007 868.819627 76.005251
4 2.606950e-008 712.926708 44.983133
9 2.833300e-008 463.943953 123.737029
9 1.761380e-008 541.649972 167.717675
11 2.359530e-007 366.778275 333.987260
8 1.370730e-007 571.800856 395.247988
9 1.246580e-007 583.542780 442.342799
5 1.905720e-007 590.244800 469.223440
2 8.523730e-008 648.041436 514.248451
6 6.127930e-008 655.707190 507.816132
7 1.355410e-008 755.125657 399.498572
8 4.600420e-008 716.289799 225.326938
9 7.839560e-008 767.577386 219.936406
4 4.163710e-007 820.040342 214.422336
4 4.853440e-008 829.476400 334.773351
8 3.740440e-008 807.938626 361.370198
5 2.160720e-007 771.175666 406.768523
2 3.810390e-007 668.776545 533.220931
7 7.623370e-008 662.750256 540.662781
6 7.348250e-007 619.940586 609.032843
3 1.003770e-007 733.194454 722.510833
2 2.010410e-008 711.530130 809.403081
7 4.256620e-008 709.046370 819.365059
3 2.866090e-008 631.528135 751.494090
6 1.182240e-007 607.147836 680.689068
7 5.205260e-008 600.592452 661.650990
2 1.262360e-007 635.265617 616.993174
5 1.590390e-007 682.621579 556.380111
8 5.789170e-008 746.082922 492.800097
7 1.104890e-007 754.213985 544.970474
2 1.653570e-007 758.442231 549.053619
5 1.951620e-008 815.484647 604.138509
3 1.811050e-007 748.016765 705.215671
7 1.146950e-007 877.744580 659.819632
2 1.130800e-007 828.126882 614.596257
5 1.376170e-007 685.326383 565.463606
6 2.764720e-008 675.288060 508.533713
9 3.003910e-007 652.933028 381.752510
8 4.580320e-007 655.071845 393.882192
7 8.543200e-008 683.865904 557.179331
2 2.520680e-007 692.999177 536.494962
5 3.076900e-007 721.071645 377.285714
4 5.819720e-008 788.069824 214.015945
8 2.302200e-008 796.875952 193.270012
9 5.370410e-008 798.104166 190.376523
5 4.382120e-007 641.431144 507.005837
7 2.146140e-008 641.161162 510.866875
6 6.648300e-008 641.113373 511.550302
2 3.803330e-009 646.426286 478.778308
8 2.542750e-006 660.980159 360.243748
9 1.114170e-007 661.379360 356.992437
7 1.358580e-007 744.634677 694.857826
3 1.068460e-007 735.975602 727.589602
2 1.447140e-007 723.474531 715.088531
6 1.514860e-006 605.845426 597.459426
