6 1.147130e-007 734.116539 573.006775
2 3.698910e-008 671.632666 627.322952
6 1.697140e-007 647.164325 504.237217
6 2.131510e-007 659.699956 549.014798
10 1.650390e-007 518.051396 555.569634
3 1.454720e-007 433.314628 341.818714
11 1.043860e-007 466.748690 288.404476
9 9.606140e-009 711.516612 88.722294
3 2.728180e-008 569.325625 338.653950
6 7.762490e-008 653.852000 516.606012
9 5.130160e-008 828.081669 231.533072
6 7.787490e-008 701.609865 520.307232
2 8.885650e-008 778.308382 653.152969
6 1.142250e-007 726.106945 617.066870
2 2.944290e-007 877.145990 668.555964
6 6.789660e-008 777.615346 615.916653
2 1.616690e-007 846.094853 573.092352
6 3.544400e-008 824.854538 503.681715
2 1.729340e-007 817.680328 602.161275
2 5.824820e-008 646.389916 683.054970
6 2.680650e-007 646.300895 682.697931
10 1.222870e-007 491.492691 618.081695
3 4.287330e-008 473.520539 459.674594
10 3.353940e-008 516.896148 580.665102
6 5.107150e-008 517.793439 580.743602
2 5.566840e-008 736.593975 576.467058
6 1.770340e-008 502.740780 519.525043
10 3.072810e-006 439.968722 537.524857
3 2.963800e-008 459.886514 366.842812
11 8.250050e-008 526.860939 225.197458
6 1.615410e-007 627.483260 554.936760
10 2.099130e-007 493.814539 632.110699
8 2.388810e-008 457.652356 603.966581
7 3.335760e-008 326.834768 524.363258
10 2.309760e-007 391.195156 466.412790
3 1.913100e-007 473.716410 338.722468
11 4.705330e-008 510.316514 293.057340
10 2.458320e-008 441.648663 340.763236
3 1.872960e-007 423.516571 206.442418
11 9.206240e-008 501.511896 128.627874
3 4.122490e-008 515.244042 384.300556
11 2.927950e-008 316.863035 303.871367
4 1.559920e-007 175.367562 311.976167
3 1.283630e-007 366.856887 315.318246
5 1.207400e-007 212.749510 177.494198
11 4.244570e-008 191.021272 179.013536
4 6.922590e-008 34.711403 189.943434
5 6.928020e-008 41.964204 183.816014
4 3.379510e-006 202.627242 197.321192
11 7.303720e-008 220.759368 175.368753
5 8.045280e-008 70.956201 232.793675
4 1.623670e-007 87.926213 150.238584
5 9.901250e-008 59.320500 144.621613
4 1.107940e-007 115.973774 129.880861
5 4.858670e-007 96.595641 118.359697
4 1.454710e-006 165.797123 151.916795
5 8.454470e-006 149.681737 115.206273
11 4.006250e-008 160.005320 262.834124
4 1.146590e-007 169.355148 263.613583
5 1.262830e-007 77.457630 188.494207
4 7.184340e-008 163.515576 337.550526
5 2.045210e-008 226.937329 21.382203
4 4.606560e-008 79.179310 67.696062
5 3.772280e-007 87.340373 141.489826
4 4.876630e-007 189.040543 135.634264
11 1.365910e-008 174.856270 218.129964
3 2.504640e-007 336.866717 337.176644
10 1.773870e-007 348.242464 499.855486
7 3.172570e-007 222.704270 577.226404
7 1.751390e-006 192.992668 544.130262
10 1.451400e-007 350.611755 584.431309
7 7.058520e-008 357.880597 590.750048
8 9.398970e-008 298.978472 647.147880
8 2.596010e-007 278.240339 722.676992
7 4.613770e-008 31.828671 683.774387
8 2.664220e-007 284.922639 740.445315
7 2.826470e-007 146.014310 625.653931
8 1.957320e-007 259.402458 805.181244
8 1.449730e-008 176.123694 643.445853
7 1.484880e-007 231.599582 652.230204
10 1.189660e-008 375.398326 717.727565
8 4.147270e-008 226.401612 814.272760
8 1.293970e-007 391.823005 718.348759
10 3.064360e-008 316.674308 741.324034
8 2.215830e-007 315.084789 892.518069
8 1.252190e-007 339.456462 862.351571
8 9.662120e-008 300.585066 895.937188
8 1.310040e-008 144.876455 849.657841
8 3.118190e-008 220.471347 623.251041
7 1.914930e-007 151.571868 626.861849
8 6.235280e-008 235.552484 900.244745
8 1.518240e-007 377.999588 831.672877
10 2.318160e-007 354.191661 592.752321
7 6.424480e-008 336.727345 568.312864
8 1.529750e-007 365.337021 651.401426
10 1.450720e-007 244.780847 461.115723
7 1.706820e-007 141.306205 440.008095
7 4.786260e-007 184.629642 614.611352
10 1.584190e-007 350.556099 580.143111
6 7.519160e-008 561.561033 639.872319
6 6.780950e-007 631.972026 555.635613
2 3.012740e-007 760.517813 651.009559
6 1.114200e-007 743.892199 621.660727
2 3.038890e-007 824.945013 621.282016
6 7.134760e-008 822.561680 582.867375
2 9.550020e-008 914.054277 698.203315
2 1.996350e-008 883.027942 476.032752
6 1.229940e-007 671.178827 536.014591
10 5.995670e-008 505.125385 510.954532
6 4.945090e-007 672.319478 585.394314
6 6.158980e-007 635.916672 596.784500
10 2.325320e-007 478.396544 499.354394
8 1.741410e-008 578.923678 734.815074
6 1.294950e-007 593.942278 740.882948
2 1.688030e-007 729.497657 776.086598
6 1.410470e-007 621.862434 727.778762
8 3.778600e-008 497.506618 695.124326
10 1.767110e-006 436.004866 565.052343
7 7.515070e-008 206.108473 490.848965
10 1.585280e-007 335.958470 582.308016
8 3.238410e-008 415.908115 602.241931
7 1.965920e-007 296.590221 517.469046
10 7.753870e-008 395.743082 664.678339
8 4.938900e-008 408.642053 583.238252
8 7.092280e-007 328.573988 807.517822
10 1.229100e-008 307.500494 705.377905
8 3.166890e-007 310.141959 726.939195
7 1.481770e-007 182.053240 649.867361
8 5.920170e-008 181.692025 661.114967
7 1.499600e-007 215.891450 643.233844
8 1.944780e-008 350.648208 629.906184
10 1.447840e-007 352.958891 626.480446
6 8.374470e-008 536.361348 600.792960
2 8.727340e-008 753.291932 597.824652
6 5.988170e-007 630.623878 686.003672
2 4.345760e-008 750.954225 552.363943
2 5.391890e-008 671.130350 808.140979
6 9.956300e-008 752.297276 731.677206
2 3.731390e-008 836.310904 782.157636
6 2.684320e-008 731.405048 819.973088
8 4.061090e-009 543.523062 850.474534
2 5.174920e-008 616.649868 794.351714
6 5.140010e-008 549.091611 761.401291
6 2.076830e-007 590.771743 688.232353
10 1.603110e-007 486.703798 628.133866
8 4.192650e-008 487.621526 628.004892
6 1.209110e-007 574.218648 615.834800
2 6.853980e-007 805.465247 637.501873
6 1.917890e-007 721.030376 719.156893
2 6.046700e-008 700.288167 856.243918
6 1.701040e-007 655.074103 712.775780
2 1.748560e-008 683.919915 740.179787
2 2.321460e-007 747.047726 773.801462
6 9.682780e-008 757.124122 691.733474
10 8.692230e-008 521.756747 504.207584
3 1.326400e-007 496.240686 298.838341
11 3.878310e-007 454.229720 209.685436
3 1.307070e-008 492.577500 146.466515
11 4.750190e-008 504.331022 230.096037
4 5.426270e-008 142.948919 298.813775
5 4.895500e-008 231.531030 200.432705
11 8.111720e-008 273.309392 225.147416
3 2.320850e-007 330.450035 276.597043
11 1.593320e-007 515.075370 124.849415
3 2.717090e-007 453.469808 281.924359
11 3.078010e-008 431.267184 291.809622
10 7.259480e-007 405.587069 518.487737
3 1.438410e-007 462.174583 335.529063
11 6.322370e-008 389.076813 327.846132
3 2.314530e-008 448.407362 210.658630
11 5.598920e-008 445.620998 218.314154
10 3.277530e-008 455.434918 298.067984
11 1.447820e-007 446.388955 79.377652
3 2.333080e-008 547.777065 251.893338
10 6.750420e-008 391.513486 355.842251
4 5.774770e-008 142.215651 339.102306
5 3.736950e-007 130.130753 169.313500
11 2.702120e-008 276.126427 242.186023
3 5.872770e-008 286.281779 250.409648
4 6.619120e-008 262.510744 90.909362
5 1.289890e-007 241.800516 186.606359
4 3.632100e-007 150.180769 269.028276
5 1.154060e-007 103.622709 192.469774
11 8.748130e-008 234.079350 159.713425
4 3.827160e-007 225.742155 175.393464
5 1.268370e-007 72.291463 186.283310
4 5.008460e-008 119.891101 272.409965
5 8.467400e-008 247.464888 157.544745
11 5.769230e-008 293.776751 109.587318
3 5.162220e-008 262.680958 281.394365
4 4.230610e-007 226.546514 201.045197
5 5.672210e-008 215.977330 153.470077
11 5.336520e-008 251.020688 216.690082
4 2.438150e-007 154.708158 243.170163
5 1.806890e-007 200.553295 195.749113
3 3.741690e-008 241.524024 239.225014
11 1.230890e-007 269.734570 230.964848
4 7.525500e-008 272.033088 238.038915
3 4.518550e-007 434.144083 228.675416
11 1.360290e-007 499.737336 174.255285
11 1.045970e-006 388.075043 120.305542
3 1.027180e-007 342.315477 180.095820
4 3.570270e-008 333.523410 347.866706
5 8.139620e-008 182.949887 264.688561
3 1.037760e-007 334.344219 366.805689
11 4.437730e-007 388.979614 208.797425
3 1.204200e-007 491.194824 314.153502
10 3.942380e-008 539.980393 408.142831
6 1.580430e-007 553.475869 643.027600
2 2.428730e-008 675.469031 841.456584
6 1.206550e-007 730.877992 658.005470
9 1.387950e-008 797.613446 299.203615
6 2.037890e-007 741.540142 549.102530
2 1.543320e-007 801.499219 601.224444
8 9.027490e-009 531.602360 707.079216
6 1.075610e-007 542.939986 696.870724
9 3.247020e-008 746.728000 286.984030
6 5.804350e-008 621.706545 500.867909
10 2.696740e-007 457.915301 477.848650
3 1.408010e-008 473.818224 503.330844
2 1.279560e-007 768.695706 576.249618
6 1.808860e-008 778.984557 575.349439
10 1.164970e-007 495.293183 552.587486
6 1.921070e-007 614.258537 527.806849
9 2.384980e-008 815.887853 283.077878
9 1.845250e-008 828.958942 346.264154
9 3.300890e-008 896.943439 284.143582
6 2.894390e-008 644.540760 380.739471
9 2.805500e-008 815.861000 309.024816
9 1.297400e-008 800.721782 296.798032
6 1.107720e-007 568.481713 574.752938
10 4.326640e-008 564.409337 575.544525
8 1.756840e-008 328.114438 587.041846
7 2.517670e-007 233.674538 573.769248
7 2.798860e-008 296.859021 504.328902
10 1.394840e-007 278.343044 482.058314
7 2.648810e-007 176.160884 594.251162
7 5.588880e-008 153.196578 519.146581
7 1.051170e-007 150.442702 502.626159
7 1.100830e-007 83.720615 561.137634
10 1.869300e-007 323.057889 547.205713
3 4.899480e-008 401.116514 473.152781
10 5.680650e-008 543.843798 573.574866
6 2.022620e-007 580.941203 577.473879
2 9.607670e-008 728.547320 545.996901
9 2.101680e-008 811.986957 305.093227
6 1.130190e-007 683.811307 546.435386
2 1.350200e-007 733.808677 608.177353
6 1.710260e-007 615.811742 517.435251
10 5.358120e-007 467.830138 551.599878
3 6.702920e-008 458.553470 387.482864
10 5.855010e-007 450.781789 490.878573
6 1.159070e-008 445.030153 457.317380
3 6.239450e-008 374.041664 418.145521
10 1.378600e-007 479.998475 613.753588
6 1.214790e-007 523.348211 634.472353
8 1.490230e-007 416.126498 749.641288
8 3.080370e-007 313.253138 832.904138
7 4.285560e-008 109.345624 718.985961
8 6.572510e-006 342.739808 751.024360
8 2.174410e-007 267.188080 714.982916
8 1.363490e-007 240.988583 808.624730
7 9.181990e-009 118.989472 671.692519
8 3.906490e-007 316.671040 809.585970
7 5.565480e-008 115.410239 748.602887
8 1.920480e-008 305.338909 968.103718
8 7.652440e-008 209.720653 734.050059
7 4.253990e-008 278.213768 709.717413
10 1.552760e-008 386.394693 768.585949
8 2.169480e-007 253.227072 739.180516
7 7.037710e-008 141.052099 664.741129
8 1.438880e-008 154.374005 763.699986
7 4.209870e-008 193.890879 707.006343
8 8.592540e-008 330.338061 837.886198
7 7.577660e-008 68.538360 670.477145
8 9.910980e-008 178.525870 665.676044
8 2.821170e-008 253.528247 842.503227
7 9.480450e-008 243.655843 656.650095
10 1.079180e-007 372.701733 636.999022
8 8.532900e-008 238.626794 753.548104
8 2.345120e-008 175.756702 936.762594
8 7.247010e-008 267.943119 894.285266
8 9.069590e-008 220.555066 718.821235
8 1.264500e-007 254.515168 859.369957
8 3.234020e-008 135.172810 735.101742
7 2.207240e-008 155.935664 794.431364
8 1.259110e-007 399.685460 656.536427
10 2.771310e-007 404.380501 611.867279
6 1.493030e-007 582.301191 523.301673
10 1.488290e-007 502.565794 537.399355
6 1.460020e-007 554.830083 635.244133
2 4.819520e-008 712.920931 573.541409
6 1.072410e-007 693.878910 535.529990
10 8.507490e-007 470.765999 525.383682
8 4.952690e-006 347.810047 752.173026
7 3.639890e-008 292.979442 714.643516
8 5.443290e-008 335.046361 858.943069
10 3.219450e-008 319.994857 718.343090
8 3.760520e-008 305.366068 990.142546
8 2.929140e-007 296.936284 830.980753
7 1.101550e-007 169.338685 709.222232
8 4.004610e-008 209.707477 862.948790
8 3.436730e-007 319.448946 840.321533
8 6.836130e-008 231.754827 776.382687
7 3.503220e-008 245.610365 685.319404
8 3.584660e-007 260.611348 754.457536
8 4.604780e-008 173.113504 780.133005
7 2.301700e-008 215.696727 701.738146
8 5.301110e-007 298.486507 708.981392
8 1.729170e-007 358.726035 873.372411
8 4.809360e-008 239.520797 752.485161
8 2.297970e-008 401.113888 882.787867
8 5.827310e-007 282.605144 808.184197
7 3.473730e-008 155.711256 701.204311
8 2.425830e-007 255.441196 804.581386
8 5.792530e-008 258.526024 943.405326
10 1.416220e-008 270.601482 644.106260
7 3.816650e-008 267.874085 647.356665
8 1.098650e-007 209.863981 716.490853
8 6.608890e-008 214.366591 837.852464
8 1.917250e-007 299.630391 856.796280
8 1.395450e-007 282.663090 812.464811
8 2.080950e-007 411.633849 847.397590
8 4.667610e-008 244.644050 977.603882
7 4.732490e-008 33.662918 669.403734
8 3.188690e-007 262.921928 841.966839
10 2.825440e-008 419.119346 695.017967
3 1.358820e-007 378.436498 338.368427
11 2.014450e-007 321.300434 271.562498
4 1.102200e-007 244.173805 120.192595
5 1.795840e-007 233.252030 126.828587
4 2.189890e-007 229.066622 140.375808
11 1.813700e-007 272.219231 142.664599
5 1.471820e-007 269.787001 144.778906
4 5.841150e-007 204.783377 190.370137
5 7.801300e-008 194.243979 285.524798
3 2.794080e-008 274.415645 175.177940
11 1.567740e-007 279.155387 168.654244
4 1.403720e-007 187.331649 70.968198
5 1.037850e-007 281.898320 119.152109
3 1.606600e-008 232.266174 238.863873
11 1.487270e-008 227.184356 245.858345
4 3.545170e-007 190.946272 135.850136
5 6.892230e-008 177.494000 245.406980
3 1.720680e-007 355.866024 368.512277
10 2.292420e-008 398.732290 271.732337
11 2.320160e-007 399.301278 269.055496
11 4.976910e-008 511.060918 64.453004
11 4.116210e-007 426.163183 93.306104
3 4.218680e-008 558.835064 248.391478
10 4.546090e-008 504.979732 369.209191
3 2.948010e-007 453.783837 211.645996
11 4.984650e-007 447.853937 193.395821
3 2.555390e-007 471.183540 335.264557
11 6.900330e-008 471.337443 338.201166
11 1.536790e-006 396.539843 137.997737
3 1.422310e-008 338.355480 247.424811
4 5.328220e-008 325.780722 306.584524
10 4.958660e-008 333.572250 346.980205
3 1.061950e-007 337.962930 344.645634
11 7.951660e-008 490.512979 263.533189
6 4.022590e-008 554.042174 547.436304
10 5.971610e-008 582.129077 558.473578
2 1.617130e-007 799.573574 562.893393
6 1.603110e-007 722.906517 585.726469
2 4.923060e-008 679.955275 744.035994
8 1.730520e-008 545.987355 730.476743
6 7.667580e-007 607.640438 636.318921
2 2.739680e-008 767.036595 596.577443
6 5.987070e-007 605.320000 676.138897
2 1.659120e-007 777.905063 823.881155
2 1.055430e-007 637.481414 785.261992
6 5.716760e-008 801.373694 659.632625
2 5.872680e-007 811.172107 642.661283
10 9.067410e-008 450.946921 669.757484
8 9.824040e-008 467.479362 754.809900
6 1.224580e-007 555.086212 675.206732
10 7.798670e-008 542.841109 668.717299
6 1.883160e-007 710.535224 648.127737
2 2.157130e-007 767.049011 670.772454
6 2.167890e-008 859.761638 656.811601
2 5.919860e-008 909.219847 664.023466
2 6.276470e-008 868.985145 854.522231
6 2.525560e-007 718.894557 686.917253
2 3.768490e-007 722.595725 684.128229
6 9.377740e-008 578.602204 779.147562
2 2.839180e-008 575.792160 783.015269
8 2.338760e-008 589.647994 890.715000
2 3.251290e-007 758.585312 739.622950
6 1.007760e-007 707.974511 777.760981
2 1.209660e-007 852.489801 590.597804
6 3.147210e-008 749.590757 470.172345
2 5.549800e-008 711.553633 822.557945
6 8.831370e-008 701.198000 639.878864
2 4.008070e-008 701.198000 634.805437
6 2.831170e-008 592.245078 470.412971
3 7.902470e-008 500.366751 366.142899
11 2.397960e-007 458.345070 257.601896
11 1.639060e-007 453.071578 122.163345
3 1.607250e-007 431.877681 196.074816
10 1.019050e-007 477.175888 387.160639
11 1.224970e-007 426.794221 241.455683
3 1.272120e-007 507.422762 234.401456
11 2.708490e-008 548.805175 315.441290
3 2.273730e-008 550.442495 394.670152
6 1.528680e-007 555.904178 551.384409
10 1.312760e-007 561.417056 559.557555
2 6.077920e-008 612.342209 679.508039
6 3.824260e-007 710.571203 609.236168
8 3.489910e-008 469.539184 850.800336
2 4.585240e-008 751.133875 785.951452
6 3.437510e-008 694.315162 714.800357
2 7.086490e-008 669.427812 621.415376
3 7.035020e-009 564.094538 339.837042
10 3.944760e-008 446.814380 429.811715
4 2.131350e-007 235.496770 212.329580
11 4.629860e-008 225.926703 197.014266
5 8.673220e-007 192.186933 143.019327
4 2.999840e-008 103.592915 268.052121
5 2.625530e-007 61.499401 197.996735
11 1.085170e-007 239.374456 183.084900
4 1.151370e-007 261.739556 163.114134
5 7.693540e-008 270.638525 247.782082
3 1.127400e-007 266.370304 276.328832
11 3.845720e-008 262.453841 253.498164
4 3.817890e-008 263.229153 265.588836
5 9.301150e-007 182.760848 136.811791
4 4.342040e-008 5.138868 250.534624
5 2.654660e-007 89.399358 98.335092
4 2.023050e-007 119.721057 97.888883
5 2.610930e-007 198.209557 184.069315
11 7.144150e-008 297.311856 311.588441
3 1.646560e-007 355.808051 364.258551
3 1.125200e-007 322.504568 296.663088
11 8.464280e-008 255.620788 253.589313
4 9.504640e-007 186.833445 218.540327
5 3.654340e-007 123.775143 186.410440
3 1.249090e-007 319.977933 351.017136
10 9.104210e-008 420.868936 436.229883
6 1.036500e-008 430.844909 549.915759
3 4.942310e-009 422.332155 464.416871
10 2.873120e-007 511.648835 589.320628
8 6.025080e-008 471.228000 763.529916
6 2.827550e-008 472.099780 580.576022
10 1.393470e-007 508.950036 544.147276
3 1.681230e-007 467.061240 324.580592
11 4.435130e-008 336.825725 266.596193
4 4.998160e-008 391.813079 208.138794
3 7.227750e-008 520.647052 354.026427
10 6.180730e-008 467.193528 454.634278
6 2.293320e-007 574.172987 563.915042
2 1.229490e-007 753.373982 617.020594
6 6.076610e-008 730.561412 797.867456
2 4.139610e-007 854.450621 750.611690
6 2.900220e-007 588.380163 703.802992
10 1.012960e-007 452.763869 612.331350
7 4.424530e-007 221.020717 565.563353
10 1.768130e-006 411.435783 575.231432
6 6.845400e-008 541.718390 567.536957
3 8.172930e-008 503.638770 260.551265
11 3.121200e-007 411.159767 123.444967
3 4.092260e-008 555.997055 136.931562
11 1.272230e-007 455.230583 261.362110
3 3.698880e-006 390.119862 272.301227
10 4.461340e-007 455.802020 501.849696
6 1.060210e-007 617.302560 520.110571
2 8.546920e-008 768.959884 590.966263
2 1.477410e-007 749.264916 616.996710
6 5.073080e-007 679.920207 571.963509
10 1.039600e-007 455.702461 579.853235
8 3.011100e-007 348.801637 698.944558
8 7.519770e-008 295.724637 888.110664
7 3.448290e-008 235.483090 691.358166
8 3.943730e-007 264.865824 772.086638
7 3.169060e-008 268.744150 747.937571
8 2.756060e-007 270.523264 748.515640
8 9.482690e-008 242.956714 728.636115
7 6.842750e-008 191.887601 684.242421
10 1.408560e-007 389.590943 637.522691
7 1.290780e-007 283.979729 604.562541
8 1.097200e-008 420.113341 546.840591
10 3.304870e-006 446.088129 544.611763
6 6.566120e-008 488.631687 552.298829
10 4.567720e-008 550.093864 583.909744
6 2.151400e-007 577.998479 740.699770
2 5.794360e-008 697.587684 633.020953
6 8.037510e-008 781.939562 603.215334
2 1.731910e-007 786.819771 765.350341
6 1.917150e-008 659.421805 868.043185
2 1.095830e-007 739.903947 752.543387
6 1.362120e-007 741.407042 747.301534
2 1.515180e-007 677.019601 679.292506
6 1.790040e-007 671.912339 677.731066
2 7.517080e-008 807.942076 520.144673
6 2.980190e-008 812.262753 517.005523
10 5.513750e-008 535.062653 592.595080
6 8.212760e-008 549.229965 703.906441
2 9.485110e-008 736.206869 832.990009
6 5.376010e-008 758.805007 736.773110
6 1.401670e-007 589.807033 711.171422
2 6.701630e-008 649.102957 760.954170
6 1.442480e-007 759.005288 692.978251
6 1.260020e-007 672.991097 596.776503
2 1.587780e-008 588.911251 721.430285
6 4.069040e-007 615.895148 665.310273
2 4.252640e-008 752.865038 565.795731
2 3.022630e-005 804.155376 702.046066
6 2.770700e-008 773.171004 765.573179
8 6.836370e-009 521.143513 766.776388
6 1.046010e-007 561.872395 679.432789
10 1.255180e-007 542.492464 517.362864
6 4.397210e-008 542.201383 500.686827
2 3.936060e-007 848.148899 755.659424
2 1.223710e-007 803.795901 586.963661
6 7.633720e-008 753.393131 584.653302
2 3.905040e-008 690.021650 586.530451
6 3.294790e-006 610.960678 622.585111
10 1.945970e-008 531.822944 650.146131
6 1.885770e-007 778.321075 595.010046
2 4.002580e-007 825.587212 636.097758
6 1.391130e-008 851.742399 489.083601
2 9.282040e-008 736.923980 603.902020
6 1.804130e-007 697.167033 583.315701
2 2.711540e-008 687.348554 582.972834
10 1.283510e-007 549.136931 527.692724
3 4.652150e-008 534.968889 383.054244
11 2.644950e-008 515.225307 324.899179
10 3.786010e-008 594.301215 449.157640
6 1.097740e-007 568.025387 615.638093
2 1.572440e-007 726.502188 761.252000
2 7.288450e-008 843.397071 787.076095
6 3.357640e-008 770.224053 570.126540
2 2.954420e-007 851.792617 615.878788
6 3.125120e-007 692.676148 656.216687
2 9.846730e-008 630.003329 766.882565
6 4.223720e-008 534.380648 784.228551
8 4.235730e-008 550.587663 854.428606
2 1.403610e-007 730.489233 823.640613
6 1.288970e-007 663.292593 757.536215
10 3.849940e-008 632.972351 486.668731
9 1.574500e-008 787.348904 286.380559
6 5.033730e-008 811.725816 480.248918
2 8.165490e-008 891.402082 634.161484
6 1.194470e-007 739.287103 639.921936
2 3.486200e-007 770.702043 736.453703
8 6.642540e-008 474.690645 659.686266
10 1.213500e-007 515.761811 585.592296
6 1.848610e-007 521.413350 575.396701
3 3.002650e-007 412.487124 328.880466
11 7.651000e-008 416.906615 244.544879
10 2.841500e-007 372.592165 478.388820
6 1.455010e-007 558.678827 637.752525
2 9.960540e-008 744.452456 655.540384
6 1.638680e-007 742.674839 658.619337
2 2.129360e-008 884.404848 490.762388
6 2.520570e-008 778.287306 426.933792
2 9.792430e-007 855.380596 712.821391
6 7.339510e-007 679.170351 658.152888
2 1.552180e-007 741.854756 619.980148
6 4.409640e-008 518.133138 567.995224
10 3.333890e-007 480.379362 516.666401
3 2.071330e-007 453.320156 353.969385
11 4.055610e-008 444.401568 438.823670
6 1.451780e-007 563.601525 623.545664
10 6.040900e-008 612.155738 649.475760
2 1.175170e-007 768.220699 815.803832
6 9.941020e-007 677.080456 657.944899
10 5.535820e-007 460.662722 586.750732
8 6.331490e-008 525.876102 806.557923
2 3.879740e-008 702.204654 810.441989
6 4.736380e-008 768.757101 710.048824
2 1.137580e-007 698.992091 792.967578
2 6.209280e-008 764.300756 809.772032
2 4.735130e-007 811.167211 637.427326
6 4.003770e-007 692.945768 591.346490
2 2.781160e-008 765.877535 883.983962
8 8.265380e-008 474.603074 760.363390
10 3.606320e-007 463.532143 602.048367
6 2.832160e-007 544.808122 595.745530
2 3.617400e-008 632.063017 782.756385
6 1.308250e-007 570.812468 712.301904
10 1.031170e-007 536.954721 552.511516
2 6.386520e-008 845.601049 588.291987
6 2.024180e-007 596.610531 702.191051
10 1.739830e-008 518.964341 777.660595
8 3.137620e-008 499.556116 810.338070
6 4.119610e-008 641.802045 712.201878
2 1.447530e-007 694.614829 657.512866
6 2.168390e-007 645.161663 722.973192
2 8.872630e-009 641.291641 713.394619
10 8.932030e-008 541.998321 506.165995
6 9.271990e-008 543.657193 574.290346
6 2.234960e-007 611.454849 692.443920
10 4.426180e-007 401.582311 596.038401
6 3.312980e-008 458.953414 555.173008
10 1.107860e-007 478.349808 427.939298
3 2.162660e-007 458.426078 280.178558
11 1.950810e-007 429.230490 195.389010
3 2.473420e-006 376.937779 284.384242
11 5.695470e-008 350.841207 364.702115
10 3.773080e-008 374.136956 405.752826
8 4.326640e-008 304.346200 663.091482
7 3.299010e-008 166.501826 746.788517
8 5.997210e-008 343.464175 888.056089
8 9.018470e-008 225.602951 848.651118
8 2.245640e-007 329.961726 849.993038
7 4.437150e-008 165.937140 740.284652
8 4.075120e-008 232.309008 806.391975
7 4.796370e-008 257.111669 729.219242
8 4.806780e-007 274.075422 724.989762
10 1.508320e-007 365.924379 643.056444
6 2.953190e-008 521.400733 583.472772
10 3.602610e-008 483.683346 389.126745
3 1.134490e-007 439.134597 367.398951
11 5.556770e-008 380.017126 344.624039
10 5.171930e-007 356.540688 530.837883
3 2.613170e-008 425.989218 410.549268
11 1.877020e-007 428.983049 246.031948
3 1.372310e-007 371.009258 362.628701
10 3.562590e-008 333.562270 398.342317
4 7.491320e-008 300.685806 179.083759
5 1.064120e-007 263.968198 107.021152
11 9.967510e-008 254.079742 87.613898
3 5.552570e-008 280.778426 237.663830
4 1.675600e-006 145.487924 157.099223
5 1.231680e-007 184.791497 254.379096
11 1.244130e-007 393.198993 287.330345
3 3.710980e-006 395.205686 286.792657
11 4.226050e-007 440.330301 146.657492
3 2.456830e-008 441.500767 144.784358
11 1.198220e-007 459.981961 241.865186
3 1.740130e-007 458.051233 243.025289
11 4.105320e-008 441.992766 297.523540
3 1.453160e-006 443.085284 299.341783
10 5.905530e-008 471.789231 467.289458
6 2.175580e-008 550.683589 692.191459
10 2.864690e-007 363.573148 570.316405
7 1.277760e-007 213.969897 539.682310
10 3.510380e-007 339.631404 557.897259
8 2.209210e-007 398.289879 675.847853
8 1.093620e-006 304.946222 787.520754
10 6.879120e-007 375.633685 559.430748
7 3.366070e-008 232.087289 503.036214
8 2.489210e-007 413.770314 737.137542
10 6.017390e-008 419.128807 751.096836
10 3.340390e-007 464.462912 527.265581
3 1.130750e-008 459.552340 504.502839
8 9.491670e-009 393.315228 583.839916
10 4.918130e-008 520.201558 364.909410
3 1.058940e-007 521.334832 244.246143
11 1.992460e-007 446.771102 218.571976
10 9.113840e-008 521.933153 524.311833
6 1.577700e-007 543.566446 591.354241
10 1.639490e-008 550.390642 692.588839
6 5.965140e-008 583.973286 713.774162
2 1.452590e-007 710.242719 640.872587
10 2.866280e-006 439.108291 546.917303
8 8.352930e-008 420.173973 663.824208
10 1.460040e-007 511.727358 444.044009
3 1.380240e-007 412.745591 343.340726
11 2.793790e-007 412.313525 252.149041
3 4.354580e-008 491.221910 175.364471
11 5.295430e-008 520.961857 216.762412
3 4.783600e-008 213.476190 327.126875
4 1.026020e-007 169.024475 333.374164
11 8.126910e-008 445.460617 303.286428
3 5.212980e-008 509.048171 366.202217
10 7.230300e-008 482.415137 401.436935
6 1.297490e-007 612.459824 574.522419
2 1.379110e-007 728.763568 691.093712
6 8.892000e-007 633.034372 661.826468
10 6.087570e-008 586.184401 677.242100
2 1.872370e-007 824.146438 628.710152
6 4.608520e-008 703.419492 561.442739
9 1.201900e-007 845.197732 220.045550
