3 7.614650e-008 640.675856 631.418107
11 1.289990e-007 452.992463 434.395361
7 9.404540e-008 474.488627 281.676222
8 2.454060e-007 542.095491 222.906209
5 9.686380e-008 639.497373 150.960930
8 6.111430e-008 565.221071 260.335547
3 2.373190e-008 785.407815 665.449549
3 3.249810e-007 696.171432 721.499420
3 9.173170e-007 665.656109 760.326590
11 6.298100e-008 484.403755 491.644364
3 8.233900e-008 671.414262 581.024746
11 3.861060e-007 423.900912 511.174439
7 1.159160e-007 464.243873 349.366246
8 1.169110e-006 536.242175 206.785809
3 3.237030e-008 536.554994 607.434401
11 1.081890e-007 460.636078 575.578502
7 9.583170e-008 411.700424 447.949727
11 6.981760e-008 461.992538 367.740294
8 9.029120e-008 514.496730 237.786857
7 1.324890e-007 426.253116 315.140945
8 1.044400e-007 498.534110 125.995998
5 4.061060e-009 482.849895 153.393323
7 8.745090e-008 468.968648 325.190110
7 2.639530e-007 223.424868 312.814915
11 2.540760e-008 314.161887 264.227322
7 7.077100e-008 224.959175 178.650010
7 1.261780e-007 205.055460 210.685404
7 8.277580e-008 158.089770 316.236578
7 5.333470e-008 165.088836 229.770315
11 1.345590e-007 343.381976 430.348093
7 1.186850e-008 179.636494 409.506049
11 5.513980e-008 130.142373 490.502147
11 7.222470e-008 344.060171 633.365000
10 5.457900e-008 219.855532 724.797536
2 1.583250e-008 256.641981 811.460957
6 2.255570e-007 257.890567 814.402439
9 2.413860e-008 307.000891 771.004353
10 1.639610e-006 152.882344 784.873257
2 1.069780e-007 76.206173 720.534380
6 8.729810e-008 223.100278 783.733762
11 3.868640e-008 188.014651 639.300589
10 7.735530e-009 174.725764 634.982793
2 5.045760e-008 108.872271 760.811514
4 1.521120e-008 178.454653 821.383419
6 2.505580e-007 184.897127 820.592406
10 1.081780e-006 148.893127 797.453588
2 8.838660e-008 180.574339 803.121858
6 1.051540e-007 245.109991 749.675162
9 1.165000e-008 221.986499 714.068199
10 4.052760e-008 272.925001 661.014087
11 3.384430e-008 376.973787 726.662489
6 3.821800e-008 370.958507 908.167262
9 1.663150e-007 334.909342 928.980184
4 5.713510e-008 86.002342 914.032375
10 1.025640e-008 77.800534 909.671386
2 5.583850e-007 54.603295 873.505731
6 1.249470e-007 157.177088 746.581365
4 2.266050e-008 199.115292 831.588426
10 4.891440e-008 206.372042 825.499288
2 1.400350e-008 243.142769 794.644973
6 5.721830e-009 116.835208 927.732147
9 2.200690e-007 338.073721 880.878796
6 3.764300e-008 231.461263 767.376291
10 2.793640e-007 189.247441 819.959550
4 4.510960e-008 231.171072 938.051120
9 6.310020e-008 315.875217 891.830978
6 2.652320e-007 242.028160 956.023566
2 1.303510e-007 137.516038 844.398626
10 2.609170e-007 135.809071 838.815487
4 1.246720e-007 87.234133 900.600581
6 1.427150e-006 272.943496 868.170841
9 9.194530e-008 353.304198 861.140023
10 4.960080e-008 272.189967 748.133124
6 6.613230e-007 245.865398 881.275103
9 9.767410e-008 331.166029 904.131328
2 2.022560e-007 52.193168 902.992801
4 8.521120e-008 50.328278 902.493099
10 6.529690e-008 41.533346 900.136477
6 1.120590e-007 211.368168 883.687528
2 1.146420e-007 178.775136 824.159081
10 1.581480e-007 189.827044 826.307382
6 2.427060e-008 259.026865 664.688586
2 6.057630e-008 154.496441 704.792038
10 2.561270e-007 163.553161 710.900872
6 2.620350e-008 92.507225 706.743741
2 1.285120e-008 234.070709 895.398061
10 5.583470e-008 237.166904 905.525297
6 1.470240e-007 224.945864 899.007094
9 1.142930e-007 358.033208 907.808647
6 6.204780e-008 379.033577 648.548542
11 1.162210e-007 352.574628 589.120381
11 6.227110e-008 228.213389 452.674201
7 7.189560e-008 139.827091 433.049402
10 1.674610e-008 195.133595 530.790373
11 2.455900e-008 209.724369 472.292505
3 3.820240e-008 590.131348 571.697029
8 6.293810e-008 595.825245 237.343276
3 1.244500e-007 688.690005 638.344047
3 1.466840e-007 724.452689 719.809070
3 1.157500e-007 572.225430 688.389013
11 1.265570e-008 601.635986 553.923922
3 2.226650e-007 548.356487 711.721932
11 8.570560e-008 469.514982 550.088454
3 2.233040e-007 586.957884 738.061085
3 4.832300e-006 642.974108 717.934269
9 1.240320e-008 494.955368 680.655470
11 1.368490e-007 417.500508 561.789472
11 3.217540e-007 290.144117 570.885082
11 5.430780e-008 384.599547 689.544232
6 2.465560e-007 346.747089 832.231261
9 6.006360e-008 346.320044 833.069385
11 3.766080e-008 289.700305 714.842440
10 3.171630e-008 210.638025 756.880629
2 1.859810e-007 160.724428 784.294909
6 1.407660e-007 273.912710 740.846249
10 7.021050e-008 270.871997 750.622029
9 2.799310e-008 320.985277 703.197869
6 8.534550e-008 289.167973 690.984466
2 1.053950e-007 188.101937 844.668113
10 3.333490e-007 181.002520 786.988064
2 6.951860e-008 110.315541 684.762614
10 4.904840e-008 166.484402 639.779062
11 6.854590e-008 319.130980 650.452855
3 6.876140e-008 621.070049 630.790984
3 4.029880e-007 651.108753 663.253026
3 1.004900e-007 669.909339 784.842604
3 3.233440e-008 858.100682 795.250243
3 5.224270e-008 675.028954 917.619308
9 3.331270e-008 500.504527 901.822865
3 1.358460e-007 577.749893 775.378894
9 6.615850e-007 461.806426 861.148918
3 1.065610e-006 595.759758 719.724978
3 3.528030e-008 475.412589 629.720698
11 3.013990e-008 536.267971 621.168271
3 1.914390e-008 748.007739 698.079829
3 2.006670e-008 719.289206 870.621944
3 3.924980e-008 622.337455 608.114603
3 9.772380e-008 751.234683 739.700466
11 1.711200e-008 491.436027 309.141994
8 4.519170e-006 545.381000 193.456309
7 7.494800e-008 385.908779 216.626565
5 3.245800e-008 517.759419 104.676632
8 1.100760e-007 646.630438 151.581689
7 4.882680e-007 382.220806 342.185190
11 8.077410e-008 306.636262 352.807919
7 7.924280e-007 306.494823 255.027690
8 3.013220e-004 543.642845 172.465927
5 2.087300e-008 449.948819 61.957388
8 5.062620e-006 543.337665 193.107682
7 9.290730e-007 358.831668 324.060049
11 5.483860e-007 379.577535 462.709786
8 4.426000e-008 429.094142 332.052148
7 3.091920e-007 379.285511 326.817018
5 6.765080e-008 613.518492 143.797684
8 1.021490e-007 633.207786 123.898212
7 1.821090e-007 404.867195 346.900749
11 4.647410e-009 461.895992 291.828586
8 9.699450e-007 531.125874 192.953211
8 1.880460e-008 542.461689 404.090820
11 8.404090e-008 432.986334 372.598357
7 6.374300e-008 429.243249 371.086054
7 1.005290e-007 284.563579 204.360189
7 9.099560e-008 154.363156 270.602911
7 5.766160e-008 133.458177 237.608260
7 8.028770e-008 248.575626 156.394540
7 1.822160e-006 281.658207 287.577855
7 2.849700e-007 231.277611 340.295236
7 2.875160e-007 351.790750 222.675008
8 2.647560e-008 376.881199 169.377860
5 7.511620e-008 568.356356 114.915757
8 2.546980e-008 673.426185 122.262794
5 7.616090e-008 601.254969 174.216200
8 3.271130e-007 560.049701 99.880274
7 1.574450e-006 337.222469 277.280982
11 1.852140e-008 260.824449 309.822032
7 8.358950e-007 366.456998 274.208022
8 1.121460e-007 452.078722 151.559362
5 2.204970e-007 605.169761 107.795287
7 1.380630e-007 401.387781 339.904944
11 1.686830e-008 430.030233 363.517625
3 7.879660e-008 560.146847 661.355996
3 9.914820e-008 727.156332 638.859194
3 1.407420e-007 733.724224 740.723022
9 1.810930e-008 523.267461 714.584028
3 4.494470e-008 660.786186 488.781896
5 8.332400e-009 746.728000 293.235185
11 1.927480e-007 443.873765 475.875250
3 5.429870e-008 697.535312 582.475495
11 1.487030e-007 455.448833 534.160653
5 2.804120e-008 787.719532 294.111715
8 3.224910e-008 754.456719 231.400441
3 4.262720e-008 565.478830 575.336638
11 1.243260e-007 405.503017 597.918050
10 5.177100e-008 206.444695 588.641610
11 3.485650e-007 285.475766 514.943957
11 4.829210e-008 191.885285 593.976696
11 4.465640e-008 208.298173 474.179086
11 8.735310e-008 192.519404 442.474848
7 7.953590e-009 112.971643 436.912071
2 1.004510e-008 181.510603 579.790760
11 1.079380e-007 293.111715 539.170835
7 5.293220e-008 424.868793 490.409737
11 5.584340e-008 503.172802 547.300650
3 5.016340e-008 635.768850 583.236376
11 9.754380e-008 467.797242 509.117750
7 2.094020e-007 360.254685 401.297941
11 1.823600e-008 493.245233 516.857743
7 3.700960e-008 377.336133 512.486714
11 1.406760e-008 564.073734 649.441421
3 7.949400e-008 535.546384 639.154759
9 6.474720e-008 381.851964 804.541018
6 1.762120e-006 316.696790 834.923506
10 4.015140e-008 242.028648 875.023786
9 3.712280e-008 246.864285 780.213020
6 1.905850e-007 178.525319 749.786648
2 9.833400e-008 97.748606 713.822651
10 2.116720e-007 87.259493 709.152612
9 2.307760e-007 389.805007 818.239892
6 2.627840e-007 352.472381 888.602708
4 7.256540e-008 141.605036 869.971234
10 2.802900e-007 130.976152 860.400842
2 7.042430e-008 175.674437 793.448354
6 6.058740e-008 273.891587 733.400684
9 1.205220e-007 331.547027 891.807989
6 3.620220e-007 225.255838 812.231932
10 2.923440e-007 184.029366 751.110837
2 2.090530e-008 135.969999 679.859504
6 6.090000e-007 335.758903 804.471395
9 3.672540e-008 344.310583 784.543486
10 1.891990e-007 189.044968 712.141446
2 1.195300e-007 113.885606 749.670448
4 8.933420e-008 22.583493 834.845821
6 3.983260e-008 192.494869 880.374009
9 4.534240e-008 312.481753 973.684392
10 7.589360e-008 226.958582 832.334213
2 4.711860e-008 150.226563 876.635547
6 1.299530e-007 142.741688 880.956949
4 4.590720e-008 125.010943 875.031175
9 5.186290e-008 376.181830 792.645810
6 8.809730e-007 327.219108 853.119410
10 3.870870e-008 190.399244 682.701966
2 3.417990e-008 35.732729 643.416025
4 9.377840e-008 36.361470 829.404795
6 1.029780e-007 199.990309 777.646247
10 1.839120e-007 197.682191 776.940587
2 6.496370e-008 37.573084 727.990471
6 1.326350e-007 344.305788 853.094698
10 3.437070e-008 345.833510 854.915355
9 1.666980e-007 331.024695 838.648783
2 9.010700e-008 169.650130 695.687272
10 4.994320e-008 197.672291 634.722555
2 1.128270e-006 63.032535 774.933675
4 4.145090e-007 56.673519 957.030915
10 1.455190e-007 20.668259 803.173837
2 7.288210e-008 59.303553 937.765242
6 1.856840e-007 196.820315 891.885925
4 3.436440e-008 215.384303 883.620641
10 1.994730e-007 210.591981 746.067414
11 1.180230e-007 362.000327 646.301573
6 1.637160e-007 168.619464 812.623031
10 3.000250e-007 158.735026 820.917100
2 1.759690e-007 107.466318 863.936866
4 3.949370e-008 105.407158 879.467763
10 5.768840e-008 159.421125 929.540027
2 6.102680e-008 178.577947 852.707135
6 6.310490e-008 179.359933 849.570799
9 2.048730e-008 275.367959 914.061183
4 8.341190e-008 134.330526 967.086069
10 4.184430e-008 252.429918 906.911247
6 1.609820e-006 283.554735 891.052315
2 1.076130e-007 88.201133 945.877513
9 3.913290e-008 247.007136 787.730821
10 4.582060e-008 242.707018 776.528698
6 1.045240e-007 224.962886 730.303931
4 2.778080e-008 206.614184 918.523197
10 4.438840e-008 215.615093 907.407915
6 1.607590e-006 256.557950 856.847312
9 3.154110e-008 380.888976 746.095401
10 1.936500e-007 194.882268 753.356711
6 7.894280e-008 116.940155 729.527474
2 6.896450e-008 59.944913 712.102322
9 7.488290e-008 381.875082 743.465809
11 1.481450e-007 407.429733 582.856540
11 4.246460e-008 533.816917 503.886770
3 5.615010e-008 553.102284 636.409549
11 7.002460e-008 448.823449 566.651867
6 9.361110e-008 332.728149 778.295690
9 1.907820e-008 329.607057 783.701590
6 3.904360e-007 342.835108 814.771453
9 6.814110e-008 343.889993 808.788980
11 1.798240e-008 297.422975 738.666963
10 4.837920e-008 232.171403 797.419913
6 2.483230e-008 265.268320 996.482264
4 1.437750e-007 149.841362 977.526991
2 1.566920e-008 239.418207 985.363608
9 1.193870e-008 299.294558 853.418163
6 4.250990e-007 268.319760 789.150260
10 5.782860e-008 237.228450 802.992865
4 8.837720e-008 69.561819 802.651015
2 8.618180e-007 53.696392 770.122186
10 1.730710e-007 201.044518 739.067832
6 9.634170e-008 204.495294 788.414185
4 6.603820e-008 186.701730 919.321027
2 4.077070e-008 105.026794 904.919472
10 4.232110e-008 221.245843 874.770729
6 1.023390e-007 187.906470 867.073671
4 3.213600e-008 25.589855 829.599649
2 2.189840e-007 63.664194 895.298759
6 2.628430e-008 343.829079 983.837516
9 6.162010e-008 332.614588 914.987138
10 1.926030e-008 312.823005 809.490462
6 2.591890e-007 202.965028 897.380306
2 6.121240e-008 229.083491 781.009584
10 2.858200e-008 276.628000 697.297459
6 1.266900e-008 259.113153 737.333438
10 5.398880e-008 268.648201 846.317309
4 6.977080e-008 83.899585 920.174510
2 7.396620e-008 75.536601 921.952140
6 1.353610e-007 190.136288 784.377224
10 7.325220e-007 81.797463 757.365559
4 7.875120e-008 124.799077 873.693133
2 1.131040e-007 130.404692 880.373620
10 4.814390e-008 239.781009 703.845271
6 8.287490e-008 296.437516 708.802127
2 1.531170e-006 35.020604 776.130648
10 2.329030e-007 69.761951 831.965614
4 5.423300e-008 114.022583 884.713517
6 1.330650e-007 158.353653 937.545366
9 1.836870e-007 359.468276 874.141024
10 1.838270e-007 211.338091 775.232094
2 5.646500e-008 177.938156 857.899770
6 9.753790e-008 161.784279 897.881989
4 1.138000e-007 146.105379 883.792300
10 2.394740e-008 32.543347 894.910833
2 5.435990e-007 113.009515 848.453777
4 3.604000e-008 195.152140 800.064938
6 7.660910e-008 196.118174 799.028989
10 3.765260e-008 245.530063 824.408487
2 5.903120e-008 110.673937 940.938606
4 1.017580e-007 88.539171 958.862899
6 5.702640e-009 87.391783 959.792031
9 4.063980e-007 396.264127 886.857271
6 6.314820e-007 270.034776 905.120759
10 1.061380e-006 166.229724 774.458329
2 1.182360e-007 162.107451 765.618072
6 1.112200e-006 284.410584 805.605761
9 6.599030e-008 314.433469 792.135916
10 7.226230e-008 152.469930 872.993460
2 1.720600e-007 144.318395 867.285668
4 2.724810e-008 144.158311 812.909196
6 4.225330e-008 169.622656 746.571927
10 5.899540e-008 217.829042 803.267951
2 4.878810e-008 228.069607 803.625556
6 3.926540e-008 299.638569 894.113224
9 1.446100e-007 316.144035 944.913066
6 3.750030e-007 282.122218 936.704623
9 2.213940e-007 349.114055 841.030387
11 8.405340e-009 218.055723 706.728254
10 2.017430e-007 172.756457 760.714158
6 1.780870e-007 164.244903 832.822817
2 1.016490e-007 166.768633 844.696107
4 4.890450e-008 190.699392 957.282198
9 9.260550e-009 255.232424 822.978629
10 1.746260e-007 159.022819 857.995799
2 1.101200e-007 130.383897 855.216634
6 6.740160e-008 132.814024 852.700170
9 5.765500e-008 311.121866 819.209281
6 6.950510e-008 339.726684 746.054670
10 8.914960e-008 266.104736 785.965934
6 1.473410e-007 357.490948 932.214282
9 1.288620e-007 357.964184 932.971617
6 1.317160e-006 273.921920 889.500295
9 8.655790e-008 273.052788 889.766015
10 4.106770e-008 308.018242 888.152727
6 7.704600e-007 222.772484 839.515158
10 3.092520e-007 169.236904 745.555767
2 3.035150e-008 110.131267 710.041502
4 6.583820e-008 163.110016 845.452586
6 4.002520e-006 266.265665 841.850066
9 1.265090e-007 380.490234 786.022475
11 1.595260e-007 451.561238 531.447719
7 1.286820e-007 414.835040 380.240222
7 1.078080e-007 221.471780 253.453771
7 4.937820e-008 141.194290 249.858640
7 4.989980e-008 296.975806 144.126534
7 1.252100e-007 217.705844 258.904303
7 5.618490e-007 296.280453 351.426214
11 6.032560e-008 384.245382 339.887032
8 3.341100e-007 463.899130 161.481908
5 7.440290e-008 581.127409 140.811236
8 1.347330e-007 606.469431 93.853605
5 4.289500e-008 502.383681 82.913730
8 6.909570e-008 420.424929 94.670700
5 1.851630e-008 523.339738 254.843202
7 5.148340e-007 364.640618 282.826053
11 6.008660e-009 411.841401 328.894490
8 7.938010e-008 464.374973 244.241837
7 4.629220e-008 467.104759 257.437574
8 7.347010e-008 468.703990 287.952395
8 5.662360e-008 445.893489 91.974735
7 8.948660e-007 334.649266 264.861213
11 2.744060e-008 355.179664 369.612114
7 1.430990e-006 354.521998 335.841006
8 3.027170e-008 470.939393 303.245920
11 2.822660e-007 421.488267 470.906405
3 5.041940e-008 651.546535 565.769628
3 7.182330e-008 702.123903 663.288364
9 4.399890e-008 532.251740 806.732738
3 7.296880e-008 685.553124 616.893325
3 5.591990e-006 650.210848 735.760362
3 3.646070e-008 775.348684 878.254685
3 9.023670e-008 734.592309 785.213842
3 2.539380e-008 507.633692 675.614991
9 5.326450e-007 483.621865 837.856247
6 4.845160e-008 528.001801 761.503951
3 3.855550e-008 598.203185 573.628330
3 1.555190e-008 796.334322 699.052937
3 1.136600e-007 727.787160 789.213750
9 2.814260e-008 545.345340 917.109974
3 3.994610e-008 590.871962 798.058633
3 3.486900e-008 709.397581 778.829811
9 4.441530e-007 508.243860 890.715000
3 6.019250e-008 769.347339 772.610608
3 2.744610e-008 757.035068 624.266284
3 6.090420e-008 705.149687 820.477167
3 6.941600e-008 701.198000 642.024868
7 1.274910e-007 458.113650 257.663904
8 3.792840e-008 458.426037 257.580201
5 5.434800e-008 532.792590 79.413281
8 4.541000e-007 572.283114 213.217345
7 1.413410e-007 418.623291 260.579626
8 2.318620e-008 498.300594 423.941718
11 6.598000e-008 483.189618 398.009741
5 5.267600e-008 547.448713 210.836375
8 6.031170e-008 451.356802 186.878240
7 9.146620e-009 461.768643 231.391594
3 3.606820e-007 639.383463 675.147070
3 6.684770e-008 570.289210 660.294545
9 6.327690e-008 490.175142 761.415924
9 1.427200e-007 522.997784 910.417897
3 8.111570e-008 667.679896 814.686755
3 2.315700e-007 695.231702 701.693311
8 7.021980e-008 572.649245 330.978348
11 5.769790e-008 392.806022 386.076874
7 5.807150e-006 313.260140 321.662280
7 1.525440e-007 223.404356 283.915444
7 1.940670e-008 208.809549 140.724228
7 1.199800e-007 189.813479 263.214861
7 5.179520e-007 272.777423 289.497580
11 1.323780e-007 394.111100 391.820719
7 1.463440e-007 429.945668 366.435925
11 1.567130e-008 282.252338 270.523070
7 2.158080e-006 285.753379 329.631198
11 2.601400e-007 419.755834 429.917094
7 9.870140e-008 398.280585 432.499364
11 3.357790e-008 502.224527 570.437618
3 6.324850e-008 486.986193 705.350635
9 2.879010e-008 471.228000 689.722407
3 1.856770e-007 586.477240 635.221507
11 3.543300e-008 509.749752 498.331507
8 2.421320e-008 441.546949 313.220935
7 1.808030e-007 428.164403 307.262661
5 1.681910e-008 549.000948 219.888097
8 5.412670e-008 552.904751 333.078163
11 1.270310e-007 441.937812 427.550780
3 6.891510e-008 709.617164 592.704307
3 2.619590e-008 664.367979 867.445580
3 2.517410e-007 644.810636 801.543592
11 4.114540e-007 325.032073 574.663323
11 1.879960e-008 489.233422 658.658835
3 1.229150e-008 521.059102 613.938577
8 3.932380e-008 477.634646 221.998415
7 2.142930e-007 423.219509 279.340125
8 2.401380e-006 537.774901 159.427931
5 1.170120e-008 497.676989 208.944940
7 4.520630e-008 426.510423 154.871117
8 2.210640e-008 383.763016 302.207762
11 4.081170e-008 430.082819 434.848712
3 1.187940e-007 737.710494 609.493144
11 6.512390e-008 430.022083 591.161792
9 3.825430e-007 388.035079 852.042994
6 1.719930e-007 390.815620 855.476680
10 1.876150e-008 288.578767 820.120788
9 1.406340e-007 332.606550 888.618327
6 4.336410e-007 333.676693 884.326253
10 2.903370e-008 218.372603 644.347445
9 4.896140e-008 208.138124 860.864820
6 6.907560e-007 204.181417 862.709867
4 1.826250e-007 96.052191 913.131456
2 1.928320e-007 114.966861 853.036088
10 2.775880e-007 156.611277 732.091509
9 1.486430e-007 370.745887 837.283714
6 6.000230e-008 371.717941 841.494161
10 1.205550e-008 230.399308 717.720131
11 2.296450e-008 360.983310 685.134285
11 2.532480e-007 450.808282 533.811361
3 6.776440e-008 522.327352 669.810340
3 5.306810e-007 651.435335 674.576798
3 8.799860e-008 788.757312 783.784786
9 9.287980e-008 528.251879 953.072045
3 3.874570e-008 704.359128 876.501416
3 8.725120e-008 750.100168 701.635395
3 4.072620e-008 734.012301 573.857689
3 2.407600e-008 510.336059 607.452292
3 9.287400e-008 753.005014 699.728327
9 1.117480e-007 574.749926 867.174662
3 1.288670e-007 563.990252 764.801047
3 6.063290e-007 643.496983 687.818182
3 7.060070e-008 616.005437 681.261411
3 2.494640e-008 700.005096 604.200763
3 5.812550e-008 772.789046 783.969452
9 4.255700e-008 553.625544 901.333271
3 1.539710e-007 533.825391 739.579942
9 3.153580e-008 525.220867 742.079211
3 7.717540e-008 543.336895 565.740381
3 1.557390e-007 567.457031 791.856851
9 2.673270e-008 613.284104 821.036404
3 7.245330e-008 722.711435 685.009174
3 5.659230e-008 514.104342 665.708273
3 4.488550e-008 725.877709 630.606778
3 4.714340e-008 796.777584 738.694626
11 3.276550e-008 474.327731 469.245267
8 9.950800e-008 528.577040 310.637559
7 7.983040e-008 463.117504 313.823336
3 7.150810e-008 563.042179 686.900791
3 3.691810e-008 781.183219 632.279501
3 1.951580e-008 674.655243 651.049269
9 4.432960e-008 565.284150 761.951920
3 1.404190e-007 538.555245 802.310653
9 3.109420e-008 585.627550 881.827072
3 1.248640e-007 637.421792 798.938420
5 3.950780e-008 705.865412 269.330238
3 9.302130e-008 712.284131 645.075568
3 1.454240e-007 584.995462 825.167608
9 5.549210e-008 528.185561 770.306819
11 3.269900e-008 547.215347 499.985215
7 1.764050e-007 414.229205 295.636951
8 6.959530e-008 418.245616 218.993194
11 1.361960e-007 409.436127 406.078310
3 2.503880e-007 654.178573 631.074488
3 1.595780e-008 812.026902 576.716468
3 1.372570e-007 726.609053 687.632059
3 3.559880e-008 571.893203 594.215742
11 7.913740e-008 475.769067 487.557985
7 3.618250e-009 451.418017 372.066947
3 2.522640e-007 607.642401 669.025227
9 4.795240e-008 615.477376 846.123371
3 1.081520e-007 665.108122 637.208286
9 7.681700e-008 494.711710 779.851231
3 1.387460e-008 651.949456 876.441401
3 2.101790e-007 706.416931 741.752981
3 2.862490e-008 840.558291 727.995601
3 2.745040e-008 641.638108 580.440667
3 3.515450e-008 709.882560 872.202501
9 5.894980e-007 468.767134 890.809193
3 6.711910e-008 555.714930 832.839106
9 1.513630e-008 465.975055 636.982167
3 2.185210e-007 636.050889 672.529370
3 2.826160e-007 661.778839 795.986634
3 1.104060e-007 640.820197 830.585284
9 1.232050e-007 506.448002 801.200312
3 3.008970e-008 616.778176 898.786401
9 1.370710e-008 519.017933 959.051427
3 1.223140e-007 612.807000 836.120864
9 2.060390e-008 612.807000 742.237284
3 2.338970e-007 664.000690 769.601079
11 1.116610e-007 503.468409 539.296212
3 8.465460e-009 545.357989 571.671340
3 6.684450e-008 628.026983 827.409839
9 1.140520e-008 622.026230 778.538814
11 4.901480e-008 433.447129 584.440429
11 1.546300e-008 498.102119 398.655397
7 8.909120e-008 446.917715 246.756081
8 1.095680e-007 445.046526 241.321792
7 2.538650e-007 361.930055 330.573776
11 9.019320e-008 392.743896 408.367927
6 5.723870e-008 233.756683 726.226601
10 4.868830e-007 153.724448 750.694961
2 7.466650e-007 71.622750 775.796020
4 8.727170e-008 112.408044 884.931657
6 2.616400e-007 345.946342 933.046528
9 4.152520e-007 358.209894 905.629318
10 2.149220e-008 244.938461 765.986346
6 2.734050e-005 282.756116 854.580781
9 2.226600e-008 220.929323 853.164376
2 9.499130e-009 279.997626 796.122936
10 2.533780e-007 179.062202 755.700535
6 2.771810e-007 257.054094 804.435286
9 6.130440e-008 324.612333 846.650366
2 1.980350e-007 103.107385 794.901879
10 1.479500e-006 98.790128 798.654825
4 2.971360e-008 130.345745 811.735824
6 4.496960e-008 214.789128 807.310184
9 4.497060e-008 226.862295 871.761776
2 7.282810e-008 157.583279 804.757232
10 1.201670e-006 158.102411 798.823609
6 1.005870e-007 257.052588 729.233973
11 1.389090e-007 368.514878 568.866855
3 2.491050e-008 520.903976 569.247434
11 5.466670e-008 422.143533 359.111887
7 3.222250e-007 391.900371 344.361366
11 5.343290e-007 393.297777 467.172614
7 1.350370e-007 446.169233 375.596389
8 5.284160e-008 405.674972 294.593656
7 1.271280e-007 352.865710 398.237290
11 2.630660e-007 333.961892 409.785536
7 4.001480e-007 278.612126 236.089914
8 3.139230e-008 398.095052 286.018459
7 1.873210e-007 409.155995 280.395886
7 5.792940e-008 443.009376 142.370081
8 9.504290e-008 443.185990 142.087440
5 2.498700e-008 612.616560 252.647557
8 9.207960e-008 598.471280 325.417698
7 7.055450e-008 460.106685 232.184603
8 1.222910e-006 515.769457 188.696082
5 2.149630e-008 513.944819 156.412284
7 9.002040e-009 477.738649 410.685786
11 7.933110e-008 473.073400 455.071685
3 1.475410e-007 549.372010 690.571792
11 2.045530e-007 374.978794 573.372568
11 1.019790e-007 280.686286 580.524115
9 1.765780e-007 358.086262 824.588761
6 6.210350e-008 355.227310 833.940000
10 5.375630e-008 240.700925 822.534910
6 5.553030e-007 299.983985 800.957719
9 6.818540e-008 352.904399 781.696333
11 4.066510e-007 365.320339 546.326510
9 1.112160e-007 431.243189 795.032662
6 6.364500e-008 377.543807 789.388770
10 1.354810e-007 255.781535 760.640403
11 1.423930e-007 471.225366 513.993437
8 1.071130e-007 538.720006 250.232295
7 1.269430e-007 385.654385 197.527954
3 1.424910e-007 565.545730 655.186414
3 6.573900e-007 625.905471 689.564643
11 9.318740e-008 419.775678 524.677718
11 6.428080e-009 548.956383 418.932703
7 8.615530e-008 439.773775 348.594461
8 1.740950e-008 414.604181 208.439994
7 7.523430e-008 473.387315 198.191667
8 2.050640e-007 529.449302 256.693344
7 1.970750e-007 225.641418 325.417162
11 3.396140e-008 378.988444 319.859935
8 1.667550e-007 554.659678 276.059826
3 2.807080e-008 645.481589 609.933915
3 1.083930e-007 601.521984 652.192200
8 1.650690e-007 633.871702 193.831148
5 2.370060e-008 711.009658 196.524847
5 4.340760e-008 659.067409 194.260290
8 1.547340e-008 706.968599 257.827309
3 1.480780e-008 510.243723 607.065046
3 9.623350e-008 723.597227 659.506392
11 1.075850e-007 391.308910 485.379913
7 1.722810e-008 496.010409 501.849325
3 4.008500e-008 492.289135 665.351374
9 7.675450e-008 492.619733 771.083325
3 4.747790e-008 494.648884 785.521548
3 6.608980e-008 749.286735 761.398984
3 6.512080e-008 719.735470 726.062235
11 7.980160e-008 439.582611 562.423425
6 5.418160e-008 383.355846 813.689961
9 8.040170e-008 376.124164 828.516981
4 1.703480e-008 199.172532 915.003816
2 3.846320e-008 202.029305 913.287301
10 3.911370e-008 288.947102 861.062042
