4 1.287590e-007 745.550151 563.067729
4 4.499740e-007 647.516036 503.990946
11 2.223360e-007 698.085506 280.520048
4 8.113330e-008 774.950928 365.425135
11 1.007350e-007 725.979864 337.489307
4 4.223530e-006 676.785617 475.007883
8 4.838670e-008 582.527551 599.059231
10 9.924180e-008 454.718212 442.514344
5 2.409930e-008 452.636444 432.720425
3 7.491550e-008 433.089721 340.760611
7 2.356700e-007 482.746735 274.497526
11 1.025490e-007 549.816937 216.194029
6 3.127550e-008 599.518381 175.942491
7 5.837630e-008 565.493289 265.529699
11 1.952560e-007 565.740464 270.246014
4 5.636860e-007 603.737896 419.914488
8 1.866970e-008 640.305276 506.061897
11 1.783910e-007 746.594564 259.175189
4 1.604950e-006 705.419386 486.696632
4 3.038040e-008 762.497795 635.680756
9 4.116160e-009 853.271589 661.710013
