7 4.527090e-008 839.626761 330.072607
7 2.189510e-007 708.068884 402.162580
7 3.375410e-008 431.555229 333.541418
3 3.626610e-008 706.133357 90.368108
7 2.191180e-007 568.160409 316.420638
7 3.013510e-008 771.647620 238.887796
7 4.151810e-008 727.982784 522.511790
8 6.038540e-008 640.570068 825.721963
7 2.756700e-007 512.162391 422.938625
9 2.272340e-008 479.438866 577.388132
7 2.128760e-008 754.895374 575.187333
9 1.249850e-008 443.475019 432.666299
7 8.328560e-008 489.592477 298.340685
7 3.133310e-008 607.128681 566.688522
9 1.620510e-008 458.962651 591.500015
10 6.600040e-008 324.415158 526.541889
7 1.035690e-007 509.862423 298.247767
7 2.071190e-007 508.495591 364.717330
6 9.376740e-008 230.480670 308.398583
10 1.725390e-007 191.655862 312.260448
5 1.846130e-007 209.909245 177.692803
11 9.265420e-008 200.321169 178.363245
5 5.162900e-008 40.397172 186.229039
6 3.584490e-008 221.511310 175.956236
11 7.204910e-008 152.014541 121.659296
5 1.042740e-007 102.742063 66.213651
11 4.598040e-008 83.692800 155.601404
6 2.173120e-008 59.320500 143.687158
5 4.697930e-008 168.716111 192.736933
11 2.067450e-008 12.643567 113.281889
5 7.405990e-008 95.455261 192.528672
11 2.195980e-007 147.983462 90.920837
10 5.311370e-008 201.341122 216.192167
6 1.113510e-008 201.806792 215.501778
5 2.819180e-007 251.330942 142.078803
11 3.834750e-008 75.958691 171.845224
10 3.187640e-008 154.888343 308.312792
6 2.283470e-007 154.579603 307.548634
5 5.102660e-008 102.864669 179.550051
11 2.991680e-005 221.608643 27.512144
5 2.484450e-006 197.497007 99.984540
11 5.358150e-009 94.716515 139.786911
5 3.969900e-008 170.875451 222.874109
6 1.761970e-007 151.673496 289.965418
10 3.593140e-008 221.493962 296.073974
9 1.494800e-008 209.491273 583.670808
10 1.046550e-007 190.631642 551.017228
6 1.370670e-007 245.258647 448.278742
10 3.308380e-007 176.394954 530.708793
9 1.063210e-008 138.592758 497.847935
6 1.429710e-007 75.694149 443.171158
9 2.608320e-007 339.823009 634.660433
9 1.022720e-006 324.745969 683.654169
9 4.256960e-008 179.351130 812.013188
9 4.670870e-008 95.771187 809.705213
9 1.029540e-007 244.291954 809.818849
4 1.614850e-008 279.997675 803.397346
9 3.812880e-008 394.193375 824.320119
8 1.356830e-007 402.587439 871.925459
4 7.293570e-008 354.724734 917.539803
2 1.605190e-007 352.435927 918.861241
9 1.740580e-008 140.598152 789.770918
4 4.487480e-008 282.646046 913.803717
2 8.156280e-008 341.638728 871.083903
9 3.984210e-008 379.668754 766.596019
8 8.678180e-008 393.628409 717.796791
4 4.148600e-008 182.466412 968.485144
2 2.083520e-008 325.801126 878.919748
8 4.346700e-008 292.945790 911.762704
4 4.225540e-008 144.799224 929.544533
2 7.794230e-008 378.275743 858.955243
8 1.503970e-007 423.039292 842.118107
9 1.318270e-007 365.339181 770.863972
4 7.074250e-008 238.908656 879.411051
2 1.732450e-007 410.412092 925.365237
8 4.754600e-008 414.734193 926.523340
4 4.305070e-008 186.246081 868.948854
9 4.865150e-008 238.565065 810.277716
10 8.947750e-008 116.926531 628.677503
9 1.404150e-007 214.487600 746.377845
4 3.316740e-007 249.121699 944.627814
2 9.450180e-008 247.100381 951.200201
9 5.004680e-008 200.684899 805.625238
8 7.126940e-008 364.486280 901.192072
9 3.757070e-008 315.293753 506.065325
10 3.302530e-008 342.173468 584.129522
6 4.856790e-008 243.297088 460.359712
10 1.302080e-006 145.003802 457.403941
9 8.532430e-008 196.541017 524.169020
6 1.620080e-007 212.756878 455.094343
10 7.064560e-008 201.027607 611.926339
9 6.136730e-009 443.203506 592.053329
7 4.282220e-006 598.663795 399.919545
7 1.540750e-007 675.785021 528.921695
7 8.251700e-008 664.438829 581.885615
8 8.906420e-008 574.318789 688.106262
7 7.210370e-008 574.580820 521.560514
8 3.844000e-008 572.118454 732.065601
8 1.277590e-007 510.594312 769.348345
9 6.751320e-008 274.583619 535.317149
10 1.426990e-006 204.612214 489.877285
6 2.117620e-007 136.290584 445.508797
9 5.518240e-008 432.888130 606.475573
10 5.882890e-008 336.395010 598.884655
6 2.535020e-008 336.798075 599.642711
8 3.408330e-008 396.399585 660.533382
9 3.478310e-008 411.370584 566.011156
2 6.542690e-008 319.251897 886.193773
8 3.658800e-008 317.466199 886.554187
4 5.135810e-008 328.071601 811.092506
9 4.048130e-007 344.803358 692.039353
9 8.253790e-008 186.717528 774.317042
8 2.376210e-008 307.736090 698.112031
9 4.396140e-008 186.902284 810.315055
9 1.204210e-007 225.224929 643.886486
10 5.088640e-008 326.608722 650.975736
2 7.088240e-008 514.297212 909.468260
8 2.120010e-008 501.221244 902.220147
8 2.996210e-007 464.345357 845.118569
2 5.762360e-008 451.322492 927.342550
7 4.383510e-008 584.919960 660.232691
8 1.636400e-007 572.701931 754.922735
7 1.647020e-008 751.650175 493.033126
8 2.269660e-008 727.317169 776.585681
7 4.323830e-008 643.607219 653.728164
8 9.951790e-008 557.067054 710.677163
7 2.975730e-008 502.974722 449.660626
7 7.278170e-008 440.068848 334.055167
6 2.056850e-007 230.707771 351.694148
10 1.295190e-007 226.360876 351.618280
5 1.619040e-007 259.238616 212.478042
10 3.394070e-008 445.679983 334.101507
7 4.471010e-007 570.029189 349.369456
10 2.321010e-008 343.678372 385.723333
7 1.569270e-007 485.347904 386.835241
6 2.208440e-008 374.177994 275.274273
7 3.853310e-007 544.431920 347.676334
10 1.094210e-007 210.871734 337.904172
6 3.823420e-007 205.069515 338.005428
5 2.145450e-007 150.909724 140.787734
11 1.866780e-007 154.805832 143.942734
5 4.300050e-008 225.654988 267.377106
11 2.836240e-008 221.874753 264.630611
6 5.332380e-008 137.546006 203.362329
10 1.439190e-007 193.219276 330.435858
5 1.276380e-007 149.307669 137.966019
11 4.356810e-008 153.640058 136.215610
6 7.305840e-008 134.007522 238.069215
10 4.829240e-008 126.843275 232.057700
6 3.617720e-008 203.047960 203.539905
5 1.172120e-007 214.796711 191.373695
11 4.067480e-007 273.442368 130.644227
5 1.426340e-006 199.122705 123.063476
11 3.660710e-008 243.498833 203.120271
6 1.409750e-007 204.508336 314.142787
10 1.067400e-007 200.439163 315.543921
5 6.665290e-008 196.959991 178.843996
11 7.846680e-009 211.553867 247.502586
6 1.005710e-007 239.542414 295.974349
10 4.944230e-008 239.698730 291.497773
7 6.645250e-008 513.587046 272.802143
5 7.799590e-008 342.099204 184.222753
11 3.400370e-008 341.844481 189.083407
10 1.800910e-008 289.215534 326.881163
6 1.373560e-007 236.667575 295.307079
7 1.133040e-008 502.686019 310.858495
10 3.976040e-008 412.142738 362.266802
7 1.157960e-007 535.700717 594.190682
8 4.421380e-008 637.219787 810.482800
7 3.366900e-008 786.134327 434.153866
7 1.269230e-007 720.996334 455.959783
8 4.931280e-008 598.170209 766.118435
7 4.010810e-007 672.663798 404.270695
7 2.983190e-008 763.679983 245.540184
7 8.522560e-008 516.765509 486.119472
7 6.028970e-008 668.377664 460.975419
7 8.831300e-008 768.298184 331.637845
7 9.435330e-008 743.844819 359.134406
7 6.529160e-008 769.069218 259.287716
7 2.418630e-007 660.546360 495.184940
7 1.485500e-007 730.026549 304.980712
7 5.939850e-008 792.328576 317.242979
9 2.625130e-007 315.067849 585.208277
10 3.119840e-007 179.562129 536.727463
6 5.454640e-008 113.308198 474.944667
9 1.024800e-007 229.774355 566.886354
10 1.382420e-007 292.436493 481.319707
6 1.602960e-007 216.912258 485.277768
9 6.835880e-008 268.829519 592.633651
10 7.404600e-008 108.166010 595.437999
6 7.333370e-008 160.006568 449.714354
10 6.413730e-007 198.329583 489.836772
6 1.530020e-007 113.946173 499.460582
10 2.696760e-007 115.010317 520.679836
6 1.885780e-007 175.648647 474.558658
10 7.982730e-008 87.168212 567.109077
9 8.211770e-008 212.070257 568.667834
7 7.001620e-008 567.445299 576.055432
7 1.133530e-007 717.355708 374.709242
7 1.354770e-007 745.824204 260.161402
7 4.643830e-008 818.338908 322.951732
7 9.827680e-008 734.851443 451.254416
7 7.457880e-008 668.838945 502.781970
9 2.384440e-008 478.521522 491.269450
7 2.025210e-008 391.588076 396.894293
6 4.472580e-008 397.144036 450.459475
10 3.120930e-008 404.921023 456.319877
9 3.985060e-008 468.019193 608.668684
8 7.945970e-008 392.001023 799.808414
9 3.119960e-008 298.767711 843.284009
4 8.981810e-008 309.531397 900.935377
2 1.670990e-007 311.998758 901.882497
9 8.362850e-008 174.552988 748.018058
8 8.343520e-008 381.625176 846.968192
2 4.124180e-008 360.651340 876.921942
4 1.018950e-007 324.194901 928.987146
9 5.798730e-007 231.195677 727.280660
8 1.960400e-008 339.456810 883.910128
4 3.407710e-008 353.645820 853.481697
2 6.376410e-008 354.751239 851.111118
9 2.003200e-007 286.650476 784.345854
9 2.891270e-008 350.588511 800.497815
8 2.037920e-008 311.413332 769.203141
4 4.279340e-007 310.523606 972.154501
2 1.598110e-007 312.584769 973.764878
9 3.761630e-008 266.381156 809.573538
9 1.081210e-007 416.329635 682.870372
8 6.873990e-008 370.344791 806.396933
4 2.888430e-008 290.250989 796.192924
2 5.373750e-008 288.737376 793.862141
9 4.357420e-008 62.314315 636.083007
9 1.250250e-007 182.845809 707.972631
8 4.675320e-008 311.105978 816.526764
9 4.909560e-008 64.421582 669.450711
10 1.123630e-007 206.468015 644.620080
4 7.963500e-008 250.051431 868.185722
9 1.424980e-007 216.294997 758.876515
9 6.756160e-008 169.368548 811.994472
4 4.145850e-008 151.373755 972.911463
9 5.152030e-008 228.997275 839.852549
2 1.513090e-007 296.803639 948.365454
4 5.472570e-008 126.279778 981.518362
4 4.461430e-008 241.758880 910.425465
9 2.378830e-007 219.742223 716.703721
2 1.658890e-007 313.305395 894.011036
4 1.476230e-007 232.234104 938.949495
9 4.133800e-008 312.652029 799.407455
8 4.348290e-008 435.304755 703.581526
9 1.191460e-008 242.539633 817.552357
8 2.410010e-008 392.043380 729.244044
7 1.867630e-007 612.509674 500.704273
7 1.411930e-008 539.889730 618.956248
7 1.932200e-007 592.753047 519.106409
9 2.485010e-007 376.094076 703.183556
4 5.044220e-008 273.127327 839.362839
9 7.693080e-008 323.439597 846.582132
2 2.935870e-008 352.036366 762.589192
8 9.630510e-009 352.776017 758.394478
4 8.655830e-007 301.009887 982.283644
2 1.055840e-008 210.693412 988.811544
4 2.732240e-008 296.212031 824.089967
9 1.061510e-007 269.222113 788.748511
9 8.373830e-008 187.922448 713.855651
4 2.569750e-008 186.946520 919.364190
4 9.411620e-008 171.601902 1001.936443
2 9.443720e-007 334.524259 984.815337
9 1.555610e-007 314.298418 821.506544
4 1.057150e-007 335.118501 991.069794
9 3.462710e-006 277.038732 697.948523
9 3.198100e-008 268.350496 842.914592
4 8.211660e-008 227.943109 889.556717
9 5.414550e-008 85.179984 758.208908
9 3.690610e-007 236.167792 703.529152
4 4.663520e-008 157.287636 936.274933
2 1.508830e-007 326.642005 901.247328
9 4.129200e-007 235.565573 745.835960
9 8.925670e-008 244.560936 747.080249
4 1.077640e-008 121.710979 932.001029
2 8.489490e-008 332.020476 940.763712
8 2.624630e-007 410.166671 859.589412
4 7.891380e-008 231.690576 914.839828
9 8.062260e-008 151.445461 751.492346
2 1.082070e-007 302.235589 966.571601
4 6.184520e-007 302.052381 969.191576
9 2.785050e-007 202.085386 657.959475
4 1.003630e-007 300.743248 897.513160
2 7.117750e-007 325.920066 975.001333
9 6.302920e-008 289.555216 847.906997
4 2.631360e-007 275.418152 946.279020
2 2.049090e-007 320.280812 882.208516
8 4.339520e-008 308.772685 686.275570
9 3.126970e-007 271.882669 642.579391
4 3.523930e-008 206.470438 968.767405
2 3.704710e-008 304.425823 812.006340
9 9.999960e-008 306.863916 804.186444
9 4.324940e-008 274.878964 896.392250
4 1.461930e-007 283.871454 908.341550
2 8.992500e-008 287.583296 896.200636
8 1.935820e-007 392.334150 876.261880
9 2.076830e-007 261.028290 776.998281
4 6.182210e-008 350.959014 921.761015
2 1.750340e-007 353.804433 937.874425
9 7.993200e-008 395.361876 836.093470
8 2.055620e-008 403.132597 849.996680
4 5.599230e-008 301.458504 881.081528
2 9.353680e-008 236.720044 900.874035
4 1.461550e-007 229.609780 882.683232
9 1.194440e-007 181.495878 752.921705
4 6.967280e-008 275.230062 841.537001
9 6.747700e-008 356.207055 838.709028
8 3.633320e-008 420.792900 691.075320
7 4.283410e-008 414.517633 379.875087
5 1.348360e-006 234.877112 101.946762
11 1.574820e-007 232.601104 97.479833
6 1.445550e-008 174.090834 223.847008
5 4.009980e-007 248.124540 136.324938
11 9.254720e-008 252.790284 135.333208
6 4.342170e-008 170.406681 187.212109
5 1.585850e-007 199.774963 226.007567
11 4.238580e-008 199.090801 230.875730
10 4.430900e-008 239.192120 223.658974
5 3.142080e-005 233.112878 94.294796
11 3.433520e-008 237.449717 96.504516
6 2.445470e-007 181.280617 302.569175
10 5.934000e-008 187.138531 218.800969
5 1.396420e-007 182.437532 205.146290
11 6.437260e-008 181.820609 210.170583
6 4.921830e-008 347.572758 366.134197
7 1.956980e-007 497.424014 345.955312
10 7.463800e-008 362.452707 368.589936
6 1.551850e-008 368.320302 367.765284
7 1.797090e-008 416.420718 354.200618
8 2.771190e-007 528.206828 808.449709
7 1.189510e-007 605.320000 531.181560
8 1.066810e-007 633.129967 814.426539
9 2.908790e-008 464.859943 741.334095
8 1.222390e-007 472.224436 779.221296
7 1.555160e-008 635.409590 485.974513
8 4.997470e-007 514.789559 900.573287
8 1.127670e-007 616.746291 772.184480
8 3.422140e-008 619.213939 724.641969
2 3.336230e-008 577.997839 890.715000
8 4.789800e-008 643.889734 733.512237
7 3.781930e-008 770.450130 527.482733
7 3.867740e-007 612.744332 493.179742
7 6.877570e-008 470.383707 374.907168
7 4.308870e-007 550.545702 392.700942
9 1.489120e-008 491.719411 754.726937
8 1.098440e-006 472.210359 839.230170
2 9.276010e-008 505.949791 922.804027
8 1.289350e-007 590.972030 861.031562
7 1.391540e-007 618.455762 461.832152
6 8.634780e-008 296.884716 308.401804
10 1.362330e-008 256.242714 245.530042
5 4.686400e-007 187.991462 136.305169
11 1.091830e-007 123.421680 161.025296
6 1.225570e-007 132.803333 329.960637
10 1.657590e-008 123.756239 301.609533
5 6.458830e-008 230.773589 237.388260
11 1.914610e-007 256.094872 109.408606
6 9.894280e-008 251.957022 242.373277
5 1.874150e-006 205.972596 132.372852
10 7.550660e-008 251.572321 246.933883
11 6.841510e-008 173.291520 128.656406
5 5.774460e-008 195.732039 311.416909
6 7.120400e-008 147.921565 308.222701
11 2.930500e-008 90.946790 113.440702
5 4.726600e-008 57.042094 206.593587
6 6.052940e-009 86.323359 163.435214
6 3.117700e-008 251.743518 251.613740
5 7.224990e-008 178.307405 214.196082
10 4.285640e-008 311.872687 345.952402
6 3.946270e-008 390.581650 395.135366
8 7.084920e-008 471.228000 740.368200
9 4.287790e-008 471.228000 651.628355
7 1.392920e-007 511.659016 388.949714
7 1.206870e-007 587.653076 310.512479
8 6.239790e-008 605.321946 930.883640
8 7.885100e-008 624.549199 766.449699
9 9.459150e-008 377.305702 586.349018
10 1.587280e-007 214.010123 564.949995
6 1.189850e-008 329.500581 518.947065
9 6.714210e-008 463.770266 631.353058
7 5.529410e-008 571.166655 501.394929
7 9.951940e-008 603.203367 519.371679
9 3.152210e-007 376.129153 662.679856
8 2.333440e-007 424.226114 896.735244
2 3.138030e-007 425.648252 904.262484
4 2.652470e-008 368.844971 854.883988
9 7.423370e-008 290.978262 842.950950
8 1.210990e-007 342.770348 847.853886
9 3.315390e-007 226.146223 665.705310
4 3.380900e-008 215.242162 857.552146
9 1.833350e-007 258.089602 744.475700
4 6.547120e-008 387.707075 910.751007
8 4.304180e-008 390.441181 922.593771
2 2.472680e-007 394.735210 960.329064
9 2.402280e-007 265.441878 748.182166
9 1.230400e-007 286.216420 603.676462
10 7.172240e-008 335.689436 582.676413
9 5.474250e-008 454.461086 550.032963
8 4.167830e-008 545.610519 669.457004
8 7.248890e-009 628.039552 786.290212
2 1.460540e-007 528.388053 953.032998
8 6.966990e-009 700.204526 890.990060
7 1.825590e-008 825.937587 507.070195
8 3.794080e-008 600.918336 794.197129
8 3.011680e-007 575.920436 878.311555
8 3.589420e-008 575.250138 694.456662
7 1.331650e-007 700.767912 507.416257
8 3.716110e-008 664.264089 756.245324
8 2.206360e-007 553.952253 902.067068
8 1.170030e-007 525.121987 742.884518
7 4.790540e-007 541.066234 435.654121
8 1.576530e-007 612.524302 820.729424
7 7.053190e-008 749.836029 596.288125
8 1.826210e-008 545.049725 642.814401
7 2.170300e-007 646.458219 449.927275
7 4.127620e-008 479.231952 473.076871
7 1.330910e-007 541.390078 330.460667
8 7.862430e-008 557.900289 760.432739
8 1.744890e-007 612.116056 843.067183
8 2.022820e-007 582.597305 892.604443
7 2.823480e-007 635.235202 484.836302
7 5.336150e-007 703.924490 341.227099
7 1.480740e-007 694.911299 359.217135
8 9.898400e-008 603.589415 843.043176
9 6.746660e-008 473.227441 662.325943
7 8.075940e-008 511.286715 461.456698
7 1.375730e-007 533.028453 462.483390
7 2.051310e-007 766.109707 440.458359
7 5.993980e-008 479.923856 513.790429
8 1.509240e-007 576.581592 803.564779
8 1.337660e-007 488.123988 742.490578
8 1.280000e-006 507.308106 894.181128
2 1.789580e-007 494.675360 889.790618
8 1.210490e-008 468.464300 672.578526
8 9.074260e-008 611.475004 875.495974
8 2.940290e-008 568.996504 703.758456
7 1.120070e-007 607.738433 536.169638
8 9.502690e-009 625.677326 786.607180
8 6.531730e-008 585.704370 932.108967
2 1.196920e-008 513.477081 932.983737
8 8.176240e-008 612.807000 874.121111
7 1.896140e-007 503.171408 436.120415
7 3.713700e-008 607.429773 620.744720
8 5.825070e-008 630.954426 852.807367
9 4.598310e-008 466.070874 572.566228
7 3.497300e-008 477.867440 551.152695
7 1.713880e-007 473.401613 367.359399
7 1.468360e-007 536.671942 428.596205
9 1.926950e-006 302.720882 664.607123
4 1.130720e-007 225.549401 941.465286
2 2.641010e-007 320.052894 934.857128
8 5.710970e-008 355.242630 902.093077
9 1.224320e-007 240.153458 764.935412
2 6.286820e-008 292.264798 853.748868
4 5.259310e-008 215.771331 860.441272
9 1.617890e-007 340.105372 738.077719
8 3.942100e-008 333.272166 838.785543
2 8.582450e-008 327.145277 828.980395
9 5.343600e-007 274.848014 745.286627
9 3.164090e-008 210.080846 890.399430
4 7.960020e-008 156.279764 950.151481
9 5.901710e-008 367.172916 607.299454
7 1.409490e-007 516.181745 434.019500
6 2.015580e-008 355.997728 329.614995
6 8.459670e-008 287.399271 359.338000
10 1.447020e-007 266.869952 347.331754
5 2.265960e-008 305.696822 188.918465
11 1.942790e-007 249.255009 78.144793
5 5.925430e-008 147.097463 161.082975
10 8.893110e-008 218.076644 334.253924
6 4.284600e-007 223.681994 332.751985
5 1.040410e-007 354.357692 89.291002
11 5.490330e-008 351.306341 154.783029
7 3.268210e-007 597.492605 330.452474
