0.918689250671 8 8.73268e-08
6.5686894303 8 1.02111e-08
16.126579668003 2 5.761e-07
22.576579995036 2 5.92731e-08
28.888255045875 4 1.335e-07
28.992896474153 5 4.32125e-08
32.226579697165 2 6.19121e-07
37.876580063706 2 8.47577e-08
43.526579844933 2 1.00059e-07
50.618689202381 8 5.12862e-08
56.268689124063 8 7.93628e-08
61.918689059315 8 2.69548e-07
67.568689196299 8 1.79041e-07
70.567221254306 11 1.20429e-07
72.160653010434 7 3.78991e-08
72.848547021155 9 7.05468e-07
76.367221257861 11 1.01554e-07
81.042896503153 5 5.57435e-08
81.888255211242 4 1.38247e-07
88.268689305414 8 2.81259e-08
92.292896300515 5 5.14856e-08
93.138254998409 4 5.10421e-07
96.226579856568 2 4.2111e-08
98.788255448596 4 1.68162e-08
104.438255056543 4 2.81437e-07
105.142896140708 5 2.20545e-07
106.649944666627 6 8.86854e-08
110.088255463675 4 3.42611e-08
114.543878889759 3 6.86932e-09
117.076580169536 2 3.8759e-08
117.988255245578 4 7.84134e-08
123.638255352691 4 4.14661e-08
125.099944786756 6 4.17308e-08
127.543878595364 3 1.42335e-07
133.193878916424 3 4.64463e-08
148.293878729242 3 1.52758e-07
156.343878724749 3 2.99782e-08
161.993878955827 3 7.43759e-08
164.349944658247 6 2.12287e-08
167.643878656805 3 1.15698e-07
173.29387877863 3 5.28185e-08
180.338254967838 4 1.23001e-07
181.84289607061 5 1.3799e-07
181.99994470749 6 7.55841e-08
186.788255338363 4 3.8684e-08
187.492896575829 5 1.64609e-08
187.649944516371 6 7.41434e-08
193.299944255462 6 1.30138e-06
193.942896141484 5 2.0131e-07
194.688255233665 4 4.67018e-08
199.353263213404 10 1.44705e-07
202.792896546436 5 2.21064e-08
205.153263573827 10 2.0818e-08
211.642896409364 5 4.00762e-08
212.399944668839 6 2.74012e-08
214.003263376326 10 4.80409e-08
219.653263167306 10 2.36807e-07
222.849944722746 6 5.23583e-08
222.892896357268 5 2.79863e-08
225.303263538242 10 5.12034e-08
231.103263367004 10 1.49619e-08
236.903263050564 10 3.54191e-07
244.303263171825 10 6.48277e-08
249.95326332449 10 1.39839e-07
255.603263009289 10 2.92253e-06
261.253263209849 10 7.22007e-08
266.903263255131 10 2.11971e-08
273.203263218617 10 8.69885e-08
276.349944592581 6 8.27647e-08
276.392896276996 5 2.07761e-08
280.303263402042 10 5.81519e-08
286.103263268105 10 3.37706e-08
293.392896130596 5 1.18373e-07
294.149944606898 6 5.33104e-08
294.73825530001 4 1.37738e-07
299.042896189766 5 1.38299e-07
299.799944358718 6 2.07467e-07
304.388255264372 4 4.29087e-08
304.69289617932 5 4.73099e-08
305.449944334811 6 6.4157e-07
313.776579856958 2 1.16415e-07
319.518689256355 8 6.25671e-08
325.16868938009 8 5.77884e-08
330.818689422704 8 2.80822e-08
333.010653234514 7 1.49927e-08
336.468689298997 8 2.21082e-08
352.892896506741 5 1.35673e-08
352.938255439297 4 5.58522e-08
365.092896180622 5 1.11067e-07
365.938255264672 4 4.10651e-08
366.649944303013 6 2.14501e-07
370.74289613543 5 2.59103e-07
372.238255454409 4 2.1815e-08
374.699944677574 6 6.00088e-08
377.842896294029 5 3.05468e-08
378.688255280491 4 1.11424e-07
381.853263282127 10 7.01927e-08
387.653263524925 10 5.59766e-08
392.442896519065 5 2.09729e-08
395.703263118227 10 2.96018e-07
398.749944875963 6 4.32482e-08
401.353263616427 10 3.04804e-08
403.692896312746 5 4.5248e-08
406.088255112157 4 1.82511e-07
410.618689367463 8 3.1767e-08
413.060653382015 7 3.11684e-08
416.418689252593 8 6.32489e-08
420.248547111431 9 3.15876e-07
420.310652714799 7 3.39975e-07
422.217221020003 11 6.73633e-07
426.048547262176 9 7.43667e-08
426.110652880041 7 2.27503e-07
431.818689199526 8 1.75674e-07
435.048547393641 9 4.45637e-08
435.067221137079 11 1.32918e-07
440.867221425461 11 7.26314e-08
457.318689228855 8 1.17735e-07
463.748547444823 9 6.62493e-08
464.617221290482 11 1.08766e-07
465.360652898183 7 1.03352e-07
474.198547637654 9 5.64138e-08
475.160652896221 7 1.49063e-07
478.267221279957 11 1.4859e-07
479.848547087349 9 4.48291e-07
480.810652637534 7 7.05e-07
489.338255155868 4 2.35673e-07
492.47657999259 2 4.58864e-08
494.988255483103 4 1.32008e-08
498.126579482075 2 3.3745e-05
503.038254980578 4 2.76249e-07
505.342896555264 5 4.34333e-08
505.349944581864 6 1.40177e-07
508.143878567148 3 1.03535e-07
510.13825498841 4 2.17131e-07
513.376579883706 2 3.0092e-08
519.176579863882 2 1.29058e-07
521.538255003649 4 2.00515e-07
523.142896221952 5 2.69061e-07
527.188254986638 4 6.27867e-07
531.076579782067 2 1.80041e-07
535.888254970221 4 2.1764e-07
538.326579961476 2 9.03584e-08
544.738255072019 4 3.85274e-08
547.799944622115 6 8.15069e-08
550.193878752578 3 7.34693e-08
552.63825546912 4 4.43321e-08
555.843878739714 3 8.77109e-08
560.649944814637 6 4.25893e-08
560.688255531708 4 2.68205e-08
563.893878421942 3 8.96447e-07
572.893878486735 3 3.33492e-07
576.888255516805 4 8.50742e-09
578.54387851018 3 1.22296e-07
584.193878606272 3 2.38117e-07
586.388255219535 4 1.11521e-07
591.042896745481 5 5.82203e-09
591.943878678246 3 7.25682e-08
594.288255330799 4 1.85493e-08
597.526579652456 2 3.94495e-07
603.176579837897 2 1.56991e-07
606.243878591651 3 3.14365e-07
607.938254957111 4 3.68181e-07
611.749944773516 6 6.31436e-08
612.692896599871 5 1.79641e-08
613.58825534686 4 7.02028e-08
614.14387881185 3 5.55617e-08
615.726579847325 2 8.76733e-08
619.238255002185 4 4.73276e-08
626.967221247838 11 6.76293e-08
628.548547293429 9 4.27852e-08
628.560652983967 7 2.11052e-07
633.368689497394 8 3.20089e-08
635.776579832987 2 8.68699e-08
641.568689308719 8 3.70225e-08
644.617221436542 11 5.677e-08
651.0265798845 2 1.02503e-07
656.826579968464 2 6.4449e-08
662.188255083024 4 1.68608e-07
662.992896590145 5 2.22491e-08
666.418689380275 8 3.95203e-08
670.388255202515 4 2.24673e-07
670.392896322759 5 6.89089e-08
675.92658000577 2 5.67466e-08
681.726580130386 2 4.65058e-08
688.176579754961 2 8.58204e-08
696.226579711573 2 3.50475e-07
701.87657993048 2 1.25096e-07
707.526579864014 2 2.32404e-07
713.176579999403 2 8.48157e-08
720.276580128765 2 5.34234e-08
724.99289614906 5 1.47774e-07
725.78825543803 4 5.66748e-08
726.549944264681 6 9.09575e-07
730.642896181927 5 6.61729e-08
732.199944589858 6 5.6762e-08
732.888255232416 4 5.13572e-08
736.292896124891 5 1.27412e-07
737.849944485539 6 1.26267e-07
743.499944156425 6 1.16346e-05
744.042896125893 5 1.76981e-07
748.788255466005 4 2.68206e-08
749.149981706457 6 3.56272e-07
749.692896573063 5 3.9502e-08
755.449944474748 6 1.08707e-07
757.59289605495 5 6.77424e-07
758.438255248061 4 5.69753e-08
763.39289649459 5 2.95374e-08
766.468689469182 8 3.48629e-08
770.276580151606 2 3.76975e-08
777.676579802157 2 9.02125e-08
785.876579860848 2 1.10492e-07
792.76868924922 8 2.06872e-07
798.638255209653 4 1.01559e-07
798.792896491497 5 1.84887e-08
805.088255011582 4 1.90817e-07
805.892896410821 5 3.61617e-08
812.192896247918 5 1.42654e-07
815.403263189519 10 1.75556e-07
821.053263384389 10 3.89079e-08
824.242896395366 5 4.12157e-08
827.353263307448 10 3.09923e-08
832.942896767563 5 1.74243e-08
833.003263301206 10 1.2863e-07
838.80326337206 10 2.37458e-08
840.149944688984 6 1.67901e-07
845.403263408887 10 4.38394e-08
851.203263266248 10 1.30547e-07
857.0032632113 10 7.90882e-08
860.192896592549 5 4.39966e-08
862.653263271112 10 3.55915e-08
864.999944693132 6 1.83265e-08
869.753263237748 10 2.53612e-07
875.403263297619 10 1.23322e-07
881.849944595707 6 1.18025e-07
882.64289650887 5 3.87458e-09
886.503263512766 10 3.12153e-08
892.153263078218 10 5.56381e-07
894.549944702743 6 4.91263e-08
895.342896295979 5 7.14902e-08
898.453263226044 10 5.87271e-08
904.253263270662 10 9.88569e-08
909.903263427775 10 3.6121e-08
915.553263048266 10 7.14826e-07
921.353263142503 10 1.8349e-07
928.753263369355 10 2.97921e-08
936.188255207025 4 1.7356e-07
936.192896311959 5 1.39282e-07
953.192896418635 5 3.488e-08
956.003263096187 10 6.81522e-07
961.653263638353 10 1.58174e-08
967.453263311721 10 6.95169e-08
973.253263134464 10 2.13514e-07
978.903263152793 10 4.55767e-08
984.703263153993 10 2.64931e-07
991.303263274659 10 1.08054e-07
997.103263260988 10 8.95427e-08
1002.903263314822 10 9.06141e-08
1008.703263351964 10 5.68928e-08
1017.242896393804 5 6.60956e-08
1018.799944774932 6 2.32005e-08
1019.30326360208 10 3.12442e-08
1025.103263269273 10 1.23643e-07
1031.703263551023 10 2.3628e-08
1037.503263249327 10 1.42748e-07
1043.303263476593 10 2.05292e-08
1049.103263120067 10 3.50314e-07
1054.903263067325 10 4.98147e-07
1058.849944849863 6 3.81169e-08
1061.503263172087 10 6.41936e-08
1067.303263133145 10 2.13742e-07
1072.342896317767 5 9.70307e-08
1073.903263315199 10 2.89242e-08
1079.55326312561 10 3.26394e-07
1085.203263300684 10 4.19003e-08
1091.003263248111 10 1.73921e-07
1097.603263090489 10 3.6793e-07
1103.403263071547 10 4.46099e-07
1109.203263139041 10 4.85074e-07
1113.188255238857 4 1.15567e-07
1113.992896481489 5 2.28666e-08
1117.193878449847 3 1.17786e-06
1122.843878652091 3 1.81795e-07
1128.493878488918 3 4.35188e-07
1134.143878844013 3 4.67655e-08
1139.943878560413 3 2.69108e-07
1143.33825499895 4 2.11438e-07
1144.14289645438 5 1.90583e-08
1146.543878997537 3 2.98543e-08
1148.026579679078 2 2.21893e-07
1156.076579706543 2 1.06618e-07
1159.243879118521 3 8.44781e-09
1161.63825514209 4 2.68561e-07
1168.126579952701 2 6.85958e-08
1171.288255213021 4 1.00115e-07
1174.493878761517 3 1.35607e-07
1179.338255075881 4 1.86586e-07
1180.842896476011 5 2.91299e-08
1180.849944963664 6 1.44926e-08
1185.138255067406 4 1.4562e-07
1188.242896298716 5 1.03128e-07
1192.818689211926 8 4.57133e-08
1200.017221460266 11 3.12894e-08
1204.718689467058 8 2.66359e-08
1211.160653314654 7 3.48629e-08
1211.267221352952 11 1.11518e-07
1214.198547217762 9 1.30152e-07
1216.917221165542 11 1.17799e-07
1219.848547570791 9 3.9824e-08
1221.418689256815 8 5.87788e-08
1229.467221610607 11 1.03071e-08
1237.468689451807 8 3.83401e-08
1243.118689365041 8 4.16721e-08
1245.517221205472 11 2.3473e-07
1246.298547186872 9 8.70135e-08
1246.310652927936 7 1.33816e-07
1251.167220993512 11 4.84032e-07
1256.967221323367 11 8.2175e-08
1260.618689348013 8 1.00534e-07
1262.510653149995 7 1.92354e-08
1265.367221331611 11 8.31213e-08
1268.598547396355 9 3.86299e-08
1268.660653105318 7 4.17852e-08
1270.918689731457 8 9.68199e-09
1272.61722144446 11 1.04704e-07
1276.718689157967 8 7.77309e-08
1282.417221399733 11 2.54151e-08
1283.260652891737 7 1.10983e-07
1283.998547234428 9 2.10481e-07
1289.418689138648 8 1.20656e-07
1295.738255152707 4 1.7504e-07
1298.12657971055 2 3.44623e-07
1303.926580209056 2 3.25251e-08
1306.988255088108 4 8.2561e-08
1310.493878997789 3 7.6766e-09
1311.826579811724 2 8.0325e-08
1316.638255335978 4 3.0068e-08
1329.367221021636 11 8.12832e-07
1335.167221554086 11 1.18885e-08
1337.410653090314 7 2.62915e-08
1337.498547387217 9 6.27928e-08
1344.676580130356 2 1.35477e-08
1346.2882550036 4 1.39846e-07
1349.443878568015 3 3.86248e-07
1354.999944890072 6 3.11855e-08
1359.093878547147 3 3.55362e-07
1364.893878547867 3 1.31403e-07
1367.138255563464 4 3.48317e-08
1378.393878713652 3 5.30395e-08
1381.588254859432 4 5.92024e-07
1382.24289643177 5 1.8936e-08
1384.043878636968 3 1.03519e-07
1387.238255081593 4 1.94809e-07
1389.693878877438 3 3.54144e-08
1392.888255016513 4 1.09717e-07
1393.642896387539 5 5.7498e-08
1398.538254968657 4 3.42877e-07
1399.292896435063 5 3.18043e-08
1408.988255237969 4 7.72349e-08
1412.793878798034 3 5.7004e-08
1414.976579932705 2 8.78498e-08
1417.838254984439 4 2.87852e-07
1419.342896629031 5 1.90977e-08
1422.318689420805 8 5.30183e-08
1427.267221097257 11 2.36499e-07
1427.298547533891 9 4.53101e-08
1430.4106527749 7 6.39943e-08
1434.667221452645 11 8.85066e-08
1438.592896058725 5 1.90059e-07
1439.199944441969 6 9.80838e-08
1442.538255237305 4 4.59487e-08
1449.643878814274 3 1.95734e-08
1452.338255213801 4 5.73653e-08
1453.776579927078 2 8.80798e-08
1459.443878893931 3 2.28159e-08
1460.238254974837 4 2.58935e-07
1462.642896646209 5 1.01819e-08
1465.768689195347 8 1.42846e-07
1476.853263436827 10 5.03976e-08
1482.653263306748 10 1.19878e-07
1486.599944759861 6 2.28975e-08
1488.303263102716 10 2.19e-07
1493.953263474767 10 3.12393e-08
1499.603263590573 10 1.41142e-08
1501.049944781266 6 1.53511e-08
1501.092896414875 5 4.38251e-08
1504.288255206073 4 7.61611e-08
1506.849944793693 6 4.0022e-08
1506.892896162212 5 2.52642e-07
1521.018689368254 8 5.85904e-08
1526.54854746133 9 4.76982e-08
1529.767221067233 11 2.30283e-07
1533.948547379201 9 1.30962e-07
1534.610653146893 7 8.30603e-08
1535.56722159517 11 6.36383e-08
1539.59854755788 9 2.31202e-08
1547.318689247453 8 1.56999e-07
1555.317221379557 11 3.49805e-08
1556.148547317519 9 7.74723e-08
1556.91065323772 7 2.94322e-08
1559.218689665951 8 2.89562e-08
1560.967221198071 11 1.46185e-07
1566.617221460146 11 1.02936e-07
1574.618689390189 8 6.1762e-08
1584.918689358642 8 4.43367e-08
1591.248547170816 9 7.45228e-08
1592.010652749513 7 6.37339e-08
1592.117221368792 11 8.80714e-08
1604.18825529797 4 3.58407e-08
1609.117221237643 11 4.15113e-08
1610.610652997893 7 1.5008e-08
1610.648547355852 9 5.4595e-08
1612.668689490727 8 9.24352e-09
1618.318689365741 8 2.34259e-08
1632.618689279111 8 1.08334e-08
1638.418689221635 8 6.97397e-08
1644.068689169708 8 2.42192e-08
1648.73825519336 4 1.4328e-07
1661.317221266268 11 6.82185e-08
1662.010652977895 7 9.83044e-08
1662.048547196434 9 3.99132e-08
1667.818689364161 8 9.25247e-08
1673.618689202441 8 2.03402e-07
1678.317221298818 11 5.76936e-08
1683.967221463542 11 7.76901e-08
1684.610653191647 7 4.11652e-08
1694.226579991082 2 3.39758e-08
1704.026579910395 2 3.01445e-08
1707.918689359946 8 3.96311e-08
1713.718711629715 8 2.97965e-07
1718.410652799007 7 1.41697e-07
1719.248547024385 9 3.91984e-07
1720.817221109366 11 4.77381e-07
1727.988254937285 4 2.94079e-07
1730.243878849236 3 7.44533e-08
1733.492896167868 5 9.16274e-08
1733.788255077404 4 8.13812e-08
1742.467221484234 11 3.90166e-08
1745.618689112694 8 5.97788e-08
1753.668689159807 8 3.91626e-08
1760.118689042156 8 3.87943e-07
1765.688255033174 4 1.70274e-07
1767.292896389053 5 5.42642e-08
1772.117221210636 11 4.21566e-08
1774.510653264092 7 2.64947e-08
1781.767221111191 11 1.03801e-07
1785.768689402922 8 4.80456e-08
1789.698547351698 9 1.105e-07
1789.817221097308 11 1.78527e-07
1791.060652719224 7 2.6553e-07
1796.36868922613 8 7.04153e-08
1798.698547600527 9 4.41642e-08
1805.860652860932 7 2.12884e-07
1805.867221327226 11 8.08381e-08
1805.948547102886 9 5.57009e-07
1811.667221276768 11 1.33864e-07
1822.917221101623 11 6.96735e-08
1825.348547303199 9 2.02481e-07
1826.060653017204 7 2.94537e-08
1833.118689126481 8 1.35389e-07
1836.510652936451 7 6.61688e-08
1837.248547383885 9 2.23209e-08
1837.867221207731 11 1.30698e-07
1843.667220878542 11 1.27316e-05
1845.21065283663 7 1.37441e-07
1845.298547056786 9 5.38185e-07
1849.317221003016 11 4.0205e-07
1855.117221219675 11 1.77419e-07
1858.618689309787 8 4.19415e-08
1866.688255260221 4 3.46349e-08
1874.367221247552 11 5.05687e-08
1878.69289645981 5 6.83212e-09
1881.938255295421 4 4.01734e-08
1887.588255115998 4 1.58092e-07
1892.342896321493 5 3.8996e-08
1893.388255064915 4 1.76079e-07
1899.353263456651 10 1.43411e-08
1905.153263229493 10 3.91821e-08
1910.953263278393 10 1.74481e-07
1916.753263322182 10 6.83448e-08
1922.55326308262 10 5.14015e-07
1929.842896134539 5 2.31872e-07
1929.938255049854 4 1.8718e-07
1935.738254966565 4 3.49003e-07
1939.492896232266 5 6.23563e-08
1941.538254926392 4 6.86905e-07
1944.699944822031 6 3.32112e-08
1947.188254905848 4 5.36984e-07
1948.492896302388 5 7.77186e-08
1950.393878616306 3 1.34225e-07
1956.043878752376 3 5.50558e-08
1959.088255089611 4 2.49222e-07
1961.693878630767 3 9.62833e-08
1964.738255302643 4 4.84367e-08
1969.376579865152 2 1.81372e-07
1975.176580103383 2 6.13551e-08
1976.788255392629 4 3.83353e-08
1979.843878785516 3 5.26841e-08
1982.438255090764 4 2.2767e-07
1983.89289645598 5 3.34964e-08
1988.738255298141 4 3.24997e-08
1989.399944618113 6 5.20393e-08
1989.542895984451 5 8.28126e-07
1995.192896090449 5 3.98573e-07
1995.199944729613 6 5.97613e-08
1995.988255181473 4 9.84037e-08
1999.753263313646 10 6.35898e-08
2005.553263522094 10 2.78903e-08
2008.192896131166 5 2.42678e-07
2008.988255213491 4 1.45149e-07
2008.999944516365 6 1.67658e-07
2015.853263284461 10 4.84903e-08
2017.992896439024 5 1.99011e-08
2019.588255217218 4 6.76905e-08
2023.792896505815 5 5.59421e-08
2025.388255332736 4 3.5322e-08
2026.77658014159 2 2.68287e-08
2028.393878740945 3 8.66426e-08
2031.188255226283 4 1.10579e-07
2043.99289622155 5 2.59997e-07
2044.038255028116 4 1.78649e-07
2051.438255089262 4 1.62768e-07
2054.19387880774 3 9.38813e-08
2057.088255324688 4 4.11696e-08
2059.026580021216 2 2.11298e-08
2062.888255153621 4 1.12053e-07
2063.892896597789 5 1.43574e-08
2064.599944654398 6 7.79469e-08
2070.288255066003 4 2.96105e-07
2072.676580155255 2 3.77145e-08
2079.06722151557 11 6.77219e-08
2086.218689197461 8 1.20581e-07
2091.276579890517 2 1.77675e-08
2097.726580080599 2 4.83046e-08
2104.176580007102 2 5.87754e-08
2115.868689036221 8 5.67358e-07
2123.288255028836 4 2.05582e-07
2124.742896354818 5 4.00718e-08
2134.317221465934 11 5.18887e-08
2140.610653099541 7 2.75747e-08
2140.698547483274 9 5.53081e-08
2142.31868922943 8 1.48076e-07
2149.588255216041 4 8.93915e-08
2149.592896114395 5 1.50144e-07
2151.199944942809 6 1.06106e-08
2155.103263072939 10 7.4832e-07
2160.903263324469 10 1.14267e-07
2166.592896429809 5 5.41617e-08
2168.153263189474 10 1.74557e-07
2173.803263362094 10 4.80938e-08
2179.453263258515 10 1.41175e-07
2185.103263087914 10 8.60939e-07
2190.753262990051 10 8.19659e-07
2194.6428964741 5 1.62934e-08
2196.403263071745 10 9.12826e-07
2202.692896367135 5 1.80908e-08
2207.476579795758 2 1.8542e-07
2211.388254894954 4 4.08714e-07
2214.726580161736 2 1.33429e-08
2219.438255142948 4 1.23384e-07
2219.443878893455 3 2.97213e-08
2226.843878623993 3 1.70072e-07
2228.288255142508 4 7.21577e-08
2233.793878569481 3 2.54063e-07
2239.443879005019 3 4.35683e-08
2242.599944799308 6 2.64425e-08
2245.893878498824 3 4.03279e-07
2248.988255499907 4 1.30641e-08
2249.849944776132 6 4.3905e-08
2254.593878720583 3 8.18737e-08
2261.993878410986 3 2.14635e-06
2269.89387874167 3 6.46681e-08
2273.0382553731 4 4.96931e-08
2273.749944617839 6 1.35539e-07
2280.043878495721 3 3.83271e-07
2285.84387872109 3 1.11749e-07
2291.493878527469 3 8.64407e-08
2297.143878780009 3 4.97255e-08
2303.443878590691 3 4.39989e-08
2306.599944682515 6 4.48596e-08
2307.338255000996 4 5.35238e-07
2309.59387883588 3 8.14738e-08
2312.026579815495 2 1.76069e-07
2316.193878971284 3 4.20516e-08
2316.988255162174 4 9.58255e-08
2321.676579786989 2 9.84166e-08
2327.326579670947 2 1.23579e-07
2336.976579976399 2 3.87336e-08
2342.626580155379 2 2.14927e-08
2344.088254852707 4 1.12593e-06
2344.8428964868 5 2.3583e-08
2345.693878831764 3 2.26761e-08
2351.343878582354 3 2.06424e-07
2357.793878480814 3 5.49082e-07
2363.443878560186 3 3.30531e-07
2369.09387868372 3 1.37016e-07
2377.793878849446 3 6.98045e-08
2378.538255266454 4 7.54621e-08
2383.443878650747 3 1.50797e-07
2389.743878771329 3 5.81742e-08
2394.588255305525 4 7.7907e-08
2396.09994466676 6 8.01461e-08
2398.443878616373 3 1.38664e-07
2404.088254958878 4 1.89735e-07
2406.376579869021 2 1.28842e-07
2412.1765797638 2 1.43092e-07
2420.076622005464 2 5.10907e-07
2426.493878932164 3 2.57553e-08
2428.126579856281 2 2.78405e-07
2436.176579633513 2 2.22139e-07
2439.338255178402 4 3.57568e-08
2440.892896352978 5 5.07305e-08
2444.003263324224 10 6.1858e-08
2449.803263528274 10 1.70176e-08
2456.253263503139 10 3.25865e-08
2461.903263525044 10 7.74862e-09
2469.742895967436 5 1.33705e-06
2470.549944368725 6 6.16835e-07
2470.588255257633 4 3.28162e-08
2475.392896393419 5 3.43999e-08
2476.349944337877 6 2.84981e-07
2478.488255085813 4 1.9683e-07
2481.042896374174 5 1.53798e-08
2481.999944489208 6 1.33814e-07
2484.938255364674 4 4.41134e-08
2487.342896191892 5 1.15108e-07
2487.799944324427 6 6.82381e-07
2490.588255105377 4 1.59475e-07
2494.293878919624 3 4.32916e-08
2495.976579969571 2 1.41616e-08
2504.767221447497 11 6.29001e-08
2508.098547574749 9 1.47856e-08
2512.017221394829 11 6.59031e-08
2516.768689448972 8 2.61098e-08
2524.84289653076 5 3.53821e-08
2524.888255373518 4 5.62535e-09
2528.867221320623 11 4.84864e-08
2529.598547196133 9 1.53425e-07
2530.410652824088 7 1.40289e-07
2536.11722101268 11 1.12745e-06
2537.798547155193 9 3.87767e-07
2538.460652922695 7 1.44899e-08
2543.218689329841 8 8.38472e-08
2545.698547218477 9 1.46298e-07
2545.710652880703 7 1.26025e-07
2547.217221471593 11 7.31138e-08
2549.818689224746 8 6.47095e-08
2552.298547326014 9 6.79938e-08
2552.310653007614 7 5.8033e-08
2556.118689461772 8 3.96345e-08
2560.510652882538 7 6.20431e-08
2560.867221470206 11 8.09218e-08
2561.148547056599 9 2.72349e-07
2566.310652591841 7 2.49879e-06
2566.798547070784 9 2.85058e-07
2570.418689284508 8 1.32094e-07
2575.967221008517 11 6.83342e-07
2584.167221203525 11 1.56024e-07
2594.426580007359 2 1.13445e-07
2599.418689466432 8 4.13024e-08
2605.068689206433 8 9.91507e-08
2610.718766215497 8 4.3457e-08
2616.368689530536 8 2.39846e-08
2620.876579967329 2 1.12192e-08
2624.093878868524 3 6.47825e-08
2624.938255136804 4 8.36559e-08
2628.092896370203 5 2.3059e-08
2629.599944488914 6 3.12242e-07
2633.89289629521 5 9.28262e-08
2635.399944843077 6 2.85472e-08
2639.542896533879 5 1.3913e-08
2641.049944538527 6 1.35814e-08
2645.192895955367 5 5.9866e-07
2650.617221356604 11 6.39381e-08
2652.910653317079 7 3.01315e-08
2652.94854769472 9 2.71155e-08
2654.518689384987 8 1.55827e-08
2657.067221106365 11 2.15615e-07
2658.7485475405 9 2.39102e-08
2662.717221270406 11 6.68407e-08
2667.410652781278 7 4.38342e-07
2667.44859351644 9 4.42676e-07
2669.017221227895 11 1.38551e-07
2674.010652963693 7 4.66617e-08
2676.168689292424 8 3.85615e-08
2682.81722111046 11 5.84284e-07
2688.3686893853 8 4.34729e-08
2693.788255113731 4 4.82244e-08
2695.342896363505 5 1.05255e-07
2707.676580141282 2 2.37635e-08
2717.188255002386 4 2.57587e-07
2718.742896489548 5 2.36533e-08
2722.943878521808 3 1.99311e-07
2727.788255245685 4 4.97472e-08
2731.793878798036 3 7.86534e-08
2739.043878729165 3 9.28725e-08
2744.693878916297 3 4.35581e-08
2750.343878636659 3 1.2177e-07
2755.993878573362 3 2.38711e-07
2761.643878785924 3 3.6887e-08
2770.19387853955 3 2.0486e-07
2773.438255112083 4 1.05393e-07
2775.84387854328 3 2.0569e-07
2781.493878754652 3 5.04093e-08
2787.793878614726 3 3.15711e-07
2792.538255240368 4 5.39897e-08
2796.493878733394 3 9.11427e-08
2807.743878834926 3 4.8218e-08
2813.39387890178 3 3.97527e-08
2819.043878715418 3 9.24025e-08
2820.588255391476 4 1.39482e-08
2825.343878852277 3 2.4576e-08
2832.499944718588 6 2.08327e-08
2834.193878825833 3 2.77074e-08
2839.993878620937 3 8.82626e-08
2844.63825514765 4 1.36836e-07
2845.643878949742 3 3.98588e-08
2848.542896482038 5 7.67744e-08
2850.938255116843 4 7.57909e-08
2856.593878649969 3 9.87064e-08
2858.188255076594 4 2.38548e-07
2862.826580196519 2 3.45916e-08
2864.643878817918 3 2.71794e-08
2869.438255000535 4 3.04376e-07
2871.893878975853 3 5.74253e-08
2872.626580065399 2 1.33587e-08
2875.08825509956 4 1.40896e-07
2876.592896348874 5 2.11093e-08
2882.048547244772 9 1.09598e-07
2882.060652993765 7 2.04933e-08
2882.067221199611 11 2.92803e-07
2888.618689363196 8 2.771e-08
2891.876579678328 2 1.91966e-07
2898.188254994464 4 1.81056e-07
2899.042896621397 5 7.16335e-09
2903.926579780768 2 1.43316e-07
2909.726579970822 2 5.64522e-08
2915.376579700563 2 1.09569e-07
2919.988255418656 4 6.48157e-08
2922.442896173853 5 1.17252e-07
2926.588255233437 4 2.95296e-08
2930.642896132072 5 1.62265e-07
2931.949944549549 6 9.2218e-08
2936.442896318053 5 9.57448e-08
2937.749944497953 6 2.03761e-07
2942.242896394359 5 3.38227e-08
2942.338255420779 4 4.32694e-08
2945.553262993973 10 6.26632e-07
2949.642896227546 5 9.07165e-09
2951.188254880753 4 4.10111e-07
2956.742896216386 5 5.76437e-08
2956.838255088261 4 7.22074e-08
2969.448547343684 9 4.87603e-08
2970.26065313149 7 4.07908e-08
2970.267221129315 11 2.27216e-07
2975.248547495989 9 3.29775e-08
2976.868689694006 8 3.5979e-08
2977.660652722686 7 2.26742e-07
2979.917221771483 11 2.36206e-08
2984.942896532021 5 1.34982e-08
2987.703263061488 10 3.89983e-07
2993.353263119052 10 3.27249e-07
2999.003263120326 10 1.97695e-07
3004.803263029878 10 4.09738e-07
3010.603263038842 10 9.09207e-07
3015.39289639977 5 1.44675e-08
3017.853263295327 10 5.17864e-08
3023.653263376771 10 8.7251e-08
3028.242896454724 5 4.9479e-08
3029.803263250876 10 1.18949e-07
3035.45326356455 10 2.85785e-08
3036.249944681431 6 8.32668e-08
3041.10326317823 10 2.12703e-07
3049.09289606296 5 4.01327e-07
3049.89994439965 6 3.6021e-07
3051.43825512977 4 5.59375e-08
3054.742896313921 5 1.09648e-07
3055.549944406663 6 3.29256e-07
3058.8382551507 4 1.22003e-07
3061.192896513876 5 4.31548e-09
3066.593878835737 3 9.09845e-08
3067.538254844089 4 1.36813e-06
3068.29289633586 5 9.68179e-08
3072.243878763214 3 7.03094e-08
3077.893878477047 3 1.94577e-07
3087.543878481245 3 4.12657e-07
3093.193878661214 3 1.07732e-07
3100.293878777319 3 3.1035e-08
3105.9438786621 3 9.48061e-08
3110.649944758497 6 4.76515e-08
3112.243878879535 3 4.36328e-08
3116.238255273797 4 6.11889e-08
3117.099944837336 6 3.10808e-08
3120.1438785533 3 3.26406e-07
3124.349944641404 6 6.48398e-08
3125.088255048664 4 1.59894e-07
3125.792896621611 5 8.66343e-09
3130.738254943031 4 4.83339e-07
3132.193878708219 3 4.31985e-08
3136.126580153268 2 3.27133e-08
3141.926579666781 2 6.72592e-07
3147.576579824425 2 4.88833e-08
3153.04387916042 3 6.49697e-09
3155.476579887635 2 8.59974e-08
3158.638255146551 4 1.23662e-07
3158.693878873683 3 5.25713e-08
3159.442896428987 5 3.87742e-08
3167.317221199526 11 2.02361e-07
3174.71722164516 11 4.10756e-08
3180.517221122577 11 2.30144e-07
3186.167221327674 11 8.40519e-08
3188.268689326462 8 4.65812e-08
3193.238255111692 4 1.44057e-07
3195.693878859641 3 2.87303e-08
3198.888255421387 4 3.99835e-08
3214.138255046584 4 1.17014e-07
3217.193879010602 3 5.02775e-09
3222.838255144288 4 5.14697e-08
3226.043878949836 3 3.19956e-08
3227.526579835414 2 9.47577e-08
3231.688254960444 4 6.91167e-07
3234.093878873325 3 4.39836e-08
3235.576579911284 2 7.5629e-08
3241.338255283817 4 1.03177e-07
3242.826579920837 2 6.07038e-08
3248.626579748319 2 3.16475e-07
3251.638254898007 4 4.71548e-07
3260.526580136773 2 1.70752e-08
3262.088255283025 4 6.4968e-08
3266.176579968882 2 7.13899e-08
3272.393878682072 3 3.33578e-08
3275.738255137683 4 2.08256e-07
3280.443878864741 3 5.45674e-08
3282.076579777627 2 1.45429e-07
3285.238255148994 4 1.42966e-07
3286.893879082099 3 2.09552e-08
3290.888255309117 4 8.10438e-08
3293.176579886516 2 6.15545e-08
3296.538255086679 4 1.05885e-07
3301.242896335278 5 7.65432e-08
3302.188255332072 4 1.01752e-07
3309.076580029303 2 6.1112e-08
3311.838255216862 4 1.10352e-07
3314.943879094262 3 2.60424e-08
3317.292896510257 5 3.68366e-08
3317.488255047649 4 2.37997e-07
3326.718689193185 8 1.21265e-07
3332.260652825359 7 7.07152e-08
3332.298547260719 9 1.72199e-07
3338.94289654215 5 2.90784e-08
3338.988255149481 4 6.27801e-08
3341.926579823211 2 1.82414e-07
3344.443878789903 3 3.0934e-08
3347.72657990436 2 4.85176e-08
3351.988255487469 4 2.58733e-08
3357.376579916535 2 5.32964e-08
3363.67658006445 2 3.93672e-08
3369.788254968499 4 4.63833e-07
3375.588255521316 4 4.30297e-08
3376.376579844359 2 6.29803e-08
3382.743879033087 3 2.66255e-08
3388.438255027299 4 2.38872e-07
3396.368689101628 8 7.70381e-08
3399.660653017423 7 1.38837e-07
3399.698547263858 9 4.97136e-08
3400.317221173444 11 2.39978e-07
3406.117221221535 11 2.51283e-08
3413.517221327035 11 1.41811e-07
3415.098547596457 9 3.47251e-08
3417.268689348381 8 2.21481e-08
3426.118689392388 8 4.44131e-08
3431.768689607636 8 1.61946e-08
3435.298547357276 9 8.42976e-08
3436.210652707723 7 1.89215e-07
3439.667221056585 11 1.43241e-07
3441.89854717894 9 2.07294e-07
3442.010652828082 7 1.25049e-07
3447.698547041373 9 4.90146e-07
3447.810652771642 7 1.32075e-07
3448.517221352292 11 5.95153e-08
3452.468689501378 8 2.78362e-08
3458.268689091073 8 2.79791e-07
3463.060652779261 7 4.14052e-07
3463.09854707645 9 8.5112e-08
3466.167221210626 11 7.46079e-08
3468.860653197184 7 3.48565e-08
3474.018688977838 8 1.14932e-06
3479.668689556957 8 2.42106e-08
3481.248547181748 9 1.09539e-07
3482.060652749169 7 3.68817e-07
3482.067221400104 11 6.94588e-08
3485.318689228624 8 9.06152e-08
3489.46065291825 7 2.23188e-07
3489.94854704582 9 4.21151e-07
3490.117221325815 11 1.09249e-07
3495.767221156862 11 2.17334e-07
3500.548547238238 9 1.50602e-07
3500.560652867651 7 6.62273e-08
3502.067221201287 11 7.81415e-08
3514.818689320694 8 9.02288e-08
3524.4882553342 4 9.99428e-09
3526.842896480857 5 3.45934e-08
3528.303263276414 10 6.63502e-08
3534.103263531533 10 5.14537e-08
3539.903263232999 10 4.91453e-08
3546.353263598744 10 1.90826e-08
3552.80326351141 10 3.35677e-08
3560.053263501352 10 6.51615e-08
3564.642896478547 5 2.51008e-08
3565.599944810692 6 5.2144e-08
3568.753263802365 10 2.34994e-08
3570.442896336581 5 3.54117e-08
3572.699944430062 6 2.80618e-07
3576.092896337983 5 5.41992e-08
3579.149944307162 6 4.6851e-07
3581.488255149589 4 4.04867e-08
3581.74289614946 5 1.21157e-07
3584.799944320658 6 5.93455e-07
3588.0428961461 5 1.24125e-07
3588.888255212613 4 1.38622e-07
3591.899944384269 6 3.29398e-07
3596.742896049053 5 2.0833e-07
3597.549944701161 6 9.81952e-08
3599.038255150953 4 2.78459e-08
3603.199944359023 6 4.58452e-07
3603.992896345535 5 3.02608e-08
3608.838255448143 4 7.33973e-08
3608.849944406891 6 1.04851e-07
3613.492896334819 5 4.23214e-08
3614.638255553365 4 3.22852e-08
3614.649944311112 6 2.67157e-07
3619.142896075176 5 3.11539e-07
3620.438255182789 4 7.03536e-08
3620.449944449388 6 2.12997e-07
3624.792896041686 5 4.60348e-07
3626.238254998343 4 3.5284e-07
3627.049944477933 6 2.87235e-07
3630.442896172094 5 2.33227e-07
3632.849944151312 6 1.36679e-05
3634.438255277617 4 1.41899e-08
3636.09289655968 5 2.66442e-08
3638.253263282376 10 1.68028e-07
3644.053263020012 10 2.16769e-06
3649.703263233836 10 1.23814e-07
3655.35326352386 10 4.9733e-08
3661.003263056545 10 7.62486e-07
3667.153263275184 10 1.2149e-07
3671.992896189026 5 7.29331e-08
3672.738255229022 4 3.55483e-08
3673.549944272453 6 4.37564e-07
3681.41868938484 8 2.48682e-08
3688.018689091502 8 1.10543e-07
3691.148547362227 9 6.28355e-08
3691.960652819118 7 2.52673e-07
3692.667221180939 11 5.24984e-08
3697.748546999163 9 3.29317e-07
3697.760652760707 7 1.06529e-07
3699.267221163387 11 1.22779e-07
3705.067221531079 11 2.62462e-08
3709.018689579962 8 5.02615e-08
3712.842896387593 5 8.17955e-08
3714.403263291967 10 1.03786e-07
3720.203263240384 10 1.08902e-07
3722.549944684554 6 3.06537e-08
3723.442896329774 5 6.7779e-08
3727.603263322671 10 2.99166e-08
3736.303263143851 10 3.10936e-07
3742.103263228688 10 3.54678e-08
3747.753263351171 10 8.13893e-08
3753.403263183804 10 2.04707e-07
3759.203263455657 10 4.79315e-08
3765.003263172141 10 1.17966e-08
3770.803263404993 10 4.00536e-08
3772.292896303747 5 9.48226e-08
3776.453263273155 10 9.80178e-08
3783.553263203842 10 7.03608e-08
3789.203263002438 10 5.25632e-07
3794.599944672605 6 2.38695e-08
3797.903263435901 10 2.94019e-08
3803.553263417236 10 2.47191e-08
3808.342896348428 5 6.39015e-08
3813.20326355882 10 6.84065e-08
3818.85326360729 10 4.32552e-08
3824.503263405665 10 1.0412e-07
3830.153263269331 10 8.33233e-08
3835.803263698804 10 1.30034e-08
3836.393256342328 5 1.07304e-08
3836.399944701662 6 7.18817e-08
3841.603263427832 10 1.44134e-08
3846.192896428842 5 5.32471e-08
3847.338255197184 4 8.29e-08
3848.299944372923 6 1.39311e-07
3852.642896499448 5 6.40591e-09
3853.949944699138 6 6.51597e-08
3857.138255200005 4 1.16634e-07
3858.29289618296 5 9.99182e-08
3862.668689237355 8 1.12183e-07
3869.268689264007 8 9.59457e-08
3875.068689234772 8 1.24776e-07
3883.626579742861 2 1.75234e-07
3889.426580128014 2 7.90013e-08
3898.276579938258 2 1.39772e-07
3914.018689209704 8 9.27938e-08
3919.818689505496 8 8.5155e-09
3925.468689337878 8 1.00708e-07
3930.976580273278 2 1.73307e-08
3931.738255047032 4 2.72291e-07
3936.626580229579 2 1.61576e-08
3938.043878753233 3 9.09252e-08
3943.638255202824 4 5.7631e-08
3948.442896206992 5 1.20053e-07
3949.28825547092 4 1.51614e-08
3952.40326329319 10 9.13099e-08
3957.999944618257 6 8.61286e-08
3958.892896556288 5 1.92038e-08
3959.653263244766 10 4.75967e-08
3965.303263244881 10 6.28668e-08
3970.953263368589 10 3.45185e-08
3974.142896065874 5 5.23517e-07
3974.788255394752 4 6.49184e-08
3974.849944465352 6 1.26111e-07
3979.792896147343 5 2.22112e-07
3980.588255194256 4 3.68359e-08
3980.649944370423 6 1.22904e-07
3985.442896587212 5 2.00787e-08
3986.388255080915 4 1.70933e-07
3989.143878581388 3 1.86251e-07
3992.188255113759 4 5.6293e-08
3993.192896573896 5 1.38608e-08
3993.199944609364 6 5.95042e-08
3997.193879036004 3 1.41915e-08
3997.988255192624 4 1.26114e-07
4003.788255197297 4 7.88166e-08
4004.593878857862 3 2.77631e-08
4010.238255088646 4 4.41694e-08
4013.376580044908 2 4.86686e-08
4015.888255007239 4 9.96981e-08
4016.592896355812 5 6.52108e-08
4020.626579772812 2 2.22665e-07
4023.743878729811 3 9.07326e-08
4029.388254989038 4 4.06059e-07
4030.892896230248 5 1.16307e-07
4032.499944758208 6 6.61464e-08
4035.03825506543 4 1.67712e-07
4036.542896462293 5 3.64122e-08
4040.688254929367 4 5.54342e-07
4042.192896513611 5 1.40502e-08
4045.976579952893 2 6.00974e-08
4049.238255196713 4 1.15609e-07
4061.160652885894 7 1.07444e-07
4061.94854701078 9 8.6492e-07
4063.517221021622 11 5.78058e-07
4069.218689196809 8 9.05542e-08
4074.868689280421 8 9.11911e-08
4079.626579884961 2 6.14537e-08
4090.092896083803 5 4.64736e-07
4090.799944505793 6 1.59941e-07
4094.88825537607 4 5.00795e-08
4096.599944425873 6 2.12966e-07
4097.192896363316 5 7.07742e-08
4102.899944720275 6 3.94016e-08
4102.992896119603 5 1.52755e-07
4103.738255199423 4 1.91482e-07
4107.693878629022 3 1.21427e-07
4110.338254978784 4 2.17659e-07
4113.493878891901 3 2.40355e-08
4118.388255330107 4 3.25054e-08
4121.693878564085 3 1.47555e-07
4124.038255343472 4 2.94724e-08
4124.699944676184 6 4.82426e-08
4127.493878769209 3 5.20169e-08
4137.943878481756 3 4.51075e-07
4140.238255101178 4 1.78757e-07
4140.342896450175 5 2.99203e-08
4144.376579671217 2 3.67516e-07
4150.793878863585 3 5.99805e-08
4152.438255149911 4 6.9597e-08
4158.767221235916 11 4.71288e-08
4161.998547208373 9 3.61495e-08
4162.010652981187 7 7.80606e-08
4164.41722138303 11 4.30697e-08
4169.168689351364 8 1.0126e-07
4175.768689261338 8 4.11132e-08
4181.418689232066 8 7.58451e-08
4187.068689386847 8 1.71043e-08
4198.968689587455 8 1.1923e-08
4199.81065276462 7 1.86794e-07
4200.59854727838 9 1.21621e-07
4209.992896116369 5 9.32712e-08
4210.088255066348 4 2.99346e-08
4213.903263242852 10 1.38239e-07
4219.703263335305 10 5.51005e-08
4222.19289639039 5 4.97263e-08
4227.849944343149 6 7.33085e-08
4227.99289610435 5 4.16621e-07
4233.503263186552 10 1.76514e-07
4239.303263154834 10 3.4069e-07
4244.953263319549 10 1.2e-07
4250.753262970374 10 3.04351e-06
4256.553263371203 10 2.24474e-08
4262.353263286235 10 1.38569e-07
4269.6032632617 10 1.42669e-07
4275.253263363863 10 1.85589e-08
4280.903263360831 10 7.9768e-08
4287.203263191293 10 1.25421e-07
4292.853263256704 10 1.25275e-07
4298.503263189046 10 2.20977e-07
4304.153263257255 10 1.12942e-07
4309.953263576435 10 1.06805e-08
4311.242896267771 5 3.98451e-08
4315.753263227925 10 1.04517e-07
4321.553263191224 10 1.21693e-07
4327.203263268651 10 1.15677e-07
4332.853263247691 10 9.56008e-08
4338.503263493565 10 6.1933e-08
4344.153263494932 10 3.97316e-08
4352.688255435845 4 3.84741e-08
4357.298547096559 9 3.29746e-07
4357.310652743266 7 4.30921e-07
4358.717221383151 11 1.14615e-07
4364.718689495671 8 3.30855e-08
4367.938255158608 4 6.10646e-08
4371.942896194954 5 6.27997e-08
4373.588255242349 4 5.87863e-08
4375.926579760004 2 1.88428e-07
4379.093879110419 3 2.00571e-08
4384.126579953859 2 7.42613e-08
4386.493878775881 3 2.67747e-08
4388.838255060909 4 2.10082e-07
4395.117220994988 11 6.09853e-07
4397.498547225605 9 3.87409e-08
4398.310652918884 7 8.28139e-08
4404.768689116805 8 1.48892e-07
4408.098547166115 9 1.7269e-07
4408.110652799609 7 1.58344e-07
4409.56722109203 11 1.85802e-07
4415.868689057506 8 7.87067e-08
4421.668689083878 8 4.52528e-08
4427.468689465625 8 4.04745e-08
4435.3672210236 11 1.01078e-06
4436.298547361926 9 1.00795e-07
4441.768689116995 8 1.17239e-07
4445.760652791395 7 3.78594e-07
4445.798547184096 9 1.66008e-07
4447.917221482436 11 6.36106e-08
4451.560652752151 7 2.98176e-07
4451.598547072218 9 3.71928e-07
4457.360653137235 7 1.80527e-08
4457.398547456691 9 7.28027e-08
4458.367221660802 11 5.38011e-08
4464.017221391594 11 5.85928e-08
4469.667221549204 11 6.8454e-08
4477.688255074948 4 1.3659e-07
4485.567221257692 11 8.02037e-08
4491.217221044931 11 7.43761e-07
4491.998547157637 9 1.48484e-07
4492.760652750071 7 3.8616e-07
4495.968689236732 8 5.45202e-08
4501.768689514062 8 3.19671e-08
4504.960652919992 7 3.24488e-08
4505.6485471027 9 2.6716e-07
4506.467221441695 11 5.78207e-08
4511.910652788211 7 1.65621e-07
4511.948547101073 9 4.5885e-07
4512.117221468815 11 2.37955e-08
4519.118689068521 8 2.37555e-07
4524.918689114365 8 1.78772e-07
4534.568689461598 8 3.65313e-08
4539.992896168278 5 1.91502e-07
4540.788255164481 4 4.78477e-08
4541.499944408777 6 2.2953e-07
4546.592896330606 5 2.66343e-08
4547.299944226089 6 1.48481e-06
4548.988255438908 4 4.43139e-08
4552.242896148244 5 7.14444e-08
4553.099944243188 6 9.9915e-07
4556.238255065158 4 2.57916e-07
4558.749944209741 6 3.65014e-06
4559.492896158032 5 2.12648e-07
4564.399944438568 6 2.08232e-07
4565.792896085456 5 1.44286e-07
4566.538255133299 4 1.55749e-07
4570.049944497165 6 1.25661e-07
4571.442896502179 5 1.929e-08
4575.388255055183 4 2.56038e-07
4577.092896356458 5 5.269e-08
4578.593879021094 3 2.40573e-08
4581.038255149766 4 7.43183e-08
4582.742896121036 5 1.13501e-07
4586.688255036099 4 1.8767e-07
4590.526579796484 2 1.47173e-07
4594.643878913454 3 6.71668e-08
4596.326579946816 2 5.96191e-08
4599.538254951949 4 2.52947e-07
4601.093878773933 3 5.15953e-08
4604.226579771494 2 8.31455e-08
4609.876579876333 2 4.21026e-08
4617.926579926808 2 1.21954e-08
4628.238254928798 4 3.65569e-07
4628.242896334195 5 5.79059e-08
4629.799944569322 6 1.62674e-07
4634.042896338805 5 4.22811e-08
4634.688255178793 4 3.7713e-08
4635.449944543744 6 1.8051e-07
4639.842896293491 5 6.46978e-08
4640.48825502798 4 2.65302e-07
4641.249944433794 6 3.08614e-07
4645.642896537837 5 4.92519e-08
4646.899944229422 6 6.01948e-07
4648.238255213382 4 7.81018e-08
4651.442896163973 5 4.5155e-08
4652.549944505688 6 2.32891e-08
4653.888255455538 4 5.14483e-08
4657.092896418738 5 3.38162e-08
4659.538255115886 4 3.64605e-07
4662.526579858561 2 5.1436e-08
4669.767221258379 11 1.41352e-08
4670.510653104045 7 5.46228e-08
4670.548547396924 9 8.73508e-08
4675.417221041049 11 5.0734e-07
4677.948547139138 9 2.57896e-07
4678.710652861973 7 2.36056e-07
4681.668688920088 8 4.81443e-06
4687.46868946312 8 2.531e-08
4690.638255080108 4 2.12352e-07
4691.392896297697 5 4.17983e-08
4701.042896014398 5 2.01822e-07
4701.74994453833 6 1.35849e-07
4701.888255052226 4 2.28871e-07
4706.69289627277 5 1.00714e-07
4711.538255452909 4 6.51982e-08
4713.443878782719 3 1.77384e-08
4716.976579919821 2 1.50576e-07
4719.588254987136 4 6.30835e-07
4721.993878670822 3 1.10515e-07
4727.643878522237 3 1.91819e-07
4732.349944720197 6 2.35194e-08
4733.293878681573 3 7.47497e-08
4742.799944740736 6 5.51317e-08
4744.393878846037 3 2.81449e-08
4747.638255169616 4 8.66542e-08
4748.4499447336 6 2.48078e-08
4750.043878885868 3 2.57321e-08
4755.693878782963 3 4.82071e-08
4757.138254874267 4 6.74531e-07
4758.592896225547 5 1.04916e-07
4761.799944520204 6 2.32248e-07
4762.788255330574 4 7.15275e-08
4765.04289622588 5 9.48353e-08
4767.449944224614 6 8.19942e-07
4770.692896123825 5 3.93138e-08
4773.099944274369 6 6.81192e-07
4774.688255281694 4 4.32847e-08
4776.342896415005 5 4.05964e-08
4778.749944457816 6 1.33057e-07
4781.992896438225 5 1.42576e-08
4784.399944388045 6 1.68524e-07
4787.64323690948 5 1.59623e-07
4790.738255664011 4 1.11557e-08
4795.542896228764 5 3.91396e-08
4796.388255203845 4 1.08033e-07
4805.02657987666 2 6.35464e-08
4810.826579949638 2 3.83623e-08
4812.438255114289 4 1.36585e-07
4815.442896239917 5 5.83537e-08
4820.917221486697 11 6.48333e-08
4827.368689423087 8 4.29557e-08
4834.717221190914 11 2.52746e-07
4841.018689408813 8 3.68043e-08
4847.468689250172 8 1.05732e-07
4859.417221217172 11 1.10041e-07
4861.810653001154 7 1.88865e-07
4861.848547384579 9 1.01777e-07
4866.667221061855 11 1.46181e-07
4872.467221385736 11 4.92458e-08
4876.292896318466 5 2.1614e-08
4876.33825528193 4 1.32983e-07
4880.517221449434 11 7.40075e-08
4881.968689396675 8 5.30788e-08
4887.767221005283 11 1.10999e-06
4890.848547629093 9 3.33547e-08
4898.976580203963 2 4.70271e-08
4899.738255008701 4 2.94309e-07
4904.492896367666 5 3.64894e-08
4905.53825528421 4 9.50198e-08
4911.188255037539 4 3.31237e-07
4912.692896475394 5 1.82394e-08
4914.193878807814 3 5.50756e-08
4918.076579798854 2 9.14548e-08
4924.617221504364 11 8.06466e-08
4927.94289608335 5 4.00671e-07
4928.688255233063 4 8.69843e-08
4933.326579734957 2 3.79664e-07
4937.538255005927 4 6.2032e-08
4943.188255210573 4 3.43214e-08
4943.693878740958 3 5.28785e-08
4949.376579765477 2 2.5792e-07
4955.176579870902 2 7.16545e-08
4960.826580139921 2 5.603e-08
4962.293878704452 3 1.17729e-07
4967.926579585769 2 2.45408e-06
4971.088255164843 4 1.50451e-07
4972.642896525273 5 3.39683e-08
4979.82657971119 2 7.17251e-08
4985.626580086491 2 2.99674e-08
4996.667220977489 11 1.14983e-06
5005.368689338415 8 5.0137e-08
5011.168689458358 8 4.08786e-08
5016.818689233398 8 8.68586e-08
5020.726580346932 2 1.71727e-08
5026.376579809438 2 1.43762e-07
5032.826580255422 2 2.33774e-08
5035.918689599247 8 4.21694e-08
5041.568689255188 8 2.82894e-08
5044.717221055848 11 8.73143e-08
5045.448547747255 9 2.83858e-08
5049.410652614707 7 5.5477e-07
5051.248547063941 9 2.28378e-07
5051.967221052732 11 3.95694e-07
5060.738255172911 4 1.50245e-07
5061.492896041562 5 4.00715e-07
5062.299944568111 6 1.30889e-07
5066.976579913725 2 1.64922e-07
5071.343878840743 3 3.24259e-08
5074.376580111052 2 1.05008e-08
5075.988255076614 4 9.49928e-08
5077.692895974067 5 2.8576e-07
5078.499944429628 6 1.78885e-07
5083.342896338289 5 3.5684e-08
5084.149944363668 6 3.23907e-07
5086.288255117385 4 2.50849e-07
5088.992896338938 5 4.14437e-08
5096.088255013449 4 1.85453e-07
5096.092896447811 5 7.35963e-08
5099.868689323667 8 8.201e-08
5105.668689351904 8 9.97879e-08
5111.948547443613 9 2.56825e-08
5112.817221119624 11 5.80355e-08
5117.460652891777 7 2.08736e-07
5117.748547095781 9 2.07669e-07
5119.917220931708 11 2.09348e-06
5124.618689305286 8 9.42303e-08
5127.910652594453 7 2.47703e-06
5128.048547051337 9 7.8244e-07
5131.218689501591 8 1.33778e-08
5137.01868936746 8 2.93749e-08
5140.110652867549 7 2.54088e-07
5140.748547138176 9 2.0215e-07
5141.417221292378 11 4.21942e-08
5146.548547377328 9 2.93298e-08
5146.710653038719 7 8.28227e-08
5148.268689144599 8 2.63861e-07
5153.960652696662 7 2.03801e-07
5154.748547335346 9 4.37195e-08
5157.118689693609 8 1.42002e-08
5159.610652880262 7 8.91379e-08
5160.217221171043 11 1.27078e-07
5160.398547179373 9 2.11943e-07
5166.667221485723 11 4.24425e-08
5169.818689437802 8 2.17066e-08
5175.468689327643 8 3.53011e-08
5181.892896342645 5 5.25572e-08
5182.688255063061 4 1.62893e-07
5186.643878869427 3 4.36949e-08
5189.026579962164 2 8.05314e-08
5195.538255242296 4 8.08009e-08
5198.693878853212 3 4.74224e-08
5201.876579577524 2 1.05101e-06
5207.676580006031 2 3.26227e-08
5209.143878852543 3 7.94733e-08
5214.788255294152 4 2.65831e-08
5214.794228286364 3 3.82033e-08
5217.17658025841 2 1.78739e-08
5223.626579852706 2 5.1926e-08
5226.84387889138 3 1.87355e-08
5232.493878814689 3 6.69834e-08
5235.676579632659 2 5.09e-07
5241.326579761769 2 1.70537e-07
5244.438255015734 4 1.71899e-07
5250.676580185556 2 1.277e-08
5252.338255152482 4 6.79714e-08
5252.342896494586 5 1.82623e-08
5260.317221297212 11 4.67389e-08
5263.738255133508 4 1.25298e-07
5263.742896263808 5 5.98615e-08
5268.31868933515 8 3.74701e-08
5276.738255349111 4 5.32477e-08
5276.742896481334 5 3.1176e-08
5293.926579708269 2 1.34852e-07
5304.368689470979 8 4.05668e-08
5306.698547423005 9 3.05526e-08
5306.710653189666 7 3.93091e-08
5306.767221179268 11 2.02255e-07
5312.5672211273 11 2.56217e-07
5318.518689324926 8 5.99866e-08
5324.318689510299 8 4.97059e-08
5338.118689027696 8 3.46691e-07
5344.226579858388 2 1.43797e-07
5364.568689107544 8 1.55664e-07
5369.267221215777 11 6.73304e-08
5370.898547222004 9 2.13135e-07
5370.910652926794 7 4.48526e-08
5376.6985476074 9 4.60054e-08
5376.710653223533 7 5.15905e-08
5377.768689287531 8 1.28528e-07
5383.418689096196 8 2.58094e-07
5407.326579773524 2 1.91301e-07
5424.142896328733 5 6.61456e-08
5425.738255321678 4 7.97017e-08
5431.38825500164 4 2.86637e-07
5432.99289664081 5 6.93781e-09
5437.038255129459 4 1.16763e-07
5438.493878921344 3 4.63626e-08
5442.688255126117 4 3.63885e-08
5444.099944511431 6 1.06503e-07
5445.743878960089 3 3.80839e-08
5452.949944530374 6 1.68634e-07
5454.588255278497 4 1.12303e-07
5455.39387875618 3 1.04234e-07
5459.292896730216 5 5.87326e-09
5459.399944767886 6 8.71921e-08
5461.843878792306 3 5.3503e-08
5467.493878720693 3 1.42076e-07
5473.943878862459 3 3.55333e-08
5480.238255093036 4 3.91557e-08
5480.243879091156 3 1.76322e-08
5481.092896618091 5 3.47108e-08
5486.038255302035 4 1.47967e-07
5487.643878706018 3 7.60832e-08
5493.293878815942 3 9.47176e-08
5500.243878564491 3 2.63027e-07
5509.74387894651 3 5.11702e-08
5515.39387848956 3 3.63627e-07
5521.043878780325 3 9.49293e-08
5527.343878550935 3 1.82488e-07
5533.793878761062 3 7.88136e-08
5539.443878451735 3 5.17752e-07
5545.093878927265 3 3.5277e-08
5545.788254907179 4 9.94808e-07
5547.392896120848 5 1.10148e-07
5548.099944751417 6 2.58249e-08
5551.588255339601 4 3.59724e-08
5553.192896188064 5 1.22099e-07
5562.518689220587 8 1.94196e-07
5568.31868944722 8 1.08063e-08
5575.638255336764 4 5.76862e-08
5577.176579976995 2 9.61142e-08
5584.488255413064 4 2.02902e-08
5585.22657984999 2 1.36771e-07
5589.19387903908 3 7.27158e-09
5595.026579800543 2 9.62317e-08
5597.988255015429 4 3.29877e-07
5603.638254832964 4 2.45112e-06
5604.292896148112 5 2.76117e-07
5605.099944854466 6 3.1697e-08
5608.876579765679 2 1.96344e-07
5619.268689113132 8 1.79528e-07
5625.288255227491 4 4.60629e-08
5627.676580005608 2 9.41131e-08
5634.938254943044 4 3.68138e-07
5636.492896268318 5 1e-07
5640.153263376172 10 1.01159e-07
5645.953263132195 10 2.96721e-07
5651.753263173357 10 6.29982e-08
5657.553263594345 10 4.34993e-08
5658.142896335975 5 3.79024e-08
5659.788255071241 4 1.61558e-07
5667.792896225629 5 4.69665e-08
5667.988254893865 4 3.67089e-07
5676.067221281789 11 8.72783e-08
5676.098547087023 9 1.97671e-07
5676.110652896136 7 1.6259e-07
5681.898547392751 9 6.24627e-08
5681.91065300551 7 8.35816e-08
5684.168689361835 8 2.54233e-08
5687.317221528965 11 2.89453e-08
5701.976579726058 2 2.38274e-07
5704.343878910446 3 2.15846e-08
5707.77657987379 2 1.1642e-07
5713.426579757483 2 8.59663e-08
5719.076580026614 2 7.5216e-08
5720.988255152954 4 5.14663e-08
5721.843878987633 3 2.06876e-08
5726.788255270644 4 4.69164e-08
5728.426579911896 2 7.94712e-08
5732.192896346937 5 4.01209e-08
5733.388254914641 4 6.42016e-07
5736.976579746951 2 1.86467e-07
5741.288255133107 4 1.58159e-07
5743.592896256179 5 3.77429e-08
5746.903263096408 10 3.80058e-07
5752.553263036322 10 1.30705e-06
5758.203263523063 10 1.9615e-08
5763.853263311529 10 1.21691e-07
5769.503263548966 10 2.30276e-08
5772.592896490776 5 2.34444e-08
5775.1532630131 10 9.14768e-07
5780.803263237413 10 9.64545e-08
5786.453263363285 10 1.72349e-08
5788.549944817028 6 8.98025e-08
5792.103263220605 10 2.10425e-07
5797.753263235326 10 1.72949e-07
5803.553263180463 10 2.48167e-07
5809.353263111721 10 3.27067e-07
5815.803263249635 10 4.66911e-09
5821.453263097766 10 4.48807e-07
5827.103263318342 10 3.8906e-08
5833.403263263361 10 8.59202e-08
5836.599944663436 6 8.05556e-08
5837.442896318322 5 3.18932e-08
5842.138255249966 4 4.87915e-08
5846.026579912459 2 1.58061e-07
5848.588254959422 4 2.29392e-07
5849.342896342695 5 4.18263e-08
5854.23825523846 4 8.17959e-08
5855.792896535363 5 1.18856e-08
5862.092896410863 5 2.16782e-08
5862.13825503623 4 9.97805e-08
5864.499944625416 6 7.01546e-08
5867.892896316419 5 3.78802e-08
5867.938254769208 4 3.61581e-06
5870.593879118578 3 9.28376e-09
5871.37657993905 2 5.07759e-08
5876.393878933294 3 4.30444e-08
5878.626579837043 2 2.02903e-07
5880.938255313638 4 7.42327e-08
5882.193878680431 3 2.08022e-07
5894.117221067767 11 2.61297e-07
5903.76722119353 11 1.05781e-07
5908.368689193306 8 8.711e-08
5910.91065310697 7 4.81613e-08
5911.667221126188 11 1.17393e-07
5916.418689429403 8 4.0191e-08
5920.398547353226 9 7.21925e-08
5920.410652952385 7 1.31807e-07
5922.767221322497 11 1.35397e-07
5927.010653042063 7 1.11383e-08
5927.648547220232 9 1.75645e-07
5928.417221184853 11 1.60031e-07
5934.867221405468 11 3.25065e-08
5939.53825516558 4 1.76277e-07
5939.642896134372 5 2.93731e-07
5945.338254973086 4 3.722e-07
5946.092896208292 5 7.32889e-08
5950.988255089751 4 7.1673e-08
5954.026580147682 2 5.41304e-08
5955.693878700014 3 6.11008e-08
5961.438255026547 4 1.39308e-07
5961.493878993208 3 4.04547e-08
5967.238255158381 4 9.97856e-08
5969.276579916631 2 1.31284e-07
5972.44387871197 3 7.23737e-08
5975.87657980647 2 1.23119e-07
5978.188255166012 4 1.18591e-07
5982.893878903598 3 6.37097e-08
5984.576579882837 2 7.40466e-08
5992.49854743492 9 8.59607e-08
5994.117221153245 11 3.88975e-07
5998.06868909688 8 2.51595e-07
6000.510652878237 7 1.0172e-07
6001.348547116321 9 2.80068e-07
6002.817221055367 11 3.70319e-07
6008.560652932748 7 4.9367e-08
6009.398547130961 9 2.57451e-07
6010.867221068719 11 3.64294e-07
6014.210652927475 7 6.85625e-08
6015.048547438361 9 5.58959e-08
6016.517221379051 11 9.18889e-08
6020.368689389356 8 5.49713e-08
6022.967221509051 11 3.91382e-08
6024.36065305984 7 1.87023e-08
6024.548547449968 9 1.05141e-07
6031.017221374977 11 1.12375e-07
6034.968689264848 8 6.64817e-08
6043.818689426481 8 5.71083e-08
6049.360652625745 7 8.46635e-07
6049.398547058895 9 8.02432e-08
6054.117221113083 11 2.0762e-07
6055.198547618717 9 4.44796e-08
6058.860652888522 7 1.33025e-07
6060.84854743397 9 6.33128e-08
6061.968689290618 8 8.5432e-08
6067.768688944358 8 2.62359e-06
6073.41868939711 8 2.94075e-08
6085.992896382543 5 7.35791e-08
6086.088254971122 4 4.77321e-07
6088.476579882108 2 6.49681e-08
6094.276579937737 2 1.13506e-07
6100.393878930728 3 8.22411e-08
6102.326579868183 2 1.93069e-07
6108.593879022996 3 2.91928e-08
6110.376579613549 2 3.57686e-08
6116.026579543998 2 7.80162e-07
6121.6765801203 2 5.56835e-08
6127.476579626271 2 9.17728e-07
6131.888254911332 4 6.16436e-07
6132.592896433442 5 4.71078e-08
6137.538255129648 4 2.3859e-08
6138.049944627427 6 6.02643e-08
6138.242896080425 5 1.54476e-07
6142.817221404208 11 7.37902e-08
6155.838255058676 4 3.22785e-07
6155.892896507414 5 4.62175e-08
6160.64994492114 6 4.66259e-08
6161.638255156896 4 1.06264e-07
6170.192896073381 5 1.91591e-07
6170.338254970494 4 6.3207e-07
6174.293878798961 3 5.1964e-08
6176.13825500372 4 4.61142e-07
6182.118689154036 8 1.7411e-07
6185.310652801712 7 5.23375e-07
6185.398547112506 9 2.54022e-07
6187.81722093976 11 2.34916e-06
6191.110652922836 7 7.04437e-08
6191.198547190934 9 2.00329e-07
6193.617220925138 11 2.01513e-06
6196.910653258602 7 5.0386e-08
6196.998547536832 9 1.08057e-08
6204.398547486106 9 1.08463e-08
6204.717221156062 11 2.29136e-07
6208.838255090909 4 2.70208e-07
6210.392896378024 5 2.64047e-08
6214.488254782744 4 2.33578e-06
6215.89994483804 6 6.72575e-08
6216.042896235004 5 9.27392e-08
6220.138254843487 4 2.48313e-06
6222.3438788117 3 3.12458e-08
6228.776579626672 2 5.10531e-07
6234.544292869951 3 2.75911e-08
6236.176993828924 2 1.30169e-07
6238.588254946677 4 3.02773e-07
6240.24289610886 5 2.90398e-07
6248.768689298406 8 6.09616e-08
6254.568689166847 8 2.18668e-07
6259.967221364427 11 9.20505e-08
6260.798547049956 9 4.21477e-07
6260.810652690863 7 6.23666e-07
6265.767221580136 11 5.17994e-08
6267.410652728605 7 3.17233e-07
6268.048546902914 9 9.05316e-06
6271.417221274185 11 5.03431e-08
6278.468689366222 8 4.85034e-08
6280.098547146403 9 1.27518e-07
6280.110652701238 7 7.05908e-07
6281.717221218065 11 3.16594e-08
6289.68825518024 4 7.87329e-08
6290.54289605516 5 2.27536e-07
6291.299944521069 6 9.48856e-08
6300.288254883226 4 3.11906e-07
6301.142896596158 5 2.4105e-08
6306.088255074672 4 1.76605e-07
6307.493878786291 3 8.15902e-08
6311.738255127857 4 6.77178e-08
6313.99289600649 5 8.9143e-07
6314.69994448906 6 8.68842e-08
6318.038255120715 4 1.44892e-07
6319.642896283682 5 4.87601e-08
6322.749944183151 6 3.9217e-06
6326.092896332497 5 8.97861e-08
6326.738255265611 4 8.56e-08
6328.399944340501 6 5.6558e-08
6333.992896299871 5 1.20456e-07
6334.049944397416 6 1.85428e-07
6339.849944537047 6 1.09095e-07
6342.042896077011 5 2.99901e-07
6345.649944304452 6 4.17982e-07
6347.588255138668 4 3.92562e-08
6347.692895926994 5 5.19869e-06
6360.317221163935 11 4.46745e-08
6367.518689103018 8 1.84765e-07
6370.710653066584 7 5.8421e-08
6371.498547457293 9 8.32064e-09
6371.567221318979 11 1.00892e-07
6377.72657995729 2 7.71814e-08
6387.767221177123 11 7.92346e-08
6389.298547147694 9 1.80589e-07
6390.110652729443 7 3.80268e-07
6393.567221452021 11 1.38885e-08
6394.948547290532 9 1.40881e-07
6395.760653223669 7 2.70621e-08
6399.768688962745 8 1.97343e-06
6405.568689328914 8 3.60812e-08
6415.218689069657 8 2.99371e-07
6419.948547057058 9 3.3136e-07
6419.960652633725 7 1.9965e-06
6423.918689091554 8 2.03081e-07
6434.276580103037 2 3.6189e-08
6440.076579617464 2 8.92213e-07
6455.742896169677 5 1.5116e-07
6455.788255086636 4 2.03149e-07
6460.77658014397 2 1.37087e-08
6462.388255156793 4 3.45183e-08
6471.376579815688 2 1.38984e-07
6477.026579748358 2 3.02594e-07
6481.638255140293 4 1.03337e-07
6486.376580034572 2 5.45865e-08
6492.176579493736 2 1.13173e-05
6498.18825526192 4 5.95328e-08
6501.718689300831 8 4.81174e-08
6507.368689437951 8 2.03902e-08
6511.776579699168 2 1.04402e-07
6517.426579811604 2 2.13992e-07
6528.638255175202 4 1.50965e-07
6537.018689235659 8 1.2135e-07
6546.617221399416 11 5.39833e-08
6551.318689479093 8 5.79174e-08
6559.776579856621 2 2.08852e-07
6567.176580102623 2 5.14167e-08
6575.376579698579 2 3.27762e-08
6581.026580032279 2 2.38887e-08
6588.117221292793 11 7.55944e-08
6590.560652913558 7 1.08132e-07
6591.348546911005 9 6.75189e-06
6598.268689252199 8 7.33885e-08
6603.976579841794 2 1.27598e-07
6609.518689294265 8 7.5289e-08
6615.168688917857 8 2.8174e-06
6620.667221155355 11 3.51113e-08
6623.098546964785 9 9.84577e-07
6623.110652715503 7 3.04443e-07
6627.76722119227 11 5.48116e-08
6628.89854697683 9 9.60634e-07
6628.910652705037 7 7.84337e-07
6633.56722121727 11 2.13474e-07
6640.310653122021 7 7.97253e-08
6641.468689296506 8 1.53248e-07
6645.767221173891 11 2.43982e-07
6648.148547029128 9 7.79405e-07
6648.210652812075 7 1.12746e-07
6653.948547535178 9 9.04723e-08
6654.010653173773 7 1.66959e-08
6664.718689613471 8 1.05002e-08
6668.617221322028 11 3.32587e-08
6674.288254835685 4 2.51747e-06
6674.992896426705 5 5.98506e-08
6676.543878808148 3 4.81741e-08
6682.343878573049 3 1.95284e-07
6688.793878628878 3 2.02757e-07
6708.043878584224 3 1.4569e-07
6713.693878698319 3 8.20258e-08
6719.343878974775 3 2.9717e-08
6727.093878712269 3 8.79349e-08
6732.743878689617 3 1.35587e-07
6738.999945042924 6 5.91508e-08
6739.193878617049 3 9.3461e-08
6744.843878611472 3 5.565e-08
6747.938255020812 4 1.25144e-07
6750.39289675452 5 1.6743e-08
6755.867221004498 11 9.42098e-07
6757.348547116559 9 3.54208e-07
6757.410652798311 7 1.29211e-07
6761.667221272706 11 1.57769e-07
6765.618689188544 8 1.47404e-07
6767.948547209372 9 1.48065e-07
6768.01065273247 7 1.65927e-07
6770.367221086486 11 2.79822e-07
6780.06868921598 8 9.17661e-08
6785.676580037577 2 3.22526e-08
6792.926579889897 2 1.0382e-07
6798.576579995078 2 3.0034e-08
6804.226579572052 2 2.13027e-06
6810.518689577372 8 3.42963e-08
6816.16868917255 8 2.60505e-07
6822.567221466828 11 5.66673e-08
6825.748547183397 9 2.08129e-07
6825.810652680879 7 7.94233e-07
6828.217221069282 11 1.46203e-07
6834.468689559226 8 2.65004e-08
6835.548547273047 9 3.22358e-08
6836.410653108709 7 4.80929e-08
6836.417221083473 11 5.33586e-07
6841.198547119464 9 3.74068e-07
6842.210652988676 7 6.64633e-08
6843.968689027758 8 6.59343e-07
6846.848547455806 9 5.00715e-08
6848.017221552134 11 5.12547e-08
6850.460652972494 7 1.41431e-07
6854.418689254665 8 1.28403e-07
6860.848547542301 9 6.1131e-08
6860.910653209914 7 6.45843e-08
6862.468689387398 8 1.95786e-08
6867.26722134986 11 3.53539e-08
6869.048547057222 9 7.8338e-08
6869.110652723024 7 1.91771e-07
6872.917221297541 11 1.5622e-07
6876.448547325152 9 1.5925e-07
6876.510653002215 7 2.61541e-08
6882.368689383423 8 3.39072e-08
6885.46722114786 11 6.69792e-08
6892.788255178871 4 1.13733e-07
6893.642896253214 5 5.3209e-08
6896.743878540803 3 2.68999e-07
6902.393878712171 3 7.81387e-08
6911.093878452524 3 2.89932e-07
6914.288255087133 4 1.29651e-07
6915.942896503971 5 3.70487e-08
6919.026579877731 2 1.62177e-07
6921.543878866062 3 3.14083e-08
6922.338255102615 4 1.73511e-07
6924.792896221239 5 6.38944e-08
6927.049944476339 6 3.09986e-07
6927.988255129853 4 1.58654e-07
6930.442896336058 5 7.71503e-08
6932.699944330932 6 4.68206e-07
6936.092896161401 5 8.4349e-08
6937.488255222044 4 1.13469e-07
6939.799944394205 6 3.08916e-07
6941.892896236354 5 1.40776e-07
6951.117221639208 11 3.90795e-08
6954.268689145384 8 1.36759e-07
6962.468689405634 8 3.02474e-08
6968.118689304894 8 6.9044e-08
6973.768689237538 8 1.02585e-07
6976.76722153769 11 5.07839e-08
6979.110652870905 7 2.04246e-07
6979.698547116472 9 5.21896e-07
6982.567221245422 11 1.37005e-07
6986.468689535202 8 4.67554e-09
6989.688254959036 4 2.66754e-07
6991.999944775324 6 3.99651e-08
6997.643878543758 3 1.34876e-07
7004.243878790913 3 4.80576e-08
7012.293878684116 3 8.23795e-08
7016.842896423915 5 2.63677e-08
7016.85040355249 6 1.91157e-07
7017.738254966916 4 3.69568e-07
7020.043878813422 3 3.06574e-08
7022.676579820357 2 9.75519e-08
7028.326579964443 2 5.41602e-08
7033.976580022732 2 7.13782e-08
7038.738255071229 4 1.97677e-07
7040.242896272987 5 8.73436e-09
7044.388254930104 4 4.44208e-07
7054.467221643347 11 1.86062e-08
7058.538255358362 4 1.04866e-08
7060.926580143439 2 2.23649e-08
7066.576579676239 2 1.61854e-07
7072.893879061769 3 1.43821e-08
7074.626580033603 2 5.25779e-08
7080.276579748437 2 2.41586e-07
7085.926579879539 2 7.49892e-08
7088.143878650457 3 1.04757e-07
7090.588254999722 4 3.35917e-07
7106.517221406438 11 7.63803e-08
7116.910652800212 7 3.71738e-07
7117.698547054516 9 5.04124e-07
7124.167221169118 11 1.64245e-07
7124.948547663388 9 1.61465e-08
7129.817221352704 11 1.05994e-07
7136.238254978935 4 1.38902e-07
7136.942895973776 5 1.59431e-06
7137.699944551714 6 5.98148e-08
7142.742896238868 5 8.95776e-08
7143.499944386786 6 1.41792e-07
7148.392896464214 5 4.01552e-08
7150.653263349112 10 2.68318e-08
7156.453263165991 10 1.66236e-07
7164.503263620929 10 2.91423e-08
7165.949944655312 6 7.69996e-08
7170.153263453906 10 4.54104e-08
7175.803263474851 10 6.66907e-08
7177.892896578373 5 1.29508e-08
7181.453263217152 10 2.60542e-07
7185.94289641261 5 1.27532e-08
7186.649944855026 6 2.30833e-08
7188.053263026406 10 1.19114e-06
7193.842896293776 5 6.14952e-08
7195.48825494839 4 5.26278e-07
7198.693878827052 3 7.20371e-09
