1.736554769294 11 6.7276e-08
6.568581409498 6 3.60373e-08
6.66809688791 10 8.00161e-08
7.386554787652 11 4.54409e-08
12.468096580002 10 2.04064e-07
13.968581264576 6 1.07125e-07
13.986554667152 11 1.40702e-07
15.274250731656 2 5.88887e-08
16.960573989223 7 2.50201e-08
18.11809691038 10 9.31006e-08
22.524250552383 2 1.12483e-07
23.768096420282 10 6.95386e-07
25.386554812558 11 1.02134e-07
28.962830507391 8 4.95222e-09
31.410573572651 7 7.91321e-08
37.060573592697 7 8.83244e-08
38.568096519341 10 3.69702e-07
43.374250601072 2 7.19656e-08
46.518581113237 6 1.09728e-07
47.036554564096 11 1.13671e-07
47.568096609377 10 1.09421e-07
52.318580996511 6 1.7478e-07
52.686554245302 11 7.5318e-06
57.968580950635 6 1.9062e-07
58.486554285184 11 1.77854e-06
63.618581367447 6 2.34994e-08
64.286554593754 11 6.99845e-09
64.418096745323 10 1.5108e-07
70.545438093418 5 4.11079e-08
79.545437897653 5 1.69772e-07
80.212830272007 8 1.53949e-07
82.868096957642 10 1.06564e-07
85.995438103268 5 3.18453e-08
86.012830735354 8 3.4774e-08
88.336554428567 11 1.79488e-07
89.11858151658 6 5.36028e-09
89.168096697401 10 1.07851e-07
91.812830237656 8 1.02974e-07
95.360573601897 7 2.42869e-08
98.668096551272 10 3.10206e-07
101.612830460069 8 3.08509e-08
101.745437820777 5 2.06239e-07
107.412830326723 8 1.54265e-07
110.610573827956 7 2.58218e-08
112.318096876916 10 1.77363e-07
116.410573511824 7 1.54695e-07
120.368096753504 10 1.24938e-07
130.636835935743 9 4.53266e-08
140.286835570185 9 3.50575e-08
154.737285846081 9 5.40154e-08
163.436835628162 9 7.24624e-08
178.686835759487 9 4.38936e-08
181.862830201465 8 2.92401e-07
188.186835323757 9 8.41341e-08
190.712830715265 8 4.92319e-08
193.986835917381 9 3.83358e-08
196.362830171036 8 1.34571e-07
200.851604738119 4 2.35783e-08
201.795437966047 5 7.7002e-08
202.662830497883 8 8.5245e-08
210.795438157712 5 8.00179e-08
210.862830406069 8 1.45358e-07
217.851604716241 4 1.53961e-08
223.862830336014 8 8.02204e-08
224.595437783949 5 7.3692e-08
227.651604184482 4 2.79454e-07
229.182496046709 3 7.63847e-08
234.10160441 4 8.38781e-08
234.982496315122 3 5.16825e-08
239.751604376939 4 9.91564e-08
241.295437841733 5 2.28607e-07
242.812830563889 8 3.54986e-08
245.401604240037 4 2.6032e-07
246.632496298663 3 7.98042e-08
251.051604307673 4 1.66343e-07
253.8824958194 3 1.06653e-06
256.701604510349 4 1.08047e-08
258.64543779344 5 1.4585e-07
260.312830510556 8 2.78146e-08
262.501604394598 4 1.33076e-07
267.432496036522 3 1.58311e-07
268.301604592979 4 1.06918e-08
276.362830419719 8 1.23317e-07
285.301604249235 4 1.84345e-07
290.695437933782 5 1.67076e-07
293.212830025154 8 1.08877e-06
296.345437911634 5 5.31749e-08
299.012830554219 8 5.13178e-08
300.386835616612 9 6.70449e-08
305.16283050252 8 5.87292e-08
309.045437922232 5 9.25327e-08
312.268096487802 10 2.34813e-07
314.710573818529 7 3.28394e-08
317.918097014915 10 3.45748e-08
319.436554606881 11 1.3782e-07
325.018581488916 6 1.64396e-08
325.236554696106 11 5.25089e-08
334.886554412071 11 5.16268e-07
335.61858088605 6 6.28274e-07
337.024250879303 2 3.47688e-08
337.968096679838 10 1.5468e-07
340.295437813661 5 1.18595e-07
341.862830476028 8 6.9045e-08
344.386554781958 11 8.60842e-08
346.168096910549 10 2.65093e-08
347.695437781334 5 6.1928e-08
350.836555031077 11 1.21273e-08
351.818096947006 10 6.24414e-08
352.312830350639 8 6.94459e-08
353.345437863592 5 1.45671e-07
361.395437816825 5 1.91643e-07
363.712830395195 8 6.40728e-08
368.58720468366 9 6.5759e-08
370.312830166474 8 5.57375e-07
372.495437992963 5 6.78636e-08
376.1128303931 8 1.35067e-07
379.745437788137 5 2.09717e-07
382.651604651191 4 2.96151e-08
385.112830664312 8 3.19182e-08
388.445437993158 5 5.11672e-08
392.512830437117 8 1.30241e-07
397.251604828819 4 3.59469e-08
403.762830292094 8 6.70441e-08
408.495438047816 5 5.04756e-08
410.086554509978 11 2.5215e-07
415.886554464128 11 2.06453e-07
417.268581301688 6 2.47522e-08
432.736554715464 11 2.24817e-08
438.295437872704 5 7.90478e-08
443.945438050379 5 3.91514e-08
449.59543787166 5 1.109e-07
452.61283051563 8 6.37121e-08
454.918096741392 10 1.92167e-07
455.836554524146 11 7.87148e-08
456.668581167874 6 9.89447e-08
469.345438087537 5 1.40108e-07
486.345437754396 5 4.00545e-07
489.518096853754 10 4.62974e-08
491.910573411138 7 3.05236e-07
497.710573561632 7 1.09611e-07
502.518096979637 10 4.04199e-08
506.336835519479 9 1.12708e-07
512.168096582428 10 1.35286e-07
513.760573421401 7 3.95494e-07
519.410573480269 7 2.6727e-07
523.862830188021 8 1.02881e-07
526.468096965232 10 5.33766e-08
530.510573466412 7 2.46516e-07
538.560573490549 7 2.11122e-07
544.118096707582 10 5.49148e-08
548.836835710675 9 3.64043e-08
559.286835711405 9 4.30332e-08
566.537159740448 9 5.8398e-08
582.436835522931 9 1.28767e-07
594.460573763079 7 5.52024e-08
600.11057358381 7 1.22172e-07
605.760573938505 7 2.01491e-08
610.486835827595 9 5.65507e-08
615.260573429185 7 6.69804e-07
619.218097120509 10 3.77673e-08
624.795437884532 5 7.14694e-08
624.862830713881 8 3.41563e-08
631.236554623566 11 1.95355e-08
632.068096584584 10 3.15917e-07
633.668581118708 6 4.24581e-08
634.374250352104 2 3.12819e-07
637.868096919048 10 1.1644e-07
639.436554670368 11 6.41638e-08
639.468581412547 6 2.8307e-08
645.795437632641 5 7.71714e-07
649.236554817458 11 4.09444e-08
649.768096346565 10 1.60019e-06
652.974250618327 2 1.53805e-07
654.886554969878 11 1.38321e-08
655.418096877704 10 1.97543e-08
658.568581274834 6 3.36706e-08
658.624250771895 2 3.79275e-08
661.218096832873 10 4.16684e-08
662.662830420455 8 7.64509e-08
666.768581471598 6 4.73438e-08
666.786554585913 11 8.6992e-08
668.468096922251 10 4.44319e-08
669.91283016453 8 4.74035e-07
674.268096576471 10 3.55655e-07
675.324250443808 2 2.06194e-07
680.068097047432 10 6.30646e-08
683.874250211616 2 2.36917e-06
684.568581337641 6 9.94424e-08
685.718096666055 10 1.91741e-07
686.186554663283 11 6.84787e-08
689.524250397621 2 3.88452e-07
690.368581206674 6 4.53843e-08
692.168096837965 10 1.78998e-08
695.324250520346 2 1.36481e-07
697.968096853444 10 1.21399e-08
698.568581246103 6 4.50803e-08
699.186554660167 11 1.00429e-07
702.810573842623 7 1.59665e-08
704.324250463598 2 1.1071e-07
706.436554773211 11 7.02606e-08
706.768581376132 6 1.55293e-08
706.818096782575 10 1.30721e-07
709.974250375801 2 2.23792e-07
712.618096742416 10 8.17655e-08
712.96057407118 7 2.38065e-08
714.668581323478 6 6.85201e-08
715.624250744715 2 3.6094e-08
717.036554930287 11 1.11575e-08
720.018096461673 10 2.52813e-07
724.095437969067 5 7.69398e-08
724.212830168908 8 9.00725e-08
727.986835467182 9 4.80034e-08
731.462830262409 8 5.15756e-08
734.586835855723 9 5.14245e-08
737.112830509124 8 4.46647e-08
740.237222674898 9 3.76244e-08
745.012830752801 8 2.58599e-08
745.886835655704 9 1.94519e-07
753.062830874816 8 2.87767e-08
753.136835518093 9 1.04056e-07
758.862830025545 8 4.25268e-06
760.945438159926 5 2.47048e-08
766.536554561126 11 1.42293e-08
767.418096501361 10 6.27431e-07
769.774250325575 2 5.16821e-07
773.068096729263 10 5.58766e-08
775.424250677256 2 1.15004e-08
776.186554852736 11 8.61141e-08
780.968581175397 6 1.03642e-07
781.074250498473 2 4.73079e-08
781.768096600562 10 3.29274e-07
782.636554799622 11 8.13604e-08
787.524250540346 2 4.12563e-08
787.568096738942 10 7.67773e-08
789.168581383447 6 4.59955e-08
789.236554664345 11 1.25073e-07
794.168096861225 10 6.12487e-08
794.968581330203 6 4.05327e-08
795.036554583462 11 7.79266e-08
798.595438245948 5 2.42708e-08
798.612830396095 8 5.39964e-08
799.968096677462 10 3.3896e-07
804.412830425392 8 8.86769e-08
809.045437908619 5 8.35463e-08
810.062830766632 8 1.77196e-08
814.695437874615 5 1.76253e-07
816.051604387114 4 3.76866e-08
825.012830553859 8 3.26166e-08
825.795437828615 5 1.87234e-07
828.251604171604 4 1.66012e-07
829.732496245443 3 5.82713e-08
834.701604723219 4 2.09882e-08
835.445437740359 5 3.47008e-07
842.432496443881 3 2.28056e-08
842.75160451514 4 5.02822e-08
845.095438133842 5 3.40522e-08
848.232496283733 3 4.28951e-08
849.851604377606 4 1.04268e-07
855.501604403088 4 1.06066e-07
856.282496178582 3 2.42338e-08
859.462830389566 8 7.1478e-08
859.545437849105 5 2.5413e-07
868.982496381426 3 8.58447e-09
876.545438046801 5 5.54046e-09
886.1824958576 3 3.88001e-07
886.951604660059 4 6.36688e-08
892.751604637809 4 2.43798e-08
895.362830259027 8 8.31893e-08
896.945438029983 5 1.15446e-07
899.351604519712 4 3.72374e-08
900.182496093858 3 1.17532e-07
905.001604357153 4 1.20586e-07
909.032496209555 3 2.58941e-08
910.80160415657 4 1.238e-07
914.682496109192 3 9.35849e-08
916.45160447246 4 1.8059e-08
922.101604126924 4 7.38273e-07
922.582496207841 3 3.13138e-08
924.995437854133 5 1.17949e-08
932.251604532578 4 4.31242e-08
934.612830360335 8 1.41426e-07
934.645437805916 5 3.03275e-07
937.768096674826 10 1.29933e-07
940.412830329646 8 8.77604e-08
940.445438034753 5 2.32109e-08
943.418097003924 10 4.40387e-08
946.436554628059 11 9.93513e-08
950.518096673806 10 1.97864e-07
953.412830272901 8 8.60201e-08
953.445437871805 5 1.17123e-07
959.212830743738 8 2.53321e-08
960.845437921715 5 9.20633e-08
964.951604323304 4 1.32541e-07
968.082495894543 3 1.46529e-07
970.601604376092 4 1.11111e-07
974.682496375431 3 1.69936e-08
980.251604216179 4 2.30411e-07
981.132496087016 3 7.45296e-08
987.58249594454 3 1.95444e-07
988.301604092113 4 6.97945e-07
992.245438035842 5 3.71782e-08
993.951604403242 4 4.33477e-09
998.612830678722 8 2.8571e-08
1004.25160436549 4 1.43173e-07
1006.582496126461 3 5.51013e-08
1012.30160441514 4 9.41657e-08
1012.382496253583 3 3.78205e-08
1016.145437918185 5 1.2699e-07
1016.262830436059 8 1.2046e-07
1022.101604179451 4 3.50896e-07
1022.182496164109 3 1.02602e-07
1025.945438260508 5 3.6281e-08
1027.901604285992 4 1.41181e-07
1028.632496274474 3 2.44653e-08
1033.701604570925 4 3.00661e-08
1036.162830294171 8 3.96047e-07
1037.045438086604 5 7.66967e-08
1039.432496053338 3 1.85287e-07
1039.501604322346 4 1.93735e-07
1044.295437868645 5 1.23189e-07
1046.101604267423 4 1.34954e-07
1052.995438120579 5 4.10101e-08
1053.851604321823 4 2.48434e-07
1061.901604626754 4 4.5841e-08
1066.645438166605 5 3.12895e-08
1067.551604219121 4 2.74954e-07
1071.412830394072 8 1.03104e-07
1074.951604383259 4 1.39881e-07
1075.682496201379 3 5.95408e-08
1080.75160456343 4 2.24368e-08
1082.512830713036 8 1.77088e-08
1086.545437875607 5 2.16024e-07
1092.951604449707 4 1.03587e-07
1096.19543782634 5 1.4402e-07
1098.601604404614 4 1.37288e-07
1109.051604498143 4 1.72818e-08
1110.64543778629 5 1.71412e-07
1112.162830327959 8 1.00806e-07
1146.51057361489 7 1.52055e-07
1152.160573464557 7 2.1065e-07
1157.810573734956 7 1.22075e-07
1164.168096785696 10 7.3272e-08
1166.510573655846 7 4.22819e-08
1175.51057365988 7 5.17969e-08
1182.618097001896 10 5.27132e-08
1186.610573973772 7 2.79392e-08
1188.21283034381 8 1.32054e-07
1191.31809686049 10 8.38712e-08
1192.086554409919 11 3.35994e-07
1192.76858109484 6 1.23799e-07
1194.474250613655 2 2.90319e-08
1199.345437784136 5 7.1201e-08
1204.136554409201 11 3.65885e-07
1204.968581478775 6 2.21092e-08
1205.768096637371 10 1.46611e-07
1208.195437947328 5 2.8896e-08
1217.045438171498 5 4.40447e-08
1221.786554458279 11 2.86786e-07
1222.618581402233 6 2.01763e-08
1224.945437831927 5 1.17556e-07
1226.51283058978 8 5.21434e-08
1230.595437972372 5 9.57652e-08
1232.218096620083 10 2.27789e-07
1237.036554796127 11 5.43214e-08
1242.668581435831 6 6.63972e-08
1242.836554695451 11 6.40295e-08
1253.195438254044 5 3.3345e-08
1260.486554614374 11 5.22005e-08
1265.095437809197 5 8.12496e-08
1273.945438159421 5 3.04047e-08
1275.086554571055 11 2.36563e-07
1276.3185811794 6 1.00701e-07
1277.868096654066 10 7.22625e-08
1280.886554833022 11 4.61616e-08
1289.086554510733 11 3.61797e-07
1289.968581299055 6 2.54721e-08
1293.268096613869 10 3.08049e-07
1297.11057363794 7 9.01469e-08
1302.910573411233 7 2.1422e-07
1308.66809691459 10 6.26665e-08
1311.110573641665 7 2.56848e-07
1316.568096657792 10 1.28305e-07
1321.99543792883 5 8.64244e-08
1322.562830612715 8 7.72169e-08
1327.795437805076 5 1.16657e-07
1333.595438016359 5 5.76725e-08
1342.218096545648 10 2.96368e-07
1344.610573934622 7 7.44382e-08
1347.262830644509 8 4.9853e-08
1352.886835533766 9 8.30319e-08
1371.186835528409 9 7.80351e-08
1376.986880857007 9 5.25194e-08
1394.512830378907 8 6.07657e-08
1396.845438201532 5 3.01675e-08
1400.162830483378 8 3.60695e-08
1402.64543755504 5 1.44986e-06
1408.818096824035 10 4.46388e-08
1408.862830563234 8 1.44673e-08
1414.110573542745 7 1.53558e-07
1416.218096680961 10 8.58615e-08
1419.312830533676 8 4.3989e-08
1422.086554495365 11 1.35956e-07
1424.445437936155 5 6.71993e-08
1435.695437867575 5 1.96226e-07
1437.912830012764 8 5.38723e-06
1443.71283043759 8 9.44532e-08
1443.745437806257 5 2.51379e-07
1446.018096607104 10 2.07887e-07
1448.560573697405 7 1.33798e-07
1454.21057337906 7 1.02209e-06
1462.312830444876 8 5.64905e-08
1463.818096666886 10 2.76623e-07
1464.536554593674 11 1.84697e-07
1466.168581330603 6 5.61023e-08
1470.336554575155 11 1.22966e-07
1472.818096898321 10 1.39582e-07
1473.712830327715 8 8.08056e-08
1474.545437928856 5 1.09317e-07
1479.351604679131 4 3.7043e-08
1484.195437882021 5 6.22686e-08
1485.762830462372 8 5.72308e-08
1488.851604413378 4 7.13081e-08
1490.182496077252 3 1.86459e-07
1494.795437935564 5 2.07066e-07
1495.951604630465 4 3.33247e-08
1501.162830447455 8 7.38731e-08
1502.995437963327 5 5.56518e-08
1506.962829999502 8 1.17853e-05
1512.762830465915 8 6.31016e-08
1513.595437733315 5 3.23281e-07
1516.718097035389 10 1.13848e-08
1519.245438170931 5 4.13832e-08
1520.636554473663 11 2.14776e-07
1522.218581108672 6 7.82532e-08
1522.924250942031 2 4.44693e-08
1528.745438040705 5 7.08907e-08
1545.636554673874 11 3.31817e-08
1547.818096993744 10 3.67889e-08
1548.01858090225 6 7.65746e-07
1552.645437789407 5 1.02049e-07
1558.33655476983 11 7.56808e-08
1563.245437769553 5 1.62633e-07
1568.895438051151 5 4.39757e-08
1571.336554681292 11 5.63269e-08
1572.818096654811 10 1.21532e-07
1574.318581089384 6 9.24069e-08
1574.324250679461 2 5.85012e-08
1576.986554921772 11 2.28698e-08
1578.245437887335 5 1.13288e-07
1584.08655438228 11 3.1306e-07
1584.718097082243 10 3.23184e-08
1584.918581465417 6 1.19295e-08
1589.736554888073 11 1.02148e-08
1595.895437731363 5 4.9516e-08
1601.695437902603 5 7.67139e-08
1604.118096682878 10 1.81865e-07
1607.345437753022 5 6.05003e-07
1617.636554358067 11 4.41747e-07
1618.418581322635 6 8.13599e-08
1619.218097065368 10 1.33533e-08
1623.286554595392 11 7.66029e-08
1625.495437777441 5 4.10211e-07
1626.262830520325 8 2.30661e-08
1628.868096608328 10 1.06612e-07
1632.136554507485 11 2.34242e-07
1637.668581075526 6 1.08056e-07
1637.786554321251 11 8.63382e-07
1643.436554558094 11 2.33497e-07
1648.062830456399 8 6.27124e-08
1648.918096729105 10 9.3272e-08
1650.960573857999 7 5.11544e-08
1654.568096464959 10 1.77931e-07
1657.696535768655 5 3.68096e-07
1667.336554479052 11 1.94565e-07
1668.918581309654 6 7.17681e-08
1669.018097163578 10 4.01643e-08
1672.986554368678 11 8.51799e-07
1677.595437992068 5 9.56905e-08
1690.818096549076 10 1.67696e-07
1692.386554807657 11 2.65845e-08
1693.574250422219 2 2.13089e-07
1696.618096589687 10 1.37389e-07
1698.060573698492 7 9.38048e-08
1701.774250229005 2 4.2513e-06
1704.018096611912 10 3.19e-07
1705.736554599528 11 8.80435e-08
1707.218581001121 6 1.76433e-07
1708.074250565658 2 1.86811e-07
1711.386554626847 11 1.36289e-07
1712.868097135527 10 3.32954e-08
1714.468581332521 6 2.58696e-08
1723.245437598641 5 8.27532e-07
1724.762830458119 8 7.31748e-08
1726.51809679322 10 7.0632e-08
1731.060573879337 7 5.76662e-08
1733.612830195269 8 4.33932e-07
1736.818096820319 10 3.89934e-08
1738.345437997337 5 3.26537e-08
1740.73655481107 11 6.19165e-08
1745.568580982821 6 2.45448e-07
1746.536554340409 11 1.3249e-06
1748.068096688848 10 1.36168e-07
1750.37425057438 2 8.06021e-08
1751.36858141096 6 1.68726e-08
1752.186554737055 11 6.77361e-08
1753.718097050608 10 4.98084e-08
1758.636554659841 11 7.3461e-08
1760.21858115981 6 4.61584e-08
1764.862830461762 8 8.48276e-08
1769.745437991081 5 1.35509e-07
1776.136554884237 11 3.55299e-08
1777.945438006745 5 1.02712e-07
1778.662830423327 8 3.66466e-08
1785.786554900046 11 3.06621e-08
1796.236554689809 11 5.37643e-08
1812.545437957197 5 6.71465e-08
1818.062830331728 8 6.50429e-08
1818.345437969456 5 5.6899e-08
1828.945437860048 5 2.04676e-07
1830.912830882664 8 2.72536e-08
1831.368096665914 10 1.35591e-07
1832.13655449322 11 2.42256e-07
1832.918581194804 6 1.06316e-07
1840.695437743788 5 1.16156e-07
1851.945437637099 5 2.92972e-07
1858.736554589885 11 4.40535e-08
1865.168096799558 10 1.23427e-08
1866.812830481144 8 4.27909e-08
1868.345437964648 5 6.15249e-08
1870.96809678856 10 4.89539e-08
1874.145438096155 5 4.93423e-08
1878.062830142144 8 4.34834e-07
1880.46809684968 10 1.04488e-07
1883.712830591327 8 2.07003e-08
1886.810573875645 7 4.59025e-08
1888.518096952592 10 3.6752e-08
1893.212830561363 8 5.79076e-08
1894.168096721733 10 1.48395e-07
1897.245438103922 5 1.56892e-08
1901.032496192472 3 4.68678e-08
1901.651604318052 4 7.38491e-08
1907.695437852779 5 4.81647e-08
1910.051604414794 4 1.63443e-07
1912.462830480288 8 4.28411e-08
1916.545438026558 5 2.42182e-08
1922.90160436831 4 1.04303e-07
1924.132496058879 3 6.80623e-08
1928.66283020516 8 3.97428e-07
1928.745437999487 5 4.21043e-08
1934.068096763284 10 3.58554e-08
1939.262830259808 8 1.02785e-07
1949.062830743131 8 4.45291e-08
1962.060574025028 7 2.50434e-08
1967.710573880474 7 1.27712e-08
1971.718096574971 10 2.47241e-07
1974.160573362797 7 1.6084e-06
1979.810573873395 7 2.84916e-08
1982.968096932823 10 7.65252e-08
1983.662830332941 8 5.73523e-08
1985.295437780774 5 1.61394e-07
1989.312830128182 8 4.62316e-07
1994.962830069363 8 1.3528e-06
1997.34543784137 5 1.06202e-07
2000.401604524143 4 8.48256e-08
2002.995437971923 5 9.35847e-08
2007.662830080882 8 9.64194e-07
2013.295437710603 5 2.78827e-07
2013.312830526339 8 4.03334e-08
2019.09543813418 5 3.40093e-08
2019.112830316868 8 1.24613e-07
2020.468096943897 10 6.87684e-08
2026.118096930884 10 8.11671e-08
2026.760573701465 7 1.65522e-08
2031.768096836926 10 5.8304e-08
2033.695437858157 5 1.30021e-07
2039.495438176306 5 3.05669e-08
2043.162830270897 8 1.42351e-07
2046.095437718774 5 3.73231e-09
2048.812830583917 8 7.49823e-08
2050.06809648077 10 6.70909e-07
2054.01057378312 7 1.45919e-07
2059.810573919697 7 3.92224e-08
2060.518096853818 10 6.43244e-08
2064.487231756483 9 5.91035e-08
2068.660573902953 7 2.51263e-08
2069.368096833519 10 1.24977e-07
2075.01809682327 10 6.71882e-08
2078.145437875417 5 6.77953e-08
2085.986554483733 11 1.82512e-07
2087.568096788518 10 1.0452e-07
2091.574250480251 2 2.0478e-07
2094.010573521822 7 4.99205e-08
2095.618097122527 10 3.31766e-08
2097.224250505169 2 1.05785e-07
2102.068096607193 10 1.37983e-07
2102.836554958455 11 3.94986e-08
2102.874250464918 2 2.70154e-08
2106.060573550844 7 4.83221e-08
2107.868096704248 10 1.09752e-07
2108.674250736747 2 7.51886e-08
2109.436554668977 11 3.89374e-08
2112.412830522541 8 1.14219e-07
2112.445437949604 5 4.75385e-08
2114.018096806469 10 4.78769e-08
2115.086554372367 11 5.73019e-07
2116.368581075246 6 1.95055e-07
2121.418096634664 10 1.25919e-07
2123.812830225622 8 1.91598e-07
2127.8454377398 5 3.06234e-07
2132.662830573351 8 4.67191e-08
2133.495437595853 5 1.98634e-06
2142.96858164944 6 1.4803e-08
2142.986554886988 11 3.19163e-08
2147.29543801547 5 2.36255e-08
2148.862830200716 8 1.83058e-07
2152.945437750262 5 3.04697e-07
2155.651604174661 4 1.96304e-07
2156.232496147954 3 5.39789e-08
2161.451604501443 4 6.60117e-08
2161.882496109927 3 5.24438e-08
2166.362830349709 8 2.15791e-08
2166.445438100567 5 3.02e-08
2168.832496270419 3 3.38168e-08
2168.851604504338 4 7.83721e-08
2176.251604486673 4 1.82049e-07
2180.232495971177 3 2.81958e-07
2183.501604252337 4 1.63506e-07
2189.151604195891 4 1.42985e-07
2189.882496216553 3 7.43498e-08
2193.045437850714 5 1.22288e-07
2193.762830356359 8 1.66828e-07
2196.551604470912 4 1.79122e-08
2202.462830173168 8 3.52756e-07
2203.195437912811 5 3.95807e-08
2205.468096573356 10 2.63368e-07
2207.910573479225 7 3.25527e-07
2212.762830650852 8 1.68901e-08
2214.510573807042 7 4.53204e-08
2216.068096472295 10 7.08354e-07
2224.736835784354 9 2.16435e-08
2241.586835561979 9 1.67223e-07
2249.636835437691 9 2.95208e-07
2260.736835821134 9 6.61307e-08
2267.986835466082 9 5.16325e-08
2274.436835471301 9 8.49263e-08
2294.487000420168 9 1.22978e-07
2302.386835645458 9 5.27435e-08
2310.410573650267 7 2.57947e-07
2312.768097084643 10 3.87372e-08
2316.060573827987 7 4.84008e-08
2318.418096852105 10 2.30987e-08
2321.710573337565 7 3.41383e-07
2324.068096534635 10 1.54183e-07
2327.36057372804 7 3.20662e-08
2332.768096651285 10 1.69827e-07
2336.860573600137 7 1.35622e-07
2342.510573803156 7 1.8512e-08
2344.812830715447 8 1.63396e-08
2355.23683568543 9 2.94811e-08
2376.087240597905 9 4.04513e-08
2388.786835809398 9 7.39482e-08
2396.036835406747 9 2.90362e-07
2406.410573391121 7 1.16801e-06
2412.0605733864 7 7.64625e-07
2417.71057372754 7 1.02699e-07
2424.16057346925 7 5.3806e-07
2429.810573701959 7 3.26353e-08
2435.460573300397 7 3.21582e-06
2437.618096606745 10 2.3865e-07
2440.862830191121 8 4.9043e-07
2441.645437838559 5 1.37279e-07
2445.551604036575 4 1.46984e-06
2446.33249609813 3 1.85496e-07
2451.351604173998 4 2.79495e-07
2452.132496337192 3 6.91112e-08
2455.295437859052 5 1.9532e-08
2457.801604339916 4 7.40902e-08
2460.18249648512 3 2.49706e-08
2462.512830579862 8 4.89813e-08
2467.345437731946 5 1.98666e-07
2468.162830340649 8 9.3129e-08
2472.936835777673 9 5.79724e-08
2473.81283053291 8 4.32204e-08
2479.4628304569 8 4.47437e-08
2481.636835552043 9 5.89368e-08
2485.112830667777 8 3.64234e-08
2487.287249836469 9 4.97049e-08
2490.762830444805 8 6.40231e-08
2494.560573617858 7 4.52297e-08
2499.268096546838 10 1.88183e-07
2502.386554762798 11 1.6014e-07
2509.645437613857 5 7.65436e-07
2515.386554690107 11 6.20393e-08
2521.845437846267 5 1.76672e-07
2524.112830240986 8 2.74154e-07
2527.495438005148 5 2.37515e-08
2533.14543774857 5 5.18474e-08
2543.436554758126 11 7.27991e-08
2550.036554683007 11 1.60706e-07
2555.836554490122 11 9.88652e-08
2555.968581229259 6 9.7945e-08
2556.268096717931 10 8.64257e-08
2571.236554692801 11 7.2896e-08
2573.995437715472 5 6.54088e-07
2579.645438042184 5 6.43873e-08
2586.095438021449 5 3.1857e-08
2587.668096538685 10 4.13594e-07
2589.768581342313 6 3.35296e-08
2590.674250575011 2 8.23801e-08
2591.436554611787 11 7.4546e-08
2593.318096449602 10 2.20472e-07
2597.086554535019 11 2.77684e-07
2597.818581054383 6 6.77685e-08
2599.46809675744 10 8.80704e-08
2601.84543793331 5 1.35238e-07
2604.98655458038 11 2.36719e-07
2606.668581184657 6 8.98239e-08
2607.518096591204 10 1.07001e-07
2610.636554321431 11 1.09104e-06
2616.286554550317 11 2.03185e-07
2617.018096601967 10 2.61586e-07
2621.060573516386 7 3.1545e-07
2626.668096774089 10 7.38142e-08
2628.162830240716 8 9.91573e-08
2634.612830253773 8 2.47525e-07
2636.145437955539 5 7.85173e-08
2640.086835352828 9 3.87325e-07
2645.862830051706 8 2.83182e-06
2647.545438014078 5 5.17992e-08
2653.786554563797 11 1.53783e-07
2661.045438002733 5 3.94257e-08
2677.036554335907 11 1.37205e-06
2677.768581149455 6 1.3096e-07
2678.568096722912 10 4.66256e-08
2688.136554554479 11 5.09252e-08
2690.545437884117 5 8.26144e-08
2692.962830512159 8 2.91524e-08
2698.618096716788 10 1.55202e-07
2703.374250407005 2 1.35823e-07
2703.386554758226 11 1.84364e-08
2704.218581167917 6 5.31064e-08
2708.268096639215 10 1.78784e-07
2709.174250339811 2 3.40281e-07
2711.618581308416 6 2.0329e-08
2712.236554674955 11 6.49422e-08
2713.918096914412 10 9.55862e-08
2718.61283061221 8 1.38945e-08
2720.368097047968 10 1.93104e-08
2720.960574001924 7 1.63582e-08
2730.536835735106 9 6.70271e-08
2745.786835395138 9 1.99725e-07
2784.236835634165 9 4.97765e-08
2793.886835513123 9 1.16055e-07
2802.736835939521 9 6.98726e-09
2826.636835938325 9 3.80477e-08
2832.436835639283 9 4.57898e-08
2846.760573948391 7 1.94228e-08
2853.218096913029 10 2.99024e-08
2854.960573676217 7 4.82894e-08
2861.91057363501 7 1.20436e-07
2867.56057389548 7 1.83055e-08
2868.318096665977 10 6.63771e-08
2873.210573718384 7 4.64199e-08
2873.968096687386 10 2.10045e-07
2877.862830396056 8 1.19415e-07
2879.395437909959 5 1.99471e-07
2888.286554439567 11 2.74747e-07
2889.11858134945 6 2.17422e-08
2890.01809641763 10 1.038e-06
2892.31057368181 7 8.00662e-08
2895.818096959546 10 2.64415e-08
2898.062830401012 8 3.69553e-08
2900.510573692902 7 4.89007e-08
2907.760573814458 7 1.07758e-07
2910.924250963199 2 1.85282e-08
2915.810573566454 7 1.64819e-07
2919.718096596292 10 9.13577e-08
2922.112830195005 8 1.19609e-07
2924.395437864666 5 7.74759e-08
2927.918096504898 10 3.44535e-07
2930.312830162937 8 3.40159e-07
2934.936835843969 9 8.55335e-08
2936.91283069646 8 5.87457e-08
2942.195438010969 5 3.92444e-08
2942.562830199994 8 9.86447e-08
2946.501604370289 4 1.19164e-07
2948.645438041853 5 1.82911e-08
2949.16283022144 8 3.67337e-07
2954.218096744291 10 1.31977e-07
2955.762830396903 8 3.64587e-08
2958.945437664324 5 6.47271e-07
2964.745437731748 5 3.11987e-07
2983.045437898832 5 7.68859e-08
2983.81283033345 8 1.18129e-07
2987.501604484625 4 2.73643e-08
2988.932496119781 3 4.55953e-08
2994.101604292814 4 1.39825e-07
2996.695437971919 5 6.86104e-08
2999.901604681594 4 3.16698e-08
3002.345437875637 5 1.03683e-07
3005.55160421165 4 2.28642e-07
3006.932496074713 3 1.07218e-07
3011.201604460011 4 4.46149e-08
3012.732496371232 3 2.78731e-08
3015.862830340679 8 4.44914e-08
3021.501604375191 4 8.25544e-08
3023.182496607588 3 3.10673e-08
3024.712830770454 8 1.03075e-08
3038.351604369964 4 8.73558e-08
3040.032495803549 3 1.49701e-06
3044.001604640611 4 2.65229e-08
3046.245437710586 5 5.98291e-07
3047.962830219544 8 2.29702e-07
3053.612830250266 8 1.22404e-07
3056.736835727749 9 1.56674e-08
3059.262830097837 8 4.06629e-07
3061.468096919517 10 5.39117e-08
3063.860573473664 7 3.29429e-07
3068.762830609782 8 4.77957e-08
3074.386835637633 9 4.12475e-08
3083.086835802147 9 9.24979e-08
3090.336835754823 9 6.61816e-08
3109.586835547427 9 1.10109e-07
3117.486835672791 9 3.93319e-08
3123.136835632908 9 1.19293e-07
3127.918096512662 10 1.93513e-07
3133.51057375324 7 4.56227e-08
3139.16057374761 7 9.30939e-08
3145.610573446934 7 2.29158e-07
3151.260573586656 7 6.89159e-08
3156.910573760448 7 1.01004e-07
3160.662830441822 8 7.24329e-09
3162.368096658109 10 2.30252e-07
3164.48655466205 11 4.23466e-08
3167.09543795515 5 5.77507e-08
3172.686554718472 11 4.82233e-08
3184.095437776092 5 1.75595e-07
3188.886554654912 11 5.39552e-08
3190.418096779872 10 1.28508e-07
3196.810573758748 7 3.94315e-08
3204.218096611411 10 5.20049e-08
3206.536554706951 11 1.02501e-07
3208.795438052453 5 9.01589e-08
3208.862830843023 8 7.74019e-09
3212.418096611537 10 1.36242e-07
3217.836835460787 9 7.67912e-08
3226.160573702779 7 5.48116e-08
3235.010573451013 7 4.28506e-07
3239.018096520316 10 2.44182e-07
3243.060573476405 7 1.81022e-07
3248.860573320832 7 3.77689e-06
3253.618096643316 10 2.10291e-07
3257.710573708588 7 2.88454e-08
3261.01809672012 10 1.27095e-08
3264.960573464599 7 1.36566e-07
3270.760573681031 7 1.14217e-07
3274.818096845147 10 4.27916e-08
3279.760573817456 7 5.25736e-08
3283.818096764323 10 1.20942e-07
3287.810573844362 7 6.48363e-08
3293.610573721801 7 1.19066e-07
3293.61809677053 10 3.40688e-08
3296.912830594195 8 5.2836e-08
3299.418096824784 10 7.42464e-08
3302.562830224389 8 1.82607e-07
3306.018096709923 10 1.2382e-07
3309.360573692269 7 1.20864e-07
3312.618096888181 10 3.77082e-08
3321.362830574995 8 1.74737e-08
3322.268096895933 10 1.90857e-08
3324.54543807686 5 2.95656e-08
3327.736554403331 11 3.80072e-07
3328.518581105923 6 2.80791e-08
3334.986554836273 11 3.63507e-08
3337.395437990501 5 6.0021e-08
3338.212830315238 8 1.43726e-07
3339.768096770836 10 1.39568e-07
3341.410573487441 7 2.77278e-07
3347.060573622918 7 7.95809e-08
3351.818096702018 10 9.6464e-08
3352.710573734916 7 5.00887e-08
3358.360573439628 7 4.34824e-07
3360.668096916235 10 3.03771e-08
3364.010573887677 7 2.65993e-08
3368.718096944653 10 3.95782e-08
3372.710573755121 7 6.49588e-08
3378.360573702436 7 5.17431e-08
3384.01057365586 7 2.05641e-08
3390.262830388487 8 8.80364e-08
3391.81809662453 10 3.64697e-07
3393.43655482056 11 1.38308e-08
3396.568581263987 6 8.17429e-08
3407.84543767214 5 1.06975e-07
3416.686554480387 11 3.40125e-07
3418.268096737944 10 6.56194e-08
3419.168581013618 6 1.70489e-07
3425.536554506282 11 2.15548e-07
3431.186554593602 11 1.55079e-07
3451.886554450268 11 2.18901e-07
3453.518096327078 10 1.02869e-05
3457.536554298565 11 1.86469e-06
3458.268580890155 6 7.96327e-07
3473.586554691249 11 1.61637e-07
3474.318581137057 6 1.22852e-07
3476.768096984642 10 4.98159e-08
3479.236554813057 11 4.21997e-08
3485.686554536408 11 1.75958e-07
3509.495437696229 5 5.61001e-07
3512.818096793859 10 1.08829e-07
3514.386554482957 11 1.74596e-07
3520.068096833021 10 1.46406e-07
3520.712830463985 8 6.61295e-08
3522.345437754875 5 9.19611e-08
3526.512830323836 8 5.78952e-08
3532.551604344811 4 1.91668e-08
3533.732495874395 3 3.35568e-07
3538.545438197364 5 1.79238e-08
3539.15160427265 4 9.33508e-08
3540.382496251355 3 6.70019e-08
3544.951604260725 4 7.93779e-08
3548.932496322771 3 1.67721e-08
3552.195437786785 5 2.44284e-07
3552.962830520225 8 1.47608e-08
3556.851604663233 4 2.98837e-08
3561.012830694761 8 2.39558e-08
3569.062830199347 8 3.82828e-07
3569.695437997675 5 3.11077e-08
3576.086835738606 9 4.05719e-08
3577.912830220576 8 2.0966e-07
3583.562830479207 8 1.06032e-07
3585.586835523352 9 5.1825e-08
3589.212830093551 8 1.20422e-06
3593.786835427683 9 1.92211e-07
3596.312830452341 8 5.98095e-08
3601.686835375412 9 1.69207e-07
3607.486835684153 9 1.21263e-07
3615.386835582638 9 1.92337e-07
3619.412830471853 8 6.01316e-08
3621.836835567043 9 1.43729e-07
3625.062830259783 8 2.41973e-07
3632.137213643697 9 1.77876e-08
3633.912830267394 8 1.58068e-07
3636.145437738171 5 4.22883e-07
3638.651604563653 4 2.08239e-08
3641.682496020266 3 2.13882e-07
3644.301604353796 4 1.61107e-07
3649.882496208899 3 8.22979e-08
3650.101603992781 4 1.40835e-05
3656.195437748802 5 1.06021e-07
3657.012830518471 8 5.94746e-08
3661.05160422063 4 3.52296e-07
3662.582496237634 3 2.2171e-08
3668.301604577852 4 4.04813e-08
3669.845437615536 5 5.57838e-07
3671.312830208277 8 1.48543e-07
3677.112830299374 8 2.0986e-07
3677.895438003128 5 1.16397e-07
3680.836554515831 11 1.07349e-07
3682.518096883728 10 7.06715e-08
3683.168581108282 6 1.87949e-07
3686.636554519714 11 3.86313e-07
3688.96858119736 6 4.64045e-08
3696.195438271168 5 2.4819e-08
3701.995438005283 5 2.74757e-08
3707.486554592774 11 1.85776e-07
3708.168096832182 10 3.99539e-08
3710.695437933399 5 3.21572e-08
3712.212830171968 8 6.38994e-07
3716.201604415117 4 2.92517e-08
3716.782496217376 3 8.10465e-08
3723.612830244431 8 2.04638e-07
3724.345437967334 5 3.03766e-08
3729.182496328902 3 4.63191e-08
3729.201604294949 4 1.67183e-08
3737.40160431937 4 2.28085e-07
3739.745437732905 5 3.75875e-07
3743.701604465495 4 8.48672e-08
3744.432496166902 3 1.27887e-07
3752.551604428415 4 1.03799e-07
3752.63249635772 3 3.31471e-08
3758.351604387537 4 2.49947e-08
3758.432495874301 3 8.00992e-07
3766.551604158689 4 1.23778e-07
3772.462830313023 8 1.20951e-07
3774.045437873502 5 2.23749e-07
3780.495438076949 5 6.30607e-08
3785.951604402838 4 1.29871e-07
3787.63249611602 3 7.83907e-08
3796.362830494136 8 7.67429e-08
3797.995437976936 5 8.28417e-08
3799.601604094819 4 5.88216e-07
3800.982496093948 3 4.89038e-08
3805.212830463049 8 3.41086e-08
3806.045437616623 5 5.65365e-07
3810.862830203062 8 2.3637e-07
3811.695438070143 5 3.95791e-08
3822.782496408601 3 3.27354e-08
3829.162830808908 8 1.43588e-08
3830.851604821337 4 1.92335e-08
3836.41283045794 8 3.95527e-08
3839.701604242059 4 3.09899e-07
3843.595437833831 5 1.60909e-07
3845.262830242229 8 1.79945e-07
3852.386835613291 9 1.20919e-07
3858.112830026654 8 5.94534e-06
3861.168096814459 10 7.68234e-08
3862.736554282795 11 2.19408e-06
3863.568580961289 6 1.77219e-07
3864.32425060794 2 1.43097e-08
3870.136554495514 11 1.13022e-07
3870.968580875133 6 1.00272e-06
3872.374250558674 2 1.19387e-07
3875.786554619159 11 8.22217e-08
3876.618580928121 6 4.32754e-07
3879.618096571612 10 3.3231e-07
3881.224250514646 2 3.71271e-08
3881.436554800458 11 8.6883e-08
3882.268581325578 6 3.2425e-08
3886.068096735962 10 1.47888e-07
3887.024250620362 2 1.12905e-08
3890.936554977083 11 6.15296e-08
3891.868096753091 10 1.11666e-07
3894.924250467976 2 1.9784e-07
3894.968581205332 6 1.11962e-07
3898.168096657866 10 1.66148e-07
3902.036554901575 11 1.5815e-08
3902.324250590569 2 1.95979e-07
3903.81809654279 10 9.71131e-08
3906.845438065743 5 1.22451e-07
3909.286554694335 11 5.56224e-08
3914.568914356145 6 1.82151e-08
3915.08655449196 11 2.44672e-07
3916.018096622092 10 2.51765e-07
3920.736554754445 11 5.243e-08
3925.168581404504 6 2.41384e-08
3926.536554771538 11 9.55923e-08
3928.218096729965 10 9.39531e-08
3930.76057396038 7 3.11411e-08
3934.018096701202 10 1.71907e-07
3936.410573610409 7 8.90041e-08
3942.060573876219 7 3.29743e-08
3942.068096622458 10 2.28031e-07
3948.412830113849 8 9.41013e-07
3950.095437692609 5 2.99881e-08
3954.782496445786 3 4.44111e-08
3959.012830634448 8 2.40803e-08
3960.751604609807 4 3.91331e-08
3963.782495999467 3 1.92159e-07
3966.401604169254 4 9.94431e-08
3971.745437770314 5 2.16874e-07
3973.312830208333 8 2.66452e-07
3979.112830306104 8 7.84968e-08
3984.762830457725 8 1.44092e-08
3994.186835387836 9 1.91399e-07
4006.910573795456 7 5.50147e-08
4012.710573569368 7 1.24783e-07
4014.11809674945 10 5.36359e-08
4015.862830357679 8 6.55857e-08
4019.810573589851 7 1.59643e-07
4027.860573827848 7 3.38908e-08
4031.112830144251 8 1.9377e-07
4036.595437944922 5 7.26575e-08
4036.762830352684 8 1.74268e-07
4043.760573768918 7 2.61804e-08
4050.818096687173 10 1.43052e-07
4053.936554821059 11 1.21494e-08
4056.618096909184 10 8.29255e-08
4068.386554476232 11 2.05894e-07
4069.218581076782 6 5.25456e-08
4074.036554523903 11 2.77828e-07
4074.868581146599 6 1.58081e-08
4077.618096468563 10 7.63531e-07
4080.824250360493 2 6.12667e-07
4082.236554831855 11 4.82198e-08
4082.268581126683 6 2.03637e-07
4084.068096610105 10 2.08166e-07
4087.995437922009 5 2.13267e-07
4089.612830024724 8 3.11905e-06
4096.036835329753 9 5.88328e-07
4098.612830567412 8 3.78068e-08
4104.262830295561 8 8.01821e-08
4120.137177728295 9 1.66911e-08
4125.786835652649 9 3.1169e-08
4133.036835902618 9 4.37741e-08
4144.010573363351 7 8.78503e-07
4149.810573805843 7 7.68143e-08
4153.718096722295 10 5.09387e-08
4156.045437653997 5 7.4883e-07
4156.162830577194 8 7.6955e-08
4165.045437668202 5 6.75311e-07
4166.612830726537 8 4.77093e-08
4168.168096765524 10 9.18661e-08
4168.836554433685 11 6.09413e-07
4169.66858100625 6 1.13457e-07
4170.474250689453 2 1.60047e-08
4175.436554664207 11 1.36243e-07
4177.868580821635 6 1.20675e-06
4181.236554428412 11 2.2183e-07
4182.768096901869 10 1.19821e-07
4183.668580887842 6 1.61272e-07
4184.124250604737 2 8.34171e-08
4186.886554608844 11 8.28805e-08
4190.168096649328 10 1.41884e-07
4194.095437773072 5 2.15051e-07
4197.336554688909 11 5.76123e-08
4205.495437631785 5 9.56984e-07
4207.612830592395 8 3.71163e-08
4211.945437737743 5 1.54289e-07
4217.501604210177 4 2.9687e-07
4220.645437795518 5 1.43248e-07
4222.212830234513 8 1.08687e-07
4224.618537849776 10 4.77625e-08
4226.295438072293 5 4.04968e-08
4227.862830402048 8 7.15812e-08
4231.945437680634 5 5.32489e-07
4234.201604259359 4 2.16682e-07
4236.082496248024 3 2.71523e-08
4240.001604796395 4 2.42179e-08
4241.732496046172 3 1.33624e-07
4250.451604407535 4 8.80104e-08
4259.19543771309 5 5.8274e-07
4260.712830404804 8 1.05626e-07
4266.482496063585 3 3.7465e-08
4271.301604227386 4 2.21498e-07
4276.132496207852 3 3.27615e-08
4280.00160440709 4 6.81137e-08
4284.832496357346 3 3.76943e-08
4288.201604347633 4 1.58997e-07
4292.582496248925 3 5.42729e-08
4296.401604508511 4 1.86009e-08
4301.582496449494 3 7.02315e-08
4303.801604209949 4 9.71721e-08
4308.832496512974 3 3.31089e-08
4311.162830242938 8 2.21845e-07
4312.545437905957 5 1.63437e-07
4316.65160444136 4 5.68524e-08
4319.932495950612 3 1.34599e-07
4323.101604321254 4 5.35293e-08
4327.945438154463 5 2.51891e-08
4330.351604468375 4 8.57952e-08
4331.832496410078 3 2.55512e-08
4336.001604373429 4 3.93685e-08
4339.88249596854 3 2.21157e-07
4341.651604136199 4 8.38899e-07
4347.301604583176 4 5.86452e-08
4349.445437776808 5 2.43553e-07
4351.062830217819 8 2.35825e-07
4362.295437988721 5 9.37859e-08
4364.586554551446 11 3.85255e-08
4366.268096679333 10 1.95142e-07
4371.912830197545 8 1.03749e-07
4374.468096586221 10 2.10117e-07
4376.460573496872 7 2.97724e-07
4382.261671811648 7 3.47753e-08
4391.162830403643 8 6.30897e-08
4391.945437773634 5 2.18123e-07
4400.795437972881 5 7.86821e-08
4403.18655451802 11 2.42038e-07
4403.968096835958 10 3.72474e-08
4404.518581081204 6 1.13448e-07
4411.245437809056 5 9.2862e-08
4416.036554509462 11 3.87853e-07
4416.718581054684 6 3.52893e-08
4418.568096704377 10 1.15986e-07
4421.686554296753 11 1.61327e-06
4422.518581120394 6 1.15374e-07
4424.218096667361 10 1.12086e-07
4426.47425073102 2 4.97467e-08
4427.33655449568 11 3.26612e-07
4430.345437859901 5 1.64999e-07
4438.395437855154 5 2.18108e-07
4441.636554571445 11 9.78537e-08
4460.045438016446 5 9.95488e-08
4465.695437638575 5 5.5084e-07
4471.345437935975 5 1.20797e-07
4475.862830326973 8 1.43187e-07
4479.168096628147 10 8.73929e-08
4482.295437908617 5 1.08766e-07
4488.095438029188 5 9.25159e-08
4496.668581303976 6 3.10969e-08
4496.736554404058 11 4.9428e-07
4497.618096715164 10 7.07013e-08
4502.536554742025 11 4.84594e-08
4515.386554808148 11 5.13619e-08
4517.668096714597 10 8.6115e-08
4519.268581099989 6 4.70655e-08
4521.036554480954 11 1.01329e-07
4523.174250893271 2 1.54315e-08
4524.918581008302 6 1.10278e-07
4526.686554470751 11 3.34472e-07
4532.145437961965 5 1.19272e-07
4534.586554554788 11 1.11332e-07
4535.318096590905 10 2.69099e-07
4539.262830237672 8 3.57544e-07
4539.395438064044 5 7.67877e-08
4543.036835471103 9 3.14897e-07
4549.636835603295 9 5.84317e-08
4552.26314089851 8 7.55931e-08
4555.436835873304 9 3.16397e-08
4560.31283039494 8 8.57344e-08
4563.486835546381 9 5.31439e-08
4566.112830318652 8 1.8679e-07
4574.312830232911 8 8.77384e-08
4580.112830422741 8 9.22513e-08
4589.118096779155 10 7.2399e-08
4590.560573445257 7 1.85652e-07
4596.360573588626 7 1.66567e-07
4597.818096722593 10 1.29132e-07
4602.660573626259 7 7.97151e-08
4606.668096924986 10 5.82999e-08
4608.310573493545 7 1.62871e-07
4613.960573868402 7 3.47296e-08
4618.718096643707 10 1.377e-07
4622.645438097032 5 3.54742e-08
4624.368096621545 10 3.13443e-07
4626.712830355773 8 6.7359e-08
4632.986835679662 9 6.47536e-08
4635.562830195417 8 1.25408e-07
4638.786835828228 9 6.4107e-08
4644.562830547843 8 5.27966e-08
4645.886835608774 9 1.15191e-07
4652.462830309862 8 1.3225e-07
4654.695438117318 5 4.39993e-08
4658.262830562849 8 5.25551e-08
4659.46809685 10 7.24357e-08
4662.660573732074 7 6.51645e-09
4665.118096610437 10 1.67337e-07
4666.636554807523 11 1.39385e-08
4668.195437899358 5 9.43168e-08
4681.768581100195 6 5.81757e-08
4681.886554517423 11 1.12524e-07
4687.374250937664 2 1.48373e-08
4687.418096719085 10 7.80832e-08
4687.536554545012 11 1.92235e-07
4687.568581360322 6 2.94934e-08
4690.462830345523 8 1.00623e-07
4694.818096966812 10 4.62877e-08
4696.262830285436 8 1.38954e-07
4696.745437698089 5 4.43734e-07
4702.062830458504 8 4.37462e-08
4704.586835950221 9 4.43186e-08
4707.845438014004 5 6.95782e-08
4707.862830451118 8 1.04238e-07
4709.418096628928 10 1.46846e-07
4711.860573603981 7 6.65895e-08
4717.660573579238 7 1.73645e-07
4726.486835694049 9 7.06993e-08
4732.136835698249 9 6.2617e-08
4740.836835551475 9 7.69145e-08
4746.486835502643 9 1.4681e-07
4759.262830061005 8 7.30004e-07
4766.512830452647 8 4.68699e-08
4772.162830770214 8 2.39136e-08
4772.786835862597 9 2.577e-08
4779.262830377716 8 1.22513e-07
4783.086835685302 9 8.00895e-08
4788.112830334494 8 6.43022e-08
4790.445437847662 5 2.66075e-07
4795.212830211883 8 1.63827e-07
4798.495437952712 5 1.0817e-07
4800.536554823116 11 6.27314e-08
4800.818096765533 10 9.86177e-08
4802.462830518568 8 4.93318e-08
4805.410573602528 7 1.30602e-07
4811.21057378403 7 2.45678e-08
4811.918096930172 10 8.00195e-09
4815.045438176222 5 4.98221e-08
4815.812830083723 8 1.32507e-06
4820.695438093546 5 1.49622e-08
4826.986554559922 11 1.72647e-07
4828.618096839313 10 5.95266e-08
4833.545437911527 5 8.8416e-08
4839.345438293521 5 1.90833e-08
4840.786554507339 11 6.54876e-08
4842.268096652098 10 2.07275e-07
4842.968581077053 6 2.27618e-07
4846.174250800671 2 6.54817e-08
4846.436554482376 11 2.53854e-07
4849.568581093173 6 6.36313e-08
4850.468096742756 10 2.22146e-08
4852.086554742759 11 6.57728e-08
4854.445438104853 5 1.40831e-08
4868.095437895301 5 6.47991e-08
4873.895437807411 5 6.41658e-08
4875.412830282468 8 8.72772e-08
4883.336554537166 11 9.39913e-08
4886.595438033681 5 5.23748e-08
4892.245437730578 5 2.29378e-07
4894.512830510853 8 4.18452e-08
4896.118096465502 10 3.65228e-07
4898.360573683361 7 9.02222e-08
4901.768096619873 10 1.37214e-07
4904.162830414782 8 1.11338e-07
4907.418096876499 10 9.32225e-08
4912.212830541042 8 3.03766e-08
4916.010573762763 7 2.39933e-08
4919.318096624902 10 4.08093e-08
4922.545437801201 5 1.02368e-07
4927.312830098321 8 7.0661e-07
4931.368096581911 10 1.15327e-07
4933.660573330679 7 2.65654e-06
4940.110573624037 7 9.87484e-08
4948.160573509625 7 4.36341e-07
4954.460573840536 7 2.2071e-08
4956.774250847033 2 4.50637e-08
4960.110573405223 7 5.01897e-07
4965.760573636468 7 1.21202e-07
4974.468096583421 10 3.1231e-07
4977.636554672207 11 1.10789e-07
4979.224250712678 2 5.25955e-08
4980.118096892678 10 4.3143e-08
4980.86057397697 7 1.35829e-08
4985.674250360836 2 7.31054e-07
4988.168096613905 10 3.11508e-07
4988.886554658569 11 1.64037e-07
4991.245437899693 5 1.74929e-08
5002.645438170956 5 3.50187e-08
5004.218096686999 10 1.10158e-07
5004.28655454041 11 9.75233e-08
5005.618580929029 6 4.95702e-07
5005.724250582502 2 9.28329e-08
5010.086554652779 11 1.84414e-07
5016.386554472539 11 3.0519e-07
5018.668096644358 10 1.97647e-07
5022.036554712979 11 5.61392e-08
5024.318096611538 10 2.30891e-07
5025.124250567293 2 6.25229e-09
5029.968096685026 10 1.25536e-07
5034.586554580114 11 1.48305e-07
5040.218581235178 6 1.36153e-07
5040.236554432123 11 4.53943e-07
5040.268096787169 10 1.39926e-07
5054.545437927889 5 4.3372e-08
5060.345438224853 5 5.2478e-08
5060.8128301369 8 8.50955e-08
5065.268096704801 10 1.89326e-07
5066.560573642308 7 9.76995e-08
5072.360573721699 7 2.13852e-08
5076.862830221881 8 4.794e-07
5082.66283043723 8 7.05696e-08
5084.586835683784 9 8.64858e-08
5088.395437950992 5 6.57991e-08
5088.462830197316 8 8.70241e-08
5090.918096733792 10 9.2572e-08
5094.195437837175 5 6.85112e-08
5094.262830449242 8 6.33291e-08
5097.218096658802 10 1.57543e-07
5099.618581091695 6 2.01271e-08
5099.636554447541 11 4.18225e-07
5100.424250724608 2 3.62724e-08
5102.868096648232 10 8.37949e-08
5105.418581365119 6 1.61292e-08
5105.436554476916 11 5.00855e-07
5113.595437949592 5 1.33795e-07
5124.836554628726 11 1.08034e-07
5134.418581272766 6 6.73169e-08
5134.486554577659 11 2.21886e-07
5144.845438218266 5 4.12375e-08
5149.018581142367 6 9.7291e-08
5149.086554427109 11 3.07682e-07
5164.486554873658 11 2.63967e-08
5166.495437943757 5 8.63593e-08
5169.668096743383 10 7.37637e-08
5169.71858123689 6 2.58199e-08
5170.286554532366 11 1.87902e-07
5176.086554912661 11 2.4433e-08
5179.345437819369 5 3.51742e-07
5180.862830317852 8 1.11085e-07
5184.268096846399 10 5.62273e-08
5184.910573742661 7 1.97867e-08
5190.710573445913 7 1.99855e-07
5196.468096831202 10 9.77715e-08
5199.56057368855 7 1.10389e-07
5204.374250621641 2 7.01803e-08
5206.010573606694 7 1.86153e-07
5212.460573739171 7 8.98825e-08
5218.110573962442 7 4.28154e-08
5223.760573326371 7 3.391e-06
5229.410573782618 7 6.23503e-08
5235.060573373608 7 1.30154e-06
5240.710573497179 7 1.1731e-07
5245.168096797761 10 4.2402e-08
5248.262830578604 8 5.53008e-08
5250.818096701707 10 7.52679e-08
5256.345437725737 5 4.07708e-08
5256.462830595809 8 1.65505e-08
5262.145437819639 5 2.06774e-07
5262.91283031492 8 1.31423e-07
5266.068096764341 10 3.50893e-08
5267.486554545534 11 1.54458e-07
5271.868096970786 10 2.36828e-08
5272.318581289791 6 5.73763e-08
5273.136554663271 11 1.7275e-08
5275.112830419814 8 4.07877e-08
5277.545438081206 5 2.74212e-08
5279.26809655644 10 4.45408e-07
5283.286554631361 11 3.84373e-08
5284.868581440939 6 3.68906e-08
5284.918096707375 10 1.20568e-07
5288.145438126576 5 2.95791e-08
5291.186554602989 11 1.75556e-07
5291.518096570459 10 3.80749e-07
5293.810573695315 7 1.02092e-07
5297.168096748486 10 1.7537e-07
5298.59543784018 5 2.94616e-07
5304.186554739364 11 7.59712e-08
5309.04543804813 5 4.18729e-08
5316.268096640869 10 9.83197e-08
5317.836554341635 11 1.27385e-06
5318.668581297018 6 7.53061e-08
5322.54543804741 5 1.0926e-07
5328.28655469014 11 2.11753e-07
5329.118097070723 10 4.47008e-09
5334.76809646688 10 4.85556e-07
5335.536554745735 11 6.98649e-08
5338.56858124578 6 6.55755e-08
5341.186554707695 11 2.79437e-08
5341.868096439559 10 5.66407e-07
5343.374250624338 2 7.29819e-08
5346.468581281694 6 7.04517e-08
5346.836554851875 11 7.64833e-08
5347.518096647056 10 1.33467e-07
5349.824250257587 2 2.72795e-06
5352.486554782235 11 6.75493e-08
5353.168096732933 10 2.20072e-07
5353.868581284535 6 7.47348e-08
5355.474250708693 2 5.21896e-08
5359.618096466202 10 4.3078e-07
5364.236554300934 11 3.49983e-06
5364.318581187142 6 1.31285e-08
5378.03655452369 11 2.16918e-07
5381.768096702588 10 8.67513e-08
5383.418581227468 6 6.64749e-08
5383.686554469417 11 3.48443e-07
5388.195437596171 5 6.62721e-07
5389.712830315262 8 1.26604e-07
5393.818096697611 10 1.75691e-07
5393.836554522185 11 1.87169e-07
5394.66858143019 6 2.62902e-08
5397.045437779038 5 2.04603e-07
5401.218096592298 10 2.31978e-07
5402.83655483112 11 2.6333e-08
5404.024250326447 2 2.16097e-07
5404.968581481955 6 1.84303e-08
5407.018096643055 10 2.1584e-08
5408.610573861912 7 3.90797e-08
5410.736554737523 11 5.51865e-08
5412.668097010171 10 4.64886e-08
5413.895437927869 5 4.89338e-08
5417.112830771911 8 2.85863e-08
5419.545437659739 5 6.58414e-07
5424.212830177608 8 5.31999e-07
5426.468096749273 10 1.30439e-07
5432.262830556852 8 4.47695e-08
5434.610573906812 7 8.06205e-09
5440.410573826938 7 3.5519e-08
5441.068097057686 10 9.45583e-09
5445.137270474941 9 1.18971e-07
5451.586835369566 9 7.72703e-07
5460.286835609207 9 1.18982e-07
5486.710573799281 7 3.34831e-08
5498.736946527984 9 6.6842e-08
5510.786835944586 9 3.25842e-08
5526.68683584379 9 4.13414e-08
5547.512830117859 8 7.38117e-07
5550.7372499852 9 2.25728e-08
5553.162830158704 8 7.10104e-07
5555.518096665792 10 8.59863e-08
5557.036554684754 11 1.48499e-07
5557.824250606206 2 4.90879e-08
5558.618581331951 6 7.95092e-08
5561.168096820116 10 1.14252e-07
5562.686554298342 11 9.24651e-07
5568.268581327445 6 4.39542e-08
5568.336554501601 11 1.58191e-07
5569.06809696021 10 3.04989e-08
5575.668096758069 10 9.75367e-08
5577.010573497134 7 1.26638e-07
5582.81057353284 7 2.25286e-07
5588.610573657224 7 9.68664e-08
5594.260573460635 7 3.7324e-07
5600.518096610241 10 2.03559e-07
5602.310574008301 7 2.74549e-08
5604.262830364467 8 1.2005e-07
5608.110573323426 7 4.48416e-06
5613.910574017994 7 5.16359e-08
5614.318096477069 10 1.10761e-06
5617.336554752656 11 9.20754e-09
5620.468581067234 6 1.21602e-07
5621.718096758844 10 5.56288e-08
5625.960573721771 7 9.72771e-08
5631.610573584637 7 1.29641e-07
5636.312830249006 8 1.77667e-07
5637.845437803198 5 6.33806e-08
5641.851604030053 4 4.22073e-06
5646.632496382761 3 2.53132e-08
5647.651604596231 4 5.45403e-08
5653.962830353024 8 3.81068e-08
5654.045437923078 5 1.142e-07
5659.762830300294 8 9.69498e-08
5662.095437778835 5 2.13141e-07
5667.162830264762 8 1.43598e-07
5670.145437866543 5 4.59485e-08
5678.995438288329 5 3.22011e-08
5684.286554600685 11 4.78106e-08
5687.54543786887 5 1.00869e-07
5694.718096509178 10 8.28002e-07
5695.536554831768 11 3.1239e-08
5700.368096638381 10 2.33937e-07
5701.91057345673 7 2.33611e-07
5707.710573888895 7 4.32638e-08
5713.360573564897 7 2.38985e-07
5719.010573475163 7 3.98628e-07
5724.660573842206 7 4.7747e-08
5726.818096792857 10 1.31915e-07
5731.562830244671 8 2.4756e-07
5736.41057366125 7 4.8674e-08
5737.268097036505 10 2.26431e-08
5743.612830137873 8 7.24024e-07
5745.195437868778 5 1.1773e-07
5747.551604400888 4 1.07549e-07
5752.632496359623 3 5.70559e-08
5753.351604409027 4 1.2727e-07
5758.195437860961 5 1.14564e-07
5760.751604508085 4 7.98644e-08
5764.682496353348 3 3.09275e-08
5769.445437840604 5 7.45624e-08
5772.612830400804 8 7.89971e-08
5775.851604235997 4 2.00897e-07
5777.232496059109 3 1.85994e-07
5782.145437776574 5 2.69194e-07
5784.012830232819 8 3.40342e-07
5791.232496230789 3 9.02093e-08
5791.251604232313 4 2.20294e-07
5794.345437814805 5 1.0345e-07
5796.56283057955 8 5.46291e-08
5798.652702298999 4 2.5498e-07
5800.882496266464 3 5.37847e-08
5804.301604423047 4 4.55426e-08
5808.632496152992 3 5.58977e-08
5810.101604237035 4 6.67272e-08
5815.082496077024 3 3.5844e-08
5815.901604099426 4 1.9692e-06
5820.732496349125 3 2.62962e-08
5821.551604540383 4 3.47952e-08
5830.251604515406 4 2.12355e-08
5831.845437779985 5 2.02101e-07
5832.612830570383 8 9.61736e-08
5838.262830220311 8 3.82385e-07
5838.945437937274 5 5.76131e-08
5841.318096719995 10 1.13905e-07
5843.660573629538 7 1.18572e-07
5846.968096682159 10 1.20424e-07
5849.362830537972 8 6.92484e-09
5852.510573903702 7 3.91307e-08
5854.218096852965 10 2.70359e-08
5855.812830364786 8 5.51375e-08
5856.595437624849 5 7.36687e-07
5861.462830347415 8 1.73202e-07
5866.095437970672 5 6.66269e-08
5867.112830288137 8 1.44297e-07
5870.810573643006 7 8.61621e-08
5872.368096726549 10 9.95614e-08
5877.410573541822 7 2.35922e-07
5880.568097035213 10 8.97542e-08
5886.218096707842 10 1.18834e-07
5888.386554743535 11 4.23281e-08
5891.745437511508 5 7.38776e-06
5898.186554590153 11 5.11593e-08
5900.745437673997 5 9.20874e-07
5907.036554641108 11 7.26038e-08
5908.368581355804 6 5.98118e-08
5915.88655447925 11 1.68286e-07
5916.568581403701 6 7.80524e-09
5916.668096894803 10 5.5681e-08
5932.736554831211 11 2.91877e-08
5935.845437836385 5 6.81153e-08
5939.012830242016 8 2.43941e-07
5943.268096663251 10 2.17977e-07
5945.612830421135 8 2.09184e-08
5948.045437812925 5 2.99174e-07
5951.318096957356 10 2.00999e-08
5953.060573533369 7 1.74586e-07
5958.710573702954 7 8.50638e-08
5964.360573735135 7 6.24366e-08
5970.010573457866 7 3.8953e-07
5975.660573333881 7 1.34172e-06
5981.460573762727 7 6.09578e-08
5987.368096661731 10 2.19895e-07
5990.645438182218 5 4.68547e-08
5997.736554509894 11 2.3854e-07
6017.095437827288 5 1.00474e-07
6020.186554597459 11 1.72038e-07
6028.236554682583 11 1.13948e-07
6032.345437864415 5 1.54034e-07
6034.686554421071 11 1.60957e-07
6035.968580909142 6 9.93295e-07
6036.874250901365 2 5.04202e-08
6039.418096725465 10 1.98329e-07
6042.086554915626 11 2.20569e-08
6057.19543817018 5 4.40812e-08
6063.368581044143 6 1.40608e-07
6063.586554497154 11 1.04457e-07
6066.818096954309 10 2.45245e-08
6069.16858127731 6 2.28082e-08
6069.236554432558 11 2.48999e-07
6074.068096873955 10 4.4778e-08
6075.036554795534 11 5.13207e-08
6079.868096352148 10 8.26207e-06
6082.136554694679 11 2.96878e-08
6083.645437948417 5 3.11717e-08
6085.212830343066 8 2.38113e-07
6089.260573327518 7 1.137e-06
6095.060573678183 7 4.63675e-08
6101.510573490874 7 2.69743e-07
6107.160573457381 7 6.08092e-07
6114.874250650828 2 7.41169e-08
6116.660573857774 7 3.30159e-08
6124.710573873856 7 3.89864e-08
6127.074250821033 2 5.7673e-08
6130.360573760635 7 6.64603e-08
6136.612830405473 8 8.46709e-08
6139.845437876323 5 1.57992e-07
6145.495437861125 5 1.43589e-07
6147.062830819794 8 1.46552e-08
6151.145437647047 5 3.11087e-07
6155.112830488828 8 3.91979e-08
6155.768096929508 10 4.71263e-08
6158.24543790858 5 5.48032e-08
6160.762830437957 8 9.67356e-08
6163.01809669659 10 7.20544e-08
6165.495437625432 5 2.37508e-07
6168.818097072612 10 3.91321e-08
6169.462830182603 8 5.50085e-07
6174.260573807262 7 3.61818e-08
6178.318096651965 10 9.55279e-08
6182.186554377435 11 3.47416e-07
6182.968581500326 6 9.60388e-09
6198.845437888589 5 2.5594e-07
6200.768097015489 10 3.98796e-08
6206.245437670885 5 2.75357e-07
6207.912830403714 8 3.77352e-08
6213.712830545242 8 1.58725e-08
6217.645438179286 5 3.51439e-08
6220.018097146309 10 2.99746e-08
6220.312830505193 8 4.49631e-08
6227.1605735705 7 1.50508e-07
6232.960573558463 7 1.8002e-07
6240.062830187075 8 3.5259e-07
6242.345437775623 5 4.23137e-08
6245.586554887506 11 2.57333e-08
6246.468096771662 10 1.4364e-07
6247.968581230235 6 2.80088e-08
6252.186554541349 11 1.63675e-07
6256.168580902159 6 4.75027e-07
6257.836554621448 11 7.97723e-08
6272.145437919605 5 3.27882e-08
6278.686554938599 11 4.79789e-08
6285.136554720288 11 4.40602e-08
6288.268096744289 10 9.86092e-08
6289.062830352431 8 4.24789e-08
6294.862830311319 8 9.30344e-08
6297.26809652871 10 1.91285e-07
6300.512830589743 8 5.40336e-08
6312.368096892907 10 5.7196e-08
6312.412830484817 8 5.5989e-08
6318.212830324549 8 1.28206e-07
6323.636835664273 9 3.6702e-08
6327.712830546355 8 3.41095e-08
6332.336835455615 9 3.48137e-08
6334.812830756789 8 2.25966e-08
6339.586835478476 9 2.99782e-07
6342.862830560108 8 5.52286e-08
6345.886835663786 9 1.35535e-07
6348.512830070317 8 5.64093e-07
6349.945437937961 5 7.93298e-08
6355.618096660396 10 7.62768e-08
6356.386554579551 11 1.35607e-07
6362.986554616277 11 1.08983e-08
6364.618096819491 10 8.00599e-08
6368.418581245836 6 1.26834e-08
6368.636554584255 11 6.65478e-08
6375.718096505527 10 6.14575e-07
6378.77425063938 2 1.28615e-07
6381.336554571605 11 7.2276e-08
6381.518096934721 10 3.78679e-08
6384.545438036179 5 2.44413e-08
6398.986554390041 11 5.08673e-07
6399.818580992151 6 9.51701e-08
6403.018096857242 10 6.2428e-08
6404.574250724919 2 4.23668e-08
6404.636554400282 11 3.26983e-07
6405.468581239888 6 1.07523e-07
6408.668096799044 10 1.39737e-07
6410.436554648673 11 6.75584e-08
6412.595438032849 5 1.57713e-07
6416.068580904022 6 8.21704e-07
6416.086554483758 11 2.2935e-07
6423.486554583269 11 8.7999e-08
6425.068581440463 6 9.94061e-09
6426.468096996836 10 2.65837e-08
6429.286554697505 11 7.62013e-08
6432.268096674244 10 8.78591e-08
6433.274250342693 2 1.88955e-07
6438.92425051191 2 1.71378e-07
6440.510573854644 7 2.77071e-08
6441.268096512219 10 3.12769e-07
6445.374250308927 2 1.06297e-06
6446.068581289756 6 3.34368e-08
6447.718096563781 10 6.07242e-07
6451.69543806734 5 9.35621e-08
6454.812830287136 8 1.91209e-07
6458.318096643236 10 2.68986e-07
6460.410573879751 7 4.54936e-08
6462.212830496147 8 5.04819e-08
6464.545438253228 5 2.64577e-08
6464.768096731533 10 7.10919e-08
6470.568096516584 10 5.33413e-07
6471.810573567831 7 6.20245e-08
6477.460573436781 7 2.37858e-07
6481.968096859841 10 5.74496e-08
6484.710573458446 7 2.88411e-07
6490.224250572821 2 7.5888e-08
6492.610573423918 7 3.08812e-07
6496.568096647535 10 1.90541e-07
6498.91283077918 8 2.13105e-08
6501.336554549739 11 2.86661e-07
6504.61809699227 10 3.84561e-08
6506.986554512866 11 1.05735e-07
6510.118581305195 6 3.22125e-08
6510.124250468806 2 1.83355e-07
6510.26809678999 10 1.56525e-08
6512.660573836666 7 6.86398e-08
6515.836554844939 11 2.99084e-08
6515.918096966137 10 2.76654e-08
6515.924250321877 2 4.70635e-07
6518.310573830489 7 6.70456e-08
6521.636554823313 11 8.2681e-09
6521.718096395876 10 8.68943e-07
6521.724250893558 2 4.28e-08
6526.195437770545 5 1.5263e-07
6527.762830522908 8 8.4277e-09
6528.318096798263 10 5.44845e-08
6530.710573938788 7 4.28532e-08
6534.745438181554 5 3.71581e-08
6535.718096766398 10 2.47121e-08
6536.236554492139 11 3.25965e-07
6538.018581458527 6 4.73269e-08
6542.036554637998 11 8.66067e-08
6546.145437727194 5 1.59149e-07
6550.23655462782 11 3.7602e-08
6555.01858158924 6 7.74371e-09
6555.886554966615 11 1.12682e-08
6558.168096410514 10 1.65817e-06
6561.324250388039 2 3.8724e-07
6562.268581146293 6 6.29987e-08
6566.974250334184 2 5.43596e-07
6567.018097064248 10 3.43994e-08
6572.586554694775 11 9.68126e-08
6572.818096534122 10 2.73929e-07
6574.224250469525 2 1.37876e-07
6575.760573693234 7 5.29388e-09
6578.468096526816 10 2.97599e-07
6579.874250509548 2 9.362e-08
6582.886554710349 11 2.40802e-08
6584.268096991759 10 5.27374e-08
6585.24543777335 5 2.28611e-07
6598.136554508268 11 9.87227e-08
6599.668096716232 10 4.20337e-08
6602.018581215381 6 3.57625e-08
6602.024250526981 2 1.11562e-07
6605.468096687587 10 1.10851e-07
6606.986554639748 11 8.08865e-08
6609.418581110355 6 1.72286e-07
6611.118096679914 10 7.63577e-08
6613.286554448435 11 2.29748e-07
6615.068581100399 6 1.97999e-07
6619.695437854275 5 1.47715e-07
6634.945437564093 5 8.84534e-07
6636.462830543603 8 2.61178e-08
6642.136554484571 11 1.79327e-07
6642.96858163594 6 1.55427e-08
6644.595437878375 5 5.11932e-08
6655.636554727614 11 1.14333e-08
6658.895438201374 5 1.56155e-08
6658.912830692742 8 4.63079e-08
6659.668096626538 10 3.974e-07
6664.486554644723 11 1.09525e-07
6666.295437871417 5 9.45777e-08
6672.518096673851 10 2.21944e-07
6678.186835533499 9 1.30697e-07
6685.437231484236 9 2.59678e-07
6693.486835434655 9 2.92491e-07
6699.136835662402 9 7.55455e-08
6706.237792387437 9 9.13801e-08
6720.53683560283 9 1.35386e-07
6738.186835664028 9 1.07797e-07
6746.237276626282 9 4.46723e-08
6750.968096572338 10 2.0725e-07
6752.53655472524 11 6.60559e-08
6762.995438128768 5 7.21193e-08
6764.586554576719 11 4.89926e-08
6773.445437672124 5 1.50815e-07
6778.236554713012 11 1.30024e-07
6780.468581158331 6 1.44506e-07
6781.418096728285 10 1.04483e-07
6784.536554872618 11 3.26433e-08
6785.274250357276 2 1.75013e-07
6788.460573970426 7 4.14253e-08
6788.518096669176 10 1.17392e-07
6791.074250586266 2 5.90506e-08
6791.11858147789 6 1.44839e-08
6796.58655488679 11 5.0279e-08
6796.71809670077 10 1.82327e-07
6797.674250545254 2 1.47399e-07
6800.618581176584 6 8.89404e-08
6802.368096545362 10 5.29869e-07
6803.324250776212 2 3.96345e-08
6804.510573843057 7 3.43279e-08
6808.968096511294 10 4.47334e-07
6809.43655468332 11 1.25612e-07
6811.068581373537 6 1.99594e-08
6811.874250556361 2 9.03107e-08
6814.618096778432 10 2.28977e-08
6815.236554450074 11 2.86446e-07
6817.368581117985 6 1.50961e-07
6830.145437717103 5 4.79066e-07
6834.186554868737 11 4.123e-08
6844.61858142498 6 1.61307e-08
6844.636554722802 11 1.39601e-07
6854.436554447446 11 5.94761e-07
6855.068581121319 6 1.30367e-07
6856.574250844056 2 2.01591e-08
6862.336554696132 11 2.84408e-08
6874.195437941048 5 8.9088e-08
6883.186554858683 11 3.88208e-08
6890.245437907448 5 3.38531e-08
6891.818096680218 10 1.27885e-07
6893.362830372301 8 7.9679e-08
6907.136835480533 9 2.15147e-07
6915.962830567369 8 3.04983e-08
6917.618096712176 10 7.99421e-08
6918.410573613415 7 6.26236e-08
6924.162830397824 8 3.89942e-08
6929.962830637948 8 4.59929e-08
6932.236835672036 9 1.16978e-08
6937.362830020009 8 3.21043e-06
6943.162830499928 8 7.05528e-08
6944.868096962041 10 4.61692e-08
6946.295437932635 5 1.21096e-07
6952.095438199855 5 2.93421e-08
6953.636554590294 11 1.49624e-07
6955.118581094918 6 7.24116e-08
6961.095438308971 5 3.68622e-08
6961.686554551391 11 2.35864e-07
6966.518096734049 10 1.88045e-08
6967.168581099685 6 1.46429e-07
6967.486554440443 11 2.67369e-07
6968.77425073442 2 1.04401e-07
6972.968581061143 6 4.72281e-08
6973.286554309476 11 1.39182e-06
6983.545437916329 5 1.1097e-07
6985.986554499011 11 1.14313e-07
6986.718096713265 10 8.61714e-08
6989.162830568736 8 2.90977e-08
6993.986835729033 9 4.43605e-08
7001.386835731005 9 5.3885e-08
7007.036835820826 9 8.82523e-08
7014.937204529118 9 1.08589e-07
7020.410573701965 7 3.90672e-08
7022.91919506629 10 4.70023e-08
7026.060573936027 7 3.32667e-08
7031.710573524127 7 1.03227e-07
7037.360573594615 7 7.79006e-08
7040.412830261314 8 2.28215e-07
7041.99543785379 5 8.29722e-08
7046.018096622615 10 5.87423e-08
7047.645437948359 5 2.06542e-07
7047.66283040653 8 4.95357e-08
7053.445437947998 5 5.12501e-08
7056.436554680393 11 2.31456e-08
7057.268096589926 10 2.04124e-07
7060.460573719577 7 3.09805e-08
7062.918096853327 10 3.57455e-08
7066.11057360542 7 2.15203e-07
7071.760573822939 7 3.83254e-08
7077.41057341202 7 1.1546e-06
7083.060573601857 7 3.36876e-08
7092.568096805473 10 1.33026e-07
7093.962830392022 8 9.65699e-08
7094.795437846299 5 3.85351e-07
7102.195437771818 5 2.50805e-07
7108.645437891751 5 1.6295e-07
7114.736554724205 11 4.52214e-08
7126.145437827386 5 9.28281e-08
7133.336554897645 11 4.43517e-08
7134.868096940453 10 7.95917e-08
7135.76283032231 8 8.10755e-08
7140.336835678199 9 6.61732e-08
7142.212830349697 8 1.4009e-07
7147.862830243599 8 1.91212e-07
7148.295437865 5 9.22742e-08
7153.051604374722 4 8.6732e-08
7158.895437875481 5 1.34304e-07
7160.562830399594 8 1.20534e-07
7171.651604451062 4 2.46681e-08
7174.945437951142 5 6.32876e-08
7176.612830551516 8 1.99064e-08
7180.651604428748 4 4.65771e-08
7182.995437847639 5 6.50017e-08
7185.312830425421 8 4.41037e-08
7188.401604421541 4 1.72736e-07
7190.895437953008 5 4.55384e-08
7193.362830230618 8 2.18404e-07
