0.909161639355 11 6.21652e-08
1.011837557969 5 2.33209e-08
1.663227723539 2 3.38904e-08
6.460131521409 10 1.57595e-07
6.661837434914 5 9.97101e-09
12.260131427338 10 4.75834e-07
13.91183749008 5 5.91719e-08
16.23245616089 7 8.57572e-08
20.310131769933 10 6.00887e-08
26.110131523612 10 3.44338e-07
32.432455955464 7 1.432e-07
33.150125732716 3 4.18705e-08
39.910131356187 10 1.08465e-06
44.482456413362 7 4.6292e-08
46.761837389393 5 3.96743e-08
48.110131433932 10 5.51539e-07
50.663227847722 2 2.56316e-08
52.411837085095 5 1.56893e-06
53.760131538513 10 8.20455e-08
56.009161693471 11 5.03136e-08
58.062935189178 5 1.29552e-07
59.410131666839 10 2.41737e-07
60.813227926038 2 8.77247e-09
63.712935431465 5 5.92694e-08
65.060131724249 10 1.45276e-07
69.663227672186 2 5.94377e-08
74.459161624611 11 1.53252e-07
75.313227420923 2 4.82101e-08
78.560131656433 10 8.44447e-08
86.61013134664 10 3.72775e-06
88.111837256923 5 2.70415e-07
96.100539624586 3 8.53833e-08
96.882456306496 7 4.24425e-08
99.460131523032 10 2.78777e-07
116.150125429553 3 3.30192e-07
116.932456425357 7 3.25475e-08
129.635042011758 9 1.47228e-07
135.435042297086 9 1.23614e-08
141.085042090666 9 1.20921e-07
147.385042237699 9 5.53745e-08
153.835041897441 9 4.37825e-07
162.535041993436 9 1.25917e-07
173.785042166261 9 6.78241e-08
188.085042142051 9 9.13466e-08
198.414074368807 6 8.04497e-08
199.211889009847 8 1.73067e-07
199.25023523469 4 5.61008e-08
204.214074344272 6 4.31055e-08
205.011889350647 8 2.49144e-08
209.050235245897 4 6.64896e-09
209.864074369866 6 9.26134e-09
214.511889052525 8 1.10089e-07
215.514074071967 6 3.18711e-07
216.150235102955 4 7.58533e-07
220.311889029157 8 1.67724e-07
221.164074341089 6 6.78019e-08
221.800604665358 4 3.6465e-08
226.814074286409 6 1.75836e-07
227.41188900382 8 1.22848e-07
228.250235570086 4 7.22451e-08
232.614074415459 6 5.91938e-08
233.211889090329 8 3.92751e-08
236.150235224979 4 1.63015e-07
238.861888864139 8 6.75056e-07
239.214074238229 6 1.38121e-07
241.800595262244 4 1.00705e-07
244.511888924309 8 5.30297e-07
245.014074297602 6 4.22469e-08
247.450235199193 4 2.35249e-07
250.161889106137 8 1.63423e-07
251.314074399928 6 7.58317e-08
255.811888750537 8 6.19449e-06
256.950235038636 4 1.10977e-06
256.964074088343 6 1.76515e-07
261.611888841759 8 1.713e-06
262.750235168545 4 2.57419e-07
262.76407414042 6 3.15145e-07
267.261889156102 8 9.78799e-08
270.150235371008 4 1.70211e-07
270.16407422036 6 3.79593e-08
273.861888872191 8 6.28173e-07
275.950235602857 4 3.67908e-08
275.964074584547 6 2.22717e-08
284.161888966673 8 1.23847e-07
284.164074193649 6 8.25268e-08
284.950235306604 4 1.83371e-08
289.961889105912 8 1.01013e-07
289.964074255627 6 5.23746e-08
290.600484649067 4 8.23096e-07
310.560131540819 10 1.21011e-07
314.582456359758 7 8.26048e-09
317.010131399447 10 3.20366e-07
320.109161764382 11 6.24265e-08
320.161837443836 5 4.88348e-08
320.16322773953 2 7.37173e-08
322.810131577654 10 1.06149e-07
325.963227543714 2 1.39307e-07
327.561837368702 5 7.01204e-08
328.610131766072 10 1.02038e-07
331.059161553959 11 1.29972e-07
331.763227221815 2 6.90418e-06
334.811837169119 5 4.17484e-07
337.460131536989 10 3.81567e-07
343.260131411719 10 1.21943e-07
349.86013127684 10 2.18352e-05
356.763227363075 2 3.25546e-07
357.509161546469 11 1.16569e-07
360.460131747252 10 3.49664e-08
380.600502951546 4 2.31697e-07
381.361889135069 8 1.78447e-07
381.364074141254 6 1.09789e-07
387.162303163405 8 1.36271e-07
387.164074212319 6 1.11503e-07
388.000676303402 4 1.67803e-07
392.961889358212 8 7.63712e-08
392.964074389867 6 1.98975e-08
393.800658635322 4 4.62036e-08
400.361889311163 8 7.9039e-08
407.860131683999 10 8.52317e-08
410.211837405166 5 6.73537e-08
411.863227354318 2 2.25649e-07
411.959161599364 11 2.07419e-08
414.010131713473 10 7.85997e-08
415.861837342335 5 1.4629e-07
418.463227611293 2 4.58255e-08
418.559161501536 11 3.12769e-07
424.263227526914 2 4.50761e-08
425.959161520084 11 2.66445e-07
428.46013186067 10 9.44245e-08
430.063227517099 2 1.61246e-07
431.609161813936 11 9.40125e-08
431.611837431406 5 6.89459e-08
435.713227802696 2 2.38648e-08
438.764074730158 6 1.01872e-08
438.800595584288 4 1.80833e-08
444.6006314793 4 1.51197e-08
447.710131591763 10 9.91414e-08
453.510131525741 10 2.04258e-07
455.011837451869 5 7.8516e-08
458.963227590902 2 8.79394e-08
462.209161556491 11 1.58538e-07
464.613227428117 2 1.91687e-07
469.410131550025 10 2.05358e-07
472.663227408067 2 2.08385e-07
473.459161595362 11 2.30598e-07
478.313227468571 2 1.33412e-07
479.909161749828 11 3.6434e-08
483.964325666939 2 5.14661e-08
484.660131719383 10 1.55599e-07
492.382456257153 7 1.35872e-08
493.050125827383 3 4.22752e-08
498.032455934652 7 3.16251e-07
499.350125507633 3 1.34689e-07
506.235042076207 9 1.00901e-07
514.232456231808 7 4.57977e-08
514.950125508252 3 1.46144e-07
520.032456426704 7 3.17135e-08
531.132456029649 7 1.33738e-07
531.150125586932 3 6.45628e-08
538.550125632539 3 1.67888e-07
542.232456297154 7 2.4896e-08
544.710132104823 10 5.01613e-08
548.585042090005 9 9.63724e-08
556.785042224578 9 9.02852e-08
562.58504225388 9 1.83947e-08
568.23504207734 9 1.09171e-07
582.385042052529 9 1.99613e-07
596.832456046231 7 1.4989e-07
596.900448795462 3 1.55511e-07
602.632456033722 7 1.66948e-07
603.350125407177 3 8.68554e-07
610.185042189889 9 1.34193e-07
615.332456181188 7 1.59516e-08
615.400457809815 3 2.15231e-07
623.310131716035 10 5.35468e-08
628.013227502068 2 8.22767e-08
629.559161848234 11 3.12376e-08
630.710131548247 10 3.1726e-07
631.861837532747 5 5.9172e-08
639.261837490754 5 3.27687e-08
639.710131550189 10 3.53018e-07
643.913560479944 2 8.08114e-08
644.009161969926 11 1.92972e-08
647.910131457225 10 6.58964e-07
652.333554209963 7 1.98637e-08
654.510131975881 10 2.25661e-08
659.011837517225 5 4.2897e-08
660.161229469554 10 6.67411e-07
665.810131618238 10 1.34351e-07
666.411837366575 5 6.04221e-08
671.61013161511 10 5.92155e-08
673.811837652521 5 4.05056e-08
680.532456267622 7 4.15983e-08
682.210131855107 10 5.88497e-08
686.661837646839 5 1.5107e-08
688.732456414373 7 2.55265e-08
696.1324561112 7 5.33253e-08
699.361837537941 5 4.23197e-08
700.010131446524 10 1.11161e-06
703.732456255796 7 5.60277e-08
706.611837651276 5 3.07997e-08
713.082456431744 7 2.05574e-08
721.810131368126 10 1.87973e-06
754.13504230023 9 4.90517e-08
765.06013136954 10 1.18099e-06
766.661837448799 5 3.8481e-08
772.460131902309 10 1.24031e-08
778.282456249028 7 6.72917e-08
780.961837513916 5 8.91412e-08
789.011837490034 5 2.03611e-08
789.460131560336 10 2.35135e-07
794.6618373511 5 7.76568e-08
795.260131525583 10 2.33429e-07
801.060132178527 10 1.46955e-08
810.060131686628 10 4.21873e-08
814.250235164241 4 1.85063e-07
814.964074101886 6 2.31942e-07
815.0118890641 8 1.69914e-07
820.050235154522 4 1.24006e-07
820.764074277589 6 2.03989e-07
820.811889132566 8 1.10167e-07
825.700484667736 4 3.05047e-07
826.564074219032 6 1.16565e-07
826.611889122712 8 5.92209e-08
832.150235385545 4 8.71589e-08
832.36407427538 6 1.14426e-07
833.211889017788 8 2.18797e-07
837.950235243076 4 9.39285e-08
838.164074140118 6 2.59198e-07
839.011889235087 8 5.59256e-08
843.750234983595 4 2.49948e-06
843.814074148145 6 1.82213e-07
844.661889151028 8 7.78977e-08
850.350235373117 4 5.18016e-08
850.414074236307 6 1.40883e-07
850.461888778987 8 1.05651e-06
856.214074489675 6 2.51917e-08
856.261889066579 8 9.35404e-08
857.75023542939 4 3.24974e-08
862.014074157703 6 2.14833e-07
862.861889027827 8 1.6253e-07
863.550235307355 4 1.28523e-07
869.461889073751 8 2.60438e-07
870.150235377268 4 3.48742e-08
870.21407426917 6 8.71356e-08
875.261889049336 8 1.57917e-07
875.950234987499 4 2.21058e-06
876.014074147828 6 2.13296e-07
882.614074570294 6 5.1238e-08
891.311888833502 8 1.73013e-06
892.150235182819 4 2.0986e-07
892.414074049497 6 7.16923e-07
897.800685311485 4 9.18689e-08
898.214412537519 6 1.59046e-07
898.261889050426 8 3.98563e-08
903.600604586597 4 2.50809e-08
904.014074593539 6 9.36744e-09
904.061889128761 8 1.0866e-07
909.81407466799 6 8.49601e-09
909.861889202813 8 1.2796e-07
912.600485197097 4 1.20869e-07
915.614074203337 6 5.13639e-08
915.66188880223 8 3.26646e-06
919.700502525736 4 2.58e-06
921.414074386128 6 6.83956e-08
921.461888936174 8 1.65604e-07
925.350235246838 4 1.15531e-07
927.214074249541 6 8.53146e-08
928.061889068398 8 2.8819e-07
932.750235138708 4 2.49849e-07
932.864074029424 6 1.22845e-06
933.711889305517 8 1.41413e-08
938.110131489772 10 1.91876e-07
943.761229723009 10 1.12457e-07
948.114325549779 2 7.24636e-08
949.560131381802 10 6.31902e-07
950.411837703914 5 2.76916e-08
954.550235180269 4 5.43185e-08
955.314074002811 6 2.82327e-06
956.161888825789 8 4.80277e-07
960.201609595939 4 1.04288e-06
960.964074170405 6 1.87132e-07
961.811889451204 8 2.35656e-08
965.850235446623 4 1.81089e-08
967.461889103667 8 1.32627e-07
969.814074450014 6 7.61433e-08
971.650235043866 4 8.3469e-07
973.111888935451 8 3.17289e-07
978.911888947399 8 6.52829e-07
979.314074179174 6 2.18705e-07
979.4006043465 4 3.61663e-08
984.711888975585 8 1.74626e-07
985.114074501927 6 5.5905e-08
990.511889083551 8 3.83488e-08
990.764074241665 6 1.10036e-07
991.450234991656 4 1.5625e-06
996.161888877701 8 2.20886e-07
996.564074199271 6 2.67077e-07
997.100595295513 4 1.81876e-07
1001.811889325469 8 4.93782e-08
1002.215172371027 6 5.66532e-08
1003.401582817962 4 4.42974e-07
1007.46188896261 8 4.95062e-07
1008.01407418662 6 1.15288e-07
1013.11233912417 8 1.91207e-07
1015.414074326387 6 6.51919e-08
1016.250235313079 4 1.54624e-07
1021.011889155417 8 5.99219e-08
1023.464074181476 6 2.16207e-07
1023.500484872969 4 2.41457e-07
1026.661889005139 8 8.73782e-08
1029.264074432254 6 2.43177e-08
1033.761889000245 8 1.38498e-07
1035.06407427021 6 1.85146e-07
1035.400458242062 4 7.25423e-08
1039.561889126452 8 1.21015e-07
1041.664074444939 6 3.48072e-08
1042.650235300938 4 1.71645e-07
1045.361888941773 8 5.34397e-07
1047.464074324052 6 8.33699e-08
1049.750235438796 4 1.24816e-07
1051.161888885668 8 4.87567e-07
1053.114074098522 6 3.42102e-07
1055.550235493287 4 2.45964e-08
1056.961889145061 8 1.05217e-07
1062.114073979747 6 7.20858e-06
1062.150235119601 4 2.46665e-07
1062.761888899049 8 8.22786e-07
1067.914074444031 6 4.3997e-08
1067.95023551225 4 2.22512e-08
1068.411888981718 8 1.61848e-07
1073.714074356243 6 1.63007e-07
1074.06188911305 8 8.86879e-08
1075.350235500961 4 8.48921e-08
1079.365172270575 6 2.07766e-07
1079.711889005502 8 2.05769e-07
1081.80065833665 4 6.63222e-08
1085.164074004086 6 2.47325e-06
1085.361889071116 8 1.0258e-07
1087.45023514478 4 1.7448e-07
1090.814074005244 6 2.30558e-06
1091.011888977535 8 2.14114e-07
1093.100484797036 4 1.66342e-07
1096.614074222909 6 3.73337e-08
1096.811889091948 8 8.11482e-08
1099.400466720846 4 1.83042e-07
1102.414074305182 6 1.25444e-07
1102.611888812377 8 1.61868e-06
1108.214074317509 6 3.2314e-08
1108.261888947567 8 5.38307e-08
1109.050235196895 4 1.12061e-07
1122.085042100781 9 5.44345e-08
1130.135042282676 9 5.35013e-08
1138.835042265116 9 8.89122e-08
1147.000449025969 3 2.83772e-08
1147.782456001768 7 2.25084e-07
1152.650125359214 3 7.3349e-07
1153.432456355294 7 3.92059e-08
1158.300512190675 3 5.88854e-08
1160.032456315517 7 4.81057e-08
1169.550125767822 3 3.6389e-08
1175.35012556774 3 6.01725e-08
1190.410131421775 10 3.64396e-07
1192.061837280945 5 2.16845e-07
1196.2101314496 10 7.2928e-07
1197.711837824086 5 1.63962e-08
1198.41322770709 2 7.09485e-08
1202.81013145469 10 5.9391e-07
1204.311837320657 5 9.64773e-08
1208.610131864856 10 4.94006e-08
1210.013227188129 2 0.000185003
1210.809161941275 11 2.4539e-08
1215.663227646225 2 3.65762e-08
1221.4632277747 2 1.94572e-08
1221.610131805796 10 4.66963e-08
1221.661837325706 5 4.4461e-08
1226.850235408703 4 1.11106e-07
1231.410131437454 10 9.05058e-07
1237.210250034724 10 3.89202e-08
1237.909161396537 11 7.74352e-07
1238.013227532804 2 2.96366e-08
1240.761837455932 5 4.15165e-08
1243.663227519526 2 1.32946e-07
1243.709161851627 11 4.75771e-08
1249.463227508741 2 5.57562e-08
1249.50916191781 11 4.10329e-08
1258.463227680496 2 4.01562e-08
1258.860131717884 10 8.7977e-08
1260.511837485151 5 3.54065e-08
1261.259161690938 11 2.84804e-08
1264.11432583588 2 2.9759e-08
1269.459161754638 11 1.0685e-07
1269.913227525789 2 2.1117e-07
1274.110131492129 10 6.80492e-07
1275.761837280958 5 9.89693e-08
1279.76013174726 10 8.32258e-08
1280.513227605884 2 1.2307e-07
1281.359161861821 11 1.33626e-08
1286.163227469861 2 1.51264e-07
1287.810131514375 10 2.34505e-07
1289.261837338022 5 1.21507e-07
1293.460131585486 10 1.2794e-07
1298.18245610339 7 1.10647e-07
1298.950125493756 3 1.35553e-07
1303.832456367867 7 3.05763e-08
1304.601025614656 3 1.0804e-07
1311.850125816415 3 3.38779e-08
1312.532456236438 7 7.59634e-08
1318.160131641879 10 8.08176e-08
1323.810131433195 10 2.3712e-07
1330.863227929564 2 5.05199e-08
1336.509161627928 11 2.16318e-07
1336.513227302181 2 1.86745e-06
1340.510131530449 10 3.67187e-07
1351.685041963645 9 1.70387e-07
1357.485042190843 9 4.4567e-08
1363.935042468656 9 5.03442e-08
1369.585042263574 9 2.02952e-08
1375.235042044194 9 2.32585e-07
1390.035042109458 9 8.52021e-08
1400.710131894018 10 5.21499e-08
1406.360131671069 10 8.54144e-08
1414.15012555619 3 8.62712e-08
1414.982456264667 7 4.49683e-08
1420.010131577434 10 1.97918e-07
1422.311837461927 5 3.94071e-08
1425.513227508835 2 1.82059e-07
1426.959162080738 11 2.40235e-08
1431.313227337528 2 3.22214e-07
1432.759161695074 11 6.99397e-08
1445.660131612635 10 3.4485e-07
1450.350125788335 3 2.7741e-08
1454.73245632887 7 2.66444e-08
1458.55012577506 3 2.94443e-08
1463.460131469396 10 4.99885e-07
1464.911837380856 5 6.62388e-08
1470.060131825844 10 1.44979e-07
1470.711837457025 5 4.85702e-08
1476.414074140867 6 2.14518e-07
1476.50046658538 4 4.7908e-07
1477.111889206712 8 8.05191e-08
1482.214074397285 6 4.78629e-08
1482.300512284721 4 2.81824e-08
1482.911889025449 8 2.01677e-07
1488.014073934654 6 3.50294e-05
1488.100448718799 4 3.2945e-07
1488.561888807424 8 2.6031e-06
1493.814074184871 6 9.77185e-08
1493.900493710559 4 3.45429e-07
1494.212240208588 8 9.49934e-08
1499.614074514912 6 3.99049e-08
1499.700649641399 4 2.19276e-08
1513.310131853593 10 4.41261e-08
1519.110131614728 10 2.9671e-08
1521.011837290474 5 3.04764e-08
1524.91013193888 10 6.54597e-08
1524.963227482838 2 2.98599e-07
1525.609161672165 11 6.86959e-08
1530.76322788818 2 1.47046e-08
1536.563227400646 2 1.10669e-07
1537.809161805265 11 3.21732e-08
1541.910131628306 10 1.18025e-07
1543.963227337289 2 2.26402e-07
1545.911837519248 5 3.839e-08
1547.71013189967 10 7.72374e-09
1554.263227754509 2 1.3855e-08
1556.609161699496 11 4.97405e-08
1558.310131746094 10 9.71619e-08
1560.063227296095 2 1.43615e-06
1566.513227604149 2 4.99717e-08
1568.11013177284 10 6.4019e-08
1571.111837550187 5 1.08444e-08
1573.910131948093 10 7.88576e-09
1579.86322734151 2 6.92136e-07
1580.659161909757 11 3.83326e-08
1582.11013163394 10 2.37487e-07
1584.461837318185 5 1.37338e-07
1585.513227587735 2 1.86317e-07
1586.309161796062 11 3.95648e-08
1591.163227381073 2 3.06605e-07
1596.70061365871 4 2.96492e-08
1598.310131616392 10 1.41456e-07
1605.710131670237 10 1.65475e-07
1609.61322743331 2 1.38612e-07
1611.159161558841 11 5.72979e-08
1615.413227474772 2 1.40367e-07
1616.95916197037 11 2.94882e-08
1617.011837300097 5 1.54388e-07
1618.560131556658 10 2.77675e-07
1621.213227933566 2 3.00703e-08
1622.811837342268 5 1.04629e-07
1624.210131471836 10 3.85438e-07
1630.010131831958 10 4.40098e-08
1631.811837427394 5 6.43685e-08
1634.159161654558 11 1.0091e-07
1635.01322771359 2 5.17901e-08
1635.810131540656 10 1.95409e-07
1637.461837165695 5 4.00661e-07
1641.4632274506 2 1.14073e-07
1642.409161613179 11 1.77451e-07
1644.061837216663 5 4.63005e-07
1644.660131565217 10 2.36006e-07
1656.060131561671 10 5.54846e-08
1659.763227443287 2 1.42909e-07
1660.559161781236 11 5.60921e-08
1665.413227390835 2 8.87901e-08
1666.209161794824 11 6.69498e-08
1667.010131686327 10 1.49591e-07
1667.811837315549 5 7.68636e-08
1671.063227921919 2 2.24218e-08
1672.660131798759 10 6.36342e-08
1673.461837353688 5 3.78094e-08
1677.363227733673 2 7.37431e-08
1683.81322734928 2 2.65493e-07
1688.560131633897 10 9.79678e-08
1698.182456022508 7 1.74741e-07
1701.361837704619 5 2.05343e-08
1706.210131578936 10 2.14934e-07
1707.011837233402 5 9.3806e-08
1711.860131574279 10 1.30596e-07
1712.513227802074 2 3.78064e-08
1713.461837313474 5 1.71235e-07
1714.909161775012 11 6.21669e-08
1718.313227565682 2 7.35553e-08
1726.160131675162 10 1.87617e-07
1736.760131705409 10 1.32476e-07
1740.711837670498 5 6.49943e-09
1740.763227672332 2 1.70575e-08
1743.860131650861 10 9.08472e-08
1746.511837129104 5 3.00576e-07
1749.510131876511 10 4.41288e-08
1752.811837370635 5 8.36934e-08
1755.863227513883 2 8.71116e-08
1755.959161549927 11 1.94542e-07
1758.210131572225 10 1.70579e-07
1759.111837361602 5 6.67936e-08
1764.010131849856 10 7.29969e-08
1769.810131614783 10 7.76515e-08
1773.663227380848 2 1.57051e-07
1775.359162065055 11 3.17725e-08
1776.410131516956 10 3.18211e-07
1780.600577632567 4 1.2578e-08
1782.213227552985 2 5.89524e-08
1784.610131894556 10 6.25226e-08
1785.509161548656 11 1.34648e-07
1787.863227522406 2 1.08998e-07
1791.959161771052 11 2.6778e-08
1793.513227300591 2 1.06122e-06
1796.611837580976 5 3.31148e-08
1797.609161689437 11 1.42987e-07
1799.163227549537 2 2.24682e-07
1800.510131604922 10 1.14258e-07
1804.813227270247 2 2.15838e-06
1805.36025978299 11 5.29791e-08
1810.464325758592 2 4.39614e-08
1812.500694541188 4 4.77075e-08
1819.760131411641 10 9.14904e-07
1825.413227478948 2 1.39164e-07
1830.210131611698 10 2.10971e-07
1832.511837248963 5 9.8604e-08
1835.809161435635 11 3.01235e-07
1835.863227415706 2 1.51647e-07
1840.510131867025 10 4.39848e-08
1842.950235694059 4 2.79327e-08
1845.663227641829 2 8.5277e-08
1846.409161777385 11 1.49138e-07
1857.510131550166 10 3.18939e-07
1858.311837400697 5 3.7187e-08
1859.963227558708 2 1.19878e-07
1860.059161483601 11 3.39009e-07
1863.810131560236 10 3.33074e-07
1869.460131559006 10 2.07552e-07
1874.563227721503 2 7.29989e-08
1876.860131779606 10 2.03777e-08
1897.400568419303 4 5.83266e-08
1898.064074302291 6 1.32664e-07
1898.911889210924 8 4.69678e-08
1903.850631267154 4 5.6001e-08
1903.864387497325 6 2.38011e-08
1904.71188902179 8 3.26214e-07
1909.650235196026 4 1.17896e-07
1909.664074048597 6 1.06813e-06
1910.361888838606 8 4.95649e-07
1915.450235050968 4 1.03175e-06
1915.464073949315 6 1.57133e-05
1916.01188908243 8 1.69383e-07
1921.264074192229 6 1.41341e-07
1921.661888950935 8 5.01633e-07
1922.05023508591 4 5.49285e-07
1927.064074267674 6 1.11179e-07
1927.311889268372 8 4.58093e-08
1927.850235306528 4 1.84169e-07
1933.410131822028 10 5.01245e-08
1958.135042415712 9 1.33988e-08
1966.950125806277 3 9.05111e-09
1970.232456062392 7 2.70989e-07
1974.3501256452 3 6.24082e-08
1978.282456121504 7 1.39691e-07
1980.000584959403 3 2.7168e-08
1998.450235125978 4 2.84037e-07
1999.114074147184 6 2.03568e-07
2000.011889051717 8 1.19184e-07
2004.100485050177 4 1.5326e-07
2004.764074008478 6 2.01585e-06
2005.661889295528 8 2.62959e-08
2013.750235266881 4 1.04894e-07
2013.764074432726 6 2.20604e-08
2015.81188905261 8 1.27962e-07
2020.660131952098 10 2.95706e-08
2033.510131764116 10 5.93154e-08
2039.160131660549 10 7.28299e-08
2054.300503792422 3 3.97977e-08
2058.982456378279 7 1.65028e-08
2064.435042318038 9 3.76332e-08
2072.632456580809 7 2.49012e-08
2075.06013148758 10 7.65362e-08
2079.763227629637 2 6.49045e-08
2080.710131630981 10 1.90757e-07
2085.563227724531 2 4.13339e-08
2086.211837284313 5 1.7389e-07
2087.160131454406 10 9.0056e-07
2091.082456333248 7 2.19314e-08
2105.882455971839 7 9.61818e-08
2109.461837535542 5 5.72851e-08
2109.610131461268 10 1.46115e-07
2115.26183717968 5 6.70271e-07
2115.410131786956 10 7.82828e-08
2118.259161806504 11 3.95883e-08
2118.263227542962 2 1.81661e-07
2121.210131636229 10 1.17604e-07
2126.860131687554 10 6.3916e-08
2134.750235488854 4 2.80054e-08
2136.510131729431 10 5.6761e-08
2139.263227379663 2 2.76735e-07
2140.709161573554 11 5.03207e-08
2142.861837664465 5 2.98102e-08
2145.063227384731 2 2.88771e-07
2146.810131580816 10 8.07878e-08
2153.164074271299 6 5.72547e-08
2153.200466686822 4 4.4014e-07
2153.811889106944 8 8.98288e-08
2158.964074179528 6 3.04921e-07
2159.000503085618 4 3.2609e-08
2159.611888965339 8 3.95815e-07
2164.764074127706 6 2.9865e-07
2164.8004489577 4 1.23582e-07
2165.412285325978 8 3.93111e-08
2171.861888808234 8 1.06985e-06
2172.164074192072 6 2.505e-07
2172.850235320405 4 1.43917e-07
2177.511889055938 8 3.90714e-07
2177.964074471559 6 1.07339e-08
2183.161889006396 8 3.85339e-08
2183.764074397184 6 2.53982e-08
2185.250235143323 4 2.19177e-07
2188.811888975433 8 4.7567e-07
2189.564074334119 6 6.46525e-08
2191.050235212359 4 1.73132e-07
2195.36407423015 6 2.26608e-07
2196.211888942427 8 2.39064e-07
2197.500595331367 4 3.1314e-08
2201.164074343509 6 6.88688e-08
2204.610131602526 10 8.74215e-08
2207.682456160811 7 8.1966e-08
2208.450125693871 3 3.48023e-08
2219.050126078598 3 1.52714e-08
2223.735041917429 9 5.48469e-07
2235.785041981631 9 4.97911e-07
2241.585042018952 9 1.49452e-07
2249.485042029534 9 8.35174e-08
2255.135042422162 9 2.64279e-08
2260.785042201979 9 1.04647e-07
2266.435042173365 9 9.5295e-08
2274.335042025739 9 7.13527e-08
2281.585042107822 9 2.63152e-07
2293.335041943719 9 4.71391e-07
2299.135042174018 9 1.12877e-07
2306.23504233363 9 2.80832e-08
2312.68245611326 7 1.93065e-07
2314.300484512209 3 8.17195e-07
2321.400494123707 3 5.35246e-08
2322.032455936878 7 4.87154e-07
2327.050125730045 3 8.83142e-08
2327.832456050654 7 1.29817e-07
2337.350125733651 3 1.39974e-08
2339.732455998875 7 3.7136e-07
2350.885042458965 9 4.38579e-08
2356.685042386523 9 2.49479e-08
2362.335042058816 9 5.26791e-08
2370.235042188376 9 2.7241e-08
2375.885042009749 9 1.20103e-07
2386.035042409316 9 1.92349e-08
2392.635042344386 9 6.03369e-08
2398.285042360207 9 3.87671e-08
2406.832456054664 7 1.1158e-07
2406.850125513933 3 1.6643e-07
2412.632456109934 7 5.9253e-08
2412.650125353315 3 1.52998e-06
2418.450125388848 3 5.69107e-07
2419.082456125648 7 1.45474e-07
2424.100511888666 3 5.11912e-08
2424.732456117647 7 9.38285e-08
2429.75012563941 3 9.68979e-08
2431.682456093153 7 1.43567e-07
2435.401546959344 3 8.01164e-08
2437.332456353648 7 3.96108e-08
2443.000493717805 4 3.90005e-07
2443.764074152154 6 3.09787e-07
2444.461888951216 8 2.76183e-07
2448.800649620269 4 5.37261e-08
2451.861888994625 8 3.44097e-07
2452.614074381085 6 2.63002e-08
2454.600631281888 4 1.46025e-07
2457.511888947398 8 7.85182e-08
2458.414074219169 6 1.48635e-07
2460.400503453924 4 1.3084e-08
2463.161889164897 8 1.21908e-07
2464.064074520323 6 4.62458e-08
2466.200511494308 4 2.6064e-06
2482.985042514623 9 2.56684e-08
2495.000511571847 3 1.4743e-06
2495.782456082439 7 1.36855e-07
2500.511229519295 10 2.58658e-07
2502.911837814196 5 4.56008e-09
2503.663227601964 2 4.27835e-08
2506.409161630911 11 2.02144e-07
2512.663227659124 2 1.34596e-07
2513.510131517426 10 1.65848e-07
2515.911837570755 5 2.81448e-08
2516.709161995905 11 1.3887e-08
2519.16013166936 10 3.48752e-08
2520.563227632501 2 5.42677e-08
2526.260131617837 10 1.62649e-07
2528.613289846378 2 1.70976e-07
2529.409161731907 11 1.01365e-07
2535.050235496159 4 5.14554e-08
2538.263227636346 2 8.44653e-08
2541.510131625389 10 1.15091e-07
2543.011837508521 5 3.58261e-08
2543.859161550173 11 2.29414e-07
2543.913227587292 2 4.3245e-08
2549.410131925589 10 4.77586e-08
2549.659161748428 11 9.9489e-08
2549.71322768705 2 3.01241e-08
2550.261837532842 5 4.94703e-08
2555.060131612878 10 1.41922e-07
2555.911837359705 5 8.48829e-09
2559.513227366531 2 3.12318e-07
2560.909161704995 11 1.79025e-07
2565.313227651127 2 1.85705e-08
2566.5591616629 11 7.41557e-08
2571.113227630038 2 6.54232e-08
2571.311837528951 5 2.33139e-08
2572.710131706614 10 1.43232e-07
2580.110131528091 10 3.14037e-07
2584.763227693752 2 2.37389e-08
2586.260131545528 10 2.51829e-07
2591.861837479315 5 8.27127e-09
2591.910131498902 10 4.42546e-07
2597.66183731488 5 1.73935e-07
2597.710131893449 10 1.19289e-07
2603.063227528538 2 8.1925e-08
2604.559161764367 11 7.37146e-08
2605.861837089898 5 1.03561e-06
2607.06013160004 10 1.06184e-07
2611.661837547045 5 1.12439e-08
2612.710131544349 10 2.88857e-07
2614.313227747064 2 3.95737e-08
2614.359161836741 11 3.5283e-08
2618.360131737272 10 2.5978e-08
2622.101591871062 3 1.47744e-07
2622.883554518625 7 2.56716e-08
2640.686140359974 9 3.61773e-08
2648.810131734817 10 7.74312e-08
2651.163227457322 2 2.26637e-07
2652.809161715514 11 1.88021e-08
2654.311837426719 5 4.20188e-08
2654.460131737712 10 7.86843e-08
2656.813227567226 2 4.95461e-08
2662.463227567972 2 4.97996e-08
2668.11322766341 2 2.5512e-08
2668.559161879646 11 2.96583e-08
2673.763227511856 2 1.4058e-07
2674.35916130435 11 1.54212e-06
2676.910131701016 10 2.91872e-08
2676.91207216467 5 7.46398e-08
2682.313227633923 2 1.29282e-07
2687.963227790405 2 3.60053e-08
2688.310131700603 10 7.54716e-08
2689.11183776415 5 8.2531e-09
2699.710131567678 10 7.7761e-08
2706.932456423208 7 6.66936e-09
2709.311837736252 5 2.2105e-08
2712.710131568721 10 1.60048e-07
2726.185041979762 9 2.69257e-07
2731.985042425007 9 5.48027e-09
2738.285042022146 9 1.03147e-07
2743.935042387493 9 3.5557e-08
2757.585042040549 9 1.03084e-07
2763.235042295594 9 5.08661e-08
2768.885042290188 9 7.54658e-08
2777.435042135978 9 2.0391e-07
2783.885041875798 9 1.40044e-06
2790.185042004499 9 5.09104e-08
2795.985042352565 9 2.6397e-08
2801.635042025998 9 2.62162e-07
2807.285042284109 9 4.79068e-08
2814.385042293709 9 6.49793e-08
2826.285042039723 9 1.94325e-07
2831.935042210063 9 3.70091e-08
2837.585042226357 9 3.09382e-08
2844.035042550488 9 4.57555e-08
2855.950125821163 3 3.7228e-08
2861.601106781851 3 4.30044e-08
2866.332456229162 7 8.58149e-08
2872.700530812456 3 1.40324e-08
2878.360131755773 10 1.22578e-07
2880.663227622601 2 1.3053e-07
2883.809161360472 11 1.80486e-06
2886.463227516464 2 1.34934e-07
2888.010131698288 10 1.06686e-07
2888.711837330557 5 3.92561e-08
2892.632456280153 7 5.12854e-08
2895.260131458269 10 1.52819e-07
2902.600475707292 3 3.0658e-07
2904.032455854847 7 6.20242e-07
2908.900557911554 3 2.94993e-08
2909.682456216765 7 2.63477e-08
2915.482455834546 7 1.65966e-06
2916.150125533883 3 8.2278e-08
2924.614074609889 6 7.2861e-09
2924.700613553761 4 2.79527e-08
2928.910131872159 10 3.26715e-08
2944.014074268029 6 1.8685e-07
2944.100694237171 4 3.27488e-08
2944.861888972137 8 2.21764e-07
2954.560131888503 10 4.94649e-08
2961.960131575371 10 2.7728e-07
2966.363227549132 2 5.21557e-08
2967.759161551197 11 1.46954e-07
2972.163227549437 2 5.40339e-08
2973.409161866106 11 4.06267e-09
2977.96322757798 2 4.43549e-08
2979.060259581017 11 1.68876e-07
2982.010131728291 10 7.45208e-08
2986.614074156712 6 9.48903e-08
2986.700448489295 4 4.76513e-06
2987.461888895138 8 1.17355e-06
2993.214074342436 6 7.3416e-08
2993.261888971736 8 1.80042e-07
2994.750235170484 4 8.93066e-08
2999.014074053153 6 1.15218e-06
2999.061888850052 8 2.52665e-07
3000.550235090973 4 2.73696e-07
3004.814074080779 6 1.78289e-07
3004.861888776671 8 2.43925e-06
3006.200631542914 4 3.24471e-08
3010.614074266627 6 1.91957e-07
3010.661888859821 8 8.13443e-07
3016.414074381199 6 6.90654e-08
3017.111889190609 8 6.21255e-08
3017.150235357501 4 5.54296e-08
3022.064074410822 6 3.70716e-08
3022.911888993365 8 2.17871e-07
3023.600604348346 4 7.02783e-08
3029.164074391569 6 6.7602e-08
3030.012348054629 8 1.02668e-07
3030.050577577335 4 1.24958e-08
3035.614074569675 6 4.34462e-08
3035.81188946077 8 4.41949e-08
3037.95023530616 4 1.35615e-07
3041.461888888823 8 8.39332e-08
3041.914074184545 6 1.22611e-07
3043.600640426439 4 3.70286e-08
3064.35012561629 3 6.92219e-08
3073.28504209306 9 8.1642e-08
3081.335042005209 9 4.37527e-07
3086.985042298553 9 4.37319e-08
3094.235042199085 9 4.37865e-08
3099.88504254497 9 5.36152e-08
3107.785041958852 9 2.32931e-07
3113.435042520217 9 2.10013e-08
3119.085042225616 9 6.11978e-08
3134.000511902206 3 1.68185e-07
3137.932455994387 7 2.99886e-07
3142.050125605944 3 6.71628e-08
3143.732456084342 7 1.1181e-07
3147.700584939883 3 1.72615e-08
3149.382455773626 7 1.12138e-05
3153.500466571668 3 1.66586e-07
3155.032456074205 7 1.37129e-07
3162.710131457598 10 5.2336e-07
3165.111837746858 5 1.0084e-08
3166.663227758952 2 1.89747e-08
3172.510131631089 10 7.45761e-08
3172.511955753944 5 2.63149e-08
3173.263227553017 2 9.11714e-08
3179.06322755424 2 1.22659e-07
3186.313227400397 2 3.39339e-07
3188.711837506248 5 5.73137e-08
3189.510131415978 10 5.99885e-07
3195.950125598097 3 1.22857e-07
3204.910131384999 10 1.0524e-06
3206.361837515851 5 3.45507e-08
3210.21322774468 2 2.85201e-08
3210.561229545548 10 3.87258e-07
3218.135041964256 9 2.05629e-07
3225.600494151315 3 1.46718e-07
3227.232456077238 7 1.31646e-07
3235.250125408017 3 2.39195e-07
3236.082455976214 7 7.41565e-08
3240.060131637447 10 1.50056e-07
3243.332456111092 7 8.53218e-08
3243.950125548021 3 1.41405e-07
3248.983554058533 7 1.08028e-07
3249.750125813193 3 7.03475e-08
3254.510131909692 10 2.33492e-08
3257.650125653743 3 1.19313e-07
3262.410131882178 10 1.48441e-08
3265.550125449534 3 1.15488e-07
3266.382456137436 7 7.33859e-08
3271.350125765994 3 4.48938e-08
3276.860132064971 10 1.16509e-08
3280.050125754382 3 7.09662e-08
3281.632456189237 7 3.66889e-08
3292.900467397815 3 4.72242e-08
3293.682456331012 7 3.65246e-08
3298.510131666515 10 1.31128e-07
3305.610131642328 10 1.56623e-07
3322.610131569112 10 8.12403e-08
3324.813227608313 2 1.10651e-07
3327.211837244901 5 1.59885e-07
3330.463227438482 2 1.09137e-07
3330.510132046743 10 4.764e-08
3331.059161536148 11 1.73062e-07
3334.611837637329 5 2.72481e-08
3336.310131691151 10 6.06391e-08
3341.732456136753 7 9.0909e-08
3342.400475904021 3 1.97038e-07
3347.532455966432 7 3.92549e-07
3348.050125943384 3 4.28182e-08
3354.200584781932 3 3.7061e-08
3358.132456229523 7 5.43463e-08
3362.900503313542 3 5.59421e-08
3365.382456159237 7 1.02615e-07
3372.550125814688 3 1.78615e-08
3376.482456155371 7 8.25677e-08
3378.200566523305 3 8.82882e-08
3383.732456155076 7 2.87486e-08
3383.850125375368 3 3.9266e-07
3391.710131444843 10 4.67665e-07
3395.013227792052 2 3.76045e-08
3395.611837224728 5 2.33357e-07
3398.359161701737 11 1.34442e-07
3400.663227541824 2 7.30256e-08
3404.009162098171 11 3.09893e-08
3410.160131583673 10 1.33578e-07
3413.363227486511 2 2.01266e-07
3415.10916178181 11 5.80909e-08
3416.610131638731 10 1.39666e-07
3416.611837347572 5 1.20267e-07
3421.409161545768 11 3.113e-07
3423.013227390332 2 2.00003e-07
3424.010131866795 10 3.51458e-08
3425.611837363905 5 8.79064e-08
3429.463227728785 2 7.16694e-08
3429.66013187764 10 4.47191e-08
3431.26183748498 5 8.37386e-08
3434.30916159104 11 6.42015e-08
3435.263227442353 2 3.24921e-07
3442.363227307424 2 3.55422e-07
3443.159161775334 11 7.86516e-08
3444.76013197371 10 4.9663e-08
3445.5618378013 5 4.81522e-09
3448.013227638485 2 1.95255e-08
3449.309161753961 11 5.6819e-08
3451.211837422503 5 7.67494e-08
3451.860131562869 10 6.65052e-08
3456.861837266335 5 1.88107e-07
3457.510131867217 10 8.08961e-08
3460.559161648894 11 1.34381e-07
3461.363227279108 2 2.16255e-06
3467.15916166866 11 1.54481e-07
3467.163227245655 2 3.80276e-06
3471.160132051824 10 2.63021e-08
3472.959161539165 11 1.07014e-07
3472.963227634496 2 5.6904e-08
3474.36183723818 5 2.39334e-07
3476.810131793722 10 2.04234e-08
3479.559161724283 11 1.10953e-07
3479.563227440175 2 1.62444e-07
3485.359161796665 11 4.37789e-08
3485.363227716759 2 3.12972e-08
3486.261837345519 5 5.77925e-08
3487.110131793215 10 5.91735e-08
3491.16322748765 2 7.10877e-08
3498.413227537093 2 1.31761e-07
3499.959161497881 11 6.98403e-08
3504.063227551759 2 4.65109e-08
3505.609161508445 11 1.38992e-07
3511.960131645242 10 5.94517e-08
3514.311837357933 5 1.2037e-07
3516.763227584214 2 4.27003e-08
3516.859161893204 11 3.21932e-08
3517.610131559853 10 2.12593e-07
3523.410131722178 10 9.63464e-08
3527.00064031194 4 9.37662e-08
3527.714074185462 6 1.25929e-07
3528.562213087942 8 1.63636e-07
3532.650235503377 4 3.4875e-08
3534.21188931608 8 1.29969e-07
3536.414074336505 6 9.30425e-08
3538.450235088768 4 7.4528e-07
3539.861888986675 8 4.51816e-07
3542.214074161169 6 3.45314e-07
3545.511889280999 8 7.56833e-08
3548.014074484104 6 5.08261e-08
3549.050235412132 4 2.70588e-08
3551.161889144479 8 4.89298e-08
3553.814074456544 6 2.70383e-08
3556.961889174901 8 1.33366e-07
3559.464074370234 6 4.93967e-08
3560.300512233049 4 1.00791e-07
3565.264074532987 6 5.88853e-08
3565.661889404594 8 1.07599e-08
3568.350235403204 4 2.70477e-08
3586.735042375147 9 9.84528e-09
3602.685042404599 9 4.39069e-08
3610.585042404938 9 2.51766e-08
3637.050235154782 4 1.67495e-07
3637.814074144149 6 2.07468e-07
3638.661888928131 8 5.28562e-07
3644.414074204756 6 1.58329e-07
3644.450235358829 4 8.07883e-08
3644.461888779302 8 3.85693e-06
3650.21407453199 6 4.40934e-08
3650.250235617343 4 4.22634e-08
3650.261889098072 8 1.3474e-07
3656.014074493236 6 5.21838e-08
3656.05023536778 4 7.41071e-08
3657.861889176345 8 1.24007e-07
3661.814074503994 6 2.24853e-08
3661.850235654412 4 3.28635e-08
3663.511888937967 8 2.72391e-07
3667.614074150469 6 2.92514e-07
3668.300502748396 4 2.95269e-07
3669.161889212826 8 1.09306e-07
3678.660131525132 10 1.96169e-07
3680.963227987118 2 8.70348e-09
3681.111837342945 5 8.51802e-08
3684.45916187091 11 1.11436e-07
3686.06013154027 10 2.08816e-07
3687.561837075877 5 1.22023e-06
3690.109161635002 11 3.87509e-08
3690.76322734923 2 4.51978e-07
3696.563227388155 2 5.58008e-07
3702.260131679414 10 1.93947e-07
3708.060131610424 10 3.72045e-08
3708.561837424133 5 3.01204e-08
3713.914074212888 6 1.38439e-07
3713.950235209933 4 1.5702e-07
3714.661889011851 8 1.54202e-07
3719.714074389111 6 8.7406e-08
3719.750235548403 4 3.71666e-08
3720.311889069173 8 2.11112e-07
3727.9118891509 8 4.33113e-08
3729.514074209415 6 6.51534e-08
3729.550235323575 4 7.59078e-08
3736.761888815882 8 1.17048e-06
3736.914074178434 6 4.75425e-07
3736.950235328463 4 6.20227e-08
3742.411888963366 8 3.38603e-07
3742.714074273915 6 1.89392e-07
3742.750235437 4 5.43073e-08
3748.062348198509 8 1.60534e-07
3752.514074320268 6 7.36771e-08
3753.350235248739 4 9.84963e-08
3753.861889069243 8 3.67446e-08
3759.511889312377 8 2.39908e-08
3762.314074342216 6 2.76159e-08
3765.161888965126 8 7.79247e-08
3765.550235489965 4 3.13537e-08
3767.96407452833 6 3.4238e-08
3770.961889203412 8 8.51058e-08
3771.200685339778 4 1.01374e-07
3773.614074219549 6 1.62558e-07
3776.761889065818 8 1.59756e-07
3776.850235274233 4 6.29134e-08
3779.264074284057 6 1.78634e-07
3782.561889156882 8 8.60592e-08
3782.650235177069 4 2.70641e-07
3784.914074134815 6 2.40908e-07
3788.361889042237 8 2.19364e-07
3789.600791101614 4 5.32471e-08
3790.564074199095 6 9.29128e-08
3796.85023513326 4 2.13157e-07
3796.864074181627 6 3.42331e-07
3797.561889139617 8 1.55807e-07
3803.361889192727 8 8.58107e-08
3803.46407439099 6 3.1923e-08
3805.050235288762 4 2.43593e-08
3809.264074657925 6 3.93169e-08
3811.200908453218 4 4.05226e-08
3815.864074207566 6 2.02032e-07
3816.711889029248 8 2.37454e-07
3816.850235419612 4 3.88874e-08
3822.511889153241 8 9.25886e-08
3823.914074191864 6 1.67949e-07
3824.750235497802 4 2.55444e-08
3828.661889182989 8 2.34266e-08
3829.714074338935 6 6.94325e-08
3834.461889076801 8 1.82766e-07
3835.364074398486 6 8.89373e-08
3840.111888906655 8 1.20704e-06
3840.800458190311 4 2.41237e-07
3841.014074278206 6 5.30709e-08
3860.760131333514 10 1.30115e-06
3862.361837248311 5 2.86559e-07
3867.10916163324 11 5.0214e-08
3867.963227293247 2 7.4212e-07
3870.561837158592 5 3.92964e-07
3874.560131803178 10 4.02312e-08
3876.211837413829 5 9.45615e-08
3880.210131707838 10 1.69723e-07
3883.932456120556 7 1.61142e-07
3890.51183767858 5 2.0154e-08
3890.660131869843 10 1.56975e-08
3892.932456456276 7 3.68682e-08
3900.160131484079 10 4.72552e-07
3901.111837612933 5 1.81881e-08
3905.960131800663 10 9.70516e-08
3909.161837544349 5 5.48577e-09
3910.563551627582 2 4.94447e-08
3911.610131463979 10 5.97206e-07
3914.811837345486 5 7.77482e-08
3917.260131735087 10 3.37811e-08
3920.611837605741 5 1.03249e-08
3921.963227359071 2 5.64906e-07
3922.859161652789 11 1.13346e-07
3925.810131620377 10 1.83026e-07
3935.232456160813 7 1.26574e-07
3936.0501253751 3 6.10467e-07
3941.832456429058 7 5.62498e-09
3950.450235304743 4 2.28143e-08
3951.314074231869 6 2.14722e-07
3952.81188910348 8 9.90914e-08
3959.45023521842 4 1.18371e-07
3959.514074090016 6 5.79862e-07
3960.211888903363 8 4.09599e-07
3966.011889043685 8 1.21051e-07
3966.114074407292 6 3.4483e-08
3967.500595375478 4 8.16704e-08
3971.764074304457 6 1.12296e-07
3971.811889337568 8 7.26293e-08
3973.150235475582 4 4.80903e-08
3994.685042148345 9 1.12013e-07
4013.10058486718 3 1.59279e-08
4021.082456100619 7 1.0185e-07
4021.150125492087 3 6.40352e-08
4026.950125679416 3 1.24702e-07
4038.660131643694 10 1.4714e-07
4044.95012556258 3 1.33678e-07
4045.782456081326 7 7.20418e-08
4051.510131528649 10 3.00486e-07
4054.513227737697 2 1.09133e-07
4056.211837709599 5 1.4824e-08
4057.160131558893 10 3.44308e-07
4060.259161543912 11 7.31769e-08
4060.313227407843 2 3.07949e-07
4066.113227215679 2 1.16135e-05
4066.709161721677 11 4.6777e-08
4068.260131629824 10 9.64977e-08
4068.911837158263 5 3.52303e-07
4074.71183718726 5 3.43641e-07
4075.510131571058 10 1.24839e-07
4081.032456606351 7 2.25507e-08
4085.810131428622 10 4.32848e-07
4085.811837524037 5 7.37231e-08
4096.835042390494 9 2.93642e-08
4113.635042069595 9 1.11773e-07
4119.28614008096 9 1.58974e-07
4125.085042049536 9 8.06725e-08
4131.53504203543 9 7.38269e-08
4137.185042209996 9 9.41213e-08
4144.201796956967 3 7.39214e-08
4144.282455961449 7 3.71675e-07
4150.000512810185 3 4.68282e-08
4154.810131710821 10 1.00887e-07
4159.91322749494 2 4.56787e-08
4166.710131549071 10 3.24924e-07
4168.76183731078 5 1.21975e-07
4173.56322777701 2 3.58693e-08
4173.960131613758 10 1.31895e-07
4175.211837523577 5 3.3652e-08
4175.909161738715 11 6.40924e-08
4181.011837281585 5 2.89565e-07
4182.810131775111 10 1.27335e-07
4186.661837404866 5 4.70296e-08
4188.610131515106 10 3.94091e-07
4192.461837773464 5 1.12057e-08
4196.010131437947 10 5.52731e-07
4197.763227631482 2 2.48483e-08
4198.111837584569 5 5.52442e-08
4198.359161638456 11 1.12649e-07
4203.26013154758 10 1.28123e-07
4203.413227914496 2 2.45449e-08
4209.060131954829 10 7.45879e-08
4212.900448979778 4 1.40856e-07
4213.564074128696 6 5.40947e-07
4213.611889093159 8 6.14811e-08
4219.350262067203 4 2.91925e-07
4219.364074050107 6 2.66048e-06
4219.411888976601 8 2.65715e-07
4224.01013158322 10 5.89668e-08
4232.350235128099 4 1.46409e-07
4232.36407431022 6 1.11395e-07
4233.211888999369 8 1.76548e-07
4238.150649344805 4 1.09822e-07
4238.164074246126 6 7.41358e-08
4238.861888790459 8 1.82194e-06
4243.964074296945 6 2.99949e-08
4244.661889099358 8 2.0206e-07
4244.750235602716 4 3.53276e-08
4249.614074006265 6 1.4518e-06
4250.461888789457 8 4.73927e-06
4250.550289234059 4 1.21908e-07
4255.264074164565 6 3.09411e-07
4256.261889231876 8 1.98828e-08
4256.350235436054 4 7.59021e-08
4261.564074215906 6 1.37657e-07
4262.150235240119 4 1.5795e-07
4262.861889124318 8 5.52339e-08
4269.461889110581 8 1.68499e-07
4270.26407411602 6 4.77825e-07
4270.350235266636 4 2.75293e-07
4275.111889160949 8 1.50462e-07
4280.911889179592 8 7.72372e-08
4281.664074596292 6 6.72368e-08
4287.211889007026 8 2.86225e-07
4287.31407432832 6 3.68392e-08
4288.000685465179 4 2.35159e-08
4293.011889062578 8 6.83312e-08
4293.764074297347 6 5.46642e-08
4298.661888935098 8 4.64738e-07
4299.100449028095 4 5.64913e-08
4299.414074160102 6 2.82462e-07
4304.311889010337 8 2.59471e-07
4305.214074343976 6 6.10055e-08
4306.350235295611 4 5.04997e-08
4310.111889404994 8 5.24305e-08
4312.000676677323 4 3.26884e-08
4314.21407404688 6 2.19538e-06
4315.911889095205 8 1.88245e-07
4319.100667591508 4 1.33351e-08
4321.561889002521 8 1.21805e-07
4322.26407423856 6 2.06344e-07
4326.350235126745 4 4.61693e-07
4327.211889013545 8 1.59993e-07
4328.064074217662 6 5.31173e-08
4332.000649369244 4 1.88473e-08
4332.861889029956 8 1.07504e-07
4336.764074233452 6 1.00372e-07
4341.561888968245 8 3.10055e-07
4342.41407436251 6 1.90718e-07
4346.300640173423 4 1.52157e-07
4347.211889040718 8 8.37114e-08
4348.064074414016 6 7.37934e-08
4353.510131730372 10 1.38394e-07
4355.813227366363 2 8.81839e-08
4356.65916168909 11 5.73266e-08
4361.613227895301 2 2.67952e-08
4362.510131583686 10 2.47034e-08
4364.161837348144 5 7.06625e-08
4369.910131576152 10 2.05155e-07
4376.982456335001 7 3.1426e-08
4380.20047590436 3 1.2079e-07
4385.850125677625 3 9.74202e-08
4398.613227487504 2 1.32186e-07
4398.659161927023 11 5.2249e-08
4402.610131360897 10 6.94343e-07
4403.411837320296 5 1.42586e-07
4406.813227518467 2 7.26243e-08
4406.859161489315 11 3.1031e-07
4414.213227464898 2 2.47015e-07
4415.859161882195 11 4.97344e-08
4416.261837213323 5 4.55419e-08
4419.310131429166 10 2.15806e-07
4421.911837106355 5 1.06142e-06
4425.110131700709 10 1.64382e-07
4427.561837419941 5 6.36975e-08
4430.910131616551 10 2.29431e-07
4440.710131739222 10 4.98784e-08
4441.613227797461 2 3.81722e-08
4441.711837371674 5 1.43286e-07
4442.309161787445 11 1.0381e-08
4447.413227311854 2 5.945e-07
4449.709161403179 11 9.83647e-07
4453.06322739287 2 1.99915e-07
4455.35916172816 11 6.73111e-08
4458.713227717682 2 3.9838e-08
4459.310131613826 10 1.0845e-07
4465.550235341553 4 6.50581e-08
4466.364074573089 6 1.32142e-08
4472.150235572801 4 6.15199e-08
4474.564074621398 6 1.21858e-08
4476.310131919795 10 3.5844e-08
4481.960131733196 10 7.18873e-08
4484.213565880625 2 1.00097e-07
4488.260131649687 10 2.34946e-07
4491.463227667576 2 8.68268e-08
4493.809161395017 11 1.05445e-06
4496.961837268634 5 6.30245e-08
4497.110131606695 10 6.66907e-08
4502.760131768705 10 1.21338e-07
4503.363227540731 2 1.47891e-07
4504.2118377886 5 1.36042e-08
4504.259161449867 11 6.07808e-07
4509.013227358404 2 5.07608e-07
4512.459161660556 11 8.03372e-08
4514.663227675388 2 5.32592e-08
4515.460131533211 10 1.57153e-07
4517.861837372029 5 6.28784e-08
4523.511837093744 5 1.84258e-06
4525.110131921045 10 8.15399e-08
4529.161837452444 5 5.00382e-08
4529.763227654851 2 5.47296e-08
4530.760131604702 10 2.35951e-07
4534.811837446137 5 2.36954e-08
4536.410131618959 10 1.77845e-07
4544.185042154373 9 8.64401e-08
4564.885042430262 9 1.7705e-08
4590.632456111039 7 9.89892e-08
4591.350125462461 3 1.63923e-07
4596.282456285073 7 4.15765e-08
4602.600475981625 3 1.92462e-07
4603.532456082469 7 1.16015e-07
4608.250125462949 3 5.93969e-08
4609.182455874633 7 5.84006e-07
4616.300493619599 3 2.70374e-07
4617.08245619406 7 8.14487e-08
4620.310131526141 10 4.78237e-07
4625.960131826196 10 3.77219e-08
4642.485042436693 9 1.42531e-08
4658.810131834733 10 7.04699e-08
4662.732456364085 7 1.82874e-08
4665.110131439465 10 3.64098e-07
4666.711837712366 5 3.82318e-08
4669.013227571583 2 1.0424e-07
4674.663227524459 2 4.83411e-08
4678.609161624206 11 2.03444e-07
4680.313227691603 2 3.4712e-08
4681.811837253892 5 1.39879e-07
4684.210131525496 10 1.30066e-07
4687.461837381965 5 6.00944e-08
4689.860131820109 10 2.97319e-08
4697.00062236245 4 1.34698e-07
4698.614074435894 6 7.1367e-08
4709.110131711788 10 9.80364e-08
4713.000827229201 3 1.22823e-07
4716.432456115555 7 1.68588e-07
4721.935042304934 9 6.70169e-08
4727.735042471394 9 3.32159e-08
4733.385042360089 9 8.76447e-09
4739.685042036825 9 2.11832e-07
4745.335041984261 9 2.71224e-07
4750.985042370543 9 1.18042e-08
4794.110131656829 10 7.85949e-08
4799.760131268069 10 2.90681e-05
4806.082456035751 7 2.62679e-07
4806.800493796516 3 1.61055e-07
4814.860131919066 10 2.02336e-08
4820.213227740757 2 6.11839e-08
4822.65916183379 11 3.01548e-08
4826.013227702151 2 4.50275e-08
4826.910131509417 10 7.71302e-08
4827.711837363012 5 5.51815e-08
4832.71013167565 10 1.14786e-07
4834.863227883144 2 4.59696e-08
4840.561837407988 5 2.05189e-08
4840.610131563327 10 1.7627e-07
4840.663227948206 2 2.61276e-08
4846.361837360918 5 1.33684e-07
4846.410131673918 10 1.35883e-07
4852.16183763015 5 2.68786e-08
4852.210131322843 10 1.00344e-06
4854.813227741567 2 3.76084e-08
4858.010131864905 10 4.13078e-08
4861.263227288047 2 1.82806e-06
4861.959161521076 11 1.77841e-07
4867.063227835263 2 3.67273e-08
4871.650235460346 4 1.00077e-07
4875.010131875098 10 1.16308e-07
4879.763227570633 2 1.05188e-07
4881.359161662425 11 1.04742e-07
4882.961837437961 5 6.65718e-08
4883.86013153218 10 3.46369e-07
4886.863227759693 2 6.13801e-08
4895.760131586597 10 1.61126e-07
4906.360131657275 10 1.51434e-07
4915.800475882304 3 2.16833e-07
4917.33245615448 7 7.96185e-08
4920.810131665132 10 1.64615e-07
4931.110131833482 10 4.36099e-08
4933.532456023131 7 2.22479e-07
4934.100457780534 3 2.57243e-07
4948.700448931537 3 1.98789e-07
4949.58245587103 7 1.12852e-06
4955.00092696824 3 1.5782e-08
4955.232456115641 7 1.77506e-07
4960.800458035915 3 1.91795e-07
4960.882456377429 7 6.6927e-08
4966.600466383733 3 4.64539e-05
4966.682456158721 7 1.0675e-08
4975.810131475802 10 3.96324e-07
4977.411837544786 5 4.56247e-08
4980.482456155968 7 2.62671e-08
4988.660131616869 10 7.86701e-08
4988.661837507098 5 2.73084e-08
4994.263227635813 2 4.0184e-08
4994.460131815524 10 6.76947e-08
5000.713227670222 2 7.89518e-08
5002.360131558644 10 1.935e-07
5004.711837297864 5 4.17109e-08
5008.010131485232 10 3.7663e-07
5010.361837467233 5 6.51633e-08
5010.759161794911 11 1.98209e-08
5011.663227599348 2 1.09295e-07
5016.559161970348 11 3.57725e-08
5016.811837303849 5 1.67056e-07
5017.510131498647 10 1.53614e-07
5023.11183756955 5 5.15166e-08
5023.160131590656 10 5.53616e-08
5026.282456215921 7 3.01748e-08
5029.760131433223 10 1.05234e-06
5034.211837438976 5 3.49329e-08
5035.560131757816 10 7.60038e-08
5036.513227642533 2 1.31409e-07
5040.011837336479 5 2.00972e-07
5041.360131721857 10 6.6646e-08
5043.059161809978 11 1.66107e-08
5043.113227379705 2 1.96363e-07
5048.913227524957 2 8.31092e-08
5050.459161816939 11 2.99321e-08
5056.313227525209 2 1.71366e-07
5059.160131714562 10 6.91733e-08
5067.282456228378 7 2.9668e-08
5068.000493752896 3 7.90337e-07
5073.650125760445 3 2.59072e-08
5091.86013148973 10 2.09037e-07
5097.510131566577 10 8.83364e-08
5098.961837417435 5 5.09269e-08
5103.160131694955 10 3.76106e-08
5104.611837087573 5 9.38473e-07
5106.913227955062 2 5.14536e-08
5110.059161694694 11 7.15051e-08
5110.261837631212 5 6.63385e-08
5112.563227693486 2 3.85811e-08
5118.109161776083 11 1.35454e-07
5118.363227570249 2 5.62867e-08
5123.710131594436 10 1.57397e-07
5124.561837436121 5 4.053e-08
5126.113227646669 2 1.02104e-07
5126.159161453772 11 2.97868e-07
5131.913227516766 2 2.09791e-08
5131.959161931049 11 2.79029e-08
5132.710131912358 10 9.30347e-08
5134.061837487681 5 4.48052e-08
5138.510131924135 10 4.07411e-08
5138.513227475984 2 1.70845e-07
5139.20916158808 11 1.93974e-07
5144.313227681418 2 4.25145e-08
5146.60916151726 11 1.14691e-07
5149.461837064139 5 4.86121e-07
5152.409161480955 11 1.84757e-07
5152.513227545648 2 1.00773e-08
5158.209161653037 11 4.08058e-08
5158.313227685968 2 7.61379e-08
5163.963227740612 2 4.25916e-08
5164.660131731523 10 3.28219e-08
5169.511837332277 5 7.17888e-08
5170.4601316338 10 8.63854e-08
5175.311837501696 5 7.11039e-08
5176.01322743174 2 1.06628e-07
5176.809161883086 11 1.73792e-08
5177.410131631517 10 1.01386e-07
5187.800466503791 3 1.17688e-06
5188.482456183144 7 4.34779e-08
5193.450125627312 3 3.32289e-08
5194.282456438221 7 1.64167e-08
5200.050125524039 3 1.22798e-07
5201.682455884951 7 1.26058e-07
5207.30046680023 3 1.2518e-07
5207.333554121589 7 1.19268e-07
5213.100458874888 3 2.617e-08
5216.832456459801 7 4.13588e-08
5219.250125729253 3 8.54819e-08
5224.082455943081 7 7.22058e-07
5224.900467087338 3 6.61212e-08
5231.35012585122 3 3.39578e-08
5235.182455908631 7 1.06021e-07
5240.832455857667 7 1.04092e-06
5241.150125575859 3 6.0845e-08
5246.410131721494 10 1.61284e-07
5253.660131513852 10 3.22473e-07
5259.263227749852 2 2.59972e-08
5265.710131575071 10 1.38748e-07
5268.011837289304 5 2.57009e-07
5271.510131553027 10 2.85576e-07
5273.811837778625 5 3.03985e-08
5278.110131475911 10 6.37618e-07
5283.611837422421 5 4.47567e-08
5283.910131705305 10 1.00128e-07
5288.113227599085 2 7.98032e-08
5289.561229680613 10 1.5998e-07
5291.661837549216 5 2.85585e-08
5294.832456396143 7 3.66911e-08
5296.510131514249 10 2.36666e-07
5302.310131526408 10 2.57975e-07
5304.313227529244 2 9.12308e-08
5305.209161739807 11 1.2826e-07
5310.113227484636 2 9.47129e-08
5315.010131450851 10 5.88553e-07
5317.311837360086 5 4.02938e-08
5320.6601313982 10 2.37211e-06
5323.763227572866 2 1.54038e-07
5324.609161943314 11 2.72914e-08
5326.310131731117 10 1.04693e-07
5329.211837604155 5 5.41312e-08
5330.86322781008 2 5.97403e-08
5331.96013133714 10 2.55553e-06
5337.610131786359 10 6.08874e-08
5338.061837143461 5 8.32883e-07
5340.513228046097 2 3.03188e-08
5344.482456351716 7 3.38535e-08
5346.111837448028 5 3.54571e-08
5353.010131967864 10 2.07563e-08
5354.161837695848 5 1.83875e-08
5361.21013140374 10 8.98135e-07
5363.661837254312 5 2.48763e-07
5366.009161474248 11 1.3141e-07
5366.013227554855 2 1.09543e-07
5371.809161526947 11 1.46397e-07
5371.813227321235 2 6.5882e-07
5377.609161867816 11 4.04088e-08
5377.613227711239 2 4.12828e-08
5378.11183740077 5 7.9319e-08
5378.860131506719 10 2.00082e-07
5383.761837298468 5 1.23412e-07
5385.009161781035 11 8.09184e-08
5385.663227482811 2 4.90626e-08
5391.710131553563 10 1.22691e-07
5394.0618373781 5 4.47308e-08
5397.360131952453 10 6.17859e-08
5408.382456128783 7 5.83651e-08
5411.660131382435 10 1.32945e-06
5417.460131646168 10 9.07421e-08
5423.11013183437 10 2.4357e-08
5430.510131865689 10 3.81877e-08
5445.235042025967 9 1.25049e-07
5451.035042015626 9 1.41952e-07
5457.185042353854 9 4.38025e-08
5463.785041853646 9 1.65356e-06
5473.285042141744 9 9.74535e-08
5482.135042101419 9 1.77513e-07
5487.750125918189 3 2.61964e-08
5493.235042329956 9 1.54113e-08
5498.885042199805 9 1.09549e-07
5505.335042040415 9 1.45858e-07
5510.985042272624 9 9.19172e-08
5526.735042230868 9 3.78357e-08
5537.185042511407 9 4.16971e-08
5556.31013142844 10 1.07398e-07
5557.961837555464 5 6.17872e-08
5562.110131899858 10 1.04407e-07
5563.611837503477 5 4.29482e-08
5566.663227838462 2 3.85546e-08
5567.910131601334 10 2.60393e-07
5569.261837457084 5 3.30362e-08
5573.560131592818 10 1.93663e-07
5578.032456284498 7 6.33592e-08
5578.050125399601 3 4.16074e-07
5583.850125981081 3 1.76223e-08
5586.082455957548 7 2.18878e-07
5589.50044869271 3 3.68418e-07
5594.932456080688 7 9.33106e-08
5595.150125626661 3 1.00441e-07
5600.510131903111 10 5.14547e-08
5608.500466849307 3 2.2908e-07
5609.232455857992 7 6.88613e-07
5615.760131346737 10 1.00912e-06
5618.11183764938 5 2.08091e-08
5618.86322775006 2 6.33497e-08
5619.659162049987 11 3.42124e-08
5621.410131513177 10 4.11486e-07
5626.950125536552 3 1.79945e-07
5627.832456164603 7 6.91579e-08
5632.750125580893 3 4.39653e-08
5639.6140742212 6 2.10338e-07
5639.700466606655 4 1.02284e-06
5640.461889031046 8 2.10162e-07
5645.414074245751 6 1.56803e-07
5645.500649391058 4 2.60655e-08
5646.111888924602 8 4.61984e-07
5651.214074255303 6 1.71411e-07
5651.300568200259 4 2.39035e-07
5651.911888853275 8 7.00327e-07
5657.014074188269 6 2.31978e-07
5657.100502962156 4 8.72156e-08
5657.561889354722 8 2.80581e-08
5663.210131677814 10 1.10337e-07
5664.663227887879 2 3.92197e-08
5671.910131355849 10 2.18756e-06
5674.1632274271 2 3.5717e-07
5675.709161919042 11 1.40058e-08
5679.963227709423 2 9.37904e-09
5681.509161515888 11 3.56765e-07
5684.561837549949 5 1.00405e-08
5684.760131776487 10 6.3844e-08
5685.613227399593 2 2.4962e-07
5691.263227560343 2 1.56537e-07
5692.810131582409 10 1.50786e-07
5697.411837579698 5 2.96736e-08
5698.46013135716 10 3.27805e-06
5702.250125677931 3 4.27279e-08
5702.282456115278 7 6.16492e-08
5708.050126000244 3 1.57122e-08
5708.082456144301 7 1.31162e-07
5713.850125420586 3 3.87246e-07
5713.882455984447 7 2.94951e-07
5719.650125733289 3 3.04972e-08
5719.682456427047 7 1.9313e-08
5728.682456383936 7 2.44787e-08
5737.53245593888 7 1.27741e-07
5737.950125606239 3 1.16459e-07
5746.014074118753 6 3.69282e-07
5746.100484619764 4 4.11691e-07
5746.911888859792 8 6.48943e-07
5751.814074351252 6 5.72011e-08
5751.900649528189 4 7.9332e-09
5752.711888786972 8 2.27098e-06
5757.614074191475 6 1.73239e-07
5757.700484851579 4 3.14632e-07
5758.362303244612 8 9.19799e-08
5763.414074408037 6 5.60552e-08
5763.500649603382 4 3.41815e-08
5764.011889190121 8 9.54596e-08
5769.214074243718 6 1.22881e-07
5769.300502668644 4 1.51908e-07
5769.661889297016 8 1.31714e-07
5775.014074119565 6 2.78247e-07
5775.100685281791 4 1.34867e-08
5775.311888723118 8 3.87411e-05
5780.814074003356 6 2.33086e-06
5780.900484537797 4 1.90802e-06
5780.961889003235 8 2.78659e-07
5786.61407435486 6 9.49192e-08
5786.700604500488 4 2.22549e-08
5786.761889232956 8 5.20718e-08
5792.414074295076 6 9.24129e-08
5792.500604299434 4 8.99393e-08
5792.561888995725 8 4.23669e-07
5798.214074149496 6 2.34222e-07
5798.3004669525 4 9.13417e-08
5798.361888856343 8 7.94614e-07
5804.014074315549 6 1.49251e-07
5804.161888865022 8 6.81348e-07
5805.550235495283 4 5.49211e-08
5809.811888965069 8 2.85921e-07
5809.814074349855 6 7.12182e-08
5811.200467018094 4 2.35671e-07
5815.611889049782 8 4.3753e-08
5816.914074224378 6 1.12004e-07
5817.650235075633 4 1.0364e-06
5821.411888851263 8 1.19601e-06
5822.564074042386 6 2.75855e-07
5823.300502957604 4 1.88583e-07
5827.061889085692 8 1.87433e-07
5828.214074552265 6 1.42655e-08
5830.250235134171 4 1.98203e-07
5833.361889047809 8 1.16285e-07
5833.864074002381 6 4.12535e-07
5840.610131706709 10 1.55756e-07
5844.550125657653 3 4.97633e-08
5846.082456358011 7 5.73849e-08
5858.300476191841 4 1.34986e-07
5871.150125889497 3 1.25478e-08
5876.800448907897 3 1.53396e-07
5878.28245604259 7 2.70539e-07
5886.260131441328 10 1.60033e-07
5888.661837656426 5 3.16147e-08
5892.814074645135 6 2.06907e-08
5897.660131450071 10 3.80458e-07
5898.46183756666 5 3.18629e-08
5901.550235409167 4 3.17562e-08
5904.614325638404 2 1.99187e-08
5906.360991798341 10 2.29165e-07
5907.961837278457 5 1.33216e-07
5909.459161628031 11 1.34592e-07
5910.413227211574 2 1.05947e-05
5915.210131553405 10 4.60742e-07
5915.21183740668 5 6.62802e-08
5918.46322747776 2 1.43097e-07
5920.059161371874 11 3.24919e-07
5924.263227562045 2 1.67032e-07
5925.859161726488 11 1.52395e-07
5929.913227667081 2 5.49697e-08
5931.410131805507 10 8.03079e-08
5933.909161891592 11 9.98235e-08
5935.563227844939 2 1.93114e-08
5937.061229676917 10 1.2016e-07
5942.860131707767 10 1.28606e-07
5953.500511770359 3 2.38216e-07
5959.15012569399 3 6.30055e-08
5969.600448826352 3 2.60379e-07
5970.33245623094 7 7.30906e-08
5975.250125447567 3 1.13413e-07
5975.982456134215 7 1.62883e-08
5980.901124786774 3 2.10363e-08
5984.682456127181 7 6.22612e-08
5987.860131749471 10 5.37942e-08
5990.963227558019 2 5.07608e-08
5991.909161639057 11 4.98365e-08
5996.860131607208 10 3.99858e-07
5998.31183740321 5 1.22383e-07
5999.159161530516 11 2.50122e-07
5999.16322763448 2 5.05291e-08
6005.763227607158 2 2.77821e-08
6008.009161356808 11 1.80683e-08
6011.413227763063 2 2.48732e-08
6018.360131559008 10 1.72203e-07
6021.713227571267 2 8.08156e-08
6024.05916142032 11 5.38972e-07
6027.363227647433 2 2.95651e-08
6028.010131638959 10 6.87573e-08
6028.761837679287 5 2.58844e-08
6030.359161896547 11 2.85777e-08
6033.66013153176 10 7.85226e-08
6035.36183712821 5 1.94934e-07
6039.310131459706 10 1.41906e-07
6043.263227514289 2 1.00224e-07
6044.159161542634 11 2.6263e-07
6045.011837560078 5 4.11769e-08
6045.760131621038 10 1.33919e-07
6048.913227463359 2 8.21429e-08
6049.809161791156 11 4.38042e-08
6054.563227774822 2 2.78306e-08
6059.309161639224 11 8.0833e-08
6060.213227606622 2 7.5165e-08
6063.161837285179 5 7.57286e-08
6065.660131547437 10 8.64753e-08
6068.961837207483 5 9.2942e-08
6071.310131798628 10 9.95534e-08
6077.110131594064 10 3.41794e-07
6077.811837334336 5 1.03764e-07
6082.910131467354 10 5.34426e-07
6089.45012552427 3 7.32664e-08
6089.532455957599 7 2.2561e-07
6095.250125461974 3 2.02098e-07
6095.332456444594 7 2.54418e-08
6101.050125335131 3 6.9359e-07
6101.782456014763 7 7.72749e-08
6106.700484821801 3 1.33766e-07
6107.432456318405 7 2.54806e-08
6113.082456282528 7 4.85307e-08
6119.382456022565 7 7.96538e-08
6120.70052189745 3 1.63459e-08
6125.032456089894 7 7.15914e-08
6128.750125626502 3 2.01984e-08
6134.485042464584 9 2.13357e-08
6144.910131729426 10 7.61602e-08
6150.560131841653 10 3.90764e-08
6156.36013202961 10 6.72364e-08
6164.110131580114 10 1.77298e-07
6178.560131511668 10 3.43444e-07
6182.511837354539 5 7.93497e-08
6183.313227562792 2 9.10245e-08
6184.159161793849 11 5.04538e-08
6189.763227768719 2 5.75579e-08
6191.409161903993 11 6.14712e-08
6195.41322761033 2 1.43164e-07
6200.210131440274 10 2.21451e-07
6202.663227420497 2 1.89137e-07
6203.459161984586 11 2.77388e-08
6208.110131867287 10 7.81614e-08
6218.410131677053 10 9.59947e-08
6227.350125591013 3 9.9745e-08
6228.132456027513 7 1.03717e-07
6233.000484896446 3 1.72027e-07
6233.782456590172 7 1.22549e-08
6244.813227843362 2 5.50625e-08
6244.860131599933 10 1.09075e-07
6248.011837186234 5 1.68469e-07
6250.6132276237 2 5.7518e-08
6251.31013155285 10 1.64113e-07
6253.661837490424 5 3.8525e-08
6254.259161683748 11 6.07458e-08
6259.313227258392 2 2.05405e-06
6260.059161828595 11 4.70118e-08
6264.96322737628 2 4.4402e-08
6265.859161713687 11 5.93196e-08
6270.613227828891 2 3.31994e-08
6272.000568348881 4 3.94616e-08
6276.263227329691 2 7.28388e-07
6276.959161659908 11 6.57711e-08
6281.913227577026 2 8.71088e-08
6284.209161636738 11 1.06403e-07
6285.711837577607 5 4.55267e-08
6285.760131563883 10 1.23262e-07
6296.36013148281 10 6.56264e-07
6332.835042446584 9 1.67343e-08
6340.88504236127 9 4.49468e-08
6351.310131713538 10 1.8767e-07
6352.713227855686 2 1.27905e-08
6356.811837490438 5 8.78445e-08
6356.960131451002 10 5.37943e-07
6358.513227591797 2 6.77635e-08
6363.410131454023 10 6.38788e-07
6363.411837436102 5 1.05159e-07
6366.413227653216 2 9.37363e-08
6369.211837571999 5 4.37929e-08
6370.059161442623 11 1.53742e-07
6372.063593025053 2 4.7766e-08
6374.360131454376 10 4.39016e-07
6380.611837540809 5 2.70721e-08
6380.960131419233 10 2.52792e-07
6383.313227766026 2 5.67617e-08
6386.30916176713 11 7.44032e-08
6388.963227623628 2 7.51944e-08
6394.509161674386 11 6.74788e-09
6394.613227341193 2 1.13619e-06
6397.660131649772 10 1.14695e-07
6399.211837153203 5 4.02323e-07
6403.460131910206 10 2.09256e-08
6405.011837164058 5 1.1947e-07
6409.110131289438 10 4.39531e-06
6410.661837597959 5 4.10537e-08
6414.760131724061 10 1.25848e-07
6416.311837220381 5 2.06395e-07
6417.909161536992 11 8.01662e-08
6418.513227580731 2 8.32424e-08
6423.310131844749 10 9.14577e-08
6423.559161888118 11 1.53429e-08
6424.061837236515 5 1.74902e-07
6428.013227423287 2 1.59949e-07
6429.110131621066 10 1.04103e-07
6429.861837578413 5 2.05283e-08
6438.482456464086 7 5.3435e-09
6442.46013180639 10 6.22699e-08
6444.932456412754 7 2.04023e-08
6449.060131532818 10 3.0766e-07
6452.86322791862 2 2.3304e-08
6454.710131929387 10 4.26299e-08
6463.410131592239 10 1.39691e-07
6469.210131621553 10 2.10144e-07
6472.332456138895 7 1.28065e-07
6477.600467041024 3 1.00409e-07
6477.982455813225 7 4.01637e-06
6484.850125504339 3 1.27511e-07
6485.732456212839 7 1.24606e-07
6491.382456070493 7 4.98505e-08
6493.550125480614 3 2.44963e-07
6499.210131469232 10 4.5771e-07
6500.811837386583 5 1.68035e-08
6504.86013152675 10 2.23785e-07
6506.363227756093 2 2.16671e-08
6506.461837395065 5 3.70343e-08
6512.082456107971 7 5.7529e-08
6514.510131769242 10 4.80575e-08
6515.461837595317 5 5.00647e-08
6518.382456211282 7 1.18524e-08
6521.111837599873 5 4.05744e-08
6522.560131530937 10 2.95336e-07
6533.01013153443 10 3.73876e-07
6537.011837296351 5 1.3016e-07
6538.559161689865 11 3.9296e-08
6539.363227384669 2 2.95618e-07
6542.510131648275 10 5.5558e-08
6545.013227678424 2 1.40505e-08
6550.361837497781 5 2.23485e-08
6550.410131753121 10 6.86848e-08
6550.663227639598 2 4.68387e-08
6552.059161428706 11 2.80809e-07
6556.210131561132 10 2.06834e-07
6562.561837680274 5 2.92548e-08
6572.260131498303 10 2.32535e-07
6573.011837551955 5 3.39673e-08
6576.032455969645 7 4.01747e-07
6582.66183756939 5 3.21083e-08
6582.710131505589 10 4.132e-07
6587.250235361032 4 7.09883e-08
6587.914074620805 6 1.83319e-08
6590.564325571539 2 3.23764e-08
6592.459161713721 11 4.5949e-08
6596.510131686465 10 1.21505e-07
6598.061837356986 5 7.50834e-08
6605.082456446133 7 2.98984e-08
6607.561837521793 5 6.61589e-08
6607.6101314824 10 4.14143e-07
6613.361837266823 5 1.62264e-07
6613.41013177709 10 7.02761e-08
6616.209161683688 11 6.05415e-08
6617.013227594462 2 1.45492e-07
6623.463227710806 2 2.51805e-08
6624.2591617447 11 4.69912e-08
6629.113227599339 2 8.9272e-08
6629.909161569063 11 1.20655e-07
6638.410131893386 10 2.06441e-08
6638.613227521918 2 2.2642e-07
6640.209161507728 11 3.07018e-07
6641.761837381319 5 4.00979e-08
6644.210131772515 10 6.00342e-08
6647.313227708711 2 7.26828e-08
6650.509161651632 11 1.07146e-07
6653.113649507914 2 6.33086e-07
6656.260131428631 10 5.7926e-09
6661.910131728229 10 8.01306e-08
6665.011837720554 5 1.37979e-08
6669.013227812657 2 5.0907e-08
6670.610131584933 10 1.3802e-07
6677.835041959761 9 2.90705e-07
6683.485042180899 9 2.48424e-07
6692.985041978031 9 1.82539e-07
6698.635041938806 9 3.65008e-07
6704.28504215285 9 1.13732e-07
6709.935042040651 9 7.32371e-08
6719.285042026757 9 3.92337e-07
6725.085041947606 9 4.00542e-07
6733.635041980013 9 2.28719e-07
6739.435042481885 9 5.13464e-08
6745.885414255659 9 1.63938e-07
6751.4601314789 10 5.3241e-07
6754.663227552348 2 1.4002e-07
6758.559161717649 11 7.93181e-08
6761.913227684352 2 3.53543e-08
6763.510131525669 10 1.90642e-07
6765.061837387638 5 6.47111e-08
6766.609161523668 11 2.01701e-07
6767.563227474597 2 1.00228e-07
6773.700503325182 4 5.67796e-08
6776.210131496471 10 1.39397e-07
6778.663227823121 2 2.37821e-08
6779.361837208619 5 3.4354e-07
6781.860131293493 10 6.15663e-06
6787.382456241825 7 3.99674e-08
6790.611837644015 5 2.35532e-08
6796.262719637654 5 2.6679e-08
6798.632456427895 7 3.10386e-08
6801.912197630222 5 3.70084e-08
6804.282456005918 7 1.15654e-07
6809.760131581251 10 3.55611e-07
6810.611837498566 5 3.44158e-08
6815.410131677028 10 1.38822e-07
6816.261837297826 5 1.9524e-07
6821.060131739012 10 4.55388e-08
6821.763227612011 2 5.14862e-08
6824.109161563578 11 8.25922e-08
6827.41322753883 2 1.61397e-07
6832.161229559484 10 3.17841e-07
6833.714325525724 2 8.1714e-08
6833.761837628887 5 3.05753e-08
6834.559161616912 11 4.15697e-08
6841.113227446739 2 5.07807e-08
6841.959161451441 11 5.52797e-07
6844.211837383314 5 8.87775e-08
6846.763227278849 2 3.03606e-07
6847.609161887927 11 2.70178e-08
6852.413227500848 2 7.65613e-08
6854.610131726066 10 6.97905e-08
6854.661837235972 5 1.54048e-07
6859.359161678043 11 3.89652e-08
6859.363227300262 2 2.20063e-07
6862.810132014089 10 4.11171e-08
6862.861837684837 5 2.36043e-08
6865.159161747923 11 7.44026e-08
6865.163227343762 2 3.29838e-07
6870.959161734554 11 7.59891e-08
6870.963227519198 2 4.1121e-08
6876.763227208073 2 6.88417e-06
6877.559161602139 11 1.04706e-07
6878.611837756287 5 3.9401e-08
6882.563227544167 2 4.75654e-08
6883.359161986194 11 2.54536e-08
6884.160131811535 10 4.15646e-08
6888.21322748469 2 1.04332e-07
6889.8101317399 10 1.23167e-07
6902.485042277866 9 4.95856e-08
6908.285042013444 9 2.5444e-07
6919.232456201254 7 1.51636e-07
6919.250125616066 3 6.92752e-08
6944.260131488874 10 2.88048e-07
6950.663227630835 2 1.09367e-07
6952.310131490007 10 2.81946e-07
6953.011837499751 5 2.18809e-08
6954.609162009009 11 1.48052e-08
6957.960131769897 10 7.49584e-08
6958.661837561983 5 4.20505e-08
6959.363227881551 2 5.63792e-08
6963.610131662404 10 1.55022e-07
6966.711837307572 5 1.47537e-07
6969.910131472268 10 4.45458e-07
6972.361837157748 5 1.00052e-07
6974.613227615794 2 8.13104e-08
6977.709161520388 11 1.01168e-07
6980.263227551911 2 7.99141e-08
6985.010131416243 10 1.076e-06
6986.661837550078 5 7.31666e-08
6993.385041971519 9 4.03966e-07
7001.285041980454 9 2.2382e-07
7006.935042024525 9 1.85173e-07
7013.085042109097 9 3.22062e-08
7020.250125755509 3 7.35683e-08
7023.282456042342 7 8.9457e-08
7028.3005120911 3 8.1368e-08
7029.082456031375 7 1.40601e-07
7034.882455975128 7 4.08772e-07
7036.500548688917 3 1.03253e-07
7046.810131724217 10 8.97062e-08
7054.713227710527 2 1.19851e-08
7055.66013146176 10 4.70825e-07
7056.311837528965 5 2.89088e-08
7061.182456630524 7 1.75476e-08
7065.200512060283 3 8.13747e-08
7066.982455990853 7 2.64119e-07
7070.8501253432 3 5.98678e-07
7073.932456046656 7 7.89735e-08
7076.500458582266 3 1.01113e-07
7079.582455986716 7 1.44759e-07
7082.300503141658 3 7.86602e-08
7085.232455788059 7 4.1263e-06
7088.100548858834 3 4.88726e-08
7095.56013176085 10 2.25368e-08
7101.210131680775 10 1.29437e-07
7105.81322746148 2 2.01897e-07
7108.310131734364 10 9.60156e-08
7113.960131519232 10 3.78859e-07
7114.611837566349 5 3.8242e-08
7115.463227473874 2 1.22104e-07
7116.209161462899 11 2.56343e-07
7121.263227605259 2 4.83352e-08
7122.810131972634 10 3.33498e-08
7129.163227715456 2 5.6791e-08
7131.660131700579 10 1.08304e-07
7132.411837578398 5 9.41786e-09
7149.714074247919 6 1.77725e-07
7149.750235241839 4 1.98674e-07
7151.361889157491 8 1.23901e-07
7155.514074240883 6 1.58086e-07
7156.350235346403 4 1.16907e-07
7157.161888934094 8 5.75598e-07
7161.164074360177 6 1.75697e-07
7162.000586245666 4 2.72281e-08
7162.812213302621 8 6.41694e-08
7168.414074049505 6 9.25187e-07
7168.450235148161 4 8.36027e-08
7168.461889019121 8 7.37785e-08
7174.214074278339 6 2.6447e-08
7174.250235141178 4 6.47305e-08
7174.261889187325 8 1.15157e-07
7180.014074315399 6 1.05909e-07
7180.850235233763 4 5.89445e-08
7180.861888766033 8 2.48835e-06
7187.414074241584 6 2.05071e-07
7188.250235333392 4 1.31861e-07
7188.261888785063 8 1.87527e-06
7193.214074536374 6 3.48069e-08
7199.63504201318 9 2.76145e-07
