0.933942412771 3 4.53716e-08
1.098036561478 7 7.13879e-08
3.404017042418 2 3.84142e-08
6.55923500819 5 1.28075e-07
6.748036228235 7 1.99549e-07
8.10433664693 6 1.40674e-07
9.054016441573 2 7.82667e-07
12.209234896952 5 2.45179e-07
12.398036564259 7 7.80257e-08
13.602886229932 8 9.84018e-08
15.384398534255 9 1.62468e-07
18.00923525478 5 6.33266e-08
19.402886039977 8 2.67378e-07
21.184398621211 9 8.80088e-08
22.67694662628 4 7.64434e-08
23.659234808818 5 6.25409e-07
24.955021354401 6 8.00923e-08
25.052886479489 8 1.22458e-08
25.748036331399 7 2.42822e-07
25.754016643804 2 9.51896e-08
28.854154252873 11 4.69025e-07
31.334398593117 9 3.43304e-08
37.134398478068 9 7.03668e-07
37.252886287299 8 4.39923e-08
38.65415454973 11 3.86333e-08
39.709234900564 5 5.24196e-07
40.348036542724 7 1.33556e-08
40.354336822349 6 6.06957e-08
41.154017052772 2 3.96246e-08
42.934398615895 9 5.6893e-08
43.05288616409 8 1.32968e-07
44.426946281309 4 2.1332e-07
46.159235206409 5 5.99451e-08
48.554016624794 2 2.95448e-07
49.34803611893 7 1.98458e-06
49.354868555954 6 4.80759e-08
51.959235198142 5 4.00067e-08
54.354016496459 2 1.17081e-06
55.148036316987 7 1.91092e-07
55.983942502164 3 3.52253e-08
59.209235145979 5 7.65146e-08
60.004016560751 2 6.42104e-07
60.798036273487 7 9.63151e-08
64.754337125096 6 3.8406e-08
64.859234941483 5 1.56761e-07
65.654017001547 2 4.67354e-08
67.248036381197 7 1.08646e-07
69.633942400339 3 8.54032e-08
70.554337133312 6 2.17077e-08
75.283942076107 3 1.20931e-07
77.704016770906 2 5.28016e-08
78.498036447312 7 8.71695e-08
78.604336502359 6 1.3258e-06
81.604154331807 11 3.91367e-07
85.054336655998 6 1.86679e-07
86.398036444755 7 5.36927e-08
86.404016711791 2 1.43658e-07
87.159235031385 5 1.37585e-07
90.704336724234 6 2.08177e-07
91.104154546964 11 5.27549e-08
95.102886442275 8 2.15063e-08
95.134398609365 9 1.34266e-07
97.704154439504 11 1.10094e-07
99.35923496291 5 1.17793e-07
99.704336729032 6 1.78215e-07
100.204016776714 2 7.77802e-08
100.99803663287 7 5.69692e-08
104.154154304996 11 3.22428e-07
109.734398622789 9 9.91224e-08
109.954154525557 11 4.02343e-08
111.302886393393 8 2.84605e-08
115.604154875084 11 2.44134e-08
120.302886357474 8 4.59768e-08
120.334398658682 9 1.20727e-08
121.254154141605 11 5.17271e-07
126.90582242014 11 6.51876e-08
180.554154363677 11 1.02159e-07
199.557562875739 10 2.92863e-08
205.357562204504 10 4.80315e-06
212.607562415827 10 1.97142e-07
218.257562413041 10 2.24061e-07
230.957562467535 10 1.42734e-07
237.407562765298 10 4.39816e-08
244.507562694379 10 5.19711e-08
252.557562586181 10 1.76103e-07
268.457562684089 10 1.02609e-07
274.107562823912 10 4.16247e-08
279.75756259462 10 1.27584e-07
288.607562822539 10 2.77055e-08
309.204336560765 6 8.04547e-07
310.798036546361 7 4.26946e-08
310.804016856612 2 5.9095e-08
311.759234992571 5 2.61001e-07
312.502886113963 8 1.36135e-07
312.534398521858 9 3.25356e-07
313.404154621079 11 5.97251e-08
316.604336755187 6 1.01791e-07
317.404016674245 2 3.88976e-08
317.409235079835 5 9.37246e-08
318.198036178083 7 5.01454e-07
319.783942433896 3 1.00056e-07
322.404336827568 6 1.18001e-07
323.204016583367 2 2.1164e-07
323.998036426197 7 6.75148e-08
324.009235290461 5 5.59552e-08
326.383942334641 3 2.28708e-08
328.854016768612 2 3.98459e-08
329.79803655143 7 2.76322e-08
332.033941977212 3 2.13084e-06
335.448036649055 7 2.69799e-08
336.059235217337 5 6.16967e-08
337.502886412798 8 3.97482e-08
337.704016715499 2 1.09258e-07
338.454336705201 6 3.39257e-07
343.309235071591 5 2.46469e-08
344.148036250887 7 7.37213e-08
344.154016528298 2 4.2423e-07
344.254336743514 6 2.11749e-08
349.948036395178 7 7.04007e-08
349.954016664941 2 1.09307e-07
350.054336784363 6 8.37321e-08
350.559235007122 5 2.52496e-07
352.804154700833 11 5.04874e-09
355.74803647366 7 9.7779e-08
355.854856534124 6 6.56628e-08
356.404016929026 2 1.17727e-07
356.733942093856 3 3.47577e-07
361.548036690934 7 2.5001e-08
361.654336858903 6 8.63287e-08
372.104336733556 6 1.0748e-07
379.355322865206 6 7.76924e-08
386.257562572228 10 1.34952e-07
395.257562601775 10 1.37754e-07
401.057562260593 10 1.65246e-06
406.454154503826 11 8.20624e-08
406.604336747955 6 4.73194e-08
408.604016711866 2 8.51943e-08
408.948036283966 7 2.13426e-07
410.459235261787 5 5.90089e-08
411.983942030585 3 4.62852e-07
414.404016657297 2 3.02915e-07
414.504336708201 6 1.43494e-07
414.598036247836 7 2.60601e-07
416.109234987377 5 1.59238e-07
419.233942119636 3 2.74473e-07
424.398036504423 7 7.60264e-08
425.033941986344 3 2.69477e-07
427.404016848925 2 1.23915e-07
430.683942203422 3 3.95111e-07
431.798036323576 7 7.91228e-08
433.20401682415 2 4.7625e-08
440.333942413578 3 6.04293e-08
441.904399835495 6 5.73284e-08
447.198036502919 7 7.45989e-08
447.704336405392 6 1.46284e-05
447.804016876108 2 8.2601e-08
453.504336488817 6 1.78199e-06
453.604016750632 2 9.38486e-08
454.448036309052 7 1.47264e-07
455.209234828201 5 6.02981e-07
459.133942316224 3 8.45064e-08
459.304336965597 6 7.09071e-08
459.404016839892 2 5.98751e-08
460.098036561512 7 4.97029e-08
464.933942028499 3 1.01378e-06
468.298036426232 7 7.57075e-08
469.104336673126 6 6.1735e-08
469.20401671307 2 8.41093e-08
471.109235398082 5 1.5126e-08
472.833942118539 3 3.15907e-07
473.94803658006 7 4.16524e-08
478.483942130481 3 5.17324e-07
483.748036171976 7 2.25078e-07
483.804016658747 2 9.81874e-08
484.133942417979 3 1.1647e-07
484.354336955848 6 8.39995e-08
489.554154216112 11 1.58684e-07
490.334398679171 9 7.63638e-08
491.15288642663 8 2.53457e-08
497.734398735267 9 4.64822e-08
499.352886609909 8 2.25135e-08
502.554154199619 11 2.12493e-07
509.954154298145 11 1.92693e-07
511.534398507228 9 2.09712e-07
512.352886114563 8 2.4005e-07
512.759235362394 5 4.73565e-08
519.28439870131 9 3.07917e-07
520.904749400007 11 1.96451e-07
526.652886580165 8 4.04564e-08
526.684398802888 9 7.6672e-08
526.704154169756 11 5.57915e-07
533.284398801016 9 3.44703e-08
535.704154221849 11 5.06189e-07
542.284398553125 9 3.21123e-07
543.104154420409 11 6.67993e-08
543.352886253855 8 9.06099e-08
590.504740959583 11 6.62386e-08
594.484398579338 9 7.16979e-08
601.884398554668 9 1.455e-07
602.602886464344 8 9.43288e-09
608.154154415714 11 9.35656e-08
613.804154673311 11 3.58984e-08
617.784398483785 9 9.4402e-08
617.852886309627 8 5.74836e-08
619.454154202414 11 6.29403e-07
623.359235221652 5 7.32778e-08
624.105121278222 6 2.14065e-06
625.604017007259 2 2.41618e-08
626.348036630649 7 5.70805e-08
627.083942236068 3 9.08167e-08
630.704811439415 6 7.32117e-08
631.254016520191 2 9.88856e-07
631.559234909896 5 7.74009e-08
631.998036506054 7 8.51718e-08
633.252886349069 8 3.4923e-08
635.676946472428 4 8.48262e-08
636.384398748957 9 2.9517e-08
638.159235157851 5 5.85762e-08
638.902886275243 8 7.26725e-08
640.104016831735 2 6.23678e-08
640.84803637354 7 4.64573e-08
643.633942217094 3 1.55399e-07
646.104336825276 6 9.15064e-08
647.854016700158 2 5.78772e-08
647.948036354665 7 2.00792e-07
648.609234956255 5 2.695e-07
650.184398569942 9 4.8338e-08
650.3028859098 8 4.30356e-07
652.526946544553 4 3.00809e-08
654.40923497522 5 4.65501e-08
655.984398828458 9 7.35583e-08
656.10288639606 8 3.70021e-08
660.054016850478 2 1.08254e-07
660.209234954016 5 6.56317e-08
660.554967318578 6 1.37668e-07
662.054154350294 11 5.7388e-08
665.298036229868 7 1.52803e-07
665.854016608195 2 4.01456e-07
666.009235122521 5 5.06561e-08
667.654336623612 6 2.47883e-07
669.95415454812 11 5.39992e-08
672.398036573312 7 3.11397e-08
673.254016949444 2 4.88492e-08
673.259234728405 5 1.94405e-06
673.304337052784 6 1.56332e-07
673.752886085976 8 1.28665e-07
673.784398709405 9 5.38875e-08
675.976946232734 4 3.15242e-07
679.059235182726 5 5.63185e-08
679.552886267819 8 4.2783e-08
679.584398756243 9 6.71876e-08
683.876946326797 4 2.03725e-07
686.152886221724 8 1.48871e-08
686.459234877867 5 4.05784e-07
687.784398631788 9 2.26745e-07
689.676946598916 4 5.35026e-08
691.952886162672 8 6.84235e-08
692.759235331 5 1.7117e-08
695.326946345988 4 1.8764e-07
696.784398760658 9 4.94374e-08
697.602886302937 8 6.18373e-08
698.409234988563 5 3.28495e-08
700.654017031441 2 4.74302e-08
700.70458061295 6 2.92166e-08
702.434398437184 9 7.92695e-07
703.252886259046 8 5.53825e-08
704.67694637637 4 5.41209e-08
706.309235052547 5 4.31306e-08
708.884398837739 9 8.74104e-08
708.902886311725 8 2.56219e-08
711.276946653092 4 5.21485e-08
712.109235236405 5 5.34487e-08
715.502886058435 8 4.3093e-07
716.134398610584 9 1.15037e-07
717.726946386708 4 8.13653e-08
717.759235353806 5 1.57816e-08
721.30288632553 8 9.3385e-08
722.2480365049 7 3.65694e-08
722.454016855125 2 6.05529e-08
722.504336506699 6 9.72655e-07
730.757562917151 10 2.10612e-08
738.807562879352 10 3.14238e-08
756.307562655329 10 1.02805e-07
759.504336780291 6 1.3568e-07
762.054154362005 11 9.3982e-08
765.304336730087 6 5.87019e-08
765.348036293599 7 2.8997e-08
765.854016455598 2 8.10344e-07
765.959235091756 5 9.01776e-08
767.602886161072 8 1.05312e-07
768.184398628778 9 1.85201e-07
770.276946411995 4 1.41028e-07
771.759234904825 5 2.7233e-07
773.402886288937 8 5.59007e-08
773.834398968557 9 6.36046e-08
777.559235309245 5 3.55459e-08
778.32694638884 4 1.47362e-07
779.202886479579 8 8.20976e-09
782.404017150963 2 3.98943e-08
783.18439887357 9 5.45564e-08
783.209235188784 5 2.32184e-08
783.976946328724 4 1.57313e-07
785.502886054527 8 3.36847e-07
789.009234756848 5 1.93027e-06
789.50401685713 2 1.18893e-07
790.304336809155 6 5.92077e-08
791.148036206225 7 4.24907e-07
794.659234870988 5 4.42323e-07
795.302886336069 8 6.42773e-08
795.304152158774 2 4.36131e-08
796.904336638892 6 8.79899e-08
799.454154335754 11 1.85903e-07
800.184398589986 9 5.07979e-08
805.104154241863 11 3.45454e-07
805.104787090845 6 5.16762e-08
810.548036693506 7 2.02458e-08
810.704017102342 2 4.41932e-08
810.904336624603 6 6.23716e-07
821.957562253164 10 1.84213e-06
830.807562599127 10 9.76263e-08
839.657562450065 10 1.00365e-07
845.957562576709 10 8.88705e-08
857.207562591381 10 4.78372e-08
865.107562457755 10 1.75036e-07
870.75756245963 10 3.28839e-07
878.807562421328 10 3.73814e-08
884.457562365342 10 3.93773e-07
890.107562871037 10 1.64502e-08
899.607562635413 10 1.10967e-07
906.057562644073 10 1.07414e-07
918.757562831065 10 5.39921e-08
926.804337128817 6 2.82596e-08
929.207562392172 10 5.66782e-07
936.354154537158 11 8.7421e-08
936.454424376192 6 1.20955e-07
938.702886572864 8 3.40995e-08
938.709235180267 5 9.65341e-08
938.754016988823 2 3.96538e-08
938.784399035152 9 3.6869e-08
942.255516391265 6 8.94798e-08
944.998036452581 7 3.66541e-08
945.354016675097 2 1.81011e-07
946.109234909959 5 1.36165e-07
948.083942247397 3 1.59337e-07
949.654336835214 6 6.09562e-08
950.648036555573 7 3.28768e-08
951.004016944663 2 2.30004e-08
951.759235304983 5 1.13575e-08
952.754154693547 11 2.93956e-08
964.507562892047 10 5.5551e-08
974.307562508568 10 1.53601e-07
983.807562836261 10 2.86944e-08
997.457562781569 10 4.27697e-08
1007.907562695214 10 5.95803e-08
1013.557562426505 10 2.15622e-07
1019.207562237647 10 1.38855e-06
1028.708660640057 10 9.77832e-08
1034.357562696282 10 3.68536e-08
1047.857562473423 10 1.71475e-07
1056.707562522172 10 3.16516e-07
1074.207562564384 10 1.51772e-07
1080.657562614136 10 4.89867e-08
1104.707562446904 10 9.04296e-08
1112.604336777629 6 1.73783e-07
1114.254154166191 11 5.5504e-07
1143.904154264919 11 3.64857e-07
1159.784398593115 9 1.8381e-07
1160.502886452975 8 1.65832e-08
1160.755057219452 11 1.10791e-07
1165.434398752259 9 1.02091e-07
1166.404154579139 11 8.44919e-09
1167.902886043925 8 8.01078e-08
1168.609235377749 5 2.03295e-08
1172.054154139708 11 8.61492e-07
1172.684398815631 9 4.08565e-08
1180.104154415615 11 8.18887e-08
1182.484398738139 9 1.24713e-07
1185.754154366093 11 2.56271e-07
1189.454336698308 6 3.10513e-07
1191.05401659394 2 2.96271e-07
1191.209235005865 5 6.72587e-08
1191.848036247617 7 2.52613e-07
1196.854016437465 2 8.53829e-07
1196.854391414641 6 7.92356e-08
1196.859235184547 5 5.42213e-08
1197.648036239723 7 2.90117e-07
1198.433942434336 3 6.98059e-08
1202.654016594118 2 3.03903e-07
1202.654391231892 6 2.05313e-07
1203.448036146055 7 3.25457e-07
1204.259235105393 5 1.3668e-07
1205.552886419311 8 4.08085e-08
1208.454016861155 2 5.90488e-08
1208.4543368285 6 7.20083e-08
1209.098036412822 7 1.11269e-07
1209.533942082489 3 4.59121e-07
1215.333942273322 3 1.93104e-07
1215.854017024832 2 1.38406e-08
1216.198036589528 7 5.70538e-08
1220.983942346983 3 9.96953e-08
1221.654016714067 2 1.55466e-07
1221.848036330319 7 1.94194e-07
1223.854336782831 6 9.89329e-08
1229.654336732747 6 4.87922e-08
1230.654016872352 2 4.67729e-08
1232.009234875125 5 4.77049e-07
1232.298036608041 7 4.79313e-08
1232.784399056472 9 1.72949e-08
1232.95288662214 8 1.03823e-08
1235.304336731384 6 1.38877e-07
1236.30401660698 2 2.08856e-07
1237.948036662907 7 1.69846e-08
1238.383942162139 3 2.44449e-07
1241.954017039803 2 1.21629e-08
1243.598036261616 7 8.75391e-08
1244.183942223809 3 5.16456e-08
1249.983942329478 3 2.79537e-08
1258.698036221318 7 3.55129e-07
1259.354580565955 6 5.13494e-08
1259.454016574105 2 2.91085e-07
1259.483942464308 3 1.04209e-07
1264.348036566333 7 3.4648e-08
1265.154337040766 6 3.38656e-08
1268.483942100818 3 2.58354e-07
1269.754412845133 2 4.84605e-08
1269.998036295714 7 1.07875e-07
1273.704336690317 6 1.71186e-07
1275.554016702779 2 2.6044e-07
1275.798036347575 7 1.67097e-07
1277.659234852628 5 1.60138e-07
1278.452886392817 8 7.32582e-08
1280.883942252509 3 1.03603e-07
1281.204016853736 2 1.24663e-07
1281.598036426534 7 1.55684e-07
1286.683942262287 3 1.30511e-07
1287.398036169553 7 2.01774e-07
1287.50401656634 2 7.85639e-07
1288.154877406076 6 9.7756e-08
1288.909235268606 5 5.20508e-08
1293.154016883608 2 7.21011e-08
1293.198036613627 7 1.92203e-08
1293.702886314313 8 5.37692e-08
1293.804336919776 6 2.25531e-08
1294.434398664848 9 2.06406e-07
1294.454154331835 11 1.12802e-07
1294.55923528323 5 5.38139e-08
1302.63439868463 9 1.52947e-07
1302.702886539144 8 1.88269e-08
1306.654154252304 11 6.43351e-07
1311.634398523369 9 1.40611e-07
1311.702886330582 8 6.07105e-08
1314.054154706879 11 8.48903e-08
1317.434398834577 9 9.0101e-08
1317.502886447353 8 2.23695e-08
1317.959235208708 5 1.01404e-07
1318.00433664455 6 2.25281e-07
1318.954016804961 2 9.02048e-08
1319.798036327381 7 1.4065e-07
1323.759235137822 5 2.70442e-08
1323.80433677569 6 1.07133e-07
1324.754016671276 2 8.57036e-08
1325.598036595973 7 4.74649e-08
1334.683942189712 3 7.69431e-08
1335.398036444685 7 7.78037e-08
1336.154017008811 2 5.24766e-08
1340.333942544872 3 1.83027e-08
1340.804336695894 6 1.6994e-07
1341.048036320154 7 1.2374e-07
1341.559234989045 5 1.54777e-07
1341.804016844108 2 7.91194e-08
1343.234398476219 9 7.7679e-08
1343.254154603653 11 5.64691e-08
1343.302886042301 8 3.1123e-07
1366.654154795809 11 2.96822e-08
1382.054154185882 11 7.71243e-07
1387.704487640371 11 3.19382e-08
1393.354154312293 11 2.07338e-07
1395.604336795562 6 8.99923e-08
1399.004154432837 11 5.18585e-08
1401.404336816569 6 1.82327e-07
1406.004391781016 2 6.76351e-08
1406.848036481658 7 8.87254e-08
1407.054336425936 6 1.21633e-06
1409.304154302999 11 1.49452e-07
1409.902886362943 8 6.00973e-08
1410.634398760219 9 5.5028e-08
1416.434398402986 9 1.31246e-06
1416.502886206671 8 4.03047e-08
1417.354757844261 11 2.44245e-07
1419.754748527704 6 2.61743e-07
1421.15923506575 5 7.70925e-08
1421.254016509862 2 7.60536e-07
1421.298036238784 7 4.21744e-07
1425.533942237655 3 1.86886e-07
1425.554337065725 6 7.69306e-08
1431.333941996383 3 1.26633e-06
1433.454017009632 2 7.54186e-08
1433.49803650795 7 3.94639e-08
1435.204336726159 6 1.67681e-07
1442.354154598008 11 6.42901e-08
1444.054336656333 6 1.4373e-07
1446.15923504124 5 8.01866e-08
1446.302886287756 8 6.40333e-08
1446.454017176714 2 1.89787e-08
1447.034398555239 9 3.69641e-07
1448.004154440385 11 1.18486e-07
1453.634398753043 9 1.13607e-07
1456.204460947333 11 1.79395e-07
1461.854154410244 11 1.37446e-07
1463.154336684553 6 1.59163e-07
1463.959234883215 5 2.60943e-07
1464.748036262017 7 2.84001e-07
1464.75401654437 2 5.84969e-07
1469.759235291005 5 3.45257e-08
1470.548036110861 7 8.1518e-07
1470.554016540538 2 6.22774e-07
1471.354336814066 6 9.504e-08
1487.307562824916 10 3.86586e-08
1493.107562856216 10 3.21306e-08
1499.557562623693 10 6.7683e-08
1503.554336832876 6 1.39396e-07
1504.954154644201 11 5.36946e-08
1509.204337012086 6 3.46435e-08
1512.354154665819 11 2.42084e-08
1513.954017109701 2 2.55444e-08
1514.854336529497 6 8.07445e-07
1517.798036584207 7 4.29318e-08
1519.604016495805 2 6.79992e-07
1520.504337003583 6 6.56031e-08
1521.009234931502 5 6.25407e-08
1522.502886479114 8 1.37651e-08
1523.448036288809 7 3.68909e-07
1525.254016917202 2 8.0387e-08
1525.68394197056 3 1.16422e-06
1528.25433687185 6 4.67502e-08
1529.098036695059 7 2.0369e-08
1534.683942148699 3 4.43361e-07
1535.548036362375 7 1.0169e-07
1536.354016824212 2 5.67557e-08
1540.33394227214 3 3.93872e-08
1541.198036173999 7 5.28597e-07
1541.904336621358 6 4.2161e-07
1542.004016777892 2 4.65142e-08
1546.659234998476 5 2.46807e-07
1546.848036377284 7 8.46556e-08
1547.804017017349 2 3.90626e-08
1550.754336634808 6 3.33718e-07
1553.604017068508 2 2.1752e-08
1555.433942052974 3 7.38709e-07
1557.148036327096 7 1.31543e-07
1558.804337123848 6 1.7003e-08
1559.404017020774 2 3.27609e-08
1561.083942268203 3 1.03899e-07
1564.4543366833 6 1.72585e-07
1565.998036537238 7 6.63957e-08
1566.883942426533 3 9.22165e-08
1567.604016934881 2 6.69245e-08
1570.104337061675 6 2.38463e-08
1571.64803633227 7 1.62852e-07
1572.309234811001 5 7.75024e-07
1573.102886359675 8 1.13252e-08
1573.254016905175 2 7.39537e-08
1576.254336776784 6 1.51236e-07
1577.298036371125 7 2.45021e-08
1579.404016912062 2 6.48503e-08
1580.083942023043 3 7.95131e-07
1581.904336634399 6 2.53465e-07
1582.948036200393 7 6.4137e-07
1584.209235064827 5 2.83709e-08
1585.05401658868 2 1.99172e-07
1586.683942304642 3 9.96821e-08
1589.548036302952 7 7.79448e-08
1592.333942357243 3 5.74703e-08
1597.004868750682 6 1.74321e-07
1598.548036531453 7 7.3667e-08
1598.704016933263 2 3.84562e-08
1602.654336659831 6 2.42775e-07
1603.459235178526 5 1.58424e-07
1604.084398595733 9 5.50989e-08
1604.104154366301 11 3.57767e-08
1604.202886310587 8 5.35584e-09
1607.398036655204 7 1.48378e-08
1608.304442589953 6 3.04639e-08
1609.683942126148 3 7.34809e-08
1615.483942151158 3 1.67946e-07
1616.398036354466 7 1.06528e-07
1617.004016686497 2 6.57743e-08
1617.759235018229 5 9.84132e-08
1620.354336962144 6 5.02099e-08
1622.048036524076 7 4.23791e-08
1622.804016616515 2 8.10851e-08
1623.559235050781 5 7.92745e-08
1626.154336760185 6 1.21472e-07
1628.454016725933 2 5.42513e-08
1628.498036453533 7 1.12877e-07
1629.359234826026 5 9.99131e-07
1630.002885984054 8 1.36302e-07
1630.684398720067 9 6.75031e-08
1634.254016973246 2 1.83425e-08
1634.298036491836 7 3.98731e-08
1635.533942519359 3 6.40199e-09
1636.304336891248 6 1.52701e-08
1636.609235054178 5 1.22773e-07
1640.054016452393 2 1.73247e-06
1640.098036104852 7 9.48121e-07
1641.333942195211 3 1.97622e-07
1645.309235049644 5 1.27526e-07
1645.854016692781 2 9.72951e-08
1645.89803640028 7 1.09249e-07
1646.104336556056 6 1.03897e-06
1648.504154243634 11 6.19382e-07
1649.284398539962 9 1.16669e-07
1650.052886016649 8 3.30107e-07
1654.304154594321 11 4.54628e-08
1654.934398692528 9 3.55379e-08
1654.959234997693 5 1.10237e-07
1655.755067579985 6 1.76561e-07
1655.852886530889 8 2.0279e-08
1657.254016959448 2 3.58077e-08
1658.09803670638 7 1.84383e-08
1659.633942198868 3 2.34048e-07
1665.433942081582 3 7.43028e-07
1666.254016776527 2 6.98064e-08
1666.298036265101 7 1.74075e-07
1667.959234954319 5 1.20856e-07
1672.05401689302 2 4.66986e-08
1672.098036565886 7 3.37809e-08
1674.433942332393 3 6.56703e-08
1676.75433678432 6 1.12223e-07
1677.854017179263 2 4.13244e-09
1677.898036713901 7 3.68497e-08
1683.433942202323 3 1.17172e-07
1684.49803659683 7 1.58506e-08
1688.954016686898 2 8.70571e-08
1688.954346174955 6 3.02823e-07
1689.759235148564 5 7.59725e-08
1690.298036646931 7 1.98438e-08
1691.93439874914 9 4.79354e-08
1692.05288612151 8 1.13357e-07
1694.476946387501 4 1.29346e-07
1695.559235017666 5 3.02984e-07
1697.734398632907 9 1.00897e-07
1697.852886303732 8 3.79598e-08
1701.209235204607 5 4.74624e-08
1702.676946434239 4 1.24666e-07
1703.652886045388 8 2.50002e-07
1704.334398510008 9 3.32144e-07
1706.348036483682 7 6.94745e-08
1706.754016886718 2 6.16427e-08
1706.7543372574 6 8.26391e-09
1707.009235043544 5 3.57726e-08
1711.033942492551 3 6.30845e-08
1711.998036119441 7 8.8382e-07
1712.554016495772 2 8.40883e-07
1712.554336960957 6 3.09548e-08
1713.459235345837 5 2.55488e-08
1716.683941999968 3 9.23479e-07
1722.33394258825 3 1.47974e-08
1723.954687830764 6 2.04048e-07
1725.554017052834 2 5.21078e-08
1727.054154264371 11 2.83752e-07
1727.7343988896 9 1.94891e-08
1732.854154230689 11 2.68962e-07
1735.204336960475 6 2.66308e-08
1736.709235205785 5 4.09549e-08
1736.734398956497 9 6.51418e-08
1738.404016807503 2 5.85997e-08
1739.098036262328 7 3.58938e-07
1741.583942311665 3 1.20808e-07
1744.055453568162 6 4.09055e-08
1744.204016555002 2 4.46349e-07
1744.898036357093 7 5.42186e-08
1745.709235234219 5 1.98549e-07
1749.452886285168 8 3.14684e-08
1751.509234668007 5 2.63843e-05
1752.254016758604 2 1.1522e-07
1753.098036398445 7 6.34781e-08
1756.033942148273 3 1.09493e-07
1757.90401659314 2 3.26288e-07
1758.354336844416 6 8.4176e-08
1758.7480360623 7 2.59923e-06
1759.259235206077 5 6.66623e-08
1763.704017100445 2 2.69576e-08
1764.004336700749 6 1.27866e-07
1765.554154133778 11 1.16312e-06
1766.384398839144 9 1.6053e-08
1769.804336491833 6 2.25084e-07
1770.304016839203 2 9.75542e-08
1770.648036509689 7 7.26122e-08
1773.883942032875 3 1.00085e-06
1776.104016625438 2 9.07613e-08
1776.254895645602 6 2.21402e-07
1776.298036315213 7 2.50943e-07
1782.583942206952 3 2.01656e-07
1784.304016709347 2 1.61371e-07
1784.498036212687 7 4.47566e-07
1788.383942247253 3 1.53123e-07
1794.183942001603 3 8.09921e-07
1794.948036431657 7 1.08491e-07
1799.704016691747 2 2.88985e-07
1799.833942507336 3 1.96908e-08
1800.598036157532 7 4.91581e-07
1801.859235108128 5 1.01415e-07
1802.05433654812 6 7.11886e-07
1805.633942106001 3 2.59911e-07
1807.998036436046 7 8.39747e-08
1808.704017039915 2 5.08891e-08
1818.104336679476 6 2.1029e-07
1820.104016595355 2 2.49792e-07
1820.198036293136 7 3.49333e-08
1820.459235233995 5 4.07023e-08
1825.383942195099 3 5.99293e-08
1827.598036571862 7 3.33638e-08
1828.154017048374 2 3.1133e-08
1828.554336680161 6 1.69214e-07
1830.909234976701 5 1.63536e-07
1833.398036410256 7 1.71491e-07
1833.954016968068 2 2.6867e-08
1835.683942099206 3 2.68107e-07
1839.154336834614 6 5.9531e-08
1839.604016898221 2 3.33674e-08
1840.798036685356 7 1.97086e-08
1846.283942236307 3 1.13487e-07
1855.283942479595 3 5.45513e-08
1856.604016748667 2 1.35242e-07
1856.95433678684 6 1.41096e-07
1856.998036222524 7 2.30167e-07
1858.659235311534 5 5.35455e-08
1861.08394203923 3 5.52375e-07
1862.754016867843 2 2.83543e-08
1862.798036414565 7 5.68662e-08
1863.404336630533 6 2.40065e-07
1865.109235193551 5 6.65749e-08
1866.554154427823 11 5.71171e-08
1866.584398937304 9 5.73133e-08
1869.204336651109 6 1.70361e-07
1870.652886449031 8 2.48786e-08
1870.909235067797 5 5.491e-08
1871.754016780731 2 9.73544e-08
1871.798036438064 7 3.54472e-08
1874.783942461978 3 7.48515e-08
1875.655232841508 6 3.52513e-07
1877.554017288497 2 1.51062e-08
1881.45433681099 6 9.86823e-08
1881.954154685697 11 1.93185e-08
1885.184398751417 9 7.47063e-08
1885.25288658315 8 1.08195e-08
1887.754154160356 11 1.07374e-06
1893.554460845976 11 2.02221e-07
1894.809235395509 5 3.0395e-08
1894.984399049207 9 3.82653e-08
1895.104336858463 6 7.85545e-08
1898.957562449628 10 2.74491e-07
1914.207562589844 10 1.12842e-07
1920.007562438783 10 1.85021e-07
1925.657562549616 10 1.77999e-07
1931.054154618294 11 3.62265e-08
1931.154460319965 6 2.1689e-07
1933.454017222819 2 2.15821e-08
1934.23439873475 9 6.08389e-08
1936.854154129181 11 2.46545e-06
1942.504154153995 11 6.48026e-07
1948.154154405004 11 5.7006e-08
1959.104154474991 11 1.17705e-07
1964.75421488194 11 4.8142e-08
1969.452886351141 8 3.52799e-08
1969.484398531226 9 1.05033e-07
1972.609235249424 5 4.74722e-08
1972.804452200782 11 9.49158e-08
1975.284398739338 9 2.11155e-08
1979.90415467575 11 4.94209e-08
1983.854336756779 6 1.0734e-07
1991.907562693294 10 8.6364e-08
1996.754154760655 11 3.22763e-08
1996.854336876256 6 1.00858e-07
2007.304336960184 6 3.43535e-08
2016.657562914645 10 2.11297e-08
2018.404460382092 6 9.91705e-08
2020.004397947314 11 1.35574e-07
2024.054336967228 6 2.98862e-08
2025.502886296105 8 1.00682e-07
2025.584398488623 9 2.76262e-07
2025.654154464091 11 1.20363e-07
2031.384398836052 9 2.06878e-08
2031.454154419461 11 1.52585e-07
2031.95433671325 6 3.12373e-07
2034.098036558556 7 3.94353e-08
2034.304016925982 2 1.6395e-08
2036.659235288893 5 8.06712e-08
2037.604336633105 6 3.71222e-07
2039.898036106755 7 5.21837e-07
2039.954016475601 2 6.92477e-07
2043.254336826824 6 3.92957e-08
2044.454154556216 11 3.98584e-08
2049.834398546357 9 2.51924e-07
2050.159235080243 5 1.09474e-07
2050.202886137253 8 1.50856e-07
2050.254172514563 11 5.30267e-08
2056.054154299342 11 1.96267e-07
2059.48439849223 9 2.31131e-07
2060.00288623682 8 6.95527e-08
2060.759235479679 5 3.16969e-08
2061.854767550988 11 6.41344e-08
2067.50415442039 11 1.219e-07
2067.53439856817 9 1.89916e-07
2068.202886253625 8 6.81155e-08
2073.304154361757 11 2.13832e-07
2073.334398675728 9 9.01921e-08
2073.852886446502 8 2.7273e-08
2074.655103567095 6 2.76858e-07
2075.359235128126 5 7.50307e-08
2076.098036253713 7 2.28131e-07
2076.154016616376 2 2.01509e-07
2079.88394236226 3 6.51074e-08
2081.104336626104 6 2.92275e-07
2081.898036583065 7 3.03452e-08
2081.95401695982 2 3.82157e-08
2085.683942469407 3 9.48509e-08
2087.259234998265 5 9.09937e-08
2087.698036371166 7 1.12538e-07
2087.754016667528 2 2.01921e-07
2088.05433672583 6 1.31318e-07
2089.534398514976 9 2.7726e-07
2089.602885911148 8 1.96674e-06
2091.776946301655 4 3.52013e-07
2095.334398856215 9 2.28887e-08
2095.402886441042 8 5.26119e-08
2097.576946648391 4 4.14866e-08
2098.359235033631 5 1.86702e-07
2101.202886254715 8 7.21236e-08
2104.026946158824 4 8.06004e-07
2105.634398686314 9 1.77895e-07
2107.002886120774 8 2.43758e-07
2108.009235054462 5 3.19805e-08
2110.298036432562 7 7.58854e-08
2110.354016716259 2 1.01669e-07
2110.354346415681 6 5.78739e-08
2113.659235075066 5 1.02638e-07
2116.098036621606 7 1.87934e-08
2116.154016977721 2 2.18023e-08
2118.383942291089 3 2.456e-07
2120.109235096282 5 1.46777e-07
2120.154336610335 6 3.53061e-07
2121.602886330916 8 3.47955e-08
2122.304154320223 11 1.46689e-07
2122.484398786673 9 8.35168e-08
2125.954336732809 6 9.63203e-08
2126.709235287544 5 6.3519e-08
2129.898036253691 7 2.16351e-07
2129.954016630821 2 1.9462e-07
2131.604336559779 6 8.61112e-07
2137.354016724283 2 6.80963e-08
2137.404336638008 6 4.34255e-07
2137.948036160675 7 2.42378e-07
2139.383942077403 3 5.73247e-07
2143.154017048093 2 7.73931e-09
2145.1839421499 3 6.6062e-08
2145.198036374489 7 5.37633e-08
2147.204336419041 6 2.70822e-06
2148.904154633716 11 2.26117e-08
2162.557562595788 10 1.65685e-08
2168.357562617218 10 5.8221e-08
2174.007562470616 10 3.06332e-07
2179.657562898085 10 5.42114e-08
2196.207562692611 10 1.05129e-07
2203.404336649088 6 9.95441e-08
2205.159235067948 5 1.53701e-07
2205.884398596086 9 1.21493e-07
2206.602886062817 8 2.08897e-07
2206.704154610672 11 1.21695e-07
2212.50423191813 11 1.22339e-06
2215.602886157206 8 6.03637e-08
2215.684398456452 9 4.14329e-07
2216.559235213626 5 4.38672e-08
2218.304154558331 11 4.94823e-08
2228.904154781961 11 4.28799e-08
2307.504154370509 11 1.014e-07
2311.884398481046 9 1.12606e-07
2312.602886426727 8 1.74668e-08
2317.304154186871 11 1.06838e-06
2317.684398718376 9 6.81954e-08
2319.202886551919 8 2.58804e-08
2323.484398273411 9 6.36145e-06
2324.60923529974 5 5.75654e-08
2324.70415465216 11 5.40553e-08
2325.002886251241 8 4.22497e-08
2328.52694658835 4 7.45784e-08
2331.684398418285 9 7.85809e-08
2332.25288616478 8 4.62418e-08
2332.809235208448 5 3.96466e-08
2332.904154394303 11 1.17559e-07
2334.654874538517 6 5.64344e-08
2337.484398777389 9 7.08624e-09
2342.052886329403 8 7.89695e-08
2343.284398748907 9 1.32557e-07
2343.504154073474 11 8.80777e-06
2378.904154797154 11 2.48797e-08
2403.9042233218 11 1.27797e-07
2406.234398655758 9 6.9198e-08
2416.754407372814 11 1.46837e-08
2416.834398971082 9 2.06175e-08
2436.084398739591 9 1.43041e-07
2437.452886077265 8 1.1775e-07
2439.109235275769 5 5.24505e-08
2439.204154332147 11 1.41207e-07
2441.254336855788 6 1.27587e-07
2448.657562614223 10 4.83839e-08
2460.05756251156 10 4.11962e-08
2468.654336906221 6 4.64873e-08
2474.604154754805 11 2.07609e-08
2490.454336926425 6 1.20288e-07
2490.504154357225 11 5.43915e-08
2498.234398399363 9 1.21603e-06
2499.102944636602 8 7.49426e-08
2499.50415453884 11 8.06982e-08
2499.809235031872 5 3.49762e-08
2500.754730329673 6 6.13777e-08
2501.398036368133 7 8.09298e-08
2501.454016601409 2 3.25589e-07
2503.483942337651 3 1.87963e-07
2507.198036523704 7 7.30763e-08
2510.554793337992 6 1.67224e-07
2512.833942445921 3 5.78152e-08
2512.998036291927 7 1.01789e-07
2513.654016619414 2 3.8024e-07
2514.409235135831 5 2.19547e-08
2517.654336741969 6 1.29604e-07
2518.648036232205 7 2.32499e-07
2519.304016692895 2 2.24897e-07
2520.083942194876 3 1.69753e-07
2523.304336753811 6 9.70494e-08
2524.854154641209 11 2.40284e-08
2526.554016821735 2 8.19328e-08
2527.34803649627 7 4.82552e-08
2528.93394207772 3 4.36714e-07
2534.554337034189 6 4.64037e-08
2537.933942336503 3 7.83524e-08
2540.348036505356 7 4.69016e-08
2541.154016695769 2 7.94049e-08
2541.954598456803 6 8.0916e-08
2543.58394228713 3 1.45053e-07
2545.998036837798 7 3.10808e-08
2548.104016719773 2 3.82261e-08
2549.233942330594 3 1.60234e-07
2553.748036190523 7 5.52818e-07
2553.754016701244 2 1.15604e-07
2555.259234983544 5 2.83513e-07
2556.902886546582 8 3.20021e-08
2557.704336911255 6 5.5193e-08
2559.383942125832 3 9.92622e-09
2559.548036537351 7 6.44513e-08
2559.554017043902 2 2.69836e-08
2565.033942258372 3 7.54544e-08
2570.148036622994 7 4.14672e-08
2570.83394233793 3 6.60476e-08
2571.454016698963 2 1.27353e-07
2572.954336764426 6 1.49872e-07
2578.605205972221 6 1.19286e-07
2579.948036294826 7 4.39209e-08
2580.154016650665 2 4.87331e-07
2584.983942454634 3 1.11565e-07
2585.748036418343 7 4.26136e-08
2585.85433661035 6 4.01708e-07
2585.954016789591 2 1.2185e-07
2587.309234934892 5 1.03269e-07
2588.834398688825 9 1.32919e-07
2588.952886067192 8 3.0818e-07
2592.554016919091 2 5.56087e-08
2593.109234854233 5 3.81905e-07
2593.148036864145 7 9.69911e-09
2594.602885891359 8 4.72834e-06
2594.63439852054 9 1.41192e-07
2596.804337101135 6 2.18673e-08
2598.909234906971 5 8.81107e-08
2599.598036385522 7 6.3043e-08
2599.954016590789 2 3.05742e-07
2600.40288669653 8 2.01538e-08
2602.45459847721 6 1.982e-08
2603.183942235785 3 5.54881e-08
2605.398036341822 7 1.77432e-07
2605.604016798718 2 6.16423e-08
2606.309235087132 5 5.951e-08
2607.652886295135 8 5.94171e-08
2608.784398946098 9 3.34429e-08
2611.198036312323 7 2.52237e-07
2611.404016544476 2 4.07532e-07
2612.104336715268 6 9.66173e-08
2612.109235100511 5 7.17221e-08
2614.433942482007 3 5.88857e-08
2617.054016823184 2 6.22713e-08
2617.452886392002 8 3.9299e-08
2617.648036692894 7 2.50911e-08
2617.904336745786 6 1.51206e-07
2617.909235136311 5 8.99406e-08
2619.154154404508 11 9.41222e-08
2619.234398547167 9 1.72292e-07
2624.954217268131 11 2.38865e-07
2625.834398564572 9 1.08834e-07
2626.952886480513 8 3.0207e-08
2628.504337029917 6 4.46896e-08
2632.557562624948 10 1.55045e-07
2636.554442543846 6 2.91992e-08
2642.057562612111 10 1.03528e-07
2647.004336750187 6 2.4297e-08
2649.254016966715 2 3.46125e-08
2651.633942008035 3 2.68216e-07
2652.598036448804 7 5.63231e-08
2655.05401671622 2 1.53874e-07
2657.43394239515 3 5.65301e-08
2662.248036524147 7 7.15912e-08
2663.083942449915 3 5.2036e-08
2668.733942272568 3 1.08145e-07
2671.898036384148 7 8.4496e-08
2671.904457853326 2 4.708e-08
2674.383942209789 3 1.00693e-07
2677.698036525184 7 3.86304e-08
2677.704016867349 2 1.12709e-07
2678.10923492325 5 3.09105e-07
2679.002886454353 8 1.873e-08
2680.654336658269 6 4.72611e-07
2682.133942314848 3 7.46171e-08
2687.498036145371 7 3.03243e-07
2687.504016643692 2 1.95157e-07
2687.933942509657 3 9.00173e-08
2690.304336780103 6 1.93952e-08
2693.154154368448 11 5.22685e-08
2694.834398954224 9 2.25307e-08
2695.954336893221 6 7.00328e-08
2698.954154436775 11 1.25224e-07
2699.759685082419 5 8.57838e-08
2699.852886489091 8 3.62665e-08
2700.504016880116 2 5.53641e-08
2701.754337196963 6 7.51053e-08
2702.234398740303 9 9.11597e-08
2704.526946456129 4 1.27514e-07
2707.252886178152 8 2.81573e-08
2707.959234899958 5 4.2903e-07
2708.034398791804 9 4.69016e-08
2710.326946338786 4 1.79996e-07
2713.052886396627 8 7.87623e-08
2713.298036411282 7 4.51139e-08
2713.504016596437 2 6.73562e-07
2713.759235025405 5 6.12075e-08
2713.954336752308 6 7.39578e-08
2716.304154395054 11 7.75663e-08
2717.034398905366 9 5.30074e-08
2722.104154634523 11 6.84092e-08
2774.30415442614 11 8.27342e-08
2820.754154816046 11 4.78999e-08
2845.754154499648 11 1.29698e-07
2846.834398825959 9 1.06409e-07
2851.554154052172 11 1.63686e-05
2853.434398607972 9 3.64336e-08
2854.702886665116 8 2.57772e-08
2858.154154446006 11 1.21821e-07
2862.434398767216 9 5.59652e-08
2866.902886275682 8 5.26283e-08
2867.954154491326 11 1.25206e-07
2868.084398517078 9 1.15669e-07
2873.734398433506 9 4.17093e-07
2873.754154469896 11 8.36572e-08
2874.30288626406 8 6.48806e-08
2878.154336609495 6 1.61747e-07
2879.898036452758 7 6.04839e-08
2880.904017075674 2 4.55915e-08
2881.633942201453 3 2.21194e-07
2885.698036484957 7 1.15861e-07
2887.433942435557 3 8.62197e-08
2887.504016587523 2 1.93917e-07
2889.659234681885 5 5.65881e-06
2889.702886183329 8 8.29864e-08
2890.584398536769 9 2.40733e-07
2894.90401687075 2 8.5635e-08
2895.459235115405 5 2.13973e-08
2895.502886612027 8 2.68994e-08
2895.954336408458 6 7.06662e-06
2896.29803664566 7 5.98249e-08
2898.454154164281 11 6.53639e-07
2900.234398744824 9 5.68396e-08
2905.976946231928 4 1.7076e-07
2911.776946804982 4 3.8694e-08
2917.234398697807 9 1.82694e-07
2918.65415442027 11 1.87955e-07
2919.70288620441 8 6.34189e-08
2921.754715037616 6 5.43534e-08
2926.854154420264 11 1.19102e-07
2927.55433701283 6 2.05359e-08
2927.659235097664 5 8.19352e-08
2928.48439862262 9 1.25945e-07
2928.552886279254 8 6.98836e-08
2939.757562941766 10 2.27348e-08
2942.954337000819 6 5.74232e-09
2951.854154183102 11 7.54234e-07
2953.554336986665 6 1.00609e-07
2957.504154660182 11 2.7059e-08
2959.354336802399 6 9.50688e-08
2961.298036391233 7 6.81609e-08
2962.004016541608 2 3.22782e-07
2965.004336729579 6 2.61045e-07
2967.083942048433 3 4.81834e-07
2967.09803649135 7 4.51234e-08
2967.804017150057 2 1.91719e-08
2972.883942023338 3 6.64635e-07
2976.098036505167 7 1.4241e-08
2978.533942076535 3 4.69692e-07
2980.804016734393 2 1.47916e-07
2981.554336794067 6 6.47648e-08
2981.748036359983 7 4.83248e-08
2991.907562265387 10 2.32588e-06
3000.757563026632 10 1.79827e-08
3009.607562841371 10 2.45101e-08
3018.457562685033 10 3.42057e-08
3025.557562373902 10 4.37899e-07
3031.207562277678 10 6.2073e-07
3036.85756260571 10 6.5024e-08
3048.004336833061 6 2.2236e-07
3051.954154482208 11 9.6509e-08
3060.85433694297 6 6.23129e-08
3060.954748967085 11 8.5618e-08
3062.28439870781 9 2.56441e-08
3063.152886510707 8 3.45259e-08
3067.554154228071 11 7.1594e-07
3125.854154316782 11 8.04508e-08
3127.284398535743 9 2.59585e-07
3128.152886067603 8 1.83186e-07
3129.009235311776 5 3.60677e-08
3131.50415448173 11 1.13621e-07
3136.934398770818 9 2.76268e-08
3140.826946563093 4 9.37916e-08
3142.734398917529 9 5.52324e-08
3149.026946697032 4 1.96305e-08
3150.784398880057 9 2.54322e-08
3156.434398769204 9 8.25122e-08
3157.954154643201 11 2.15077e-08
3162.50433675638 6 1.63129e-07
3162.659234979838 5 1.30542e-07
3163.24803643216 7 1.07171e-07
3163.254016699071 2 7.61445e-08
3163.402886516269 8 3.94317e-08
3165.983942370418 3 5.14434e-08
3170.648036319275 7 6.7996e-08
3171.454016534106 2 5.30303e-07
3174.033942098441 3 5.07942e-07
3176.304336839352 6 9.22254e-08
3176.448036096145 7 1.49668e-06
3176.459235214886 5 1.24967e-07
3177.254016717037 2 1.26774e-07
3179.683942456742 3 5.54655e-08
3183.048036414246 7 8.56069e-08
3183.054016861224 2 1.07616e-07
3183.704544241108 6 1.56322e-07
3186.133942151833 3 3.20887e-07
3188.848036040978 7 1.04736e-05
3188.854016471968 2 2.30135e-06
3190.004336576256 6 4.69975e-07
3190.759235023777 5 6.29245e-08
3191.604154512769 11 4.90782e-08
3192.3343985835 9 2.2232e-07
3192.402886320445 8 1.61429e-08
3198.204154425619 11 7.39332e-08
3202.934398663275 9 1.36129e-07
3203.802886336693 8 4.18829e-08
3203.854154483786 11 4.92411e-08
3204.559234953694 5 1.50879e-07
3205.254336810939 6 8.73369e-08
3205.848036246425 7 2.85875e-07
3205.854016520716 2 6.5537e-07
3211.054336743015 6 1.42907e-07
3211.648036468151 7 7.80633e-09
3211.654162176861 2 7.99109e-08
3211.959234946793 5 2.51685e-07
3213.534398730163 9 5.30698e-08
3213.654154237665 11 3.51989e-07
3214.402886633944 8 1.32401e-08
3223.454154420891 11 9.49353e-08
3228.934398742488 9 9.05703e-08
3230.554154430613 11 6.75968e-08
3237.784398426889 9 5.37205e-07
3237.802886198807 8 1.2727e-07
3239.359235047967 5 2.24185e-08
3239.404154546603 11 6.32975e-08
3241.504337327719 6 1.48802e-08
3243.584398709418 9 1.16425e-07
3246.326946358805 4 1.73805e-07
3249.852886402782 8 1.95707e-08
3250.184398575989 9 1.37571e-07
3250.804154232114 11 1.65502e-07
3254.609235203289 5 1.06887e-07
3255.502886451432 8 1.92188e-08
3255.984398754443 9 7.52087e-08
3256.604154532278 11 8.14984e-08
3261.302886359434 8 6.14002e-08
3261.634398788075 9 8.84909e-08
3262.354757475585 6 3.1174e-08
3262.404154357395 11 1.15904e-07
3267.934398672105 9 1.29402e-07
3269.004154798388 11 1.6557e-08
3274.38439859732 9 2.55684e-07
3274.654154269331 11 3.02633e-07
3283.102886279053 8 2.46942e-08
3283.234398474616 9 1.76806e-07
3283.654154344812 11 2.85107e-07
3288.884398673088 9 7.72023e-08
3288.902886502884 8 2.03689e-08
3289.454154277749 11 2.40484e-07
3294.684398456874 9 5.39214e-07
3294.702886238127 8 9.15176e-08
3295.159235348524 5 2.16532e-08
3295.254154235114 11 1.05517e-07
3298.254336777677 6 3.82973e-08
3299.05401724446 2 1.83092e-08
3300.484398934984 9 5.9992e-08
3301.054154380412 11 9.89601e-08
3305.504336803608 6 7.76972e-08
3306.102886433062 8 2.30232e-08
3306.259235006753 5 2.20439e-07
3307.88439836043 9 1.56558e-06
3309.254154507453 11 1.0439e-07
3311.902886362188 8 3.36893e-08
3313.684398849241 9 6.42432e-08
3315.054154247184 11 2.5807e-07
3320.854154396526 11 1.57188e-07
3321.704336628328 6 2.38853e-07
3322.459235231978 5 6.38704e-08
3323.048036475866 7 5.71595e-08
3323.104016844497 2 1.01332e-08
3325.483942239157 3 1.68896e-07
3328.904016816357 2 2.92495e-08
3329.648036240707 7 9.24787e-08
3331.283942014088 3 7.75081e-07
3334.70401662504 2 1.01733e-07
3335.448036274433 7 1.26743e-07
3335.504336721614 6 1.97464e-07
3339.304154264819 11 2.25295e-07
3340.134398532279 9 2.83179e-07
3340.902886340319 8 5.25972e-08
3346.734398886071 9 5.77321e-09
3352.302886224894 8 3.38992e-08
3352.304154494926 11 3.33212e-08
3352.534398467471 9 5.62351e-07
3358.184398870357 9 7.20088e-08
3360.502886338134 8 1.75939e-08
3360.504154503469 11 6.92489e-08
3363.834398516722 9 4.11065e-07
3367.102886359165 8 3.3112e-08
3368.554154303026 11 3.04926e-07
3374.134398815111 9 3.14602e-08
3374.354154176833 11 4.78759e-07
3375.30288637993 8 2.38452e-08
3380.58439876276 9 2.64083e-08
3380.954154757244 11 6.19193e-08
3388.354154089936 11 6.89952e-07
3388.484398818702 9 7.50557e-08
3390.10433677029 6 6.63835e-08
3391.459235026783 5 1.88434e-07
3392.354016707177 2 1.01749e-07
3393.098036225998 7 1.80869e-07
3394.683942432023 3 2.63341e-08
3398.154016973673 2 5.04958e-08
3398.898036649239 7 1.96104e-08
3400.483942266695 3 1.90008e-07
3408.554336645559 6 2.07857e-07
3410.204016930896 2 4.1009e-08
3410.859235342746 5 4.00158e-08
3411.89803656984 7 1.18392e-08
3413.483942174508 3 1.01558e-07
3416.004016639802 2 1.98204e-07
3417.45923492403 5 3.62965e-07
3417.698036513555 7 4.16607e-08
3422.333942202346 3 8.10419e-08
3423.348036390723 7 2.52705e-07
3424.054016797577 2 1.18809e-07
3426.45923500321 5 1.52141e-07
3427.954336853673 6 1.56791e-07
3428.783942376978 3 7.02504e-08
3428.998036128215 7 2.32588e-07
3429.704097812934 2 1.12723e-07
3432.10923520023 5 4.67402e-08
3433.604337198921 6 2.61016e-08
3434.433942180088 3 1.85848e-07
3434.798036589417 7 2.12013e-08
3438.404017001718 2 3.25565e-08
3441.683942106027 3 2.36658e-07
3443.798036270578 7 1.7064e-07
3444.054016683372 2 8.60436e-08
3447.333942109313 3 2.10806e-07
3450.398036216252 7 1.24066e-07
3450.504016668827 2 2.48339e-07
3451.254337016088 6 2.21403e-08
3452.009234942196 5 5.03766e-08
3453.602886004579 8 3.36439e-07
3454.134398487253 9 2.42708e-07
3456.19803630191 7 2.1609e-07
3456.304016589294 2 5.08263e-07
3457.65923516359 5 7.16217e-08
3460.533942185169 3 1.51406e-07
3461.998036654821 7 4.89783e-08
3466.333942152349 3 1.98651e-07
3469.304016796965 2 1.15855e-07
3469.398036280424 7 1.17316e-07
3472.133942111793 3 9.99036e-08
3475.104016849506 2 8.41415e-08
3475.998036558428 7 2.72947e-08
3476.109234907354 5 3.05053e-07
3479.233942226474 3 1.95824e-07
3485.033942352424 3 7.90612e-08
3485.704016733706 2 1.24216e-07
3485.798036291434 7 3.33135e-07
3490.683942191393 3 2.77529e-07
3498.883942105217 3 1.33689e-07
3504.398036464817 7 3.68811e-08
3504.683942102109 3 2.05514e-07
3504.954016971905 2 2.45785e-08
3508.754336828897 6 6.24347e-08
3512.959235022718 5 8.64423e-08
3513.004016691115 2 2.51338e-07
3514.198036284778 7 2.70896e-07
3515.933942201333 3 1.32318e-07
3517.754336795064 6 5.52206e-08
3518.804016802973 2 7.89086e-08
3519.409235161852 5 7.5434e-08
3519.998036880958 7 2.49012e-08
3520.904154739654 11 3.98985e-08
3523.404336624867 6 1.26552e-07
3528.957562476712 10 4.51916e-08
3535.407562549499 10 1.64259e-07
3550.507562765817 10 5.54143e-08
3556.307562647189 10 7.7121e-08
3562.107562330122 10 6.12946e-07
3567.907562918435 10 3.65426e-08
3569.85535454056 6 2.05062e-07
3574.207562645007 10 1.16465e-07
3582.404154598005 11 4.72935e-08
3584.807562856963 10 5.39596e-08
3590.854337251119 6 1.57773e-08
3611.907562586105 10 8.86397e-08
3617.707562745243 10 6.87869e-08
3626.604154645023 11 5.87474e-08
3636.654337050219 6 3.77833e-08
3640.207562480484 10 3.69345e-07
3645.857562358587 10 3.18251e-07
3656.854337243043 6 1.93427e-08
3665.607562353925 10 2.45225e-07
3677.854336508396 6 5.41314e-07
3679.004016644498 2 2.0866e-07
3679.309235252052 5 7.11506e-08
3679.398036199176 7 1.6283e-07
3680.783942646522 3 2.15388e-08
3684.804016754209 2 7.13989e-08
3685.198036208961 7 3.31985e-07
3686.554336986705 6 5.98636e-08
3686.55923514474 5 7.21262e-08
3690.604017032351 2 7.76805e-08
3690.998036588964 7 6.61077e-08
3691.233941899765 3 1.54066e-05
3696.798036707221 7 2.79109e-08
3697.033942100857 3 3.6846e-07
3701.954336573725 6 6.1208e-07
3702.004016787637 2 1.49062e-07
3702.448036492962 7 9.43563e-08
3707.559234975738 5 4.30268e-08
3707.754337008623 6 7.97417e-08
3707.804016655213 2 2.43508e-08
3708.098036416112 7 1.23898e-07
3715.957562642608 10 8.0555e-08
3721.757562523352 10 8.93913e-08
3724.754337205478 6 1.95931e-08
3727.55756248299 10 2.58154e-07
3733.207562188585 10 3.75494e-06
3743.357562660017 10 1.72347e-07
3749.15756240827 10 2.47745e-07
3759.957562405891 10 3.21697e-07
3765.757562846618 10 4.68631e-08
3776.857562780332 10 7.00539e-08
3784.907562897404 10 3.95046e-08
3791.357562551238 10 4.23103e-08
3802.607562417318 10 6.52171e-08
3810.554336956695 6 3.22671e-08
3813.55756235489 10 4.04918e-07
3819.357562233684 10 9.33219e-07
3825.007562504505 10 2.87811e-08
3830.657562371713 10 3.68112e-07
3837.757562395521 10 1.84955e-07
3845.004336889424 6 5.16788e-08
3847.154154636336 11 5.38057e-08
3850.307562638499 10 3.65596e-08
3859.354154598902 11 8.64163e-08
3860.105104260617 6 1.54466e-07
3860.804016693031 2 1.20235e-07
3860.909234996589 5 8.92177e-08
3861.748036214523 7 3.36552e-07
3866.60401688372 2 5.84908e-08
3867.548036500096 7 1.45632e-07
3867.833942004033 3 1.33365e-06
3873.909235152905 5 4.09307e-08
3873.998036371295 7 4.88261e-08
3874.004016707951 2 5.78128e-08
3879.709234665176 5 2.99855e-06
3879.798036629101 7 3.99532e-08
3879.804016926886 2 6.49111e-08
3879.902886182108 8 1.58832e-07
3880.734398806517 9 6.37502e-08
3882.726946441049 4 5.23394e-08
3885.509235041088 5 6.12705e-08
3885.702886208584 8 1.18443e-07
3887.984398608603 9 1.15609e-07
3891.159235059563 5 6.64617e-08
3891.502886002573 8 3.27083e-07
3893.784398748991 9 4.60697e-08
3897.026946465567 4 9.8988e-08
3897.952886067143 8 1.39378e-07
3899.359234780228 5 1.03869e-06
3899.584398736775 9 6.88831e-08
3900.304336969821 6 5.38511e-08
3900.80401700305 2 1.80759e-08
3903.602886245512 8 4.8396e-08
3905.148036556275 7 6.87863e-08
3905.159235225784 5 8.86999e-08
3906.10433653701 6 7.93068e-07
3907.404016687369 2 1.41824e-07
3910.483942324776 3 1.02979e-07
3910.948036125403 7 2.1682e-06
3911.904336575683 6 4.74847e-07
3912.40923513284 5 5.25707e-08
3913.204016466773 2 1.84726e-06
3916.598036455126 7 6.99207e-08
3917.252886567442 8 4.22525e-08
3918.209235236369 5 1.41589e-08
3919.004016697615 2 1.80009e-07
3920.455489406263 6 3.78631e-08
3921.883942122441 3 6.14023e-07
3922.248036441926 7 2.17339e-08
3925.304016644205 2 2.41293e-07
3926.904336645865 6 3.21734e-07
3926.90923508298 5 7.07029e-08
3927.898036713141 7 1.8669e-08
3929.154154445843 11 8.00891e-08
3929.302886185175 8 1.28967e-07
3930.034398359423 9 1.03925e-06
3934.309235380361 5 2.36346e-08
3935.102886478259 8 3.39194e-08
3935.834398910355 9 3.37863e-08
3941.63439837175 9 1.0164e-06
3942.154154576118 11 6.54529e-08
3942.352886171073 8 8.34714e-08
3943.159235516962 5 4.09161e-08
3947.434399036455 9 2.8918e-08
3947.95415442563 11 9.00002e-08
3949.504336903527 6 2.25307e-08
3952.857562514299 10 1.16407e-07
3958.657562754308 10 5.9437e-08
3968.957562898027 10 2.3334e-08
3984.154154438887 11 1.23018e-07
3986.034398738042 9 9.37671e-08
3997.154154309015 11 5.10448e-08
3998.884398950351 9 3.53546e-08
4002.954154408654 11 9.20223e-08
4006.934398937381 9 1.40711e-08
4010.054154342377 11 1.39898e-07
4013.234398574337 9 1.76791e-07
4014.552886377356 8 1.28669e-08
4015.854154328292 11 1.34446e-07
4019.684398483358 9 2.94681e-07
4020.3528863552 8 7.85152e-08
4024.854154904484 11 1.76257e-08
4030.134398994009 9 2.41703e-08
4030.654154359833 11 1.25809e-07
4036.904354625065 6 2.04174e-07
4038.004016772816 2 1.18645e-07
4038.848036729424 7 2.83766e-08
4040.454154389888 11 5.57555e-08
4045.234398852398 9 2.86098e-08
4049.454154236707 11 4.28778e-07
4051.034398843642 9 1.45305e-07
4051.504336686889 6 1.11824e-07
4051.709235062088 5 1.03508e-07
4052.604016601214 2 3.45844e-07
4052.648036294241 7 6.32693e-08
4054.13394232869 3 1.90848e-07
4057.304544239133 6 1.06078e-07
4058.404016842634 2 4.0917e-08
4058.44803636609 7 1.20219e-07
4059.783942158635 3 1.43626e-07
4065.433942060271 3 5.92909e-07
4066.648036425086 7 2.01539e-07
4067.254016740355 2 8.92936e-08
4068.55433711674 6 1.55555e-08
4070.159235202107 5 2.90221e-08
4072.448036335476 7 1.36899e-07
4073.054016838655 2 4.86829e-08
4075.809235122378 5 7.09712e-08
4077.404336909878 6 7.22878e-08
4078.002886124283 8 8.69278e-08
4078.098036821463 7 2.72868e-08
4078.934398519373 9 6.4871e-07
4081.176946463083 4 4.32025e-08
4083.80288608236 8 1.12427e-07
4084.509234881566 5 4.16957e-07
4084.73439871264 9 1.05e-07
4086.054016656445 2 9.36009e-08
4086.904868365222 6 3.63282e-07
4086.948036454584 7 8.52223e-08
4092.307562672526 10 5.24221e-08
4100.357562534792 10 8.70838e-08
4105.204154206143 11 4.67841e-07
4111.004154467172 11 6.37853e-08
4140.804154382723 11 2.74863e-07
4142.534398624777 9 1.65063e-07
4148.184398702267 9 8.50332e-08
4151.904154247829 11 5.74083e-07
4153.302886404592 8 4.19615e-08
4153.834398888711 9 5.15494e-08
4154.159235153017 5 5.20377e-08
4154.304336631116 6 4.50509e-07
4159.133942332974 3 5.00829e-08
4159.948036363469 7 2.61337e-07
4160.654017056216 2 2.82679e-08
4165.704336597789 6 5.41193e-07
4167.254016689384 2 2.00215e-07
4167.95923493244 5 1.50138e-07
4168.148036366026 7 1.08141e-07
4173.054016560388 2 3.34377e-07
4173.948036225673 7 2.88153e-07
4174.55433689497 6 6.49089e-08
4176.783942663151 3 2.53294e-08
4181.604016614542 2 2.06404e-07
4181.609235129231 5 9.01302e-08
4181.848036262203 7 2.42672e-07
4187.23394241882 3 7.6488e-08
4187.404016601072 2 2.02942e-07
4187.498036088848 7 1.9676e-06
4188.854905062974 6 5.99459e-08
4189.659234868148 5 2.37e-07
4193.204016944686 2 1.38444e-08
4193.298036498896 7 7.56845e-08
4193.533942555144 3 2.53535e-08
4194.504336811878 6 8.6531e-08
4199.098036629739 7 7.42365e-08
4199.333942047919 3 3.63212e-07
4202.204016695084 2 1.46605e-07
4204.15433650009 6 3.21927e-07
4204.898036605584 7 3.49259e-08
4208.804341240629 2 1.94876e-08
4209.554154519606 11 6.11589e-08
4209.804337091565 6 3.10263e-08
4222.654553279534 6 1.18094e-07
4224.154154643838 11 3.19628e-08
4224.702886611614 8 4.65273e-08
4224.909235335413 5 4.56374e-08
4230.705288468964 6 1.03018e-07
4236.207562560226 10 1.05718e-07
4242.007562890285 10 6.18101e-08
4247.65756239401 10 3.53147e-07
4253.307562890119 10 3.43123e-08
4260.354336913283 6 9.29463e-08
4262.807562571191 10 1.09748e-07
4268.4575622236 10 3.58708e-06
4274.757562536047 10 2.35626e-07
4281.207562373064 10 4.84574e-07
4286.85756248769 10 1.78111e-07
4292.657562579364 10 1.42502e-07
4298.457562756226 10 8.06067e-08
4309.057562578691 10 1.15174e-07
4316.307562610972 10 8.09057e-08
4321.957562630066 10 6.30154e-08
4330.00756259226 10 8.03169e-08
4337.907562287983 10 1.21679e-06
4343.557562681015 10 1.09242e-07
4351.604336813599 6 1.71648e-07
4353.154154869451 11 4.47815e-08
4354.548036420594 7 1.70371e-08
4354.604016840765 2 7.4156e-08
4356.033942035149 3 1.31371e-06
4361.148036451118 7 2.86042e-08
4361.204016887561 2 6.58395e-08
4361.754336658873 6 4.70026e-07
4364.159235170292 5 5.2792e-08
4367.004017234273 2 2.68035e-08
4367.404878212806 6 5.65787e-08
4367.984398686287 9 1.10011e-07
4368.102886437033 8 1.72154e-08
4368.104154204512 11 6.78064e-07
4373.904154444992 11 7.36999e-08
4374.45923514787 5 6.04222e-08
4374.552886158529 8 1.4575e-07
4374.584398480715 9 3.84858e-07
4384.384398714645 9 1.53707e-07
4389.004154110297 11 3.66554e-06
4390.034398871761 9 3.29719e-08
4391.304757737441 6 3.98423e-07
4393.604017098975 2 2.3859e-08
4394.498036789744 7 3.23626e-08
4398.833942191905 3 8.36697e-08
4401.004016823613 2 3.84953e-08
4401.098036401916 7 1.45397e-07
4401.904336645933 6 1.71868e-07
4402.659234987385 5 2.22123e-07
4406.804017079332 2 4.80876e-08
4406.898036573555 7 4.32081e-08
4407.683942016466 3 9.06786e-07
4412.504589305278 6 1.28214e-07
4413.404016857264 2 2.28162e-08
4413.498036386318 7 8.10054e-08
4414.133942188008 3 1.2428e-07
4417.259631097816 5 1.18685e-07
4418.752886385433 8 2.87576e-08
4419.204016673327 2 1.34064e-07
4419.29803640054 7 1.69744e-07
4420.554336911573 6 7.89969e-08
4423.859234864884 5 3.23389e-07
4425.00401683984 2 8.76294e-08
4425.098036545382 7 1.98739e-08
4428.604336643824 6 2.96971e-07
4430.804016764443 2 5.51613e-08
4430.898036386393 7 5.10442e-08
4434.183942479554 3 2.97145e-08
4434.254337018476 6 4.42077e-08
4439.804016673775 2 1.97424e-07
4439.898036225796 7 2.31198e-07
4440.054336848059 6 1.23087e-07
4441.433942472665 3 6.99588e-08
4447.233941973613 3 1.52273e-06
4448.804016980807 2 6.10115e-08
4448.898036464421 7 4.12759e-08
4453.03394202677 3 5.84138e-07
4458.604016713529 2 1.87892e-07
4458.69803624693 7 2.40989e-07
4458.833942482496 3 3.34353e-08
4459.454336606998 6 4.95844e-07
4470.854337146939 6 2.92212e-08
4476.654336883278 6 2.48367e-08
4477.204154228233 11 2.28866e-07
4478.884398651399 9 9.3788e-08
4479.752886279091 8 8.28774e-09
4480.55923502214 5 1.76714e-07
4481.204016814328 2 6.41106e-08
4482.098036548247 7 3.01492e-08
4482.454336691701 6 2.01871e-07
4484.483942158178 3 1.97098e-07
4487.804016823051 2 1.27011e-07
4488.104336524613 6 5.97526e-07
4488.698036503725 7 7.27448e-08
4491.88394234721 3 9.9845e-08
4496.004016753079 2 8.46369e-08
4496.098036290275 7 1.45625e-07
4497.559234867718 5 2.23025e-07
4499.152886636012 8 2.09372e-08
4501.804016477139 2 2.96504e-06
4501.898036079787 7 3.18334e-06
4502.404336945428 6 4.03181e-08
4503.283942266379 3 1.34887e-07
4508.498036495303 7 5.35156e-08
4509.083942087592 3 7.54701e-07
4509.704016948347 2 1.26877e-07
4514.29803622246 7 3.79795e-07
4514.883942448214 3 7.69507e-08
4515.354016545056 2 4.2274e-07
4515.904886520969 6 3.51899e-07
4517.459234851816 5 1.00175e-06
4518.252886463324 8 3.89379e-08
4519.948036589796 7 3.17701e-08
4524.054016754851 2 1.12756e-08
4526.459235264943 5 3.44943e-08
4528.948036320079 7 5.41015e-08
4529.854016635622 2 1.17278e-07
4530.48394249817 3 7.12108e-08
4531.30433651789 6 5.06882e-07
4533.709235157255 5 1.02013e-07
4534.598036274211 7 1.61031e-07
4535.65401693061 2 2.81042e-08
4535.902886101731 8 1.93363e-07
4536.684398782532 9 1.12552e-07
4537.604336600801 6 5.089e-07
4546.957563018962 10 2.48437e-08
4556.604154740035 11 8.93083e-08
4568.004154680724 11 8.62869e-08
4568.704336981008 6 3.8096e-08
4572.607562670917 10 6.37524e-08
4576.704154311496 11 5.17828e-08
4584.1041542318 11 3.0031e-07
4589.534398462108 9 2.93086e-07
4589.754154537398 11 4.81103e-08
4590.35288637107 8 5.30276e-08
4596.784398503781 9 2.4147e-07
4596.952886309777 8 7.70821e-08
4597.654154333208 11 8.86895e-08
4605.634398429922 9 8.17268e-07
4606.452886252137 8 5.04207e-08
4610.176946415017 4 1.34486e-07
4612.734398697911 9 1.08949e-07
4612.752886525412 8 3.40828e-08
4614.354857174239 11 5.96929e-08
4618.534398374876 9 7.43758e-07
4618.552886171511 8 4.75564e-08
4619.859234973672 5 1.37366e-07
4620.754766407216 6 9.99911e-08
4621.454016798899 2 8.1694e-08
4621.548036469851 7 5.47052e-08
4624.352886374752 8 4.82722e-08
4625.659235393268 5 1.18525e-08
4626.404336641142 6 1.0136e-07
4627.854154269336 11 1.73576e-07
4632.857562934373 10 3.55333e-08
4640.054154413351 11 5.84399e-08
4656.254154322409 11 1.74308e-07
4657.804336651758 6 4.49839e-07
4660.834398527244 9 2.67388e-07
4661.052886305498 8 7.64158e-08
4661.904154789241 11 1.10897e-08
4665.059234896485 5 1.99271e-07
4665.20433680405 6 1.12125e-07
4665.654016674255 2 6.30952e-08
4666.548036224979 7 1.78227e-07
4669.833942143217 3 3.24963e-07
4672.254016803931 2 3.2576e-08
4672.348036350471 7 8.04249e-08
4672.454589537362 6 2.61918e-08
4675.48394243869 3 2.10102e-08
4682.054017091039 2 7.72595e-09
4683.748036195861 7 4.02134e-07
4684.309235066626 5 2.20425e-07
4687.704016741462 2 1.26404e-07
4689.102886507271 8 2.32109e-08
4689.30433667524 6 2.07896e-07
4690.109235440361 5 3.63483e-08
4691.404154272391 11 3.59825e-07
4693.834398800549 9 7.84772e-08
4694.902886711604 8 9.0163e-09
4695.104336766002 6 2.88848e-08
4702.804154855169 11 1.95412e-08
4707.004336861171 6 1.444e-07
4709.404154495695 11 1.62265e-07
4710.15288616922 8 1.4981e-07
4710.159235142225 5 5.90582e-08
4710.834398467386 9 1.65327e-07
4718.234398661954 9 9.27053e-08
4718.254731588125 11 1.8013e-07
4748.854154796553 11 3.03999e-08
4757.704154254091 11 5.55657e-07
4784.707562901378 10 2.12151e-08
4790.255199091723 6 1.30154e-07
4794.954350286429 2 1.85824e-08
4796.054337160739 6 4.13815e-08
4799.348036405582 7 1.51595e-07
4799.959234918893 5 5.41028e-07
4800.754016773728 2 8.22446e-08
4801.704886163498 6 4.02398e-07
4803.204154508593 11 1.57341e-07
4803.952886097917 8 9.12295e-08
4804.034398488819 9 3.13478e-07
4809.83439866394 9 9.71232e-08
4811.352886367095 8 2.95619e-08
4812.054154149677 11 1.70899e-06
4813.604336740513 6 2.29097e-07
4817.854154803862 11 6.39067e-08
4819.248036613716 7 4.84744e-08
4819.404336804847 6 9.80443e-08
4821.604016837076 2 2.64005e-08
4821.633942186271 3 2.46205e-07
4825.848036176258 7 3.61795e-07
4826.654589483889 6 2.34527e-08
4827.404016650034 2 1.21958e-07
4828.00923482232 5 3.34567e-07
4830.633942529318 3 1.03483e-08
4831.498036373885 7 1.31068e-07
4832.304336406576 6 6.63586e-06
4833.054016879958 2 7.43535e-08
4838.683942318526 3 5.32417e-08
4839.548036153609 7 1.61479e-06
4839.654016636015 2 1.98e-07
4841.009234975579 5 1.68538e-07
4841.154337021758 6 4.26502e-08
4842.452886380148 8 6.73177e-08
4845.304016932703 2 2.06288e-08
4845.998036668238 7 3.06826e-08
4846.809234962799 5 3.10028e-07
4850.652886361593 8 1.2428e-08
4851.798036388754 7 2.04353e-07
4851.904016634137 2 2.03665e-07
4852.459235118382 5 4.47354e-08
4853.054904288217 6 1.6262e-07
4854.433942415554 3 3.93374e-08
4857.598036457407 7 8.00852e-08
4857.704016906752 2 4.54832e-08
4858.8543369476 6 3.63667e-08
4861.033942053333 3 4.07069e-07
4866.833942473323 3 6.43789e-08
4869.954336675649 6 1.27854e-07
4874.598036708536 7 3.29292e-08
4874.704017102225 2 6.05467e-09
4875.604336827938 6 7.62586e-09
4879.383942395552 3 5.17584e-08
4881.998036482773 7 7.62533e-08
4883.554016537512 2 5.43134e-07
4884.209235070804 5 4.8155e-08
4885.104336828424 6 5.93026e-08
4887.433942601024 3 3.05775e-08
4890.698036666024 7 2.14351e-08
4893.154451325229 6 9.88592e-08
4896.254017090355 2 2.25575e-08
4896.259234942327 5 1.78827e-07
4896.93439843315 9 4.62872e-07
4896.952886088939 8 1.78993e-07
4898.554154474311 11 5.06146e-08
4902.734398797475 9 8.11576e-08
4902.752886443367 8 4.85121e-08
4902.859235309201 5 6.90323e-08
4903.604337146517 6 1.72183e-08
4904.354154241652 11 5.56076e-07
4907.504016812653 2 8.0082e-08
4908.348036482225 7 6.65761e-08
4909.309235045058 5 1.25625e-07
4909.40433678149 6 8.68859e-08
4910.154154491185 11 3.42494e-08
4910.934398825911 9 3.2452e-08
4910.952886511238 8 2.34496e-08
4918.334398459187 9 3.8596e-07
4919.152886148187 8 2.84144e-08
4919.954154490403 11 6.78165e-08
4920.709235127403 5 8.75044e-08
4921.604336515017 6 1.11491e-06
4923.74803673862 7 2.17144e-08
4927.254336911091 6 1.70158e-08
4931.009235122134 5 6.51329e-08
4931.054154462925 11 8.00564e-08
4931.834398390884 9 1.75008e-06
4931.852886116843 8 1.91304e-07
4937.63439884892 9 3.80219e-08
4937.654154059354 11 1.66227e-05
4943.454154724293 11 6.39749e-08
4947.284398787988 9 1.5161e-07
4951.826946350679 4 1.0549e-07
4957.626946740501 4 2.60695e-08
4960.934398997457 9 2.8333e-08
4969.134398735611 9 1.76138e-08
4971.654154303526 11 2.35953e-07
4974.452886200961 8 1.37073e-07
4974.934398701693 9 1.24658e-07
4975.209235015272 5 1.90572e-07
4976.504016801058 2 8.52373e-08
4976.604336823883 6 6.12793e-08
4978.198036796149 7 1.35541e-08
4980.252886244621 8 4.60042e-08
4980.734398793907 9 7.83956e-08
4981.226946276348 4 4.16371e-07
4987.026946536489 4 4.85344e-08
4987.352886299367 8 3.74044e-08
4987.90923490959 5 2.16072e-07
4989.504016709738 2 3.81039e-07
4989.598036443784 7 7.62337e-08
4990.404336543879 6 7.34825e-07
4994.483942307741 3 1.00377e-07
4995.30401703942 2 2.01041e-08
4995.398036539634 7 4.25662e-08
5001.083942458781 3 2.86609e-08
5001.804336627806 6 1.18224e-07
5001.998036450774 7 5.20526e-08
5002.554016691909 2 1.26236e-07
5003.309234968392 5 1.59039e-07
5004.202886386317 8 5.78917e-08
5008.298036364054 7 1.10489e-07
5008.354016636274 2 1.65357e-07
5009.109235235564 5 1.95162e-08
5011.383942312763 3 1.81105e-07
5015.698036461065 7 1.14695e-07
5016.554016753374 2 1.1308e-07
5018.10923499641 5 1.37617e-07
5018.654336857808 6 2.76472e-08
5020.134398513936 9 3.00391e-07
5020.252885990426 8 4.58032e-07
5021.84803636449 7 8.5432e-08
5022.354016645874 2 2.52068e-07
5023.909234899541 5 3.0769e-07
5025.676946383917 4 5.81972e-08
5025.902886482888 8 2.3022e-08
5025.93439893339 9 5.37041e-08
5029.709234895612 5 4.38212e-07
5029.748036568736 7 2.14614e-08
5029.754904700649 6 6.6483e-08
5030.55401688814 2 3.80333e-09
5031.702885896535 8 2.54275e-06
5031.734398478509 9 1.11417e-07
5035.548036136458 7 1.35858e-07
5036.18394223811 3 1.06846e-07
5036.354016738609 2 1.44714e-07
5037.954336514264 6 1.51486e-06
5038.559235042277 5 2.8096e-07
5040.70288662458 8 2.61989e-08
5041.198036267191 7 2.70445e-07
5042.004016760215 2 1.00604e-07
5042.483942255591 3 1.27974e-07
5048.28394219206 3 2.33819e-07
5056.483942259042 3 6.87745e-08
5057.39803647651 7 3.78243e-08
5058.204016888221 2 1.33572e-07
5058.654336436857 6 6.41149e-06
5064.054154439742 11 9.71377e-08
5064.304336913859 6 5.73199e-08
5065.53439850272 9 4.94156e-07
5065.702886210922 8 9.58229e-08
5070.504461143937 11 6.30332e-08
5074.53439860137 9 2.8995e-08
5076.304154334217 11 4.09378e-08
5089.004336880736 6 1.01332e-07
5089.954154251827 11 2.56044e-07
5091.259235098219 5 5.1559e-08
5091.534398854532 9 6.16529e-08
5092.152886407364 8 3.46856e-08
5092.804016885383 2 3.17894e-08
5094.804336710179 6 7.16675e-08
5095.754154338216 11 2.23952e-07
5097.952886354861 8 2.84168e-08
5098.359234770347 5 4.95928e-07
5098.454016799557 2 7.6384e-08
5099.048036560997 7 1.68351e-08
5104.159235172664 5 3.01569e-08
5104.698036490229 7 8.37095e-08
5104.904016739063 2 9.99617e-08
5110.133942264073 3 1.5835e-07
5110.348036374063 7 1.21555e-07
5110.704016923472 2 2.70845e-08
5115.998036568295 7 2.40931e-08
5117.383942057706 3 5.08227e-07
5123.004766386804 6 1.15364e-07
5123.098036222131 7 4.0113e-07
5123.183942466169 3 1.09187e-07
5123.704016476574 2 1.20284e-06
5128.983942206057 3 2.07394e-07
5131.298036362486 7 6.71152e-08
5131.904016813112 2 5.11247e-08
5136.559235035607 5 1.31516e-07
5136.948036198718 7 2.91554e-07
5137.554016529828 2 5.53682e-07
5138.333942266171 3 9.23107e-08
5143.983942478879 3 3.6098e-08
5149.45569090068 2 6.27507e-08
5149.498036521562 7 9.58102e-08
5151.009235353697 5 2.8412e-08
5152.683942201403 3 6.01287e-08
5158.483942303259 3 1.7512e-07
5163.298036275434 7 1.55395e-07
5164.054016522195 2 3.03069e-07
5164.133942488886 3 8.60878e-08
5164.654336853554 6 5.38117e-08
5168.948036305504 7 8.44067e-08
5169.459234883824 5 2.15255e-07
5169.854016896749 2 7.88353e-09
5170.952886397343 8 1.35567e-08
5171.904949167421 6 3.1668e-07
5174.748036307314 7 2.63399e-07
5175.654016867543 2 8.36807e-08
5176.683942257779 3 3.03271e-07
5178.354336624333 6 2.56191e-07
5182.204154330374 11 1.48945e-07
5183.734398535057 9 2.21847e-07
5184.752886493017 8 3.32781e-08
5190.334398606384 9 1.90059e-07
5191.202886477151 8 4.4188e-08
5195.20415431744 11 2.48919e-07
5195.984398669356 9 1.47312e-07
5196.852886518783 8 2.10734e-08
5204.026946093047 4 1.14991e-06
5206.434398717388 9 9.94674e-08
5210.454154570921 11 4.59387e-08
5216.104154596089 11 2.86384e-08
5216.884398867807 9 1.57633e-08
5224.93439878976 9 1.01233e-07
5235.38439882995 9 4.90902e-08
5236.726946461789 4 9.50745e-08
5241.03439877514 9 1.61608e-08
5243.354154321481 11 3.22845e-07
5246.309235154002 5 4.84466e-08
5246.404336795714 6 8.84194e-08
5249.154172285771 11 1.02623e-07
5249.23439857388 9 2.25021e-07
5249.552886231523 8 6.53738e-08
5253.709235043715 5 4.95099e-08
5253.804336675137 6 2.33975e-07
5254.948036616746 7 9.51604e-08
5255.054016962572 2 1.17404e-08
5258.983942456261 3 4.71271e-08
5261.204345781248 6 6.6997e-08
5264.554154445851 11 7.27502e-08
5266.409235005185 5 4.49215e-08
5267.004336840627 6 1.09556e-07
5267.104016524512 2 7.18384e-07
5267.148036259251 7 2.77808e-07
5272.209235076546 5 4.50612e-08
5272.904016580083 2 4.75243e-07
5272.948036311136 7 3.35186e-08
5273.604336708904 6 1.29885e-07
5276.604154622309 11 8.48194e-08
5278.70401690641 2 3.37671e-08
5278.748036629891 7 2.48195e-08
5279.009234992142 5 2.15158e-07
5279.254336879983 6 9.61471e-09
5280.634398676442 9 8.67265e-08
5280.652886213569 8 8.92127e-08
5284.504016785582 2 1.21409e-07
5284.659234801521 5 7.67672e-07
5285.555196727487 6 1.94745e-07
5286.148036380762 7 8.67778e-08
5288.333942310782 3 7.51837e-08
5290.30401643337 2 8.66754e-07
5291.259234796583 5 6.1802e-07
5291.948036716185 7 3.18224e-08
5292.052886120104 8 1.16246e-07
5292.154958723699 6 6.78793e-08
5292.834398486034 9 2.18661e-07
5297.059235001346 5 6.86915e-08
5297.704016816342 2 1.18327e-07
5297.748036501367 7 1.97222e-08
5297.954336437558 6 2.59546e-06
5303.504016577946 2 3.09597e-07
5303.548036062667 7 1.68714e-06
5303.754337048564 6 6.07182e-08
5305.233941991516 3 2.51432e-07
5310.1040168383 2 3.07937e-08
5310.148036332016 7 6.68104e-08
5311.033942206286 3 1.27607e-07
5315.154336594562 6 4.58263e-07
5315.90401684418 2 1.02456e-07
5315.948036572595 7 2.90401e-08
5316.309234888458 5 1.13897e-07
5317.052886503851 8 2.32654e-08
5321.704016833612 2 1.04224e-07
5321.748036480583 7 5.156e-08
5321.754336503513 6 1.02711e-06
5324.233942270818 3 5.66519e-08
5327.504016630336 2 2.09236e-07
5327.548036351391 7 1.0579e-07
5327.554336706807 6 7.80654e-08
5328.359234960401 5 4.04008e-09
5330.683942470902 3 2.04768e-08
5333.102886171139 8 1.48771e-07
5333.304017019409 2 1.76177e-08
5333.348036749579 7 3.92545e-09
5333.35433714691 6 2.21933e-08
5333.834398695216 9 4.22622e-08
5334.009234985181 5 1.58524e-07
5339.104016526266 2 7.4431e-07
5339.148036146383 7 3.77636e-07
5340.754336788763 6 7.28414e-08
5341.409234737865 5 2.83417e-06
5342.452886006095 8 6.62073e-07
5342.534398628817 9 1.41887e-07
5344.176946426804 4 8.27486e-08
5347.209235064675 5 7.74868e-08
5348.252886070393 8 8.6554e-08
5348.334398536338 9 9.26535e-08
5349.826946409005 4 7.82532e-08
5353.009235011554 5 1.40757e-07
5354.052886491357 8 2.15686e-08
5356.234398617 9 1.66486e-07
5358.526946500753 4 9.92426e-08
5359.852885963126 8 7.32089e-07
5360.109234853895 5 4.41604e-07
5361.704016726131 2 1.25608e-07
5361.754336636624 6 3.75725e-07
5362.548036289148 7 2.60293e-07
5366.783942129878 3 3.40193e-07
5367.504016830383 2 8.77492e-08
5368.348036450183 7 4.49264e-08
5372.433941997106 3 1.104e-06
5377.954016637226 2 1.65987e-07
5377.99803619099 7 2.55939e-07
5378.083942549133 3 2.1298e-08
5379.554336583477 6 8.34086e-07
5381.109234969116 5 2.16014e-07
5383.754016864723 2 3.43677e-08
5383.798036427571 7 2.1465e-08
5385.183942265331 3 8.0524e-08
5388.404923172509 6 6.95254e-08
5391.954016682159 2 3.10719e-08
5391.998036328051 7 2.77656e-07
5393.159234932353 5 4.29297e-07
5394.802886444226 8 2.01603e-08
5395.654336637976 6 4.76214e-07
5400.954016824778 2 8.04156e-08
5400.998036551897 7 9.54387e-08
5401.209234875844 5 3.78302e-07
5401.252886354533 8 5.95368e-08
5401.304336860357 6 1.22381e-07
5402.734398718795 9 9.52467e-08
5404.326946493316 4 9.80381e-08
5407.009235172485 5 2.67933e-08
5407.052885982351 8 1.13407e-06
5408.534398594661 9 2.21012e-07
5411.554016796516 2 7.41344e-08
5412.398036450849 7 2.27391e-08
5412.554336527425 6 8.33155e-07
5412.809235312619 5 2.34718e-08
5417.854016708988 2 1.36301e-07
5418.198036285312 7 1.61095e-07
5418.354336764324 6 9.72161e-08
5424.154336885564 6 1.23754e-07
5426.554232008499 11 9.22478e-08
5427.134398816278 9 1.05646e-07
5430.452886357644 8 6.35652e-08
5430.459235186178 5 1.04052e-07
5430.604336998728 6 1.61591e-08
5432.204154186069 11 1.35763e-06
5434.534398743851 9 1.03574e-07
5437.854154628807 11 2.92772e-08
5440.252886287022 8 7.53457e-08
5440.334398513082 9 2.5471e-07
5443.50415473172 11 1.65434e-08
5480.504163677729 11 6.58665e-08
5486.304154425322 11 4.65125e-08
5486.934398909874 9 9.09505e-08
5545.705104327501 11 7.85371e-08
5553.75415431919 11 5.03721e-08
5554.504451471177 6 6.21353e-08
5555.134398875317 9 1.42723e-07
5555.998036545041 7 7.26935e-08
5556.10923488919 5 4.73223e-08
5556.804016887233 2 4.06965e-08
5556.952886233579 8 7.74315e-08
5560.304336873124 6 9.87055e-08
5561.798036538903 7 3.67693e-08
5561.909235183345 5 4.71487e-08
5562.604016796005 2 9.08369e-08
5566.783942589131 3 5.90991e-09
5567.598036390625 7 1.88907e-07
5567.70923489172 5 4.05258e-07
5568.352886460414 8 6.35928e-08
5568.404016688524 2 1.22916e-07
5573.304994336977 6 9.80645e-08
5573.359234989568 5 1.61756e-07
5574.152886491834 8 2.96752e-08
5574.804154368488 11 9.87408e-08
5575.684398506909 9 2.54242e-07
5583.884398628691 9 1.37772e-07
5584.604154561983 11 5.42543e-08
5585.552886503205 8 1.92786e-08
5595.934398408292 9 1.00879e-06
5596.002886192914 8 1.01812e-07
5597.604154206984 11 3.41956e-07
5599.959235022134 5 2.73035e-07
5601.734398726678 9 7.08403e-08
5601.802886560648 8 3.07589e-08
5603.254154234075 11 2.02552e-07
5608.334398818475 9 7.01804e-08
5613.202886181979 8 1.51899e-07
5614.134398516059 9 3.54497e-07
5615.05923491193 5 1.69861e-07
5615.798036480492 7 7.91554e-08
5615.904766354775 6 1.79701e-07
5616.604016499837 2 2.21801e-06
5618.183942251205 3 4.18384e-08
5621.359234951074 5 1.88382e-07
5621.598036358193 7 1.13915e-07
5622.404016786335 2 1.62688e-07
5623.004336785682 6 3.79762e-08
5624.602886412792 8 1.18044e-08
5624.604430827712 11 6.12571e-07
5625.234398642264 9 1.2417e-07
5634.404154302987 11 2.38486e-07
5637.604336851473 6 8.51743e-08
5661.004154641652 11 7.30848e-08
5661.004520371834 6 3.84837e-08
5663.398036358289 7 1.26072e-07
5663.404016735338 2 2.38667e-07
5666.804336831422 6 6.12416e-08
5667.454154410463 11 1.53253e-07
5671.604016790896 2 1.68198e-07
5672.2480363489 7 1.16146e-07
5672.604336714096 6 4.36088e-08
5672.759235223871 5 1.77761e-07
5673.633942321251 3 9.29812e-08
5680.233942305915 3 1.01164e-07
5683.348036253983 7 2.09281e-07
5683.804016597771 2 7.55385e-08
5684.804337054211 6 5.80185e-08
5684.809235447107 5 2.98559e-08
5685.883942104129 3 2.46192e-07
5691.533942261068 3 1.6165e-07
5692.004016791948 2 1.02789e-07
5692.048036295114 7 2.12423e-07
5693.004336748665 6 1.81671e-07
5694.459234835995 5 7.66712e-07
5695.052886175583 8 9.11084e-08
5695.834398653036 9 2.9143e-08
5697.804016664898 2 1.69689e-07
5698.498036493921 7 3.21378e-08
5698.804336824094 6 3.13162e-08
5700.109235182856 5 4.53598e-08
5700.504154494662 11 7.7927e-08
5700.702886167542 8 5.86735e-08
5701.634398505764 9 1.12248e-07
5715.434398591386 9 1.1593e-07
5716.60288643608 8 3.89031e-08
5721.354154444019 11 7.80727e-08
5725.234398754331 9 4.86026e-08
5726.902886301347 8 5.00751e-08
5727.004154416764 11 1.52158e-07
5730.884399006689 9 5.62809e-08
5732.454336919888 6 3.34014e-08
5733.454154290902 11 1.01224e-07
5736.402886252128 8 1.10406e-07
5736.534398436345 9 3.83142e-07
5741.354154279493 11 2.24885e-07
5763.60756260868 10 7.58423e-08
5774.857562773301 10 5.43556e-08
5784.504460605054 6 2.82526e-08
5787.057562525267 10 2.77853e-07
5801.357562347485 10 4.86199e-07
5807.007562454769 10 2.94952e-07
5812.657562525242 10 2.06326e-07
5827.607562448718 10 3.92881e-07
5835.807562550441 10 2.25578e-07
5839.754336555058 6 5.19287e-07
5840.404017055274 2 5.70313e-08
5841.109235206856 5 4.65751e-08
5841.404154333715 11 1.30725e-07
5842.184398596682 9 7.30909e-08
5842.20288638223 8 4.71103e-08
5847.984398911644 9 1.7865e-08
5848.002886603575 8 1.00241e-08
5848.004154329279 11 1.18244e-07
5853.784398790307 9 6.81378e-08
5853.802886465271 8 1.83789e-08
5853.80436806485 11 1.38349e-07
5855.004336713042 6 2.23311e-07
5860.654336615498 6 1.05266e-07
5862.004154305061 11 1.86185e-07
5866.305104130988 6 2.39214e-07
5867.804154255157 11 3.39854e-07
5870.784398653178 9 1.37586e-07
5871.60288617142 8 1.18327e-07
5873.604154559009 11 7.38014e-08
5878.984398667143 9 4.45845e-08
5879.802886354304 8 2.1237e-08
5880.204154407714 11 7.48774e-08
5884.634398662754 9 1.36101e-07
5885.404336883301 6 5.33787e-08
5885.602886369869 8 3.89575e-08
5886.004154728744 11 2.19757e-08
5886.109235009202 5 1.96758e-07
5886.698036424972 7 1.0294e-07
5887.004016563542 2 2.53709e-07
5888.73394261649 3 3.46089e-08
5891.204336684405 6 2.03383e-07
5896.498036389102 7 1.09582e-07
5897.004336739514 6 1.0117e-07
5897.604016446959 2 1.03716e-05
5899.109235290257 5 2.09153e-08
5904.933942419004 3 6.27867e-08
5905.498036352569 7 2.73129e-07
5905.804016705167 2 1.21243e-07
5905.854877747107 6 2.75283e-07
5910.583941958959 3 2.36988e-06
5911.298036709551 7 8.24156e-09
5914.004016754613 2 8.58754e-08
5916.109256073859 5 7.80788e-08
5917.098036110227 7 1.92269e-06
5917.754336921408 6 4.36846e-08
5918.633942146453 3 2.63335e-07
5919.654017170458 2 3.20666e-08
5924.283942199733 3 1.31171e-07
5926.448036458673 7 1.33102e-07
5926.754017067518 2 1.1012e-08
5929.933942392388 3 7.79499e-08
5931.254337044221 6 2.22555e-08
5932.098036270394 7 3.08077e-07
5932.404016760062 2 9.12393e-08
5935.583942572379 3 7.18749e-08
5936.905196015721 6 4.20854e-06
5939.204154530144 11 1.20878e-07
5942.704336760963 6 9.39081e-08
5943.209235148107 5 2.86617e-08
5944.034398497264 9 4.3167e-07
5944.052886219824 8 7.60835e-08
5945.004154162281 11 2.1392e-06
5948.354336850633 6 6.94779e-08
5950.654748769643 11 5.53708e-07
5952.234398751736 9 4.75211e-08
5961.904154316539 11 5.52472e-08
5964.284398779694 9 6.09686e-08
5967.554154333584 11 1.19132e-07
5969.052886529941 8 1.72515e-08
5976.184398600825 9 2.31092e-07
5977.854425023231 11 1.28163e-08
5980.30288638565 8 3.13737e-08
5985.834398450108 9 3.34096e-07
5986.704154405207 11 5.70272e-08
5986.7528862336 8 6.99913e-08
5988.209235176879 5 3.50408e-08
5988.254397255732 6 2.55848e-07
5989.754016756726 2 1.96903e-07
5990.548036289614 7 2.71456e-07
5991.333942156803 3 1.19523e-07
5995.654442284799 6 1.6041e-07
5996.348036200531 7 1.90557e-07
5996.354016585855 2 2.98225e-07
5999.533942274598 3 1.05139e-07
6006.133942254136 3 1.36509e-07
6006.948036498548 7 1.3836e-08
6006.954017013565 2 2.46964e-08
6014.183942272989 3 7.96075e-08
6018.104336491703 6 1.14205e-06
6018.348036397039 7 6.93499e-08
6018.354016744064 2 1.02665e-07
6020.483942390192 3 5.19089e-08
6024.14803663074 7 4.60672e-08
6025.754017058867 2 3.68985e-08
6026.133942341807 3 5.27363e-08
6029.948036607807 7 1.03771e-08
6031.783942571132 3 1.69261e-08
6032.554336737049 6 4.54119e-08
6033.954016395538 2 0.00020797
6034.80923504486 5 7.6125e-08
6035.748036676995 7 1.92549e-08
6039.154336676099 6 3.03959e-07
6039.754016991262 2 6.64498e-08
6040.609235131728 5 1.20065e-07
6041.398036382983 7 1.29221e-07
6043.033942267452 3 5.18703e-08
6045.554016565077 2 6.19643e-07
6047.048036233105 7 2.97659e-07
6047.054337092166 6 2.77257e-08
6047.059631508448 5 3.57462e-08
6048.683942001472 3 6.69011e-07
6054.483942429177 3 1.78806e-07
6060.133942255766 3 6.71238e-08
6065.454016712411 2 1.44337e-07
6065.659234939292 5 1.22284e-07
6066.448036330872 7 2.13124e-07
6071.104016739296 2 1.19846e-07
6071.309235161449 5 3.63172e-08
6072.098036674148 7 6.90587e-08
6074.304336819595 6 2.09951e-08
6075.752886033607 8 1.39147e-07
6076.634398689356 9 7.91548e-08
6076.959234668061 5 6.30356e-06
6078.354016734576 2 6.0961e-08
6078.398036445614 7 7.84013e-08
6081.402886388572 8 4.91585e-08
6082.204913892994 6 1.26091e-07
6082.759235137305 5 6.42649e-08
6084.154017099207 2 2.49754e-08
6086.104154222273 11 8.82408e-07
6087.734398505709 9 1.28467e-07
6087.852886305141 8 2.03244e-08
6106.335496779441 9 4.89912e-08
6113.376946269391 4 4.08389e-07
6119.176946564332 4 3.21543e-08
6126.426946293893 4 6.38412e-08
6127.98439876082 9 5.6816e-08
6131.104154284261 11 3.51397e-07
6136.754154354597 11 1.92079e-07
6139.854336636616 6 2.78219e-07
6143.904016832723 2 5.50981e-08
6144.533942557247 3 1.27005e-08
6144.548036393837 7 9.01109e-08
6145.654336519194 6 1.07797e-06
6149.704016993657 2 7.64423e-09
6151.305660024774 6 1.25206e-07
6154.348036714963 7 6.26541e-08
6156.004154159505 11 8.73584e-07
6157.604336653596 6 2.66431e-07
6161.654154226932 11 2.95742e-07
6162.284398627451 9 1.2581e-07
6162.959235135915 5 8.43459e-08
6163.102886435759 8 1.85554e-08
6164.054336485909 6 3.10343e-07
6164.804017042281 2 5.58996e-08
6168.759235457389 5 2.71092e-08
6169.704154511298 11 2.4652e-08
6172.884398808422 9 6.60304e-08
6175.354154405833 11 1.21592e-07
6178.502886453299 8 3.77759e-08
6178.559235033952 5 7.70611e-08
6179.304336556819 6 5.63544e-07
6179.404016713916 2 1.86716e-08
6179.998036326615 7 2.69247e-07
6184.283942044629 3 2.91697e-07
6191.683942148078 3 3.20961e-07
6197.333942380813 3 7.98834e-08
6198.704336691602 6 2.9653e-07
6199.398036467948 7 6.44775e-08
6199.604016797062 2 1.48578e-07
6201.159235294861 5 3.77058e-08
6202.983942140641 3 2.05531e-07
6206.754336647899 6 3.46309e-07
6209.154154291782 11 1.94571e-07
6212.55514038047 6 2.81555e-08
6214.95476735849 11 2.01786e-07
6218.204336669056 6 2.51654e-07
6218.809235291772 5 5.0877e-08
6218.854017205527 2 2.1185e-08
6220.754154279551 11 1.73285e-07
6229.084398853936 9 8.61568e-08
6230.676946620594 4 4.60043e-08
6237.284398686157 9 1.67098e-07
6237.60415437726 11 7.34884e-08
6242.104336619965 6 4.48513e-07
6244.398036266255 7 1.78764e-08
6244.654016666098 2 1.44639e-07
6245.283942710718 3 1.71009e-08
6246.209235008925 5 8.47574e-08
6250.198036340029 7 1.7672e-07
6250.304016777914 2 4.15367e-08
6251.083942491298 3 5.87626e-08
6251.859234998509 5 1.91836e-07
6257.598036298425 7 3.60504e-07
6258.354778888554 2 1.41495e-07
6258.483942238121 3 1.01835e-07
6264.133942305834 3 1.78014e-07
6266.298036486226 7 4.96223e-08
6269.783942250733 3 5.24407e-08
6274.30433674458 6 1.27845e-07
6275.298036501674 7 5.77494e-08
6275.43394229782 3 1.30081e-07
6281.083942048159 3 4.00087e-07
6283.998036482326 7 3.29823e-08
6285.604016487819 2 1.47488e-06
6286.309235088515 5 1.07891e-07
6287.154336695156 6 1.31507e-07
6288.652886583936 8 1.11867e-08
6288.70415443578 11 9.863e-08
6295.204397150679 6 2.95985e-07
6296.698036616149 7 2.37801e-08
6296.704016911855 2 2.16733e-08
6297.559234949416 5 1.70275e-07
6297.652886144683 8 2.07287e-08
6298.284398507823 9 5.10285e-07
6299.154154285677 11 2.46081e-07
6304.084398747775 9 9.23305e-08
6304.954154124082 11 1.08947e-06
6310.754463029173 11 8.2351e-07
6312.284398882533 9 8.14163e-08
6312.704336981091 6 5.49648e-08
6312.959235560587 5 3.1361e-08
6316.807562861107 10 1.41657e-08
6344.857562874318 10 2.53093e-08
6348.904154679354 11 4.96787e-08
6349.704336577444 6 3.45298e-07
6351.298036385321 7 2.53621e-08
6351.304016779908 2 5.94172e-08
6355.504336844244 6 6.43479e-08
6355.559234861184 5 4.27145e-07
6356.102886405625 8 4.70236e-08
6357.098036165796 7 1.37668e-06
6357.104016405613 2 7.34311e-05
6358.833942318278 3 2.39554e-07
6362.898036107474 7 1.85216e-06
6362.904016422972 2 1.04381e-05
6363.759234848358 5 8.01096e-07
6365.304336904522 6 5.58847e-08
6366.88394244057 3 9.66955e-08
6368.698036474347 7 5.40832e-08
6368.704016931639 2 3.47507e-08
6372.533942353092 3 1.80432e-07
6374.154336648574 6 2.88157e-07
6374.49803632834 7 7.40601e-08
6374.50401664476 2 3.70579e-07
6375.65923484405 5 1.80895e-07
6376.302886072849 8 1.86659e-07
6376.334398647295 9 1.39524e-07
6378.526946640826 4 3.91683e-08
6381.104016600162 2 2.30611e-07
6381.309235003822 5 1.73485e-08
6381.898036111443 7 1.5709e-06
6381.904336987197 6 4.58429e-08
6385.883942172005 3 1.74859e-07
6386.904017018491 2 3.97116e-08
6391.683942374642 3 1.39829e-07
6397.298036247706 7 4.08132e-07
6397.483942428852 3 6.45725e-08
6397.50401661772 2 1.87877e-07
6398.104345916645 6 2.08331e-08
6399.109235222451 5 5.14168e-08
6403.098036573567 7 3.83583e-08
6403.304016987238 2 3.87516e-08
6404.909235058102 5 6.19727e-08
6407.104336634958 6 2.5975e-07
6408.954016746548 2 1.89199e-07
6410.348036236779 7 2.32082e-07
6410.709235072036 5 7.96727e-08
6412.754886075787 6 7.62951e-07
6414.754016661671 2 2.47314e-07
6418.983942168826 3 3.04531e-07
6422.248036325496 7 1.43435e-07
6422.95401672657 2 7.74466e-08
6426.254336670649 6 3.10575e-07
6426.909235303497 5 4.31376e-08
6427.833942203486 3 2.81169e-07
6427.89803630052 7 3.29247e-07
6428.754016644527 2 3.25922e-07
6431.702886143027 8 1.85406e-07
6432.534398812221 9 8.51562e-08
6432.559235124503 5 6.08619e-08
6433.326946339744 4 1.16697e-07
6437.502886503854 8 2.80561e-08
6439.126946397164 4 6.92758e-08
6440.734398489938 9 1.80189e-07
6441.559234892829 5 3.16487e-07
6443.302886017971 8 2.36487e-07
6445.726946385936 4 1.43798e-07
6448.134398654306 9 8.63479e-08
6448.159234842119 5 5.40703e-07
6448.952886231285 8 4.25864e-08
6449.754016851918 2 1.16065e-07
6450.15433654689 6 4.66648e-07
6451.148036351904 7 1.45597e-07
6452.683942582948 3 3.13437e-08
6455.954337142884 6 4.14122e-08
6456.204154454866 11 1.71777e-07
6459.534398380415 9 1.36135e-06
6459.552886046976 8 2.41794e-07
6459.559235127875 5 2.98487e-08
6462.004154247047 11 1.30036e-07
6462.90433672755 6 1.42676e-07
6464.354016810274 2 1.52936e-08
6465.359235009912 5 2.00055e-07
6466.134398585455 9 1.28628e-07
6466.152886191553 8 1.10276e-07
6468.348036677464 7 5.15661e-08
6468.704336643144 6 6.08572e-07
6470.054154615655 11 3.26177e-08
6471.009235233153 5 1.38125e-07
6471.934398557598 9 1.11755e-07
6471.952886318487 8 5.91568e-08
6475.704461148453 11 2.82941e-08
6477.734398906044 9 2.10442e-08
6481.354154238467 11 1.22699e-06
6483.534398658244 9 7.64925e-08
6483.702886510551 8 3.36691e-08
6489.226946286541 4 4.16842e-07
6492.534398732485 9 7.2313e-08
6495.902886163593 8 2.04574e-07
6497.404154357576 11 4.32745e-08
6498.854336758061 6 1.37675e-07
6499.709234840117 5 6.23984e-07
6500.40401658216 2 4.52775e-07
6501.198036159636 7 6.2327e-07
6503.033942525457 3 8.00351e-08
6504.654336806554 6 7.20123e-08
6505.509235328686 5 3.86153e-08
6506.204016741156 2 2.24064e-07
6506.998036171693 7 3.92881e-07
6508.602886305571 8 4.78915e-08
6510.184398896847 9 7.12098e-08
6511.159235208165 5 5.90697e-08
6514.402886087397 8 6.42295e-08
6516.626946495963 4 3.53282e-08
6518.384398561443 9 2.19585e-07
6520.009235232065 5 5.90687e-08
6520.052886442854 8 4.25419e-08
6523.204016655707 2 2.70793e-07
6523.904336808557 6 1.2363e-07
6523.998036173766 7 1.79939e-07
6528.654154259208 11 1.39797e-07
6528.834398700875 9 4.92327e-08
6531.452886302606 8 2.37224e-08
6532.209235089864 5 1.34261e-07
6532.90433656426 6 6.28272e-07
6533.80401683687 2 6.5349e-08
6534.598036358925 7 1.08597e-07
6538.683942215997 3 3.24846e-08
6540.398036464609 7 9.97295e-08
6541.204016644428 2 2.66024e-07
6541.904336886058 6 1.03761e-07
6542.8092354154 5 9.31558e-08
6544.333942155661 3 2.96346e-07
6549.098036273475 7 2.46165e-07
6549.904016513761 2 8.95261e-07
6549.954958546991 6 7.25415e-08
6549.983942524107 3 4.59576e-08
6550.709235459125 5 4.86124e-08
6554.748036097396 7 1.93449e-06
6555.704016668129 2 2.21608e-07
6555.75433666278 6 2.728e-07
6557.309234918321 5 1.54871e-07
6558.634398618097 9 7.93119e-08
6558.702885978273 8 9.76934e-08
6563.47694618704 4 2.81074e-07
6566.10288619189 8 1.08499e-07
6566.684398899383 9 1.08892e-07
6569.126946330187 4 2.76568e-07
6571.109234785173 5 8.00884e-07
6571.902886324475 8 1.99042e-08
6572.704016957168 2 6.20943e-08
6572.754337141659 6 4.37565e-08
6573.934398862714 9 4.89917e-08
6577.702885881724 8 2.95258e-06
6578.509235011008 5 9.098e-08
6579.5843987859 9 5.62839e-08
6580.226946367421 4 1.52425e-07
6583.304016696432 2 1.75345e-07
6583.448036413345 7 6.52031e-08
6584.154336561998 6 7.04155e-07
6584.309235261811 5 2.48313e-08
6590.683942231061 3 7.81247e-08
6594.698036419023 7 1.57035e-07
6595.504016830165 2 9.62183e-08
6596.354336742107 6 1.17773e-07
6597.959235324952 5 4.74711e-08
6600.348036559311 7 2.20138e-08
6601.102886231917 8 1.52636e-07
6601.154016961577 2 2.40434e-08
6603.484398470812 9 2.86736e-07
6603.609235171873 5 4.45285e-08
6606.902886243625 8 4.17181e-08
6608.39803643659 7 1.4036e-08
6608.404016708406 2 6.17748e-08
6608.404336956289 6 6.0775e-08
6609.259234947707 5 1.76496e-07
6612.55288629378 8 5.99809e-08
6614.198036662593 7 2.70284e-08
6614.204017000617 2 2.00376e-08
6615.059235400917 5 2.44207e-08
6617.133942293628 3 3.35286e-08
6619.504336975081 6 4.26828e-08
6623.583942359843 3 9.88008e-08
6629.233942233724 3 1.04334e-07
6636.354336705594 6 1.00335e-07
6638.398036380931 7 4.56703e-08
6638.404016856624 2 6.40016e-08
6639.533941998603 3 2.0756e-06
6642.80923521946 5 6.01883e-08
6643.604598206137 6 3.96241e-07
6644.198036488084 7 7.52068e-08
6644.204016894699 2 9.28028e-08
6646.783942419772 3 6.26385e-08
6650.798036714266 7 2.65524e-08
6652.433942232684 3 1.83917e-07
6655.604016490972 2 7.83634e-07
6656.309235159318 5 2.72993e-08
6656.448036321727 7 1.02515e-07
6657.104336433484 6 4.67374e-06
6661.254016760345 2 1.148e-07
6662.898036319613 7 1.44486e-07
6662.904336653282 6 9.00912e-08
6664.359235078729 5 1.86636e-07
6666.904017008173 2 2.39518e-08
6669.498036556259 7 3.31625e-08
6669.50433672218 6 1.36389e-07
6671.609235025186 5 5.78765e-08
6672.302886349251 8 7.82888e-08
6672.554017132387 2 2.55234e-08
6673.104154344491 11 2.17685e-08
6673.13439887281 9 4.53698e-08
6748.504154268336 11 2.00201e-07
6750.634398730482 9 1.16686e-07
6751.359234907503 5 5.56845e-08
6751.4028863442 8 4.58436e-08
6751.95401671529 2 1.91038e-07
6752.098036419554 7 8.34725e-08
6752.104336832673 6 1.10284e-07
6755.083942276759 3 8.95088e-08
6762.483942434146 3 4.02516e-08
6762.698036372709 7 1.00548e-07
6763.204016624613 2 1.32106e-07
6763.504336773992 6 1.02011e-07
6764.359235118583 5 7.48896e-08
6768.283942124134 3 5.35847e-07
6774.904336581885 6 5.63774e-07
6777.298036219388 7 2.20715e-07
6777.354016552503 2 3.19113e-07
6777.359235240326 5 3.6337e-08
6782.154336750089 6 8.24742e-08
6783.098036597116 7 3.10091e-08
6783.154016896162 2 7.92032e-08
6783.159234709733 5 5.00827e-06
6783.602886242259 8 3.92818e-08
6786.126946150783 4 4.76155e-07
6787.634398568671 9 6.34373e-08
6789.40288627152 8 4.22479e-08
6789.759235174428 5 5.02979e-08
6793.434398871044 9 1.07496e-07
6794.176946236472 4 3.01244e-07
6795.202886222842 8 1.89894e-07
6796.359234953772 5 1.65166e-07
6799.976946511978 4 6.80153e-08
6801.802886127895 8 4.16731e-08
6802.159234898796 5 3.45105e-07
6802.434398619467 9 8.5891e-08
6805.776946074089 4 2.06029e-06
6808.234398607574 9 5.99658e-08
6808.402886018418 8 2.32484e-07
6808.759234930627 5 2.07309e-07
6810.498036605313 7 6.25717e-08
6810.55401691746 2 3.56309e-08
6814.034398910056 9 2.61897e-08
6814.20288638666 8 3.45019e-08
6814.409234847889 5 1.40153e-07
6816.298036319867 7 1.00174e-07
6816.354016743072 2 4.92037e-09
6820.209235184418 5 7.49894e-08
6820.454336773757 6 1.06609e-07
6821.63394234887 3 5.42406e-08
6822.098036577502 7 3.62544e-08
6822.154017036179 2 4.91395e-08
6827.283942183363 3 8.97912e-08
6831.854868806384 6 2.41846e-07
6831.898036317647 7 1.19225e-07
6831.954016666992 2 1.53764e-07
6833.433942281532 3 7.39945e-08
6840.833942160622 3 3.25718e-07
6844.098036568977 7 3.65398e-08
6846.633941975181 3 5.21598e-07
6848.154016864124 2 4.54051e-08
6852.433942227423 3 1.12753e-07
6852.798036378977 7 6.0062e-08
6853.804016578207 2 4.05701e-07
6855.809235231091 5 3.24355e-08
6858.44803623573 7 2.26327e-07
6859.033942123331 3 2.8766e-07
6859.454017031144 2 2.54336e-08
6864.833941976225 3 1.01061e-06
6865.548036311172 7 5.20151e-08
6866.054016685203 2 1.40349e-07
6866.304336994953 6 2.20591e-08
6870.483942254587 3 9.99582e-08
6874.24803648987 7 2.65129e-08
6874.254016928621 2 4.45047e-08
6874.354336869318 6 8.53772e-08
6876.133942016133 3 9.91639e-07
6881.783942233336 3 2.05289e-07
6882.448036322183 7 7.7594e-08
6882.454016829637 2 4.81915e-08
6883.85488640035 6 1.15793e-07
6887.433942116053 3 1.29297e-07
6888.248036326974 7 1.93218e-07
6888.904016777206 2 1.08055e-07
6889.504336646037 6 2.32221e-07
6891.85923510552 5 3.15053e-08
6892.634398883999 9 3.53002e-08
6893.354154319666 11 3.17267e-07
6915.154154212948 11 2.9659e-07
6917.484398420006 9 9.82687e-07
6918.252886202368 8 7.15812e-08
6922.554154294357 11 1.85156e-07
6930.657562868571 10 3.93849e-08
6938.754154595232 11 2.19577e-08
6939.004337225363 6 2.54013e-08
6944.559235204116 5 2.22794e-08
6944.804390545393 6 9.08978e-07
6945.10401711919 2 1.44726e-08
6948.448036369393 7 1.32137e-07
6950.833942394533 3 8.77562e-08
6951.704016644447 2 1.83923e-07
6952.054336661379 6 4.74594e-07
6953.559235359358 5 2.71399e-08
6954.248036373905 7 6.65419e-08
6957.504016666627 2 1.01325e-07
6959.15433677839 6 4.01743e-08
6960.048036486359 7 2.35022e-08
6961.609235037586 5 1.01067e-07
6963.154016500323 2 2.29198e-07
6964.80433673132 6 1.41672e-07
6965.698036328125 7 1.11818e-07
6967.25923503264 5 1.94062e-07
6969.604016777188 2 8.93491e-08
6970.302886417174 8 2.20639e-08
6971.348036629481 7 3.05996e-08
6972.909235221587 5 8.83204e-08
6974.883942292676 3 1.83098e-07
6975.254016840025 2 7.17759e-08
6976.998036489483 7 5.22805e-08
6980.683942174396 3 1.08622e-07
6983.904336617385 6 2.869e-07
6984.254016777505 2 6.73183e-08
6984.398036382572 7 1.8998e-07
6985.90923496613 5 1.29994e-07
6987.952886509585 8 4.27364e-08
6989.054154261788 11 4.39506e-07
6989.534398878726 9 3.15544e-08
7018.854154437006 11 1.07085e-07
7022.234398433757 9 6.24117e-08
7023.052886471177 8 2.84245e-08
7026.876946638699 4 2.71062e-08
7032.684398905351 9 1.66117e-08
7034.276946545755 4 6.20797e-08
7036.702886425972 8 2.13762e-08
7038.254154390623 11 9.83979e-08
7038.334398828038 9 1.32946e-07
7042.204336870267 6 7.61337e-08
7044.054154414026 11 1.07001e-07
7046.90923529603 5 5.06666e-08
7047.002886680579 8 8.35949e-09
7047.854336670835 6 1.15905e-07
7050.054016755719 2 3.5304e-08
7050.198036338442 7 7.7144e-08
7053.504598472099 6 7.44193e-08
7054.983942490266 3 6.13596e-08
7055.854016506802 2 9.36312e-07
7055.909234997529 5 1.81427e-07
7055.998036269832 7 1.27261e-07
7058.252886305312 8 2.72834e-08
7059.004154451979 11 8.31554e-08
7059.034398453312 9 5.34218e-07
7064.834398690267 9 1.04831e-07
7078.634398696155 9 2.9433e-08
7080.926946679128 4 8.54108e-08
7090.404154278697 11 2.49178e-07
7092.284398760041 9 5.76995e-08
7092.85288656834 8 1.7807e-08
7093.404336689328 6 1.61482e-07
7096.05401683275 2 6.19805e-08
7096.998036559472 7 2.76318e-08
7099.204336480498 6 4.62897e-07
7101.854017124923 2 2.74709e-08
7104.248036152202 7 1.1062e-07
7105.004336951273 6 5.95124e-08
7105.783942190726 3 2.38966e-07
7107.504016811148 2 6.86868e-08
7112.254336561701 6 2.95187e-07
7113.154016721744 2 1.98783e-07
7113.898036140848 7 9.4526e-07
7115.433942186092 3 1.35315e-07
7121.233942336216 3 9.23315e-08
7121.298036341478 7 1.23934e-07
7122.004016845011 2 4.89794e-08
7122.704589493539 6 3.55613e-08
7129.433942457688 3 7.5356e-08
7131.098036317423 7 2.32563e-07
7131.704336950905 6 2.58399e-08
7131.804016577806 2 4.20393e-07
7133.709235152467 5 7.81069e-08
7135.404154400085 11 3.57617e-08
7143.90756272115 10 6.52273e-08
7148.704337001279 6 1.73974e-08
7156.957562911784 10 1.22502e-08
7165.157562588483 10 7.25941e-08
7178.007562481106 10 3.42714e-07
7186.707562601448 10 8.96101e-08
7194.505091675538 6 8.02145e-08
7195.604154195056 11 4.24252e-07
