0.864580729718 8 3.7706e-06
5.734110305207 10 3.2072e-08
7.339341415142 6 2.58809e-07
10.514581179469 8 8.53375e-08
11.384109983285 10 8.66591e-07
15.262181461212 11 4.40044e-07
16.108522542063 5 3.22665e-06
20.234110421769 10 7.55855e-08
21.06218159849 11 2.26521e-07
21.908522947361 5 5.19634e-08
25.789341404106 6 6.6645e-07
26.034110128497 10 2.16066e-07
31.408522865595 5 1.02901e-07
32.162181626563 11 1.24329e-07
33.726684574519 7 5.35714e-07
37.208522800196 5 1.54327e-07
37.962181700108 11 3.33484e-08
39.534110178872 10 6.96585e-08
40.239341705304 6 2.43733e-08
42.858522765445 5 1.09781e-07
43.612745625488 11 8.10268e-08
44.826685043427 7 7.94491e-08
48.084110126936 10 1.21215e-07
49.664581021825 8 2.8027e-08
49.739341686303 6 3.53789e-08
53.734110137338 10 9.7439e-08
55.46458073814 8 1.27754e-06
59.534110264729 10 1.15674e-07
60.539341757917 6 7.44538e-08
61.264581060058 8 2.21111e-07
65.334110463651 10 9.90071e-09
67.864580979321 8 6.11482e-08
68.739341538891 6 8.50497e-08
77.739341376768 6 2.72986e-07
78.984110340566 10 1.07495e-07
85.939341551845 6 1.32309e-07
86.384110059581 10 9.90062e-08
88.414581236184 8 4.15666e-08
96.462181689894 11 5.54799e-08
96.508522809511 5 1.62844e-07
99.23411026605 10 1.17385e-07
100.539341553332 6 8.32212e-08
111.062181890069 11 7.20515e-08
111.10852311966 5 3.12004e-08
123.288108330307 2 6.13239e-07
128.092506832876 9 1.13817e-07
128.859045580909 4 1.05933e-07
128.93810872541 2 8.7005e-08
133.892506931118 9 1.2783e-07
134.659045479097 4 1.5572e-07
135.538108621399 2 1.05583e-07
139.542507014948 9 4.06533e-08
140.30904557881 4 1.24466e-07
144.238108740088 2 6.72723e-08
145.842506774592 9 1.57548e-07
145.959045447885 4 1.08561e-07
151.609045645294 4 1.14983e-07
151.642506595557 9 4.91502e-07
157.409045662298 4 1.02961e-07
157.442506883986 9 9.58583e-08
158.03810841495 2 2.59017e-07
163.209045776676 4 4.43069e-08
163.24250712934 9 2.92417e-08
163.688108362358 2 7.04887e-07
169.042506573076 9 3.34765e-07
169.809045438474 4 1.87477e-07
173.038108881354 2 6.07901e-08
174.692506715852 9 3.07785e-07
175.459045704809 4 5.97316e-08
178.688108327406 2 5.14509e-07
184.363359746955 3 7.53058e-08
186.73810845513 2 1.17083e-07
190.013359812882 3 2.19844e-08
193.188108626481 2 6.49083e-08
206.713359879155 3 2.26652e-08
212.363359765752 3 8.88329e-08
222.663360009899 3 2.53022e-08
277.913359580208 3 2.50438e-07
283.56336010998 3 2.0849e-08
299.488108523629 2 4.45089e-08
300.263359850508 3 3.20496e-08
305.1381088258 2 3.61686e-08
305.913359804872 3 2.57029e-08
309.889341485328 6 2.64781e-07
310.634110159707 10 2.1571e-07
312.86218169301 11 2.63606e-08
312.908522924706 5 2.36019e-08
317.234110008688 10 3.98859e-07
318.089341367145 6 3.01548e-07
318.764581101861 8 1.00556e-07
322.88411017143 10 2.094e-07
323.739341903851 6 4.21332e-08
324.414580943837 8 2.12566e-07
328.534110352256 10 1.14891e-07
330.064580816227 8 7.81715e-07
335.714581328411 8 1.429e-08
338.034110022714 10 4.14674e-07
338.039341690757 6 4.82997e-08
343.834109937648 10 3.6803e-06
343.839341498811 6 2.26015e-07
349.634109966554 10 1.41685e-06
349.639341496699 6 2.237e-07
355.439341544349 6 9.03838e-08
357.864580889549 8 4.40157e-07
360.234110308725 10 1.32257e-07
361.239341551656 6 2.004e-07
367.563359799508 3 3.33799e-08
368.388108644839 2 7.20502e-08
398.813359942113 3 1.5858e-08
407.689341584891 6 1.13849e-07
408.434110182015 10 2.41982e-07
410.864580949215 8 1.05293e-07
413.339668837937 6 1.93533e-08
414.084110309839 10 7.47915e-08
416.514581115201 8 8.16492e-08
424.439341739141 6 9.69181e-08
426.814581081444 8 1.40864e-07
432.384110427043 10 3.62313e-08
432.464580883734 8 3.46675e-07
433.289341737327 6 6.18528e-08
441.48934169668 6 5.23678e-08
447.289341408097 6 4.0861e-07
447.784110218035 10 1.22368e-07
453.089341550647 6 1.93563e-07
453.434110176692 10 1.03471e-07
457.814580952165 8 1.70928e-07
458.88934158738 6 3.40379e-08
459.084110401227 10 6.42011e-08
463.464581353951 8 8.75312e-08
469.189341257595 6 2.0604e-05
469.234110200159 10 1.70979e-07
473.914580819728 8 1.0528e-06
483.714581039564 8 3.99323e-08
483.789341633234 6 9.82256e-08
484.484110297049 10 4.80648e-08
491.462181754665 11 6.94217e-08
492.308522933841 5 4.20059e-08
497.262181692169 11 1.21312e-07
498.108522699285 5 1.70308e-07
498.17668486094 7 7.23085e-08
503.062182189465 11 2.18019e-08
504.438108378514 2 4.54854e-07
508.342507003088 9 5.64986e-08
510.238108843675 2 1.85099e-08
512.708522800393 5 9.55756e-08
512.8621816091 11 8.06616e-08
518.508522945227 5 2.68926e-08
522.438108651898 2 1.98882e-07
528.238108572875 2 4.40665e-08
531.313009682181 11 1.03883e-07
531.358522787132 5 1.78005e-07
532.676685007943 7 1.56911e-08
538.758523043306 5 1.78999e-08
542.562181692113 11 6.20823e-08
544.684110744566 10 1.16759e-08
546.538108458066 2 1.61767e-07
549.659045517258 4 1.61805e-07
549.742506711502 9 1.61718e-07
552.338108614576 2 5.49085e-08
555.459045909233 4 5.15952e-09
555.542506976981 9 4.86889e-08
558.13810888685 2 4.31368e-08
562.059045376926 4 5.26178e-07
562.14250678821 9 1.55231e-07
566.338108497726 2 2.86848e-08
567.859045267927 4 3.2244e-06
567.942506940777 9 1.48137e-07
572.138108552461 2 1.67297e-07
573.742506915611 9 8.19279e-08
577.788108863531 2 1.11898e-08
578.309045742496 4 3.518e-08
579.392507002813 9 4.91664e-08
583.438108555774 2 3.77378e-08
584.109045747685 4 7.29596e-08
585.04250710354 9 6.32887e-08
589.238108492983 2 2.40265e-07
594.958522976292 5 3.5578e-08
595.262181875026 11 6.11876e-08
598.726684914001 7 9.02719e-08
601.558522724675 5 1.38101e-07
601.862181519239 11 2.15441e-07
608.338108510637 2 1.18451e-07
616.158522890665 5 2.19835e-08
617.26218165094 11 9.28234e-08
620.388108730721 2 5.97141e-08
623.98934169824 6 6.93393e-08
624.084110349727 10 2.69996e-08
630.014581097004 8 4.20661e-08
630.58934152493 6 2.33881e-07
630.684110169534 10 6.75775e-08
636.358522844175 5 1.53338e-08
636.512700527398 11 2.36661e-07
639.684110245533 10 3.12084e-08
641.18970172988 6 4.98924e-08
642.064580970591 8 7.5916e-08
646.989341500276 6 7.76403e-08
647.734110129678 10 1.18225e-07
650.95852280284 5 8.02376e-08
650.962181468996 11 3.72129e-07
656.326684877701 7 1.63358e-07
656.758522939241 5 6.45436e-08
656.762181629376 11 9.28055e-08
659.634110161376 10 3.87338e-07
664.189341483456 6 2.48283e-07
665.28411003629 10 2.95782e-07
669.989342120033 6 3.43424e-09
672.384110114897 10 3.11692e-07
674.562181665881 11 9.72758e-09
675.358522997044 5 6.91088e-08
680.362181541201 11 3.81821e-07
681.158522877837 5 6.61664e-08
686.684110565268 10 1.07492e-08
687.45852283812 5 7.75054e-09
687.462181506774 11 1.71162e-07
693.258523103055 5 2.75844e-08
693.262181797946 11 4.75938e-08
696.226684857928 7 2.01233e-08
699.534110233932 10 1.23887e-07
701.462181608275 11 7.46237e-08
702.108522680572 5 4.54407e-07
704.276684855154 7 1.13823e-08
707.113063639084 11 1.12762e-07
707.75852283188 5 1.55297e-07
712.912745512148 11 1.18402e-07
713.408523071799 5 4.20778e-08
719.512982566568 11 2.34188e-07
719.558522900299 5 1.01938e-07
721.984110025498 10 4.90363e-07
722.689341598656 6 9.41386e-08
727.413359666757 3 9.66149e-08
733.088108696971 2 7.98283e-08
734.663359768342 3 1.29832e-07
740.463359845977 3 5.50933e-08
740.48810858261 2 4.29791e-08
746.263359462365 3 1.03771e-06
747.738108638924 2 1.31762e-07
751.913359975072 3 1.36862e-08
753.388108719987 2 9.7983e-08
761.289342115852 6 2.16024e-08
764.584110151821 10 2.33782e-07
766.264581242259 8 5.8955e-08
767.089341817658 6 6.37768e-08
768.513045696134 11 6.69423e-08
769.35852306793 5 4.76525e-09
774.312709925115 11 1.99729e-08
777.558522804834 5 1.042e-07
778.326684879123 7 7.97289e-08
783.162181774661 11 4.98023e-08
785.758522737133 5 3.32277e-07
789.434110229306 10 9.8664e-08
791.139659788936 6 8.35708e-08
792.714581085398 8 8.01721e-08
795.08411024135 10 8.34908e-08
797.28934180073 6 6.30917e-08
802.738108920061 2 4.26349e-08
804.884110687052 10 6.50683e-09
809.989341462648 6 2.47732e-07
810.684110429127 10 6.59991e-08
840.363359792424 3 2.82657e-08
866.013359568223 3 2.90229e-07
872.46335987021 3 3.58721e-08
880.363359648076 3 1.63937e-07
930.813360037779 3 2.15731e-08
938.08411016122 10 2.38281e-07
938.839341723992 6 7.24901e-08
943.73411035204 10 5.47359e-08
944.489341495965 6 1.09624e-07
948.364581139596 8 5.70359e-08
949.384110029502 10 1.6989e-07
950.139341697702 6 6.07624e-08
976.463359733711 3 9.78963e-08
1018.763359813664 3 5.33914e-08
1106.013359685195 3 1.47474e-07
1116.388108614858 2 1.30062e-07
1118.692506771236 9 2.58149e-07
1118.709045867647 4 4.6134e-08
1122.03810884195 2 5.82499e-08
1124.492506859126 9 7.90917e-08
1125.959045722883 4 4.27887e-08
1129.938108351969 2 5.79681e-07
1130.142507131441 9 2.18408e-08
1134.009045648684 4 1.81623e-08
1135.792506869947 9 3.21417e-08
1137.188108525369 2 2.98814e-07
1139.809045725639 4 1.98134e-08
1141.442507015491 9 4.92554e-08
1142.838108328426 2 7.38296e-07
1148.358522888572 5 6.16409e-08
1152.3621818533 11 5.61154e-08
1156.5585229488 5 4.70957e-08
1156.576685117994 7 4.35618e-08
1160.562181830204 11 7.31802e-08
1167.158522864723 5 1.3218e-07
1167.962181536102 11 3.90531e-07
1179.688108550702 2 1.65232e-07
1185.338108917298 2 2.56385e-08
1186.908523287724 5 1.0646e-08
1190.084110216406 10 1.72035e-07
1190.839341545706 6 1.11107e-07
1193.264581355835 8 2.50836e-08
1195.734110200967 10 1.26537e-07
1196.639341544994 6 2.47968e-07
1202.184110175197 10 8.93814e-08
1202.289341338403 6 3.44013e-07
1204.514581232746 8 9.58388e-08
1207.939341394384 6 1.19292e-07
1207.984110354569 10 3.83328e-08
1210.964581352346 8 2.89017e-08
1216.139341635079 6 1.33286e-07
1220.764580975997 8 1.7259e-07
1221.484110401498 10 3.6165e-08
1221.939341908836 6 2.31396e-08
1230.139341508752 6 3.84168e-08
1231.284110109508 10 3.44642e-07
1235.789341460818 6 1.39275e-07
1237.084110567901 10 1.58597e-08
1237.314580843101 8 5.26008e-07
1243.114580834759 8 2.58854e-07
1244.639341778195 6 1.49726e-08
1248.764581294493 8 7.2538e-08
1258.13969568902 6 1.00974e-07
1259.684110305997 10 7.92926e-08
1259.714580994436 8 1.43778e-07
1263.789341494693 6 2.10444e-07
1269.514581023622 8 1.65405e-07
1269.589341782773 6 4.88315e-08
1274.134110082339 10 1.64412e-07
1275.38934176238 6 7.64955e-08
1275.96458089859 8 1.43114e-07
1279.784110349281 10 3.38481e-08
1281.18934169177 6 6.04961e-08
1281.614581234921 8 9.47161e-08
1286.989341530934 6 1.28326e-07
1287.83411010126 10 3.39652e-07
1289.364580868751 8 5.43364e-07
1292.639341619102 6 4.16699e-08
1293.48411026205 10 2.32996e-08
1298.112727417268 11 3.77836e-07
1298.158522646789 5 1.20664e-07
1311.958522676616 5 2.43676e-07
1312.71311775333 11 8.31071e-08
1318.334110248174 10 8.82265e-08
1319.089341403863 6 4.2585e-07
1323.984110038994 10 4.69557e-07
1324.889341307694 6 2.55705e-06
1335.189341791496 6 1.2336e-08
1336.014580864197 8 3.92709e-07
1340.834110021144 10 4.5104e-07
1340.989341433323 6 2.81473e-07
1343.96218155027 11 1.85546e-07
1344.008522765585 5 2.35218e-07
1348.438108467922 2 1.41036e-07
1349.992506685645 9 5.91347e-07
1350.759045488966 4 1.63188e-07
1354.088108375875 2 9.15633e-08
1356.409045442488 4 2.18371e-07
1356.4425069119 9 1.01917e-07
1359.7381088897 2 4.25798e-08
1363.842506682646 9 4.33414e-07
1364.609045826097 4 4.28527e-08
1365.388108534037 2 4.86044e-08
1369.642507144181 9 3.47137e-08
1371.188108591056 2 8.37172e-08
1372.009045601939 4 8.94196e-08
1375.442506958529 9 2.90287e-08
1377.809045556145 4 5.6101e-08
1380.188108431279 2 2.08055e-07
1387.588108532254 2 8.77787e-08
1388.942506885362 9 1.69229e-07
1389.859045386621 4 2.79802e-07
1393.38810867884 2 4.301e-08
1401.189341740215 6 2.825e-08
1405.234110294798 10 4.59234e-08
1406.839341397907 6 9.40147e-07
1412.188108675618 2 2.57173e-08
1414.608522958748 5 9.0217e-08
1416.1621815865 11 1.45856e-07
1419.384110424034 10 1.47071e-08
1420.189341607134 6 1.01626e-07
1422.61458120589 8 7.21427e-08
1425.034110461058 10 3.66151e-08
1425.839341755847 6 7.45734e-08
1432.264580885467 8 7.1747e-08
1434.689341596105 6 4.00708e-08
1436.284110391245 10 6.22724e-08
1440.213359700557 3 7.76083e-08
1445.139341690963 6 4.07446e-08
1445.93411030471 10 1.03507e-07
1448.258523000272 5 1.46589e-08
1453.90852292328 5 6.16811e-08
1460.238108785003 2 6.47275e-08
1463.434110140619 10 2.05973e-07
1463.439341706337 6 4.24186e-08
1465.764580902278 8 2.60638e-07
1469.234110348097 10 1.83736e-08
1471.489341546182 6 9.80613e-08
1471.564581404707 8 2.03995e-08
1500.113359826508 3 1.03195e-07
1512.984110450187 10 5.05466e-08
1513.939341633925 6 3.34431e-08
1519.434110137618 10 2.0047e-07
1519.589341404148 6 3.13008e-07
1524.264580992411 8 1.87789e-07
1525.084110556808 10 2.56442e-08
1525.239341815314 6 4.93538e-08
1536.164581058903 8 1.37959e-07
1536.339341695532 6 4.7245e-08
1541.784110222644 10 1.42762e-07
1541.814581449715 8 5.95544e-08
1541.989341279309 6 3.16616e-06
1547.584110470486 10 3.667e-08
1547.614581312507 8 4.44435e-08
1550.689341630114 6 1.4063e-07
1556.614581096824 8 9.17753e-08
1558.089341553638 6 1.11757e-07
1558.184110268172 10 1.5285e-08
1563.889341536882 6 1.86929e-07
1564.634110434275 10 6.13296e-08
1569.689341527892 6 1.85777e-07
1570.43411028407 10 5.13664e-08
1570.614581131413 8 9.58116e-08
1576.234109930723 10 1.33734e-06
1576.289341537552 6 6.70252e-08
1580.264581109537 8 8.65453e-08
1582.034110267106 10 2.77061e-08
1582.089341330429 6 9.15634e-07
1585.914581044313 8 1.53076e-07
1588.634110469324 10 4.39524e-08
1589.839341782284 6 2.9889e-08
1597.089341549143 6 1.12668e-07
1597.634110268421 10 6.19517e-08
1602.739341805064 6 1.25403e-08
1603.434110482376 10 2.35546e-08
1608.389341761793 6 1.42157e-08
1612.064580697446 8 7.71086e-06
1617.864581261542 8 5.07279e-08
1617.884110270547 10 5.72159e-08
1617.889341869815 6 9.28967e-09
1623.664581362866 8 1.61339e-08
1623.684109955574 10 1.72792e-06
1623.689341511085 6 1.5006e-07
1629.484110309128 10 6.80356e-08
1629.489341953266 6 2.58319e-08
1630.608523187233 5 2.35716e-08
1633.014580912657 8 1.48618e-07
1636.084110069643 10 3.45956e-07
1636.089341466194 6 6.55346e-08
1639.464581178379 8 6.50266e-08
1644.284110307915 10 4.52321e-08
1645.88934149129 6 2.7263e-07
1649.858522869451 5 8.96191e-08
1650.612682756331 11 9.09202e-08
1655.384110287967 10 1.75362e-07
1656.989341480488 6 1.97615e-08
1660.964581330521 8 2.63621e-08
1666.614580948853 8 1.93651e-07
1666.63934171675 6 6.72766e-08
1667.434110218785 10 8.22752e-08
1673.064580968819 8 5.62889e-08
1675.484110216156 10 9.64189e-08
1675.489341471054 6 3.21837e-07
1681.284110713802 10 3.35387e-08
1681.289341759226 6 5.01312e-08
1687.889341507579 6 1.08462e-07
1688.534110224753 10 4.63868e-08
1693.062181681207 11 1.43228e-07
1695.358522954315 5 6.04661e-08
1698.576684990897 7 2.60364e-08
1698.712682066746 11 2.12028e-06
1701.008523104849 5 2.0258e-08
1704.362181557976 11 1.58258e-07
1705.734110212839 10 4.03419e-08
1706.489341924903 6 3.48859e-08
1709.764580936497 8 2.47393e-07
1711.534110216437 10 6.25279e-08
1712.289341472916 6 8.38886e-08
1715.414580951759 8 7.56402e-08
1723.539341783902 6 5.51737e-08
1726.634110513464 10 1.97207e-08
1737.839686320212 6 5.96269e-08
1737.884110299831 10 5.55264e-08
1740.314581091489 8 1.80039e-07
1743.639341557965 6 5.17504e-08
1743.684110264335 10 1.46436e-07
1745.964581304609 8 5.73243e-08
1749.48411050084 10 2.63018e-08
1749.862181905087 11 3.01484e-08
1752.33934176627 6 7.40199e-08
1754.664580881614 8 2.56432e-07
1757.989341382115 6 7.2631e-07
1758.484110159377 10 1.98513e-07
1760.314581022107 8 1.95879e-07
1763.639341717944 6 7.38394e-08
1764.284110520964 10 2.97784e-08
1769.289341599692 6 3.87037e-09
1769.934110217085 10 1.10807e-07
1774.614581158443 8 1.11667e-08
1774.939341595866 6 5.93578e-08
1775.584110255273 10 1.01647e-07
1783.639341586712 6 1.95398e-07
1784.284110381869 10 2.41057e-08
1785.064580853646 8 4.62476e-07
1789.2893419314 6 2.57615e-08
1794.71458098539 8 6.1928e-08
1799.589341767128 6 1.04386e-08
1800.334110277853 10 6.55522e-08
1800.364581048886 8 8.95171e-08
1805.239342000375 6 1.77394e-08
1807.614581036682 8 1.07852e-07
1815.539341879882 6 2.71988e-08
1819.584110087054 10 3.765e-07
1821.189341356295 6 1.26527e-06
1827.489341643308 6 8.07338e-08
1829.084110352875 10 5.24958e-08
1833.914580859201 8 4.21802e-07
1839.539341438705 6 7.80347e-07
1840.334110405272 10 6.3282e-08
1856.239341455765 6 3.69572e-07
1857.184110190667 10 2.12639e-07
1857.864581169848 8 4.31853e-08
1862.689341526216 6 1.3203e-07
1863.484110247489 10 1.5072e-07
1868.339341658388 6 5.51978e-08
1869.134110240758 10 1.51736e-07
1873.989341872357 6 1.99702e-08
1876.384110281126 10 3.01056e-08
1879.639341720903 6 2.9371e-08
1892.138108707022 2 3.1652e-08
1933.084110421114 10 3.51232e-08
1933.139341891899 6 1.6152e-08
1936.33810869764 2 6.69228e-08
1943.738108434104 2 3.20087e-07
1949.388108595957 2 3.78509e-08
1951.392506829197 9 1.54072e-07
1955.038108642657 2 3.61021e-08
1956.010143526039 4 1.41033e-07
1957.042506960076 9 9.89027e-08
1962.842507146566 9 5.07927e-08
1964.538108804632 2 2.66419e-08
1969.858522665356 5 4.9159e-07
1970.712745294283 11 5.03089e-07
1975.658523191009 5 3.48417e-08
1985.339341552623 6 1.50575e-07
1986.084110518521 10 4.21781e-08
1991.11335958268 3 2.65082e-07
2011.138108944381 2 2.2668e-08
2026.258522900791 5 6.54533e-08
2030.113018871531 11 2.60042e-08
2033.484110355577 10 9.53988e-08
2033.53934145793 6 4.00041e-07
2039.339341303195 6 1.77245e-06
2040.084110149954 10 1.83203e-07
2040.564581342826 8 4.61451e-08
2050.313207789179 11 2.07244e-08
2059.108522914837 5 8.52763e-08
2059.313189742866 11 1.33308e-08
2063.188108296991 2 1.00027e-06
2068.162181655051 11 1.07782e-07
2068.90852310803 5 4.80584e-08
2074.534110287467 10 1.03726e-07
2076.0393413562 6 7.04036e-07
2080.334110275012 10 5.15803e-08
2081.839341496032 6 2.4895e-07
2084.964581052834 8 1.36044e-07
2086.134110408435 10 4.01748e-08
2087.489341616008 6 3.76078e-08
2090.612727261208 11 5.52822e-07
2090.70852279905 5 3.22593e-07
2093.476684913522 7 8.04705e-08
2097.308522972938 5 1.16553e-08
2097.862181671482 11 9.9814e-08
2100.076684840635 7 3.68276e-08
2103.512901766333 11 4.63272e-08
2105.508522677009 5 1.5227e-07
2105.726684910815 7 1.37678e-07
2109.162181951076 11 2.08727e-08
2109.534110162473 10 8.2642e-08
2110.289341619537 6 4.58434e-08
2115.334110372624 10 3.6663e-09
2116.114581110313 8 5.64981e-08
2119.289341441361 6 1.96724e-07
2121.134110278661 10 1.80279e-07
2126.689341695486 6 1.39308e-08
2126.784110316456 10 4.61698e-08
2132.489341767184 6 2.40041e-08
2137.084110230928 10 7.04626e-08
2138.139341445182 6 5.04816e-07
2139.364581130414 8 1.36347e-07
2145.16464393785 8 7.76921e-08
2145.539341583882 6 1.89561e-07
2146.73411018464 10 5.19943e-08
2204.139341617429 6 3.96824e-08
2205.034110292334 10 5.25472e-08
2206.508522893014 5 1.52455e-07
2206.662181607974 11 1.445e-07
2215.358522984335 5 6.12118e-08
2215.362181761242 11 5.95622e-08
2220.838108543131 2 4.95048e-08
2222.242506642773 9 4.72785e-07
2223.109045486127 4 3.42285e-07
2227.43810843629 2 3.26267e-07
2229.992506740617 9 2.29027e-07
2231.309045488989 4 1.6423e-07
2235.792506945335 9 7.53957e-08
2237.109045496227 4 1.78128e-07
2241.592507175624 9 3.26333e-08
2242.038108368424 2 1.11028e-06
2243.709045378449 4 1.21732e-06
2247.24250698173 9 7.79812e-08
2247.688108443132 2 3.72682e-08
2251.609045258697 4 1.38444e-05
2253.04250685717 9 9.69495e-08
2253.988108465782 2 3.15595e-07
2257.259045542751 4 9.15552e-08
2258.842506870324 9 2.00109e-07
2259.638108613332 2 1.22532e-07
2263.559045564167 4 2.23531e-07
2264.492506620769 9 5.08883e-07
2266.238108474815 2 1.7057e-07
2269.209045446244 4 3.15089e-07
2270.292506652624 9 4.22163e-07
2272.038108516634 2 2.13591e-07
2274.859045697196 4 5.17072e-08
2275.942506796389 9 7.43312e-08
2277.8381083991 2 3.14776e-07
2281.742506860527 9 1.95777e-07
2281.809045357298 4 4.42834e-07
2286.038108493297 2 2.34342e-07
2287.542506760341 9 1.5862e-07
2291.8381088128 2 4.2718e-08
2292.609045528401 4 4.44331e-07
2293.342507002951 9 3.44683e-08
2298.438108606595 2 1.20515e-07
2299.142506753175 9 2.02879e-07
2299.209045414766 4 1.32413e-07
2304.238108756854 2 4.45978e-08
2304.942506977178 9 5.5415e-08
2311.558522815952 5 1.77508e-07
2312.362181568335 11 7.38884e-08
2321.708522798755 5 1.13447e-07
2322.01273669664 11 7.91292e-08
2323.276685272328 7 3.21776e-08
2327.50852293098 5 7.14664e-08
2327.662181774872 11 7.24715e-08
2329.076684759656 7 1.0096e-07
2333.308523247213 5 1.72577e-08
2335.334110665374 10 1.32014e-08
2335.712181636431 11 1.15311e-07
2341.358522769709 5 5.25141e-08
2341.513081647219 11 9.89663e-08
2345.23810855283 2 1.16748e-07
2347.542506912212 9 5.737e-08
2351.009045759366 4 6.62893e-08
2351.038108891008 2 3.72478e-08
2353.342506684929 9 1.88227e-07
2356.838108426303 2 3.02811e-07
2358.992506638377 9 7.82093e-07
2359.55904576688 4 1.23955e-08
2364.642506637578 9 4.50255e-07
2365.359045505858 4 2.38369e-07
2368.438108684477 2 3.51813e-08
2370.292506765747 9 1.24547e-07
2371.009045616258 4 1.09261e-07
2375.942507122411 9 2.18735e-08
2376.488108379853 2 2.83194e-07
2380.359045543399 4 3.10069e-07
2381.742506676367 9 2.25731e-07
2384.538108791535 2 3.28019e-08
2386.159045451657 4 2.17063e-07
2387.542506916728 9 9.8311e-08
2390.18810857259 2 1.42718e-07
2391.809045622829 4 4.30326e-08
2393.342506986359 9 1.91285e-08
2395.838108506619 2 1.78486e-07
2397.459045728673 4 4.99612e-08
2399.14250651783 9 2.56404e-06
2402.938108556175 2 2.31952e-07
2406.058522864315 5 8.92079e-08
2406.862181773901 11 5.76786e-08
2411.85852289645 5 1.07436e-08
2412.662181928143 11 4.1815e-08
2419.762181780733 11 1.49568e-08
2420.558522942683 5 4.75631e-08
2421.176684573031 7 2.87459e-07
2425.41296505581 11 2.28799e-08
2428.458523011993 5 6.45957e-08
2435.708522803595 5 9.66827e-08
2436.512254648903 11 2.3309e-07
2471.613359659524 3 1.17761e-07
2471.638108802546 2 3.81714e-08
2477.438108515991 2 2.42513e-07
2480.463359707095 3 9.9307e-08
2483.088108605632 2 9.42618e-08
2486.913359857348 3 4.85677e-08
2497.358522743727 5 2.0682e-07
2498.162181500672 11 1.65165e-07
2500.334110269301 10 1.13599e-07
2501.189341630571 6 2.56771e-08
2502.464581220531 8 8.91511e-08
2507.789341821979 6 3.8574e-08
2513.334110178383 10 1.78367e-07
2513.439341298903 6 1.14893e-06
2515.814580904241 8 3.90719e-07
2519.089695435705 6 2.40787e-07
2519.134110256741 10 2.06866e-08
2526.489341347168 6 1.25872e-06
2526.534110287911 10 3.80591e-08
2533.089341785304 6 3.1128e-08
2540.489341600727 6 1.25664e-07
2542.264581122775 8 2.29844e-08
2542.28411019243 10 8.76378e-08
2547.889341512109 6 1.39414e-07
2548.064581290547 8 3.581e-08
2548.734110386008 10 1.36161e-07
2553.714580958288 8 2.70772e-07
2554.189341687642 6 6.67485e-08
2554.384110280246 10 2.19655e-07
2559.989341944816 6 2.22843e-08
2564.014580903033 8 1.98173e-07
2569.66458081856 8 8.24105e-07
2572.684110280746 10 6.32238e-08
2572.689341377535 6 2.61937e-07
2579.289341418256 6 7.21276e-07
2579.934110124845 10 1.72432e-07
2585.089341540749 6 5.74135e-08
2586.234110155639 10 2.79809e-07
2588.613054777466 11 7.83041e-08
2591.884110193118 10 1.12042e-07
2594.208522800716 5 2.45669e-08
2594.262181476545 11 1.52562e-07
2597.534110475822 10 1.52791e-08
2600.489341446731 6 3.58027e-07
2603.664581054444 8 2.36302e-08
2607.334110207046 10 1.24376e-07
2611.889356550609 6 3.04153e-07
2612.984110204108 10 1.30388e-07
2613.314580971581 8 1.07676e-07
2618.784110505331 10 1.38543e-08
2620.008522874716 5 4.35988e-08
2620.062181680713 11 8.21197e-08
2624.58810886025 2 5.63331e-08
2626.608523244993 5 6.77151e-09
2631.763359364051 3 1.65254e-05
2639.163359773583 3 5.83469e-08
2639.188108658111 2 2.87477e-08
2644.963360018528 3 3.48344e-08
2644.988108833221 2 1.996e-08
2648.584110297026 10 7.31743e-08
2648.739341468395 6 3.47527e-08
2652.564581004107 8 1.41161e-07
2654.384110327835 10 3.01018e-08
2654.389341718676 6 3.95275e-08
2662.5893417504 6 4.54243e-08
2672.389341732815 6 6.83277e-08
2672.614581039258 8 5.36875e-08
2676.834110318539 10 3.77778e-08
2679.789341540239 6 1.52537e-07
2687.189341627785 6 2.82562e-07
2687.864580979185 8 2.05163e-07
2687.934110332522 10 7.21125e-08
2700.134110144871 10 2.34417e-07
2700.839341839852 6 3.30198e-08
2702.362181764536 11 9.60269e-08
2706.276684823774 7 1.15337e-07
2707.658523055444 5 4.88811e-08
2708.013045819242 11 2.5238e-08
2713.134110094536 10 1.42364e-07
2713.839341517762 6 1.35791e-07
2718.788108843589 2 7.38996e-08
2720.712983101585 11 2.93137e-08
2723.692506749253 9 2.09846e-07
2726.059045602719 4 1.81401e-07
2726.18810861942 2 1.05249e-07
2731.7425065794 9 6.2137e-07
2731.859045538447 4 8.18377e-08
2737.54250680923 9 7.32735e-08
2737.659045306683 4 8.21313e-07
2743.038108552103 2 9.03694e-08
2743.309045770122 4 2.96975e-08
2748.642506896213 9 6.14127e-08
2748.688108663642 2 7.03145e-08
2751.859045523313 4 1.07802e-07
2754.442506734736 9 2.31536e-07
2756.738108604873 2 5.35441e-08
2757.509045478868 4 1.91838e-07
2760.242506564991 9 1.14945e-06
2762.388108572594 2 1.368e-07
2763.309045550783 4 5.83531e-08
2766.042507089597 9 9.4614e-08
2768.959045480369 4 1.61427e-07
2771.842507002232 9 5.94897e-08
2771.888108492891 2 1.42691e-07
2777.359045388397 4 5.86945e-07
2777.642506849963 9 1.08011e-07
2777.688108946877 2 1.80274e-08
2783.009045336527 4 6.61519e-07
2783.442506919721 9 1.01451e-07
2789.242506740213 9 2.93483e-07
2789.609045553908 4 9.63206e-08
2790.388108567771 2 9.90866e-08
2795.259045615968 4 3.07407e-08
2795.842506689505 9 3.98523e-07
2796.038108838603 2 6.94584e-08
2800.909045487457 4 2.14723e-07
2801.642506908999 9 6.32648e-08
2806.559045635749 4 6.58076e-08
2806.988108475434 2 1.14082e-08
2809.392506949505 9 5.83277e-08
2813.809045333383 4 4.92013e-07
2815.192506584336 9 1.17018e-06
2819.038108505068 2 1.2645e-07
2821.492506794688 9 6.84532e-08
2824.688108430736 2 7.81844e-08
2825.859045521602 4 4.01188e-08
2827.292506626865 9 4.83974e-07
2831.659045891429 4 3.11313e-08
2831.938108368082 2 6.71112e-07
2834.242506755813 9 1.44809e-07
2837.588108471322 2 1.53459e-07
2838.259045862722 4 3.98709e-08
2839.892506937793 9 6.61421e-08
2843.238108460729 2 2.84629e-07
2854.258522964943 5 2.81674e-08
2858.338108644845 2 3.38631e-08
2862.308523022304 5 8.94681e-08
2867.813036747295 11 5.33153e-08
2867.958523026092 5 4.08049e-08
2873.608522915797 5 8.29521e-08
2874.412181837143 11 5.87315e-08
2878.839341540172 6 4.90309e-08
2879.734110373586 10 8.53173e-08
2884.014581052433 8 4.9007e-08
2886.239341653555 6 8.62566e-08
2888.734110190713 10 1.69457e-07
2891.258522703392 5 2.62116e-07
2891.262181395918 11 8.10991e-07
2894.384110268999 10 5.86116e-08
2895.089341708865 6 6.46055e-08
2904.258522925344 5 4.72673e-08
2905.062181794144 11 3.82676e-08
2905.126684553332 7 3.19015e-07
2910.926684445381 7 9.16473e-07
2916.158522907288 5 7.01094e-08
2916.162181794033 11 3.21216e-08
2916.726685115159 7 3.26494e-08
2920.984110598682 10 2.82266e-08
2928.384110523691 10 3.90307e-08
2933.513359665913 3 6.18352e-08
2934.388108771168 2 4.77469e-08
2939.313359729544 3 1.33953e-07
2958.839341683537 6 7.88709e-08
2962.034110140203 10 2.79898e-07
2964.639341605742 6 1.09544e-07
2967.564581088342 8 5.25797e-08
2975.239341877253 6 3.22556e-08
2975.614580948834 8 1.48198e-07
2981.039341519865 6 9.45873e-08
2981.264581260401 8 3.87263e-08
2981.934110320862 10 7.29395e-08
3014.413359880987 3 4.56574e-08
3027.263359920772 3 1.75586e-08
3032.913359868249 3 4.39883e-08
3055.263359554285 3 3.53543e-07
3063.558522974888 5 6.13037e-08
3067.23810871395 2 8.56795e-08
3071.109045690722 4 1.08542e-07
3071.142506809961 9 1.29594e-07
3073.388108548402 2 9.27539e-08
3076.909045768376 4 5.4064e-08
3076.942506696207 9 3.27727e-07
3082.238108630074 2 5.21111e-08
3082.709045506356 4 9.47298e-08
3083.392506809569 9 6.737e-08
3088.038108876923 2 2.11741e-08
3089.192506904808 9 9.71411e-08
3090.909045643375 4 8.14336e-08
3093.688108506752 2 3.77167e-08
3095.642506618647 9 6.44288e-07
3097.359045439705 4 2.99655e-07
3101.442506769918 9 1.56066e-07
3102.688108710625 2 4.83647e-08
3103.009045606679 4 5.16971e-08
3107.092506918689 9 1.09407e-07
3108.659045591661 4 2.19294e-07
3109.288108527821 2 2.50896e-08
3112.742506666062 9 7.30032e-07
3114.459046010274 4 1.60316e-08
3115.888108340282 2 6.63712e-07
3119.042506877169 9 8.88337e-08
3121.409045558333 4 2.9469e-07
3121.53810869694 2 3.21547e-08
3128.558523076726 5 4.41885e-08
3128.562181824628 11 5.39249e-08
3137.558522948125 5 1.1837e-07
3138.362181851458 11 2.05315e-08
3139.576684560502 7 2.77063e-07
3143.358523069903 5 5.64594e-08
3145.226684847409 7 4.05923e-08
3146.562181723031 11 7.01958e-08
3149.158522860939 5 9.04665e-09
3155.758522908601 5 7.31611e-08
3156.36218187352 11 4.63544e-08
3159.188108636457 2 7.43381e-08
3162.934110067802 10 2.9287e-07
3163.639341623354 6 1.08567e-07
3170.239341669784 6 6.74462e-08
3170.914581185534 8 4.31434e-08
3171.934110126687 10 2.34947e-07
3176.039341519158 6 7.73812e-08
3177.36458109728 8 1.53948e-07
3177.734110571157 10 2.07655e-08
3181.839341721289 6 1.42982e-08
3183.534110420483 10 6.66862e-08
3187.639341750848 6 7.39935e-08
3187.814580885549 8 4.52663e-07
3189.334110042555 10 6.01619e-07
3204.734110128062 10 2.56355e-07
3205.439341639236 6 3.64193e-08
3210.534110132485 10 8.72356e-08
3210.914581347336 8 3.40239e-08
3211.239341520966 6 2.18816e-07
3216.03810845656 2 1.65608e-07
3219.209045531123 4 1.54865e-07
3220.092506598029 9 8.51635e-07
3221.688108358537 2 5.2794e-07
3227.808522927663 5 1.05232e-07
3228.562181734958 11 9.7522e-08
3231.988108669121 2 1.97051e-08
3235.208523030748 5 4.49834e-08
3237.562181507818 11 2.56219e-07
3240.83411058646 10 5.44801e-08
3243.258522798534 5 4.44474e-08
3244.012181744111 11 5.63639e-08
3245.626684620003 7 2.11521e-07
3248.908522805981 5 8.84229e-08
3249.812700815818 11 5.74549e-08
3254.484110555441 10 1.56786e-08
3256.158523181098 5 3.72809e-08
3261.713010102031 11 3.35118e-08
3265.008522911172 5 1.2614e-07
3268.162181878132 11 1.25995e-08
3272.792507345111 9 4.15677e-08
3274.762181930233 11 4.0778e-08
3282.508522781627 5 1.75492e-07
3282.512736612581 11 4.52751e-08
3288.30852298869 5 8.49081e-08
3288.312910784227 11 3.8411e-08
3294.108522817025 5 3.33106e-08
3294.11312656968 11 1.9335e-07
3297.734110270629 10 2.85354e-08
3298.489341860604 6 4.4522e-08
3306.389341812604 6 2.58143e-08
3306.434110258289 10 5.86109e-08
3307.912700524006 11 1.65493e-07
3308.708522854685 5 1.55019e-07
3318.288108492118 2 2.12685e-07
3321.834110238183 10 8.76828e-08
3322.589341481036 6 8.64023e-08
3326.464580797978 8 5.47423e-07
3329.839341750256 6 7.4947e-08
3329.884110452801 10 5.95634e-08
3332.264581219767 8 4.49379e-08
3335.639341287405 6 8.02641e-07
3335.68411025488 10 6.12293e-08
3340.908522851709 5 1.53493e-07
3340.912745730346 11 2.40062e-08
3346.708522876232 5 4.01325e-08
3346.713108757429 11 7.57659e-08
3347.87668456231 7 5.18085e-07
3352.508522903902 5 9.81546e-08
3352.512991713643 11 7.38862e-08
3358.308522979056 5 6.6097e-08
3359.912727870488 11 1.12401e-07
3363.958522985507 5 3.9963e-08
3365.562181723196 11 4.83583e-08
3370.338108692659 2 6.31953e-08
3376.008522744211 5 1.41978e-07
3376.813063891085 11 2.05012e-08
3391.084110282037 10 5.78412e-08
3391.839341736766 6 1.19678e-07
3394.464581125462 8 3.54788e-08
3398.439341889935 6 8.37927e-09
3402.514581274772 8 6.54348e-08
3408.889341537027 6 8.86595e-08
3409.684110258225 10 7.70751e-08
3415.214581031446 8 1.02419e-07
3416.139341697236 6 2.33633e-08
3416.934110222113 10 5.45951e-08
3420.864580830675 8 3.23846e-07
3424.834110223337 10 1.766e-07
3424.839341545823 6 1.87013e-07
3428.764581079096 8 9.64077e-08
3431.434110130673 10 1.40941e-07
3431.439341531311 6 1.51999e-07
3434.414580853137 8 6.16039e-07
3438.839341800343 6 9.11601e-08
3444.214581081548 8 1.00736e-07
3444.639341754329 6 6.15835e-08
3444.93411062443 10 3.02013e-08
3449.864581091597 8 7.93044e-08
3450.439341648348 6 4.91094e-08
3451.234110214784 10 5.96773e-08
3454.458523071006 5 3.70047e-08
3454.462181764669 11 7.04383e-08
3456.239341666311 6 5.75775e-08
3457.034110324979 10 4.20657e-08
3457.614581264674 8 7.59363e-08
3469.01458095028 8 1.58752e-07
3469.889341561308 6 1.52724e-07
3470.684110466768 10 2.58824e-08
3474.814581077534 8 6.26206e-08
3476.33411034978 10 1.11597e-07
3480.339341848888 6 1.66009e-08
3480.464581197059 8 6.82452e-08
3486.114580990445 8 6.04282e-08
3486.139341804299 6 6.96656e-08
3486.63411033709 10 5.06061e-08
3492.739341915219 6 8.39382e-09
3499.339341954159 6 4.50226e-08
3499.46458117917 8 7.81963e-08
3505.114581031247 8 2.13624e-07
3505.139341883299 6 1.53284e-08
3511.739341631667 6 7.24362e-08
3512.284110214168 10 1.27945e-07
3515.414580870238 8 3.24203e-07
3517.539341459054 6 2.04158e-07
3517.934110067561 10 1.50186e-07
3523.339341748797 6 5.15544e-08
3524.384110432814 10 2.9965e-08
3530.363360079826 3 3.67213e-08
3558.263359780949 3 9.95167e-08
3565.663359859075 3 3.77408e-08
3573.863359466114 3 6.61332e-07
3576.788108705864 2 8.04574e-08
3579.513359695578 3 1.28413e-07
3582.588108658496 2 1.02972e-07
3585.313359560812 3 2.17857e-07
3588.388108723772 2 3.48797e-08
3592.713359575343 3 5.3956e-08
3600.588108517875 2 1.73037e-07
3601.56335976781 3 6.49945e-08
3607.988108400758 2 2.36696e-07
3610.263359714279 3 5.57843e-08
3614.588108625889 2 7.28164e-08
3615.913359493978 3 2.91889e-07
3620.388108469093 2 2.6273e-07
3621.713359687168 3 1.75317e-08
3626.988108858601 2 2.73624e-08
3631.86335963815 3 1.23582e-07
3646.463360066709 3 2.8671e-08
3674.363359845045 3 7.52436e-08
3674.388108728662 2 4.63661e-08
3678.739341380964 6 9.12682e-07
3678.834110110296 10 3.15483e-07
3680.314581094291 8 1.61321e-07
3685.434110270992 10 6.31749e-08
3686.114581208181 8 3.17655e-08
3686.13934150647 6 2.10051e-07
3691.914581417897 8 2.94092e-08
3696.739341973924 6 2.95565e-08
3702.284110283743 10 2.60891e-08
3702.539341434986 6 5.70259e-07
3708.084110243804 10 1.20121e-07
3708.339341753397 6 5.22225e-08
3709.114581330648 8 1.92471e-08
3722.563359992448 3 2.40366e-08
3734.613359828177 3 2.38832e-08
3746.663360048952 3 4.54783e-08
3794.563359740741 3 8.04962e-08
3813.813359803054 3 7.29577e-08
3820.263359626809 3 2.21971e-07
3826.713359850594 3 5.42757e-08
3832.363359819067 3 1.01636e-07
3849.363359587606 3 1.35234e-07
3852.988108867347 2 6.539e-08
3855.163359546141 3 3.0707e-07
3860.239341666668 6 4.81733e-08
3860.28411016993 10 3.15661e-07
3862.614581207009 8 3.1359e-08
3866.884110612951 10 1.36812e-08
3868.414580953723 8 3.45649e-07
3874.934110520779 10 1.34666e-08
3878.714581254417 8 4.92984e-08
3880.584110460867 10 4.9242e-08
3881.062181824982 11 6.16234e-09
3883.458522808737 5 9.74119e-08
3886.862181625465 11 6.05595e-08
3889.258522948288 5 3.24464e-08
3890.734110568696 10 3.52912e-08
3892.66218142342 11 1.58367e-06
3898.258522825781 5 9.63121e-08
3898.31270938892 11 3.45226e-07
3900.384110214051 10 1.44891e-07
3905.089341548383 6 8.4074e-08
3906.184110420881 10 2.51661e-08
3909.664581031499 8 1.65569e-07
3910.739341505828 6 2.01783e-07
3911.984110054022 10 4.41058e-07
3915.314581299167 8 6.68369e-08
3916.389341792994 6 4.90658e-08
3917.784110527904 10 2.54306e-08
3920.964581146042 8 9.70534e-08
3922.189341810009 6 4.47875e-08
3926.484110028759 10 2.88978e-07
3926.614581394806 8 2.67346e-08
3927.989341790712 6 5.75221e-08
3930.458522951868 5 3.61381e-08
3930.512883767776 11 9.31642e-08
3936.258523155953 5 1.59181e-08
3941.908522834365 5 1.46085e-07
3942.712919762413 11 6.48257e-08
3955.913359709627 3 1.10679e-07
3975.963359614175 3 1.42626e-07
3979.938108515137 2 9.74924e-08
3987.338108569114 2 1.64217e-07
3990.292506887378 9 8.49394e-08
3993.138108302877 2 1.58138e-06
3998.758523344808 5 1.34671e-08
3999.738108499745 2 1.87287e-07
4005.388108858398 2 7.88769e-08
4013.208522929377 5 6.39497e-08
4013.962181768385 11 6.07501e-08
4019.658522764014 5 7.81123e-08
4019.762181580461 11 1.9311e-07
4034.888108884134 2 2.77127e-08
4037.789341503054 6 2.15016e-07
4037.884110195988 10 1.78535e-07
4042.288108574981 2 9.85038e-08
4044.6585229333 5 5.95524e-08
4051.684110165484 10 1.23233e-07
4052.389341481333 6 7.45373e-08
4055.014581273144 8 2.36645e-08
4057.484110257836 10 5.42201e-08
4058.189341509055 6 7.66469e-08
4060.664581046245 8 5.90711e-08
4067.114580972531 8 1.23749e-07
4067.839341642208 6 6.07886e-08
4068.584110271608 10 4.71756e-08
4072.764581045837 8 1.26402e-07
4075.184110278657 10 1.02885e-07
4076.68934162297 6 1.62078e-08
4079.013000559891 11 1.8477e-07
4079.108522867542 5 6.75532e-08
4084.813099816077 11 1.52332e-08
4084.908523173746 5 4.63056e-09
4085.334110250533 10 8.9299e-09
4086.989341514596 6 2.4655e-07
4091.663359676961 3 7.01628e-08
4094.838108556971 2 2.24023e-07
4097.31335983009 3 3.28088e-08
4106.888108731772 2 5.51616e-08
4112.538108473643 2 2.37704e-07
4114.009045285138 4 2.06611e-06
4114.042506886292 9 5.4697e-08
4118.188108233342 2 1.05131e-06
4119.809045537352 4 1.68192e-07
4121.292506862007 9 1.93743e-07
4123.838108265817 2 1.84564e-06
4126.409045548726 4 2.63221e-07
4127.092506971227 9 1.11816e-07
4132.209045554666 4 1.64576e-07
4132.892506878284 9 1.76252e-07
4133.188108977961 2 1.39923e-08
4137.859045776273 4 2.47705e-08
4138.692506916729 9 8.02424e-08
4138.988108524606 2 1.03211e-07
4143.412910685277 11 3.66257e-08
4143.5085227992 5 8.31779e-08
4145.926684536549 7 2.76117e-07
4149.212182025911 11 2.13966e-08
4149.308523176311 5 2.89866e-08
4154.834110353439 10 5.32313e-08
4154.889341682517 6 5.42824e-08
4160.564581264946 8 7.71975e-08
4160.689341813449 6 4.63487e-08
4166.339341539838 6 2.37124e-07
4167.034110069381 10 1.90001e-07
4171.814580932398 8 3.24872e-07
4173.589341466693 6 1.08498e-07
4173.634110197454 10 1.20844e-07
4177.464581181772 8 7.56764e-08
4181.834110200625 10 1.61888e-07
4186.464580855666 8 3.64971e-07
4187.089341682893 6 6.26647e-08
4187.634110286364 10 1.00823e-08
4192.114581118059 8 4.94309e-08
4192.73934147114 6 9.74974e-08
4195.834110112654 10 3.16276e-07
4197.765678890994 8 4.35146e-07
4198.389341921246 6 1.97337e-08
4203.084110179365 10 1.21516e-07
4204.189341409724 6 3.4627e-07
4208.734110503204 10 5.26335e-08
4223.834110279754 10 4.51509e-08
4225.189341851552 6 3.97012e-08
4228.338108854608 2 3.24213e-08
4282.113359829828 3 3.35184e-08
4291.113360172962 3 2.68176e-08
4310.513360070377 3 3.29131e-08
4338.713360211482 3 3.71167e-08
4353.089341657472 6 4.00949e-08
4353.634110350706 10 6.82621e-08
4355.964581129569 8 1.42039e-07
4360.989341556923 6 1.715e-07
4362.634110159364 10 2.25166e-07
4364.014581047476 8 8.7056e-08
4366.639341916299 6 1.96308e-08
4370.534110379853 10 2.9346e-08
4375.108522828873 5 3.15185e-07
4375.812691408021 11 1.0101e-07
4380.908523112785 5 1.96954e-08
4390.734110476605 10 1.90683e-08
4391.489341783325 6 4.72059e-08
4401.1393413523 6 1.205e-06
4401.184110321909 10 5.58251e-08
4405.864580771546 8 4.87069e-07
4411.739341657349 6 9.00156e-08
4413.234110455137 10 3.16204e-08
4414.71458092936 8 1.3586e-07
4418.884110240396 10 9.97816e-08
4420.439341581929 6 1.35026e-07
4421.964581071662 8 1.24759e-07
4424.534110152624 10 1.91766e-07
4428.339659566128 6 6.97808e-08
4430.184110439038 10 1.18517e-08
4432.26458116371 8 5.60402e-08
4433.989341612015 6 9.03604e-08
4439.534110352087 10 2.93013e-08
4439.639341403415 6 8.04583e-07
4440.314581138107 8 8.25069e-08
4448.489341747914 6 4.01115e-08
4448.514581137992 8 1.11311e-07
4454.314581048836 8 9.38029e-08
4458.789341417265 6 3.81966e-07
4459.584110199382 10 1.34284e-07
4475.639341848052 6 2.60921e-08
4480.434110132104 10 1.23605e-07
4481.28934147449 6 1.47806e-07
4484.315022194891 8 1.48484e-08
4486.939341581405 6 4.44962e-08
4488.334110286204 10 8.82419e-08
4494.764580912487 8 1.85321e-07
4496.534110330064 10 7.53807e-08
4497.239341827542 6 3.65048e-08
4500.415170522307 8 1.60794e-07
4502.184110166742 10 2.11628e-07
4502.889341669768 6 6.66134e-08
4508.314580900811 8 5.22336e-07
4509.934110583863 10 2.83747e-08
4509.989341642616 6 7.8833e-08
4513.964580878127 8 7.42814e-07
4515.734110087489 10 1.93795e-07
4515.789341337608 6 6.75694e-07
4520.414581035352 8 1.53354e-07
4523.934110443637 10 1.93199e-08
4527.514581039081 8 8.41534e-08
4529.939341561894 6 1.35521e-07
4530.534110218496 10 1.03875e-07
4536.334110325057 10 1.41e-07
4537.989341591564 6 1.33414e-08
4541.838108513178 2 9.34002e-08
4543.413359871849 3 1.13299e-07
4547.638108523154 2 4.17191e-08
4550.013359532441 3 2.57018e-07
4555.538108476832 2 1.72749e-07
4557.913359658223 3 1.63991e-07
4561.338108903308 2 1.65436e-08
4563.71335978399 3 1.41451e-08
4571.613359467965 3 3.62482e-07
4578.038108374131 2 2.34085e-07
4589.908522807622 5 8.54846e-08
4589.962181641375 11 4.54917e-08
4596.508522873074 5 3.39688e-08
4596.562181713546 11 8.57722e-08
4600.988108834857 2 3.91057e-08
4603.908522989739 5 2.8637e-08
4605.262181555657 11 2.00714e-07
4609.076684711747 7 1.74838e-07
4609.558523011442 5 1.03639e-07
4611.712709611895 11 9.72183e-08
4618.108522819637 5 1.26249e-07
4618.162181637696 11 8.64712e-08
4620.384110200878 10 6.20769e-08
4621.239341497491 6 1.86281e-07
4626.184110487274 10 1.20909e-08
4631.413359554066 3 2.89276e-07
4633.838108487803 2 1.62999e-07
4638.663359939534 3 1.8948e-08
4639.489206509935 2 9.54271e-08
4644.313359822666 3 6.34108e-08
4647.388108641025 2 1.302e-07
4650.113359482908 3 2.9256e-07
4659.184110586774 10 3.06187e-08
4661.508522750738 5 2.00918e-07
4661.562181588056 11 8.94199e-08
4664.984110183336 10 8.17244e-08
4666.239341536225 6 1.1052e-07
4672.039341425568 6 4.67406e-07
4673.714581351108 8 3.08123e-08
4680.314580830761 8 2.29955e-07
4683.434110271208 10 1.2404e-07
4684.239341660261 6 4.23507e-08
4689.084110222696 10 1.90783e-08
4702.638108650348 2 6.51005e-08
4704.113359555743 3 1.40977e-07
4708.9841103611 10 4.21334e-08
4710.562181745943 11 1.77023e-08
4711.308522936054 5 4.30519e-08
4717.908522965532 5 1.95645e-08
4717.962181810379 11 3.02042e-08
4720.288108535053 2 1.19445e-07
4722.559045557032 4 1.13218e-07
4722.592506744226 9 2.51391e-07
4726.888108580721 2 2.26575e-07
4728.392506747185 9 8.99425e-08
4729.159045540396 4 1.79626e-07
4732.538108325549 2 8.89948e-07
4734.192506754779 9 2.77239e-07
4735.759045479148 4 1.66668e-07
4739.842506989687 9 3.29276e-08
4741.238108475162 2 3.29145e-07
4743.659045617114 4 1.23041e-07
4747.038108310742 2 1.09149e-06
4750.142506892819 9 5.62323e-08
4750.909045690966 4 6.7578e-08
4755.888108405157 2 3.5838e-07
4762.4881086661 2 2.69244e-08
4763.913359483932 3 4.23188e-07
4769.7133600199 3 2.82805e-08
4773.738108868114 2 2.73094e-08
4775.363359782919 3 1.19772e-07
4780.03810902654 2 1.42555e-08
4781.013359863559 3 2.57504e-08
4785.838108466678 2 3.33774e-07
4787.613359897752 3 5.69568e-08
4791.339341728792 6 5.71773e-08
4793.684110308551 10 1.08698e-07
4798.139341603572 6 5.61952e-08
4799.334109993023 10 1.90412e-06
4804.562181599089 11 1.29479e-07
4805.308522660966 5 4.01721e-07
4810.362181579169 11 1.58936e-07
4811.108522927602 5 1.17189e-07
4814.284110357519 10 8.51999e-08
4814.989341970883 6 3.12864e-08
4820.789341629826 6 9.1904e-08
4821.714581051746 8 1.37715e-07
4826.484110179609 10 8.00114e-08
4826.589341555116 6 1.06694e-07
4827.364581284815 8 7.01567e-08
4832.239341503606 6 2.18053e-07
4832.284110224943 10 1.92344e-07
4838.839341575844 6 1.59621e-07
4839.534110341961 10 3.05667e-08
4840.064581036577 8 1.48406e-07
4846.1341103767 10 5.86619e-08
4847.964580949764 8 2.91614e-07
4851.839341647176 6 6.50237e-08
4851.934109947699 10 9.93739e-07
4857.639341397654 6 8.87943e-07
4857.734110372064 10 2.47746e-08
4862.264581109438 8 5.33372e-08
4870.639341752484 6 1.57646e-08
4874.434110402482 10 5.17181e-08
4877.739341517655 6 1.06059e-07
4881.664580885409 8 3.23499e-07
4883.389341711814 6 5.95229e-08
4884.08411009099 10 1.57965e-07
4891.289341827547 6 2.70395e-08
4895.33411025549 10 1.95304e-07
4897.612181613632 11 7.63961e-08
4897.708522801754 5 2.19536e-07
4904.788109044844 2 1.49758e-08
4907.23411013521 10 2.51873e-07
4907.989341400716 6 5.52462e-07
4917.908522752502 5 1.47552e-07
4918.61270052746 11 1.14549e-07
4921.03411031544 10 9.77298e-08
4921.789341652003 6 4.23895e-08
4931.962181648047 11 1.36e-07
4932.708522696843 5 2.4302e-07
4940.908523187248 5 3.62588e-08
4943.088108478425 2 3.02435e-07
4948.808522890799 5 1.0514e-07
4949.612181841616 11 2.94649e-08
4950.326684661904 7 1.82614e-07
4956.062181904208 11 7.42786e-09
4956.126684635354 7 3.68082e-07
4957.658523109009 5 4.29628e-08
4965.058523076505 5 1.3497e-08
4968.26218161871 11 1.26889e-07
4971.138108821278 2 3.81379e-08
4974.408523098983 5 4.81896e-08
4975.939341654071 6 7.81041e-09
4975.984110120133 10 2.39287e-07
4979.21271831995 11 3.29198e-07
4980.208522666271 5 1.04003e-07
4981.626684843904 7 6.89215e-08
4985.013054660888 11 1.21613e-07
4985.8585232216 5 3.3753e-08
4988.984110181996 10 1.03202e-07
4989.739341603065 6 7.34352e-08
4994.46458111442 8 5.31551e-08
4994.634110461602 10 1.70787e-08
4995.389341776622 6 6.11961e-08
5001.039341559191 6 1.17087e-07
5002.534110095939 10 2.54927e-07
5008.184110136643 10 1.13027e-07
5009.714580801713 8 5.45341e-07
5011.339341638308 6 1.13371e-07
5015.514580684278 8 3.08575e-06
5017.834110000611 10 3.8951e-07
5018.589341696792 6 7.2162e-08
5020.913018954124 11 4.06589e-08
5023.484110363412 10 4.59188e-08
5024.1585229862 5 7.29795e-08
5026.376684808102 7 1.44977e-07
5026.713027510537 11 3.88428e-07
5029.934110057659 10 5.49271e-07
5030.639341848948 6 1.41324e-08
5032.208522901311 5 4.14622e-08
5032.362181621545 11 1.63007e-07
5035.264581104228 8 6.33757e-08
5035.58411034535 10 6.19221e-08
5036.289341611027 6 1.06346e-07
5041.384110325877 10 8.10266e-08
5041.564580958566 8 1.96356e-07
5043.689341818715 6 4.4403e-08
5057.489341486074 6 1.42012e-07
5058.38411031435 10 6.93045e-08
5066.16218164182 11 6.33869e-08
5066.358522824323 5 1.43906e-07
5074.408523014154 5 6.0403e-08
5079.863359483985 3 1.06729e-06
5085.588108672124 2 4.87261e-08
5085.663360024689 3 4.4534e-08
5092.034110114578 10 2.39639e-07
5092.739341616817 6 5.94785e-08
5098.484110144786 10 8.94045e-08
5098.539341833315 6 1.62026e-08
5105.884110244987 10 1.72135e-07
5105.964581081076 8 1.99706e-07
5106.589341714001 6 5.46144e-08
5111.764581360694 8 9.81001e-09
5113.189341976161 6 8.22519e-09
5122.539341461518 6 3.31228e-07
5123.234110246293 10 4.4354e-08
5124.764580886217 8 2.14589e-07
5130.564580789241 8 1.73729e-06
5132.039341595237 6 7.30185e-08
5132.884110514154 10 5.54518e-08
5137.664581097782 8 6.22771e-08
5137.689341568346 6 1.84806e-07
5138.534110511546 10 2.15146e-08
5145.089341840797 6 3.95646e-09
5147.464580808746 8 5.73572e-07
5153.114581084202 8 2.70954e-08
5162.464581012592 8 8.95897e-08
5164.03411020782 10 1.55263e-07
5164.039341504421 6 9.31004e-08
5169.834110363108 10 5.5006e-08
5172.089341509355 6 1.76629e-07
5174.514580978671 8 1.49201e-07
5177.734110126877 10 1.62944e-07
5177.739341422368 6 4.72417e-07
5184.762181874956 11 4.99905e-08
5184.858523057379 5 2.33715e-08
5190.562181699134 11 6.54592e-08
5190.65852280561 5 2.66624e-07
5191.92668483861 7 4.88999e-08
5201.962181612976 11 1.23195e-07
5202.058522735786 5 1.3798e-07
5202.726684682827 7 5.65636e-08
5207.858523125917 5 1.58491e-08
5214.438108813846 2 2.08864e-08
5216.562181902755 11 3.72048e-08
5216.708523100721 5 1.51547e-08
5224.758522929364 5 7.00406e-08
5224.762181817836 11 1.77321e-08
5235.358522826662 5 3.94309e-08
5236.162181753689 11 8.2464e-08
5236.226684621638 7 2.67471e-07
5241.158522801932 5 5.99983e-08
5241.962181816832 11 4.65359e-08
5246.7341104911 10 2.15095e-08
5246.739692982421 6 2.21386e-08
5250.658523024956 5 3.8737e-08
5250.662181788411 11 3.00216e-08
5254.134110060779 10 3.90413e-07
5254.139341612047 6 6.90482e-08
5259.939341878818 6 2.72935e-08
5266.184110093107 10 1.98353e-07
5266.389341599476 6 7.38841e-08
5268.464581129637 8 1.64515e-08
5271.984110307153 10 3.6857e-08
5272.039341882289 6 5.47901e-08
5277.839341536372 6 1.78044e-07
5278.434110120718 10 2.33274e-07
5280.45852313947 5 3.08661e-08
5283.639341919706 6 1.46655e-08
5284.23411032082 10 4.56179e-08
5289.439341480765 6 3.77578e-08
5290.034110170583 10 7.89466e-08
5290.314581216589 8 3.87216e-08
5293.262181447273 11 9.3809e-07
5293.458522689539 5 5.81678e-07
5296.634110168606 10 2.56231e-07
5297.639341504217 6 7.97031e-08
5302.434110122228 10 1.61671e-07
5303.289341462566 6 3.04756e-07
5304.014580918374 8 3.53993e-07
5309.739341615029 6 9.1867e-08
5310.464581233156 8 3.85447e-08
5314.484110229205 10 6.5573e-08
5315.389341501892 6 1.80349e-07
5318.514581227408 8 2.93234e-08
5320.13411018104 10 2.94713e-07
5321.039341525439 6 1.42653e-07
5324.164580942862 8 1.26373e-07
5325.78411039324 10 4.56491e-08
5326.689341296992 6 2.67857e-06
5330.464581168309 8 9.99012e-08
5331.434109985321 10 2.33197e-07
5332.339341700141 6 7.11576e-08
5334.462181766322 11 5.46991e-08
5337.084110187108 10 1.2912e-07
5337.714581055762 8 4.3929e-08
5340.089341370937 6 4.20709e-07
5342.734110624486 10 1.23303e-08
5343.258522863682 5 1.47801e-07
5343.313081525497 11 2.13295e-07
5344.826685109248 7 4.37349e-08
5349.05852293122 5 1.60536e-07
5349.112709639754 11 3.24705e-08
5352.884110574734 10 2.07324e-08
5355.712883717721 11 7.47618e-08
5356.458523003695 5 2.13707e-08
5360.784110232251 10 1.39638e-07
5362.389341470337 6 5.34246e-08
5364.664580930002 8 9.95718e-08
5368.039341534914 6 2.86979e-07
5372.064581024867 8 1.4571e-07
5377.714580907323 8 5.14408e-08
5378.434110191128 10 2.61582e-07
5378.489341603338 6 8.1995e-08
5383.364580987077 8 2.65148e-07
5385.889341655216 6 7.49334e-08
5391.134110293678 10 4.04014e-08
5391.539341405214 6 4.92802e-07
5396.784110353109 10 6.98602e-08
5397.339341632447 6 6.71222e-08
5402.434110462417 10 2.35961e-08
5403.058523048643 5 5.76276e-08
5403.912709923833 11 1.51696e-08
5408.776685058596 7 1.03735e-07
5408.858522747691 5 7.72091e-08
5409.562181622099 11 1.03479e-07
5411.134110172319 10 1.57501e-07
5411.93934160682 6 1.69035e-07
5417.734110248147 10 1.02297e-07
5417.739341284641 6 2.34744e-06
5423.539341878378 6 4.30532e-09
5430.734110596445 10 3.5624e-08
5434.658523185365 5 5.27817e-08
5436.738108676032 2 6.30717e-08
5440.16218171244 11 4.54126e-08
5440.308522966492 5 6.79181e-08
5442.538108549559 2 4.94155e-08
5445.509045579016 4 3.95063e-09
5446.34250678085 9 1.12389e-07
5450.738108480344 2 3.04622e-07
5451.8090459449 4 3.15343e-08
5456.142506772824 9 2.47273e-07
5456.38810863507 2 9.107e-08
5460.659045501729 4 7.83701e-08
5461.9425065361 9 1.87298e-06
5466.30904551808 4 1.91969e-07
5467.592506890653 9 1.02198e-07
5468.438108541401 2 1.68332e-07
5472.10904531824 4 1.33396e-06
5473.242506907264 9 6.64768e-08
5474.088108341933 2 5.69316e-07
5477.9090460044 4 1.16387e-08
5479.738108435438 2 4.73878e-07
5482.742507146443 9 3.82641e-08
5485.388108918093 2 4.69674e-08
5491.038108418657 2 2.82899e-07
5493.159045495353 4 3.37544e-07
5493.1925066156 9 5.53894e-07
5497.188108463462 2 1.04558e-07
5498.713360280763 3 6.53028e-09
5500.592506969331 9 9.52344e-09
5504.438108562644 2 1.41546e-07
5505.209045527779 4 2.44088e-07
5506.892506768916 9 1.15291e-07
5510.738108811485 2 5.55031e-08
5510.859045514682 4 1.97874e-07
5512.542506591016 9 7.11639e-07
5517.309045557545 4 9.88517e-08
5518.192506791808 9 3.04602e-07
5522.95904559115 4 6.02308e-08
5523.842506654286 9 2.71874e-07
5525.988108490268 2 1.15971e-07
5529.64250684643 9 1.08258e-07
5529.909045409526 4 2.6702e-07
5535.442506579793 9 3.03993e-07
5535.709045412079 4 4.20701e-07
5540.438108655345 2 1.13375e-07
5541.242506634242 9 2.18757e-07
5542.809045682694 4 6.24993e-08
5546.088108831375 2 3.43528e-08
5555.434110250914 10 3.01249e-08
5559.562182040797 11 3.58526e-08
5560.239341704039 6 8.71515e-08
5561.234110288623 10 9.04962e-08
5566.01458081925 8 2.90497e-07
5566.039341840876 6 1.93275e-08
5567.034110263106 10 3.64721e-08
5571.814581399905 8 1.44883e-08
5571.839341815054 6 2.79192e-08
5572.684110132619 10 9.00202e-08
5576.358522898699 5 1.54548e-07
5576.562181747332 11 7.24943e-08
5580.176684702234 7 2.62985e-07
5582.158523141125 5 1.79274e-08
5585.562181702664 11 1.32228e-07
5587.958523216153 5 2.71005e-08
5595.358522747995 5 4.2494e-08
5595.362181634727 11 1.31896e-07
5600.884110687286 10 2.07392e-08
5601.962182021057 11 2.18985e-08
5604.538108716632 2 4.1402e-08
5608.358522899068 5 6.3832e-08
5608.562181791045 11 6.45978e-08
5609.926684672903 7 1.23231e-07
5614.158523049326 5 3.55403e-08
5614.362181824932 11 4.99752e-08
5616.039341537577 6 4.56167e-08
5616.134109930284 10 8.21588e-06
5617.814581013574 8 2.17239e-07
5621.839341688188 6 8.41279e-08
5621.934110007922 10 9.14759e-07
5626.262181896137 11 1.52676e-08
5627.008523022114 5 7.23294e-08
5662.039341676904 6 1.51282e-08
5663.734110272113 10 1.19216e-07
5671.039341595174 6 1.61179e-07
5671.134110260666 10 1.30136e-07
5682.214580950656 8 7.55121e-08
5684.039341687416 6 7.31422e-08
5684.784110364896 10 3.85999e-08
5689.689341960992 6 3.66757e-08
5692.664581250367 8 4.5647e-08
5692.834110169559 10 9.11406e-08
5695.912727683687 11 3.31356e-08
5696.808523212128 5 1.30783e-08
5698.239341617 6 5.76959e-08
5698.634110107474 10 1.85954e-07
5701.562181553146 11 1.73116e-07
5702.458522816766 5 1.58059e-07
5707.213081816046 11 2.32428e-08
5707.526684590334 7 5.70589e-07
5710.208522914578 5 6.00411e-08
5712.86218175117 11 5.29593e-08
5713.326684852827 7 6.02306e-08
5715.858522807902 5 1.59059e-07
5722.038108425161 2 1.3405e-07
5727.96218155136 11 4.44846e-07
5728.058522674397 5 1.42675e-07
5734.888108988491 2 3.35654e-08
5736.962181549992 11 9.79168e-08
5737.058522667028 5 1.35605e-07
5766.913359952554 3 4.29822e-09
5787.7633597282 3 3.53235e-08
5828.613360049958 3 1.59231e-08
5836.513359944875 3 1.94146e-08
5840.434110327843 10 5.51163e-08
5841.189342047466 6 3.20229e-08
5842.762181870268 11 1.98476e-08
5845.258522838427 5 9.29691e-08
5850.138108531001 2 1.67162e-07
5857.38934197479 6 1.74788e-08
5871.05852288292 5 7.13599e-08
5871.762181530541 11 3.55091e-07
5879.108522837514 5 6.60297e-08
5879.162181710771 11 6.03391e-08
5886.234110111509 10 1.3924e-07
5887.039341488685 6 1.08553e-07
5888.51458123851 8 5.03225e-08
5896.039341506084 6 1.84897e-07
5897.634110041366 10 6.18322e-07
5905.039341497752 6 1.53059e-07
5905.834110194161 10 1.80524e-07
5908.114580922167 8 1.78749e-07
5914.039341644716 6 7.6377e-08
5914.714581082758 8 2.48834e-08
5914.834110223002 10 6.59927e-08
5920.514581116569 8 8.90902e-08
5926.164581034327 8 7.77205e-08
5930.889341554336 6 7.29072e-08
5931.684110406094 10 3.84581e-08
5931.964580875376 8 8.57403e-08
5936.539341505552 6 1.56378e-07
5937.484110322125 10 6.89746e-08
5942.989341919514 6 2.30259e-08
5943.284110466447 10 4.72847e-08
5944.908523323504 5 2.3125e-08
5961.388108656801 2 2.4564e-08
5967.038108862904 2 2.81341e-08
5968.958522899115 5 4.94733e-08
5968.962181775163 11 7.5018e-08
5975.558522873661 5 7.26098e-08
5976.362181717632 11 1.07918e-07
5981.358523184997 5 3.66272e-08
5986.162181689551 11 6.53761e-08
5987.008523137327 5 3.623e-08
5988.134110358489 10 7.1079e-08
5988.989341562436 6 5.44291e-08
5990.914581200776 8 4.12043e-08
5995.589341390331 6 1.01051e-07
5996.334110151371 10 2.3695e-07
5997.864580879936 8 1.62955e-07
6006.989341857465 6 2.30936e-08
6007.664580990535 8 1.24171e-07
6017.439341458342 6 3.59603e-07
6018.934110112572 10 2.15987e-07
6020.664581035448 8 1.23984e-07
6023.089341844089 6 2.51333e-08
6027.914581092729 8 1.02387e-07
6027.934110238952 10 1.09407e-07
6028.73934163337 6 1.11646e-07
6033.734110107572 10 3.61834e-07
6034.539341744148 6 3.61906e-08
6035.164581230956 8 4.2016e-08
6039.385208126609 10 5.47548e-07
6040.189341823214 6 4.18322e-08
6043.864580824206 8 8.05767e-07
6045.98411014519 10 5.74622e-08
6045.989341495929 6 1.54958e-07
6052.564581122508 8 3.16291e-08
6061.414580921677 8 3.32956e-07
6066.18411006792 10 4.33562e-07
6066.18934170021 6 1.36019e-07
6067.064581134923 8 2.093e-08
6071.984110600073 10 1.8323e-08
6072.864581191877 8 3.11017e-08
6074.239341599945 6 1.43314e-07
6076.613018823476 11 3.30814e-08
6076.658523140838 5 6.13788e-08
6077.634110207861 10 7.71226e-08
6082.139341564942 6 9.10496e-08
6083.434110252199 10 1.24136e-07
6088.813000646406 11 9.00191e-08
6088.85852276086 5 1.60343e-07
6098.658523130801 5 3.15047e-08
6102.626685132381 7 2.52383e-08
6106.058522749988 5 3.67156e-07
6107.413010058803 11 3.63518e-08
6111.026684740426 7 9.87738e-08
6115.613072643823 11 5.10907e-08
6116.658522951128 5 4.5787e-08
6116.826684526264 7 8.05103e-07
6122.476684495819 7 6.81935e-07
6127.812736557609 11 1.14675e-07
6128.058522720629 5 2.5231e-07
6128.126684933452 7 4.1385e-08
6134.138108314401 2 1.08961e-06
6140.73934171798 6 6.54236e-08
6144.784110334005 10 9.76352e-09
6146.539341555555 6 1.02244e-07
6150.584110470711 10 2.87244e-08
6153.939341584902 6 4.16831e-08
6164.384110270301 10 7.14091e-08
6164.539341560249 6 1.54479e-07
6178.984110087697 10 3.25998e-07
6179.789341301047 6 1.87072e-06
6182.164581014941 8 8.91877e-08
6198.239341608918 6 1.12119e-07
6199.83411012531 10 1.69424e-07
6202.064581077292 8 8.21447e-08
6205.339341759117 6 2.46938e-08
6207.884110478274 10 4.85708e-08
6218.184110238239 10 1.96329e-07
6218.189341726259 6 4.45854e-08
6222.188108562771 2 1.98299e-07
6228.512691726142 11 7.30776e-08
6228.608522794835 5 1.27815e-07
6230.126684513136 7 2.69639e-07
6236.712946789152 11 4.29442e-08
6236.808522935567 5 7.1455e-08
6242.389341604749 6 7.50446e-08
6243.984110436469 10 4.63965e-08
6248.189341875038 6 2.23867e-08
6248.864580947775 8 2.46138e-07
6249.784110495975 10 5.35557e-08
6253.989341947107 6 1.81181e-08
6254.664580760608 8 4.13226e-06
6258.634110552792 10 1.06474e-08
6259.789341967304 6 5.0265e-08
6260.464581399328 8 3.52288e-08
6267.06458126139 8 7.63933e-08
6273.939341596791 6 1.39951e-07
6277.214580868107 8 2.10571e-07
6283.589341887768 6 9.0366e-09
6283.664580996107 8 7.21328e-08
6285.884110119609 10 1.64033e-07
6293.263360135943 3 3.06415e-08
6295.789341604856 6 1.64774e-07
6296.484110140303 10 1.30745e-07
6298.608523129418 5 3.67658e-08
6306.088108487699 2 1.39396e-07
6316.513359729933 3 7.07586e-08
6323.088108751426 2 6.33422e-08
6323.113359714303 3 8.36333e-08
6328.913359931389 3 5.08418e-08
6330.488108503465 2 2.94263e-07
6334.713359614525 3 1.15111e-07
6337.588108670366 2 9.30553e-08
6340.513359823327 3 9.94875e-08
6346.438108490557 2 7.03016e-08
6350.389341521825 6 9.09323e-08
6351.08411028452 10 1.42486e-07
6356.039773840677 6 1.33306e-08
6356.734110039416 10 3.49682e-07
6361.689341568125 6 7.80361e-08
6362.384110261578 10 4.07959e-08
6363.114581248043 8 1.2516e-07
6367.339341875976 6 2.33639e-08
6368.9145806928 8 3.79686e-06
6373.139341494431 6 1.35877e-07
6374.434110023212 10 6.84797e-07
6377.558522910347 5 9.40734e-08
6377.562181577549 11 1.32312e-07
6380.084110289627 10 5.12097e-08
6381.339341653858 6 6.0616e-08
6382.914581279954 8 4.15637e-08
6386.989341776305 6 5.06856e-08
6395.315040370386 8 4.09617e-08
6397.589341456046 6 2.21527e-07
6398.534110234889 10 7.59e-08
6401.114581179079 8 4.46763e-08
6405.784110176155 10 1.63273e-07
6406.589341564483 6 5.58826e-08
6411.584110166739 10 1.14317e-07
6412.389341490594 6 1.73896e-07
6414.614581037658 8 1.22304e-07
6421.714581174438 8 5.2434e-08
6422.989341728864 6 2.20447e-08
6423.784110471608 10 5.24061e-09
6427.514581050856 8 1.57908e-07
6428.639341636404 6 7.07526e-08
6429.434110106434 10 1.73793e-07
6432.958523066179 5 4.04451e-08
6432.962506081443 11 1.05281e-07
6434.476684894125 7 2.84181e-08
6439.55852276572 5 1.04737e-07
6440.362181309166 11 5.54263e-06
6443.084110677884 10 3.94886e-08
6445.358523131804 5 2.24522e-08
6446.162182037323 11 2.28326e-08
6449.38411015092 10 1.13476e-07
6450.139341571212 6 1.39048e-07
6458.989342088244 6 2.74394e-08
6459.034110511892 10 3.95212e-08
6459.812718453022 11 2.4036e-07
6460.608522946958 5 5.42731e-08
6464.789341692707 6 8.19001e-08
6464.834110181697 10 1.81134e-07
6470.413171668475 11 8.90489e-08
6470.634110667447 10 1.54754e-08
6471.208522683018 5 1.35427e-07
6476.858522818053 5 1.80111e-07
6476.862181711558 11 6.74066e-08
6478.426684901311 7 6.24632e-08
6484.25852300576 5 2.79397e-08
6485.06218195318 11 4.94351e-08
6488.876684697185 7 1.56018e-07
6491.662181600257 11 6.17061e-08
6492.458522721244 5 2.91062e-07
6497.462182024481 11 2.06971e-08
6499.334110121047 10 1.25101e-07
6500.039341745276 6 4.04093e-08
6501.464580963507 8 5.22512e-08
6504.984110147647 10 2.38297e-07
6505.689341747317 6 5.10966e-08
6507.114581170035 8 2.04489e-08
6511.112736302993 11 3.00048e-07
6511.858522565578 5 2.57996e-06
6513.984110374066 10 5.9093e-08
6517.658522698331 5 1.88287e-07
6517.712700060656 11 2.19162e-06
6522.184110341002 10 8.97845e-08
6524.139341436676 6 2.41486e-07
6527.834110485783 10 4.02708e-08
6533.139341569668 6 1.11218e-07
6533.485208187603 10 1.62114e-07
6537.164580988617 8 1.4882e-07
6538.789341832727 6 4.02426e-08
6541.884110133125 10 1.98976e-07
6542.81458112089 8 6.98921e-08
6545.239341660143 6 6.63337e-08
6549.264581081864 8 1.5455e-07
6550.084110211649 10 4.6368e-08
6550.889341766768 6 4.62588e-08
6554.914581183949 8 7.24677e-08
6555.734110161789 10 5.36317e-08
6556.539341401455 6 3.61014e-07
6559.512682297202 11 3.14261e-07
6560.258522795905 5 1.50779e-07
6565.526685092878 7 3.54588e-08
6566.112691713154 11 4.95447e-08
6566.858523092294 5 2.50342e-08
6571.184110419155 10 1.85813e-08
6572.73934200704 6 1.40389e-08
6574.312727701878 11 4.31677e-08
6575.058522772364 5 1.707e-07
6577.276685232687 7 2.05142e-08
6579.962181689238 11 2.87476e-08
6580.708522952569 5 9.77166e-08
6582.934110108261 10 4.42243e-07
6583.689341542415 6 7.48317e-08
6594.264581097057 8 1.03459e-07
6595.889341416135 6 4.17097e-07
6596.584110276258 10 1.03999e-07
6603.71272716856 11 6.62968e-07
6603.808522691731 5 3.8767e-07
6607.83411007976 10 3.76677e-07
6608.58934179062 6 2.77753e-08
6613.634110472638 10 3.0061e-08
6614.964581036368 8 5.55989e-08
6618.389341528984 6 6.98517e-08
6636.039719851612 6 5.6072e-08
6638.484110481288 10 1.27796e-08
6639.964581037603 8 8.78413e-08
6641.689341788825 6 3.54741e-08
6644.134110344525 10 3.38235e-08
6650.564581182628 8 7.82238e-08
6655.33934156062 6 1.50994e-07
6656.034110037628 10 9.90091e-07
6660.989341519946 6 6.52316e-08
6661.684110235947 10 8.40309e-08
6666.789341518262 6 1.3643e-07
6670.534110231049 10 1.1613e-07
6672.589341939729 6 1.69419e-08
6675.63810855001 2 1.22761e-07
6678.059045698958 4 1.21675e-07
6679.692506899289 9 9.22618e-08
6682.888108822292 2 5.40575e-08
6683.859045233655 4 1.23721e-05
6687.892506780348 9 6.99408e-08
6689.659045975521 4 3.33249e-08
6692.688108559125 2 1.48853e-07
6695.309045469118 4 1.33653e-07
6697.692507180033 9 3.07074e-08
6698.488108542514 2 1.01064e-07
6700.959045489691 4 4.59835e-07
6703.99250682233 9 2.09553e-07
6705.738108547387 2 1.99963e-07
6707.409045648117 4 5.53954e-08
6709.642507153014 9 2.43197e-08
6711.388108831177 2 1.69601e-08
6713.059045509384 4 9.4506e-08
6715.292506836347 9 1.04633e-07
6718.709045533779 4 2.37655e-07
6719.938108488888 2 4.11956e-08
6721.592506788614 9 1.05843e-07
6724.859045488899 4 1.74663e-07
6727.242506537981 9 3.07185e-06
6730.509045494208 4 4.34117e-07
6732.892506730478 9 9.21762e-08
6736.159045699983 4 1.71397e-08
6738.388108515134 2 1.03882e-07
6739.192506891155 9 1.32009e-07
6744.038108846895 2 6.08369e-08
6744.842506870103 9 1.13471e-07
6745.659045713708 4 8.79567e-08
6751.234110222608 10 1.13927e-07
6751.989341696369 6 3.94808e-08
6762.439341512949 6 3.44514e-07
6764.084110002201 10 3.75006e-08
6765.564580815931 8 4.54988e-07
6775.289341581066 6 1.16487e-07
6776.134110166481 10 1.31833e-07
6778.564581060155 8 6.34486e-09
6781.78410997887 10 4.15433e-07
6782.539341758463 6 4.10195e-08
6784.808523098289 5 2.34707e-08
6785.362181796722 11 8.36218e-08
6786.476684784551 7 7.47299e-08
6791.962181474011 11 1.75484e-07
6792.208522769286 5 2.07389e-07
6797.762181644419 11 1.7974e-07
6797.926684794152 7 1.40382e-07
6798.00852296139 5 6.10103e-08
6803.562181362149 11 8.21057e-07
6803.808522629742 5 5.03428e-07
6804.52668477778 7 6.09307e-08
6809.212892854028 11 2.17019e-08
6810.034110157306 10 1.16098e-07
6812.008522941464 5 1.55159e-08
6815.539341783122 6 5.28982e-08
6815.684110345195 10 4.46016e-08
6816.414580988603 8 1.5009e-07
6821.334110428089 10 1.18539e-08
6821.3393414971 6 1.55382e-07
6824.014580790024 8 5.27358e-07
6831.13934147889 6 2.05731e-07
6831.934110171193 10 2.56097e-07
6832.864581129188 8 7.91407e-08
6842.664580913674 8 2.0765e-07
6848.139341607128 6 5.17139e-08
6848.934110677917 10 1.48926e-08
6849.764581045026 8 1.05141e-07
6853.789341617612 6 2.49948e-08
6854.584110320864 10 5.29925e-08
6855.415040234201 8 5.46687e-08
6859.439341899691 6 4.20711e-08
6861.064580996927 8 9.30683e-08
6861.834110404262 10 1.45809e-08
6865.889341576833 6 1.30808e-07
6867.364581381417 8 3.3492e-08
6873.78934154179 6 7.80517e-08
6875.334110741789 10 2.68359e-08
6877.814580769032 8 8.34672e-07
6883.439341518893 6 6.84698e-08
6883.614581266363 8 3.79762e-08
6884.184110402962 10 8.27865e-08
6889.239341365593 6 9.64077e-07
6889.984110360868 10 3.65196e-08
6895.288108604392 2 4.26422e-08
6897.692506713078 9 1.721e-07
6898.509045690435 4 4.30422e-08
6903.492506678229 9 3.90332e-07
6904.309045567251 4 7.06632e-08
6906.688108622121 2 1.81011e-08
6909.959045723816 4 6.22395e-08
6910.59250686957 9 5.90822e-08
6913.938108498015 2 1.27005e-07
6917.762181606187 11 9.22432e-08
6917.80852279138 5 7.63829e-08
6922.788108818339 2 5.97704e-08
6928.438108591221 2 1.15329e-07
6929.913359687319 3 1.39073e-07
6935.713359763204 3 3.29914e-08
6940.48810879819 2 6.02612e-08
6943.484110286629 10 8.27112e-08
6944.189341630635 6 6.93756e-08
6949.284110487318 10 7.32252e-08
6949.989341775336 6 4.4146e-08
6953.214581010518 8 7.00767e-08
6957.184110345679 10 1.06142e-07
6958.039341757214 6 5.39678e-08
6958.864581191448 8 5.8892e-08
6962.834110118849 10 1.32569e-07
6963.689341359831 6 9.18346e-07
6965.964581424583 8 2.45771e-08
6970.084110102018 10 2.51688e-07
6974.01458099742 8 2.71016e-08
6974.789341630376 6 7.13197e-08
6979.664581346301 8 2.61752e-08
6983.639341439151 6 3.68666e-07
6984.38411019671 10 7.8982e-08
6985.964581280435 8 1.00931e-07
6991.588108357349 2 6.96363e-07
6994.009045398177 4 3.97742e-07
6995.592506677447 9 6.40043e-07
6999.638108575076 2 1.0298e-07
7001.242506948729 9 8.87821e-08
7001.259045474897 4 2.5195e-07
7005.438108703807 2 1.88765e-08
7007.059045395451 4 6.02873e-07
7007.692506671395 9 2.78926e-07
7011.738108508052 2 1.93722e-07
7013.342506893314 9 2.72384e-08
7013.35904548378 4 2.39959e-07
7017.538108476682 2 2.884e-08
7021.962181648742 11 7.56854e-08
7022.00852281981 5 1.76645e-07
7024.726684841734 7 3.75181e-08
7027.808523149573 5 3.15609e-08
7030.376684413902 7 1.35372e-06
7032.562181727273 11 3.60488e-08
7033.608523142382 5 2.32043e-08
7036.026684965118 7 8.02692e-08
7046.984110391684 10 4.42252e-08
7047.689341780649 6 3.71326e-08
7053.489341592727 6 1.07899e-07
7055.184110166995 10 1.36253e-07
7059.162181720859 11 7.11817e-08
7060.05852276833 5 2.64014e-07
7064.812736739315 11 5.79168e-08
7065.708522862924 5 1.24942e-07
7066.326684868877 7 8.70395e-08
7074.526685167499 7 4.71477e-09
7074.558523132891 5 2.07684e-08
7078.462181601533 11 1.50943e-07
7080.326684666542 7 2.64868e-08
7080.358522889082 5 5.2287e-08
7084.112727898448 11 8.40673e-08
7086.126685145744 7 5.26744e-08
7086.158523045078 5 5.1256e-08
7095.139341444325 6 1.78232e-07
7095.234110353341 10 3.6455e-08
7100.939341403501 6 3.7621e-07
7101.034110235347 10 1.20489e-07
7106.739341625817 6 2.15781e-07
7107.984110257692 10 9.14806e-08
7112.389341541358 6 1.14369e-07
7113.634110093744 10 2.38118e-07
7115.214580916173 8 1.77344e-07
7121.014581232007 8 1.22657e-08
7121.684110384205 10 1.00286e-08
7121.739341411576 6 3.12371e-07
7130.739341491058 6 2.60415e-07
7131.964581080127 8 2.21088e-08
7131.984110276151 10 8.35486e-08
7139.163359628493 3 1.37901e-07
7144.963359614688 3 5.12136e-08
7166.313359686097 3 2.06362e-07
7178.363359747748 3 7.32303e-08
7198.388108433808 2 4.34541e-07
