0.87883761549 9 4.90638e-08
6.46407802488 4 1.28759e-07
12.264077794761 4 4.49974e-07
15.4252910619 11 2.22336e-07
18.714078075609 4 8.11333e-08
21.075291175098 11 1.00735e-07
24.364077639807 4 4.22353e-06
26.679424283577 8 4.83867e-08
28.807532137621 10 9.92418e-08
28.903854548443 5 2.40993e-08
29.808272041222 3 7.49155e-08
30.678920746894 7 2.3567e-07
31.525291177904 11 1.02549e-07
32.135699715646 6 3.12755e-08
37.278921042636 7 5.83763e-08
37.325291037634 11 1.95256e-07
38.814077876882 4 5.63686e-07
39.679424392599 8 1.86697e-08
43.125291222401 11 1.78391e-07
47.814077748351 4 1.60495e-06
54.414078260165 4 3.03804e-08
55.278837655818 9 4.11616e-09
63.414077974144 4 3.11559e-07
69.078837607345 9 5.79007e-08
74.878837446374 9 1.54263e-07
79.579424104425 8 2.78143e-07
81.103854567635 5 2.97614e-08
82.008272235396 3 2.17232e-08
82.60753222579 10 3.93835e-08
82.814078294658 4 3.0844e-08
85.229424016033 8 1.48556e-07
88.464078040786 4 5.15332e-08
90.879424046196 8 3.23639e-07
92.503854381137 5 3.12216e-08
93.207532086312 10 1.3763e-07
93.258271972669 3 8.93449e-08
93.978920830949 7 6.28442e-08
94.875291238786 11 1.84343e-07
96.335699653928 6 5.35077e-08
98.914077879101 4 2.01614e-07
99.729424343338 8 8.25811e-09
103.753854529369 5 3.1702e-08
103.807532232475 10 1.29412e-07
105.458271794476 3 1.73269e-07
105.529424237262 8 1.44034e-07
109.378920801651 7 1.17211e-07
109.475291266618 11 5.71471e-08
109.607532406387 10 7.4024e-08
112.129424178508 8 1.90917e-07
113.508272105221 3 4.59675e-08
114.785699560905 6 9.28782e-08
115.178920883572 7 9.37947e-08
118.457532213995 10 1.19314e-07
120.075291276985 11 5.74233e-08
120.714078307593 4 9.97232e-08
120.829424380307 8 7.42813e-08
121.778920609053 7 7.20221e-07
122.508271944284 3 8.42808e-08
124.022940475946 2 5.64013e-08
124.107532427954 10 1.94658e-08
127.428920904673 7 1.13747e-07
129.822940219144 2 7.06617e-07
135.472940459698 2 1.06269e-07
136.928921281746 7 1.15126e-08
141.122940293391 2 8.62905e-07
146.922940415596 2 2.43426e-07
152.722940398749 2 1.1005e-07
158.52294045343 2 1.61185e-07
160.635700040765 6 1.16367e-08
164.172940570082 2 1.68674e-07
164.957532595209 10 6.3372e-09
170.622940534817 2 8.53848e-08
177.872940299857 2 1.25825e-07
180.158271914935 3 5.54803e-08
180.179282647189 7 2.91513e-07
180.207532009073 10 2.06966e-07
181.553854216152 5 1.07131e-07
182.479424318377 8 4.02808e-08
185.958271620567 3 1.11057e-06
186.80753236065 10 2.21658e-08
187.353854599498 5 3.4994e-08
188.672940756332 2 3.53723e-08
193.858271776548 3 4.01144e-07
193.953854195853 5 1.59153e-07
194.707532262498 10 3.36025e-08
195.479424241145 8 1.84972e-07
202.9538545133 5 4.86107e-08
210.353854359923 5 7.44554e-08
221.753854399657 5 3.78463e-08
261.153854707948 5 1.93915e-08
276.553854249353 5 1.06171e-07
293.279424225356 8 2.27827e-07
293.553854051583 5 1.85154e-07
294.058271683564 3 8.56406e-07
294.107532172768 10 4.27073e-08
299.353854351015 5 3.48507e-08
299.858271967794 3 1.23531e-07
304.707532336295 10 5.24558e-09
305.003854179618 5 1.65508e-07
305.65827203705 3 2.47326e-08
307.879424150453 8 2.60578e-07
311.964077855835 4 3.68071e-07
312.775291087106 11 1.54782e-07
316.879424304928 8 6.95987e-08
317.764078098773 4 1.56261e-07
319.178837660064 9 3.03306e-08
325.77883752563 9 1.02111e-07
328.21407810788 4 2.54145e-07
331.428837218402 9 1.15276e-06
337.864077820488 4 3.7891e-07
339.329424391662 8 9.33844e-08
343.514077995899 4 1.95634e-08
345.779424050996 8 2.47511e-07
349.164078185456 4 5.43033e-08
351.429424022894 8 6.12844e-07
352.903854523803 5 2.1011e-08
352.907532516828 10 1.78555e-08
352.908272236085 3 2.71763e-08
356.828837314112 9 2.85723e-07
363.479424151927 8 7.30098e-08
365.103854151074 5 2.33419e-07
365.10827190903 3 1.16492e-07
366.707532335115 10 2.09196e-08
370.903854154301 5 6.8108e-08
370.908271994462 3 1.57027e-07
371.529424091044 8 2.77986e-07
373.957532215263 10 6.01094e-08
377.179424074713 8 3.1292e-07
377.503854308004 5 3.80683e-08
379.108272159456 3 3.01313e-08
384.903854511525 5 2.87738e-08
393.903854366864 5 4.00423e-08
403.553854229438 5 1.07602e-07
405.079424075659 8 3.98329e-07
405.85753221315 10 7.76199e-08
408.264078266229 4 2.24733e-08
411.428837392606 9 2.57248e-07
415.514078026113 4 1.47459e-07
418.828837407734 9 9.75511e-08
424.478837472667 9 8.68301e-08
430.128837401922 9 1.49004e-07
449.12942448315 8 2.95364e-08
453.814078113768 4 6.31348e-08
458.6788375682 9 1.10616e-07
464.478837515082 9 1.15826e-07
470.664078208887 4 3.71969e-08
470.779424503135 8 1.40109e-08
472.078837532005 9 6.85707e-08
477.728837469274 9 7.96228e-08
483.528837492942 9 8.36746e-08
488.429424019235 8 6.56833e-07
489.264078192027 4 5.33232e-08
489.907532180732 10 1.0183e-07
490.47892081715 7 7.63772e-08
490.575291272446 11 1.62757e-08
492.03569959244 6 4.8792e-08
496.278921153226 7 3.7273e-08
497.835699922138 6 2.31189e-08
497.975291278705 11 1.17136e-07
501.928920899883 7 3.81995e-08
502.757532131986 10 1.01963e-07
503.308271907966 3 1.55093e-07
505.672940519625 2 2.43031e-08
509.328920645131 7 2.79659e-07
509.357532163287 10 4.51155e-08
509.90827196656 3 1.1077e-07
511.625291120705 11 3.91534e-07
513.014078395679 4 2.30654e-08
513.885699546821 6 1.17611e-07
519.685699667428 6 1.39217e-07
519.928920901666 7 1.21755e-07
520.625291383152 11 1.05431e-07
521.557532034709 10 1.01332e-07
522.60827170345 3 2.38045e-07
523.303854288373 5 5.13558e-08
523.379424155358 8 3.01077e-07
526.425291373043 11 7.0605e-08
526.528920765516 7 1.06127e-07
527.357532014308 10 1.24743e-07
528.258271933876 3 4.87847e-08
530.485699565719 6 9.90503e-08
532.225291403096 11 6.05421e-08
534.728920675774 7 5.37999e-07
535.557532124852 10 1.19981e-07
536.30827201715 3 5.20532e-08
537.875291207773 11 4.87356e-08
537.885699695323 6 3.84993e-08
542.629289980783 7 4.31894e-08
543.675291214763 11 1.58177e-07
544.25753232877 10 1.83045e-08
544.914078390217 4 7.96288e-08
545.029424336033 8 5.10297e-08
545.808271869121 3 1.70167e-07
548.922940275559 2 1.00036e-06
552.307532374926 10 4.39839e-08
553.07892099839 7 4.68175e-08
557.122940309765 2 6.04812e-07
560.408272111969 3 3.96289e-08
562.9229405249 2 5.19338e-08
568.572940271902 2 2.95676e-07
574.078921127497 7 2.38488e-08
574.935699831883 6 4.18761e-09
576.458272143924 3 3.53936e-08
576.507532414459 10 4.87298e-08
578.072940642267 2 6.95446e-08
579.728920849571 7 1.26084e-07
583.872940462678 2 1.08303e-07
585.528921024257 7 2.85893e-08
586.258271851875 3 1.82027e-07
586.957532333952 10 4.39827e-08
591.178920629674 7 4.86e-07
592.435699603551 6 4.45017e-08
593.975291205808 11 3.54411e-08
594.20753240537 10 7.82548e-09
599.835699436358 6 1.40866e-07
602.1752910804 11 8.82543e-07
605.635699494282 6 7.10802e-08
605.778920935352 7 1.44387e-08
607.857531993282 10 5.99675e-08
608.558271859732 3 1.17549e-07
610.172940396636 2 1.70528e-07
612.378920722887 7 2.14588e-07
613.507532379056 10 1.33915e-08
614.635699387598 6 1.38459e-07
616.475291322841 11 5.6447e-08
618.978920723415 7 7.72227e-08
619.657531957053 10 3.83223e-07
620.458271868209 3 7.26073e-08
622.125291234763 11 7.8294e-08
623.514078123479 4 4.08921e-08
623.629424035472 8 2.74727e-07
627.128837537695 9 1.17769e-07
631.714077834724 4 5.40618e-07
635.775291299719 11 2.89024e-08
638.964077952488 4 2.20655e-07
642.878837575778 9 7.84356e-08
648.464077956311 4 9.31909e-08
650.875291085836 11 3.04489e-07
654.114077934741 4 2.08591e-07
659.764077706672 4 2.4413e-06
661.279424035777 8 3.20401e-07
662.907532437884 10 1.44557e-08
662.90827223083 3 3.57738e-08
665.414078058469 4 1.36271e-07
668.52942409399 8 1.93002e-07
670.307532276807 10 5.1463e-08
670.308271998369 3 8.9772e-08
670.90385455062 5 3.72533e-08
672.514077820739 4 7.26538e-07
674.125291278238 11 8.0315e-08
678.96407818708 4 1.10601e-07
679.775291318075 11 2.08099e-08
686.364077919567 4 1.44769e-07
687.175291210848 11 4.4797e-08
692.164078325172 4 7.32437e-08
692.975291412188 11 4.79934e-08
698.764077962645 4 7.57522e-08
701.175291126397 11 8.30604e-08
706.164078112929 4 8.92316e-08
707.775291294708 11 6.13916e-08
711.964078206447 4 5.27273e-08
713.57529147761 11 2.9381e-08
717.764078407909 4 4.11978e-08
720.175291102317 11 2.49652e-07
722.829424127716 8 3.74505e-07
723.564078383994 4 5.42605e-08
724.554952228289 5 8.17319e-08
725.708271945854 3 1.77461e-07
730.203854258544 5 6.51908e-08
731.50827171432 3 5.01644e-07
732.457532136967 10 6.60232e-08
735.853854008792 5 3.02887e-07
740.508271970712 3 6.6173e-08
743.903854196928 5 5.20635e-08
744.657532443439 10 2.3807e-08
748.558271860361 3 2.24402e-08
749.553854532312 5 2.83472e-08
752.557532401367 10 4.13281e-08
757.453854036629 5 6.24005e-07
758.208271822957 3 1.46059e-07
758.879424128738 8 1.50958e-07
759.007532385908 10 3.3928e-08
762.878921229578 7 2.57713e-08
763.103854472338 5 1.9356e-08
764.679424285514 8 2.43128e-08
765.364078029782 4 5.37111e-08
768.375291228401 11 1.08811e-07
771.96407786709 4 8.78426e-07
775.775291265983 11 4.69081e-08
781.614077970776 4 2.46094e-08
782.375291346187 11 6.14658e-08
787.264492078259 4 4.94706e-08
788.02529158953 11 2.69534e-08
792.778837887731 9 2.525e-08
795.314077759855 4 5.09141e-07
796.729424148462 8 1.68422e-07
798.25753234116 10 6.9947e-08
799.153854646844 5 1.39941e-08
800.875291450128 11 3.69233e-08
801.478920873862 7 6.14345e-08
802.258271681174 3 4.39524e-07
802.379424308089 8 1.01532e-07
804.05753244582 10 2.03039e-08
807.203854232829 5 1.30516e-07
807.278921187137 7 2.58636e-08
808.029424119124 8 3.12355e-07
808.058271983198 3 7.03951e-08
813.003854477827 5 3.01066e-08
824.253854314415 5 4.89016e-08
841.103854756677 5 2.90781e-08
859.553854450908 5 2.51982e-08
875.453854778755 5 1.02098e-08
882.703854470493 5 4.08602e-08
895.553854230983 5 1.89795e-07
896.229424287328 8 5.96251e-08
896.258272175701 3 7.80345e-08
918.503854577434 5 1.08314e-08
926.029424358281 8 5.52324e-08
935.503854308781 5 8.24804e-08
935.829424005097 8 1.71191e-07
936.907532423696 10 2.40616e-08
937.614077943164 4 2.63636e-07
941.629424142715 8 1.22334e-07
943.414078213066 4 5.6475e-08
948.02883748764 9 3.36125e-08
950.664077859915 4 2.20511e-07
951.429424072209 8 1.74652e-07
952.957532483091 10 1.72865e-08
953.803854451748 5 1.66519e-08
963.453854659324 5 4.17336e-08
998.703854580885 5 9.76515e-09
1016.203854443018 5 6.03375e-08
1036.253854321604 5 4.35416e-08
1072.153854176868 5 1.30495e-07
1082.60385467881 5 1.37932e-08
1112.129424161927 8 3.03684e-07
1112.253854467593 5 5.64466e-08
1113.807532170035 10 4.53387e-08
1114.558271938097 3 1.44236e-07
1115.328920663607 7 4.66723e-07
1120.022940719439 2 9.31245e-08
1121.128921220929 7 1.50774e-08
1125.822940332846 2 1.90361e-07
1130.758272206762 3 6.77578e-08
1131.578920961482 7 2.74202e-08
1133.135700052143 6 1.62058e-08
1137.228920994355 7 1.57971e-08
1138.007532415671 10 4.64691e-09
1138.02294051151 2 1.31136e-07
1142.808271851542 3 7.61047e-08
1143.678920812544 7 9.88534e-08
1143.807531862631 10 2.67867e-06
1145.985699531832 6 8.96908e-08
1148.175291361129 11 4.53332e-08
1151.785699632316 6 1.04334e-07
1157.435699251825 6 1.40536e-06
1159.078920927061 7 4.97272e-08
1160.375291173902 11 5.40892e-08
1161.957532143833 10 1.30317e-07
1162.70827200902 3 8.18922e-08
1164.329424384574 8 8.24078e-08
1164.878920809114 7 6.93443e-08
1166.435699619107 6 8.67995e-08
1167.475291005464 11 8.46123e-07
1168.964078406664 4 3.81906e-08
1170.678920737603 7 2.00079e-07
1172.407532142519 10 7.93213e-08
1174.63569948334 6 2.60838e-07
1178.078920789324 7 1.55784e-07
1179.007532174029 10 3.87933e-08
1180.303854485266 5 2.37956e-08
1180.358271754586 3 1.27218e-07
1182.07529124347 11 1.12616e-07
1182.129424436181 8 2.0711e-08
1182.764078461089 4 7.12498e-08
1183.728920802402 7 6.15601e-08
1184.657531985499 10 1.01388e-07
1188.503854425705 5 4.88376e-08
1188.558271955093 3 5.23455e-08
1188.729423955784 8 7.97149e-07
1190.964077964801 4 1.9404e-07
1196.764078140278 4 2.24189e-08
1198.428837711617 9 3.81241e-08
1202.379424450919 8 4.30323e-08
1204.014078210928 4 3.20582e-08
1209.528837356759 9 1.50551e-07
1215.328837571466 9 4.54408e-08
1220.978837557211 9 3.50646e-08
1223.264078269612 4 1.58474e-08
1226.429424403272 8 6.26627e-08
1231.964077782366 4 3.26203e-07
1232.079424401687 8 9.51135e-08
1237.528837376891 9 5.44824e-08
1243.328837478161 9 1.95517e-07
1248.978837394812 9 2.93655e-07
1259.278837659438 9 2.07689e-08
1268.778837354933 9 1.85411e-07
1274.414078173671 4 3.36489e-08
1280.064078398566 4 2.84476e-08
1280.8288374709 9 7.01232e-08
1286.478837501551 9 7.79631e-08
1291.964078078067 4 8.22116e-08
1293.57942428138 8 1.10384e-07
1295.075291327574 11 9.0074e-08
1295.107532223366 10 4.84319e-08
1295.928920568493 7 5.81556e-07
1296.785699733453 6 4.78072e-08
1302.475291194748 11 8.97573e-08
1303.32892109726 7 2.59822e-08
1303.385699374039 6 2.26432e-07
1306.50753219613 10 2.36394e-08
1308.829424388989 8 1.50768e-08
1309.128920726591 7 1.01197e-07
1311.285699708108 6 4.9988e-08
1311.325291186322 11 1.52763e-07
1314.778920724043 7 1.12156e-07
1316.81407805494 4 1.39491e-07
1316.975291309406 11 5.32103e-08
1317.67942411129 8 1.66168e-07
1320.678837918195 9 3.12808e-08
1323.329424426875 8 2.62917e-08
1324.064078118813 4 3.73055e-08
1331.128838052448 9 1.39968e-08
1336.928837249603 9 2.15997e-07
1341.714077858903 4 6.25264e-08
1343.275291103133 11 1.08264e-07
1346.407532028442 10 2.31288e-07
1346.429424214028 8 5.64836e-08
1346.978920826131 7 4.57612e-08
1347.103854532186 5 2.33748e-08
1347.158271824698 3 1.54876e-07
1350.422940431357 2 7.40297e-08
1356.222940209759 2 1.1351e-06
1358.607532455678 10 3.0885e-08
1359.178921041831 7 2.50344e-08
1364.122940619218 2 6.23557e-08
1365.778920858181 7 8.58766e-08
1366.657532388304 10 2.27322e-08
1369.922940570224 2 6.50978e-08
1370.55827213738 3 8.12207e-08
1375.57294014512 2 1.53387e-06
1381.028920769644 7 2.45249e-07
1381.107531997967 10 9.63986e-08
1381.158271844067 3 1.26139e-07
1382.629424516029 8 3.53345e-08
1384.785699822999 6 3.05304e-08
1386.828920654899 7 1.78647e-07
1386.907532023856 10 2.93526e-07
1386.958271932428 3 5.77299e-08
1388.922940401725 2 1.41757e-07
1392.628920851445 7 7.55969e-08
1392.707532044321 10 1.2093e-07
1392.758271827627 3 2.3231e-07
1394.529424081461 8 5.40563e-07
1396.903854337135 5 6.55299e-08
1398.428921048858 7 3.80888e-08
1398.507532053333 10 1.07149e-07
1398.55827187476 3 1.86894e-07
1400.179424061485 8 2.63722e-07
1405.614078352439 4 7.09936e-08
1405.979424599688 8 2.12558e-08
1409.907532312948 10 3.46036e-08
1410.375291311796 11 6.51739e-08
1411.428920515749 7 2.95852e-06
1413.635699406591 6 1.09089e-07
1416.175290937718 11 1.55099e-06
1417.957532048564 10 1.23337e-07
1418.028920949574 7 3.63469e-08
1418.608272056652 3 5.67831e-08
1418.679424057082 8 2.37288e-07
1421.014078022817 4 7.5983e-08
1425.828837413622 9 3.51507e-07
1431.628837286812 9 8.03928e-07
1437.280522071385 8 1.79741e-07
1438.603853973811 5 3.70719e-07
1438.808271908555 3 2.23255e-07
1442.15753218409 10 5.82227e-08
1443.079424039055 8 3.90198e-07
1446.014077899903 4 3.98496e-07
1446.975291211725 11 1.00725e-07
1448.478920808457 7 1.11208e-07
1449.38569945238 6 3.96271e-08
1452.607532375991 10 2.45699e-08
1453.425291323989 11 6.67941e-08
1455.035699630228 6 6.85598e-08
1455.07892083422 7 1.03402e-07
1460.657531959886 10 2.61505e-07
1460.878920863153 7 9.79349e-08
1461.379424131923 8 3.47797e-07
1461.408271941088 3 5.48249e-08
1462.203854539896 5 3.3532e-08
1463.814077821892 4 4.06622e-07
1466.928837970511 9 2.36739e-08
1472.014077911025 4 3.92201e-07
1472.779424157523 8 2.671e-07
1475.203854412501 5 3.12705e-08
1486.453854339877 5 8.83356e-08
1500.903854334175 5 7.58608e-08
1503.229424039798 8 3.10206e-07
1504.707532285827 10 5.36714e-08
1505.608271959325 3 1.15344e-07
1506.553854082181 5 5.66251e-07
1508.879424053346 8 3.04264e-07
1512.058272159225 3 4.51473e-08
1515.479424164229 8 1.87242e-07
1516.864078254422 4 3.07077e-08
1522.664078068151 4 7.85402e-08
1525.128837353217 9 4.46724e-07
1534.778837450612 9 1.80951e-07
1540.578837527066 9 9.5399e-08
1546.714078043465 4 8.53888e-08
1551.529424126345 8 2.02486e-07
1555.378837399409 9 1.76258e-07
1561.028837596765 9 1.21733e-07
1566.678837641544 9 3.10014e-08
1572.214077797757 4 1.21439e-06
1579.529154045174 9 9.26072e-08
1583.464078055697 4 1.30189e-07
1585.82883743684 9 1.2834e-07
1591.4788374817 9 1.07388e-07
1598.629424369346 8 6.62699e-08
1603.514078054662 4 1.05747e-07
1604.107532388168 10 1.97354e-08
1604.27942430922 8 1.37639e-07
1605.025291539887 11 3.35301e-08
1609.828837427037 9 1.04349e-07
1615.628837390251 9 9.76159e-08
1618.61407806774 4 5.87699e-08
1621.278837861654 9 2.07568e-08
1624.414078183583 4 5.78804e-08
1625.92942431411 8 9.54777e-08
1630.025291126329 11 1.42011e-07
1630.064077883703 4 1.26959e-07
1634.328837591955 9 4.76914e-08
1636.664078073106 4 1.1992e-07
1640.478837690334 9 1.07455e-07
1645.364078019046 4 5.99532e-08
1646.779424116467 8 2.74549e-07
1648.307532181814 10 2.50775e-08
1649.128921078699 7 7.5987e-08
1649.925290936241 11 2.3485e-06
1651.014078332104 4 3.5651e-08
1655.479424234284 8 1.44032e-07
1655.575291531623 11 5.26642e-08
1656.814078290129 4 6.52263e-08
1660.128837327217 9 3.46015e-07
1665.928837389965 9 1.70897e-07
1669.014078323504 4 5.58937e-08
1674.628837557665 9 1.69546e-07
1680.329424347379 8 4.25869e-08
1683.628837437891 9 1.96165e-07
1689.979424188363 8 1.06183e-07
1690.014078023157 4 1.21143e-07
1693.225291373545 11 9.38985e-08
1695.814077946591 4 2.82187e-07
1699.025291086173 11 2.91951e-07
1701.464078329883 4 6.83508e-08
1704.675291177286 11 7.30228e-08
1707.26407818883 4 1.16972e-07
1710.77883770292 9 2.64224e-08
1716.428837280676 9 4.55838e-07
1725.229424051064 8 2.27536e-08
1726.664078137968 4 8.08072e-08
1727.557532079874 10 2.42168e-08
1727.625291516102 11 5.3363e-08
1728.258272004159 3 3.65678e-08
1728.378920647661 7 1.34772e-07
1730.635699621438 6 5.72284e-08
1733.357532021789 10 9.06802e-08
1733.779424172251 8 8.27081e-08
1733.803854130195 5 1.2796e-07
1734.058271812228 3 2.44612e-07
1737.114078120582 4 6.89089e-08
1741.228837579796 9 6.79876e-08
1747.714077862306 4 2.51654e-08
1751.825291503947 11 1.66343e-08
1753.51407817199 4 7.42947e-08
1756.478837368247 9 1.84312e-07
1759.314078249391 4 2.65477e-08
1763.579424075061 8 2.18047e-07
1765.20385459258 5 5.92075e-08
1765.557532127136 10 1.43117e-07
1766.178920817945 7 7.31503e-08
1767.058271963403 3 6.76611e-08
1769.379424201378 8 2.37e-07
1773.978837299598 9 3.6688e-07
1777.579424064904 8 2.42223e-07
1782.178837602882 9 1.106e-07
1787.978837531681 9 1.03889e-07
1793.628837289174 9 3.96528e-07
1799.27883751109 9 1.04207e-07
1801.464078026009 4 8.70168e-08
1803.079424624137 8 2.47899e-08
1804.928837288848 9 1.52988e-06
1818.329424039517 8 3.83308e-07
1819.914078056157 4 1.27265e-07
1825.478837503765 9 7.44109e-08
1830.379424153884 8 1.6353e-07
1831.164077837006 4 3.86532e-07
1834.978837498385 9 1.1392e-07
1846.228837573335 9 5.35728e-08
1856.678837767298 9 3.69311e-08
1858.264078201078 4 1.64386e-07
1862.328837613693 9 5.04748e-08
1864.679424164013 8 2.17994e-07
1864.714078068774 4 7.98168e-08
1866.257532286411 10 4.24499e-08
1870.479424322826 8 6.59827e-08
1870.51407786028 4 2.43737e-07
1877.079424135685 8 1.33311e-07
1878.203854353793 5 1.18202e-07
1879.864078023094 4 1.79411e-07
1882.308271957935 3 9.12393e-08
1882.879423966806 8 1.49371e-06
1883.107532171912 10 7.50433e-08
1884.525291338674 11 7.18636e-08
1884.628920821228 7 6.89101e-08
1886.08569956021 6 3.95902e-08
1887.958272126271 3 2.4519e-08
1888.679424446359 8 1.01834e-08
1888.757532175275 10 4.27523e-08
1890.278920607111 7 3.13304e-07
1892.653854467355 5 3.55667e-08
1894.479424089705 8 2.3963e-07
1894.557532311625 10 6.61786e-08
1912.853854489436 5 5.90602e-08
1918.653854556754 5 2.18168e-08
1928.453854348592 5 6.12325e-08
1929.879424132247 8 1.79858e-07
1929.957532107497 10 9.39942e-08
1930.408271896797 3 9.40184e-08
1933.514078125734 4 9.28186e-08
1935.278920733001 7 8.17596e-08
1935.679424538553 8 4.32378e-08
1935.757531992437 10 2.97614e-07
1936.058271913543 3 1.0935e-07
1939.16407843693 4 2.33928e-08
1939.853854148623 5 2.10156e-07
1941.479424224364 8 6.37873e-08
1941.557532018321 10 2.14804e-07
1941.708271985447 3 7.71789e-08
1942.378920772725 7 1.07061e-07
1947.357531876745 10 2.0062e-06
1947.358271821139 3 2.04233e-07
1948.179237951896 7 5.04907e-08
1948.853854536248 5 2.44254e-08
1948.879424553172 8 4.84619e-08
1951.085699826727 6 9.02702e-09
1953.978920794853 7 1.23034e-07
1956.422940387987 2 7.04334e-08
1958.757532123027 10 4.24156e-08
1958.758271897525 3 6.8346e-08
1959.778920528625 7 2.72979e-06
1960.885699653262 6 3.53786e-08
1964.557532270324 10 2.22311e-08
1965.578920860575 7 2.23277e-08
1966.685699472152 6 7.83432e-08
1969.525291112883 11 1.21309e-07
1972.014078002124 4 1.98188e-07
1974.735699617915 6 2.91909e-08
1975.325291369292 11 1.12053e-08
1975.378920755332 7 1.45385e-07
1976.45753234514 10 3.52895e-08
1980.385699680649 6 5.02748e-08
1981.179352616486 7 4.12727e-07
1982.107532197934 10 9.89771e-08
1982.614078271356 4 5.79385e-08
1982.679424154142 8 8.64004e-08
1983.608272116184 3 5.49865e-08
1988.479424076927 8 2.89379e-07
1989.053854067918 5 5.05556e-07
1989.258271866011 3 5.47973e-08
1994.853854006236 5 1.68991e-06
1994.908271887682 3 1.0022e-07
1995.579424082324 8 1.54252e-07
1996.40753237192 10 6.27783e-08
2007.779424132257 8 1.40737e-07
2007.853854198655 5 1.79292e-07
2008.558271792643 3 1.93572e-07
2008.607532231166 10 2.98044e-08
2019.179423829597 8 2.57041e-05
2019.253854478199 5 5.1684e-08
2020.41407826532 4 4.25716e-08
2020.807532279631 10 8.94512e-08
2023.508272054686 3 4.02932e-08
2024.979424413695 8 6.9992e-08
2025.078920977472 7 1.83549e-08
2025.9252910934 11 3.12903e-07
2027.48569962402 6 7.06034e-08
2029.007532317876 10 2.96624e-08
2030.878921052067 7 2.63252e-08
2031.579424069014 8 4.12492e-07
2032.464078191013 4 9.23579e-08
2037.379424323498 8 3.4283e-08
2040.664078196187 4 3.94135e-08
2043.179423906979 8 1.93481e-06
2044.103854258389 5 4.89067e-08
2044.407532231551 10 3.2982e-08
2044.508271937741 3 3.46194e-08
2048.829424112371 8 2.17873e-07
2049.36407804952 4 4.09901e-08
2050.125291129495 11 2.17968e-07
2051.728920758257 7 1.29885e-07
2051.807532064774 10 1.47907e-07
2052.708272177497 3 5.96036e-08
2054.085699385638 6 4.48965e-07
2057.528920835222 7 1.53063e-08
2057.607532584755 10 2.10831e-08
2058.325291337095 11 6.4519e-08
2060.764078366792 4 2.71128e-08
2062.358271918832 3 8.18015e-08
2063.328921042658 7 3.74347e-09
2063.407532292756 10 6.50711e-08
2064.372940573051 2 8.0316e-08
2067.975291057854 11 3.00143e-07
2070.007532152599 10 7.84464e-08
2070.329424171166 8 2.04443e-07
2071.228920933511 7 4.98315e-08
2073.775291440217 11 7.25818e-08
2074.414078039437 4 1.13861e-07
2076.129424543113 8 3.4583e-08
2080.078837599852 9 1.21369e-07
2082.429424368235 8 2.51711e-08
2085.87883772955 9 5.78538e-08
2088.06407787731 4 3.87121e-07
2089.67529108667 11 2.35318e-07
2095.475291423599 11 1.33006e-07
2098.6663461707 4 7.69757e-08
2102.725291371057 11 5.21057e-08
2108.314078009124 4 8.50979e-08
2108.375291365146 11 8.61484e-08
2111.429424129121 8 1.97582e-07
2114.114077950417 4 1.79987e-07
2118.428837535799 9 5.78897e-08
2120.714077922636 4 3.11606e-07
2121.079424235196 8 1.5099e-07
2122.675291488807 11 2.62033e-08
2123.357532103995 10 1.15919e-07
2124.008271766668 3 2.3222e-07
2124.053854178626 5 2.79091e-07
2126.514078112662 4 1.37456e-07
2126.729424082786 8 2.80936e-07
2132.379424259847 8 4.52778e-08
2139.378837327203 9 6.07236e-07
2145.17883739354 9 1.85522e-07
2148.279423958318 8 7.92906e-07
2149.807532255878 10 7.32543e-08
2149.853854022143 5 5.84955e-07
2150.60827198237 3 4.59561e-08
2166.05385423968 5 2.97635e-08
2194.903854467205 5 1.52838e-08
2202.003854215489 5 1.55249e-07
2203.379424068127 8 2.49254e-07
2205.764077903683 4 2.16863e-07
2206.575290991969 11 2.52656e-07
2209.678920721204 7 1.23573e-07
2209.685699627414 6 6.93893e-08
2211.607531923118 10 9.42234e-07
2212.379424271755 8 1.21469e-07
2212.408271874599 3 2.58547e-07
2213.975291451736 11 3.57939e-08
2215.478921063231 7 3.68582e-08
2215.486024084795 6 1.16969e-08
2216.364078049858 4 2.01414e-07
2219.657532133851 10 9.67023e-08
2220.60827211201 3 1.40085e-08
2221.278921008125 7 3.48422e-08
2222.87294036493 2 1.05723e-07
2227.078920920934 7 7.91356e-08
2228.657532266571 10 7.43128e-08
2228.65827202947 3 7.27249e-08
2230.272940572512 2 7.92781e-09
2236.072940136234 2 2.68946e-06
2241.722940389126 2 9.48109e-08
2247.778920938668 7 2.83641e-08
2248.85753245693 10 3.4695e-08
2248.858272092244 3 5.80607e-08
2249.122940414405 2 2.05115e-07
2254.922940522978 2 1.38476e-07
2260.722940393586 2 1.47432e-07
2266.522940340706 2 4.75593e-07
2271.829352826664 7 2.59034e-08
2273.057532359786 10 4.06316e-08
2273.058272011993 3 1.26713e-07
2273.922940491503 2 9.66796e-08
2278.858272088696 3 3.45152e-08
2279.657532475119 10 2.02499e-08
2279.722940648631 2 8.75603e-08
2280.6789211642 7 2.62844e-08
2285.522940477652 2 1.03512e-07
2290.085699914725 6 2.49769e-08
2290.328920771839 7 3.46352e-08
2292.622940326623 2 2.58803e-07
2298.422940371159 2 1.8327e-07
2304.072940738976 2 7.02309e-08
2305.579344098565 7 1.79299e-08
2307.057532071086 10 1.31918e-07
2307.058271836099 3 2.09383e-07
2310.135699367014 6 3.481e-07
2311.228920981351 7 2.93973e-08
2311.775291095372 11 9.95912e-08
2315.935699631207 6 5.62369e-08
2316.857532242026 10 2.56349e-08
2316.878920713421 7 1.61449e-07
2317.575291352293 11 9.87611e-08
2318.979424476578 8 4.13012e-08
2321.585699619254 6 1.22356e-07
2323.375290887194 11 2.14954e-06
2324.564078198548 4 8.11653e-08
2327.385700022519 6 8.16215e-09
2331.57529103308 11 2.1308e-07
2333.564078094138 4 1.93806e-07
2333.579424182655 8 2.45106e-07
2333.857532360697 10 6.10329e-08
2337.375291339521 11 2.57383e-08
2337.685699489888 6 8.02468e-08
2337.878920892083 7 7.49247e-08
2343.175291353531 11 8.42962e-08
2343.357532149909 10 3.51763e-08
2343.678920819694 7 1.15068e-07
2344.179424327239 8 1.01878e-07
2344.708271847842 3 2.11247e-07
2348.935699840977 6 1.55528e-08
2350.572940577021 2 7.67657e-08
2350.629283114006 7 2.12242e-08
2356.222940611795 2 2.12035e-08
2356.908272139408 3 5.90856e-08
2357.007532401636 10 1.31262e-08
2357.078920953715 7 5.19729e-08
2361.872940216383 2 7.04395e-07
2367.672940584566 2 4.52909e-08
2368.478921092319 7 2.30391e-08
2373.972940490612 2 1.87566e-07
2377.908272006142 3 1.89376e-07
2377.978920699804 7 3.26299e-07
2378.657532293445 10 2.01027e-08
2379.622940410817 2 1.69458e-07
2385.422940494999 2 8.33896e-08
2390.178920747783 7 9.4037e-08
2392.022940491286 2 4.41909e-08
2397.822940471118 2 1.41942e-07
2403.657532092695 10 1.46971e-07
2403.678920658681 7 3.89899e-07
2404.508272079711 3 3.66131e-08
2405.775291245507 11 8.73529e-08
2406.585699598575 6 7.01641e-08
2412.225291420703 11 2.94887e-08
2412.235699620435 6 5.58032e-08
2415.878920771382 7 8.56956e-08
2418.035699412955 6 2.84649e-07
2425.43569930058 6 8.5789e-07
2427.278921207963 7 1.50364e-08
2431.235699426513 6 1.08819e-07
2434.678920990565 7 5.2673e-08
2436.125291255416 11 6.37566e-08
2437.035699942152 6 1.11962e-08
2438.564078028843 4 5.83761e-08
2439.42942408204 8 9.00106e-08
2440.657532341018 10 6.24596e-08
2440.708272062784 3 4.89458e-08
2440.953854357307 5 2.52124e-08
2463.553854663341 5 2.34913e-08
2468.279424155297 8 2.16888e-07
2469.203854127439 5 1.09231e-07
2469.657532220301 10 5.36323e-08
2469.708271751352 3 4.90813e-07
2474.853854352662 5 6.84946e-08
2475.457532481615 10 2.02003e-08
2475.508272012971 3 3.93152e-08
2478.578921198372 7 3.4326e-08
2480.503854303288 5 5.30935e-08
2481.308272011771 3 4.54014e-08
2481.922940619751 2 5.90999e-08
2484.307532308305 10 3.25735e-08
2487.603854135335 5 1.72862e-07
2487.608271776666 3 2.01116e-07
2489.129424121555 8 1.84479e-07
2489.95753231157 10 3.49669e-08
2491.578920834548 7 4.46686e-08
2493.735699415631 6 2.24512e-07
2497.775291127534 11 1.63043e-07
2499.41407798033 4 1.96774e-07
2500.529424344954 8 1.12518e-07
2503.77883761562 9 6.5268e-08
2512.628837650202 9 2.94815e-08
2514.814078195746 4 2.72784e-08
2519.878837509643 9 1.0768e-07
2522.979424026558 8 3.72043e-07
2524.557532355144 10 3.25665e-08
2524.603854487875 5 4.47557e-08
2524.608272138114 3 7.53546e-08
2528.578837505344 9 1.63239e-07
2539.178837558867 9 7.07471e-08
2544.828837248138 9 8.90667e-07
2550.478837512436 9 3.59133e-08
2555.014078081357 4 1.09105e-07
2559.178837431094 9 1.29688e-07
2564.828837507639 9 2.47463e-08
2570.478837565135 9 3.04464e-08
2581.429424431438 8 5.16011e-08
2584.778837705799 9 4.54808e-08
2587.214077859129 4 3.17563e-07
2587.22942435667 8 1.00195e-07
2588.575291268277 11 1.67315e-07
2593.01407782058 4 3.84281e-07
2594.375291040887 11 3.4343e-07
2598.664078053476 4 8.97902e-08
2603.278837464967 9 1.69446e-07
2607.664077727138 4 3.9154e-07
2608.975291590217 11 3.03512e-08
2613.57883763663 9 2.12065e-08
2615.864077987842 4 1.71072e-07
2617.679424239786 8 9.23354e-08
2620.075291056174 11 6.55472e-07
2620.578920965252 7 2.71817e-08
2621.485699461181 6 2.40946e-07
2624.757532183507 10 4.02949e-08
2624.808272138385 3 2.96637e-08
2626.378921036192 7 1.32431e-08
2626.525291324038 11 3.2342e-08
2627.329424036989 8 1.09743e-07
2628.803854118983 5 3.77318e-07
2630.608272024626 3 1.00424e-07
2634.60385410477 5 1.46499e-07
2636.179424116654 8 1.29622e-07
2636.258272132505 3 3.75547e-08
2644.253854265112 5 6.16156e-08
2645.258271802947 3 3.67152e-07
2646.629424063478 8 3.7311e-07
2648.864078375235 4 1.39792e-08
2651.278837439441 9 1.33864e-07
2657.078837639081 9 4.94506e-08
2662.728837671536 9 7.45119e-08
2668.378837625029 9 9.73947e-08
2674.02883750912 9 5.85308e-08
2677.864078042873 4 1.5045e-07
2682.578837703941 9 6.84453e-08
2688.37883769562 9 5.85101e-08
2692.279423984538 8 1.46937e-06
2693.764078263915 4 2.78841e-08
2694.557532139343 10 1.45843e-08
2694.575291507015 11 3.14275e-08
2694.578921002941 7 5.35987e-08
2695.408271980851 3 1.78495e-08
2696.153854329667 5 2.52203e-08
2698.079424386931 8 5.7833e-09
2699.564077963473 4 1.03377e-07
2701.17529137575 11 4.35522e-08
2707.775291332058 11 1.32387e-07
2708.56407810315 4 1.33466e-07
2714.214078035024 4 2.79219e-07
2715.579424262988 8 6.4823e-08
2717.157532094937 10 9.80631e-08
2717.978920951384 7 1.61129e-08
2718.008271681929 3 5.7398e-07
2718.753854587255 5 7.25897e-09
2720.475291386604 11 3.85702e-08
2721.235699903603 6 1.38344e-08
2722.957532522196 10 1.68758e-08
2723.779254199816 7 1.93697e-08
2725.372940336243 2 4.7055e-07
2728.608272041931 3 4.46099e-08
2728.757532336692 10 3.91063e-08
2731.022940301342 2 6.34662e-07
2738.4229402294 2 3.85655e-07
2744.072940628628 2 5.8975e-08
2744.6289211578 7 2.51793e-08
2744.807532500358 10 1.88249e-08
2748.658272344615 3 2.49398e-08
2755.835700002541 6 1.32265e-08
2755.972940645765 2 7.89807e-08
2756.828921237351 7 2.02799e-08
2761.622940355492 2 1.17322e-07
2767.272940198858 2 1.08277e-06
2772.92294068775 2 5.05914e-08
2773.657532059683 10 2.29603e-07
2773.658271902511 3 8.05606e-08
2773.678920735498 7 1.69505e-07
2778.572940269478 2 3.56623e-08
2784.37294014679 2 7.47862e-07
2790.172940185016 2 9.75942e-07
2792.257532165165 10 8.74348e-08
2792.278920830094 7 4.1006e-08
2792.90827201139 3 1.05279e-07
2795.972940501794 2 8.11584e-08
2801.77294019624 2 3.43911e-07
2807.572940602224 2 8.21593e-08
2808.30827203807 3 7.37686e-08
2808.457532319223 10 6.73231e-08
2808.478920948368 7 1.82896e-08
2814.172940477098 2 1.65508e-07
2820.657532433586 10 4.2365e-08
2820.678920866682 7 6.1344e-08
2825.422940269354 2 5.5962e-07
2831.222940295269 2 4.05249e-07
2836.872940325145 2 3.53068e-07
2840.535699841876 6 1.85329e-08
2842.52294042139 2 8.89155e-08
2844.508272002523 3 8.11301e-08
2844.857532180982 10 4.41035e-08
2844.878920594388 7 8.27352e-07
2846.18569966726 6 5.03944e-08
2846.925291467286 11 4.6238e-08
2848.579424363834 8 3.39662e-08
2850.678920623283 7 5.9568e-07
2851.307532105015 10 9.67051e-08
2852.558272086743 3 3.00845e-08
2853.525291221804 11 6.49329e-08
2855.035699474807 6 9.78264e-08
2857.278920645462 7 1.72101e-07
2857.45753225438 10 6.61649e-08
2859.008272283377 3 1.88508e-08
2860.685699442191 6 6.12866e-08
2863.025291574458 11 4.76147e-08
2863.078920857098 7 9.14449e-08
2866.335699674143 6 3.75939e-08
2868.514078175176 4 5.7732e-08
2868.82529131559 11 9.72757e-08
2869.507532049238 10 2.15865e-07
2869.528920742053 7 9.79321e-08
2870.258271967573 3 9.33614e-08
2871.985699468047 6 1.46091e-07
2874.475291187445 11 1.6648e-07
2875.3075320836 10 1.85641e-07
2875.328920831087 7 2.78923e-08
2876.629424162723 8 6.96778e-08
2876.708271883635 3 9.75153e-08
2877.35385446275 5 1.24891e-08
2881.478837534276 9 8.78806e-08
2887.27916313079 9 9.90504e-08
2889.514077776963 4 8.74136e-07
2891.17529095713 11 4.18065e-07
2895.314077977133 4 6.92866e-08
2896.029424225428 8 9.63918e-08
2897.907532129823 10 2.0819e-07
2898.578920949549 7 2.34137e-08
2899.30827213725 3 2.49221e-08
2900.025291327997 11 4.92658e-08
2900.685699561121 6 7.92397e-08
2916.885699614929 6 4.46794e-08
2917.825291288338 11 8.49371e-08
2918.62892088636 7 9.9957e-08
2919.407532445783 10 2.16296e-08
2920.014077951341 4 9.98899e-08
2920.879424131031 8 2.06428e-07
2922.353854209434 5 1.03461e-07
2922.558271912578 3 5.75268e-08
2926.679424014061 8 7.33216e-07
2926.80753235304 10 5.22443e-08
2928.214077972442 4 1.06505e-07
2928.425291259 11 3.2453e-08
2930.75827185527 3 1.1101e-07
2930.903854065695 5 5.43707e-07
2936.558272115639 3 6.33054e-08
2936.70385433603 5 8.37934e-08
2941.407532355833 10 3.10425e-08
2942.079423981608 8 1.28278e-06
2942.353854370287 5 6.58648e-08
2942.358272147702 3 2.84449e-08
2948.953854284999 5 1.35025e-07
2950.108271936433 3 8.31128e-08
2950.129424089821 8 3.02442e-07
2950.907532018615 10 1.95767e-07
2952.428920802474 7 4.91281e-08
2954.814078276836 4 5.51948e-08
2955.908271691452 3 1.68295e-07
2955.929424284166 8 9.96333e-08
2956.353854276042 5 7.80356e-08
2956.557532052368 10 8.67855e-08
2964.129424294969 8 4.50735e-08
2966.928837350081 9 2.69834e-07
2972.578873456386 9 8.82559e-08
2978.22883751385 9 6.22957e-08
2983.529424046069 8 6.59094e-07
2985.353854563681 5 3.16777e-08
3015.803854312072 5 5.15753e-08
3024.653854584726 5 2.31153e-08
3036.703854536426 5 2.1405e-08
3047.729424124066 8 8.47196e-08
3048.603854159875 5 1.44678e-07
3049.407532360904 10 2.72864e-08
3049.408321135864 3 1.61496e-07
3053.379424359989 8 8.01312e-08
3054.2538541476 5 8.84564e-08
3055.20827215312 3 2.33303e-08
3058.907532201706 10 3.6234e-08
3059.029424149252 8 1.5016e-07
3059.903854454128 5 2.75796e-08
3062.07892080856 7 2.50816e-07
3062.875291282479 11 7.81522e-08
3064.485699438182 6 4.62934e-07
3067.107532008131 10 1.51906e-07
3067.758271818546 3 1.1087e-07
3067.878920883042 7 1.28547e-07
3068.679424456 8 4.47743e-08
3069.553854635128 5 3.789e-09
3070.422940535656 2 1.07247e-07
3075.158272453785 3 8.43569e-09
3076.072940510847 2 6.04167e-08
3078.328920963165 7 2.47721e-08
3081.72294018299 2 6.99327e-07
3087.208272355337 3 1.33426e-08
3087.372940591424 2 2.41913e-08
3093.022940470693 2 7.80631e-08
3098.672940286055 2 6.00929e-07
3106.378921042378 7 9.89354e-09
3107.222940232217 2 5.58289e-07
3110.458272134521 3 3.42049e-08
3112.872940477861 2 7.89208e-08
3115.229228841401 7 2.8584e-08
3115.957532205262 10 8.22637e-08
3116.758272105916 3 4.26442e-08
3118.522940219946 2 7.14452e-07
3124.158271870847 3 6.98728e-08
3124.172940699454 2 5.15933e-08
3124.957532058072 10 2.36707e-07
3125.678920608577 7 2.19176e-07
3127.875291072513 11 6.23504e-07
3128.664078083889 4 7.24589e-08
3129.529424242536 8 1.7017e-07
3130.757531993169 10 4.62489e-07
3130.758271939382 3 1.6538e-07
3131.478920509993 7 1.49668e-06
3132.535699536951 6 6.65891e-08
3136.075291371546 11 1.25681e-08
3137.278921151978 7 2.4072e-08
3138.335699752514 6 2.7261e-08
3141.875291288312 11 8.72405e-08
3146.535699785361 6 9.94439e-08
3150.07529127095 11 3.2557e-08
3152.185699372482 6 1.51997e-07
3156.525291392632 11 2.90091e-08
3156.528965844558 7 5.4884e-08
3157.83569976781 6 1.46708e-08
3158.957532062243 10 1.77658e-07
3159.608271757461 3 1.81982e-07
3160.903854515082 5 3.21472e-08
3160.929424109775 8 1.61924e-07
3162.464077895405 4 2.07263e-07
3169.978837549256 9 6.58394e-08
3173.064078437552 4 6.16028e-08
3175.778837842209 9 3.07255e-08
3181.578837486425 9 1.65028e-07
3187.228837411779 9 4.00128e-08
3190.864077896055 4 9.61767e-08
3191.529424302307 8 4.45161e-08
3192.725291289211 11 6.71204e-08
3193.528920611304 7 4.6783e-08
3193.557532155455 10 6.21649e-08
3194.058272092994 3 3.49175e-08
3195.185699493399 6 1.67854e-07
3199.328920893048 7 5.00031e-08
3200.835699433897 6 7.11108e-08
3203.025291300539 11 1.23375e-07
3203.057532287548 10 5.7572e-08
3203.729424242197 8 5.36458e-08
3204.664077816972 4 5.32649e-07
3212.064077831101 4 8.50877e-07
3212.729424233607 8 3.67839e-08
3213.625291374589 11 5.5621e-08
3214.307532080963 10 1.09434e-07
3215.078920664359 7 1.73475e-07
3215.858271950625 3 1.38778e-08
3217.422940428704 2 1.01124e-07
3223.258272000435 3 1.45734e-07
3223.278920637591 7 4.50976e-07
3223.307532128273 10 1.03993e-07
3225.085699485015 6 1.07092e-08
3229.825291308067 11 6.73141e-08
3230.679925707786 7 1.92059e-07
3230.735699799811 6 2.81535e-08
3231.507532025461 10 2.1174e-07
3232.258271866959 3 7.9467e-08
3236.535699680888 6 5.58497e-08
3237.075291223304 11 6.42967e-08
3239.314077934719 4 1.22379e-07
3240.929424363241 8 1.9481e-08
3242.078920815661 7 1.41577e-07
3242.875291188014 11 1.62582e-07
3243.935699690146 6 2.94606e-08
3249.585699691494 6 7.11841e-08
3250.125291190864 11 8.48556e-08
3250.129298885905 7 6.13745e-08
3251.707531964108 10 2.88999e-07
3252.329424192409 8 7.71049e-08
3252.458271932947 3 1.5803e-07
3254.264077960343 4 1.8817e-07
3255.925291380038 11 5.65047e-08
3255.928920695645 7 5.92022e-08
3257.335699421681 6 1.09272e-07
3261.72529145893 11 4.42491e-08
3262.129424070194 8 2.29286e-07
3262.157532359015 10 2.04518e-08
3262.164078134805 4 1.11688e-07
3264.628920953561 7 7.47597e-08
3265.385699503496 6 8.96764e-08
3267.525291296835 11 3.09233e-08
3271.185699353618 6 2.58609e-07
3272.828920671434 7 1.89351e-07
3274.92529132298 11 4.98218e-08
3275.157532232543 10 5.85606e-08
3275.929424037989 8 6.00867e-07
3278.478920741224 7 4.16221e-08
3279.085699510922 6 4.0915e-08
3282.175291153639 11 4.75343e-07
3284.278920943853 7 5.28576e-08
3284.629424464591 8 8.24986e-09
3284.657532215316 10 9.24618e-08
3286.98569980091 6 4.09722e-08
3287.825291103768 11 1.89152e-07
3290.078920573595 7 6.21577e-07
3290.457532226999 10 5.70045e-08
3292.635699606725 6 1.57355e-07
3293.47529100456 11 6.50706e-07
3294.864078184494 4 1.41372e-08
3295.728920920892 7 6.29543e-08
3296.257532076147 10 2.26344e-07
3296.508272059426 3 8.90845e-08
3296.529424138816 8 2.76513e-07
3299.125291419046 11 5.34439e-08
3301.853854339843 5 3.98701e-08
3302.057532432737 10 1.94924e-08
3302.329423957587 8 9.13273e-07
3303.108271952308 3 5.08987e-08
3304.578921018485 7 4.03148e-08
3305.464078003674 4 2.7659e-07
3308.125290916586 11 2.60862e-06
3310.378920709401 7 6.55331e-08
3310.485699715355 6 6.16778e-08
3311.407532287184 10 5.21783e-08
3312.929424547662 8 5.63491e-08
3316.178920925113 7 5.87497e-08
3316.908271854042 3 1.36123e-07
3317.057531943522 10 5.24482e-07
3320.979424023026 8 3.07648e-07
3322.464078138541 4 6.14356e-08
3325.778837439101 9 3.31756e-07
3331.578837324679 9 1.3338e-07
3337.179424100556 8 5.16051e-08
3338.553854506774 5 3.49647e-08
3338.707532249643 10 3.11559e-08
3339.508272198426 3 6.33069e-08
3340.175291169281 11 1.71076e-07
3340.228920964968 7 2.74737e-08
3340.264078257974 4 6.59272e-08
3342.235699520578 6 1.99045e-07
3346.775291434764 11 4.12968e-08
3350.285699600626 6 1.20882e-07
3352.575291090526 11 2.72828e-07
3353.228920827315 7 8.79148e-08
3358.185699428542 6 2.19861e-07
3358.225291419252 11 2.9337e-08
3359.829280970275 7 2.00955e-08
3360.464078348643 4 4.80244e-08
3363.985699959285 6 3.43524e-08
3364.025291155787 11 3.48556e-07
3365.478921127244 7 2.04609e-08
3369.307532080688 10 7.93276e-08
3370.908272195677 3 3.79593e-08
3371.278920634305 7 1.97882e-07
3372.185699437546 6 1.05898e-07
3373.525291423708 11 8.40456e-08
3375.1075324515 10 1.55058e-08
3377.985699341369 6 3.3306e-07
3379.178921008941 7 3.03488e-08
3379.975291216935 11 2.76561e-07
3383.785699596019 6 8.0107e-08
3387.228920634124 7 2.21607e-07
3388.757532111501 10 8.2501e-08
3388.825291523758 11 2.84188e-08
3389.379424025512 8 6.54819e-07
3389.464492321011 4 4.45771e-08
3394.978837704345 9 9.35486e-09
3401.578837351582 9 1.77969e-07
3410.379424180423 8 2.65172e-07
3410.464078149613 4 3.65529e-08
3413.328837508688 9 1.09899e-07
3417.864077930455 4 2.85187e-07
3422.178837483502 9 1.72515e-07
3426.064077980217 4 1.55638e-07
3428.778837600295 9 5.78005e-08
3432.664078246409 4 1.63449e-08
3434.428837381181 9 4.9193e-07
3441.678837455315 9 2.34333e-07
3447.328837445791 9 2.26163e-07
3452.064077991845 4 8.44152e-08
3454.475291200858 11 5.80899e-08
3457.714078272983 4 2.8817e-08
3460.828837303279 9 5.20236e-07
3466.628837387997 9 4.47207e-07
3472.428837393865 9 1.52787e-07
3476.164077987172 4 2.52302e-07
3479.028837479901 9 2.27522e-07
3484.828837511483 9 8.58739e-08
3490.628837539875 9 9.96781e-08
3498.828837420477 9 2.75261e-07
3504.628837363843 9 3.55039e-07
3512.029424110377 8 2.30159e-07
3512.864077959311 4 2.31185e-07
3516.028837375447 9 2.36478e-07
3518.514078051912 4 3.69844e-08
3519.129424207577 8 2.71288e-07
3524.164078090095 4 1.87087e-07
3524.7794238939 8 4.39358e-06
3526.95385442193 5 7.3301e-08
3553.553854434474 5 5.65031e-08
3560.953854491257 5 5.35612e-08
3568.203854364187 5 7.14685e-08
3569.629424040409 8 2.25989e-07
3570.407532385492 10 5.72226e-08
3571.758271928386 3 1.22324e-07
3576.9038541043 5 2.14051e-07
3577.558271874908 3 1.13162e-07
3577.657964403266 10 8.53231e-09
3582.553854173783 5 1.84936e-07
3583.279424603817 8 1.7931e-08
3583.358271822953 3 1.35812e-07
3583.457532395384 10 2.2321e-08
3588.20385413948 5 6.08957e-08
3589.158271808202 3 1.63387e-07
3589.257532283889 10 3.30649e-08
3589.7294241837 8 9.81106e-08
3596.103854193832 5 6.3254e-08
3596.558271877418 3 1.30253e-07
3597.629424258982 8 7.32362e-08
3599.057532177604 10 1.81059e-07
3604.758272125881 3 2.33434e-08
3604.953854513194 5 1.94452e-08
3608.857532436027 10 2.80906e-08
3613.003854363277 5 6.12525e-08
3613.758271899989 3 5.48104e-08
3618.653854109992 5 3.25596e-07
3619.307532196063 10 5.44845e-08
3619.408271635471 3 9.47034e-07
3624.303854104998 5 4.24885e-07
3625.058271775163 3 1.10369e-07
3625.757532053354 10 1.38638e-07
3626.479424362105 8 7.51844e-08
3630.103854285293 5 6.57084e-08
3630.708271717968 3 3.13652e-07
3631.407532486888 10 1.13808e-08
3635.329424233989 8 1.21142e-07
3635.903854481043 5 6.77453e-08
3671.529424173729 8 9.47572e-08
3672.753853934425 5 4.58762e-06
3673.158271746623 3 1.66268e-07
3673.207532286786 10 5.43942e-08
3677.179424028944 8 4.67926e-07
3679.264078202986 4 3.19063e-08
3687.164078179903 4 3.20211e-08
3690.228837416035 9 1.72728e-07
3696.028837484349 9 2.22694e-08
3706.979424553479 8 4.64407e-08
3708.014078008122 4 2.64391e-07
3712.003854358071 5 6.44375e-08
3712.558272153151 3 4.19535e-08
3712.779424263945 8 7.44149e-08
3723.253854244168 5 1.23022e-07
3724.829424470064 8 9.24478e-08
3772.103854194612 5 1.82498e-07
3796.153854387722 5 8.06729e-08
3804.853854442461 5 5.34694e-08
3806.479424456943 8 5.48632e-09
3810.503854303197 5 2.05776e-08
3827.353854421139 5 2.31761e-08
3836.203854231008 5 1.48098e-07
3844.903854401349 5 4.09859e-08
3845.729423958338 8 7.98154e-07
3847.007532242191 10 3.72287e-08
3847.158271838349 3 1.59508e-07
3852.153854479131 5 4.99703e-08
3852.958272199303 3 1.61357e-08
3857.607532227186 10 5.80935e-08
3857.803854058923 5 2.93232e-07
3858.429424026955 8 1.18795e-07
3858.608272014383 3 1.25072e-07
3860.064078027164 4 1.22659e-07
3867.128837446584 9 1.70581e-07
3877.714078245807 4 7.51959e-08
3880.775291384289 11 4.79646e-08
3885.764078073999 4 1.06825e-07
3887.375291167906 11 8.3014e-08
3891.414078135734 4 7.63367e-08
3893.025291107317 11 2.39622e-07
3898.675291129377 11 1.48101e-07
3899.314077729214 4 9.41126e-07
3904.325291598462 11 3.16252e-08
3904.964078060291 4 5.59094e-08
3905.679424225674 8 1.36238e-07
3910.528837584306 9 7.05488e-08
3913.014078161321 4 6.20034e-08
3919.614078043762 4 6.0802e-08
3921.778837399036 9 3.09225e-07
3927.014078002665 4 1.17203e-07
3928.129424114226 8 1.47779e-07
3929.675291051116 11 3.00542e-07
3930.457532472377 10 2.51957e-08
3931.128920967581 7 6.80691e-08
3932.908272230263 3 5.54487e-08
3935.475291342467 11 2.41959e-08
3935.685699485619 6 7.59735e-08
3940.128920856494 7 4.56076e-08
3941.125291139843 11 2.19935e-07
3942.414078221756 4 6.53982e-08
3944.257532206393 10 3.74453e-08
3945.928921156922 7 3.03913e-08
3946.579424207781 8 7.36983e-08
3946.775291454895 11 5.52784e-08
3948.308271886293 3 8.71922e-08
3948.903854287334 5 1.39247e-07
3958.70385444501 5 1.8033e-08
3973.979424279121 8 8.03221e-08
3974.103854014118 5 5.72939e-07
3974.70753241823 10 6.98378e-08
3974.908271926868 3 1.09849e-07
3979.753854239832 5 7.30322e-08
3979.779424566545 8 2.05534e-08
3980.507532195431 10 6.95171e-08
3980.558271659209 3 4.83271e-07
3985.579424373814 8 5.10975e-08
3985.97892075521 7 2.48666e-07
3986.307532142484 10 1.19262e-07
3986.825291653155 11 3.19577e-08
3987.958271896039 3 2.0472e-07
3989.072940704368 2 2.5633e-08
3991.77892080542 7 1.1152e-07
3992.7575322734 10 1.78686e-08
3993.608272145836 3 9.34622e-08
3994.872940498083 2 1.24208e-07
3997.578920651922 7 2.5037e-07
3998.407532179034 10 1.39095e-07
3999.25827196313 3 8.24426e-08
4003.025291667604 11 2.39056e-08
4003.2289205883 7 6.5186e-07
4004.057532251683 10 7.56696e-08
4005.058272069528 3 6.68282e-08
4007.635699509644 6 4.72766e-08
4009.028920678586 7 6.3773e-08
4010.657532259586 10 3.73858e-08
4010.858704259486 3 4.31092e-08
4013.285699774474 6 1.81247e-08
4013.325291166642 11 2.44437e-07
4014.828920976951 7 5.15064e-08
4015.729424082772 8 5.76699e-07
4016.453854417648 5 7.31873e-08
4016.457531997077 10 2.04426e-07
4016.5082718494 3 2.62638e-07
4019.925291027059 11 2.32513e-07
4021.485699452194 6 1.65403e-07
4023.828920760628 7 6.65759e-08
4027.135699368832 6 7.27101e-08
4029.457532035858 10 2.84204e-07
4029.628920809834 7 8.37783e-08
4030.308271866349 3 2.12292e-07
4030.329424154352 8 1.87118e-07
4031.853854170739 5 2.73756e-07
4035.257532187877 10 7.54766e-08
4036.108272116215 3 3.65653e-08
4036.129424123242 8 3.88268e-07
4039.164078259126 4 2.25119e-08
4040.853854332991 5 9.64021e-08
4040.907531892186 10 9.27877e-07
4041.908271825374 3 1.21897e-07
4042.479253655045 7 3.01153e-07
4044.775291326758 11 2.76463e-08
4044.785699543866 6 1.24994e-07
4048.278920723886 7 1.73449e-07
4049.107532280251 10 1.06387e-07
4050.575291391444 11 3.41841e-08
4051.064077979931 4 9.04447e-08
4051.07942418053 8 2.94829e-07
4054.578837692 9 2.63784e-08
4056.864078133042 4 9.12867e-08
4060.378837298026 9 5.15825e-07
4066.028837186689 9 1.3001e-06
4069.064078160667 4 6.99665e-08
4075.664519104218 4 5.81303e-08
4078.775291115046 11 2.10764e-07
4084.36407796937 4 6.02231e-08
4084.425291236309 11 1.3941e-07
4088.079424173202 8 1.26387e-07
4089.85385409817 5 5.46247e-07
4090.608271957742 3 9.17971e-08
4094.757532340878 10 6.74342e-08
4098.008271781446 3 2.97843e-07
4098.053854102238 5 3.31325e-07
4103.479424071612 8 5.27272e-07
4103.808271988625 3 5.52091e-08
4103.85385434251 5 1.00843e-07
4104.557532112328 10 1.4923e-07
4105.77892076742 7 1.52873e-07
4108.685699677426 6 2.08087e-08
4110.35753202549 10 3.61365e-08
4110.879689610175 8 2.31522e-08
4111.208271955933 3 1.0077e-07
4111.578920830566 7 9.66136e-08
4113.422940229006 2 4.55635e-07
4118.178921049305 7 4.22598e-08
4118.257532283652 10 9.67071e-08
4118.308271975575 3 8.84908e-08
4119.072940372328 2 3.06912e-07
4123.978921184677 7 3.90429e-08
4124.057532329454 10 2.64914e-08
4124.108271939441 3 3.70798e-08
4125.522940158971 2 5.23428e-07
4131.322940245212 2 7.00962e-07
4137.122940363042 2 2.21218e-07
4140.178920944171 7 2.52959e-08
4140.257532089269 10 8.86442e-08
4140.308271811314 3 2.48027e-07
4141.503854707492 5 3.19742e-08
4143.025291176359 11 3.32002e-08
4144.585699774878 6 4.05694e-08
4148.675291364085 11 8.27213e-08
4149.978920938227 7 8.9474e-08
4150.235699483532 6 1.15288e-07
4152.457532234842 10 3.60437e-08
4154.129424127596 8 1.5525e-07
4154.164078028149 4 1.27439e-07
4159.778837507123 9 3.42758e-08
4166.329424233818 8 3.80808e-08
4167.164078055088 4 1.10863e-07
4173.278837708237 9 2.89648e-08
4182.414078059819 4 1.5863e-07
4187.078837640067 9 4.70216e-08
4189.514077901069 4 2.20781e-07
4192.728837660671 9 3.46518e-08
4196.764078206188 4 2.15486e-08
4198.378837420424 9 2.45945e-07
4204.629424347786 8 1.76515e-07
4210.108271780098 3 1.9788e-07
4210.203854148686 5 2.65697e-07
4210.257532178508 10 5.83068e-08
4210.279424151017 8 1.15156e-07
4222.403854446589 5 3.51318e-08
4222.479423963985 8 4.62261e-07
4224.664078110652 4 1.29223e-07
4227.10827183288 3 1.46522e-07
4227.907532373379 10 6.005e-08
4228.203854077691 5 6.11149e-07
4230.379424201802 8 8.7154e-08
4259.953854520041 5 2.46968e-08
4260.829424456657 8 7.16354e-08
4311.203854196194 5 1.21996e-07
4312.729424360951 8 7.07774e-08
4351.329424001026 8 6.92807e-07
4352.053854482604 5 1.64908e-08
4355.778837385346 9 2.67254e-07
4361.578837858159 9 4.44694e-08
4363.114078194803 4 1.49372e-07
4367.229424250072 8 9.85036e-08
4367.775291320283 11 9.90468e-08
4367.957532243084 10 4.31235e-08
4368.57892104094 7 1.69693e-08
4369.71407802822 4 6.53682e-08
4371.953854248582 5 1.34529e-07
4372.608271947124 3 7.87735e-08
4372.879424032472 8 6.50014e-07
4375.175290960715 11 8.97797e-07
4375.36407825832 4 2.1969e-08
4375.978921178823 7 3.41034e-08
4377.485699559339 6 3.47815e-08
4383.285699390466 6 2.57997e-07
4384.675291408652 11 4.78603e-08
4384.678920953433 7 4.32921e-08
4388.6575321466 10 1.46997e-07
4390.22942402464 8 4.34889e-07
4398.228837511299 9 4.41209e-08
4403.114077945432 4 1.07596e-07
4407.22883730497 9 5.84805e-07
4414.478837439385 9 3.11864e-07
4418.514077932113 4 1.13678e-07
4424.164077812315 4 2.22617e-07
4429.629424369967 8 2.13425e-08
4429.814078425814 4 2.65199e-08
4433.578837722113 9 2.60787e-08
4440.178837700681 9 4.4808e-08
4445.828837417286 9 4.53262e-07
4451.628837506624 9 1.28535e-07
4457.428837351075 9 6.63598e-07
4460.879424499952 8 4.45121e-08
4476.129423848053 8 1.34457e-05
4476.653854514029 5 2.01132e-08
4477.657532163797 10 1.06444e-07
4478.478920961715 7 8.83805e-08
4479.275291311676 11 1.19789e-07
4480.114077802818 4 6.96618e-07
4481.779424369034 8 8.39944e-08
4483.728837450204 9 1.37641e-07
4493.528837419331 9 1.16232e-07
4497.614077900492 4 3.71576e-07
4503.978837438248 9 2.40883e-07
4509.628837501249 9 6.1105e-08
4515.278837783324 9 4.21026e-08
4516.864077948236 4 2.10291e-07
4530.378837706468 9 7.41832e-08
4532.729424361564 8 1.64395e-08
4533.564078131135 4 1.22986e-07
4536.775291421054 11 3.58126e-08
4538.37942408971 8 5.02052e-08
4539.903854154475 5 2.25631e-07
4539.957532340352 10 4.46907e-08
4540.658271740255 3 3.7378e-07
4543.972940611894 2 4.76135e-08
4546.458272055455 3 6.73102e-08
4546.503854327234 5 5.69169e-08
4548.007532150665 10 2.47615e-08
4552.258271974287 3 8.09826e-08
4552.303854092069 5 1.61328e-07
4556.05753198415 10 3.56078e-07
4558.058272188472 3 4.39141e-09
4559.253854265049 5 9.14125e-08
4564.822940800484 2 3.77386e-08
4565.458271753808 3 2.28532e-07
4565.703854155265 5 1.91199e-07
4566.507532165614 10 3.38051e-08
4567.229424083959 8 2.08938e-07
4571.353854441582 5 3.52541e-08
4574.458271865087 3 1.74288e-07
4575.357532103162 10 1.51867e-07
4575.429424184183 8 1.83049e-07
4577.578920843278 7 6.50081e-08
4577.653854586517 5 3.91035e-08
4580.108271897522 3 9.3318e-08
4581.157532235054 10 4.42375e-08
4581.229424157604 8 4.73744e-08
4583.453854269291 5 2.99193e-08
4584.828920793893 7 1.32981e-07
4585.7582720399 3 5.52239e-08
4586.957532047499 10 3.00379e-07
4588.179424177172 8 4.2406e-08
4588.825291246294 11 4.83527e-08
4589.61407832039 4 3.68959e-08
4591.98569968673 6 3.65389e-08
4595.428921002431 7 3.4542e-08
4596.225291183279 11 7.81722e-08
4598.614078326511 4 2.62777e-08
4598.629424320726 8 7.8675e-08
4599.157532046788 10 1.50785e-07
4600.208272002724 3 8.08083e-08
4601.078920655726 7 3.35079e-07
4601.785699476885 6 3.3231e-07
4604.925291222215 11 1.33009e-07
4607.585699635115 6 1.08459e-07
4611.525291306378 11 9.26953e-08
4613.235699590309 6 7.61581e-08
4614.078920588485 7 3.68571e-07
4618.125291034933 11 4.07647e-07
4619.614077878168 4 2.84055e-07
4619.629424373786 8 5.74754e-08
4625.414078216099 4 1.42216e-08
4625.429424103626 8 2.28344e-07
4628.157532022122 10 1.30101e-07
4628.408271807469 3 2.63121e-07
4628.529371109065 7 2.49936e-08
4628.95385416258 5 1.19691e-07
4634.208271747222 3 2.31524e-07
4634.753854189042 5 2.04103e-07
4634.757532168722 10 5.39762e-08
4636.829424485501 8 4.20391e-08
4640.008271698398 3 4.36352e-07
4640.55753204703 10 1.29944e-07
4640.728921071526 7 5.02321e-09
4641.203854442704 5 7.6465e-09
4647.408271807192 3 1.86863e-07
4647.957532177728 10 9.27782e-08
4648.153854167093 5 9.34043e-08
4653.058271829592 3 1.14992e-07
4653.679424238833 8 9.48869e-08
4653.803854248476 5 9.69338e-08
4656.157531940124 10 6.28719e-07
4656.929335204146 7 1.15661e-08
4658.41407812389 4 6.20498e-08
4659.47942420861 8 2.47854e-08
4660.925291129299 11 3.03128e-07
4664.214077932382 4 3.1209e-07
4669.828837484233 9 1.40031e-07
4675.628837828082 9 2.84523e-08
4681.278837819274 9 2.97218e-08
4683.614078144856 4 4.52902e-08
4689.264078031708 4 8.35501e-08
4689.929423885307 8 4.19456e-06
4690.757532130525 10 1.35579e-07
4691.358271782195 3 3.1773e-07
4691.453854391046 5 3.60031e-08
4692.32892086196 7 3.08364e-08
4694.72529167171 11 2.75891e-08
4695.729424045893 8 2.4145e-07
4697.253854726235 5 3.46348e-08
4701.15827176246 3 1.29004e-07
4701.529424360038 8 5.13327e-08
4702.157532083261 10 1.09498e-07
4703.053854233336 5 1.10369e-07
4707.179424045659 8 2.78652e-07
4709.464397103475 4 1.62405e-07
4710.925291108596 11 2.4003e-07
4711.157532479884 10 3.54182e-08
4711.728920878856 7 1.02518e-07
4712.385699448723 6 2.75326e-07
4718.175291253595 11 1.26095e-07
4718.185699781012 6 6.23815e-08
4718.328920763089 7 2.33894e-07
4719.857531969541 10 2.5557e-07
4720.558271923109 3 2.13477e-07
4722.922940363867 2 1.09196e-07
4729.522940261926 2 5.61252e-07
4732.758272143398 3 5.89753e-08
4733.578921088175 7 4.13883e-08
4735.322940240224 2 4.94488e-07
4740.972940272681 2 1.70034e-07
4742.408272043958 3 2.50163e-08
4746.622940574916 2 5.09666e-08
4748.057532039861 10 2.43082e-07
4748.058271780164 3 2.07533e-07
4748.828921029265 7 3.43412e-08
4754.022940278039 2 8.10673e-07
4756.257532168898 10 1.28205e-08
4757.028920812735 7 8.71983e-08
4757.058271771569 3 2.3461e-07
4758.929424060671 8 1.49384e-07
4758.953854229196 5 1.31705e-07
4762.05753208703 10 5.20114e-08
4762.858271830418 3 8.27236e-08
4765.553854136716 5 1.36847e-07
4770.258271982689 3 1.07355e-07
4771.203854219409 5 1.58108e-08
4774.257532240586 10 3.84878e-08
4775.908272103167 3 7.6788e-08
4777.503854330077 5 1.30216e-07
4778.828921234433 7 1.8966e-08
4779.907532514166 10 2.65527e-08
4781.558271849458 3 9.0876e-08
4784.603854457077 5 6.66188e-08
4787.007532355714 10 1.55108e-08
4787.208271831908 3 1.11197e-07
4790.179424054191 8 3.20945e-07
4790.253854469622 5 4.36141e-08
4795.857532213242 10 3.04936e-08
4795.90827181712 3 9.43471e-08
4795.979424173821 8 1.80334e-07
4796.05385408573 5 4.15428e-07
4799.764077922591 4 4.63344e-07
4801.779424021714 8 3.27444e-07
4804.625290927685 11 2.75698e-06
4805.564078418842 4 3.50061e-08
4807.035699404152 6 3.30121e-07
4810.425291094927 11 2.95662e-07
4811.528920859746 7 7.37981e-08
4812.057532174578 10 1.04795e-07
4813.679424060888 8 1.25949e-07
4814.564078244244 4 6.43481e-08
4816.103854084465 5 6.35985e-08
4816.108271813562 3 2.59559e-07
4817.857532610904 10 1.41502e-08
4821.678837419403 9 8.32249e-08
4827.41407797114 4 5.81298e-08
4830.528837728491 9 6.89186e-08
4832.129424229613 8 1.0001e-07
4839.52883759628 9 1.12687e-07
4841.864077836233 4 3.49022e-07
4847.664078239803 4 3.2301e-08
4856.364078069517 4 1.08674e-07
4860.378837638889 9 2.10135e-08
4866.028837571764 9 7.66516e-08
4870.729424485895 8 2.31439e-08
4876.303854365726 5 4.8013e-08
4876.308272058276 3 4.92071e-08
4876.379423941795 8 2.72643e-07
4880.328837446055 9 1.14109e-07
4884.914078272728 4 4.61795e-08
4886.928837805297 9 2.48846e-08
4894.979424086046 8 2.80459e-07
4896.164077798652 4 1.02291e-07
4896.875291096643 11 3.28815e-07
4898.478920924776 7 4.57214e-08
4900.007531974135 10 2.233e-07
4900.508272013085 3 6.04069e-08
4901.579424268465 8 3.59655e-08
4901.964077926706 4 1.55976e-07
4902.675291416017 11 4.246e-08
4904.278920994188 7 5.65056e-08
4904.353854423395 5 6.50749e-08
4905.807532483073 10 1.25115e-08
4907.379424260067 8 2.17977e-07
4907.61407811733 4 1.49728e-07
4910.725291417409 11 1.43454e-07
4911.607531951239 10 4.18019e-07
4911.678920940218 7 4.45995e-08
4911.753854446139 5 6.04363e-08
4912.258271758307 3 1.59692e-07
4914.635699467432 6 7.55197e-08
4918.12529109455 11 1.96971e-07
4918.278921109469 7 3.64024e-08
4919.814077996352 4 6.76101e-08
4920.579424204355 8 8.10619e-08
4926.229424099235 8 3.86351e-07
4927.803854089637 5 4.74904e-07
4928.458271912164 3 1.90055e-07
4928.60753229406 10 5.12589e-08
4931.064077996819 4 5.25942e-08
4931.775291063921 11 2.49886e-07
4934.035699622094 6 4.52872e-08
4935.778920777818 7 3.69253e-08
4937.457532093593 10 7.02732e-08
4938.258272040337 3 4.38394e-08
4938.929424506468 8 5.75097e-08
4939.975291232094 11 1.66179e-07
4940.635699771252 6 3.50668e-08
4941.578920639642 7 3.23703e-07
4943.107532208611 10 6.28972e-08
4943.908272214421 3 5.38761e-08
4944.572940686275 2 1.74457e-08
4947.229244684101 7 3.31947e-07
4948.025291363034 11 5.72555e-08
4948.035699533108 6 1.25892e-07
4960.225291347081 11 2.12798e-08
4960.235699524619 6 6.62451e-08
4961.52892105217 7 2.01685e-08
4966.035699473923 6 1.28241e-07
4968.925291288579 11 5.0052e-08
4970.378920712502 7 9.44839e-08
4971.957531902503 10 3.72412e-07
4971.958271820038 3 9.7249e-08
4972.653854622342 5 4.34429e-09
4974.575291223642 11 2.09417e-07
4975.114077890523 4 7.06858e-08
4975.929424281484 8 8.93114e-08
4980.225291171399 11 2.43726e-07
4988.914077749242 4 7.38798e-07
4990.529424384455 8 3.68735e-08
4994.528837517606 9 5.94162e-08
5000.978837717586 9 4.19787e-08
5003.364077931088 4 6.93713e-08
5009.014078244027 4 5.59198e-08
5011.428837541805 9 5.8433e-08
5018.664077786859 4 5.90538e-07
5020.125291120902 11 2.41368e-07
5024.314078055131 4 6.70181e-08
5025.775291419046 11 9.07736e-08
5029.964077851402 4 5.16408e-07
5031.379424579951 8 3.50591e-08
5032.225291064179 11 5.35663e-07
5035.76407847615 4 3.67047e-08
5036.328837542226 9 6.88245e-08
5038.629424443707 8 7.89938e-09
5041.564078321625 4 7.64129e-08
5042.628837418413 9 2.43627e-07
5049.078837530125 9 3.3272e-08
5056.328837548138 9 3.39325e-08
5059.479424001593 8 3.30826e-07
5060.958271898685 3 9.6176e-08
5061.653853976107 5 2.09438e-06
5061.757532308046 10 1.19844e-08
5065.129424340008 8 5.77922e-08
5065.875291054339 11 4.07148e-07
5067.228921032349 7 2.03406e-08
5067.385699547366 6 6.9495e-08
5070.607532428661 10 1.91064e-08
5073.185699436918 6 3.24965e-07
5073.828920885389 7 3.25912e-08
5074.725291255377 11 1.6025e-07
5076.2294240462 8 2.01581e-07
5076.257532142268 10 2.45555e-08
5077.008271797228 3 1.76751e-07
5077.053854192828 5 3.44428e-07
5082.808271897606 3 1.17447e-07
5082.853854178682 5 1.45609e-07
5086.057532117094 10 1.25797e-07
5087.629424182968 8 1.61123e-07
5088.653854349596 5 1.33271e-07
5090.208272058489 3 1.5994e-07
5090.828921243565 7 2.2604e-08
5091.714077836592 4 5.93439e-07
5093.429424149664 8 2.51208e-07
5095.753854492527 5 2.96674e-08
5096.507532284734 10 8.11354e-08
5096.628921193066 7 1.01834e-08
5096.658272182603 3 6.18382e-08
5098.164077740345 4 7.35792e-07
5103.964078238053 4 8.30411e-08
5110.978837296935 9 2.69065e-07
5116.778837444115 9 7.88338e-08
5125.478837535575 9 1.6765e-07
5131.278837377096 9 9.24661e-08
5136.814078128838 4 7.88102e-08
5138.528837424972 9 1.37327e-07
5144.178837763679 9 5.90106e-08
5152.37883747446 9 1.46269e-07
5158.178837662903 9 7.7549e-08
5163.978837693242 9 2.04434e-08
5169.664077948284 4 1.41316e-07
5175.728837432291 9 2.11356e-07
5178.514078222053 4 1.00424e-07
5179.729424310099 8 3.37626e-08
5181.403854400192 5 2.06462e-08
5182.307532140755 10 1.12457e-07
5182.458271995473 3 5.55199e-08
5183.078920991536 7 2.80688e-08
5184.525291219037 11 1.83252e-07
5186.035699551256 6 9.36399e-08
5190.325291199639 11 6.50457e-08
5193.435699567927 6 1.33432e-08
5194.47937981286 7 1.0811e-07
5195.957532340632 10 5.95291e-08
5196.125291330567 11 1.00291e-07
5196.664078316883 4 3.21e-08
5196.729424383285 8 7.68024e-08
5199.235699475557 6 1.41193e-07
5200.128921105305 7 3.0763e-08
5201.925291308701 11 5.58689e-08
5207.435699464201 6 2.85154e-07
5207.575291486265 11 1.44651e-08
5209.778920584785 7 3.06967e-07
5210.55753239103 10 1.92092e-08
5213.235699580925 6 5.75538e-08
5215.428920762025 7 9.07539e-08
5216.125291215265 11 1.98585e-07
5219.035699453275 6 2.7094e-07
5224.835699509712 6 1.8929e-07
5225.125291407609 11 2.66078e-08
5225.878920740248 7 1.56983e-07
5230.635699536104 6 7.30281e-08
5234.579283133255 7 1.38838e-08
5235.425291386761 11 8.30534e-08
5241.735699564344 6 3.38281e-08
5241.875291324279 11 5.30097e-08
5243.428920685878 7 6.7012e-08
5244.207532065036 10 1.53186e-07
5244.758272088005 3 1.25397e-08
5244.929424188772 8 4.78505e-08
5246.464078048112 4 5.07408e-08
5249.22897496377 7 6.24668e-08
5249.925290957293 11 2.28488e-07
5250.007532643398 10 8.46767e-09
5251.529424179673 8 1.18382e-07
5253.864077920424 4 6.12508e-08
5257.329424479654 8 1.95025e-08
5263.129423927204 8 1.56549e-06
5264.204952329703 5 7.03487e-08
5264.457532202194 10 1.36e-07
5264.958272148065 3 5.96464e-08
5266.064077959125 4 8.95654e-08
5270.379424401757 8 3.29072e-08
5271.864078136145 4 1.62295e-07
5276.029424028859 8 9.30488e-07
5276.403854393036 5 1.68625e-08
5276.657532401818 10 5.03677e-09
5278.164078075136 4 1.5641e-07
5280.525291272512 11 1.24872e-07
5281.829424300814 8 9.01248e-08
5283.814077904738 4 1.90955e-07
5288.22883760572 9 3.54715e-08
5291.064077880509 4 2.40626e-07
5292.575291165006 11 2.29308e-07
5296.714077801174 4 3.45166e-07
5297.229424303719 8 2.77857e-08
5303.014078243298 4 3.11023e-08
5304.628837370929 9 6.03816e-07
5310.27883745435 9 1.38704e-07
5315.864077878237 4 3.16528e-07
5321.514078209675 4 3.31376e-08
5322.229424483237 8 5.9621e-08
5323.778837516495 9 6.91118e-08
5327.814077891244 4 4.36989e-07
5330.378837600382 9 1.04022e-07
5333.464077803497 4 2.28745e-07
5334.225291277821 11 4.97013e-08
5341.514077679509 4 3.31244e-06
5343.075291185317 11 1.78116e-07
5347.16407807185 4 1.03096e-07
5348.725291210017 11 1.15165e-07
5352.814078006446 4 1.17198e-07
5355.975291218705 11 9.86732e-08
5360.214077762351 4 9.24722e-07
5362.279424445576 8 5.05709e-08
5366.228837394943 9 2.40326e-07
5372.028837267209 9 1.05702e-06
5377.678837630693 9 2.36584e-08
5380.72942440539 8 3.46517e-08
5381.214077900516 4 1.3168e-07
5385.07883748978 9 5.93296e-08
5389.429424161109 8 2.25866e-07
5391.003854777317 5 2.13708e-08
5393.414077891829 4 2.10792e-07
5396.529424362371 8 5.79955e-08
5401.314077732624 4 2.05112e-06
5402.925291309387 11 3.41984e-08
5406.964078112848 4 6.98494e-08
5408.575291132177 11 4.46331e-08
5412.614078174496 4 6.75602e-08
5415.779424143422 8 2.59263e-07
5423.029424081248 8 1.54841e-07
5424.503854406471 5 3.87944e-08
5426.157532429823 10 2.90238e-08
5426.264078060599 4 1.36475e-07
5427.528920796783 7 1.03007e-07
5428.358271977703 3 5.25193e-08
5430.129424283718 8 1.18987e-07
5430.875291435458 11 1.88612e-08
5431.957531891248 10 6.46965e-07
5433.328920721451 7 1.84709e-07
5434.735699884863 6 9.87605e-09
5435.758271813697 3 9.84978e-08
5437.607532365347 10 2.01658e-08
5439.129325795364 7 1.88704e-07
5439.875291090993 11 1.37269e-07
5443.008271887797 3 1.91061e-07
5443.257532166783 10 1.21154e-07
5444.422940526537 2 3.28258e-08
5450.22294038433 2 3.23433e-07
5454.408271911383 3 7.46924e-08
5454.507532266057 10 2.882e-08
5455.028921066861 7 3.09549e-08
5456.0229404425 2 1.1861e-07
5461.822940561253 2 8.7947e-08
5467.622940423857 2 5.96618e-08
5469.478921163911 7 3.04235e-08
5473.422940350301 2 6.99418e-08
5474.608272321692 3 7.2573e-08
5478.478920860204 7 9.19622e-08
5479.857532044928 10 2.22652e-07
5480.408271823671 3 5.51561e-08
5482.272940336683 2 4.81404e-07
5484.128920854297 7 1.01554e-07
5485.507532206418 10 3.2935e-08
5486.975291520574 11 3.02389e-08
5487.735699583437 6 1.45658e-08
5489.778920688068 7 2.66366e-07
5490.208271843322 3 1.94192e-07
5491.1575322983 10 5.80709e-08
5492.572940409418 2 1.54513e-07
5498.372940398109 2 1.68722e-07
5499.208272138654 3 6.10808e-08
5500.878920996056 7 2.53857e-08
5504.672940406837 2 1.19002e-07
5510.322940218582 2 9.48373e-07
5519.172940678376 2 1.8944e-08
5525.472940368589 2 1.28898e-07
5531.122940535222 2 8.17331e-08
5536.772940549892 2 9.58585e-08
5540.628921070247 7 3.56839e-08
5543.872940531728 2 1.24984e-08
5545.457531992623 10 2.09765e-07
5545.508271880552 3 8.27174e-08
5546.278920840072 7 1.80729e-07
5546.979424196345 8 9.09569e-08
5547.803854098697 5 2.75755e-07
5551.257532317529 10 5.90255e-08
5551.308271824718 3 2.65687e-07
5553.579424050587 8 1.95137e-07
5553.603854386897 5 8.53294e-08
5555.76407786097 4 1.37956e-07
5561.564078127678 4 6.04736e-08
5566.578837728546 9 3.88108e-08
5568.164077888425 4 1.37943e-07
5573.77942415737 8 1.28366e-07
5573.964078056631 4 6.6364e-08
5575.025291274012 11 2.01263e-07
5575.457928396941 10 9.32674e-09
5577.378921033411 7 2.3313e-08
5577.385699471141 6 4.25274e-08
5583.17892088972 7 4.40393e-08
5583.185699587652 6 7.03441e-08
5584.025291246803 11 1.04949e-07
5588.979282945783 7 2.92091e-08
5588.985699348576 6 2.49507e-07
5594.785699553513 6 8.86133e-08
5595.425291149048 11 2.35858e-07
5597.178920837986 7 6.96212e-08
5597.907532081072 10 1.986e-07
5598.558272090963 3 8.72467e-08
5598.629424366459 8 7.89207e-08
5600.264077936793 4 2.7558e-07
5601.075291221616 11 1.27637e-08
5602.685700030164 6 2.94352e-08
5602.828920731896 7 1.47141e-07
5603.707531906576 10 7.40021e-07
5604.053854184027 5 2.29026e-07
5604.358271619747 3 1.15021e-06
5604.42942434913 8 9.3709e-08
5608.485699593948 6 8.61243e-08
5608.628921332458 7 2.30765e-08
5608.825291449557 11 8.43539e-09
5614.414077883381 4 3.28665e-07
5614.475291234369 11 7.67191e-08
5615.829424410654 8 3.07152e-08
5618.128837463705 9 2.94278e-07
5621.814077888108 4 3.81336e-07
5624.029424138274 8 8.35944e-08
5624.707532260707 10 5.33191e-08
5624.775291318041 11 1.34561e-07
5625.47929880068 7 8.25022e-08
5627.085699426347 6 1.36485e-07
5632.885699424159 6 1.42321e-07
5633.678920683863 7 2.29407e-07
5635.307531949424 10 4.72987e-07
5635.75827184571 3 1.82622e-07
5635.929424129418 8 1.03836e-07
5636.753854306673 5 8.061e-08
5654.529424571264 8 3.77154e-08
5658.553854217908 5 6.94324e-08
5660.30753220621 10 5.02747e-08
5660.329423963776 8 1.05971e-06
5660.4582720223 3 4.27869e-08
5664.428837795813 9 3.66926e-08
5666.129424024486 8 3.13512e-07
5667.707532019962 10 2.49949e-07
5667.708271780463 3 2.13621e-08
5668.353854270897 5 6.03193e-08
5671.614078053725 4 1.02133e-07
5671.779424332107 8 1.21431e-07
5673.928837469081 9 1.78603e-07
5679.728837715845 9 2.61694e-08
5684.614078389216 4 1.8647e-08
5685.528837401394 9 5.12429e-07
5691.978837529108 9 7.83507e-08
5694.414077748406 4 6.46057e-07
5695.575291271044 11 7.3396e-08
5699.979424396889 8 7.96626e-08
5700.214078093025 4 6.10932e-08
5701.37529100492 11 3.07225e-07
5701.878921184987 7 1.05628e-08
5702.685699620545 6 6.94304e-08
5710.085699590371 6 5.48525e-08
5715.678921050503 7 4.27312e-08
5715.885699797623 6 2.26421e-08
5715.975291078435 11 1.27884e-07
5721.478920678481 7 3.78259e-07
5721.507532077245 10 1.19179e-07
5722.308271895576 3 1.40172e-07
5724.885699813412 6 2.30708e-08
5726.629424444388 8 1.96192e-08
5727.307532533566 10 1.24492e-08
5727.375291056805 11 4.84687e-07
5729.678920868894 7 5.96818e-08
5731.308271995218 3 3.04016e-08
5732.253854335302 5 6.47672e-08
5732.279423979983 8 8.49159e-07
5733.107532057147 10 1.74685e-07
5735.478920877181 7 1.93481e-08
5736.375291011956 11 5.25656e-07
5739.485699460089 6 2.01172e-07
5741.278920587575 7 7.13775e-07
5741.307532152819 10 4.05523e-08
5742.708271828621 3 9.7535e-08
5742.879424127438 8 1.87783e-07
5743.65385428158 5 6.81117e-08
5772.653854420145 5 2.10127e-08
5784.679424399138 8 2.74285e-08
5785.503854529368 5 1.21875e-08
5832.729424651374 8 2.09259e-08
5837.553854244721 5 7.4676e-08
5839.179424023338 8 7.57376e-08
5841.264078091285 4 9.35421e-08
5841.507532334446 10 5.65737e-08
5842.128920906731 7 8.21009e-08
5842.825291282036 11 7.54784e-08
5844.485699454746 6 9.44252e-08
5846.914078130743 4 4.88437e-08
5847.92892113262 7 1.06435e-08
5848.029424045738 8 4.08305e-07
5848.107532183381 10 2.49569e-08
5849.308271748083 3 3.95387e-07
5850.103854529942 5 2.46939e-08
5853.275291342152 11 9.53786e-08
5853.728984100436 7 3.68845e-08
5853.829424155544 8 1.1462e-07
5853.90788330369 10 1.12354e-08
5854.164078163787 4 3.45421e-08
5854.958272182431 3 3.37005e-08
5860.429744652132 8 3.16426e-07
5862.803854186142 5 6.73331e-08
5862.858271794533 3 1.96249e-07
5862.907532150283 10 5.76036e-08
5866.079424014155 8 1.04349e-07
5868.603854657784 5 2.34506e-08
5868.658271953296 3 8.6991e-08
5868.707532040928 10 1.37835e-07
5869.128920550726 7 9.47026e-07
5870.785699691142 6 4.28005e-08
5871.575290975572 11 4.62554e-07
5874.928920983527 7 2.07583e-08
5876.585699389158 6 3.74983e-07
5878.975291244815 11 5.00708e-08
5880.728920710933 7 2.19078e-07
5880.907532365528 10 3.59774e-08
5882.385699682927 6 2.09056e-08
5884.775291308517 11 5.60195e-08
5885.329424229955 8 1.7181e-07
5886.064077897989 4 3.98627e-07
5888.578837788489 9 3.07913e-08
5891.129424316755 8 8.99827e-08
5897.81407805366 4 1.14189e-07
5904.978837691054 9 5.16103e-08
5906.664078176446 4 2.74746e-08
5910.628837312038 9 3.13138e-07
5916.16407793474 4 1.88852e-07
5918.528837411603 9 2.69389e-07
5924.178837570751 9 1.00085e-07
5929.828837655534 9 3.12631e-08
5937.729424033703 8 3.57734e-07
5938.614078312814 4 6.22725e-08
5940.003854025981 5 1.2776e-07
5940.058271823129 3 1.15055e-07
5940.157532259763 10 9.77208e-08
5943.379424254194 8 4.28958e-08
5944.17529117145 11 1.46881e-07
5944.264078158599 4 5.7506e-08
5944.928920978311 7 4.03969e-08
5945.957531991246 10 1.2458e-07
5946.603854227685 5 1.50816e-07
5946.658271875052 3 3.68761e-07
5949.029423934456 8 1.05674e-06
5951.575291336351 11 2.46374e-08
5951.757532311765 10 4.91655e-08
5952.328920796379 7 4.273e-08
5953.185699378306 6 1.69736e-07
5958.985699285121 6 8.18689e-07
5959.729219838859 7 7.17053e-08
5962.057531828242 10 2.90882e-06
5962.058271754928 3 3.00073e-07
5962.82942456658 8 4.11579e-08
5964.635699693931 6 6.26443e-08
5965.378920535674 7 1.1135e-06
5967.857532363848 10 4.50547e-08
5968.425291195088 11 8.68793e-08
5970.285699413415 6 2.95943e-07
5975.935699680934 6 4.55835e-08
5976.62529125836 11 8.02497e-08
5976.628920910104 7 3.90663e-08
5979.107532419426 10 3.18549e-08
5981.585699558476 6 1.23928e-08
5982.428920843703 7 7.01183e-08
5985.475291132247 11 1.39719e-07
5987.82942413673 8 1.90207e-07
5988.01407806001 4 1.32378e-07
5988.757532676708 10 1.17388e-08
5991.728837262087 9 3.68087e-07
5997.528837719787 9 3.46845e-08
6006.528837399253 9 1.01781e-07
6013.778837624946 9 2.02155e-08
6020.215176370471 4 4.49282e-08
6021.028837529404 9 6.31983e-08
6027.478837626258 9 5.43022e-08
6034.664483092859 4 8.92035e-08
6040.029424113941 8 1.11741e-07
6040.314078015133 4 6.38618e-08
6043.22883744286 9 2.45089e-07
6046.614078377537 4 5.41413e-08
6049.028837449265 9 9.28645e-08
6058.678837413158 9 3.28511e-07
6065.864077943967 4 2.4751e-07
6073.91407801143 4 1.05381e-07
6076.075291089253 11 3.26133e-07
6079.564077771511 4 2.9208e-07
6084.229424123679 8 1.64116e-07
6085.757532153873 10 9.5417e-08
6085.808271946277 3 1.28838e-07
6086.503854626982 5 2.30227e-08
6087.428920909763 7 3.17412e-08
6088.275291079566 11 2.31153e-07
6089.785699664278 6 5.86538e-08
6095.585699423046 6 3.42518e-07
6101.23569944962 6 5.78242e-08
6102.875291543189 11 7.0408e-08
6106.885699497018 6 1.51419e-07
6110.925291478573 11 1.26826e-08
6116.575291482519 11 8.19481e-08
6129.27529129736 11 1.53155e-08
6129.985699531854 6 9.90864e-08
6130.028920803679 7 5.78608e-08
6131.557532063076 10 1.09801e-07
6132.258271850631 3 1.21354e-07
6133.103854593037 5 3.86874e-08
6134.672940769704 2 1.91818e-08
6135.828920789425 7 1.47436e-07
6137.079424240193 8 6.75995e-08
6137.207532072569 10 1.31875e-07
6138.058271866812 3 1.58462e-07
6138.903854285274 5 9.44747e-08
6144.178837679665 9 5.6935e-08
6146.079424141798 8 1.742e-07
6153.479424257104 8 7.4241e-08
6155.807532151233 10 1.15058e-07
6156.658272048198 3 7.55797e-08
6159.279423994144 8 1.20339e-06
6159.753854217911 5 4.3029e-08
6161.457532186634 10 1.12184e-07
6161.975291262533 11 6.60697e-08
6162.514078050979 4 2.32113e-07
6165.079424289015 8 8.17039e-08
6169.358271927999 3 9.07273e-08
6170.157532072933 10 7.39795e-08
6170.203854187637 5 2.33328e-07
6170.879424215382 8 1.76489e-07
6171.728920834656 7 1.39329e-08
6172.425291378718 11 8.40619e-08
6173.885699462697 6 2.95299e-07
6175.957532088758 10 1.09804e-07
6177.479424233933 8 7.01128e-08
6177.528921195637 7 1.77437e-08
6177.914077930977 4 2.30002e-07
6178.22529147631 11 2.00191e-08
6183.42883747173 9 6.86285e-08
6191.628837481754 9 1.66955e-07
6197.278837654891 9 1.47882e-08
6200.364078087727 4 8.52339e-08
6200.879424546318 8 4.9061e-08
6203.078837447257 9 6.39691e-08
6207.479424111199 8 8.45802e-08
6209.757531885453 10 5.23988e-07
6209.908271812125 3 1.59703e-07
6210.528920941763 7 3.38545e-08
6210.753854438227 5 4.88036e-08
6213.129424114338 8 4.50445e-08
6215.407532192072 10 1.01452e-07
6215.708271931378 3 6.412e-08
6216.553854359333 5 4.7269e-08
6218.514078086675 4 9.8627e-08
6218.929424001147 8 1.69726e-07
6220.678920821821 7 4.42295e-08
6221.057531952549 10 2.19385e-07
6221.508271964266 3 1.8022e-07
6224.675291452797 11 5.48352e-08
6226.285699549979 6 6.31237e-08
6226.47892081887 7 1.10188e-07
6232.07529135737 11 6.15485e-08
6232.885699327314 6 1.37434e-06
6237.725291381283 11 3.20928e-08
6237.729265844285 7 3.30206e-07
6238.557532016653 10 2.04768e-07
6239.308271754074 3 1.54566e-07
6239.929424208111 8 1.09167e-07
6239.953854169176 5 2.20607e-08
6244.678837750928 9 3.80153e-08
6246.414077921114 4 2.48166e-07
6250.478837515349 9 1.64203e-07
6252.214078014666 4 1.8522e-07
6258.678837389678 9 3.87594e-08
6264.478837557282 9 5.45297e-08
6270.128837677626 9 4.94733e-08
6275.778837488223 9 7.71522e-08
6281.428837467159 9 1.58598e-07
6286.814077934108 4 1.69782e-07
6287.679424226696 8 6.79459e-08
6289.15753225525 10 8.06367e-08
6289.908271899421 3 1.71831e-07
6290.103854098267 5 9.81164e-08
6293.979424154748 8 1.73535e-07
6296.314078011562 4 1.22844e-07
6297.925291142626 11 8.0344e-08
6299.607532130129 10 3.90919e-08
6299.779424165153 8 8.17729e-08
6300.329921930504 7 1.80882e-07
6300.508271888779 3 1.42582e-07
6304.525291486961 11 4.5429e-08
6305.407531932426 10 3.10037e-07
6306.128920771249 7 1.34691e-07
6306.308271962499 3 1.10885e-07
6308.335699547429 6 9.28369e-08
6311.057531999967 10 2.10151e-07
6311.679424166267 8 3.15755e-07
6311.928921138524 7 3.36446e-08
6313.408271810305 3 1.13636e-07
6313.703854124686 5 2.4447e-07
6318.307532151244 10 2.3048e-07
6319.208271941521 3 1.84375e-07
6319.353854145017 5 2.90713e-07
6319.879424208801 8 1.02885e-07
6325.803854410888 5 3.64344e-08
6325.808271757167 3 1.63709e-07
6326.207532164134 10 8.86899e-08
6331.603854617404 5 2.50567e-08
6331.608272071114 3 8.17916e-08
6332.622940786351 2 9.88349e-09
6338.203854186219 5 3.49579e-07
6338.208271775904 3 4.09441e-08
6338.25753231332 10 5.1584e-08
6344.0038545783 5 3.46512e-08
6344.008272346573 3 7.52372e-08
6347.107532159409 10 3.94714e-08
6348.579424074721 8 3.82458e-07
6349.804313667017 5 1.24795e-08
6352.428837734888 9 4.82934e-08
6354.37942416761 8 3.27832e-08
6354.914077958132 4 4.97326e-07
6359.028837618269 9 9.6041e-08
6363.914077834757 4 1.44225e-07
6366.428837596515 9 9.39113e-09
6372.078837658359 9 6.51032e-08
6375.314077804666 4 7.5285e-07
6376.029424481152 8 3.58087e-08
6377.375291198529 11 1.02984e-07
6380.964077876553 4 9.62515e-08
6385.628837423664 9 2.58109e-07
6391.928837759135 9 5.32735e-08
6397.578837686288 9 2.76498e-08
6399.11407827744 4 1.57244e-08
6404.914078137686 4 9.95105e-08
6407.929424080298 8 1.22183e-07
6410.564078024974 4 4.25441e-08
6413.579424629968 8 2.47016e-08
6414.278837773497 9 1.43728e-08
6420.078837567804 9 1.037e-07
6424.864078180065 4 1.13304e-07
6427.978837387694 9 1.83172e-07
6430.514077828118 4 4.05568e-07
6432.775291401846 11 5.94297e-08
6440.025291129348 11 2.96635e-07
6441.614077858115 4 5.02809e-07
6448.064077882558 4 3.75373e-07
6448.875291375282 11 4.39724e-08
6450.429424325091 8 1.46579e-07
6452.82883791041 9 2.97249e-08
6455.908271761632 3 3.10778e-07
6455.953854189662 5 1.61829e-07
6455.957532098667 10 2.58617e-08
6456.079424196023 8 2.0952e-07
6458.364077946592 4 1.93903e-07
6459.975290871554 11 6.00429e-06
6462.529424011938 8 3.48176e-07
6462.55753231729 10 6.28215e-08
6464.164078091013 4 3.84083e-08
6465.775291278518 11 2.14966e-08
6468.329424114715 8 7.71058e-08
6469.814077862702 4 2.8655e-07
6471.576388970158 11 6.02718e-07
6475.614078448103 4 2.46881e-08
6475.828920908377 7 8.74272e-08
6476.535699611674 6 4.65533e-08
6477.3752913621 11 5.46985e-08
6481.628920940998 7 3.58763e-08
6481.807532212862 10 3.66358e-08
6482.629424403976 8 2.10481e-08
6483.175291275742 11 1.04201e-07
6484.585699475673 6 9.61737e-08
6488.975291463117 11 4.70256e-08
6493.585699443114 6 2.55362e-07
6495.428921029887 7 1.57484e-08
6495.575291061017 11 4.4328e-07
6497.264078096729 4 5.78939e-08
6498.007532318632 10 2.39698e-08
6498.029424014392 8 4.71138e-07
6502.47883759863 9 1.16027e-07
6504.514078116312 4 1.28711e-07
6510.314078172809 4 1.30237e-07
6511.625291070312 11 4.04151e-07
6517.714078315294 4 2.54003e-08
6518.225291083611 11 4.1988e-07
6523.514077982005 4 1.69763e-07
6525.429424331142 8 3.50243e-08
6528.307532293517 10 3.79982e-08
6529.164078290938 4 3.1295e-08
6529.625291273624 11 1.12872e-07
6529.878920788196 7 1.42906e-07
6532.829424186441 8 7.96173e-08
6535.464077959119 4 1.44277e-07
6538.628837418717 9 1.50389e-07
6542.714078370571 4 5.14317e-08
6544.278837417539 9 2.24704e-07
6549.928837740305 9 4.38017e-08
6550.614078438722 4 4.55312e-08
6557.864077660253 4 9.76713e-06
6558.625291214448 11 5.29568e-08
6566.675291448068 11 2.21867e-08
6566.714078380075 4 9.85635e-08
6572.514077736345 4 1.4816e-06
6574.72529125463 11 6.17208e-08
6578.164077892603 4 8.08614e-08
6580.375291397954 11 4.70312e-08
6583.96407806808 4 1.47138e-07
6585.829424387333 8 4.40066e-09
6591.378837635226 9 3.24292e-08
6597.978837708396 9 5.93388e-08
6599.364077941832 4 2.7341e-08
6603.475291028592 11 3.2183e-07
6605.164078102166 4 4.39195e-08
6611.614077736916 4 4.82605e-07
6616.278837666843 9 7.18602e-08
6625.128837388395 9 1.39138e-07
6630.778837386451 9 4.63436e-07
6637.079424426775 8 1.56929e-08
6639.478837239296 9 8.43982e-07
6649.12883739021 9 9.53107e-08
6654.778837476518 9 9.06169e-08
6656.314078108487 4 1.43424e-07
6657.92942401866 8 3.46468e-07
6664.214078076715 4 1.4504e-07
6668.928837804259 9 4.79228e-08
6671.429424243142 8 1.61377e-07
6671.464077956418 4 9.03182e-08
6673.807532049975 10 2.24387e-07
6674.508271788874 3 3.82988e-07
6675.378920726546 7 1.27935e-07
6677.672940292712 2 8.08544e-07
6683.472940358629 2 2.99725e-07
6689.272940758236 2 7.73399e-08
6691.385700052102 6 2.04273e-08
6694.922940210128 2 5.82102e-07
6700.572940231557 2 5.08072e-07
6706.222940350586 2 3.09479e-07
6711.87294031591 2 3.69472e-07
6714.778921074263 7 1.13207e-08
6717.185700040904 6 1.40621e-08
6718.172940430196 2 1.0223e-07
6723.822940280427 2 4.47956e-07
6729.472940602446 2 1.05085e-07
6735.122940401819 2 8.4363e-08
6740.578920975427 7 5.1162e-08
6742.222940444982 2 1.61695e-07
6747.872940893454 2 3.02154e-08
6748.308271824036 3 2.26997e-07
6748.407531909621 10 1.0362e-06
6748.628920759457 7 1.04542e-07
6750.029424263627 8 1.12424e-07
6750.864077903259 4 1.51931e-07
6750.925291400408 11 5.1207e-08
6754.828837576841 9 3.86059e-08
6762.228837704004 9 2.78584e-08
6764.664078197452 4 7.42232e-08
6768.028837483781 9 1.02538e-08
6775.829424180653 8 5.10309e-08
6776.864078112794 4 7.37177e-08
6778.328837684926 9 2.60964e-08
6782.514077768162 4 1.3277e-06
6787.925291007209 11 4.8538e-07
6788.164078172627 4 6.98722e-08
6793.725291517716 11 3.68532e-08
6796.364077997662 4 2.29125e-07
6802.164077930536 4 6.47242e-08
6802.575291166769 11 1.83717e-07
6808.37529117548 11 2.46078e-07
6808.764077957485 4 7.73519e-08
6814.17529155045 11 2.86007e-08
6814.564077894188 4 7.64261e-07
6820.364078187315 4 5.00435e-08
6821.728837618622 9 1.61858e-08
6827.37883753902 9 1.27383e-07
6833.978837423233 9 2.54029e-07
6841.378837387789 9 1.92159e-07
6847.178837263642 9 1.41445e-06
6852.82883750127 9 5.95803e-08
6858.478837537976 9 1.19217e-07
6864.128837300502 9 4.25807e-07
6869.778837596718 9 1.29052e-07
6875.578837422184 9 7.58224e-08
6881.378837385191 9 1.08827e-07
6887.178837464903 9 5.905e-08
6891.229424130989 8 1.869e-07
6891.764077982647 4 1.8966e-07
6892.775291545987 11 3.15538e-08
6893.703854298484 5 1.06253e-07
6894.108271663434 3 9.65023e-07
6894.207531937183 10 4.34314e-07
6895.228920756945 7 7.83406e-08
6901.67294039768 2 2.74351e-07
6907.472940348754 2 2.93382e-07
6912.228921005548 7 3.59888e-08
6912.785699756189 6 2.61878e-08
6914.308271897827 3 1.72579e-07
6914.407532030629 10 5.83052e-08
6916.079424202119 8 1.0072e-07
6917.775290964097 11 1.80017e-06
6919.385699526465 6 8.06048e-08
6920.928920832827 7 7.18006e-08
6923.308271928251 3 9.65209e-08
6923.407532003164 10 2.81019e-07
6924.279424038818 8 5.9585e-08
6924.953854208824 5 6.00346e-08
6929.108271888611 3 1.81998e-07
6929.207532459144 10 1.85441e-08
6930.753854298812 5 1.32901e-07
6936.508271847393 3 1.47282e-07
6936.553853953518 5 3.90286e-06
6937.257532277606 10 2.05533e-08
6937.929423972765 8 2.31842e-07
6942.308272118883 3 7.85057e-08
6942.353854384673 5 5.60838e-08
6943.729424201821 8 1.60233e-07
6944.364078029548 4 1.25552e-07
6949.828837621146 9 5.97024e-08
6952.414078177734 4 5.18815e-08
6958.828837750512 9 3.51639e-08
6959.664078256457 4 7.42023e-08
6964.478837803903 9 3.65256e-08
6966.11407784776 4 1.58425e-07
6971.764078321811 4 4.43807e-08
6975.578837450928 9 2.06393e-07
6981.2288375861 9 1.28228e-07
6985.564078016872 4 7.40651e-08
6988.429654580547 8 3.25731e-07
6989.15753217738 10 1.84855e-08
6989.708271968661 3 6.9011e-08
6989.928920768291 7 5.31609e-08
6993.172940198967 2 3.38119e-07
7000.528921270288 7 1.60838e-08
7000.572940319975 2 2.40796e-07
7006.372940190708 2 4.0599e-07
7012.172940547588 2 9.1817e-08
7012.578921189939 7 2.6937e-08
7017.108271780559 3 3.62451e-07
7017.357532069935 10 1.01545e-07
7018.228920691834 7 5.47914e-08
7020.385699466552 6 1.8203e-07
7021.975291043826 11 1.39178e-07
7032.575291426554 11 5.85037e-08
7032.585699868347 6 2.03734e-08
7038.128920638082 7 4.25971e-07
7038.375291450834 11 2.48177e-08
7038.385699824801 6 2.15817e-08
7039.558271886048 3 1.98133e-07
7039.657531957901 10 4.47347e-07
7040.329424075169 8 1.71709e-07
7040.353854329486 5 6.00011e-08
7045.228921145443 7 5.90572e-09
7045.358272133623 3 2.67424e-08
7045.457532304999 10 2.31155e-08
7045.964077991341 4 3.38499e-07
7046.1294242118 8 1.38754e-07
7054.528837644954 9 6.3532e-08
7056.264077917541 4 1.73005e-07
7058.329424302186 8 9.83818e-08
7059.375291036581 11 3.25421e-07
7060.628920989581 7 2.46765e-08
7062.457532254625 10 3.97189e-08
7064.98569965792 6 2.49219e-08
7065.02529128168 11 5.47007e-08
7070.785699455439 6 1.33689e-07
7076.435699263197 6 1.07735e-06
7078.525291237753 11 2.33984e-07
7083.035699921616 6 1.43553e-08
7085.125291454356 11 6.21156e-08
7088.828920806723 7 2.24846e-08
7088.835699631122 6 7.44671e-08
7090.50753204803 10 1.1562e-07
7091.158272051178 3 1.52464e-08
7091.329424357818 8 5.04582e-08
7092.164078136476 4 7.69087e-08
7092.225291399341 11 8.23169e-08
7097.929424179819 8 1.75604e-07
7101.164078276882 4 6.48238e-08
7105.878837481132 9 1.79534e-07
7113.979424680224 8 4.96345e-08
7114.814078434105 4 5.47989e-08
7115.528837365743 9 1.47967e-07
7121.178837559971 9 5.43537e-08
7132.278837734424 9 6.10047e-08
7133.914078068708 4 3.62632e-08
7134.679423973702 8 3.19548e-07
7136.15385428592 5 6.37407e-08
7136.158271768092 3 8.78897e-08
7136.307532059712 10 1.43682e-07
7141.953853997019 5 2.17812e-06
7141.957532386976 10 1.87364e-08
7141.958271867489 3 1.12439e-07
7147.529424169471 8 1.11577e-07
7147.753854367302 5 3.44862e-08
7160.603854473582 5 3.66243e-08
7177.453854455945 5 5.47578e-09
7184.853854357937 5 4.87747e-08
7193.053854301453 5 1.47752e-07
7194.929424024275 8 2.9739e-07
7194.958271894257 3 9.94132e-08
7195.607532009843 10 2.50162e-07
7197.02892066069 7 1.41452e-07
7199.422940352539 2 1.26873e-07
