1.031675608304 4 6.33343e-08
4.860644042828 8 4.03769e-08
6.438739997812 3 9.11588e-08
9.731675780257 4 2.83802e-08
12.088739854319 3 2.12608e-07
13.702545192651 5 1.21287e-07
16.114303915859 11 7.99166e-08
16.739336077753 10 1.04115e-08
17.738740075773 3 8.58734e-08
19.352545208545 5 1.36354e-07
21.764303776203 11 1.19923e-07
23.388739706249 3 9.07933e-07
26.431676026938 4 1.58923e-08
33.589335602253 10 4.22432e-07
33.814303842648 11 3.40118e-08
38.638758506021 3 1.59781e-07
39.252545600066 5 5.79694e-08
43.464303641795 11 5.19181e-07
44.189335934598 10 1.09198e-07
45.052545173984 5 4.20505e-08
45.888740154895 3 8.20601e-08
50.631675718432 4 3.22947e-08
50.710644063567 8 4.55402e-08
53.252545676028 5 5.53394e-08
56.431675782597 4 1.04791e-08
58.888740107788 3 3.70018e-08
59.052545669699 5 6.78436e-08
64.688739901072 3 8.60342e-08
65.652545495066 5 8.87186e-08
69.131675571207 4 3.81987e-08
69.160643721453 8 3.01267e-08
74.931675546107 4 2.86078e-08
74.960643726581 8 1.44547e-07
83.288740332751 3 1.47221e-08
89.088739854175 3 2.38579e-07
98.088739955545 3 1.16438e-07
106.400142337341 9 8.79046e-09
114.537412219466 6 6.23424e-08
120.688740137486 3 2.8315e-08
122.737411926112 6 2.32907e-07
128.387411923641 6 2.53672e-07
129.672100264482 7 4.44174e-07
134.037412381788 6 2.35583e-08
135.472100645024 7 3.41424e-08
140.637412238391 6 8.13015e-09
141.122100376609 7 1.3334e-07
147.237412107492 6 2.38352e-08
147.572100566136 7 4.10182e-08
153.037412128115 6 9.94758e-08
153.222100380788 7 1.57266e-07
158.837411827776 6 1.24521e-07
158.872100706119 7 1.07338e-08
164.637412044299 6 1.7835e-07
166.122100429249 7 1.14801e-07
172.037412090639 6 6.91279e-08
174.322100390548 7 6.79044e-08
177.83741207016 6 2.38105e-08
182.450142307777 9 4.7742e-08
184.00190461593 2 2.544e-07
188.250142327481 9 1.95977e-08
190.601904949758 2 2.47697e-08
194.050142145812 9 7.58916e-08
197.201904589394 2 9.34468e-08
203.001904498603 2 3.54639e-07
203.700142492636 9 8.38571e-09
208.651904521134 2 4.66389e-07
211.750141989255 9 1.52812e-07
214.451904708035 2 8.16388e-08
220.251904660495 2 1.32806e-07
222.050141999394 9 1.60967e-07
231.651904508448 2 8.30836e-07
232.500142435118 9 2.44785e-08
237.451904860099 2 3.68883e-08
243.101904598025 2 7.96424e-08
252.451904784593 2 2.54098e-08
259.701904667099 2 5.16434e-08
261.200142593341 9 1.85668e-08
271.75190482741 2 5.76936e-08
276.45014205729 9 1.57589e-07
277.551904666008 2 1.83565e-07
282.100142296442 9 5.52613e-08
283.35190450205 2 1.95697e-07
289.151904832078 2 7.41375e-08
298.950142212074 9 3.16678e-08
302.801904849051 2 3.60106e-08
304.437412382854 6 6.08274e-09
304.75014208603 9 1.00618e-07
311.48873987478 3 1.46651e-07
313.852545628147 5 3.12832e-08
314.714304258711 11 3.12934e-08
317.288739965976 3 8.06146e-08
319.131675606433 4 1.25243e-07
319.160643892793 8 3.79984e-08
325.760643686884 8 7.7188e-08
326.381675517414 4 9.57372e-08
331.56064354005 8 3.21016e-07
332.181675308265 4 6.33412e-07
336.302545386519 5 4.76942e-08
337.188739872237 3 4.4414e-08
343.788740020719 3 7.70611e-08
350.088739890263 3 2.7187e-08
356.381675432408 4 2.82648e-07
356.410643510112 8 8.37948e-07
366.750142073057 9 6.34615e-08
374.80014236615 9 1.14094e-08
383.501904751026 2 1.39358e-08
389.301904460816 2 2.16338e-07
393.900142063479 9 4.03191e-08
394.951904380646 2 1.27821e-06
399.550142498159 9 3.08159e-08
401.251904577461 2 1.0568e-07
409.188740134167 3 6.17461e-08
410.210644018055 8 2.13722e-08
410.981675508332 4 1.06391e-07
416.438740094876 3 4.70649e-08
418.081675602265 4 6.00393e-08
419.560643770275 8 4.09655e-08
423.731675596291 4 3.93855e-08
425.210643472196 8 5.69126e-07
429.381675260779 4 3.96112e-07
430.860643803756 8 4.80846e-08
435.031675667412 4 6.81272e-08
440.360643767387 8 2.83152e-08
446.810644023679 8 2.99043e-08
455.538739824485 3 1.97176e-07
456.352545362232 5 2.99216e-07
458.78167550583 4 1.65312e-07
458.860643720737 8 6.40621e-08
464.581675542825 4 3.95587e-08
464.660643580978 8 3.80468e-07
472.060643607853 8 2.42375e-07
472.631675332123 4 3.67574e-07
477.860643654378 8 7.64604e-08
478.281675573281 4 8.42408e-08
483.660643707379 8 1.01497e-07
483.931675553844 4 7.92064e-08
489.188740087501 3 6.3603e-08
494.737412179513 6 5.68026e-08
497.889335843889 10 1.29027e-07
498.764304065142 11 3.52884e-08
503.737412118768 6 9.21596e-08
505.922100584351 7 4.78803e-08
509.387411961054 6 1.25458e-07
512.438739982234 3 5.6474e-08
518.889336125224 10 2.87255e-08
522.087412067719 6 6.80975e-08
527.887412026374 6 3.80426e-08
531.889335821659 10 7.57646e-08
532.564304078001 11 2.12563e-08
535.637412241114 6 3.34185e-08
544.488740089241 3 2.58749e-08
546.887411985305 6 2.2407e-07
549.172100461517 7 6.34262e-08
552.537411800107 6 6.96451e-07
558.022100352868 7 3.24443e-07
559.63741198836 6 1.00439e-07
565.437411823257 6 3.1295e-07
566.872100389317 7 1.61948e-07
571.737411967745 6 1.73083e-07
572.522100743436 7 2.47691e-08
577.387411932294 6 2.14915e-07
582.02210056532 7 3.53534e-08
583.687411924868 6 1.68653e-07
589.337411843501 6 1.76855e-07
598.039335693372 10 3.44413e-07
598.864304115015 11 4.70242e-08
606.837411945952 6 1.77529e-07
612.637412066733 6 1.19023e-07
616.489336056414 10 3.14745e-08
620.537412272049 6 7.69091e-08
622.938739986069 3 1.88163e-08
626.760643682882 8 6.56102e-08
627.68167556415 4 8.84398e-08
631.78873982353 3 1.00157e-07
633.202545192875 5 3.2545e-07
634.914303820808 11 7.37227e-08
636.389336005407 10 9.19963e-08
638.088740106268 3 7.04323e-08
638.852545200906 5 4.47341e-07
643.581675430348 4 3.82044e-07
643.610643577654 8 1.14479e-07
649.338739639672 3 3.86794e-07
650.102545308591 5 1.64164e-07
651.614303733662 11 1.53743e-07
652.289335925265 10 6.76069e-08
654.988739948072 3 5.3226e-08
655.902545378321 5 7.74526e-08
657.414303946309 11 8.35146e-08
660.638739906665 3 3.67537e-07
667.888740043406 3 1.35408e-07
673.538739548204 3 1.16759e-05
674.202545100321 5 5.24018e-07
675.864303581045 11 3.17478e-07
676.489336067699 10 2.86603e-08
679.188740018078 3 5.39204e-08
679.852545330512 5 2.81161e-07
681.514304022141 11 5.31089e-08
685.638739842421 3 1.16911e-07
685.652545126525 5 8.59943e-07
687.664303811983 11 1.10388e-07
689.089336225759 10 3.12106e-08
691.438740010647 3 3.13997e-08
691.452545130689 5 5.30819e-07
693.464303758513 11 1.98652e-07
696.33933591764 10 4.3128e-08
697.252545047073 5 8.01986e-07
698.038740025983 3 1.68398e-07
702.814303830456 11 1.23989e-07
703.052545305953 5 9.11752e-08
704.389335997722 10 1.33776e-08
706.238739939965 3 6.0529e-08
708.614303661959 11 2.02507e-07
709.502545086399 5 7.85968e-07
711.888739958938 3 8.40536e-08
713.239336188406 10 6.11016e-08
714.264303899393 11 3.58312e-08
715.152544987334 5 8.25015e-06
717.538740125193 3 4.48165e-08
719.914304103924 11 4.57255e-08
720.8025454629 5 1.34427e-07
725.951904727309 2 1.33442e-07
726.800141908573 9 1.40751e-07
731.751905042361 2 1.83521e-08
733.250142071958 9 6.53432e-08
737.401904653649 2 1.17512e-07
739.050141959283 9 1.63001e-07
743.851905029937 2 1.99065e-08
744.700142008551 9 1.48776e-07
750.350141991349 9 1.49753e-07
756.000141905881 9 5.047e-07
756.551904679353 2 6.77443e-08
765.288740032765 3 4.19753e-08
768.552545153847 5 1.94357e-07
770.064303799732 11 8.30974e-08
771.888739664293 3 6.88872e-07
774.352545144548 5 1.69265e-07
775.86430417812 11 1.51741e-08
777.538740091073 3 4.86374e-08
778.989336146349 10 9.41174e-09
780.152545349315 5 7.92777e-08
781.514304135651 11 3.3609e-08
783.338740073341 3 4.50067e-08
785.952545341312 5 1.06538e-07
787.814304065818 11 8.61942e-08
789.138739692824 3 1.40503e-07
792.581675767984 4 1.71596e-08
792.610644092277 8 1.24258e-08
794.802545377342 5 1.15427e-07
794.938739780926 3 1.97625e-07
800.738740188588 3 8.20445e-08
815.951904817949 2 5.82992e-08
821.601904530812 2 3.77269e-08
822.800142129151 9 1.41891e-07
831.401904397757 2 8.37082e-07
837.051904729555 2 7.17941e-08
840.300142111861 9 1.79853e-08
842.851904692824 2 9.07569e-08
849.30190481987 2 4.15827e-08
854.951904706867 2 5.97626e-08
863.651914774764 2 9.72058e-08
865.150142045674 9 1.53035e-07
869.451904581791 2 1.95924e-07
871.750142367367 9 3.73262e-08
875.251904710185 2 7.94256e-08
878.850142133416 9 3.29982e-08
881.851904510056 2 3.77871e-07
889.251905006562 2 3.26366e-08
894.75014219723 9 1.5789e-08
894.901904580223 2 4.59918e-08
901.351904687875 2 1.62106e-07
907.151904864059 2 2.14029e-08
917.301904526191 2 3.91728e-07
918.800142539413 9 3.77524e-08
924.551904774791 2 6.83955e-08
930.351904663703 2 5.67547e-08
938.088739796535 3 2.74816e-07
946.288739930184 3 1.51335e-07
947.98167546677 4 1.41106e-07
948.010643624011 8 2.11862e-07
952.088740221559 3 4.83678e-08
956.151904870248 2 6.35253e-08
961.95190483757 2 2.36469e-08
972.252272327175 2 3.51369e-08
977.750142218749 9 2.05741e-08
978.051904291692 2 2.83612e-05
985.151904804138 2 8.742e-08
992.251904775327 2 7.33297e-08
997.901904523278 2 1.52774e-07
1002.600142425399 9 2.16402e-08
1003.551904730413 2 7.44631e-08
1009.351904662717 2 6.56834e-08
1014.650142219614 9 5.54011e-08
1015.001904426135 2 8.33995e-08
1021.601904959121 2 4.12812e-08
1027.401904788453 2 6.77142e-08
1034.001904570545 2 3.17384e-07
1039.651905094115 2 2.23158e-08
1047.551904500418 2 4.24917e-07
1048.95014257365 9 1.70197e-08
1053.351905003075 2 2.44518e-08
1058.600142176083 9 2.37506e-08
1059.001904485647 2 3.36164e-07
1066.401904785154 2 2.25775e-08
1072.201904612362 2 9.87307e-08
1073.05014225957 9 5.4007e-08
1078.651904689398 2 1.14316e-07
1085.90190474151 2 1.39488e-07
1094.601904754926 2 5.63255e-08
1104.251950742813 2 4.82356e-07
1105.75014220394 9 1.689e-08
1109.901904931008 2 3.92638e-08
1116.137411888873 6 5.01952e-07
1121.937412204315 6 1.71344e-08
1121.972100379158 7 1.21405e-07
1127.737412106269 6 5.22613e-08
1133.387412250802 6 1.12517e-08
1139.037411888474 6 1.32631e-07
1139.622100717112 7 1.68877e-08
1152.339336004551 10 6.76117e-08
1162.13741203798 6 9.38676e-08
1169.088740240613 3 3.01755e-08
1174.837412307795 6 5.13242e-08
1180.487412205036 6 4.1279e-08
1191.538740023411 3 6.77052e-08
1193.90254535652 5 4.48999e-08
1198.581675722356 4 5.52051e-08
1198.610643828597 8 7.2533e-08
1205.188739871661 3 4.34122e-08
1209.181675476516 4 6.71788e-08
1209.210643537683 8 1.97954e-07
1214.981675495738 4 1.01313e-07
1215.01064355422 8 7.83371e-07
1220.781675453033 4 1.88211e-07
1220.810643760346 8 5.82719e-08
1232.438739875215 3 9.30374e-08
1235.410643952021 8 3.25639e-08
1237.181675385446 4 3.26861e-07
1241.210643958232 8 3.85461e-08
1242.981675503384 4 1.09598e-07
1246.860643712182 8 7.35218e-08
1248.631675469321 4 2.13606e-07
1254.11064398356 8 2.55949e-08
1258.781675596405 4 6.59144e-08
1259.760643955115 8 4.21745e-08
1264.581675868799 4 9.85477e-09
1268.460643535817 8 2.67899e-07
1270.231675392623 4 4.41445e-07
1274.110644035953 8 2.98996e-08
1276.381675842239 4 2.68336e-08
1277.938739746626 3 2.05066e-07
1278.752545515543 5 5.98825e-08
1281.210643563871 8 3.91552e-07
1282.031675504469 4 8.62286e-08
1286.860643663936 8 1.1035e-07
1287.681675720674 4 1.33601e-08
1293.188739816886 3 1.71771e-07
1298.789336114996 10 5.0296e-08
1306.787412352255 6 5.38602e-08
1314.837412357481 6 6.81364e-08
1317.238739937847 3 7.19344e-08
1320.360643911323 8 1.69872e-08
1324.381675846284 4 3.60258e-08
1330.810644045346 8 1.22815e-08
1334.981675375369 4 1.14495e-07
1336.460643588033 8 3.89612e-07
1342.088739795972 3 1.35429e-07
1348.337411820022 6 1.75645e-07
1351.522100210257 7 6.57789e-07
1354.13741213745 6 1.04844e-07
1357.322100559803 7 3.65335e-08
1359.787412038837 6 1.1936e-07
1365.437411674803 6 1.52559e-05
1368.42210064321 7 8.54047e-09
1371.087412180504 6 1.42606e-07
1374.072100682817 7 2.86026e-08
1377.387412258937 6 3.62705e-08
1383.837411975471 6 1.8358e-07
1389.487412105373 6 7.92681e-08
1389.972100349439 7 1.2071e-07
1407.738740202598 3 8.81637e-09
1412.587412041834 6 1.03738e-07
1416.588740003704 3 1.08988e-07
1425.310643651365 8 1.02683e-07
1426.081675361629 4 1.54367e-07
1430.960643646073 8 1.64112e-07
1431.731675337186 4 4.24542e-07
1438.750142182374 9 5.08959e-08
1440.35190478764 2 4.49947e-08
1446.088739839647 3 4.2333e-08
1452.487412329283 6 4.10561e-08
1459.737412127925 6 2.16619e-08
1463.7387398362 3 1.18486e-07
1466.831675893294 4 2.27274e-08
1466.860644207904 8 1.98133e-08
1468.40254543466 5 9.35221e-08
1469.388740188004 3 6.41083e-08
1476.55190482811 2 7.6432e-08
1484.601904674007 2 6.61e-08
1486.150142074652 9 1.64633e-07
1491.851904410239 2 7.02869e-07
1492.750142369253 9 2.48638e-08
1499.10190437421 2 1.0227e-06
1500.65014214175 9 2.10806e-08
1506.300142303153 9 3.55466e-08
1507.001905036479 2 2.52169e-08
1519.060643936355 8 3.4997e-08
1521.438739917142 3 7.44663e-08
1522.202545287212 5 2.143e-07
1525.481675206657 4 9.79063e-06
1525.510643499682 8 6.29032e-07
1534.510643580231 8 4.18111e-07
1535.13167540394 4 8.11417e-08
1540.310643709018 8 5.25722e-08
1540.781675519993 4 2.90026e-08
1547.088740012615 3 1.01058e-07
1547.852545446842 5 1.08257e-07
1554.910643588485 8 1.10522e-07
1555.731675367863 4 3.74642e-07
1560.710643602802 8 3.52812e-07
1561.53167580491 4 1.07089e-08
1566.360643613981 8 1.2158e-07
1567.181675771275 4 2.97299e-08
1571.938739860999 3 2.48134e-07
1573.502545288075 5 3.67706e-08
1579.86064346265 8 1.09383e-06
1579.88167529548 4 7.9241e-07
1583.838740017234 3 2.69763e-08
1585.660643703398 8 1.21045e-07
1585.681675441434 4 6.03022e-08
1591.460643728824 8 9.71614e-08
1591.481675585552 4 1.05504e-07
1603.738739956272 3 1.09395e-07
1609.26064363095 8 2.7501e-07
1610.081675497074 4 1.2182e-07
1615.060643775686 8 2.79239e-08
1615.881675419156 4 3.21711e-07
1618.852545750565 5 3.3554e-08
1618.988740115851 3 4.51517e-08
1620.710643932349 8 2.29228e-08
1628.638739839869 3 1.50475e-07
1630.252545402469 5 9.82771e-08
1633.431675625233 4 1.02948e-07
1635.010643887763 8 1.53474e-08
1637.338740034804 3 2.1316e-08
1638.80254558272 5 9.04307e-08
1641.331675351276 4 5.09454e-07
1641.460643641502 8 9.14193e-08
1645.388740020435 3 2.90107e-08
1651.188740190372 3 4.29906e-08
1659.110643684503 8 1.27726e-07
1659.931675326871 4 3.25396e-07
1665.560643650117 8 2.20107e-07
1665.581675281691 4 1.23329e-06
1668.689109143493 3 6.11779e-08
1674.581675495229 4 6.07481e-08
1675.360643861943 8 5.95136e-08
1683.410643569253 8 3.45264e-07
1684.081675318161 4 2.50375e-07
1689.06064410617 8 1.86472e-08
1690.188739969682 3 4.20816e-08
1692.602545009905 5 3.8047e-06
1694.164303602166 11 3.10649e-07
1694.839336158958 10 2.11334e-08
1695.838739719183 3 2.58155e-07
1698.25254546319 5 7.72607e-08
1699.814304096713 11 2.00877e-08
1701.488740127084 3 4.99886e-08
1703.902545258689 5 2.382e-07
1707.138740040168 3 1.43102e-07
1710.881675651244 4 5.45138e-08
1712.310643938192 8 3.35507e-08
1716.681675182682 4 2.04332e-05
1718.110643911902 8 3.49157e-08
1722.481675920659 4 4.2546e-08
1727.188740167141 3 3.40054e-08
1729.387412207603 6 1.04057e-07
1736.838740045278 3 1.27867e-08
1741.510643657177 8 1.15626e-07
1741.581675554678 4 8.46327e-08
1747.152545474567 5 2.06995e-08
1747.93873982764 3 2.16912e-07
1753.738740173133 3 3.40681e-08
1756.11064370723 8 9.49335e-08
1756.181675339011 4 8.86302e-07
1773.110643640045 8 7.00035e-08
1773.831675363372 4 3.73662e-07
1782.11064370313 8 3.89626e-08
1782.681675537191 4 1.62828e-07
1787.910643637997 8 1.4722e-07
1788.331675498614 4 1.88951e-07
1793.560643569992 8 6.2097e-07
1794.131675318693 4 3.34418e-07
1799.210643758267 8 9.81353e-08
1799.9316756978 4 9.04903e-08
1804.860643391941 8 8.66948e-06
1805.581675515857 4 1.17025e-07
1810.510643902516 8 3.54504e-08
1820.68874025186 3 1.81766e-08
1823.081675864158 4 1.76559e-08
1823.860644054292 8 8.47364e-09
1831.139043996823 3 3.18693e-08
1835.110643820022 8 1.0369e-07
1835.131675451087 4 9.23196e-08
1844.110644050592 8 3.23586e-08
1847.03167556495 4 7.2106e-08
1855.860643865594 8 3.82256e-08
1857.481675735397 4 1.87658e-08
1861.510643463893 8 1.14239e-06
1863.13167578245 4 2.21057e-08
1864.638740062153 3 3.41706e-08
1870.288739767064 3 2.36145e-07
1873.410643804284 8 3.52155e-08
1875.031675769703 4 2.73248e-08
1880.739163159622 3 3.17851e-08
1891.037412105379 6 9.80192e-08
1898.200142336546 9 4.65906e-08
1898.251904367708 2 1.09056e-06
1906.451904620096 2 2.55585e-07
1912.101904809863 2 6.48894e-09
1917.75190445153 2 4.63117e-07
1919.050142339205 9 2.03408e-08
1923.403002950576 2 1.51431e-08
1936.687412253266 6 2.40964e-08
1944.737411990013 6 5.29284e-08
1950.387411883522 6 1.59347e-07
1956.037412172417 6 4.14239e-08
1956.822100577253 7 5.99699e-08
1961.687412183998 6 4.60516e-08
1971.039336280821 10 5.32493e-08
1971.838739859746 3 1.20086e-07
1974.26430421518 11 1.27105e-08
1976.787412367604 6 7.07556e-08
1990.30014196928 9 2.86639e-07
1991.151904832946 2 4.30828e-08
2003.351904687586 2 1.11277e-07
2009.700142063823 9 7.80736e-08
2016.051904523408 2 3.32019e-07
2020.838740319759 3 2.71689e-08
2028.037412014259 6 4.18501e-08
2040.810644052423 8 2.28283e-08
2050.488739907611 3 9.94389e-08
2052.887412188916 6 5.33413e-08
2060.13874001702 3 3.24156e-08
2062.537411959115 6 2.03761e-07
2069.638740163124 3 4.72878e-08
2075.288740031461 3 1.15184e-07
2078.460643870816 8 4.70437e-08
2079.231675620375 4 1.30542e-07
2084.110643614321 8 2.14248e-07
2085.03167549093 4 8.22707e-08
2088.138739846431 3 1.17284e-07
2090.452545239943 5 1.2423e-07
2091.264303690572 11 8.45617e-08
2092.689335895804 10 1.23053e-07
2096.102545400243 5 1.29569e-07
2096.914303720659 11 1.55294e-07
2098.438739884141 3 2.13676e-08
2101.752545006484 5 1.03154e-06
2103.364303691505 11 1.19693e-07
2104.089335971223 10 7.99926e-08
2107.288739983837 3 1.07817e-07
2107.40254512547 5 8.37355e-07
2114.688739983227 3 7.64129e-08
2116.102545702754 5 3.21878e-08
2117.581675531783 4 4.57568e-08
2118.410643745603 8 1.16312e-07
2120.988739887497 3 1.18492e-07
2130.581675866489 4 5.73334e-08
2130.610644043813 8 3.84883e-08
2138.781675467189 4 1.2909e-07
2138.810643625736 8 1.4383e-07
2144.581675243702 4 1.27988e-06
2144.610643456751 8 4.99445e-07
2159.151904997194 2 1.65411e-08
2164.951904560436 2 1.89823e-07
2173.00190465476 2 4.61791e-08
2178.651904742973 2 6.70599e-08
2185.751904719681 2 5.34932e-08
2195.401904460084 2 9.12031e-07
2201.051904500539 2 3.60176e-07
2201.60014236636 9 3.92483e-08
2205.038739913752 3 1.34679e-07
2207.352545589864 5 2.8183e-08
2214.437412408051 6 3.88962e-08
2216.138739801682 3 1.34327e-07
2220.237411870835 6 5.47389e-07
2223.222100379705 7 1.66629e-07
2225.887411984002 6 1.47265e-07
2232.222100654228 7 1.8537e-08
2234.587412047746 6 1.11642e-07
2237.872100769079 7 4.36812e-08
2241.837412121986 6 1.74693e-07
2243.522100282109 7 3.71746e-07
2247.487411674012 6 1.73979e-05
2249.822100429212 7 1.15411e-07
2254.587411885052 6 2.81586e-07
2258.672100342051 7 7.85703e-08
2260.237412067278 6 1.10028e-07
2264.972100553187 7 3.69747e-08
2265.887411853895 6 2.31668e-07
2270.622100693914 7 5.33593e-08
2271.537411674444 6 2.2184e-05
2276.272100384937 7 1.68729e-07
2277.187412092739 6 1.61469e-07
2281.922100273594 7 4.25337e-07
2285.887411881224 6 1.16245e-07
2291.53741194502 6 6.40019e-08
2293.02210036673 7 1.16211e-07
2297.83741189554 6 1.98703e-07
2299.472100435575 7 5.66975e-08
2303.487411877414 6 3.46211e-07
2309.787412272339 6 6.97228e-08
2318.588740160102 3 3.36529e-08
2323.339336278868 10 2.6341e-08
2324.23873989461 3 3.12908e-07
2328.064303710442 11 1.14098e-07
2328.989335690213 10 3.8214e-07
2333.888740051264 3 1.02902e-08
2341.039336078248 10 9.66613e-08
2345.837411774591 6 2.20061e-06
2351.637412295856 6 6.23094e-08
2353.672100397056 7 5.25529e-08
2357.287411694164 6 4.76842e-06
2361.87210028891 7 9.98768e-08
2362.937412095168 6 5.42309e-08
2367.522100736152 7 3.08442e-08
2368.587411887772 6 2.74777e-07
2374.622100343586 7 1.00825e-07
2375.537412141407 6 8.36889e-08
2380.272100477936 7 8.42953e-08
2381.187412298916 6 7.31355e-08
2385.922100572732 7 4.66993e-08
2388.437412009366 6 7.28417e-08
2394.087411815617 6 8.08623e-07
2396.222100517011 7 3.10121e-08
2401.987411917599 6 1.8192e-07
2408.289336020324 10 4.8037e-08
2420.339335755053 10 3.38155e-07
2421.064303933862 11 1.0075e-07
2432.239336035778 10 9.24314e-08
2437.78873987856 3 5.79033e-08
2437.802545524447 5 3.08364e-08
2448.151904603668 2 1.24872e-07
2460.201904553776 2 1.95959e-07
2466.001904808601 2 7.84558e-08
2470.600142116356 9 1.18773e-07
2476.400142138273 9 1.17076e-07
2477.887412267576 6 1.94265e-08
2480.301904802982 2 4.23381e-08
2482.050142359021 9 1.83011e-08
2486.872100958298 7 8.42504e-09
2487.700142097822 9 1.15172e-07
2493.287412250583 6 4.24364e-08
2496.939335964493 10 6.96642e-08
2499.588739802438 3 1.97117e-07
2499.602545605331 5 3.21027e-08
2503.181675591938 4 5.36793e-08
2503.210643706037 8 6.63531e-08
2508.981675897794 4 5.86746e-08
2509.010643991433 8 2.3289e-08
2514.988740217751 3 2.10341e-08
2515.581675550772 4 5.51905e-08
2516.4106438106 8 3.51014e-08
2521.381675863737 4 1.67954e-08
2528.460643600358 8 1.72824e-07
2528.481675560078 4 6.96053e-08
2538.260643851461 8 6.76712e-08
2538.281675740789 4 4.9443e-09
2544.060643866632 8 5.03285e-08
2544.081675497815 4 2.5446e-08
2549.860643931574 8 3.17476e-08
2549.881675579983 4 8.13255e-08
2556.302545396217 5 1.44867e-07
2556.338739851378 3 1.0268e-07
2558.860643631475 8 1.32883e-07
2558.881675456357 4 6.56356e-08
2564.660643911008 8 3.25693e-08
2564.681675571113 4 1.15364e-07
2570.460643919277 8 2.99242e-08
2570.481675554664 4 5.13281e-08
2584.260643731265 8 1.5004e-07
2585.081675732113 4 3.41739e-08
2587.738739695473 3 4.21159e-07
2589.152545111686 5 3.77732e-07
2590.61430407804 11 2.17926e-08
2593.388739683265 3 3.40094e-07
2594.952545323351 5 3.4386e-07
2599.038739890799 3 1.99609e-07
2602.060643888772 8 4.50108e-08
2602.081675811432 4 1.84042e-08
2606.938739892549 3 1.12595e-07
2607.652545456478 5 4.8423e-08
2612.738740173007 3 3.76546e-08
2613.46064389814 8 1.63169e-08
2614.281675593406 4 4.96175e-08
2616.502545525833 5 9.34005e-08
2618.388739947506 3 6.72044e-08
2624.387412129951 6 7.13411e-08
2626.788740068557 3 8.43096e-08
2630.000142046053 9 5.90137e-08
2633.951904606025 2 1.28478e-07
2638.850142037114 9 2.01494e-07
2644.500142090069 9 1.2068e-07
2651.61064338793 8 3.65319e-05
2651.631675330815 4 4.47177e-07
2657.410643873052 8 3.58028e-08
2657.431675810823 4 5.17528e-08
2663.210643888023 8 1.77944e-08
2663.231675845811 4 4.78553e-08
2669.010643833708 8 1.83285e-08
2669.031675734322 4 5.2778e-08
2674.810643788685 8 9.35062e-08
2674.831675421132 4 1.22597e-07
2678.802545514042 5 8.04211e-08
2678.838739837914 3 1.21999e-07
2682.210643692685 8 1.36755e-07
2682.231675645208 4 5.72408e-08
2688.010643990516 8 3.64344e-08
2688.031675696307 4 6.59698e-08
2699.838739941347 3 1.2537e-07
2702.052545166965 5 2.95693e-07
2705.214303714111 11 2.44373e-07
2706.839336109426 10 5.9258e-08
2707.702545056457 5 1.19046e-06
2707.739116038582 3 5.32255e-07
2710.864303889078 11 4.85305e-08
2713.50254569682 5 2.35227e-08
2713.538739934443 3 1.01972e-07
2722.037411851954 6 1.95144e-07
2726.772100585454 7 6.5399e-08
2727.687411796826 6 6.76738e-07
2733.337412265249 6 5.42178e-08
2738.022100217458 7 4.82248e-07
2739.787411969425 6 4.04995e-07
2743.672100691072 7 3.72583e-08
2745.437412207677 6 8.16546e-08
2756.037411736424 6 3.49546e-06
2757.672100315979 7 1.96651e-07
2761.837411974389 6 2.2043e-07
2763.472100610573 7 5.36621e-08
2767.637412311765 6 3.10145e-08
2769.272100655538 7 4.31192e-08
2773.287411891234 6 2.23868e-07
2777.97210030945 7 5.71568e-08
2779.737411893479 6 2.10341e-07
2783.772100212719 7 1.0118e-06
2787.787412246134 6 8.83251e-08
2789.572100465489 7 3.95211e-08
2793.437412061658 6 1.92226e-07
2795.372100510874 7 9.13759e-08
2800.83741216592 6 4.73377e-08
2801.972100178289 7 6.02867e-07
2806.637412030124 6 2.32627e-07
2807.772100867323 7 1.92964e-08
2814.872100636266 7 3.44684e-08
2818.037412152807 6 6.87403e-08
2823.687411676396 6 3.15829e-05
2825.972100308822 7 7.00192e-08
2831.772100609957 7 4.67355e-08
2832.53741205177 6 1.07788e-07
2837.422100596304 7 3.04239e-08
2838.187411788232 6 4.66771e-07
2843.222100754606 7 9.62796e-09
2843.987411867447 6 5.35659e-07
2856.187412217661 6 1.83644e-08
2868.138739889404 3 1.47965e-07
2870.787412183187 6 3.96977e-08
2874.738740125665 3 2.19159e-08
2881.010643624223 8 8.04553e-08
2881.031675579649 4 1.48758e-08
2886.810643684336 8 1.30772e-07
2886.83167548395 4 1.1274e-07
2889.338739748913 3 2.37328e-07
2889.402545389544 5 4.36952e-08
2895.1387399003 3 1.87514e-07
2904.489335719963 10 4.74545e-07
2905.314303694623 11 4.49638e-07
2910.289357187106 10 6.53202e-07
2911.114303886844 11 8.14785e-08
2915.939335843559 10 9.52206e-08
2919.838739863851 3 2.14129e-07
2927.889425532132 3 1.69658e-07
2932.400141968386 9 1.38449e-07
2932.401904721411 2 1.45187e-07
2938.200142056799 9 6.55325e-08
2944.601904636824 2 3.55084e-08
2949.450142448984 9 3.37307e-08
2952.587412409289 6 1.47489e-08
2960.610643915729 8 6.34052e-08
2962.231675795841 4 1.8809e-08
2966.410643586719 8 2.51147e-07
2967.881675310663 4 4.67954e-07
2972.060643886719 8 5.25287e-08
2973.531675518852 4 1.43989e-07
2977.710643803383 8 8.12103e-08
2979.181675318734 4 4.16355e-07
2988.6519049354 2 1.22867e-08
2995.251904760487 2 9.99099e-08
3000.901904834688 2 2.2954e-08
3010.401904775201 2 4.27111e-08
3014.300142100042 9 7.80876e-08
3016.051904744973 2 7.17719e-08
3023.151904511958 2 2.66413e-07
3025.550142430691 9 2.19384e-08
3028.801904325016 2 5.97362e-06
3032.000142062774 9 5.68918e-08
3034.451904647149 2 7.07616e-08
3050.300142090929 9 1.10908e-07
3055.001904833368 2 3.55321e-08
3055.950142079594 9 1.24939e-07
3066.237411933772 6 1.7603e-07
3071.872100593621 7 2.83832e-08
3072.037412237505 6 5.2703e-08
3077.68741191017 6 2.97515e-07
3080.872100425955 7 8.19385e-08
3083.337412285447 6 2.0269e-08
3086.52210056402 7 9.23384e-08
3088.987411831118 6 4.63876e-07
3093.622100597186 7 4.69889e-08
3094.637411899228 6 3.35455e-07
3099.272100566674 7 8.68381e-08
3102.387411997321 6 1.52847e-07
3107.972100185742 7 6.51206e-07
3109.637412154991 6 1.08152e-07
3115.287411696812 6 2.83995e-06
3117.622100361552 7 1.28994e-07
3120.937411929667 6 8.02207e-08
3123.272100571222 7 1.77661e-08
3126.58741239235 6 2.64937e-08
3127.938739813356 3 4.22381e-07
3128.652545711936 5 3.70501e-08
3132.237412084903 6 7.04974e-08
3139.039335646808 10 4.53181e-07
3139.664303703356 11 4.77228e-07
3144.839335739879 10 4.42062e-07
3147.86430384709 11 6.81882e-08
3150.489336150929 10 5.75249e-08
3158.387411929091 6 2.09861e-07
3162.388739876836 3 2.84529e-08
3165.631675614928 4 2.80347e-08
3166.410643788937 8 1.34666e-07
3171.431675660839 4 8.45565e-08
3172.210644012151 8 2.38837e-08
3177.860643501824 8 1.49029e-06
3177.88167530901 4 4.72227e-07
3183.660644006591 8 1.91847e-08
3186.581675386699 4 3.15157e-07
3189.460644073402 8 4.44506e-08
3190.58873993647 3 3.4962e-08
3194.437412112782 6 1.02699e-07
3203.438739981843 3 9.3383e-08
3210.460643930337 8 4.4048e-08
3210.481675715301 4 3.67245e-08
3212.138739818853 3 1.29772e-07
3216.087411860615 6 1.13789e-06
3218.372100405822 7 9.97924e-08
3221.887411893301 6 2.21105e-07
3228.139335868088 10 1.72309e-07
3232.037412166362 6 2.36468e-08
3236.189335964548 10 9.83026e-08
3239.252545590599 5 5.98735e-08
3239.388739791337 3 1.66225e-07
3244.889335724531 10 6.54806e-07
3245.714303577768 11 2.20784e-07
3253.838739847481 3 1.96154e-07
3261.888740043037 3 9.6583e-08
3272.087412032988 6 1.63032e-07
3280.287412361623 6 2.07513e-08
3286.737412291535 6 2.6634e-08
3294.738740002646 3 5.6046e-08
3305.988739906136 3 1.18173e-07
3308.252545550695 5 1.59185e-08
3317.837411872297 6 4.11957e-07
3321.888740030037 3 1.24148e-08
3325.06064365659 8 8.75217e-08
3325.081675509158 4 1.82184e-07
3330.86064361324 8 1.47421e-07
3330.881675244448 4 3.00729e-06
3339.538740071492 3 8.20461e-08
3346.689335883484 10 6.00539e-08
3348.314303966707 11 3.88279e-08
3352.538740128034 3 1.16465e-08
3360.738740246541 3 8.43356e-09
3368.938740302873 3 1.14956e-08
3370.687412093757 6 8.94754e-08
3384.689336182915 10 3.58295e-08
3387.687412328357 6 3.25674e-08
3391.088740002759 3 6.11604e-08
3394.28167556389 4 1.09346e-07
3395.060643947241 8 7.75789e-08
3399.931675787021 4 4.59811e-08
3400.710643730076 8 4.10773e-08
3407.960644123597 8 2.14894e-08
3412.78167566902 4 9.6738e-08
3413.610643524887 8 3.60198e-07
3418.252545336252 5 1.40723e-07
3418.338739897354 3 1.13679e-07
3421.481675619192 4 7.07937e-08
3422.310643825903 8 3.66936e-08
3426.538740026099 3 1.15499e-07
3428.081675638533 4 8.46366e-08
3428.110643768834 8 2.41026e-08
3433.881675465141 4 3.89231e-08
3433.910643801585 8 7.7277e-08
3439.681675856847 4 3.02292e-08
3439.710643932039 8 2.24121e-08
3445.481675349854 4 3.09916e-07
3445.510643740253 8 5.58294e-08
3451.281675748117 4 3.81404e-08
3451.310644049617 8 1.57095e-08
3452.688739738884 3 4.32962e-07
3453.502545352225 5 8.29388e-08
3460.281675452822 4 2.59483e-08
3460.960643562529 8 3.2106e-07
3465.931675615769 4 3.31877e-08
3466.61064352324 8 3.70918e-07
3471.731675332424 4 4.1491e-07
3472.26064376971 8 5.40644e-08
3476.738740107272 3 1.83311e-08
3476.752545585351 5 8.37355e-08
3479.131675414085 4 1.70442e-07
3479.210643724025 8 8.92566e-08
3484.931675507823 4 9.88725e-08
3485.010643877193 8 3.60752e-08
3490.731675608569 4 2.87333e-08
3490.810643668316 8 1.5407e-07
3498.931675424365 4 2.32373e-07
3499.010643448652 8 1.27689e-06
3504.73167530924 4 1.78356e-07
3504.810643467771 8 1.24544e-06
3513.738739946273 3 1.02261e-07
3516.131675350683 4 2.8756e-07
3516.210643699291 8 1.41884e-07
3519.388740008793 3 8.34296e-08
3527.051904680684 2 1.55282e-07
3532.701904899996 2 6.05554e-08
3538.501904905154 2 4.21679e-08
3549.601904623876 2 1.08924e-07
3554.250142209434 9 6.09226e-08
3555.401904662973 2 8.46809e-08
3560.05014244254 9 6.06862e-08
3561.201904377982 2 6.40316e-07
3565.700142197243 9 1.03465e-08
3567.001904285759 2 6.01531e-05
3572.000142122747 9 1.58053e-07
3572.801904676562 2 1.57697e-07
3577.650142155466 9 1.99342e-08
3579.251904819733 2 5.76909e-08
3583.450142014198 9 1.22466e-07
3585.051905021371 2 2.00289e-08
3589.100142310594 9 2.46883e-08
3591.501904718239 2 8.42399e-08
3594.900142091836 9 8.74316e-08
3597.301904864563 2 2.6472e-08
3600.700142203939 9 3.10564e-08
3604.701904948667 2 2.98209e-08
3606.350142326997 9 2.83873e-08
3612.150141885811 9 1.30644e-06
3612.751904845444 2 3.74179e-08
3617.950141896224 9 6.66708e-07
3618.551904814193 2 7.77077e-08
3623.750141941434 9 1.85759e-07
3624.351904685156 2 1.39535e-07
3629.550142289134 9 5.35279e-08
3635.751904976827 2 2.10401e-08
3645.551904596938 2 1.30028e-07
3655.201904798735 2 3.27171e-08
3663.251904666487 2 6.37005e-08
3665.4501422723 9 4.32055e-08
3668.901904836107 2 2.38481e-08
3673.500142077248 9 9.15874e-08
3676.001904845156 2 8.4492e-08
3679.288740207521 3 1.30172e-08
3680.331675681885 4 2.99376e-08
3680.410643968525 8 4.2562e-08
3682.402545461749 5 8.26527e-08
3686.210643998564 8 1.96142e-08
3689.68167558506 4 5.39276e-08
3692.010643742336 8 6.51142e-08
3696.131675467962 4 2.84109e-08
3697.660643831518 8 9.82066e-08
3707.988739952134 3 1.89924e-07
3708.852545756074 5 2.9676e-08
3713.651904683258 2 1.17499e-07
3721.051904478195 2 3.48229e-07
3721.700142144386 9 4.49527e-08
3726.701904415171 2 5.75521e-07
3732.351904763418 2 1.3109e-07
3742.501904606767 2 2.07449e-07
3746.550142369945 9 4.46851e-09
3749.751904515324 2 3.15729e-07
3755.401905042385 2 2.73206e-08
3761.851904960904 2 3.03248e-08
3764.850142555115 9 8.94349e-09
3771.351904586309 2 9.75686e-08
3777.001904560994 2 4.81127e-07
3782.651904620307 2 2.66697e-07
3789.751904659888 2 8.06324e-08
3794.500142034144 9 1.4987e-07
3795.401904410222 2 8.98601e-07
3802.501904705183 2 9.78929e-08
3804.150142281834 9 7.52012e-08
3808.151904491596 2 2.88617e-07
3813.650142190152 9 7.26861e-08
3813.801904633178 2 6.43324e-08
3820.100142154821 9 7.75887e-08
3820.251904823107 2 6.96441e-08
3825.750142152478 9 4.6794e-08
3825.901904647577 2 1.40027e-07
3831.551904791374 2 5.44218e-08
3836.200142195705 9 2.89709e-08
3837.201904329593 2 6.2823e-06
3845.101905049357 2 1.64725e-08
3848.100142097163 9 8.0881e-08
3853.750142117316 9 6.44514e-08
3860.988739943951 3 7.47445e-08
3864.102545351443 5 1.65046e-07
3867.2316753881 4 1.70364e-07
3868.110643592326 8 1.9869e-07
3872.152545384959 5 4.4523e-08
3876.888740138693 3 2.74969e-08
3880.052545357483 5 1.50255e-07
3882.3143038472 11 1.45372e-07
3884.739336122606 10 9.53072e-08
3885.702545019798 5 1.64802e-06
3885.738739875933 3 8.99496e-08
3888.114303816342 11 7.63302e-08
3891.502545331158 5 2.51799e-07
3891.538739933951 3 1.10995e-07
3892.639336226943 10 1.2759e-08
3896.964303811372 11 5.87362e-08
3897.302545061451 5 3.65146e-07
3897.338740042735 3 5.40648e-08
3902.614304103416 11 3.03158e-08
3903.102545289654 5 1.9346e-07
3903.138739610391 3 1.16505e-06
3908.938740181517 3 2.44522e-08
3910.481675496862 4 1.9003e-07
3910.560643750078 8 6.33103e-08
3916.188739769882 3 6.52992e-08
3921.881675336417 4 6.08279e-07
3921.960643465376 8 5.30404e-07
3928.088740009496 3 1.19836e-07
3934.538740174056 3 2.90349e-08
3942.738740120764 3 2.77112e-08
3944.887412437546 6 1.66464e-08
3951.251904615941 2 5.18532e-08
3956.850142048758 9 8.54716e-08
3957.701904488428 2 5.71914e-07
3963.351904963987 2 5.04222e-08
3969.151904869148 2 1.06872e-07
3975.300141917039 9 1.42417e-07
3975.751904768906 2 9.18504e-08
3981.100142109563 9 5.86145e-08
3982.201904677699 2 8.33717e-08
3988.137411898709 6 1.91956e-07
3993.937412323641 6 2.30928e-08
3994.522100598488 7 5.70788e-08
3999.587411986019 6 1.20059e-07
4005.387412185197 6 2.58071e-08
4011.187412276538 6 4.9355e-08
4024.987412285931 6 3.18138e-08
4042.487412050683 6 6.79169e-08
4051.288739914427 3 3.22928e-08
4053.360643899434 8 6.08707e-08
4053.931675496582 4 1.2158e-07
4056.938740174152 3 3.27297e-08
4059.160643586873 8 1.0265e-07
4059.581675307679 4 5.04868e-07
4064.96064364753 8 3.19097e-07
4065.231675502942 4 9.23897e-08
4069.702545435935 5 1.01566e-07
4075.502545698287 5 4.04482e-08
4077.788739629729 3 6.68437e-07
4080.114303711494 11 2.09716e-07
4081.152545146348 5 1.13323e-06
4084.238785834865 3 1.63807e-07
4091.20190465273 2 5.70549e-08
4091.250141915789 9 3.8693e-07
4097.050142125012 9 4.97032e-08
4099.40190478022 2 2.86977e-08
4102.850142366551 9 1.21672e-08
4106.387412079635 6 9.43546e-08
4112.037411781396 6 8.92061e-07
4113.372100410374 7 9.89002e-08
4117.687411862514 6 1.38498e-07
4119.822100314015 7 1.23331e-07
4123.487411946985 6 1.4866e-07
4125.472100369782 7 3.30832e-07
4129.287411973817 6 1.89184e-07
4131.122100455216 7 7.04649e-08
4136.772100413932 7 8.45366e-08
4137.337411992498 6 3.81111e-07
4145.339335653166 10 4.00019e-07
4146.914303936399 11 7.45762e-08
4154.03873996566 3 5.371e-08
4159.410643622491 8 2.50048e-08
4160.181675420887 4 4.15814e-07
4168.63873988857 3 1.97601e-07
4169.402545341611 5 7.66553e-08
4173.381675659855 4 5.37464e-08
4173.41064389127 8 6.62627e-08
4179.052545787677 5 5.41105e-08
4180.781675715575 4 6.69635e-08
4183.088740065077 3 3.6159e-08
4184.702545569067 5 4.47609e-08
4187.08167558538 4 7.16227e-08
4187.860643809661 8 4.70084e-08
4190.188739774147 3 9.28064e-08
4192.731675623792 4 4.27351e-08
4193.51064390172 8 1.09243e-08
4198.381675390879 4 3.08623e-07
4199.160643691058 8 8.46878e-08
4213.40190466319 2 9.04389e-08
4221.451904962134 2 1.34956e-08
4224.638740073473 3 3.04344e-08
4228.500142132036 9 8.93488e-08
4230.301905004163 2 3.08651e-08
4235.951904872319 2 4.13538e-08
4241.60190498508 2 6.57963e-08
4247.901904469753 2 3.41337e-07
4253.551904843894 2 9.20747e-08
4256.700142454788 9 6.08706e-08
4262.25190452296 2 2.22436e-07
4269.501904505816 2 2.16914e-07
4275.15190475835 2 3.88294e-08
4278.35014225831 9 6.95752e-08
4281.451904589935 2 1.27782e-07
4286.250142273061 9 1.09614e-07
4287.101904637341 2 3.42103e-08
4293.551904491688 2 3.52236e-07
4299.201904812225 2 5.59232e-08
4309.501904312018 2 6.31247e-06
4310.300142169109 9 5.92211e-08
4315.151904598666 2 1.95308e-07
4322.401904616411 2 1.62862e-07
4328.051904512344 2 4.33505e-07
4337.551904609463 2 1.65019e-07
4345.601904555691 2 1.27556e-07
4355.860643473167 8 9.05604e-07
4355.881675322887 4 4.72859e-07
4361.66064397139 8 4.41106e-08
4364.731675913668 4 1.25012e-08
4365.488739899882 3 1.19899e-07
4374.188739867843 3 4.37357e-08
4380.589336137417 10 2.21637e-08
4387.787412186183 6 5.4043e-08
4395.010643989048 8 2.66384e-08
4399.031675604552 4 4.42849e-08
4400.810643868646 8 6.07173e-09
4403.038739920144 3 2.92276e-07
4404.602545599258 5 1.53624e-08
4407.081675383219 4 3.22799e-07
4407.110643728195 8 1.35933e-07
4413.710643624205 8 1.06146e-07
4414.331675378706 4 2.14299e-07
4418.25254526459 5 1.67632e-07
4419.088739839501 3 1.20545e-07
4424.888739831477 3 1.54738e-07
4425.652545354036 5 6.31017e-08
4432.810643829627 8 9.91217e-08
4433.581675696343 4 6.98161e-08
4439.260643823096 8 6.79322e-08
4440.03167566656 4 4.22624e-08
4444.910643484934 8 7.84114e-07
4445.681675467349 4 1.14014e-07
4451.210643730973 8 6.75007e-08
4451.331675539676 4 5.26572e-08
4456.981675462561 4 8.49176e-08
4457.010643503827 8 1.85325e-06
4460.78874043004 3 1.05431e-08
4479.888739763295 3 6.31056e-08
4483.581675477943 4 2.34641e-07
4483.610643596129 8 3.36263e-07
4489.410643943882 8 7.05411e-08
4493.381675534166 4 8.31547e-08
4495.210643816147 8 5.89616e-08
4498.202545374851 5 1.61249e-07
4498.338739812003 3 1.91579e-07
4501.581675714555 4 3.28897e-08
4502.960643763205 8 3.49255e-08
4507.231675365587 4 3.55859e-07
4508.760643574129 8 5.60775e-07
4512.881675306455 4 2.93699e-07
4514.410643788467 8 3.93795e-08
4517.588739842928 3 8.27203e-08
4518.402545480986 5 1.87849e-08
4525.652545414022 5 3.38678e-08
4529.581675542627 4 7.96402e-08
4529.660643806718 8 3.03699e-08
4535.088739817716 3 3.13705e-07
4535.802545328834 5 2.40552e-07
4542.350142273544 9 2.23009e-08
4544.672100784255 7 1.90652e-08
4548.000142379202 9 3.18155e-08
4548.637412323771 6 4.47775e-08
4551.901904697681 2 9.13169e-08
4553.650141986468 9 3.35311e-07
4556.837412296147 6 4.0574e-08
4559.450142173044 9 5.9094e-08
4562.551904869904 2 4.78003e-08
4565.250142157619 9 3.36135e-08
4570.451904718998 2 1.01212e-07
4571.050141769738 9 4.53346e-06
4578.337411959918 6 1.03834e-07
4582.501904926046 2 3.51904e-08
4586.387412093078 6 5.57054e-08
4589.538740114165 3 3.62356e-09
4591.839335990831 10 6.56939e-08
4598.538740165213 3 5.69021e-08
4600.037412056189 6 1.39305e-07
4604.689335988145 10 5.40027e-08
4606.738740249067 3 4.01602e-08
4610.164303719982 11 1.26397e-07
4610.489335562129 10 4.23988e-06
4619.738739759222 3 4.00117e-07
4625.538740235523 3 9.31811e-09
4630.401904726647 2 7.17593e-08
4630.450142012596 9 1.27231e-08
4637.050142108388 9 5.84993e-08
4640.087412182867 6 8.80756e-08
4642.8501420049 9 2.50937e-07
4644.05190463557 2 8.84382e-08
4648.500142095241 9 7.24748e-08
4649.851904835727 2 2.25676e-08
4663.338739901187 3 7.21564e-08
4668.260643873821 8 6.11457e-08
4668.981675623242 4 8.46987e-08
4674.060643674246 8 6.01252e-08
4674.781675638678 4 9.83321e-08
4679.710643834017 8 1.28319e-08
4680.581675630436 4 4.09579e-08
4685.138740090172 3 3.65426e-08
4686.902545427734 5 3.09529e-08
4692.937412479837 6 4.24517e-08
4694.138739998297 3 3.95047e-08
4701.850142348437 9 2.23353e-08
4702.737412452015 6 2.49757e-08
4704.951904708422 2 6.7212e-08
4710.188739875595 3 1.72358e-07
4719.737412122626 6 6.53479e-08
4722.87210047432 7 1.49372e-07
4727.137411919358 6 2.16016e-07
4729.972100248215 7 5.87094e-07
4732.787411870948 6 4.33951e-07
4735.772100274782 7 3.34747e-07
4741.572100622965 7 2.57876e-08
4742.287412130634 6 1.42013e-07
4747.937412044532 6 1.33247e-07
4750.92210068018 7 2.64144e-08
4753.587412167372 6 4.07542e-08
4763.650141874343 9 8.67915e-07
4765.501905010222 2 5.94007e-08
4769.450142016926 9 1.81874e-07
4771.151904835167 2 5.43685e-08
4775.100142005365 9 8.10599e-08
4779.851904749797 2 8.60097e-08
4780.750141997497 9 2.5459e-07
4786.400142234184 9 6.21536e-08
4788.55190477414 2 1.99266e-08
4799.838739908279 3 1.55297e-07
4804.552545519612 5 3.64943e-08
4805.638740231533 3 1.06045e-08
4814.188740095108 3 2.03569e-08
4821.360643572806 8 1.69243e-07
4821.431675406854 4 2.9104e-07
4827.160644174219 8 1.17309e-08
4827.231675947594 4 1.35162e-08
4827.988739830051 3 3.0961e-08
4828.602545583975 5 5.36657e-08
4834.56064390423 8 2.04658e-08
4834.631675881575 4 1.2686e-08
4840.36064399152 8 1.54345e-08
4840.431675761345 4 5.57324e-08
4842.138739741971 3 1.3727e-07
4842.902545451281 5 1.15463e-07
4848.631675874613 4 1.96774e-08
4850.302545256824 5 1.52691e-07
4850.338739895604 3 7.04853e-08
4854.431675644887 4 1.61805e-08
4854.810643833224 8 5.66747e-08
4856.938740210735 3 1.82823e-08
4860.610643629258 8 1.0465e-07
4861.381675355413 4 3.19152e-07
4866.410643772653 8 1.03075e-07
4879.76064364422 8 2.79253e-07
4880.481675427058 4 9.54795e-08
4885.138740338214 3 1.67129e-08
4886.281675683462 4 2.92631e-08
4886.360643758581 8 2.77232e-08
4892.160644165756 8 1.5572e-08
4895.738739809667 3 5.93472e-08
4902.338739902475 3 7.06748e-08
4907.9887402108 3 2.67501e-08
4914.137412139508 6 4.33406e-08
4918.089336187291 10 4.80679e-08
4919.738739861008 3 1.19444e-07
4928.700142583085 9 1.56737e-08
4931.138739876506 3 1.46841e-07
4933.2525457421 5 3.52344e-08
4934.289336084533 10 3.07838e-08
4936.737412230732 6 2.95093e-08
4942.537412038596 6 5.6407e-08
4950.414303953736 11 8.62631e-08
4950.489335631802 10 1.3122e-06
4956.214303597077 11 6.80568e-07
4956.289335779917 10 1.49697e-07
4964.037412540132 6 3.61545e-08
4968.489335988593 10 8.03884e-08
4971.937412175659 6 1.37731e-08
4975.038739816143 3 6.49335e-08
4978.25254513943 5 9.12037e-07
4979.814303847462 11 8.07724e-08
4980.689335917293 10 5.04661e-08
4984.052545517836 5 1.1795e-07
4985.614303655866 11 1.33728e-07
4988.038739780166 3 1.55426e-07
4989.85254577041 5 1.92037e-08
4993.960643820869 8 5.013e-08
4994.031675589241 4 3.97405e-08
5000.560643712902 8 2.478e-08
5000.631675667441 4 3.63248e-08
5004.088786056173 3 1.03014e-07
5004.952545339895 5 1.28878e-07
5010.431675552805 4 5.29995e-08
5011.960643726902 8 9.82372e-08
5016.231675748622 4 1.77525e-08
5019.338739568046 3 1.38328e-06
5020.202545391258 5 8.20284e-08
5024.864303820706 11 1.57092e-07
5024.988740025257 3 8.27995e-08
5025.852545386374 5 6.81321e-08
5026.389335876457 10 5.95645e-08
5030.638739688469 3 3.45691e-07
5032.152545319377 5 8.53409e-08
5035.981675416104 4 2.34634e-07
5036.010643597884 8 3.01819e-07
5039.338739835595 3 1.72224e-07
5040.05254539295 5 1.66075e-07
5042.581675385511 4 3.15061e-07
5042.610643642646 8 2.47609e-07
5048.410643690455 8 1.47707e-07
5049.031675638349 4 2.44266e-08
5056.281675562667 4 4.62481e-08
5056.3106436103 8 2.09839e-07
5062.350142277303 9 3.60905e-08
5065.638739997873 3 8.52904e-08
5071.187412286886 6 6.6504e-08
5078.400142057989 9 1.26184e-07
5079.001904751619 2 1.06901e-07
5084.200142056239 9 1.04613e-07
5092.088739789731 3 3.46751e-07
5097.888776749218 3 9.5336e-08
5099.302545356293 5 9.94221e-08
5103.688740025783 3 1.00593e-07
5106.881675801702 4 2.17687e-08
5106.910644126699 8 4.19625e-08
5112.681675787108 4 4.10993e-08
5112.710643862096 8 1.5987e-08
5118.481675681346 4 6.44824e-08
5118.510643821962 8 2.14801e-08
5124.310643953102 8 2.75647e-08
5125.881675545199 4 3.89721e-08
5129.960643978579 8 3.854e-08
5131.531675351329 4 3.79904e-07
5136.688740058984 3 6.42013e-08
5138.160643723882 8 2.43329e-08
5138.781675303168 4 3.03733e-07
5143.960643835667 8 8.35496e-08
5145.081675510342 4 7.27295e-08
5150.488740187566 3 2.35146e-08
5152.181675519915 4 1.24721e-07
5152.810643799125 8 4.04095e-08
5157.98167575963 4 5.07068e-08
5160.210643876947 8 2.48794e-08
5163.631675531293 4 1.25698e-07
5165.860643871514 8 6.40339e-08
5169.738739860679 3 8.62719e-08
5170.402545385173 5 8.52874e-08
5175.381675522357 4 6.00806e-08
5176.160643664353 8 2.63366e-07
5186.587412336252 6 6.51423e-08
5192.039335768447 10 4.41979e-07
5196.188740028189 3 1.06704e-07
5198.637412153198 6 1.23416e-08
5202.564303739696 11 1.56117e-07
5202.639335698709 10 2.6163e-07
5205.002545517719 5 8.09741e-08
5209.887412066979 6 1.07682e-07
5230.737412192355 6 8.59509e-08
5235.639335785532 10 3.46523e-07
5236.364303788485 11 1.04016e-07
5241.289336036915 10 8.56042e-08
5246.638740032145 3 1.10446e-07
5250.652545698109 5 2.88704e-08
5253.888739914434 3 1.06873e-07
5258.631675691046 4 5.39669e-08
5259.410643847781 8 1.51321e-08
5265.938739966138 3 2.59648e-08
5271.588740051763 3 3.48612e-08
5279.63873976614 3 1.65492e-07
5284.302545392519 5 7.18445e-08
5285.288739898275 3 9.91898e-08
5287.631675652413 4 6.93372e-08
5288.260643663878 8 1.24039e-07
5291.588739694478 3 2.65713e-07
5292.35254527591 5 2.20034e-07
5294.639336246618 10 3.95194e-08
5294.664304073312 11 5.26134e-08
5297.238739963324 3 6.04547e-08
5304.310643699908 8 6.85088e-08
5304.331675406408 4 2.72995e-07
5310.110643585661 8 2.55533e-07
5310.131675420771 4 2.40844e-07
5316.488739812522 3 3.53514e-08
5323.110643791718 8 6.82249e-08
5323.781675460632 4 1.53863e-07
5328.538740002542 3 7.38681e-08
5330.360643748645 8 1.06574e-07
5330.38167554896 4 4.93063e-08
5334.002545075825 5 3.57821e-07
5334.188739768409 3 5.7223e-07
5341.288739769466 3 2.11795e-07
5342.852545129017 5 2.43092e-07
5343.664303721631 11 2.45543e-07
5344.2893359883 10 1.18595e-07
5346.938739838647 3 1.5965e-07
5348.502545215946 5 3.6911e-07
5349.314303770905 11 1.63164e-07
5352.588739706667 3 2.50394e-07
5354.152545166129 5 1.08035e-07
5354.964303983848 11 7.71251e-08
5359.538739723352 3 1.78878e-07
5359.802545290158 5 1.76771e-07
5365.781675488232 4 6.38078e-08
5366.560643687577 8 1.16869e-07
5371.431675359004 4 2.54436e-07
5372.210643665062 8 1.60243e-07
5377.081675438114 4 4.70328e-08
5377.860643941902 8 1.60454e-08
5381.838739824269 3 1.03289e-07
5382.602545588133 5 3.98136e-08
5385.110643722512 8 5.45936e-08
5385.131675420923 4 9.24818e-08
5393.08873994436 3 1.34747e-07
5394.652545527936 5 1.15671e-08
5401.288739765144 3 2.75238e-07
5402.852545087462 5 3.80023e-07
5404.164303774643 11 1.26282e-07
5406.938739881477 3 1.07663e-07
5408.689336050105 10 7.72324e-09
5409.302545117544 5 2.73193e-07
5409.814304065061 11 5.12208e-08
5418.910643982529 8 2.94159e-08
5418.931675889253 4 4.52112e-08
5426.838740133626 3 3.97917e-08
5437.037412059989 6 7.99023e-08
5440.638740229617 3 5.44189e-08
5442.837411925899 6 1.62005e-07
5445.822100315733 7 1.55743e-07
5449.437411972349 6 2.20517e-07
5451.622100499906 7 6.32117e-08
5455.087411832706 6 4.68305e-07
5460.322100305393 7 2.13569e-07
5463.287412264442 6 4.01243e-08
5466.122100647649 7 9.14428e-08
5469.087411917146 6 4.00394e-07
5472.4221004053 7 2.00992e-07
5474.887411971612 6 1.95334e-07
5480.687411977417 6 1.91895e-07
5482.572100631286 7 1.67161e-08
5488.087412114632 6 3.85691e-08
5493.022100561542 7 7.51789e-08
5493.887412477832 6 3.19091e-08
5498.672100590536 7 5.31547e-08
5499.687411691763 6 1.45227e-05
5505.487412201705 6 3.37357e-08
5506.072100159493 7 1.13751e-06
5511.137412141145 6 1.13738e-07
5514.122100488882 7 7.07638e-08
5516.937412271744 6 7.82336e-08
5522.672100667047 7 7.05185e-08
5524.187412068493 6 1.19851e-07
5529.922100255315 7 6.83609e-07
5529.987412288338 6 4.64982e-08
5536.522100570443 7 4.65804e-08
5537.387412269841 6 8.0261e-08
5543.987411768542 6 2.43253e-06
5549.850142203376 9 4.3207e-08
5555.88873984236 3 7.94596e-08
5557.352545235102 5 2.96297e-08
5561.688740080196 3 3.2858e-08
5566.331675613642 4 4.58549e-08
5568.288739848208 3 2.18787e-08
5568.602545618722 5 8.1446e-08
5570.010643743992 8 8.47388e-08
5574.088740036401 3 9.68546e-08
5579.789335735514 10 6.17817e-07
5580.614304063777 11 3.60865e-08
5586.239336068812 10 8.24495e-08
5599.888739811463 3 1.08886e-07
5606.587412207929 6 6.92048e-08
5609.489335780555 10 2.00324e-07
5610.264304019493 11 5.55242e-08
5614.338739762246 3 1.87127e-07
5618.210643730593 8 8.30924e-08
5618.231675435023 4 1.36078e-07
5621.738739890154 3 7.4779e-08
5634.637412244012 6 6.39381e-08
5647.45190482459 2 5.28221e-08
5653.101904708442 2 1.57112e-07
5658.751904992017 2 2.35748e-08
5664.810644043188 8 2.08884e-08
5664.831675891716 4 1.46773e-08
5672.838740222443 3 1.75792e-08
5673.810643616188 8 2.99904e-07
5673.831675459975 4 1.44927e-07
5680.410643817517 8 3.39559e-08
5681.081675508222 4 8.44547e-08
5686.21064351174 8 6.40921e-07
5686.73167560412 4 3.40965e-08
5691.860643619289 8 6.85231e-08
5692.53167564291 4 3.14353e-08
5694.638739688203 3 3.55202e-07
5695.852545167277 5 5.34158e-07
5700.288739925843 3 5.16313e-08
5707.139335692531 10 5.55703e-07
5707.914303872918 11 6.95009e-08
5712.939335692246 10 2.62292e-07
5713.564304110556 11 4.44766e-08
5718.739336239995 10 2.17501e-08
5721.887411988543 6 1.26258e-07
5734.887412407364 6 1.81586e-08
5737.989335871209 10 1.86545e-07
5745.851904761882 2 6.22298e-08
5755.651904663895 2 1.05359e-07
5762.101904544696 2 1.41056e-07
5766.700142142953 9 1.01262e-07
5767.751904494602 2 4.42242e-07
5773.401904491172 2 3.94e-07
5779.701904752206 2 1.92846e-08
5785.35190461228 2 1.57241e-07
5787.550142079431 9 1.3889e-07
5791.651905034351 2 1.30064e-08
5797.301904837481 2 3.13225e-08
5802.951904675228 2 1.78274e-07
5806.000142163741 9 4.00023e-08
5811.651904616372 2 9.02984e-08
5812.600142485116 9 2.11406e-08
5818.901904916129 2 2.82227e-08
5826.801904545211 2 4.4922e-08
5828.350142226434 9 7.19289e-08
5834.201904679442 2 1.0622e-07
5836.40014207979 9 4.08796e-08
5841.938740089208 3 2.84499e-08
5847.738740117288 3 1.56083e-08
5850.787412120299 6 5.4815e-08
5864.501904840051 2 7.13381e-08
5864.600142325387 9 3.70921e-08
5870.037412306036 6 5.04525e-08
5872.588740079914 3 4.95873e-08
5882.887412161599 6 3.97024e-08
5886.2387398919 3 1.47946e-07
5888.560643942709 8 1.37789e-08
5888.581675734677 4 4.52995e-08
5895.160643937094 8 3.13203e-08
5899.088740214867 3 6.47535e-08
5904.010643687628 8 1.79078e-07
5904.781675646058 4 2.9904e-08
5909.660643629091 8 1.38326e-07
5910.431675304276 4 4.79762e-07
5916.738740053672 3 7.03963e-08
5917.831675573398 4 5.49404e-08
5918.660643554144 8 6.56271e-08
5923.631675612094 4 4.16711e-08
5924.460643770432 8 9.00977e-08
5929.431675600713 4 1.29932e-07
5930.260643724166 8 1.42669e-07
5935.08167568327 4 5.587e-08
5935.9106440466 8 1.86265e-08
5943.838739940394 3 4.52711e-08
5956.687412269817 6 6.0139e-08
5962.487412210068 6 3.74409e-08
5972.787412431233 6 2.26438e-08
5978.43741220045 6 1.59097e-08
5986.788739967454 3 3.62297e-08
5991.13167542625 4 2.23026e-07
5991.160643592348 8 3.37168e-07
5996.93167567982 4 1.50085e-08
5997.610643987796 8 4.42671e-09
6003.410644050239 8 4.00895e-08
6006.73167532225 4 4.58438e-07
6009.21064369318 8 1.6489e-08
6014.131675717138 4 7.38009e-08
6015.010643786519 8 3.13612e-08
6020.73167549962 4 1.63866e-07
6020.810643713046 8 1.67307e-07
6026.53167557321 4 3.80666e-08
6026.610643659758 8 5.09403e-08
6032.410643955978 8 2.77425e-08
6033.13167577003 4 3.51494e-08
6036.402545449783 5 5.11174e-08
6038.038740082852 3 4.48232e-08
6042.931675452529 4 2.93748e-07
6043.010643697069 8 1.12372e-07
6048.731675460693 4 1.55523e-07
6048.81064373238 8 5.88276e-08
6054.531675867353 4 1.54804e-08
6055.260644098616 8 1.68045e-08
6060.331675616395 4 4.34551e-08
6065.402545554334 5 4.28392e-08
6066.23873993839 3 2.05453e-07
6070.931675867982 4 2.57058e-08
6073.638740000843 3 5.07336e-08
6076.002545402602 5 6.86554e-08
6079.438739540466 3 7.99894e-06
6081.652545621438 5 2.95282e-08
6090.039335944387 10 9.97774e-08
6102.889336169701 10 7.4152e-08
6106.764304278655 11 6.64439e-09
6110.78933579183 10 1.87629e-07
6113.064303789653 11 8.55491e-08
6116.589335619893 10 6.89344e-07
6118.714303867676 11 1.10687e-07
6122.389335833339 10 2.38728e-07
6125.164303822193 11 1.79226e-07
6128.189335895222 10 1.73541e-07
6133.537411899863 6 1.56365e-07
6143.931675631466 4 3.98386e-08
6144.010643738044 8 9.44771e-08
6163.488739981924 3 8.3614e-08
6173.737412261771 6 5.51269e-08
6177.938739855376 3 3.73275e-08
6180.931675738242 4 4.66645e-08
6181.010643982463 8 2.38126e-08
6187.610644043947 8 1.81703e-08
6191.531675544577 4 3.83034e-08
6193.260643965542 8 2.19387e-08
6197.181675643161 4 4.3925e-08
6201.960643682892 8 1.62513e-07
6202.981675443938 4 2.15279e-07
6218.638740059903 3 4.01271e-08
6221.937411815467 6 6.62189e-07
6229.03933576623 10 1.64244e-07
6229.864303748171 11 6.63186e-08
6244.410643800408 8 3.93791e-08
6244.48167564275 4 4.50788e-08
6246.688739932557 3 5.77393e-08
6250.210643603397 8 2.99129e-08
6250.281675408015 4 2.83003e-07
6253.288740345112 3 2.74515e-08
6258.410643689373 8 9.69776e-08
6258.48167539463 4 9.95473e-08
6264.210643796224 8 6.62613e-08
6265.081675442655 4 1.504e-07
6270.010643715072 8 5.95449e-08
6270.881675951225 4 5.99785e-09
6275.810643515526 8 4.43836e-07
6276.531675255947 4 4.26951e-07
6281.460643594304 8 3.6411e-08
6282.181675634024 4 2.85402e-08
6287.738739885725 3 1.58629e-07
6291.601904621313 2 2.03529e-07
6291.700141958646 9 3.12009e-07
6297.388739736412 3 3.32101e-07
6298.852545768231 5 1.27139e-08
6302.137412059222 6 1.67413e-07
6304.638740305447 3 2.72379e-08
6307.937412263319 6 2.98383e-08
6312.688740253702 3 2.42405e-08
6315.100141993841 9 1.58684e-07
6315.801904619566 2 1.58558e-07
6323.150141971471 9 1.94614e-07
6326.387412249578 6 1.02541e-07
6328.651904843503 2 1.37496e-08
6328.80014204017 9 2.92976e-08
6334.450141808332 9 2.48002e-06
6335.101905044599 2 3.06662e-08
6340.100142341219 9 1.80421e-08
6345.75014220845 9 1.16746e-07
6351.760643790081 8 1.2888e-07
6352.63167576537 4 5.05292e-08
6355.788739788728 3 2.61121e-07
6356.502545644374 5 5.71543e-08
6358.210643708728 8 1.16922e-07
6358.431675551853 4 9.25802e-08
6363.988739788201 3 2.60832e-07
6364.702545683561 5 4.05651e-08
6366.410643795829 8 9.20799e-08
6366.481675540624 4 6.19179e-08
6372.210643708236 8 1.63174e-07
6372.281675664481 4 6.1572e-08
6375.238739839644 3 3.79784e-08
6377.552545082332 5 1.08204e-06
6378.064303719623 11 3.38203e-07
6381.038739895859 3 1.55941e-07
6383.610643873207 8 4.45675e-08
6383.681675767672 4 3.12341e-08
6389.41064388056 8 6.63585e-08
6389.481675764473 4 5.38901e-08
6395.210643528138 8 4.04779e-07
6395.281675468229 4 1.50466e-07
6401.738739958243 3 3.22256e-08
6404.002545412968 5 5.21302e-08
6407.538740014262 3 7.1099e-08
6411.410644216614 8 1.12231e-08
6418.381675548824 4 6.64845e-08
6419.610643837575 8 4.74544e-08
6424.031675794095 4 4.14903e-08
6426.13874007434 3 4.20402e-08
6426.210644124266 8 2.57684e-08
6429.681675848503 4 4.75304e-08
6431.902545103716 5 1.11299e-06
6431.938739768051 3 1.97801e-07
6433.464303697044 11 1.97138e-07
6434.139336059726 10 8.57198e-08
6437.702545353307 5 1.36989e-07
6439.264303596093 11 5.72105e-07
6439.939335956543 10 2.55303e-08
6441.588776548202 3 6.17831e-07
6443.35254521225 5 2.70513e-07
6444.914303689804 11 1.83839e-07
6448.038739655308 3 8.1651e-07
6449.002545548883 5 3.22159e-08
6452.631675812169 4 4.65216e-08
6452.660643929276 8 4.9502e-08
6458.338739881982 3 8.02437e-08
6460.752545664176 5 5.30544e-08
6464.938739879513 3 8.38627e-08
6470.588739816613 3 1.60228e-07
6471.202545511164 5 1.07841e-07
6472.639336205156 10 3.47858e-08
6478.439335863699 10 8.8765e-08
6488.089335839819 10 2.21535e-07
6488.714303616791 11 4.76492e-07
6489.65254553746 5 6.79927e-08
6496.888739944134 3 1.25127e-07
6502.431675545781 4 1.34006e-07
6502.460643840588 8 7.21925e-08
6508.138739800459 3 2.41476e-07
6509.702545066586 5 1.0144e-06
6511.314303843054 11 9.49038e-08
6512.639336206298 10 4.19774e-08
6513.938739532493 3 5.02788e-06
6515.502545029739 5 1.30249e-06
6517.11430376748 11 2.02537e-07
6518.289336042944 10 7.65708e-09
6519.588740038774 3 4.71586e-08
6521.152545124754 5 4.81534e-07
6528.288740065636 3 7.58154e-09
6535.688739916383 3 9.39878e-08
6538.481675434127 4 3.16362e-07
6538.510643746503 8 2.73724e-08
6544.281675431565 4 7.62063e-08
6544.310643509118 8 3.48528e-07
6550.081675716543 4 3.67146e-08
6550.110643944528 8 3.85127e-08
6555.91064402956 8 1.62071e-08
6557.488739806195 3 2.90327e-07
6559.302545205826 5 4.17865e-07
6560.06430379681 11 1.12544e-07
6564.739336064415 10 5.1952e-08
6565.714303832744 11 1.78117e-07
6565.752545027816 5 2.22614e-06
6566.488740061499 3 8.71845e-08
6571.552545396697 5 1.33258e-07
6572.288739696064 3 2.16598e-07
6574.264303854689 11 7.12521e-08
6575.889335924953 10 8.11589e-08
6577.352545296295 5 2.02367e-07
6577.938739660303 3 7.86189e-07
6580.064303533421 11 3.41208e-06
6583.15254561983 5 4.0309e-08
6583.738740006492 3 8.54394e-08
6590.51064377639 8 6.51799e-08
6591.281675731616 4 1.36467e-08
6596.160643932873 8 3.61589e-08
6596.931675650581 4 6.11485e-08
6599.938739801289 3 2.04215e-08
6601.602545151093 5 2.78354e-07
6603.164303980344 11 5.50662e-08
6605.738739932027 3 7.71147e-08
6607.252545360751 5 6.99977e-08
6611.388739746997 3 2.50355e-07
6612.902545382599 5 1.81437e-07
6616.83167550066 4 4.42225e-08
6617.660643695709 8 1.29193e-08
6623.460643979077 8 1.66152e-08
6625.831675275023 4 9.88385e-07
6629.110643870234 8 3.52989e-08
6631.481675409704 4 1.67624e-07
6638.58167551875 4 1.72457e-07
6638.610643603546 8 3.77484e-07
6647.610643932795 8 2.21388e-08
6649.681675313115 4 6.16751e-07
6653.410643652968 8 1.59151e-07
6655.331675610849 4 1.96776e-07
6657.688740232753 3 4.04635e-08
6663.98874006285 3 5.89524e-08
6668.010643792107 8 1.11995e-08
6672.038739781025 3 1.69e-07
6675.887411893508 6 2.54501e-07
6678.022100348614 7 1.81313e-07
6682.487412010757 6 1.0423e-07
6683.822100359696 7 7.31482e-08
6688.13741219831 6 3.9867e-08
6692.822100417784 7 9.86927e-08
6693.787412389471 6 5.12019e-08
6698.472100442712 7 8.52199e-08
6703.287412230748 6 4.14029e-08
6704.122100391022 7 1.5269e-07
6708.937411995274 6 2.39996e-07
6709.772100488608 7 1.69023e-07
6714.587411882153 6 1.83996e-07
6719.272100420216 7 1.12241e-07
6720.88741209107 6 1.48066e-07
6724.922100161115 7 1.16245e-06
6727.987412065348 6 7.19741e-08
6731.22210068275 7 4.95405e-08
6733.787412277342 6 2.56078e-08
6737.672100447596 7 1.08425e-07
6739.43741183323 6 3.08428e-07
6745.087411862158 6 5.19738e-07
6745.572100527938 7 5.07462e-08
6751.288739768255 3 9.86036e-08
6753.631675645246 4 3.97746e-08
6754.460643634346 8 2.03578e-07
6759.431675769797 4 1.96238e-08
6760.260643955751 8 3.42024e-08
6765.731675625642 4 9.38446e-09
6765.910643984349 8 2.75788e-08
6778.581675677251 4 2.58307e-08
6778.610643973941 8 1.36555e-08
6780.938739899215 3 8.29124e-08
6784.00254508507 5 4.51379e-07
6785.614303593258 11 5.92828e-07
6786.839335931715 10 5.91408e-08
6788.338739919389 3 1.12308e-07
6789.802545105821 5 2.05679e-07
6791.414303970016 11 4.26229e-08
6794.589336149258 10 5.12769e-08
6795.602545036243 5 7.4242e-07
6796.388739785257 3 2.66914e-07
6797.864303531782 11 2.61358e-06
6801.252545044304 5 8.72706e-07
6802.038739696205 3 7.7584e-07
6803.664303814931 11 2.39637e-08
6804.089335859346 10 1.33801e-07
6807.552545163804 5 6.02124e-07
6809.138739658055 3 3.43599e-07
6812.364303917361 11 7.47747e-08
6813.202545252747 5 1.61581e-07
6814.788739939351 3 4.45736e-08
6818.852545449048 5 7.67678e-08
6820.438740223072 3 2.25361e-08
6821.181675641187 4 7.19481e-08
6821.21064375988 8 3.92551e-08
6827.781675674591 4 6.46004e-08
6827.810643763235 8 5.88787e-08
6833.581675420439 4 2.46334e-07
6833.610643722695 8 1.0006e-07
6841.010643726387 8 9.0856e-08
6841.631675459998 4 3.39227e-07
6846.660643595333 8 2.27009e-07
6847.281675266682 4 1.43338e-06
6852.310643577837 8 5.65494e-08
6852.931675466555 4 9.23604e-08
6858.581675451209 4 7.97748e-08
6858.910643626059 8 3.67846e-08
6864.231675379878 4 3.0425e-07
6864.710643511227 8 4.60752e-07
6869.881675731915 4 3.24892e-08
6871.310643718843 8 2.84021e-08
6875.531675462677 4 1.9368e-07
6876.960643545306 8 6.08219e-07
6881.331675420872 4 9.94333e-08
6882.610643716978 8 5.84933e-08
6887.131675495444 4 1.12715e-07
6888.260643588063 8 2.29541e-07
6892.638740098345 3 7.06907e-08
6896.037411899566 6 2.74941e-07
6901.622100532664 7 9.3956e-08
6902.487412112393 6 4.38314e-08
6907.272100363181 7 1.79027e-07
6909.737412004604 6 1.82501e-07
6915.387412324997 6 1.3368e-08
6917.638740012721 3 4.45131e-08
6922.487412154653 6 4.53382e-08
6926.450142240064 9 8.82234e-09
6931.151905009779 2 4.37686e-08
6932.100142293337 9 5.63583e-08
6936.801904894941 2 2.86941e-08
6940.000142109926 9 8.50596e-08
6944.888740169873 3 3.26158e-08
6949.581675644961 4 7.45378e-08
6950.410643676938 8 7.11081e-08
6955.231676019199 4 1.87249e-08
6955.988740003556 3 5.45929e-08
6956.652545484523 5 9.79272e-08
6959.760644057961 8 2.47673e-08
6963.28167572791 4 4.827e-08
6966.438739842664 3 2.07928e-07
6967.252545376505 5 6.95277e-08
6974.381675580987 4 4.96478e-08
6975.160643609204 8 9.64791e-08
6980.181675659337 4 6.21979e-08
6980.960643719103 8 5.89265e-08
6986.488739887784 3 6.48288e-08
6991.187411970997 6 2.90653e-08
6993.572100272445 7 3.01521e-07
6999.23741185797 6 1.12001e-07
7001.622100185164 7 1.69952e-06
7005.037412123262 6 4.04872e-08
7007.422100451862 7 1.51327e-07
7012.137411773006 6 8.06426e-07
7013.722100238676 7 7.06623e-07
7017.787412098915 6 5.75136e-08
7024.789335805615 10 1.74517e-07
7025.564303744064 11 1.41022e-07
7030.589335537789 10 8.52757e-06
7031.364303884231 11 4.67028e-08
7036.239335998713 10 1.80194e-08
7046.538740012123 3 6.44001e-08
7050.460643875551 8 6.73364e-08
7055.28167574284 4 4.40639e-08
7056.988785845348 3 1.41215e-07
7066.68933593199 10 6.10164e-08
7074.739336212267 10 4.32281e-08
7079.414303737208 11 1.80563e-07
7080.389335686132 10 1.0106e-07
7085.214304017253 11 3.6653e-08
7086.039336081968 10 7.5957e-08
7088.887412079023 6 1.47517e-07
7093.188740175387 3 3.30893e-08
7096.91064409051 8 1.42694e-08
7096.931675979 4 1.19967e-08
7105.110643663578 8 2.51763e-07
7105.13167553148 4 9.51139e-08
7110.910644068504 8 1.5324e-08
7114.93167547714 4 9.4061e-08
7116.710643751758 8 6.92248e-08
7120.731675389219 4 1.71335e-07
7122.51064380963 8 3.31389e-08
7128.160643910661 8 3.86411e-08
7132.631675795632 4 4.22002e-08
7134.188740073563 3 6.18344e-08
7137.650142149638 9 6.27347e-08
7138.451904655661 2 1.12291e-07
7143.300141813725 9 3.10912e-06
7144.101904948346 2 2.11927e-08
7149.751904628205 2 5.38184e-08
7156.351904570273 2 1.81516e-07
7164.551904438133 2 3.1375e-07
7164.95014207768 9 9.98825e-08
7172.451904747798 2 7.10864e-08
7177.800142000734 9 1.31075e-07
7178.101904617143 2 2.1457e-07
7185.351904532405 2 1.45784e-07
7186.000142066023 9 1.54756e-07
7191.801904512984 2 1.17408e-07
7197.737411828986 6 2.00898e-07
