8.081859601057 9 6.38452e-09
8.915095195777 10 2.30757e-08
13.731859464324 9 4.01318e-08
16.017076357526 7 8.70305e-08
20.181859123403 9 5.25132e-07
21.817076122877 7 4.70349e-07
25.83185944933 9 1.1191e-07
26.565094843154 10 9.27885e-08
33.717076355782 7 6.72612e-08
38.531859114074 9 2.57153e-07
43.367076061744 7 2.20574e-07
48.181859249238 9 1.82189e-07
65.03185959703 9 3.60445e-08
69.815095099498 10 3.10564e-08
71.339161482203 8 5.45627e-08
78.665094770169 10 1.8652e-07
79.331859521025 9 2.78925e-08
84.14336207759 11 6.76628e-08
84.315094814801 10 1.00989e-07
85.78185933596 9 1.40603e-08
91.415094867363 10 8.99436e-08
91.431859362257 9 1.26677e-07
98.031859229089 9 1.40805e-07
101.065094700901 10 1.31504e-07
103.681859331054 9 1.13953e-07
105.793361974004 11 1.05619e-07
109.331859518317 9 4.41283e-08
120.281859202467 9 2.05768e-07
124.117594116006 6 5.71548e-07
128.08932279699 5 5.98117e-08
129.917594430229 6 9.71395e-09
133.889673984444 5 6.75886e-08
135.56759442012 6 3.88711e-08
139.539323061587 5 2.35815e-08
140.93133897361 4 1.9529e-08
141.217594499923 6 4.67124e-08
146.789322715103 5 1.44614e-07
147.667594394607 6 1.07446e-07
152.439322680514 5 3.17055e-07
153.317594354514 6 2.17406e-07
158.089323113868 5 3.45511e-08
158.967594440402 6 3.99026e-08
164.33133863241 4 9.07307e-08
164.767594070917 6 3.64564e-07
166.639322636869 5 2.0805e-07
172.439322580247 5 6.06542e-07
177.767594130682 6 5.8313e-07
178.781338784914 4 7.71808e-08
183.443361834839 11 9.96515e-08
185.967594484377 6 8.87923e-08
187.631338312074 4 8.25914e-07
190.693362161733 11 7.11863e-08
191.617594293856 6 1.75493e-07
193.281338487208 4 3.97229e-07
196.165094828457 10 1.57572e-07
196.343361893157 11 9.69477e-08
200.115376992741 3 1.03103e-07
201.99336180053 11 1.55822e-07
202.765095180462 10 1.61375e-08
208.315377066317 3 3.37997e-08
209.24336181647 11 1.09325e-07
210.81509518952 10 1.69327e-08
214.593830780831 2 5.23244e-08
214.765376975373 3 5.04667e-08
216.343362018045 11 1.12739e-07
221.993361801292 11 2.79744e-07
224.315094891542 10 1.83844e-07
225.639161132339 8 6.98827e-08
227.615376775776 3 1.57268e-07
229.193830513954 2 9.2556e-08
232.293361982033 11 5.04038e-08
233.265763954703 3 9.47216e-08
234.843830710719 2 2.659e-08
238.915376670229 3 3.62537e-07
241.839161316394 8 6.17664e-08
242.743361878965 11 1.21619e-07
242.765095071906 10 7.14575e-08
245.215376719951 3 1.03517e-07
245.943830643781 2 7.66502e-08
251.015376721531 3 3.65857e-07
251.743830744893 2 5.06685e-08
256.66593537738 3 4.74923e-08
258.0391610197 8 4.34711e-07
259.743361786181 11 2.32241e-07
262.315376859316 3 8.65778e-08
263.689161236114 8 7.20898e-08
267.493830433027 2 6.56659e-07
267.965377080415 3 4.34992e-08
273.61537695677 3 1.47147e-07
274.843361834407 11 1.32957e-07
280.493361901759 11 1.29964e-07
283.765377122342 3 3.25249e-08
288.344235969083 2 4.26837e-08
289.193362195275 11 2.53094e-08
289.41537700735 3 5.41863e-08
289.98916132478 8 1.15199e-07
292.415094804793 10 2.18691e-07
295.643361891714 11 1.74477e-07
296.589161623042 8 1.02301e-08
299.517594296499 6 6.61315e-08
300.381338433939 4 2.32846e-07
302.093361847908 11 3.35554e-07
307.743361969682 11 1.24537e-07
308.465094743361 10 4.21269e-08
309.931859524116 9 5.82672e-08
310.089161553117 8 6.23329e-08
315.731859048443 9 4.96984e-07
317.465095026184 10 2.12917e-08
323.131859671029 9 5.10037e-08
338.381859274052 9 1.00897e-07
339.915094759822 10 1.13201e-07
340.68916152018 8 3.9332e-08
344.03185945957 9 7.10089e-08
345.56509490447 10 5.29319e-08
348.589161460745 8 1.33615e-08
349.831859298408 9 5.15814e-08
351.86509495511 10 4.6601e-08
355.039161311776 8 2.38445e-08
362.165094858223 10 1.04533e-07
362.289161122811 8 2.15253e-07
364.431859536744 9 8.07441e-08
366.193361963132 11 1.24239e-07
367.717594292615 6 1.16327e-07
367.78133841703 4 3.61639e-07
371.965094628071 10 7.82018e-07
371.993362204942 11 5.70263e-08
377.765094925735 10 1.17675e-08
380.043362069381 11 1.01394e-07
381.389161293871 8 7.36769e-08
384.365095053653 10 1.05532e-08
385.843362014482 11 6.53863e-08
388.639161571686 8 2.25644e-08
391.643361866154 11 1.73984e-07
396.365376949245 3 7.50319e-08
396.39383087254 2 3.87407e-08
397.443361876853 11 2.11913e-07
403.243361584773 11 1.19817e-05
404.56509489377 10 6.01756e-08
406.231859366443 9 9.98719e-08
414.365094990192 10 6.74331e-08
424.68916162757 8 2.57153e-08
437.689161005083 8 1.4817e-07
441.615094793163 10 1.2627e-07
443.339160936476 8 2.68146e-06
447.265094782356 10 8.95893e-08
448.831859577768 9 6.49188e-08
450.439161237037 8 9.60376e-08
452.743362420234 11 3.88849e-08
452.915094660986 10 4.01386e-07
455.43185942226 9 1.03202e-07
460.739161605514 8 1.88852e-08
470.381859405998 9 1.71374e-07
470.41509492903 10 8.31001e-08
486.389161276302 8 1.71228e-07
486.615094735065 10 2.1499e-07
488.831859178733 9 2.5091e-07
498.317076378879 7 4.01619e-08
505.517594042865 6 8.3277e-07
505.581338549513 4 7.82908e-08
508.789323080604 5 4.72913e-08
512.081859232302 9 6.78598e-08
524.115094924096 10 8.32568e-08
525.731859338053 9 7.41532e-08
543.53185923926 9 1.8427e-07
547.317594231794 6 1.36176e-07
548.181338581951 4 8.62721e-08
550.589322711069 5 1.35617e-07
556.16759432541 6 6.79284e-08
557.989322877457 5 5.75485e-08
559.931338706946 4 4.40926e-08
561.817594395322 6 1.15646e-07
563.789322619797 5 2.65908e-07
566.381338811116 4 1.20929e-07
567.617594477094 6 1.05515e-07
572.031338936124 4 2.28052e-08
573.28932276006 5 6.91567e-08
577.417594563037 6 5.16696e-08
579.089322854508 5 3.87708e-08
582.481338567372 4 1.99181e-07
583.217594216574 6 2.50532e-07
584.739322991391 5 2.43137e-08
590.317594586637 6 4.87553e-08
594.931859719211 9 1.16091e-08
598.917076623727 7 3.11811e-08
609.417594267405 6 9.52476e-08
622.331859147803 9 3.47442e-07
623.865094788888 10 1.01633e-07
626.289161297069 8 1.50683e-07
631.831859283406 9 1.01425e-07
634.967076211201 7 1.42925e-07
640.031859134036 9 2.16586e-07
645.539161183434 8 1.31686e-07
646.315094710652 10 2.64092e-07
648.731859203291 9 2.74018e-07
651.017076297719 7 2.97896e-08
655.031859632537 9 4.71785e-08
656.667076055647 7 6.84235e-07
660.681859034012 9 1.136e-06
661.415095013948 10 3.6565e-08
667.931859292965 9 2.0208e-07
668.015094883076 10 6.51785e-08
673.731859293038 9 4.75884e-08
675.767076012131 7 1.26531e-06
681.567076401831 7 1.12944e-07
682.281859405117 9 7.26141e-08
687.217076291362 7 1.20665e-07
692.86707606043 7 5.32552e-07
698.517076541732 7 5.0828e-08
699.931859150051 9 2.37443e-07
704.167075949028 7 4.23957e-06
709.817076392921 7 1.4228e-07
715.467076432421 7 4.37618e-08
716.78185951641 9 3.64538e-08
722.431859271884 9 2.09772e-07
723.115094699048 10 3.03133e-07
724.643361957449 11 1.44661e-07
727.831338281759 4 8.03104e-07
728.6675944417 6 8.35741e-08
730.44336182856 11 1.32263e-07
734.431338606004 4 6.75633e-08
734.467594529815 6 5.89887e-08
736.093361812631 11 2.21074e-07
740.231338516083 4 1.94559e-07
740.267594257672 6 9.7764e-08
746.031338505577 4 1.73114e-07
746.067594605242 6 4.55328e-08
747.993362203037 11 1.94913e-08
751.831338659964 4 7.5145e-08
752.667594304496 6 1.58942e-07
756.843361900136 11 1.00471e-07
759.965094578923 10 4.15628e-07
760.731859494305 9 3.92853e-08
765.76509523291 10 5.31744e-09
767.331859242261 9 2.50177e-07
769.51707623858 7 1.2237e-07
772.981859570817 9 9.22687e-08
775.317076401874 7 1.16364e-07
781.76707654889 7 7.90627e-08
782.481859464466 9 1.08459e-07
787.41707639077 7 7.20277e-08
789.731859172765 9 2.08005e-07
795.381859273295 9 2.15135e-07
797.665094794392 10 1.51362e-08
801.031859449342 9 6.89878e-08
804.915095112522 10 2.61652e-08
810.5650945983 10 9.65935e-07
812.093362011294 11 5.27012e-08
814.239161154909 8 1.57748e-07
816.565376910724 3 9.67067e-08
820.039161575607 8 2.86005e-08
820.943361931335 11 1.14452e-07
825.665095072099 10 3.64026e-08
826.489161221841 8 2.90829e-08
827.965376852572 3 9.1757e-08
830.393830777933 2 4.16294e-08
831.243361906017 11 1.81805e-07
834.56537718203 3 4.73645e-08
835.339161229244 8 1.8612e-07
836.11509480924 10 1.07091e-07
836.893361954257 11 1.45237e-07
842.465376912095 3 1.13335e-07
844.143362083356 11 4.7553e-08
844.839161545449 8 3.91191e-08
848.693830622169 2 4.26241e-08
849.715736811915 3 1.50647e-07
853.839161473158 8 6.39917e-08
854.593362072236 11 4.49225e-08
855.365376838479 3 1.33305e-07
855.943830562196 2 9.83758e-08
860.015094699262 10 1.64113e-07
860.243362071883 11 5.09125e-08
861.589161257453 8 1.1826e-07
863.265377216258 3 2.57895e-08
865.893362216525 11 3.66393e-08
868.94383077253 2 6.81366e-08
870.665377174209 3 2.8323e-08
871.543362221643 11 8.73995e-08
876.315890531722 3 4.79347e-08
877.193361917664 11 3.18411e-07
882.843361872317 11 2.55555e-07
885.493830423009 2 7.18971e-07
885.815376944557 3 7.16673e-08
891.293830734937 2 3.74894e-08
891.465376754758 3 1.69807e-07
893.443361828871 11 4.96719e-07
896.215094858447 10 8.96456e-08
899.243362277114 11 3.46991e-08
900.143830484982 2 1.95161e-07
900.16537693737 3 1.10702e-07
905.943830969985 2 3.80818e-08
905.965377061577 3 9.52162e-08
906.493362085727 11 3.13733e-08
911.766474825804 3 1.48685e-07
913.693830519824 2 2.21838e-07
917.565377218783 3 4.25814e-08
917.743361804129 11 1.31937e-07
920.839161611423 8 1.5047e-08
922.393830666136 2 9.96182e-08
923.365376846045 3 1.42287e-07
925.715094772994 10 3.91571e-08
925.793362102047 11 1.03405e-07
926.489161351297 8 1.98373e-08
931.593362102435 11 2.81488e-08
932.065376931648 3 1.12981e-07
934.689161462127 8 3.75055e-08
934.715094763928 10 2.57126e-07
937.581859080127 9 6.62506e-07
940.51509473392 10 1.58201e-07
943.381859336194 9 7.64843e-08
950.781859114872 9 9.14998e-08
951.615094922193 10 9.61135e-08
953.893361969147 11 6.78091e-08
955.539161468272 8 1.50724e-08
957.065377194262 3 3.23056e-08
959.515095275649 10 3.72455e-08
959.543362126128 11 8.78879e-08
961.189161354671 8 6.12472e-08
964.965376817648 3 8.4159e-08
967.293830702534 2 9.50831e-08
970.765376937345 3 9.68472e-08
972.543362004012 11 1.63497e-08
974.393830672132 2 1.10789e-07
978.343361883423 11 1.8318e-07
979.765376751893 3 1.98849e-07
980.843830575752 2 9.87338e-08
985.565377071404 3 8.16366e-08
986.643830498883 2 1.50614e-07
991.365377084061 3 4.19286e-08
992.943362296791 11 2.16495e-08
993.889161504679 8 6.34927e-08
996.144163775816 2 5.1867e-08
997.015377106919 3 3.98722e-08
998.593361776652 11 4.33489e-07
1004.2653768446 3 2.79039e-07
1004.99383072189 2 6.52004e-08
1009.04336213231 11 6.01742e-08
1011.593830632971 2 1.02156e-07
1012.315836448394 3 3.75714e-08
1014.693361770863 11 7.14824e-07
1017.015095223684 10 1.15548e-08
1020.943830613859 2 1.61705e-07
1021.815376679604 3 7.20573e-07
1024.989161438288 8 2.90241e-08
1025.793361867757 11 4.54697e-08
1027.61537677114 3 1.09735e-07
1028.34383064234 2 7.03276e-08
1033.265376956481 3 1.29294e-07
1033.993830921392 2 1.00766e-08
1035.293361717021 11 5.09378e-07
1036.915095174871 10 4.64779e-08
1038.915376734149 3 5.69005e-07
1039.643830446167 2 2.40564e-07
1044.089160992084 8 6.67927e-07
1046.315376774641 3 1.30795e-07
1048.14336198785 11 8.17228e-08
1050.593830899425 2 6.72152e-09
1053.71537690862 3 1.04334e-07
1053.739161532412 8 5.24501e-08
1056.243830745334 2 1.32187e-07
1057.793361769786 11 4.93803e-08
1060.315377147115 3 1.615e-08
1066.615377015549 3 8.31418e-08
1066.643362174363 11 3.45023e-08
1069.789161325729 8 2.82551e-08
1071.365095066108 10 3.98588e-08
1072.443361548004 11 0.000149203
1075.315376665863 3 6.29956e-07
1075.343830711748 2 1.11169e-07
1078.593362071111 11 1.1811e-07
1081.11537708295 3 5.61198e-08
1081.143830988829 2 6.26513e-08
1085.689161423539 8 7.38772e-08
1086.493362028433 11 3.73146e-08
1089.315377121104 3 9.7341e-08
1092.139161370638 8 5.67048e-08
1094.965377142313 3 1.9774e-08
1100.189161084311 8 8.59832e-08
1102.365376696945 3 1.31026e-06
1103.293830928399 2 3.63728e-08
1104.943362012312 11 8.59038e-08
1108.943830991832 2 4.96387e-08
1108.96577294363 3 2.04404e-07
1110.489161238247 8 2.32171e-08
1112.065094622134 10 1.07359e-07
1112.193362143943 11 3.72745e-08
1114.531859491724 9 1.02835e-07
1117.639322664901 5 5.74583e-07
1121.667594355155 6 1.85634e-07
1123.439322691834 5 2.20271e-07
1126.781338995318 4 1.22577e-08
1127.467594601273 6 1.40944e-08
1129.239322879469 5 1.46026e-07
1134.889322451276 5 2.7296e-06
1138.067594134686 6 5.25715e-07
1140.539322696404 5 1.65868e-07
1142.831338864095 4 8.87729e-09
1143.717594686767 6 1.82365e-08
1164.331859325735 9 1.75775e-07
1172.531859534785 9 5.03815e-08
1182.831859542872 9 1.29222e-08
1189.431859242864 9 1.03717e-07
1189.865094861378 10 1.39186e-07
1196.831859569828 9 7.71885e-08
1199.489161069683 8 5.35553e-08
1199.665095001302 10 1.35586e-08
1202.631859485202 9 1.18635e-07
1207.065094876635 10 1.16853e-07
1208.489161464743 8 4.28057e-08
1216.689161320568 8 1.08237e-07
1225.365094598413 10 3.73341e-07
1226.18916138876 8 8.39219e-08
1231.015094873942 10 1.99102e-08
1231.631859125305 9 4.90276e-07
1251.689161108558 8 2.19606e-07
1257.465095047005 10 6.34609e-08
1257.489161270782 8 1.01832e-07
1264.865094998482 10 3.82581e-08
1264.889161152781 8 8.32538e-08
1273.089161465615 8 3.16485e-08
1274.665095230717 10 3.78251e-08
1278.881859519146 9 1.50753e-08
1293.331858999002 9 1.63784e-06
1308.581859349005 9 7.05583e-08
1316.631859172519 9 5.51632e-07
1318.865094831036 10 4.78118e-08
1322.931859391629 9 7.44829e-08
1325.465094726563 10 1.86978e-07
1326.889161104684 8 2.59369e-07
1332.689161078095 8 5.91601e-07
1339.939161667078 8 1.78019e-08
1341.53185921325 9 2.07252e-07
1349.36759447974 6 2.11941e-08
1350.089322639167 5 2.06791e-07
1353.281338615799 4 3.61065e-08
1355.017594135111 6 2.3276e-07
1359.739322678107 5 1.22204e-07
1362.117594446335 6 7.06503e-08
1365.389746006408 5 3.40318e-08
1369.367594250703 6 1.93007e-07
1370.931338630956 4 5.75514e-08
1374.089322635603 5 4.27256e-07
1375.667594319572 6 1.31763e-07
1376.581338881908 4 4.91537e-09
1379.739322953704 5 4.59865e-08
1381.317594660373 6 1.76377e-08
1386.881859765976 9 2.22585e-08
1388.567594360215 6 4.9906e-08
1390.039322898442 5 7.88353e-08
1394.9318594578 9 1.45369e-07
1395.616192761358 10 1.8019e-07
1400.581859558287 9 5.89992e-08
1401.265094627998 10 8.68875e-07
1402.089161052422 8 3.50653e-07
1407.065094765349 10 1.53967e-07
1407.681859359469 9 1.01111e-07
1416.531859330936 9 1.02683e-07
1419.765094870548 10 1.31962e-07
1428.389161346 8 1.5381e-08
1435.639161440565 8 2.39035e-08
1435.665094767436 10 3.75128e-07
1437.993361962353 11 1.03363e-07
1440.481338753885 4 3.14307e-08
1443.065094746172 10 1.059e-07
1446.031858948522 9 4.80258e-06
1462.23185931873 9 9.27791e-08
1463.115094988054 10 5.67437e-08
1472.681859229408 9 1.2141e-07
1473.415094717748 10 3.36389e-07
1474.993361930966 11 9.80605e-08
1477.289161167047 8 1.76395e-07
1480.643362159429 11 2.86103e-08
1481.165394936403 3 1.82936e-07
1483.889161299633 8 1.23752e-07
1484.665095107254 10 3.10848e-08
1486.293361671053 11 6.03225e-07
1489.3653767828 3 1.73215e-07
1490.143830487823 2 2.22292e-07
1491.943361927308 11 2.45378e-07
1494.989161208576 8 1.65053e-07
1499.043361755421 11 5.3326e-07
1502.165094909056 10 1.3501e-07
1506.293361787945 11 3.079e-07
1507.815094864741 10 1.31148e-07
1508.581859540576 9 2.63146e-08
1513.465094602189 10 1.91448e-06
1515.039161540723 8 3.45347e-08
1515.831859264414 9 2.09628e-07
1519.115095028539 10 4.89828e-09
1522.281859625361 9 7.78338e-09
1528.689161331806 8 6.38982e-08
1528.76509517402 10 6.84132e-08
1542.565095024226 10 7.48488e-08
1550.181859185715 9 4.41608e-07
1551.565094733665 10 1.65884e-07
1553.389161282755 8 5.18279e-08
1562.239161125497 8 1.71247e-07
1563.765094767149 10 2.375e-07
1569.565095216941 10 2.65565e-08
1572.631859322215 9 7.45587e-08
1578.265094932403 10 6.59982e-08
1578.289161339613 8 9.45935e-08
1583.08185949084 9 5.53908e-08
1594.489161280938 8 1.20784e-07
1596.865094749881 10 1.8941e-07
1598.48185951108 9 5.46975e-08
1600.139161039034 8 1.27081e-07
1602.515094869553 10 7.93897e-08
1604.131859174477 9 2.86848e-07
1607.889161158171 8 1.90096e-07
1608.165095060228 10 3.7262e-08
1624.331859434729 9 5.95659e-08
1625.165094646861 10 5.75971e-07
1626.98916152782 8 2.7616e-08
1630.131859169066 9 5.45884e-07
1645.381859409468 9 7.4354e-08
1646.965094919558 10 7.53099e-08
1651.031859446855 9 3.88474e-08
1656.615094745441 10 1.78039e-07
1656.681859426132 9 8.58223e-08
1658.239161236643 8 1.1973e-07
1678.439161193668 8 6.33153e-08
1680.015094516596 10 3.79452e-06
1686.489161201227 8 1.27019e-07
1687.265095150127 10 3.24739e-08
1690.331859088069 9 3.80273e-07
1694.06707602176 7 7.79246e-07
1696.631859453206 9 4.18776e-08
1699.867076476638 7 9.53339e-08
1705.481859300923 9 7.87898e-08
1722.23916116369 8 1.03628e-07
1723.81509467605 10 2.10445e-07
1726.181859109991 9 8.91102e-07
1732.781859544657 9 5.38609e-08
1737.465094772572 10 3.32863e-08
1748.681859340572 9 1.45637e-07
1750.967076633621 7 5.55633e-08
1763.115094787967 10 2.84734e-08
1763.131859356017 9 1.47596e-07
1768.915094651498 10 7.00559e-07
1769.731859486831 9 3.24496e-08
1771.889161098405 8 3.5818e-07
1776.665094850165 10 1.39844e-07
1777.931859490299 9 6.19673e-08
1779.789161112916 8 1.7e-07
1802.131859304549 9 1.41864e-07
1811.039161160292 8 1.23225e-07
1816.689161191848 8 1.20286e-07
1817.365094545992 10 6.97507e-07
1819.781859365966 9 1.41523e-07
1822.339161218763 8 3.27996e-08
1828.639161383205 8 7.07398e-08
1829.415094691597 10 1.72013e-07
1830.231859221159 9 1.70012e-07
1839.865094802142 10 7.94173e-08
1839.889161472542 8 2.32699e-08
1849.689161290271 8 5.13098e-08
1852.715095130792 10 5.90654e-08
1855.339161250749 8 4.61139e-08
1863.96509485126 10 2.81678e-08
1864.68185923352 9 1.31311e-07
1869.615095090381 10 4.40079e-08
1870.481859047143 9 3.87648e-07
1873.489161299344 8 7.7489e-08
1875.915094854113 10 5.92872e-08
1878.993362356539 11 1.01334e-08
1879.831859161633 9 3.04013e-07
1881.565094807104 10 1.22671e-08
1888.031859300323 9 1.0859e-07
1893.681859233581 9 1.41302e-07
1895.865094849518 10 8.61341e-08
1897.443361644311 11 1.58586e-06
1901.393830566087 2 1.94544e-07
1901.415376804211 3 7.60332e-08
1904.589161335008 8 5.66605e-08
1906.293361904756 11 1.34906e-07
1910.41590837467 3 5.29304e-08
1912.093361936361 11 7.48677e-08
1912.715095137294 10 2.4937e-08
1916.065377143336 3 3.81874e-08
1916.789161453955 8 2.39119e-08
1917.743361694561 11 1.04197e-06
1921.715377081203 3 8.07654e-08
1924.49383059559 2 1.94594e-08
1925.943362008414 11 4.75263e-08
1928.615094868343 10 3.00742e-08
1932.481859370455 9 1.36961e-07
1938.281859201838 9 2.39641e-07
1944.467594472752 6 3.99247e-08
1951.739322611005 5 4.78824e-07
1955.867594528454 6 7.21614e-08
1957.539323135859 5 2.55076e-08
1971.217076601964 7 8.26905e-08
1971.931859186854 9 5.81732e-07
1982.531859307798 9 1.6174e-07
1983.86509477409 10 2.08106e-07
1985.489161369078 8 6.90363e-08
1989.343361918986 11 2.48116e-07
1991.731338609434 4 1.49115e-07
1995.143361982018 11 1.18877e-07
1996.715094760936 10 1.61675e-07
1999.139161286812 8 1.1859e-07
2000.665377119333 3 3.8114e-08
2002.365094956418 10 9.21634e-08
2003.193361985207 11 8.75962e-08
2006.389161301178 8 5.51989e-08
2008.015094967868 10 9.92973e-08
2008.993362006383 11 6.96069e-08
2011.131339007771 4 1.80709e-08
2013.789161166592 8 1.72812e-07
2013.815094921745 10 7.60263e-08
2016.393361851018 11 2.47288e-07
2019.615094995531 10 4.94749e-08
2020.331859272344 9 2.21568e-07
2022.993362214358 11 1.48138e-08
2030.93185920339 9 4.84605e-08
2032.615094725265 10 1.53653e-07
2036.73185938235 9 4.07432e-08
2038.415094836547 10 8.63714e-08
2043.18185948831 9 8.89202e-08
2044.065095090101 10 4.79522e-08
2046.393362071065 11 4.44834e-08
2049.631859082282 9 3.92714e-07
2060.881859471426 9 2.75916e-08
2063.917594071444 6 1.15666e-06
2064.781338796315 4 5.17644e-08
2069.731859316067 9 9.04603e-08
2075.165094931234 10 8.85614e-08
2075.381859298117 9 1.69158e-07
2077.539161266486 8 4.6026e-08
2082.565094763917 10 1.17113e-07
2088.23185913659 9 2.82897e-07
2091.317076042179 7 6.03244e-07
2097.117076163584 7 3.65561e-07
2103.567076045758 7 4.12619e-07
2109.08185932993 9 2.08078e-07
2111.415094705113 10 2.18809e-07
2120.265094988625 10 5.60524e-08
2120.981859055219 9 8.86261e-07
2125.915095002441 10 8.36688e-08
2126.631859269021 9 2.60649e-07
2128.939161454977 8 2.83982e-08
2131.715094517466 10 3.97602e-06
2134.739161084686 8 5.02118e-07
2137.515094991151 10 6.37239e-08
2148.115094712333 10 3.85491e-07
2148.131859401068 9 5.32063e-08
2150.443361924694 11 5.45184e-08
2152.889161197381 8 9.2323e-08
2155.115376725989 3 5.58682e-07
2156.393830672682 2 7.62238e-08
2158.643362285292 11 7.29919e-09
2158.689161516786 8 2.52485e-08
2160.915376767555 3 1.82276e-07
2162.043830539694 2 1.79375e-07
2165.243361761199 11 2.02103e-07
2166.715095187564 10 1.98313e-08
2169.115376910047 3 5.29212e-08
2169.143830581932 2 5.71546e-08
2174.743361991276 11 5.69019e-08
2175.715376995243 3 8.23195e-08
2179.593830520007 2 2.18824e-07
2181.515377045303 3 7.88379e-08
2186.79336219225 11 3.11054e-08
2187.315377060813 3 7.43071e-08
2188.339161504945 8 1.45125e-08
2190.243830716917 2 1.36188e-07
2193.965094934708 10 6.90124e-08
2194.043361821246 11 2.25493e-07
2194.139161623063 8 4.71469e-08
2196.965376825699 3 1.85701e-07
2197.643831000642 2 1.02356e-08
2200.643361815563 11 1.18263e-07
2202.965094687422 10 2.70647e-07
2204.981859072206 9 3.98075e-07
2216.231859188101 9 3.44526e-07
2221.63932273865 5 2.53042e-07
2221.717594596836 6 3.72615e-08
2227.439323166027 5 1.65025e-08
2227.517594437549 6 7.74443e-08
2233.239322546487 5 9.84627e-07
2235.567594352036 6 1.34872e-07
2238.889322674723 5 2.17011e-07
2241.217594106762 6 4.55685e-07
2242.581338660419 4 9.47517e-08
2245.189682610143 5 2.73728e-07
2248.617594154214 6 2.35304e-07
2249.981338502003 4 2.53839e-07
2253.089322903496 5 6.18357e-08
2254.267594236408 6 1.99489e-07
2258.889322922334 5 1.3946e-07
2260.067594026012 6 1.72069e-06
2260.431338777162 4 3.14988e-08
2264.539322672679 5 3.98264e-07
2265.867594339404 6 7.78157e-08
2268.331338734266 4 4.00822e-08
2270.189322647406 5 3.43411e-07
2271.517594471931 6 3.23755e-08
2273.981338445957 4 2.16596e-07
2276.339322886151 5 5.66838e-08
2277.167594107859 6 4.9386e-07
2281.989904217307 5 4.64441e-08
2282.817594608603 6 7.78972e-08
2287.639322636851 5 1.9387e-07
2291.667594552056 6 4.4329e-08
2293.289323013327 5 6.2859e-08
2294.681338845324 4 2.32975e-08
2297.967594307709 6 8.76391e-08
2298.939322815172 5 1.28391e-07
2302.881338896862 4 6.24427e-08
2303.617594541966 6 3.03117e-08
2304.589322850002 5 5.32987e-08
2317.881859269149 9 1.455e-07
2323.467076574474 7 5.52606e-08
2324.481859379327 9 2.74291e-08
2329.267076499456 7 3.47962e-08
2333.331859125362 9 5.61807e-07
2334.715095252181 10 3.49812e-08
2343.631859497914 9 7.34044e-08
2346.067594452226 6 7.17816e-08
2347.539322777412 5 9.24466e-08
2353.18958892685 5 2.26746e-07
2354.767594218449 6 3.45854e-08
2356.381338813876 4 6.93095e-08
2358.839322552823 5 7.27179e-07
2362.017594354282 6 9.66926e-08
2364.489322596851 5 1.39931e-07
2367.667594495175 6 6.28072e-08
2370.139322853449 5 8.94054e-08
2375.717594125836 6 2.52086e-07
2375.789323100831 5 5.6353e-08
2376.431338735787 4 5.75823e-08
2381.589322640993 5 1.15662e-07
2384.717594525653 6 3.28639e-08
2387.389322933155 5 1.34321e-07
2391.017594488191 6 6.79436e-09
2393.189544151474 5 1.24315e-07
2395.53133857623 4 9.44248e-08
2396.667594012881 6 1.643e-06
2398.839322585899 5 1.27473e-06
2421.967076581353 7 3.36552e-08
2437.931859224978 9 3.41792e-08
2441.165094735089 10 3.0314e-07
2442.689161291851 8 4.94723e-08
2442.793362065765 11 7.39679e-08
2445.015376732727 3 9.63893e-08
2446.643830654114 2 2.53757e-08
2450.815376788133 3 1.84687e-07
2452.443830988186 2 3.67435e-08
2454.889161109157 8 1.76286e-07
2456.565095155878 10 2.98029e-08
2456.593362101295 11 4.35241e-08
2458.065376846381 3 1.3569e-07
2462.393361792697 11 2.78582e-07
2466.265377221585 3 4.81952e-08
2466.939161336197 8 1.0292e-07
2467.81509463852 10 7.91166e-07
2468.043362171681 11 3.48923e-08
2471.581338553025 4 1.66259e-07
2472.417594430321 6 7.85109e-08
2477.381338709528 4 3.15834e-08
2478.217594575593 6 2.13862e-08
2479.943361927367 11 1.19165e-07
2483.031338605024 4 1.4e-07
2483.86759467569 6 1.94802e-08
2488.64336202549 11 5.38615e-08
2490.265094948606 10 9.81823e-09
2490.931859395494 9 6.10018e-08
2498.917076662763 7 7.52701e-09
2499.13185924579 9 1.66743e-07
2505.389161823632 8 7.18505e-09
2510.315094736285 10 2.25749e-07
2511.189161274552 8 8.59442e-08
2514.381859435474 9 7.81871e-08
2519.165095127918 10 2.09972e-08
2524.031859521861 9 4.64465e-08
2524.815094771719 10 8.93548e-08
2532.689161176649 8 1.66378e-07
2534.315094891355 10 3.40935e-08
2540.73916154517 8 5.77733e-08
2542.365095345393 10 2.06393e-08
2573.615094867573 10 1.16692e-07
2574.389161104314 8 1.76821e-07
2579.265094806882 10 1.25762e-07
2581.48916129153 8 3.06437e-08
2586.365094888033 10 8.77053e-08
2587.131859164343 9 9.08265e-08
2590.368174374323 7 7.58767e-08
2592.781859249629 9 2.11297e-07
2600.831859543788 9 1.49733e-08
2601.615094964751 10 7.79696e-08
2602.339161393373 8 9.45145e-09
2608.731859354504 9 7.11854e-08
2612.715095258117 10 1.09074e-08
2616.781859221736 9 1.48481e-07
2627.231859273033 9 3.37542e-07
2628.76509504242 10 2.82697e-08
2630.293362012753 11 1.43247e-07
2631.081338617577 4 9.03757e-08
2636.015094699678 10 1.18638e-07
2636.093362105927 11 3.35515e-08
2639.917594180513 6 3.43695e-07
2639.931338253246 4 5.89985e-06
2645.893361900876 11 2.26883e-07
2646.61509478038 10 1.8632e-07
2647.931859345197 9 1.22814e-07
2650.889161462732 8 5.80547e-08
2659.589161136244 8 2.90643e-07
2665.389161367292 8 3.1792e-08
2671.189161501777 8 1.15063e-08
2680.131859381065 9 1.81735e-07
2681.215095056212 10 5.10466e-08
2683.389161252399 8 3.51512e-08
2690.789161418619 8 5.47595e-08
2691.66509465846 10 4.3084e-07
2692.981859224899 9 1.63461e-07
2698.781859122663 9 2.51513e-07
2700.665095171415 10 2.93849e-08
2703.617076486865 7 5.31339e-08
2709.417076263414 7 9.1541e-08
2713.381859335215 9 7.84808e-08
2716.065095194735 10 2.84997e-08
2724.139322535409 5 1.04987e-06
2725.717594262339 6 3.68943e-09
2730.38133879766 4 4.24306e-08
2731.517594594731 6 1.90694e-08
2732.039322576411 5 6.03304e-07
2737.317594586236 6 3.49372e-08
2737.689322892955 5 7.02251e-08
2743.117594217433 6 7.67608e-08
2745.631338516262 4 8.35537e-08
2748.767594557889 6 4.8823e-08
2749.589322607867 5 5.30222e-07
2755.239322692628 5 1.61101e-07
2757.617594343431 6 1.72253e-07
2760.889322662403 5 8.63809e-08
2763.267594541864 6 5.68336e-08
2767.989322959666 5 8.45313e-08
2771.967594184225 6 7.86647e-08
2776.039322796235 5 1.16676e-07
2777.617594513152 6 7.14988e-09
2781.689322594867 5 4.13211e-07
2784.06759423265 6 3.33444e-07
2784.731338985329 4 5.95142e-08
2787.339322477847 5 1.13729e-06
2790.51759418807 6 1.53319e-07
2794.381338629518 4 8.9394e-08
2795.889322702724 5 1.51675e-07
2801.689322960707 5 5.08435e-08
2801.917594383809 6 8.86875e-08
2807.717594375644 6 7.74637e-08
2810.389322817352 5 9.81786e-08
2816.039322570195 5 5.30136e-07
2818.317594319526 6 1.01847e-07
2821.689322641741 5 7.51343e-08
2824.767594289492 6 1.11282e-07
2827.339322654124 5 3.73598e-07
2831.21759402429 6 6.91227e-07
2831.731338572922 4 1.39021e-07
2834.439322867994 5 9.03619e-08
2836.86794043496 6 7.31013e-07
2837.53133887617 4 2.44367e-08
2840.089322819478 5 5.73107e-08
2842.667594384227 6 1.81148e-08
2851.981859401539 9 1.38968e-07
2864.639323184093 5 3.78448e-08
2868.681859284066 9 8.97859e-08
2874.33185930256 9 1.18048e-07
2878.065094740571 10 4.21834e-07
2890.881859382603 9 1.1199e-07
2891.717076400491 7 4.81433e-08
2896.51509475331 10 1.93619e-07
2896.531859332125 9 1.0586e-07
2905.367076222096 7 2.54285e-07
2911.167076412602 7 5.10865e-08
2919.131859342241 9 3.53353e-08
2923.693361888059 11 1.82277e-07
2923.765094880809 10 1.90916e-07
2926.081859408608 9 7.93507e-08
2931.165095089247 10 5.28227e-08
2931.893361763982 11 3.9863e-07
2934.081338323222 4 1.28772e-07
2934.867594550508 6 2.54179e-08
2939.881338845132 4 6.40362e-08
2940.593361897506 11 2.31951e-07
2942.11509473227 10 1.193e-07
2946.015376675206 3 3.86669e-07
2948.793361732715 11 4.65073e-07
2950.315094989643 10 1.04755e-07
2953.331859241119 9 1.07552e-07
2957.565094773759 10 9.6504e-08
2959.989161097264 8 6.0989e-08
2963.215094717082 10 2.24509e-07
2965.639161361315 8 4.12414e-08
2974.339161549738 8 6.09797e-08
2982.315094790066 10 5.89192e-08
2986.389161250293 8 1.04267e-07
2987.093362127 11 7.2947e-08
2988.615376681755 3 1.13651e-06
2989.393830440926 2 1.14124e-07
2994.415376848109 3 1.82728e-07
2995.293362076273 11 3.24635e-08
2996.03916136769 8 3.37526e-08
3000.066313546418 3 4.89178e-08
3000.943362103281 11 2.0723e-08
3001.68916113365 8 1.82889e-07
3005.71537670235 3 6.05108e-07
3007.24383049949 2 3.61211e-07
3011.365376891684 3 1.11089e-07
3012.893830788598 2 4.96818e-08
3014.443361842514 11 1.82829e-07
3018.466268432678 3 4.65469e-08
3020.789161529479 8 4.68716e-08
3022.393830765628 2 4.4771e-08
3023.943361729345 11 1.68859e-07
3029.743362145946 11 3.03397e-08
3030.365377077166 3 7.02392e-08
3035.093831046105 2 2.52298e-08
3035.393361932463 11 9.574e-08
3038.41537677877 3 4.53643e-07
3040.893830520105 2 5.30335e-08
3044.065530647764 3 2.05744e-08
3044.839161213999 8 1.42164e-07
3046.365094941269 10 5.98726e-08
3047.143362070346 11 5.00506e-08
3052.015094960917 10 1.22979e-07
3053.593361867868 11 7.21914e-08
3055.131338620625 4 1.05576e-07
3059.243362122592 11 4.81793e-08
3060.06509477774 10 1.32812e-07
3060.731859325633 9 1.64781e-07
3070.267594319751 6 9.54349e-08
3071.489322735306 5 2.02591e-07
3075.181338944028 4 5.79439e-09
3076.067594646802 6 3.31546e-08
3077.139322700416 5 1.47219e-07
3081.71759413619 6 4.30012e-07
3082.431338750483 4 5.67383e-08
3083.939322765223 5 2.08719e-07
3087.367594508056 6 4.34286e-08
3089.739323041563 5 3.91809e-08
3093.667594264987 6 3.18879e-07
3095.389322676351 5 1.32289e-07
3101.039322663874 5 2.368e-07
3102.367594315403 6 1.27114e-07
3107.189322947638 5 3.74585e-08
3108.017594393889 6 1.00355e-07
3110.331338580689 4 9.50189e-08
3112.839322677121 5 2.34535e-07
3116.717594166422 6 2.34377e-07
3117.581338776715 4 1.79772e-08
3119.139322882134 5 1.01366e-07
3122.367594233311 6 8.85671e-08
3124.031338704987 4 4.17202e-08
3127.981859198423 9 4.31184e-07
3139.967076179744 7 2.89236e-07
3148.017076393013 7 6.82871e-08
3161.631859154157 9 3.07216e-07
3163.165095140909 10 4.00455e-08
3167.13916112863 8 1.39268e-07
3180.139161233466 8 1.83227e-07
3184.165094757806 10 5.42733e-08
3185.789161479575 8 1.86064e-08
3190.465094990363 10 4.71668e-08
3190.481859201022 9 2.07267e-07
3203.481859152166 9 1.22796e-07
3208.115094697982 10 4.12518e-07
3209.131859533366 9 1.2706e-07
3214.78185963664 9 2.3684e-08
3217.617593930422 6 2.47179e-05
3217.681338558268 4 1.7268e-07
3219.989322679155 5 1.51742e-07
3238.981859196144 9 1.82506e-07
3243.667076609014 7 5.05703e-08
3251.981859559027 9 7.12814e-08
3260.981859257084 9 1.57333e-07
3275.431859273739 9 6.05806e-08
3276.81509530772 10 9.46203e-09
3284.281859327506 9 1.80317e-07
3294.58185930697 9 7.49845e-08
3298.615095111147 10 2.74448e-08
3300.231859426599 9 6.10342e-08
3303.143362412502 11 1.07087e-08
3305.881859055259 9 5.1104e-07
3306.665095198534 10 1.07958e-08
3312.331859311942 9 1.63632e-07
3321.181859184359 9 1.78861e-07
3321.915094901348 10 1.50806e-07
3336.515094703421 10 1.39233e-07
3338.181859443555 9 2.79472e-08
3348.167076496394 7 6.42591e-08
3352.781859536088 9 4.13496e-08
3360.981859676354 9 3.37364e-09
3369.031859552642 9 5.94764e-08
3375.481859605942 9 3.36494e-08
3389.281859350231 9 1.12724e-07
3390.165094836895 10 1.67759e-07
3406.189161156766 8 1.10115e-07
3408.765094664468 10 4.17266e-07
3410.281859267204 9 1.9424e-07
3412.639161365788 8 6.63645e-08
3427.281859608572 9 3.26992e-08
3432.965095299587 10 3.33649e-08
3440.039161241062 8 7.37485e-08
3453.081859245633 9 1.27513e-07
3492.23916140763 8 2.16237e-08
3498.039161333133 8 1.67309e-07
3509.2891612254 8 1.08634e-07
3509.965094828332 10 2.03589e-07
3512.331859236821 9 5.48673e-08
3518.931859235744 9 1.89253e-07
3519.765094961784 10 1.64958e-07
3522.9391616463 8 6.77743e-09
3524.581859271079 9 2.07041e-07
3525.415094699782 10 3.04034e-07
3526.543361876322 11 6.85999e-08
3532.343362270449 11 2.37007e-08
3532.465376786602 3 3.75978e-07
3533.293830507032 2 1.90102e-07
3538.143362196351 11 4.19458e-08
3539.865376550775 3 1.12953e-05
3540.693830871517 2 2.11443e-08
3542.989161557782 8 9.24873e-09
3545.515377102114 3 6.87438e-08
3548.893830773479 2 5.90921e-08
3550.343361937351 11 6.39916e-08
3551.989161314137 8 5.73478e-08
3552.665095065097 10 5.14236e-08
3555.665376907081 3 1.32422e-07
3556.293830689496 2 9.03235e-08
3558.54336196723 11 1.13816e-07
3564.343361603187 11 6.62973e-06
3569.665094732159 10 3.07116e-07
3570.143362246004 11 2.01121e-08
3574.681338572155 4 1.92483e-07
3576.217594373428 6 6.76596e-08
3577.54336187285 11 4.02528e-07
3580.481338534146 4 1.75089e-07
3584.143361997018 11 1.21024e-07
3586.281338291092 4 8.83757e-07
3586.667594337799 6 4.07836e-08
3589.943361989845 11 7.53203e-08
3590.665095043966 10 1.1631e-07
3593.531338299662 4 6.02262e-07
3594.867594386535 6 1.08325e-07
3597.343361880861 11 3.89619e-07
3598.865095167234 10 7.6865e-08
3600.631338511995 4 2.65028e-07
3600.667594271943 6 7.38226e-08
3604.74336220623 11 1.9052e-08
3606.431338213127 4 8.73275e-06
3606.467594216192 6 2.76388e-07
3612.231338758134 4 3.78018e-08
3612.643362087316 11 4.36715e-08
3614.517594294189 6 9.24886e-08
3618.032436884267 4 2.18337e-08
3618.293361877696 11 9.5583e-08
3621.117594311932 6 7.41432e-08
3623.831338926797 4 6.70244e-08
3623.943361765992 11 1.23021e-07
3629.593362177802 11 1.95812e-08
3631.081338617137 4 1.87776e-08
3631.717594407699 6 9.62473e-08
3635.243361924267 11 2.00714e-07
3635.865094727713 10 2.33891e-07
3637.489161255133 8 5.60254e-08
3639.56537706677 3 6.02418e-08
3640.993830638207 2 1.30393e-07
3641.043362402451 11 3.26019e-08
3645.365377053029 3 1.80678e-08
3648.443362165767 11 4.51212e-08
3651.165376945025 3 4.27287e-08
3655.843362020713 11 4.05041e-08
3656.715095017111 10 6.92742e-08
3660.015376986867 3 6.77131e-08
3662.343830600989 2 8.31896e-08
3663.893361954611 11 1.54101e-07
3668.715377183186 3 4.44589e-08
3669.539161206182 8 9.81859e-08
3669.693362156387 11 4.80716e-08
3670.365094757684 10 1.77994e-07
3674.331338669237 4 8.23603e-08
3675.343361874571 11 2.81982e-07
3676.815094739012 10 4.88924e-07
3678.231859381148 9 6.41734e-08
3694.38916131432 8 8.20848e-08
3700.839161359865 8 2.82489e-08
3702.465094833405 10 7.62615e-08
3707.231859432288 9 2.08571e-08
3710.515094736331 10 9.39496e-08
3713.643361814637 11 8.51816e-08
3715.965376897154 3 5.17111e-08
3716.793830691894 2 1.24285e-07
3721.843361849447 11 2.36795e-07
3724.165094826193 10 1.52111e-07
3728.965376756 3 3.17911e-07
3728.994172749341 2 5.58137e-08
3736.365376934285 3 1.44455e-07
3736.393830816475 2 1.95049e-08
3739.939161069143 8 2.66779e-07
3740.365094979022 10 3.74507e-08
3741.59336195018 11 1.43545e-07
3743.765376887778 3 1.38168e-07
3743.793830515486 2 2.76102e-07
3747.393362334081 11 4.49643e-08
3749.593830980165 2 2.75226e-08
3751.965376838526 3 1.61971e-07
3754.493362045916 11 4.01628e-08
3757.765376767502 3 4.4242e-07
3757.793830521128 2 1.38801e-07
3763.565377118916 3 2.90851e-08
3763.593830915867 2 2.22213e-08
3764.943362175439 11 1.35896e-08
3769.365376991625 3 2.49922e-08
3770.743361864146 11 1.59422e-07
3772.765095007721 10 6.93048e-08
3774.389161336086 8 8.17172e-08
3775.965377108491 3 3.91132e-08
3776.39336198143 11 2.91136e-08
3778.415095060993 10 4.31488e-08
3780.039161301717 8 6.24414e-08
3782.193361912503 11 2.09606e-07
3784.815376857563 3 1.94789e-07
3787.993830525904 2 1.25428e-07
3790.393362036935 11 1.24294e-07
3791.265376985146 3 4.3836e-09
3796.043361657998 11 5.06697e-07
3798.489161353877 8 1.29891e-07
3799.315376761782 3 1.83864e-07
3800.843830563971 2 1.79541e-07
3804.093361706564 11 4.23367e-07
3805.665094858184 10 1.39351e-07
3806.539161392219 8 7.83765e-08
3809.893362082586 11 3.48498e-08
3811.465095037342 10 4.34542e-08
3813.76537744441 3 1.25298e-08
3815.54336184678 11 7.80672e-08
3818.343830749913 2 6.56046e-08
3823.265377086178 3 5.88185e-08
3824.093361846257 11 2.53436e-07
3829.743362128384 11 2.49979e-08
3830.515890526966 3 2.16657e-08
3831.193830945957 2 2.01485e-08
3835.393361677785 11 5.75782e-07
3839.243830725178 2 5.1885e-08
3840.01537659121 3 1.99133e-06
3842.439161194448 8 1.4643e-07
3844.093361914293 11 1.07335e-07
3844.815094755681 10 2.47687e-07
3849.743362148901 11 5.12853e-08
3850.381338676004 4 4.62569e-08
3852.717594415583 6 7.65888e-08
3856.181338569182 4 2.96378e-07
3857.64336201226 11 3.11093e-08
3858.465094907757 10 6.49708e-09
3859.93185917685 9 1.66411e-07
3880.13185926008 9 2.83446e-08
3881.817076345117 7 3.41364e-08
3887.61707619888 7 4.26232e-08
3890.731859376621 9 7.38039e-08
3893.267076452096 7 4.35491e-08
3898.917076570632 7 2.17743e-08
3899.431859153477 9 4.18014e-07
3905.231859357999 9 9.41378e-08
3905.865094614882 10 1.11621e-06
3912.31509502411 10 3.49274e-08
3916.331859321992 9 1.02828e-07
3927.431859190645 9 1.87725e-07
3928.215095042615 10 5.44494e-08
3933.081859275529 9 5.45086e-08
3942.731859437278 9 5.34002e-08
3949.043713048714 11 1.16279e-07
3949.865094730423 10 2.17767e-07
3953.693830666844 2 1.5898e-07
3954.465377213543 3 4.97787e-08
3957.893361742654 11 3.53084e-07
3961.065377083163 3 3.51027e-08
3961.893830944874 2 5.67969e-08
3966.715376711989 3 2.73594e-07
3968.343830917993 2 2.9e-08
3971.289161230661 8 1.56613e-07
3973.115094871109 10 6.78076e-08
3973.143361887121 11 4.59402e-08
3977.031338920691 4 3.05868e-08
3978.915095260856 10 1.71359e-08
3978.943362034428 11 9.93584e-08
3980.917594644949 6 5.5211e-08
3984.715095170631 10 1.60461e-08
3985.831859500075 9 4.75016e-08
3989.117594549529 6 4.64996e-08
3990.539322866799 5 1.70387e-07
3993.881338434052 4 4.30827e-07
3994.767594015513 6 2.20683e-07
3998.681859647208 9 3.1777e-08
4014.881859307543 9 9.25988e-08
4031.665094943078 10 2.09252e-08
4032.293361931027 11 9.19327e-08
4037.315094654956 10 1.59141e-07
4038.781859334112 9 9.36096e-08
4050.18185922844 9 2.34546e-08
4056.565095027224 10 2.9402e-08
4056.631859378288 9 1.03106e-07
4065.089161527257 8 1.49685e-08
4076.831859315586 9 1.22484e-07
4079.8170761659 7 7.43105e-07
4085.3818592676 9 3.03948e-07
4087.665094725009 10 1.0132e-07
4090.09336189044 11 1.32008e-07
4093.931338816419 4 3.38161e-08
4095.617594169528 6 4.84996e-07
4098.143362039398 11 7.92375e-08
4099.73133873769 4 9.02739e-08
4103.793362199858 11 6.43236e-08
4104.515095082915 10 4.72331e-09
4112.46759428406 6 1.21272e-07
4114.739322754048 5 4.05716e-08
4118.117594271234 6 9.82401e-08
4120.539322919556 5 9.44876e-08
4123.767594199653 6 2.08274e-07
4124.431338605379 4 9.44363e-08
4126.989691981139 5 5.04434e-08
4131.817594207084 6 1.92105e-07
4132.631338934109 4 2.48503e-08
4133.289322868282 5 7.58629e-08
4137.467594467609 6 6.7887e-08
4138.939322983494 5 2.73126e-08
4148.367076669191 7 3.39773e-08
4153.281859132793 9 2.96027e-07
4154.965094691693 10 1.41082e-07
4157.289161036238 8 4.82677e-07
4163.889161086464 8 4.73536e-07
4165.565094657558 10 4.22251e-07
4167.881859347559 9 5.74628e-08
4189.53185936084 9 9.70498e-08
4194.189161128058 8 1.22124e-07
4194.265094941347 10 4.33661e-08
4196.631859559383 9 1.26303e-07
4204.065094895528 10 1.21185e-07
4206.239161161531 8 5.01104e-08
4208.681859368725 9 8.22753e-08
4209.715095029841 10 9.16837e-08
4210.893362043399 11 8.15688e-08
4213.489161508614 8 4.56997e-08
4215.765377218199 3 2.35685e-08
4220.815094897356 10 9.20775e-08
4220.889161367961 8 6.0048e-08
4221.493362001083 11 8.14295e-08
4223.931859043979 9 7.52532e-07
4226.615094986283 10 6.56014e-08
4227.293361927876 11 1.75704e-07
4231.839161124014 8 2.13893e-07
4232.415095125373 10 2.97246e-08
4234.215376739776 3 3.29471e-07
4235.793830617773 2 1.00899e-07
4239.843361990676 11 6.1301e-08
4239.865377156767 3 3.7854e-08
4241.443830567898 2 1.83854e-07
4245.665377053581 3 5.84432e-08
4247.093830728492 2 5.90046e-08
4248.693361986568 11 2.08865e-07
4251.315376852634 3 1.03868e-07
4252.743830765181 2 7.21095e-08
4255.943361826583 11 1.72428e-07
4258.289161269619 8 3.60691e-08
4259.815094668957 10 4.14444e-07
4261.593361856781 11 1.5954e-07
4263.865377301726 3 3.24679e-08
4266.243830397469 2 3.95568e-07
4270.29336205235 11 3.1028e-08
4271.115376765005 3 2.69362e-07
4275.7438305927 2 1.05358e-07
4278.343362016759 11 9.17995e-08
4279.815376869946 3 1.30522e-07
4281.393830913458 2 3.1436e-08
4286.243362047698 11 7.49353e-08
4287.865376768391 3 7.15314e-07
4292.643830681829 2 6.86965e-08
4293.51537712323 3 5.86695e-09
4294.293361905907 11 1.60639e-07
4299.965836138084 3 1.27396e-07
4301.493830850344 2 4.93644e-08
4303.143362346915 11 2.10864e-08
4305.615376954361 3 1.14707e-07
4308.743830893918 2 5.42156e-08
4310.243361659509 11 9.13941e-07
4312.665094833153 10 8.9827e-08
4315.765377005687 3 3.74394e-08
4315.893362193049 11 2.20634e-08
4316.644928763037 2 4.93457e-08
4321.565377000459 3 1.1572e-07
4322.343362064397 11 7.93988e-08
4323.893830642034 2 8.67166e-08
4326.989161411735 8 9.16443e-08
4327.215377131809 3 2.76925e-08
4327.993361842296 11 2.50487e-07
4330.193830597857 2 4.09542e-08
4332.865376562186 3 5.63403e-06
4335.843830892928 2 3.8423e-08
4338.293362257684 11 4.67084e-08
4339.015377093013 3 9.07535e-08
4341.49383065434 2 6.10235e-08
4344.665530395087 3 1.1193e-07
4346.193361960124 11 1.29801e-07
4348.639161152804 8 2.34377e-07
4350.165094855518 10 1.07173e-07
4352.631859381838 9 1.14972e-07
4361.489161440153 8 3.15841e-08
4362.365094883516 10 1.40203e-07
4366.281859043308 9 1.76604e-06
4370.415094857365 10 1.63193e-07
4373.531859154755 9 2.13835e-07
4390.381859222598 9 1.8773e-07
4391.115094713363 10 1.61452e-07
4392.739161277212 8 1.35853e-08
4399.989161273805 8 4.98627e-08
4403.081859425064 9 5.62332e-08
4411.089161142339 8 3.64168e-07
4411.815094788635 10 2.65284e-08
4419.781859381568 9 1.21942e-07
4425.581859640912 9 3.01291e-08
4429.61509474004 10 1.27674e-07
4432.031859628108 9 7.699e-09
4435.139161402598 8 8.83564e-08
4459.915094789961 10 1.18127e-07
4461.589161259666 8 8.69095e-08
4466.365094917733 10 7.29592e-08
4467.239160937798 8 1.22179e-06
4472.889160974123 8 4.13341e-07
4474.415094725044 10 1.9421e-07
4476.731859323424 9 1.57049e-07
4481.515094792937 10 1.30116e-07
4486.239161144118 8 1.01735e-07
4487.965094830527 10 5.51995e-08
4488.631859697349 9 2.99492e-08
4498.281859401868 9 5.83378e-08
4516.731859348063 9 9.75299e-08
4531.865094692033 10 2.01888e-07
4533.431859493952 9 8.73523e-08
4538.31509473624 10 1.20864e-07
4539.082210491858 9 7.8255e-08
4540.643362027297 11 7.94468e-08
4542.931338373795 4 1.22439e-06
4542.967594144539 6 4.37706e-07
4548.731338559583 4 2.00364e-07
4548.767594314257 6 1.23403e-07
4551.893361794217 11 3.24381e-07
4554.531338435592 4 3.71553e-07
4554.56759431928 6 1.33397e-07
4560.331338855145 4 5.33548e-08
4561.393361994284 11 7.83876e-08
4563.767594233212 6 2.32166e-07
4567.815094788373 10 1.05632e-07
4567.843362212061 11 4.1897e-08
4572.531338688413 4 2.05861e-07
4573.643361830816 11 3.8536e-07
4576.581859660323 9 2.64318e-08
4581.543361937544 11 2.00276e-07
4582.26509502389 10 3.06439e-08
4588.631859276153 9 1.03845e-07
4598.281859240731 9 7.37243e-08
4610.91707629967 7 1.40856e-07
4619.131859158395 9 2.17046e-07
4621.515094836653 10 2.03375e-07
4624.7818591281 9 3.96008e-07
4627.165094896699 10 4.9903e-08
4630.243361819655 11 2.29894e-07
4631.781338620041 4 4.70449e-08
4633.417594338967 6 5.79012e-08
4635.893361987711 11 1.22504e-07
4638.231338533546 4 4.46766e-08
4639.067594422128 6 9.4132e-08
4643.943361803526 11 1.66892e-07
4646.43133838417 4 2.1518e-07
4646.46759440055 6 5.81334e-08
4653.443361912528 11 1.25305e-07
4654.265094843435 10 1.3422e-07
4657.481859299856 9 7.22098e-08
4663.931859063484 9 5.24542e-08
4667.915517930891 10 7.742e-08
4668.539161353007 8 3.26125e-08
4676.589161323503 8 2.70481e-08
4688.131859212302 9 2.78537e-07
4689.715094879984 10 1.33849e-07
4693.9318591231 9 4.55815e-07
4695.515094740429 10 3.18638e-07
4696.543362075496 11 7.09852e-08
4698.239161014086 8 3.78033e-07
4701.315095209249 10 1.58944e-08
4702.667594513035 6 5.69271e-08
4703.79336213491 11 2.80902e-08
4704.231338648178 4 1.12339e-07
4706.965094778264 10 1.52964e-07
4708.231859308435 9 1.2738e-07
4721.46759438244 6 9.4089e-08
4723.039763782076 5 7.64756e-08
4726.831338912121 4 1.0026e-08
4727.11759437947 6 1.13231e-07
4728.689322701273 5 3.16265e-07
4732.631338812799 4 2.33248e-08
4732.767594233161 6 2.02621e-07
4734.339322710458 5 1.03622e-07
4740.817594076966 6 3.6255e-07
4741.631338558015 4 1.26379e-07
4744.639647000718 5 3.1772e-08
4746.467594040507 6 1.19538e-06
4747.281338690349 4 1.56839e-07
4751.089322665329 5 2.3317e-07
4754.217594403275 6 8.24916e-08
4759.815094842228 10 6.1776e-08
4759.843361954566 11 1.07346e-07
4763.067594521949 6 4.84283e-08
4763.83133857348 4 2.14965e-08
4765.643362123335 11 9.25341e-08
4771.293362029787 11 2.22463e-08
4772.681338623464 4 8.25158e-08
4772.717594518403 6 4.20613e-08
4779.993361848349 11 2.06853e-07
4781.681338572419 4 1.21567e-07
4782.367594219666 6 2.53912e-07
4787.481338775793 4 8.39545e-08
4788.693361809001 11 1.64352e-07
4790.265094638743 10 5.95802e-07
4791.739161135956 8 3.78325e-07
4794.031859304723 9 1.52365e-07
4795.915095062019 10 1.47724e-08
4796.59336208785 11 6.06296e-08
4799.831859313571 9 7.19047e-08
4801.565094834761 10 9.62244e-08
4813.481859141784 9 2.16591e-07
4814.265094844983 10 8.47934e-08
4816.64336210423 11 7.34833e-08
4819.789161240809 8 1.09463e-07
4819.915095058846 10 2.26048e-08
4831.965094814611 10 1.04916e-07
4832.581859498907 9 3.11383e-08
4834.23916125294 8 1.65256e-07
4841.581859403408 9 1.05802e-07
4851.881859315702 9 1.55901e-07
4858.265094846254 10 7.24129e-08
4859.08916123796 8 9.77141e-08
4867.789161002926 8 3.01671e-07
4869.365094742517 10 1.18174e-07
4873.439161256338 8 1.83768e-07
4875.015094610129 10 6.05839e-07
4878.181859559598 9 4.10304e-08
4887.88916127085 8 4.31973e-08
4893.465094584492 10 9.72184e-07
4893.539161386809 8 4.77855e-08
4895.031859197588 9 1.2738e-07
4901.631859081832 9 6.25219e-07
4907.431859281744 9 2.20002e-07
4908.065094837207 10 7.23195e-08
4919.631859169468 9 1.62853e-07
4921.415094810347 10 3.29033e-08
4923.839161140888 8 2.91524e-07
4927.065094751609 10 6.18248e-08
4928.54336206252 11 7.02714e-08
4930.231859150199 9 1.21129e-07
4939.081859486756 9 5.22207e-08
4944.517594432927 6 9.90316e-08
4945.339323341555 5 9.96303e-09
4951.767076394612 7 3.06805e-08
4957.417076451054 7 4.09843e-08
4974.181859225542 9 3.22129e-07
4976.56509515254 10 1.80451e-08
4979.867076251593 7 2.70898e-07
4985.517076062828 7 1.97816e-07
4989.431859236809 9 9.95707e-08
4991.815094828724 10 1.79198e-07
4992.53916135573 8 8.31738e-08
4998.339161299334 8 6.78115e-08
5002.265094870522 10 8.60905e-08
5003.881859326681 9 5.86516e-08
5019.131859122971 9 4.50778e-07
5024.617076266851 7 1.74719e-07
5024.78185960839 9 6.2708e-08
5030.431859092598 9 5.12547e-07
5032.667076599114 7 3.50503e-08
5038.315094979726 10 7.20221e-08
5039.131859308065 9 2.05013e-07
5045.439161195863 8 1.84461e-07
5053.489161111051 8 2.8306e-07
5058.21509477686 10 9.10592e-08
5059.831859323377 9 2.68978e-08
5062.19336189614 11 2.00587e-07
5063.865094965844 10 4.40948e-08
5065.481859256145 9 1.35509e-07
5075.931859331207 9 1.25056e-07
5078.243361878272 11 2.14551e-07
5079.681338675916 4 1.18027e-08
5085.367594500105 6 1.05657e-07
5085.481338739262 4 4.92806e-08
5087.765094803633 10 1.77809e-07
5087.893362001884 11 7.75654e-08
5090.231859309096 9 4.85152e-08
5093.565094646926 10 3.37497e-07
5096.031859393836 9 7.18298e-08
5101.681859239776 9 1.34524e-07
5113.389161074348 8 3.25658e-07
5120.789161327293 8 4.70822e-08
5144.039161256983 8 9.54361e-08
5166.415095052807 10 7.0858e-08
5166.489161302802 8 7.82082e-08
5169.581859473565 9 1.15534e-07
5173.015095291135 10 5.33969e-08
5179.315094641153 10 2.29192e-07
5179.989161356381 8 1.03827e-07
5183.231859298372 9 1.57024e-08
5196.08185916802 9 1.55118e-07
5203.167076100726 7 8.19313e-07
5236.817076301343 7 2.48839e-07
5244.781859321065 9 4.77033e-08
5247.215095143371 10 1.61784e-08
5250.431859291347 9 1.99177e-07
5253.665095001941 10 6.20655e-08
5256.83916143481 8 2.60237e-08
5261.715094636386 10 5.49857e-07
5265.681859163419 9 1.92476e-07
5270.565095037901 10 4.16056e-08
5271.98185965981 9 5.19291e-08
5276.215094880741 10 1.12071e-07
5277.631859324638 9 7.63002e-08
5282.365095043547 10 6.00366e-08
5283.281859305257 9 2.45024e-07
5287.939161405565 8 2.85579e-08
5291.981859259914 9 8.46946e-08
5293.567076419725 7 5.69714e-08
5297.631859330608 9 8.11469e-08
5298.416192701767 10 1.86904e-07
5299.98916102055 8 3.51869e-07
5308.039161034903 8 4.37672e-07
5313.689161436208 8 4.65586e-08
5314.46509496972 10 6.47444e-08
5316.081859080701 9 6.00182e-07
5320.915094971944 10 5.89309e-08
5321.731859521277 9 8.4803e-08
5326.565094881362 10 8.26148e-08
5328.031859263553 9 6.56517e-08
5333.681859350463 9 3.66293e-08
5340.931859293708 9 9.95685e-08
5343.217076242452 7 1.12759e-07
5348.867076172373 7 1.92281e-07
5352.031859230455 9 5.054e-08
5354.517076319749 7 1.71741e-07
5360.081859198041 9 1.67498e-07
5362.465095086783 10 6.92466e-08
5379.96509479891 10 1.61895e-07
5379.981859454038 9 4.63642e-08
5387.989161089199 8 3.34143e-07
5388.165094845584 10 3.98412e-08
5393.63185940291 9 7.94655e-08
5396.865094726857 10 6.67971e-07
5397.639161157324 8 1.47807e-08
5400.881859157684 9 2.58464e-07
5404.017076164643 7 3.10985e-07
5406.531859306582 9 1.47906e-07
5409.66707639143 7 2.06418e-08
5412.181859263691 9 9.72931e-08
5412.915094875163 10 5.56103e-08
5414.339161303632 8 1.00875e-07
5419.365094841906 10 1.49243e-07
5420.139161073111 8 2.29874e-07
5421.681859547237 9 2.69567e-08
5425.01509489286 10 5.7792e-08
5427.331859456748 9 2.19317e-08
5443.967594202016 6 2.07314e-07
5444.731338651328 4 4.86485e-08
5447.039322587619 5 3.47961e-07
5450.567594136028 6 2.85189e-07
5451.331338512226 4 2.11828e-07
5456.217594420663 6 5.04492e-08
5456.839322991818 5 2.28806e-08
5459.381338664522 4 1.09242e-07
5462.63932274028 5 1.85162e-07
5463.617594297321 6 6.57793e-08
5469.417594718818 6 4.63018e-08
5469.889322620247 5 3.6128e-07
5475.217594461298 6 2.9772e-08
5475.53932269491 5 7.68636e-08
5481.017976581106 6 1.7254e-07
5483.43932332324 5 3.99302e-09
5491.617594351407 6 2.78652e-08
5493.239322664379 5 5.97061e-07
5497.417594076332 6 3.31143e-07
5498.031338503003 4 8.68594e-08
5500.989322823625 5 9.47696e-08
5505.617594353635 6 6.41171e-08
5508.239322608245 5 4.96226e-07
5511.417594670134 6 4.97776e-08
5514.039323034289 5 6.84808e-09
5519.689322464938 5 2.91992e-06
5525.339322912785 5 7.30135e-08
5525.867594148907 6 1.24103e-07
5526.581338876271 4 2.81597e-08
5531.639322895781 5 3.15073e-08
5537.289322433299 5 9.0728e-06
5541.26759465978 6 3.02496e-08
5543.089322675741 5 1.18008e-07
5548.115095037278 10 5.11653e-08
5548.943362049271 11 1.25547e-07
5550.117594366138 6 9.44619e-08
5550.631338762083 4 7.30454e-08
5554.581859224845 9 2.8593e-07
5558.617076591333 7 1.55786e-08
5560.381859265831 9 7.59627e-08
5569.381859633808 9 3.89051e-08
5574.565095159207 10 1.99234e-08
5575.181859206543 9 1.43549e-07
5580.417076493825 7 1.92628e-08
5596.831859482449 9 4.23367e-08
5614.631858976445 9 2.09781e-06
5622.831859046042 9 8.13528e-07
5637.165094782854 10 1.96137e-07
5638.293362084324 11 4.58925e-08
5639.88916123012 8 1.26807e-07
5641.215376791677 3 2.82615e-07
5642.843830987907 2 4.98846e-08
5643.943362312657 11 9.54213e-09
5647.015376886013 3 1.39994e-07
5648.589161265396 8 1.19608e-07
5652.665935531655 3 8.07585e-08
5653.443361870704 11 2.65779e-07
5654.165094928517 10 6.33361e-08
5659.09336208954 11 6.73947e-08
5659.965095087892 10 4.00311e-08
5660.631859398167 9 4.51562e-08
5665.615094688777 10 1.97199e-07
5666.43185941789 9 2.59571e-08
5671.265094789803 10 1.84366e-07
5672.231859355833 9 7.8849e-08
5678.239161173426 8 1.06728e-07
5687.965094774526 10 1.05291e-07
5688.839161163037 8 1.35077e-07
5694.831859158755 9 2.3061e-07
5700.631859345877 9 2.26005e-08
5708.017076409747 7 1.31433e-07
5726.431859324065 9 1.29745e-07
5732.815095024357 10 3.76159e-08
5738.367076571183 7 3.79588e-08
5744.715094825405 10 2.04381e-08
5745.543361919585 11 8.38776e-08
5747.915376776214 3 2.95433e-07
5748.693830856328 2 2.34857e-08
5750.339161422601 8 1.13579e-07
5753.715377054903 3 8.78413e-08
5755.343362140507 11 4.00197e-08
5758.515095106859 10 3.39289e-08
5759.189161280696 8 1.38427e-07
5761.115710059552 3 5.15088e-08
5762.743362047164 11 3.95707e-08
5763.493830733569 2 4.80234e-08
5768.543361946918 11 9.4638e-08
5769.789161073009 8 8.67882e-08
5771.515094825741 10 1.15445e-07
5774.193361884308 11 1.41153e-07
5775.715376751051 3 5.52924e-07
5777.29383051151 2 8.72485e-08
5781.293362208185 11 6.00915e-09
5781.989161067968 8 2.9439e-07
5783.715094726207 10 1.49282e-07
5786.943361858295 11 2.24288e-07
5790.143830600774 2 7.76353e-08
5790.965376729653 3 5.0314e-07
5794.189160992099 8 6.17212e-07
5795.765094959773 10 7.41057e-08
5796.593361920239 11 2.21341e-07
5798.215376903595 3 1.93081e-07
5799.643830597225 2 7.823e-08
5803.865376808752 3 3.83804e-07
5805.293361976824 11 7.39922e-08
5808.493830561119 2 2.32361e-07
5809.515376666347 3 6.2199e-07
5812.54336207187 11 2.01782e-08
5814.143830633287 2 6.13469e-08
5815.165376813763 3 1.24581e-07
5818.889161546479 8 2.14326e-08
5820.593830759036 2 8.16057e-08
5820.81537678395 3 6.54075e-07
5822.843362288502 11 3.0659e-08
5824.539161430567 8 1.03977e-07
5826.615377007896 3 5.71441e-08
5828.493361942322 11 1.56216e-07
5831.639161369709 8 3.74322e-08
5832.465094953474 10 5.77695e-08
5834.143362128556 11 4.27124e-08
5834.815377150523 3 7.29959e-08
5838.915094649718 10 2.09619e-07
5840.431859138977 9 2.13813e-07
5846.617076778026 7 2.4161e-08
5847.831859262328 9 7.0566e-08
5853.481859268898 9 8.35256e-08
5855.76509458981 10 1.33281e-06
5857.289161081974 8 2.70297e-07
5861.41509488785 10 1.23217e-07
5862.181859430606 9 9.32717e-08
5863.79336189005 11 1.12466e-07
5867.065095015782 10 4.42689e-08
5885.581858979904 9 1.78782e-06
5889.665094874418 10 1.09882e-07
5891.73916119203 8 8.54323e-08
5896.265094960604 10 3.64989e-08
5899.381859582598 9 2.75844e-08
5900.589161188258 8 1.14055e-07
5902.065095208113 10 1.16796e-08
5913.28916154717 8 1.12447e-08
5922.939161704263 8 1.20901e-08
5935.715094882711 10 9.54826e-08
5935.789161341794 8 1.05855e-07
5937.98185917981 9 2.00898e-07
5941.515094740991 10 2.90713e-07
5943.781859160945 9 4.38276e-07
5947.165094861159 10 9.14147e-08
5947.693362037933 11 4.88439e-08
5950.081859296259 9 1.39427e-07
5972.289322955516 5 1.23902e-07
5987.081859157297 9 5.53542e-07
5988.66509488468 10 7.02514e-08
5994.889161343497 8 6.84863e-08
5996.565095155242 10 3.17672e-08
6004.539161315491 8 5.90587e-08
6011.789161197503 8 1.58537e-07
6017.415094816115 10 6.41782e-08
6017.439161402856 8 5.86711e-08
6032.039161232449 8 9.58865e-08
6032.665094927093 10 5.81189e-08
6038.981859240079 9 5.1545e-08
6041.515094964597 10 4.58234e-08
6055.789161220165 8 1.12401e-07
6066.231859438017 9 1.31608e-07
6075.08185914038 9 7.36882e-07
6080.73185915111 9 6.25658e-07
6083.815094615886 10 1.38509e-07
6087.031859369763 9 1.46572e-07
6111.767076513698 7 6.01929e-08
6117.567076370758 7 7.09176e-08
6123.217076492004 7 2.5254e-08
6134.817594474231 6 6.28482e-09
6138.943362048231 11 7.21983e-08
6139.065094784501 10 9.65905e-08
6141.439161056512 8 3.84912e-07
6145.515094640227 10 8.76687e-07
6151.081859725804 9 1.64929e-08
6151.165094608843 10 1.44654e-07
6151.889161093534 8 1.44553e-07
6156.881859341225 9 9.02126e-08
6157.765094632776 10 9.76243e-07
6162.681859071548 9 1.12641e-06
6164.365094735705 10 1.03995e-07
6166.189161166537 8 1.89521e-07
6168.481859332806 9 1.7807e-07
6170.165095177983 10 2.79486e-08
6177.481859121719 9 3.01694e-07
6179.815094949676 10 5.94221e-08
6194.239161406497 8 3.44582e-08
6199.215094813028 10 4.60011e-08
6200.731859489445 9 4.90074e-08
6205.489161167115 8 2.64604e-07
6205.665094984181 10 4.65822e-08
6208.781859404373 9 1.1904e-07
6212.265094866659 10 1.44225e-07
6216.443362127166 11 7.45057e-08
6218.065094956786 10 1.0426e-07
6218.281859135099 9 5.25089e-07
6229.217076349612 7 9.54519e-08
6240.515094962903 10 1.01919e-07
6241.293362168556 11 5.63077e-08
6246.181859214521 9 3.73473e-08
6246.315095082179 10 2.65584e-08
6252.781859658225 9 3.55855e-08
6270.8391611403 8 2.79112e-07
6273.415094854808 10 1.14143e-07
6287.081859175029 9 4.44703e-07
6287.865095102739 10 2.64127e-08
6290.943361805447 11 6.50424e-07
6294.965094725891 10 4.35535e-07
6295.781913486917 9 7.99826e-08
6304.631859471411 9 5.69916e-08
6311.881859237088 9 1.34742e-07
6314.193362011953 11 5.87448e-08
6314.215095186817 10 7.43256e-08
6319.993361992663 11 4.66054e-08
6320.015094751819 10 1.54766e-07
6323.631338446615 4 2.2489e-07
6323.667594472179 6 3.87196e-08
6328.193361927717 11 1.35938e-07
6329.431338841921 4 3.48251e-08
6331.717594116152 6 3.47619e-07
6334.793362158576 11 2.30142e-08
6335.081338466173 4 3.17636e-07
6337.367594404351 6 6.04929e-08
6340.731338373796 4 5.31979e-07
6343.793362105939 11 7.17647e-08
6346.217594274632 6 4.40902e-08
6346.381338624176 4 9.99992e-08
6349.365094675553 10 4.30883e-07
6349.44336228542 11 2.34916e-08
6354.831859225525 9 4.50488e-08
6355.16509507385 10 1.04754e-08
6360.489161328047 8 7.73645e-08
6364.631859433788 9 5.17577e-08
6374.931859257014 9 8.91797e-08
6378.117076132012 7 2.68863e-07
6380.581859244653 9 1.00255e-07
6384.51509507226 10 3.43961e-08
6387.739161397297 8 1.06212e-07
6407.03185926031 9 1.08298e-07
6408.715094979965 10 1.36208e-08
6413.481859536861 9 7.95107e-08
6426.215095039664 10 6.05053e-08
6430.981859292871 9 1.22778e-07
6433.367076121459 7 2.92137e-07
6439.017075937156 7 6.91889e-06
6442.231859273829 9 1.09485e-07
6444.667076060302 7 8.94923e-07
6447.881859398947 9 1.89668e-07
6451.065094923048 10 1.01029e-07
6453.389161502069 8 1.95565e-08
6457.36509496915 10 3.56037e-08
6458.181859042938 9 8.49884e-07
6463.815094867442 10 8.83004e-08
6463.83185931567 9 1.7998e-07
6469.63185894007 9 8.66622e-06
6473.217076625487 7 1.83536e-08
6475.281859461648 9 2.99387e-08
6482.231859309357 9 8.26476e-08
6488.61707612181 7 3.77269e-07
6496.681859249779 9 3.12574e-08
6504.665095166117 10 3.31486e-08
6504.731859550573 9 3.79404e-08
6510.917076227775 7 1.51847e-07
6513.731859187354 9 1.74522e-07
6516.717076179863 7 1.155e-07
6522.281859135851 9 2.09898e-07
6525.515094672268 10 2.66012e-07
6527.931859183494 9 2.42477e-07
6533.415094813128 10 1.38536e-07
6533.581859426908 9 5.30562e-08
6545.289161305708 8 5.83116e-08
6546.11509490866 10 2.48858e-08
6556.565094948083 10 7.18345e-08
6557.331859183624 9 1.51607e-07
6560.467076167 7 2.84356e-07
6566.267076245008 7 2.41093e-08
6570.981859333932 9 8.49102e-08
6574.167076261886 7 1.86748e-07
6578.231859334509 9 1.09172e-07
6579.817075973744 7 1.02548e-06
6583.88185934685 9 1.0002e-07
6584.615094767854 10 2.19103e-07
6585.339161392223 8 2.6545e-08
6596.665095087926 10 7.94273e-08
6596.739161678636 8 3.48628e-08
6600.581859215692 9 2.14935e-07
6602.967076360174 7 8.28957e-08
6607.981859246833 9 1.42975e-07
6619.989161057895 8 1.14458e-07
6620.065095054048 10 3.18094e-08
6633.789161009558 8 5.53584e-07
6635.815094602225 10 7.71248e-07
6644.515094903221 10 7.65144e-08
6645.189161229922 8 1.33748e-07
6657.331859366256 9 4.43916e-08
6657.365094757725 10 2.85661e-07
6663.165095064768 10 3.44737e-08
6665.381859494085 9 4.66282e-08
6667.789161305142 8 1.14721e-07
6669.46509488626 10 1.09792e-07
6671.031859271478 9 5.38611e-08
6677.317594116218 6 2.87667e-07
6678.131338673505 4 9.09602e-08
6679.739322945649 5 2.39353e-08
6683.917594603953 6 1.61493e-08
6686.331338568273 4 1.69127e-07
6687.939709796753 5 1.00323e-07
6692.767594145802 6 5.67987e-07
6693.581338540433 4 1.62911e-07
6698.417594020292 6 1.84161e-06
6699.231338854489 4 4.43363e-08
6705.517594094209 6 4.69591e-07
6706.331338647457 4 1.07512e-07
6707.839322686356 5 1.55997e-07
6711.167594279588 6 1.21101e-07
6713.639322860051 5 5.15622e-08
6719.217594170913 6 2.28784e-07
6720.781338747187 4 4.44206e-08
6722.339709778808 5 1.73178e-07
6724.867594325627 6 1.96343e-08
6727.989322635821 5 3.14034e-07
6733.567594339036 6 7.95072e-08
6733.639322995502 5 5.14999e-08
6739.367594511181 6 6.58631e-08
6740.089322846046 5 6.94792e-08
6745.667594177515 6 1.48036e-07
6750.281859139796 9 1.21484e-07
6762.239161407049 8 2.11706e-08
6764.731859676622 9 7.28109e-09
6771.88916118089 8 2.27318e-07
6774.315094684321 10 4.42062e-07
6776.781859391614 9 6.48008e-08
6782.431859220237 9 8.97107e-08
6785.46707605987 7 3.88085e-07
6791.117076330475 7 1.07528e-07
6792.73185961761 9 2.96731e-08
6797.417076050041 7 1.14392e-06
6803.031859567832 9 1.74479e-08
6803.217076247644 7 3.31291e-08
6808.86707649755 7 5.47988e-08
6809.63185932498 9 8.08194e-08
6815.281859618814 9 1.49485e-08
6823.015095439174 10 1.1115e-08
6829.389161135888 8 1.04252e-07
6831.065094877957 10 1.64602e-07
6838.239161161217 8 8.9989e-08
6873.489161372379 8 5.07619e-08
6874.315095038339 10 3.16259e-08
6884.765095175833 10 4.47712e-09
6890.415094705555 10 1.24779e-07
6891.831859020994 9 1.49587e-06
6897.439322689118 5 2.95988e-07
6903.239322673445 5 2.12662e-07
6907.167594087398 6 2.96493e-07
6907.881338431947 4 4.9883e-07
6911.139322790882 5 9.00899e-08
6917.481859355527 9 4.41274e-08
6924.731859580386 9 3.47146e-08
6926.143361774624 11 6.99139e-07
6926.315095134376 10 1.30378e-08
6928.66759449291 6 4.42363e-08
6928.731338710935 4 6.59441e-08
6934.531338535872 4 5.71611e-08
6936.593361899709 11 8.67778e-08
6938.215094907627 10 2.95295e-08
6942.39336217139 11 3.17067e-08
6943.681859214949 9 1.33403e-07
6944.015095009365 10 3.6526e-08
6950.839161487644 8 3.11186e-08
6960.715095021635 10 6.75183e-08
6966.281859371374 9 1.66377e-07
6983.039161306134 8 9.62922e-08
6983.965094843022 10 9.00408e-08
6985.531859451403 9 5.70452e-08
6991.917594263925 6 1.47997e-07
6995.089322789579 5 1.32432e-07
7000.767594249062 6 4.05363e-08
7003.939323002842 5 2.73789e-08
7006.417594326809 6 1.51764e-07
7009.589701112077 5 3.4226e-08
7011.081338787735 4 4.71019e-08
7012.06759441505 6 1.87663e-08
7016.881338718466 4 3.16696e-08
7017.717594578749 6 5.66344e-08
7025.517076234972 7 1.42145e-07
7031.317076369043 7 1.62894e-07
7039.981859536471 9 1.11205e-07
7041.615094724641 10 1.3961e-07
7043.093362089915 11 3.64613e-08
7045.78185909072 9 8.48858e-07
7047.415094679676 10 2.50447e-07
7051.739161087811 8 4.6685e-07
7053.215094991771 10 7.28453e-08
7057.031859102043 9 5.9392e-07
7062.831859368937 9 8.47243e-08
7066.567076520083 7 6.17563e-08
7079.767076147177 7 4.37978e-07
7085.56707659324 7 2.47507e-08
7092.631859184804 9 1.68461e-07
7094.215094542603 10 2.5299e-06
7096.43916145179 8 5.88308e-08
7100.01509513112 10 2.02165e-08
7100.031859479819 9 8.866e-08
7109.015094956636 10 3.93971e-08
7110.089161117838 8 1.40397e-07
7122.815095137776 10 1.7031e-08
7125.339161106946 8 3.43313e-07
7131.139494606706 8 4.70462e-08
7131.665095244042 10 1.45063e-08
7133.681859290286 9 1.53166e-07
7137.693361791589 11 1.06384e-07
7140.131338425697 4 2.48675e-07
7140.96805356857 6 1.1234e-08
7143.343362109289 11 7.79791e-08
7145.931338949848 4 3.40326e-08
7147.715094735618 10 3.67015e-07
7149.143361860814 11 3.57568e-07
7151.339161232575 8 1.31818e-07
7154.065376654822 3 1.11714e-06
7154.893830780268 2 4.14637e-08
7157.343362154367 11 3.46788e-08
7158.589161265465 8 7.99381e-08
7158.965095066668 10 8.47789e-08
7163.943361668293 11 9.72923e-07
7169.66589952188 3 3.12461e-08
7170.489161339659 8 1.13091e-07
7176.143361713091 11 4.91001e-07
7180.91537689816 3 1.37425e-07
7182.539161211701 8 1.55059e-07
7183.965094838214 10 1.77044e-07
7184.99336170458 11 1.92901e-07
7188.165376846204 3 1.44006e-07
7190.589161235158 8 1.06819e-07
7192.243361743878 11 4.23181e-07
7193.76509486544 10 2.67205e-08
7196.131859536482 9 1.39599e-07
7198.467594345943 6 7.18908e-08
