0.810783703022 7 2.83062e-08
7.45719673658 9 5.27412e-08
8.210783680628 7 7.72661e-08
13.107196863057 9 8.62601e-08
20.357196899469 9 2.62373e-08
26.007196699348 9 9.783e-08
26.660783941477 7 1.51859e-08
29.814779887006 11 2.90415e-07
32.938783901574 4 1.1049e-06
39.507196582831 9 4.06975e-07
43.538784123533 4 5.4931e-08
48.357196733253 9 4.79223e-08
49.910783476154 7 3.74257e-07
55.560783677973 7 1.51457e-07
61.210783867565 7 6.56626e-08
64.257196785806 9 1.12874e-07
68.310783472721 7 1.56282e-07
75.560783675877 7 5.60785e-08
78.70719669761 9 2.47271e-08
85.157196680181 9 2.66057e-08
87.46078377572 7 3.95453e-08
90.807196567716 9 2.31502e-07
93.864780005194 11 4.24125e-07
99.507196513404 9 1.17321e-07
108.357197028497 9 4.13447e-08
109.11477995294 11 2.20654e-07
114.764779911977 11 3.00465e-07
120.414780154736 11 7.10292e-08
123.370514787193 8 1.0035e-07
124.055065724263 5 1.37766e-08
126.064779791135 11 5.16124e-07
128.79571039072 10 6.42077e-08
129.855065452094 5 5.44732e-07
135.655065622623 5 4.18674e-08
136.370515172554 8 2.05513e-08
141.305065435876 5 4.40213e-07
146.955065459827 5 3.81614e-07
152.605065479372 5 4.9258e-07
152.995710412638 10 4.27158e-08
158.255065595984 5 7.29863e-08
158.820515067475 8 5.69623e-08
160.395710076948 10 8.05905e-08
164.055065869365 5 1.20083e-08
164.470514705955 8 1.49173e-07
167.645709903908 10 2.46884e-07
169.855065670027 5 7.69274e-08
173.295710319709 10 3.43934e-08
175.655065671211 5 7.85252e-08
177.164780371334 11 1.77515e-08
177.970514872972 8 1.03885e-07
184.088118416397 2 6.0895e-08
184.274026923518 6 1.77433e-08
186.020514732416 8 1.80731e-07
188.355066014679 5 1.40889e-08
191.670514857767 8 6.33401e-08
196.288118279051 2 3.76377e-08
196.324026870442 6 4.24748e-08
196.999202632127 3 6.49304e-08
202.088118093407 2 3.99045e-07
202.124026677988 6 6.09049e-08
202.799202378424 3 2.23835e-07
207.924026603949 6 2.29615e-07
208.59920235477 3 9.62878e-07
208.688118114566 2 3.53942e-07
213.724026827409 6 1.4079e-08
214.399202728384 3 9.92717e-09
214.488118484726 2 2.46144e-08
219.524026474537 6 6.56298e-07
220.199202286522 3 4.21437e-07
220.288118111064 2 3.06382e-07
225.174026776427 6 5.24367e-08
225.999202734252 3 9.10162e-08
226.088118539887 2 5.12272e-08
231.799202620074 3 9.76427e-08
232.274026613556 6 2.18187e-07
232.538118359249 2 7.54193e-08
237.449202717737 3 3.06893e-08
239.674026829292 6 5.17281e-08
241.088118254162 2 4.89867e-08
243.099202305385 3 1.14576e-06
245.324026856158 6 6.03e-08
248.338118424954 2 3.63986e-08
248.899202674155 3 1.0781e-07
252.274026791935 6 4.07548e-08
256.299202505202 3 1.36306e-07
257.988118492911 2 5.01224e-08
258.074026985306 6 1.28627e-08
261.949202521616 3 1.39017e-07
270.149202593902 3 8.8981e-08
270.274026723943 6 5.80715e-08
270.83811849813 2 8.85515e-08
275.949202667722 3 4.88253e-08
276.074026759434 6 5.4433e-08
276.48811824227 2 1.54763e-07
281.749202995818 3 9.26651e-09
284.274026529082 6 5.745e-07
284.388118276199 2 1.08503e-07
287.549202512399 3 4.67827e-07
290.038118537568 2 1.16452e-08
290.074026929694 6 1.21237e-07
294.620515210924 8 3.13687e-08
295.838118181537 2 1.026e-07
295.874026795675 6 5.52364e-08
296.24920266179 3 8.86436e-08
300.270514636441 8 5.66153e-07
303.238118661743 2 2.77858e-08
305.920515167579 8 3.1368e-08
307.474026935269 6 2.67515e-08
309.857196682182 9 4.9799e-08
316.307196583571 9 3.39461e-07
318.710783534612 7 1.9834e-07
322.757196896645 9 3.17747e-08
325.160783478607 7 3.07193e-07
330.810783550022 7 1.80819e-08
338.007196645667 9 2.59876e-07
343.657196597897 9 6.34748e-08
344.310783825156 7 3.02161e-08
349.307196593945 9 2.13501e-07
356.360783369066 7 3.80786e-07
363.438118580476 2 2.68798e-08
364.407196865599 9 2.66535e-08
367.570514688672 8 1.17125e-07
371.488118417598 2 8.67636e-08
372.307196885602 9 4.66024e-08
374.670515210765 8 6.66852e-08
376.299202695298 3 5.52054e-08
376.324026863207 6 5.3426e-08
377.138118448296 2 2.37205e-08
378.757196921796 9 4.84564e-08
382.099202593672 3 4.14278e-08
382.124026764858 6 1.03011e-07
382.788118208665 2 1.13568e-07
387.899202465631 3 1.51829e-07
387.924026646164 6 1.00513e-07
388.438117952781 2 1.56375e-06
393.699202602497 3 1.83018e-07
393.724026653474 6 1.82393e-07
394.088118275416 2 9.04286e-08
399.499202806083 3 6.63074e-09
399.524026868255 6 2.35984e-08
402.788118238354 2 1.21748e-07
405.324027190646 6 2.76686e-08
406.807196658887 9 1.81143e-07
409.910783699747 7 6.32985e-08
414.857196765133 9 3.86978e-08
417.3107836832 7 1.7337e-07
424.560783436984 7 1.32674e-07
430.210783660888 7 7.11427e-08
440.51078369966 7 1.2157e-07
446.907196831363 9 5.56929e-08
446.960783792559 7 5.92218e-08
453.507196577459 9 7.31678e-08
454.860783910821 7 7.42185e-09
460.5107834535 7 1.77673e-07
466.160783706416 7 7.52051e-08
470.057196487197 9 7.96924e-07
471.810783436991 7 5.18944e-07
477.46078374563 7 5.94022e-08
483.11078325558 7 7.48619e-06
487.707196565021 9 3.12879e-07
490.664779973728 11 8.18027e-08
496.464780335488 11 7.30009e-08
497.888783940335 4 6.71593e-08
502.114780036101 11 7.94812e-08
504.320514788165 8 1.02191e-07
505.855065800364 5 5.41748e-08
509.364779823057 11 3.94982e-07
516.595710311843 10 1.43467e-08
518.888784219134 4 1.33046e-07
520.614779836602 11 5.57854e-07
522.920515075451 8 2.17116e-08
524.55719688782 9 3.11073e-08
526.264780001382 11 5.54342e-08
528.570515109568 8 8.27924e-09
531.738783950257 4 4.82571e-07
534.964779775775 11 4.70794e-07
543.0147801456 11 7.33376e-08
544.457196910055 9 2.63842e-08
546.870514775962 8 9.59468e-08
548.455065638607 5 5.4741e-08
550.895710311766 10 8.459e-08
551.714780053614 11 6.9787e-08
555.705065745074 5 1.07718e-07
557.320515130064 8 3.61942e-08
561.355065395556 5 7.92488e-07
562.945710219845 10 1.04794e-07
565.364780277411 11 6.76472e-08
566.170514874891 8 6.78408e-08
567.005065321467 5 2.48348e-06
571.820514964474 8 5.31106e-08
572.65506567033 5 6.47875e-08
573.3957101251 10 1.22712e-07
575.664780035955 11 1.32559e-07
578.305065659482 5 1.00906e-08
579.045710322147 10 5.68785e-08
581.320514670463 8 2.74846e-07
583.955065563318 5 3.35354e-07
584.695710468216 10 4.76731e-08
586.114780215515 11 5.40313e-08
586.970514898963 8 7.71546e-08
591.764779911422 11 2.3143e-07
598.088783786786 4 6.70192e-07
606.214780019644 11 8.43862e-08
606.905066075004 5 1.21955e-08
606.995710515293 10 1.67419e-08
608.470514890297 8 4.59107e-08
611.864779999049 11 2.13941e-08
616.538784171132 4 3.69773e-08
618.464779986823 11 9.49479e-08
620.670515192701 8 1.73377e-08
623.70719653997 9 2.60124e-07
626.060783729387 7 1.02929e-07
631.860784013066 7 1.1861e-08
631.907196743987 9 7.06604e-08
636.288784124268 4 1.12605e-07
640.107196679501 9 1.31837e-07
642.460783549631 7 5.18169e-08
647.507196670717 9 1.63674e-07
649.060784094167 7 3.15784e-08
652.838784270274 4 4.18122e-08
659.707196657146 9 1.65185e-07
665.507196887528 9 4.79071e-08
666.060783795739 7 5.69e-08
671.157196625389 9 5.60819e-08
676.738784316678 4 1.04988e-07
688.788784295513 4 3.27697e-08
696.038783965065 4 1.64532e-07
700.807196826941 9 7.05866e-08
703.938784084871 4 6.41399e-08
712.788784285912 4 5.51145e-08
721.007196699573 9 5.02893e-08
725.238118312467 2 7.25112e-08
727.120514835076 8 1.0767e-07
731.03811843905 2 6.19704e-08
732.920514809655 8 6.23856e-08
736.838118321299 2 2.54784e-08
737.22402688785 6 3.90743e-08
739.520514666948 8 7.97286e-08
745.320514913364 8 3.21776e-08
751.920514679193 8 2.67777e-07
757.838118441549 2 3.08897e-08
758.520515235456 8 8.10681e-09
760.257196766613 9 7.83909e-08
765.907196858914 9 4.34813e-08
778.938784325345 4 5.85682e-08
789.957196623313 9 6.43089e-08
792.060783504007 7 9.93442e-08
795.757196637843 9 1.00528e-07
801.414780033643 11 1.24538e-07
803.807196694981 9 1.43457e-07
807.064780281336 11 4.40426e-08
808.170515379957 8 2.12729e-08
809.457196718738 9 1.97837e-07
812.288118367179 2 4.64125e-08
814.574026750433 6 5.8939e-08
814.599202543002 3 3.45364e-07
820.18811808982 2 2.95334e-07
820.374026370528 6 2.68573e-06
820.399202293028 3 2.59366e-06
825.838118294359 2 1.98246e-08
826.174026829199 6 4.74828e-08
826.199202618167 3 9.03638e-08
831.488118089305 2 4.07076e-07
831.974026487548 6 3.95905e-07
831.999202442964 3 3.69397e-07
837.138118042219 2 2.68386e-07
837.774026440649 6 4.11323e-07
837.799202286363 3 2.97866e-06
842.938118226262 2 1.15949e-07
843.574026575273 6 1.82593e-07
843.599202363147 3 2.58464e-07
850.174026757812 6 4.58987e-08
850.199202627527 3 3.1196e-08
854.338118162689 2 2.50493e-07
855.974026929986 6 3.21755e-08
855.999202835894 3 2.05049e-08
860.1381183067 2 1.45575e-07
861.774026749395 6 4.79883e-08
861.799202537448 3 2.11877e-07
869.974026476873 6 6.44689e-07
869.999202420828 3 2.3341e-07
870.588118286568 2 1.03368e-07
875.774026663113 6 3.89755e-08
875.799202452077 3 1.15065e-07
876.388118259285 2 6.26137e-08
882.188118215696 2 1.28866e-07
882.374026698271 6 9.00215e-08
883.19920271565 3 2.81867e-08
892.174026615706 6 2.17169e-07
892.199202447482 3 2.60616e-07
892.788118161524 2 1.29506e-07
897.974026349597 6 4.00554e-06
897.999202329994 3 6.69156e-07
898.588118268655 2 1.27836e-07
903.774027009594 6 1.09289e-08
903.799202880358 3 1.00976e-08
906.488118259141 2 1.29629e-07
911.974026758436 6 2.82685e-08
911.999202575856 3 1.20783e-07
917.73811805814 2 6.69052e-07
917.774026411992 6 1.27493e-06
917.799202396221 3 5.12176e-07
923.574026638626 6 7.11267e-08
923.599202473864 3 2.45183e-07
924.338118134947 2 3.33848e-07
929.374026740286 6 6.07741e-08
929.399202717529 3 5.46808e-08
929.988118605674 2 2.17706e-08
935.174026968569 6 2.38764e-08
935.638118481228 2 6.50591e-08
936.857196665504 9 1.42027e-07
942.65719647987 9 1.28905e-06
947.160783565375 7 8.84914e-08
949.757196711462 9 8.72216e-08
954.39920251754 3 2.83874e-07
954.424026658171 6 1.30486e-07
954.438118093332 2 6.73239e-07
960.199202555331 3 1.89826e-07
960.224026739006 6 2.73458e-08
960.238118346315 2 9.14896e-08
965.999202919997 3 5.14793e-08
971.624026557868 6 3.3035e-08
971.649202352899 3 3.41966e-07
972.288118081857 2 2.38341e-07
978.088118143077 2 2.00276e-07
978.224026478363 6 2.11498e-07
978.249202461181 3 1.70447e-07
984.024026699245 6 8.93448e-08
984.688118480708 2 4.36516e-08
984.849202703907 3 4.86756e-08
992.074026519235 6 5.56287e-07
992.088118090157 2 1.83556e-07
992.099202310171 3 1.14655e-06
997.87402645581 6 1.20324e-06
997.888117918709 2 1.22921e-06
997.899202391774 3 4.62145e-07
1003.674026576269 6 1.28939e-07
1003.688118256068 2 1.36049e-07
1003.699202398394 3 6.49487e-08
1009.474026890378 6 8.61863e-08
1009.488118573401 2 8.11417e-08
1009.499202858955 3 2.99692e-08
1015.274026479367 6 1.47093e-06
1015.288117938394 2 1.11581e-06
1015.299202420137 3 2.75636e-07
1023.499202632776 3 1.17439e-07
1024.274026828769 6 2.15441e-08
1024.938118195784 2 5.4583e-08
1029.649202679945 3 6.0074e-08
1029.924026737978 6 3.96208e-08
1030.588118515033 2 2.87084e-08
1035.299202399073 3 3.50404e-07
1035.574026578727 6 1.10727e-07
1036.238118062157 2 4.35942e-07
1043.338118526789 2 2.87978e-08
1043.349202730188 3 1.28549e-08
1045.724026796946 6 5.40741e-08
1049.138118388123 2 5.63905e-08
1049.149202570361 3 1.31023e-07
1051.374026513064 6 1.7992e-07
1055.749202702783 3 5.01195e-08
1057.174026570989 6 4.96448e-08
1057.838118186608 2 1.58242e-07
1061.549202398963 3 1.39322e-07
1062.82402674831 6 1.49364e-07
1066.538118251252 2 1.67808e-07
1067.349202672082 3 7.50905e-08
1070.424026624213 6 3.572e-07
1072.188118147662 2 3.08845e-07
1072.999202494995 3 1.80667e-07
1077.674026595438 6 1.42671e-07
1078.488118182013 2 2.78028e-07
1078.649202366375 3 8.88673e-07
1083.324026632264 6 8.88165e-08
1084.138118521011 2 7.34164e-08
1084.299202635481 3 4.15341e-08
1089.624026507228 6 2.98749e-08
1089.788118115159 2 1.03638e-07
1089.949202218535 3 6.74432e-06
1095.274026710744 6 5.2915e-08
1095.438118324551 2 1.039e-07
1095.599202593004 3 2.06386e-07
1101.249202728859 3 6.34565e-08
1103.32402659796 6 1.29505e-07
1104.138118170428 2 1.78905e-07
1108.84920245369 3 2.47724e-07
1108.974026582394 6 2.75767e-07
1109.788118273043 2 1.39783e-07
1112.857196823805 9 3.32612e-08
1115.26477984762 11 5.30767e-07
1117.705065795671 5 2.37392e-08
1118.445710097821 10 1.89169e-07
1121.064780367801 11 1.51737e-08
1121.870515196873 8 1.88252e-08
1123.505065756612 5 1.06627e-07
1124.095710115464 10 2.8821e-08
1129.155065608306 5 1.37637e-07
1130.720515008262 8 6.33765e-08
1131.514780139298 11 8.65343e-08
1132.145710105281 10 1.32783e-07
1135.60506588721 5 2.3424e-08
1137.820514785691 8 1.90435e-07
1140.195710114257 10 1.12398e-07
1141.255065555891 5 3.96357e-07
1143.470514911733 8 5.92887e-08
1144.214779897415 11 1.74619e-07
1149.038784351804 4 5.51667e-08
1156.288784075232 4 7.64888e-08
1158.645710497888 10 3.8008e-08
1159.614780113472 11 1.32295e-07
1165.264779886733 11 2.79402e-07
1170.914779867722 11 1.32941e-07
1178.014779963433 11 1.8239e-07
1180.320514990546 8 4.76462e-08
1183.664779951158 11 2.3695e-07
1189.057196733138 9 1.577e-07
1196.457196812228 9 1.10287e-08
1197.860783455477 7 1.29859e-07
1202.10719666013 9 4.45713e-08
1203.660783699591 7 7.86336e-08
1207.757196787348 9 7.65973e-08
1209.31078337134 7 8.53391e-07
1214.960783537263 7 1.72718e-07
1220.610783326212 7 3.14447e-07
1223.657196888555 9 5.35552e-08
1230.757196575748 9 2.3589e-07
1235.560783596741 7 6.73501e-08
1236.407197089119 9 4.88291e-08
1241.210783618823 7 4.1341e-08
1246.860783755462 7 7.36753e-08
1257.960783586789 7 1.0014e-07
1263.610783548553 7 1.12729e-07
1269.260783321281 7 1.24363e-06
1274.057196709903 9 9.91754e-08
1274.910783611099 7 1.31711e-07
1280.560783408128 7 7.2859e-07
1286.210783474899 7 2.93719e-07
1288.357196879359 9 6.33376e-08
1291.860783710381 7 1.34398e-07
1294.007196742751 9 1.32658e-07
1295.564779848161 11 1.59005e-07
1303.464780268495 11 2.39722e-08
1309.91477969143 11 1.89933e-06
1315.564780032024 11 2.30396e-07
1317.907196518686 9 3.65675e-07
1320.260783603075 7 1.29014e-07
1323.557196656194 9 1.08604e-07
1334.710783429243 7 2.71605e-07
1340.360783578614 7 1.802e-07
1341.057196627329 9 1.11029e-07
1345.864780214105 11 4.8367e-08
1346.707197140706 9 4.37363e-08
1348.220514934359 8 3.40118e-08
1349.745710254286 10 6.93049e-08
1349.805065610935 5 7.03328e-08
1354.020514636539 8 1.65112e-07
1355.605065390759 5 4.90191e-07
1360.345710086359 10 1.14431e-07
1361.255065825257 5 1.82603e-08
1361.914780023171 11 2.0726e-07
1362.72051502057 8 2.74625e-08
1366.905065712987 5 1.21504e-07
1367.564780364177 11 6.89855e-08
1368.395710265635 10 8.93641e-08
1369.970514701988 8 7.75292e-09
1372.705065461931 5 4.39738e-07
1378.505065593221 5 1.76827e-07
1378.995710253709 10 9.58159e-08
1380.570514908909 8 2.57102e-08
1381.364779937421 11 1.03185e-07
1387.014779825584 11 5.16243e-07
1388.320514980883 8 3.86651e-08
1389.105065442574 5 3.9158e-07
1392.66478002621 11 1.54884e-07
1397.038118675308 2 2.5873e-08
1397.157196950661 9 3.90108e-08
1403.638118554581 2 3.75322e-08
1404.257196720271 9 9.57246e-08
1406.660783790813 7 1.0413e-08
1409.90719702917 9 3.46982e-08
1410.46477995287 11 1.32164e-07
1417.864780088742 11 1.10872e-08
1419.557196547502 9 5.30056e-07
1421.910783676483 7 9.51783e-08
1427.560783879434 7 3.96443e-08
1433.210783372003 7 6.4588e-07
1435.607196812369 9 4.01475e-08
1439.538118460188 2 1.95717e-08
1441.020514985973 8 1.72763e-08
1444.307196756891 9 6.80165e-08
1448.31477997347 11 1.2835e-07
1454.114780292203 11 1.38038e-08
1459.764779647056 11 4.65423e-05
1461.957196817195 9 1.10764e-07
1465.910783646802 7 1.22749e-07
1471.710783897241 7 2.44629e-08
1471.757196599642 9 2.34601e-07
1475.588118034152 2 9.53755e-07
1476.224026537328 6 3.6608e-07
1476.249202343179 3 3.41753e-07
1481.388118516289 2 6.91871e-09
1482.024027101995 6 1.46066e-08
1482.049202915258 3 9.3467e-09
1487.188117980123 2 1.07783e-06
1487.824026479481 6 7.74971e-07
1487.849202284243 3 1.68151e-06
1492.988117993737 2 5.94603e-07
1493.62402652399 6 4.01329e-07
1493.649202336088 3 7.44855e-07
1498.788117970229 2 1.04971e-06
1499.424026564282 6 3.16395e-07
1499.449202545956 3 1.34035e-07
1504.757196977299 9 3.57963e-08
1506.188118251403 2 1.48588e-07
1506.824027013025 6 4.77828e-08
1510.84920285269 3 3.0726e-08
1512.50719668213 9 1.40573e-07
1518.307196938754 9 2.32222e-08
1518.810783652037 7 6.77969e-08
1524.610783377084 7 6.85739e-07
1530.260783918003 7 3.84186e-08
1535.910849329248 7 1.42925e-06
1541.56078359908 7 9.29611e-08
1542.207196799598 9 5.70042e-08
1550.257196578088 9 1.41101e-07
1555.060783523345 7 1.64032e-07
1560.860783652905 7 4.40015e-08
1564.707196960003 9 4.32948e-08
1566.51078352075 7 8.23671e-08
1571.807196636138 9 1.17983e-07
1572.160784003508 7 3.4794e-08
1577.45719681549 9 2.90224e-08
1577.960783780243 7 1.73714e-08
1583.107196775346 9 9.24286e-08
1583.760783815898 7 5.11029e-08
1589.410783386873 7 5.59463e-07
1598.207196608529 9 3.24202e-07
1598.260783901023 7 3.50657e-08
1604.007196917016 9 9.15965e-08
1609.510783615436 7 4.97787e-08
1615.160783642536 7 1.14518e-07
1619.907197012512 9 3.44101e-08
1620.810783588445 7 1.48075e-07
1625.557196842628 9 1.12374e-07
1628.710784062283 7 1.86009e-08
1631.207196765736 9 3.05505e-08
1634.36078362546 7 1.19314e-07
1636.857196931722 9 5.4758e-08
1640.010783624112 7 1.02702e-07
1645.407196667611 9 1.1518e-07
1648.464780202931 11 4.68613e-08
1654.264780413259 11 5.24902e-08
1655.207196596625 9 3.65778e-07
1659.110783489986 7 2.35582e-07
1665.560783449596 7 2.94634e-07
1671.210783815885 7 4.37927e-08
1676.707196943703 9 1.83928e-08
1676.860783609588 7 7.63461e-08
1683.960783428617 7 5.79754e-07
1689.557196476922 9 5.73378e-07
1695.088784355615 4 1.61518e-08
1706.257196913525 9 2.00325e-08
1711.060783568787 7 1.15803e-07
1712.707197006355 9 6.86004e-09
1716.710783422255 7 2.19612e-07
1725.557196548414 9 5.15277e-07
1728.714779699383 11 4.73835e-06
1735.857196774516 9 3.51532e-08
1739.810783612861 7 1.72422e-07
1745.460784000041 7 4.3471e-08
1748.707196893772 9 5.76143e-08
1755.910783518523 7 4.37901e-08
1759.007197004581 9 5.39666e-08
1761.560783619735 7 1.07327e-07
1764.6571967656 9 8.45933e-08
1766.214779998433 11 2.67791e-07
1770.30719680469 9 3.49408e-08
1773.460783524501 7 1.16168e-07
1775.957196777488 9 2.52456e-08
1783.110783419579 7 7.61129e-07
1788.760783500088 7 9.00554e-08
1794.410783371871 7 1.06626e-06
1800.060783676682 7 4.83488e-08
1802.257262789454 9 4.16284e-07
1805.710783751251 7 6.38751e-08
1814.260783766422 7 4.83663e-08
1818.307196714121 9 4.24722e-08
1820.710783690629 7 3.5744e-08
1826.360783491977 7 2.26984e-07
1829.557196592676 9 3.80803e-07
1835.060783614254 7 1.38702e-07
1840.657196935114 9 7.26828e-08
1847.910783657824 7 1.06024e-07
1856.760783572473 7 4.88867e-08
1862.410783526743 7 1.18623e-07
1863.907196603452 9 1.7785e-07
1869.557221864649 9 5.26978e-07
1873.51078369904 7 7.05324e-08
1876.657196684292 9 9.20916e-08
1882.30719698459 9 7.05359e-08
1885.464779816106 11 8.9881e-07
1891.114779785796 11 6.8616e-07
1891.620515029348 8 2.30881e-08
1895.007196788965 9 1.02624e-07
1896.624026830962 6 1.136e-07
1897.438117977017 2 1.18369e-06
1897.449535495531 3 2.69669e-07
1903.249202724767 3 6.5092e-08
1905.474026509061 6 4.59556e-07
1905.488118164925 2 1.12826e-07
1908.899202513879 3 3.3087e-07
1911.27402648939 6 3.70255e-07
1911.288118033633 2 2.50811e-07
1914.549202388251 3 3.43374e-07
1917.074026438379 6 9.04836e-07
1917.088118021675 2 5.71391e-07
1920.199202808654 3 7.18064e-08
1922.874026669867 6 1.02922e-07
1922.888118379174 2 9.42744e-08
1925.849202565205 3 1.14931e-07
1928.67402685539 6 1.21421e-08
1928.688118235649 2 1.08233e-07
1931.85719669737 9 1.80566e-07
1935.814779845071 11 3.58962e-07
1938.457196802933 9 5.16127e-08
1942.414779919291 11 4.64485e-07
1943.820514762185 8 3.47683e-08
1948.06478019516 11 8.62662e-08
1949.620515085034 8 4.36171e-08
1951.745709954366 10 2.69506e-07
1953.864779994739 11 1.44308e-07
1955.305065572205 5 1.51024e-07
1958.470514786598 8 1.49206e-07
1959.514779755275 11 1.13389e-06
1962.345710169778 10 4.29787e-08
1965.314779956223 11 3.38068e-07
1970.488784207405 4 8.39313e-08
1975.914779696469 11 5.83196e-06
1978.538784365301 4 1.56696e-08
1981.714779950179 11 1.1277e-07
1983.307196775689 9 1.00899e-07
1994.488118315475 2 1.27828e-07
1996.957196993098 9 2.85313e-08
1998.449202516784 3 1.17187e-07
1998.474026712302 6 6.53478e-08
2001.738118239562 2 1.49839e-07
2004.249202366816 3 2.98818e-07
2004.274181942993 6 5.48564e-07
2007.388118322839 2 4.98106e-08
2009.720514819735 8 5.73872e-08
2013.188118241354 2 7.26154e-08
2013.274026834712 6 3.41141e-08
2014.049202728927 3 1.75777e-08
2019.407196751966 9 4.35853e-08
2022.988118607879 2 1.84605e-08
2025.057197029613 9 1.98136e-08
2025.764780121519 11 1.37984e-07
2031.507196677949 9 6.36684e-08
2031.564780416711 11 3.9537e-08
2034.310783793239 7 8.51977e-09
2037.307196757385 9 8.21324e-08
2040.1107836077 7 1.21146e-07
2043.107196819334 9 6.18748e-08
2046.238118321347 2 3.47295e-08
2047.074027097719 6 1.70744e-08
2048.907196771691 9 8.60339e-08
2051.614779935419 11 3.4132e-07
2057.264779888322 11 2.45306e-07
2062.570514929811 8 8.40881e-08
2062.914780088557 11 1.10819e-07
2064.955065939425 5 3.73181e-08
2068.714780116261 11 6.63104e-08
2070.707196967061 9 4.50576e-08
2076.35719677317 9 1.34306e-07
2076.860783662924 7 1.23552e-07
2082.007196686363 9 2.09997e-07
2083.310783615409 7 1.71967e-07
2087.657196649806 9 2.24691e-07
2092.388784126308 4 1.2764e-07
2101.238784408406 4 3.64859e-08
2106.888784168466 4 9.56579e-08
2109.807196688639 9 1.03746e-07
2115.607197220684 9 2.1963e-08
2116.010784019391 7 8.18922e-09
2121.257196567054 9 7.50182e-07
2126.907196584563 9 7.38899e-08
2130.46078368482 7 3.16327e-08
2132.707197002236 9 2.82264e-08
2138.507197049863 9 1.82195e-08
2138.510783378839 7 4.989e-07
2144.310783501989 7 2.96344e-07
2147.507196581366 9 9.98532e-08
2150.438118378887 2 5.54308e-08
2152.049202782541 3 5.12536e-08
2152.074026949637 6 3.04959e-08
2157.838118287334 2 1.79834e-07
2157.849202454195 3 1.21417e-07
2157.874026658613 6 1.03117e-07
2164.449202296725 3 8.88414e-07
2164.474026437433 6 6.83994e-07
2165.238117860019 2 0.000359991
2172.649202516044 3 1.13061e-07
2172.674026654334 6 1.25459e-07
2173.288118282001 2 8.69756e-08
2178.449202711134 3 7.36116e-08
2178.47402676823 6 4.78767e-08
2184.249202761271 3 1.0429e-07
2184.274026911501 6 2.38235e-08
2186.138118087492 2 5.00212e-07
2190.84920257826 3 1.2366e-07
2191.674026735859 6 5.33182e-08
2192.438118255054 2 7.24616e-08
2196.499202482775 3 1.75297e-07
2197.324026826746 6 8.10394e-08
2200.488118088376 2 1.08948e-07
2202.149202717568 3 3.07824e-08
2203.557196737965 9 1.14521e-07
2207.664780349951 11 3.51379e-08
2208.438784285923 4 2.86216e-08
2213.465125623062 11 6.8155e-07
2216.557197034662 9 1.65281e-08
2219.114779672533 11 9.69403e-06
2221.170515109458 8 7.06344e-09
2221.955065680377 5 5.91434e-08
2222.745710347218 10 2.63371e-08
2227.164780083912 11 6.28763e-08
2227.755065968199 5 2.05657e-08
2227.770514867712 8 1.23576e-07
2230.945710245335 10 2.099e-08
2233.555065658142 5 1.16463e-07
2238.345710129867 10 5.32211e-08
2239.205065472598 5 2.90489e-07
2242.220514734924 8 6.21476e-08
2244.855065483292 5 3.66757e-07
2245.445710135959 10 1.06907e-07
2247.870514878681 8 6.7935e-08
2248.664780324761 11 2.89356e-08
2250.505065593579 5 1.01988e-07
2254.97051517253 8 2.93877e-08
2256.305065810279 5 6.89458e-08
2256.395709972969 10 1.98025e-07
2260.620514933431 8 3.75941e-08
2262.105065817225 5 5.23244e-08
2262.99571013599 10 2.50403e-07
2267.070514963406 8 1.2337e-08
2267.905065680555 5 8.01372e-08
2270.24571025172 10 6.60214e-08
2272.56478012635 11 1.28345e-08
2272.720514777004 8 1.86731e-07
2274.205065756547 5 2.19141e-08
2278.37051464913 8 7.73267e-07
2280.005065809368 5 7.50984e-08
2280.764780376908 11 4.70401e-08
2283.895709969398 10 3.16595e-07
2285.655065553919 5 1.94957e-07
2287.070515301413 8 6.84767e-09
2290.264779919158 11 1.37211e-07
2291.30506567877 5 4.308e-08
2291.795710226579 10 1.03503e-07
2297.105065400025 5 5.73453e-07
2302.170514909372 8 8.83491e-08
2302.905065509495 5 2.55507e-07
2304.64571035092 10 5.30491e-08
2306.164780330778 11 7.03708e-08
2307.820515124436 8 1.0754e-08
2311.964780284742 11 1.99308e-08
2312.638784235519 4 4.35302e-08
2317.614780101622 11 8.27052e-08
2323.088784295453 4 7.87386e-08
2328.888783754722 4 8.50432e-07
2333.4071967744 9 5.9866e-08
2336.864780120699 11 1.63347e-07
2339.988784059946 4 1.33876e-07
2342.51478003217 11 1.43752e-07
2346.420515127686 8 3.06061e-08
2347.895709937518 10 1.40087e-07
2350.355065654806 5 7.43891e-08
2350.714780364141 11 3.72741e-08
2353.545710436776 10 5.08595e-08
2355.770514718289 8 1.94025e-07
2356.00506585898 5 1.50227e-08
2357.314780122388 11 6.2842e-08
2359.195709992463 10 2.40216e-07
2361.655065385191 5 8.7839e-07
2364.84571022703 10 4.31796e-08
2367.455065604448 5 3.04812e-07
2368.714780369017 11 7.95812e-09
2371.79570994475 10 3.05659e-07
2373.255065634615 5 2.46435e-07
2376.620514799772 8 1.09415e-07
2378.214779903749 11 4.62719e-07
2379.055065747592 5 2.5497e-08
2382.245710225118 10 6.21391e-08
2384.705065460431 5 1.5901e-07
2388.670514920038 8 5.2611e-08
2390.264779957611 11 3.00646e-08
2391.955065530377 5 1.56963e-07
2392.695710302096 10 4.79065e-08
2394.32051488034 8 7.06122e-08
2397.605065536383 5 3.03056e-07
2399.145710198044 10 1.73069e-08
2403.114779938153 11 3.8258e-07
2407.788784082393 4 1.32681e-07
2413.588784527222 4 1.61947e-08
2414.545710328721 10 4.43892e-08
2416.114779910628 11 2.21135e-07
2420.038783939787 4 8.98551e-08
2426.414780167477 11 5.58075e-08
2428.888784310676 4 2.90452e-08
2434.464780116404 11 1.10904e-07
2436.938784280063 4 3.13657e-08
2438.907196800902 9 5.80889e-08
2442.138118246176 2 8.60177e-08
2442.824026730123 6 2.57527e-08
2442.999202524777 3 1.81494e-07
2448.62402675633 6 3.68347e-08
2448.738118517657 2 1.87899e-08
2448.799202713034 3 9.15848e-08
2455.399202624311 3 8.86424e-08
2456.024026692915 6 4.07133e-08
2456.138118158089 2 1.06836e-07
2461.049202326419 3 6.91491e-07
2461.788117917639 2 1.75091e-06
2461.824026512689 6 6.86195e-07
2466.69920245809 3 1.26383e-07
2467.588118297424 2 6.25265e-08
2467.62402692726 6 4.54825e-08
2471.170514824268 8 1.48466e-07
2476.970514606966 8 5.80989e-07
2482.620514594706 8 5.24812e-07
2488.270515000753 8 1.77933e-08
2490.507196853792 9 4.59186e-08
2492.11477979475 11 5.87236e-07
2496.838784052922 4 1.14065e-07
2500.15719664746 9 1.50317e-07
2502.460783543182 7 1.09384e-07
2508.110783688514 7 9.04349e-08
2513.657196697417 9 1.12056e-07
2513.760783762996 7 4.29692e-08
2519.410783433446 7 1.86744e-07
2519.457197011481 9 5.24309e-08
2525.257196603437 9 1.00734e-07
2527.160783645471 7 6.56803e-08
2532.810783862903 7 1.06431e-07
2534.98811867485 2 4.64917e-08
2539.260783677594 7 1.99022e-08
2544.910783561538 7 1.03982e-07
2551.21078348567 7 1.3944e-07
2558.460783413872 7 2.48195e-08
2564.910783833225 7 3.07514e-08
2570.560783620779 7 1.1588e-07
2573.457196955704 9 4.42078e-08
2579.910783711624 7 4.81192e-08
2580.85719679303 9 6.15003e-08
2585.710783725844 7 6.83746e-08
2586.507196544501 9 3.90626e-07
2592.157196780217 9 5.47853e-08
2597.807197239866 9 1.47272e-08
2601.460783650262 7 6.81934e-08
2608.107196735116 9 8.93321e-08
2613.510783530441 7 3.66577e-07
2616.807196660817 9 1.19896e-07
2621.614780200286 11 6.49523e-08
2626.457196920457 9 4.09031e-08
2627.26478030142 11 8.33279e-08
2631.220515057873 8 2.35803e-08
2634.388118240202 2 1.99255e-07
2635.024026843109 6 5.38046e-08
2635.099202755629 3 6.07094e-08
2638.470514844936 8 1.55485e-07
2644.270514734969 8 1.95697e-07
2646.588118434972 2 8.52376e-08
2648.107196543182 9 5.56057e-07
2650.560783624185 7 8.79404e-08
2656.210783534441 7 6.81318e-08
2661.860783490749 7 6.28124e-08
2667.510783806109 7 2.25412e-08
2673.160783499208 7 1.82864e-07
2679.357196693396 9 1.02476e-07
2681.710783525527 7 2.29715e-07
2687.360783377451 7 4.07492e-07
2691.40719667175 9 2.2177e-08
2694.514780157935 11 2.52106e-08
2697.057196861667 9 4.15433e-08
2706.538784176883 4 6.31126e-08
2713.757196693982 9 8.51283e-08
2717.764780113623 11 1.16365e-07
2722.570515072376 8 1.50482e-08
2723.414780282421 11 5.38808e-08
2724.045709955187 10 4.02883e-07
2724.055065842255 5 2.84278e-08
2728.220514932559 8 9.54429e-08
2729.064780277175 11 2.67174e-08
2729.855065533914 5 2.15611e-07
2732.895709956092 10 4.44438e-07
2737.755065419074 5 4.71419e-07
2739.345710281782 10 3.77558e-08
2741.720515175359 8 4.8313e-09
2743.405065594916 5 1.51406e-07
2744.964780435438 11 1.80027e-08
2747.3705148305 8 1.07513e-07
2749.055065750542 5 5.97382e-08
2749.645709984448 10 2.26314e-07
2755.445710189573 10 9.42433e-08
2756.155065717216 5 1.26735e-07
2758.470515272181 8 2.86205e-08
2761.095710296329 10 4.31182e-08
2761.805065504565 5 3.2727e-07
2766.520514968692 8 8.0023e-08
2767.455065335531 5 8.94823e-07
2770.445710094548 10 5.86934e-08
2772.970514844567 8 2.54616e-08
2773.105065934893 5 1.78717e-08
2773.664779909874 11 2.39366e-07
2776.895710359967 10 1.76603e-08
2778.755065334483 5 7.1819e-07
2784.405065461179 5 6.99834e-08
2787.495710072025 10 1.72524e-07
2790.055065408865 5 5.36867e-07
2791.420514875241 8 1.22794e-07
2792.26478000715 11 5.881e-08
2795.705065492821 5 1.19599e-07
2796.995710316304 10 7.26352e-08
2801.505065357704 5 9.06767e-07
2807.305065701979 5 7.73315e-08
2807.320514878867 8 5.86213e-08
2808.164780042592 11 1.0859e-07
2812.095709847415 10 1.04716e-06
2813.755065595466 5 7.61643e-08
2817.895710445013 10 4.3471e-08
2819.520514984963 8 4.01642e-08
2819.555065823762 5 5.61573e-08
2820.36477996871 11 1.45524e-07
2823.545710424314 10 2.27183e-08
2825.320515000667 8 2.75718e-08
2825.355065462442 5 1.68884e-07
2831.155065577768 5 2.31924e-07
2831.920514632832 8 3.53701e-07
2836.955065592536 5 3.51872e-08
2837.720514978111 8 2.4868e-08
2840.095709900521 10 4.01713e-07
2842.60506552865 5 1.15724e-07
2844.170514901689 8 4.17815e-08
2844.914779742357 11 1.71284e-06
2850.714779784422 11 5.15949e-07
2856.36478007846 11 1.27647e-07
2856.945710418635 10 5.19378e-08
2862.014780046768 11 2.0304e-07
2864.99571043907 10 5.95474e-08
2868.164780305159 11 1.35304e-08
2873.814780198982 11 4.10958e-08
2877.657196738609 9 1.27409e-07
2880.860783557176 7 1.21749e-07
2886.510783337993 7 5.34953e-07
2890.507197037765 9 3.50656e-08
2892.788784335095 4 1.2226e-08
2896.15719656871 9 2.02119e-07
2899.314779919031 11 2.03273e-07
2904.188783926679 4 4.57398e-07
2909.838783993361 4 2.69578e-07
2915.488783771221 4 1.42821e-06
2918.564780019295 11 1.41185e-07
2920.207196772208 9 7.34289e-08
2923.288118290142 2 2.50169e-07
2924.024026703426 6 1.10447e-07
2924.899202817072 3 5.54446e-08
2926.657196712377 9 1.12332e-07
2932.288118341193 2 1.20987e-07
2933.670514822936 8 1.63413e-07
2937.024027052287 6 3.80465e-08
2939.470514953372 8 6.62534e-08
2942.707197067824 9 2.44313e-08
2943.49920257128 3 1.05404e-07
2943.538118046394 2 3.91599e-07
2943.624026629187 6 8.88421e-08
2949.29920271573 3 2.38806e-08
2949.338118234149 2 1.27483e-07
2949.424026884701 6 9.53359e-08
2952.214779907184 11 1.49077e-07
2953.807196701328 9 7.50275e-08
2961.610783590466 7 1.43407e-07
2961.857196837481 9 4.3916e-08
2967.410783434468 7 2.33087e-07
2973.860783642364 7 4.21255e-08
2979.510783442177 7 1.43448e-07
2982.707196712664 9 9.96174e-08
2985.624026843255 6 9.58177e-08
2986.299202553701 3 1.2391e-07
2986.338118226714 2 1.79959e-08
2993.024026726761 6 5.66033e-08
2993.699202626518 3 7.17304e-08
2995.338118161042 2 2.24203e-07
2999.499202376176 3 2.79123e-07
2999.624026481942 6 4.05298e-07
3001.138118259373 2 5.34016e-08
3005.274026776922 6 1.73023e-08
3005.299202615504 3 1.33822e-07
3011.074026806418 6 9.7707e-08
3011.099202713638 3 6.32223e-08
3014.788118183404 2 4.45678e-08
3016.874026450291 6 5.37854e-07
3016.899202389228 3 4.54789e-07
3020.438118361933 2 1.22079e-08
3022.699202546526 3 1.66638e-07
3023.474026390581 6 1.33267e-06
3027.538118258486 2 8.2057e-08
3028.349202610766 3 1.24537e-07
3029.124026576186 6 8.74254e-08
3035.574026689065 6 1.26677e-07
3036.388118224961 2 1.86249e-07
3036.399202637639 3 8.59993e-08
3042.824026889189 6 1.7667e-08
3042.988118570963 2 3.00924e-08
3042.99920272597 3 5.94504e-09
3048.357197005242 9 3.34057e-08
3049.588118406237 2 5.90136e-08
3050.570515017321 8 1.31925e-08
3054.724027029685 6 2.47455e-08
3057.170514849543 8 6.24606e-08
3060.25719675479 9 7.76554e-08
3061.86478001271 11 1.35823e-07
3067.664779976581 11 2.07286e-07
3070.02051484743 8 1.0125e-07
3071.305065493611 5 1.01809e-07
3072.095710258692 10 2.03474e-08
3077.105065711534 5 9.91226e-08
3077.895710255186 10 7.54129e-08
3082.905065332329 5 4.42086e-06
3087.020515074467 8 3.98417e-08
3088.495710218741 10 7.12823e-08
3089.355065575908 5 2.08951e-07
3094.120514861664 8 1.64673e-07
3095.005065552783 5 2.37762e-07
3095.745710094627 10 2.69536e-07
3100.655065629317 5 1.26703e-07
3101.395710357363 10 8.39135e-08
3106.914780440057 11 2.12539e-08
3106.955065472077 5 1.57592e-07
3106.97051502153 8 2.2439e-08
3112.755065489513 5 9.33329e-08
3114.095710079672 10 1.33808e-07
3115.114780069327 11 7.95318e-08
3116.620514771169 8 2.02731e-07
3118.405065351696 5 1.50383e-06
3120.545710371363 10 2.27738e-08
3123.870514619916 8 2.58689e-07
3124.205065947744 5 2.31036e-08
3125.414779835345 11 3.4014e-07
3129.257196943129 9 5.18665e-08
3131.064779748511 11 7.06177e-07
3136.714780134374 11 1.04782e-07
3138.138784060313 4 7.84561e-08
3143.788783908843 4 3.00189e-07
3149.438783927589 4 3.73862e-07
3152.614780414001 11 1.73124e-08
3158.264779852615 11 3.23433e-07
3162.107196573351 9 5.03546e-07
3164.410783644507 7 1.15535e-07
3170.210783437037 7 2.74776e-07
3172.557196951118 9 4.16088e-08
3175.86078367807 7 4.34592e-08
3181.510783466736 7 1.99958e-07
3187.160783228695 7 1.63046e-05
3190.207196473647 9 2.91692e-07
3193.364779834505 11 4.17119e-07
3199.014779951036 11 2.06101e-07
3203.707196730229 9 8.06197e-08
3206.760783801408 7 7.25197e-08
3209.507196845949 9 3.81747e-08
3215.064779828924 11 4.70117e-07
3216.570514795918 8 1.43129e-07
3217.405065708025 5 2.21484e-08
3222.220514777357 8 9.66085e-08
3223.764779652075 11 6.66741e-05
3227.788784038677 4 6.02294e-08
3230.364779889107 11 3.23828e-07
3236.638784077307 4 3.12779e-08
3240.607196789956 9 9.75485e-08
3242.264780006558 11 4.55776e-08
3244.688783867529 4 7.63509e-08
3250.314779993842 11 1.57405e-07
3254.257196793008 9 5.50377e-08
3255.964779846092 11 5.39078e-07
3261.614780323319 11 7.54713e-08
3262.307196745805 9 1.06401e-07
3266.6887843122 4 7.48734e-08
3268.064779942867 11 9.76031e-08
3272.595710438779 10 3.49698e-08
3273.864779952927 11 1.29729e-07
3276.457196863016 9 9.76635e-08
3279.664780114539 11 7.11383e-08
3285.464779705551 11 3.03063e-06
3291.114779874563 11 2.26815e-07
3296.764780276558 11 4.55861e-08
3297.457196599628 9 2.25681e-07
3302.788118705177 2 1.02621e-08
3303.864780059439 11 1.70315e-07
3305.507196576525 9 9.27306e-08
3309.514779960601 11 2.03611e-07
3315.314779880419 11 2.58276e-07
3317.47051499167 8 3.85985e-08
3321.114780465178 11 4.16354e-08
3321.407196546762 9 3.55562e-07
3325.060783372528 7 3.49749e-07
3330.86078344433 7 3.61212e-07
3335.857196802975 9 4.29619e-08
3336.660783973067 7 1.04516e-08
3340.514780111286 11 7.98328e-08
3344.645710385263 10 4.42899e-08
3346.988783886532 4 1.42867e-07
3352.714780078404 11 5.62563e-08
3359.16478009942 11 5.43915e-08
3364.814780158018 11 7.4667e-08
3367.18878435077 4 1.02273e-08
3370.614779677778 11 4.45085e-06
3380.414780060458 11 1.46232e-07
3387.014779817721 11 4.58401e-07
3390.307196679052 9 8.6778e-08
3394.010783417913 7 3.30289e-07
3399.660783798128 7 6.09603e-08
3409.557196548272 9 3.32705e-07
3413.160783548658 7 8.37732e-08
3417.607196970526 9 3.88613e-08
3422.010783768289 7 6.29117e-08
3425.807196915755 9 2.48856e-08
3427.810783499497 7 1.5156e-07
3432.407196823412 9 8.65773e-08
3433.610783445049 7 2.89736e-07
3439.41078380047 7 3.87952e-08
3445.210783467514 7 4.25921e-07
3451.010783569262 7 2.11306e-07
3453.407196878695 9 7.00135e-08
3460.360783487791 7 1.17732e-07
3466.16078366207 7 1.48927e-07
3471.960783626667 7 2.52333e-08
3478.410783685651 7 7.95561e-08
3484.210783657664 7 4.41469e-08
3490.010783934377 7 2.36206e-08
3498.860783521315 7 2.50898e-07
3504.660783335478 7 9.39134e-07
3511.207196739902 9 1.35e-07
3514.810783604431 7 1.36207e-07
3518.607196509787 9 6.99926e-07
3524.407196628972 9 3.16945e-07
3526.77402669173 6 2.58318e-08
3526.83811804183 2 1.58549e-07
3527.54920230634 3 9.72474e-07
3532.574026785071 6 6.6408e-08
3532.638118543626 2 4.281e-08
3536.549202519108 3 2.25515e-07
3538.374026692954 6 1.09087e-07
3538.438118348363 2 2.47992e-08
3542.349202588249 3 1.1914e-07
3549.74920248445 3 7.89459e-08
3549.774026559373 6 2.512e-07
3549.838118266699 2 7.33266e-08
3555.549202617758 3 4.98139e-08
3555.574026698178 6 8.3466e-08
3555.638118452609 2 8.0807e-08
3561.34920268197 3 1.49638e-07
3561.374026697385 6 8.87238e-08
3561.438118351364 2 7.07084e-09
3567.17402654999 6 2.92432e-07
3567.23811811131 2 2.30098e-07
3567.949202444706 3 6.28118e-08
3571.007197120918 9 1.77544e-08
3572.974026938512 6 4.1333e-08
3573.038118474956 2 3.39462e-08
3573.520515158966 8 1.95556e-08
3578.774026941485 6 3.75661e-08
3578.838118426519 2 3.76305e-08
3579.970514882243 8 4.05e-08
3583.065113516949 11 5.70606e-08
3587.070514762485 8 1.86122e-07
3590.238118340491 2 1.09376e-07
3591.7740269373 6 3.03803e-08
3592.720514931481 8 6.65264e-08
3597.488118361384 2 7.44262e-08
3599.970514692059 8 1.25081e-07
3605.620514921479 8 7.61661e-08
3611.270515048074 8 1.17507e-08
3619.138118651566 2 8.15949e-09
3619.970514753585 8 1.35477e-07
3620.714780433015 11 1.09921e-08
3624.624026947028 6 5.65124e-08
3624.788118409927 2 9.88429e-08
3625.620514969003 8 4.78081e-08
3631.270514691734 8 3.76502e-07
3635.088118310531 2 5.83058e-08
3636.674026799306 6 2.79402e-08
3637.449202510333 3 2.0248e-07
3644.049202623215 3 7.56232e-08
3644.724026666693 6 1.22216e-07
3646.338118410523 2 6.99635e-08
3654.349202360996 3 1.11059e-07
3654.37402654945 6 2.39979e-07
3654.388118216115 2 2.18999e-07
3660.149202685841 3 5.01782e-08
3660.174026879847 6 4.44496e-08
3660.188118529094 2 2.58632e-08
3665.949202831959 3 3.80757e-08
3665.974368852685 6 6.27187e-08
3665.988118505262 2 4.49745e-08
3671.788118381315 2 4.98972e-08
3672.574027056821 6 3.71145e-08
3673.570514827432 8 4.52943e-08
3677.58811866369 2 2.4366e-08
3678.257196549997 9 1.73283e-07
3679.960783482687 7 1.25727e-07
3685.760783581908 7 1.09727e-07
3687.257197097548 9 3.5518e-08
3691.410783604931 7 1.58559e-07
3697.060783682112 7 1.35375e-07
3702.507196864767 9 5.68725e-08
3703.360783854902 7 3.16242e-08
3708.157196934914 9 2.66267e-08
3709.660783714455 7 5.0729e-08
3712.838118227163 2 1.4334e-07
3713.574026601996 6 1.58092e-07
3713.699202433383 3 1.65771e-07
3719.349202720236 3 4.23348e-08
3720.974026644965 6 5.96592e-08
3721.68811827518 2 7.06607e-08
3724.999202595888 3 2.00889e-07
3726.624026628733 6 1.15256e-07
3727.338118435824 2 3.38826e-08
3730.649202610562 3 3.32139e-08
3732.274026884302 6 2.02118e-08
3736.188118419467 2 1.0143e-07
3736.299202607388 3 1.46416e-07
3737.924026928913 6 7.2648e-08
3741.94920228283 3 1.71498e-06
3741.988118095926 2 3.07816e-07
3743.574026910865 6 8.46508e-08
3747.749202889087 3 1.03571e-07
3749.374026766333 6 4.81936e-08
3750.988118429988 2 1.09704e-07
3753.549202287229 3 1.00613e-06
3755.174026751683 6 5.93451e-08
3761.749202766213 3 1.30774e-08
3761.774026884385 6 7.95335e-08
3764.788118381416 2 6.09757e-08
3767.549202882269 3 2.63641e-08
3769.674026662324 6 1.19407e-07
3770.588118049062 2 4.87946e-07
3773.349202449007 3 2.99597e-07
3775.324026428004 6 8.39411e-07
3776.238118254387 2 9.01766e-08
3779.149202651732 3 8.2205e-08
3781.774026642693 6 1.59207e-07
3781.888118106734 2 2.25064e-07
3784.949202528037 3 1.11142e-07
3789.938118173552 2 9.48539e-08
3789.974026461875 6 4.36802e-07
3790.599202452062 3 1.31102e-07
3795.738118025865 2 3.64231e-07
3795.774026560305 6 2.23648e-07
3796.249202432059 3 2.85793e-07
3803.174026638303 6 1.16154e-07
3803.349202558338 3 2.56276e-07
3803.938118086392 2 3.94416e-07
3808.824026758662 6 6.99726e-08
3808.999202693383 3 3.1954e-08
3809.73811840992 2 8.74209e-08
3815.274451783684 6 7.51488e-08
3815.29920251754 3 1.27036e-07
3815.388118164155 2 3.07474e-07
3821.874026968706 6 6.19772e-08
3823.499202442208 3 3.23837e-07
3823.58811817542 2 3.57779e-07
3827.524026536133 6 1.82499e-07
3829.299202442119 3 1.7374e-07
3829.388118234995 2 5.76409e-08
3834.124026623677 6 2.13059e-07
3835.099202445488 3 2.98596e-07
3835.188118066606 2 4.80747e-07
3839.924026907193 6 1.61075e-08
3841.699202788328 3 4.27799e-08
3844.038118080373 2 1.39815e-07
3846.457196899927 9 4.01729e-08
3848.820515010376 8 1.98674e-08
3856.220514673488 8 3.05071e-07
3860.257196366344 9 6.03448e-05
3861.710783753386 7 5.75693e-08
3867.510783463826 7 3.66136e-07
3874.610783999479 7 2.43691e-08
3880.307196955877 9 2.36567e-08
3883.888784088531 4 8.12029e-08
3890.6071970528 9 3.47865e-08
3900.257196695811 9 1.62017e-07
3905.907196753644 9 3.36395e-08
3909.710783351522 7 1.51052e-06
3911.707196639858 9 8.8148e-08
3915.510783902748 7 1.71382e-08
3920.707196922451 9 3.32138e-08
3921.160783387463 7 3.78816e-07
3926.810783844353 7 1.54527e-08
3927.307196417581 9 3.42295e-06
3931.164780119398 11 1.15642e-07
3938.295709989758 10 3.16884e-08
3940.164780016092 11 1.46721e-07
3945.964780308259 11 6.81782e-08
3946.70719681524 9 7.22061e-08
3949.838118296704 2 1.00619e-07
3951.324026442199 6 4.5539e-07
3951.349202324526 3 9.15162e-07
3957.924026718395 6 1.05286e-07
3958.038118202915 2 1.27979e-07
3958.749202443857 3 5.77037e-07
3966.949202634034 3 1.71299e-07
3967.724026601667 6 2.2352e-07
3968.338118303282 2 9.52161e-08
3972.749202626312 3 1.58853e-07
3973.374026830077 6 3.28688e-08
3973.988118345575 2 5.89318e-08
3976.920515078579 8 5.5485e-08
3978.549202948953 3 2.12317e-08
3979.17402718284 6 1.74161e-08
3982.038118209279 2 1.3927e-07
3985.157197019624 9 2.79844e-08
3985.864779922814 11 1.40212e-07
3988.320514866343 8 6.17883e-08
3989.655065849496 5 2.08698e-08
3990.495710207091 10 3.86381e-08
3991.664779978619 11 1.75077e-07
3993.970514794498 8 1.08597e-07
3996.255066016078 5 4.41504e-08
3997.314779752638 11 4.53841e-07
4000.420514986058 8 1.1512e-08
4002.96477965744 11 1.9024e-05
4008.295710226859 10 4.33186e-08
4009.264779791977 11 5.88825e-07
4014.9147801364 11 8.33684e-08
4015.607196949631 9 4.60766e-08
4021.138784251378 4 1.06711e-07
4024.56478004478 11 1.45825e-07
4026.095710258241 10 8.03138e-08
4030.214780161298 11 8.37909e-08
4033.138118634625 2 6.45556e-08
4034.070514958543 8 1.09286e-08
4037.257196661646 9 8.39461e-08
4042.114779933788 11 2.05415e-07
4042.120514955672 8 3.1831e-08
4046.13878420134 4 6.13624e-08
4048.714779865884 11 8.1455e-07
4050.907196622357 9 1.29439e-07
4053.210783578256 7 1.98115e-07
4056.707196623611 9 1.50819e-07
4059.010783247145 7 1.46103e-06
4065.460783538644 7 1.22969e-07
4072.560783759178 7 1.1114e-07
4075.80719689934 9 9.72366e-08
4086.257196660552 9 8.75435e-08
4090.138118345779 2 5.97284e-08
4094.170514789352 8 1.18121e-07
4102.188118227429 2 1.50397e-07
4102.774026935814 6 2.05308e-08
4104.70719700284 9 1.84627e-08
4106.214779801411 11 5.11318e-07
4111.820514895557 8 5.6981e-08
4112.014780161046 11 6.83436e-08
4113.305065320527 5 3.31112e-06
4116.545710295667 10 4.5163e-08
4118.420514714804 8 3.79181e-07
4118.464780284029 11 9.99859e-08
4119.905065379943 5 9.63208e-07
4124.220514571694 8 1.71594e-06
4125.555065468331 5 3.40938e-07
4128.914780274456 11 4.03478e-08
4130.395710180573 10 4.30149e-08
4131.20506532304 5 5.37765e-06
4136.770515091895 8 4.01116e-08
4136.855065363592 5 1.9198e-06
4139.214780128352 11 2.91403e-08
4144.688783959292 4 1.85216e-07
4149.814780103212 11 9.66158e-08
4154.357196481178 9 5.47338e-07
4160.160783319506 7 1.73418e-06
4166.557196593659 9 1.91664e-07
4173.010783533625 7 1.44455e-07
4174.757196995891 9 2.22126e-08
4181.860783780459 7 1.57658e-08
4187.660783452521 7 3.77323e-07
4189.357196742514 9 3.51283e-08
4193.460783700666 7 6.10104e-08
4195.957196615163 9 3.39704e-07
4199.260783613158 7 2.84192e-08
4204.157196597171 9 2.10976e-07
4213.374026502551 6 2.41735e-07
4213.499202289128 3 1.48276e-06
4213.588118013059 2 1.34356e-06
4219.299202515104 3 1.7639e-07
4219.388118336482 2 6.93279e-08
4219.824026670836 6 1.37394e-07
4223.557196517095 9 2.74954e-07
4227.588118474372 2 5.30047e-08
4228.170514908096 8 5.59203e-08
4232.299202657053 3 2.88184e-08
4232.524026808053 6 2.39398e-08
4233.238118377698 2 2.66189e-08
4238.174026841388 6 1.75111e-08
4238.888118368232 2 7.43645e-08
4238.899202519903 3 1.77318e-07
4243.824026549346 6 1.89881e-07
4244.688118426372 2 4.43347e-08
4244.699202652557 3 8.33784e-08
4249.474026563757 6 2.58439e-07
4250.488118376228 2 6.07583e-08
4250.499202518186 3 3.65976e-07
4255.274026394023 6 7.45978e-07
4256.288118130585 2 1.5483e-07
4256.299202481175 3 7.16182e-08
4261.074026664944 6 2.11992e-07
4262.088118046985 2 2.41301e-07
4262.099202222056 3 1.03253e-05
4269.924026456108 6 1.70069e-07
4270.288118217198 2 1.04714e-07
4270.299202381796 3 7.16886e-08
4277.974026755489 6 8.33007e-08
4278.488118385584 2 1.6378e-08
4278.499202694661 3 9.67674e-08
4286.674026684994 6 3.56444e-08
4286.688118380199 2 2.09966e-08
4286.699202650497 3 4.76383e-08
4293.27402663655 6 1.45854e-07
4294.088118099344 2 2.21281e-07
4294.099202418074 3 6.55968e-07
4298.924026571962 6 8.5574e-08
4299.888118560062 2 4.77264e-08
4299.899202701733 3 4.35132e-08
4305.699202803266 3 3.70895e-08
4307.474026790481 6 5.70327e-08
4308.888118307752 2 9.88706e-08
4311.499202733204 3 6.28351e-08
4313.124026693372 6 2.09936e-07
4314.688118137967 2 2.73876e-08
4317.149202623156 3 7.23535e-08
4321.938118225961 2 1.9029e-07
4321.97446750665 6 4.8299e-07
4322.79920256344 3 1.35512e-07
4327.738118021916 2 4.15644e-07
4327.774026390632 6 1.67854e-06
4328.449202346296 3 1.37439e-06
4335.974026732344 6 9.3511e-08
4336.649202522015 3 1.11799e-07
4336.738118356624 2 7.85017e-08
4343.249202854164 3 2.69133e-08
4345.774026487012 6 2.23382e-07
4346.538118172886 2 1.4641e-07
4349.84920256313 3 1.55058e-07
4352.257196729522 9 7.97144e-08
4355.510783331644 7 1.20701e-06
4361.310783643214 7 2.00047e-07
4362.857196769439 9 6.67345e-08
4368.264780091456 11 1.53966e-07
4369.307196614018 9 2.16641e-07
4378.064779885118 11 3.70191e-07
4381.088784387659 4 3.53534e-08
4384.514780110328 11 6.27645e-08
4390.164780385633 11 3.88015e-08
4390.807196666119 9 7.99692e-08
4399.610783685445 7 4.80071e-08
4402.05719663269 9 1.93405e-07
4406.860783585048 7 3.16992e-07
4413.307197056977 9 3.78642e-08
4413.310783518963 7 3.0004e-07
4419.107196827797 9 4.69462e-08
4421.210783797692 7 4.20713e-08
4424.907196953528 9 3.82728e-08
4430.707196771128 9 1.4933e-07
4431.660783610411 7 5.46779e-08
4439.710783520582 7 2.95389e-07
4445.360783596838 7 1.15401e-07
4451.01078371403 7 7.83434e-08
4457.310783447983 7 4.59505e-07
4460.357196698336 9 6.66032e-08
4466.738118612275 2 7.09642e-08
4474.938118461595 2 4.84384e-08
4475.607196801619 9 6.74938e-08
4477.914780002604 11 1.13933e-07
4481.257196539623 9 5.36284e-07
4482.810783577075 7 7.22832e-08
4488.507196828435 9 8.62864e-08
4488.610783771288 7 6.04071e-08
4495.060783573799 7 1.11461e-07
4498.00719690366 9 3.63346e-08
4501.210783619168 7 1.82179e-07
4507.660783576757 7 1.42148e-07
4513.310783398269 7 4.80888e-07
4516.457196609303 9 1.73828e-07
4529.21078351218 7 1.94281e-07
4531.707196637992 9 4.2368e-07
4534.860783921987 7 3.33593e-08
4537.357196454809 9 9.17896e-07
4541.820514645809 8 2.74104e-07
4547.620514636658 8 2.26624e-07
4552.374026910884 6 5.34533e-08
4552.438118397953 2 2.61267e-08
4553.420514866226 8 7.966e-08
4559.070514700198 8 3.22688e-08
4562.238118589702 2 1.6357e-08
4564.72051461357 8 3.46376e-07
4568.607197000991 9 3.85136e-08
4570.138118365848 2 7.77811e-08
4577.164780016437 11 9.81205e-08
4577.720514854741 8 1.02447e-07
4582.849202990931 3 2.82487e-08
4582.988118505292 2 7.70539e-09
4584.50719712037 9 2.41262e-08
4585.214779832012 11 3.57689e-07
4591.538784102129 4 6.78641e-08
4595.814780164864 11 5.20835e-08
4601.61478002267 11 8.64842e-08
4604.238784040113 4 9.58018e-08
4607.414780407266 11 2.48813e-08
4609.888783814754 4 1.29643e-06
4614.014779750562 11 1.00269e-06
4619.907196637373 9 1.93516e-07
4625.707196665666 9 1.41394e-07
4628.614780296053 11 4.15979e-08
4629.92051512856 8 2.90217e-08
4631.02402700453 6 3.3187e-08
4631.038118513469 2 4.23516e-08
4635.570515046413 8 2.05501e-08
4636.83811851486 2 8.50415e-08
4641.014780334614 11 2.46474e-08
4641.220514521338 8 2.76646e-06
4644.238118368502 2 7.21222e-08
4646.87051475972 8 2.07974e-07
4652.520514967192 8 1.8602e-08
4654.038118268459 2 5.09769e-08
4656.414780248235 11 6.04756e-08
4657.757196600227 9 5.71944e-08
4662.588784362888 4 7.22049e-08
4664.357196675707 9 6.71125e-08
4667.460783667982 7 1.30092e-07
4673.260783476527 7 2.86099e-07
4678.910783636553 7 9.21753e-08
4684.557196960633 9 6.34409e-08
4690.207196783933 9 1.2776e-08
4692.464780031192 11 9.16637e-08
4695.857196936587 9 1.41799e-08
4696.488118332789 2 6.9515e-08
4697.149202725551 3 3.53618e-08
4699.574026856942 6 2.87286e-08
4702.020514819157 8 2.14343e-08
4706.138118242587 2 1.9318e-07
4706.149202763935 3 3.29522e-08
4706.174026851394 6 2.79594e-08
4708.557196527231 9 4.48264e-07
4711.714780032976 11 2.97831e-08
4714.495710179796 10 9.48555e-08
4718.314779914191 11 3.25804e-07
4721.120514936506 8 1.0884e-07
4721.855065599878 5 1.76608e-07
4727.570515183888 8 3.52493e-08
4727.655065665593 5 1.43019e-07
4728.795710275337 10 7.45965e-08
4733.370515061792 8 5.8135e-08
4733.45506564742 5 2.59229e-08
4734.44571025627 10 2.95498e-08
4739.255065534415 5 9.9465e-08
4741.570514684876 8 2.26398e-07
4744.905065503255 5 3.61226e-07
4747.370514607462 8 5.0303e-07
4748.764780183819 11 3.30994e-08
4750.555065452727 5 1.90754e-07
4751.94570993257 10 2.15916e-07
4756.070514900878 8 6.4577e-08
4756.164780031341 11 1.2544e-07
4756.205065969636 5 2.10882e-08
4760.738118375099 2 5.89301e-08
4760.7492028958 3 2.08747e-08
4762.670514784 8 1.87358e-07
4768.470515014881 8 5.82032e-08
4770.37402687259 6 1.2041e-07
4770.5381183605 2 2.41403e-08
4770.549202865925 3 2.74479e-08
4774.270515037937 8 3.55894e-08
4778.764780368593 11 8.58961e-08
4780.070515107242 8 3.7175e-08
4785.870514540973 8 8.49164e-07
4788.824026909077 6 2.96655e-08
4789.138118334671 2 1.95122e-08
4791.157196961663 9 3.17959e-08
4797.607196786302 9 9.48089e-08
4803.407196724407 9 1.42186e-07
4810.038784157406 4 3.6354e-08
4811.614779998522 11 1.00872e-07
4813.207196698623 9 2.60411e-08
4818.857196839264 9 2.18142e-08
4820.360783653016 7 4.19884e-08
4826.160783487243 7 1.78262e-07
4827.70719690876 9 3.60831e-08
4833.357196927496 9 7.29175e-08
4834.060783683162 7 1.17881e-07
4839.710783434943 7 5.39275e-07
4842.057196936096 9 2.13266e-08
4848.560783771034 7 6.19681e-08
4852.507196694876 9 5.21063e-08
4854.210783533926 7 5.63123e-08
4858.157196942577 9 1.61973e-08
4859.860783800573 7 3.03688e-08
4866.81078385562 7 3.67813e-08
4874.057196773785 9 5.11176e-08
4879.660783547154 7 2.12813e-07
4884.507196832891 9 5.65408e-09
4885.31078350623 7 1.34032e-07
4890.960783715197 7 3.91555e-08
4894.957196489808 9 6.73868e-07
4898.864779962932 11 1.5681e-07
4902.057196694846 9 1.38894e-07
4904.514780163119 11 4.89605e-08
4907.707196553458 9 3.38755e-07
4911.764780095362 11 9.0669e-08
4920.55719662295 9 2.99408e-07
4926.207196701763 9 3.13668e-08
4928.388118446442 2 6.26359e-08
4931.857197031313 9 6.77802e-08
4932.464780283488 11 3.09889e-08
4933.138784228885 4 8.86147e-08
4938.11478008802 11 1.06736e-07
4943.670514958614 8 9.11295e-08
4943.764780152239 11 3.15581e-08
4944.405065798963 5 3.78985e-08
4949.838783915123 4 4.66878e-07
4955.638783941281 4 1.25578e-07
4961.564780219872 11 4.50521e-08
4962.295710162441 10 7.86501e-08
4967.538784027532 4 2.09058e-07
4970.56477980316 11 4.4585e-07
4975.607196474696 9 3.85351e-07
4980.388784071439 4 4.70216e-08
4986.038784395348 4 2.88394e-08
4990.057196530786 9 6.10202e-07
4991.510783831169 7 4.88546e-08
5001.310783652885 7 6.20434e-08
5002.907196617008 9 2.09647e-07
5008.557196948778 9 4.40352e-08
5010.010783694288 7 4.90991e-08
5015.660783674934 7 9.09208e-08
5018.857196671525 9 1.27964e-07
5026.738784115268 4 9.77458e-08
5029.307196664621 9 1.75983e-07
5035.560783398133 7 3.24162e-07
5035.607197081767 9 2.79438e-08
5042.160783465333 7 1.95693e-07
5049.26078387623 7 5.14435e-08
5056.510783560224 7 9.70906e-08
5058.857196627529 9 2.14764e-07
5064.507196783625 9 3.92188e-08
5065.16478021965 11 7.9095e-09
5070.814779915838 11 2.00403e-07
5076.407196943112 9 3.97265e-08
5082.7705149206 8 8.23971e-08
5088.438118439599 2 3.28645e-08
5089.257196871943 9 6.05829e-08
5094.90719673895 9 7.61735e-08
5102.157196713258 9 6.06876e-08
5106.66078366676 7 6.46684e-08
5112.460783737341 7 6.05781e-08
5118.110783859103 7 3.42637e-08
5123.760783572407 7 1.36989e-07
5124.457197074501 9 2.57003e-08
5129.41078375379 7 9.97009e-08
5137.310783589155 7 1.66809e-07
5143.76078372365 7 1.2578e-07
5149.410783936041 7 4.49338e-08
5155.710783646812 7 1.03404e-07
5162.160783586323 7 1.89012e-07
5165.307197074128 9 1.04792e-08
5167.8107835678 7 2.01255e-07
5170.957196770052 9 5.60392e-08
5175.71078344622 7 3.0905e-07
5178.857196694464 9 6.03732e-08
5183.664780118474 11 3.87755e-08
5190.914780328325 11 5.14034e-08
5191.588784019296 4 2.48502e-07
5196.564780085486 11 5.63714e-08
5196.657197040726 9 1.96567e-08
5202.038783919098 4 3.6143e-07
5207.838784412718 4 7.27399e-08
5209.564779806401 11 6.95504e-07
5215.364779885984 11 2.58928e-07
5218.695710366804 10 2.86187e-08
5221.164780223706 11 8.87326e-08
5224.58878426287 4 4.50236e-08
5226.964780163114 11 9.8937e-08
5231.695710044174 10 8.76389e-08
5235.688783878333 4 5.46479e-07
5241.488784196813 4 9.82332e-08
5243.014779886616 11 3.72873e-07
5245.357196724717 9 2.25645e-08
5248.66478003324 11 1.0718e-07
5253.257196510378 9 5.06276e-07
5258.010783549807 7 7.92311e-08
5262.907196794035 9 5.22374e-08
5269.110783739004 7 5.81609e-08
5269.357196677096 9 5.3462e-08
5275.007196639638 9 2.43634e-07
5280.657196715599 9 1.07521e-07
5286.307196686071 9 1.55623e-07
5287.710783572601 7 5.25937e-08
5292.107196919025 9 4.01339e-08
5294.838784415611 4 4.94114e-08
5297.907196593533 9 1.40801e-07
5300.349202898862 3 6.19616e-08
5303.610783455118 7 2.84123e-07
5303.70719706907 9 2.50478e-08
5309.410783473797 7 2.27079e-07
5314.957196641956 9 2.76423e-07
5315.060783818522 7 5.26922e-08
5320.757196461333 9 8.16442e-07
5322.960783522582 7 1.59516e-08
5327.057196652492 9 1.26041e-07
5329.410783494197 7 1.54676e-07
5332.707196694964 9 1.1723e-07
5339.710783629859 7 4.88491e-08
5339.807196810724 9 8.96536e-08
5344.488784212878 4 4.89159e-08
5356.80719719098 9 7.25794e-09
5362.60719669638 9 8.52372e-08
5366.160783589559 7 1.1105e-07
5371.810783549985 7 5.30048e-08
5377.460783510585 7 2.77107e-07
5379.607196637036 9 3.68055e-08
5384.56078357342 7 1.24848e-07
5390.207196794761 9 3.72428e-08
5392.610783773871 7 4.63705e-08
5395.857196549288 9 4.32e-07
5401.507196683573 9 7.024e-08
5408.388784087218 4 7.27926e-08
5411.007196740255 9 1.16728e-07
5414.110783714644 7 3.23467e-08
5416.657196690591 9 9.12091e-08
5422.307196591911 9 2.56884e-07
5427.614779925086 11 1.84704e-07
5430.207196724452 9 5.53827e-08
5433.414779881963 11 5.02742e-07
5437.22051522645 8 9.71097e-09
5439.064779927693 11 2.07096e-07
5443.020514832131 8 1.00727e-07
5445.105065539761 5 3.81272e-08
5447.595710053692 10 3.30508e-08
5450.905065617082 5 5.04714e-08
5450.920514839501 8 7.80887e-08
5456.705065623124 5 8.97254e-08
5457.520514801074 8 1.41512e-07
5458.964780357495 11 1.76676e-08
5462.355065573055 5 1.87421e-07
5462.845710435512 10 1.38895e-08
5468.005065667848 5 1.11912e-07
5468.620515099745 8 1.71424e-08
5469.445710085053 10 2.05786e-07
5473.655065573103 5 1.48986e-07
5474.270514885625 8 1.35522e-07
5476.695710185881 10 9.78821e-08
5479.014779985019 11 1.27645e-07
5479.920514806675 8 1.28901e-07
5482.205065537811 5 1.2967e-07
5484.664779880203 11 3.27017e-07
5490.220514954508 8 5.97944e-08
5490.314779949264 11 2.67367e-07
5492.655065459098 5 2.50586e-07
5493.395710295269 10 4.1546e-08
5497.620514809605 8 1.30171e-07
5498.455065678441 5 6.02299e-08
5500.914780195412 11 2.8824e-08
5501.595709967675 10 4.9874e-07
5504.10506569459 5 4.82388e-08
5508.695710233661 10 7.49278e-08
5509.755065324396 5 2.88102e-06
5514.170514979792 8 3.85616e-08
5515.555065746417 5 2.95212e-08
5515.945709967989 10 5.26452e-07
5521.355065731694 5 9.90888e-08
5521.595710282201 10 4.19413e-08
5526.220514905784 8 4.26602e-08
5527.155065591021 5 8.70106e-08
5528.69571020161 10 1.26184e-07
5534.345709872952 10 7.22919e-07
5535.855065508203 5 3.3897e-07
5539.995710408755 10 3.86863e-08
5540.664780249062 11 2.90769e-08
5541.50506569683 5 4.32382e-08
5544.670514927044 8 2.78922e-08
5546.314780034569 11 1.63586e-07
5549.288118644266 2 2.11178e-08
5550.320514690064 8 1.61841e-07
5552.574027018058 6 1.52648e-08
5555.057196603874 9 1.67391e-07
5560.857196861745 9 5.91205e-08
5566.160783524162 7 3.62558e-07
5568.757196877061 9 7.86263e-08
5571.960784021657 7 1.568e-08
5574.407196701026 9 1.45314e-07
5576.614780097587 11 9.8882e-08
5579.788783839561 4 6.16619e-07
5583.214780026909 11 8.74933e-08
5586.388784195024 4 7.56868e-08
5588.864780117122 11 4.58533e-08
5592.095710112905 10 1.12129e-07
5597.714779869311 11 1.28961e-07
5600.857196963951 9 4.4405e-08
5603.364780055117 11 1.42932e-07
5604.770515010327 8 6.49509e-08
5609.638783869452 4 7.73099e-07
5615.307196546799 9 5.86758e-08
5617.610783382643 7 3.76735e-07
5622.557196544467 9 2.48765e-07
5624.864780072661 11 1.18429e-07
5630.39571010651 10 2.76056e-08
5633.714779806901 11 3.05617e-07
5636.020515246472 8 3.0602e-08
5638.949202597236 3 2.33238e-07
5639.088118258575 2 1.02043e-07
5639.174026776453 6 7.7792e-08
5644.749202573133 3 1.00182e-07
5644.974026771627 6 2.74767e-08
5645.688118568283 2 1.20906e-08
5652.149202449276 3 2.41945e-07
5652.224026606159 6 1.77363e-07
5653.088118040174 2 4.32062e-07
5657.949202614697 3 1.33482e-07
5658.024026762206 6 7.39632e-09
5658.738118390954 2 6.82747e-08
5660.057196929945 9 4.76609e-08
5664.060783456307 7 3.90434e-07
5665.857196632106 9 7.04566e-08
5671.65719647238 9 6.96983e-07
5673.710783345939 7 1.08607e-06
5681.760783629533 7 9.30064e-08
5687.560783749021 7 3.10702e-08
5688.507197078368 9 4.6136e-08
5693.360783757312 7 2.46758e-08
5694.307196596618 9 3.4213e-07
5700.107196934232 9 2.3337e-08
5701.764780321893 11 7.29082e-08
5707.288783766222 4 2.18545e-06
5713.088783819269 4 4.94922e-07
5720.214779807547 11 9.97425e-07
5722.470514964857 8 1.0492e-07
5726.014780135527 11 1.14501e-07
5731.857196886096 9 5.57611e-08
5734.214779956539 11 2.35867e-07
5738.48878407713 4 7.47993e-08
5740.814779772234 11 1.54754e-06
5745.338118078279 2 4.38286e-07
5745.349202514695 3 1.63423e-07
5745.424026645105 6 2.27577e-07
5751.138118365629 2 1.18171e-07
5751.149202507947 3 2.63555e-07
5751.224026688689 6 8.25875e-08
5756.938118099176 2 3.71333e-07
5756.949202281774 3 2.1149e-06
5757.024026366273 6 4.81266e-06
5762.738118249061 2 1.72791e-07
5762.749202445446 3 3.38584e-07
5762.824026555891 6 4.15202e-07
5768.538118054541 2 6.5132e-07
5768.549202381733 3 5.26225e-07
5768.624026593106 6 1.98172e-07
5774.338118159031 2 2.79192e-07
5774.349202400265 3 1.74025e-07
5774.424026448091 6 4.72912e-07
5780.149202450605 3 1.92027e-07
5780.224026590256 6 3.30514e-07
5780.938118275367 2 7.17228e-08
5785.949202274565 3 6.46387e-06
5786.024026359554 6 2.60248e-06
5786.588118131696 2 2.37934e-07
5791.749202771911 3 5.02192e-08
5791.824026942945 6 3.81548e-08
5795.288118217471 2 7.36579e-08
5797.549202462991 3 2.74479e-07
5797.624026693328 6 6.35753e-08
5803.424026756166 6 3.13097e-08
5804.149202650405 3 5.34185e-08
5805.738118194194 2 1.09582e-07
5809.799202781983 3 4.46744e-08
5811.324026579893 6 1.80573e-07
5812.038118166014 2 3.9424e-08
5817.699202552183 3 1.56893e-07
5817.774026754299 6 1.55286e-07
5818.638118378261 2 7.08305e-08
5823.499202781974 3 7.04101e-09
5823.574027022734 6 1.6143e-08
5826.538118286082 2 4.34765e-08
5829.299202420473 3 9.95446e-08
5829.374026488267 6 3.00728e-07
5832.188118194274 2 6.56348e-08
5835.099202442372 3 4.44724e-07
5835.174026486308 6 3.65543e-07
5837.838118154747 2 3.51212e-07
5840.057196461581 9 7.09669e-07
5842.464779994808 11 1.96362e-07
5848.25719689406 9 3.9878e-08
5849.71478002019 11 5.05785e-08
5850.370514972423 8 2.99863e-08
5854.557196691667 9 2.6966e-07
5857.699202806851 3 4.32892e-08
5861.00719672769 9 1.7741e-07
5864.13811834395 2 5.72726e-08
5866.657196854101 9 3.769e-08
5868.964779746633 11 2.22707e-06
5874.614780062833 11 1.0019e-07
5876.845710408253 10 9.834e-08
5879.388784410751 4 5.44541e-08
5880.264780000868 11 1.64271e-07
5885.757196548439 9 3.67073e-07
5888.01078346348 7 1.24842e-07
5891.55719700946 9 9.8877e-09
5896.210783663735 7 5.60463e-08
5898.00719683298 9 5.46234e-08
5905.06078356258 7 9.34312e-08
5905.907196729227 9 3.65302e-08
5910.710783510151 7 3.82594e-07
5916.207196882151 9 3.60963e-08
5917.810783420805 7 3.83293e-07
5923.610783812194 7 6.79638e-08
5929.260783605473 7 2.4365e-07
5934.910783578774 7 1.58051e-07
5936.407196769216 9 6.34927e-08
5942.057196527877 9 5.97536e-07
5945.114780135836 11 8.0375e-08
5948.188118340002 2 5.33005e-08
5949.957196798851 9 1.68712e-08
5951.414779922515 11 3.51615e-07
5957.064780208656 11 9.03848e-08
5962.714779785352 11 6.83733e-07
5966.570515126291 8 3.39945e-08
5968.364780051731 11 2.18038e-07
5973.045710288367 10 6.60282e-08
5976.238784340271 4 4.12658e-08
5977.864779647476 11 5.58504e-05
5983.514780296439 11 2.00637e-08
5988.257196522082 9 4.84916e-07
5990.660783457742 7 2.79676e-07
5996.45719682894 9 8.17129e-08
5996.460783601097 7 9.16567e-08
6002.260783873734 7 4.68089e-08
6008.06078368201 7 8.7055e-08
6017.957196689864 9 1.07738e-07
6019.460783562766 7 2.69614e-07
6025.26078341434 7 3.63073e-07
6030.910783554653 7 8.70788e-08
6034.007196859728 9 2.81848e-08
6038.660783874691 7 1.23985e-08
6039.657196447692 9 1.40472e-06
6044.310783512685 7 6.83859e-08
6046.757197056036 9 5.00762e-08
6052.210783552865 7 2.01679e-07
6058.810783673517 7 9.68955e-08
6066.007196759043 9 1.13891e-07
6069.910783616211 7 9.32602e-08
6074.8571966724 9 5.68456e-08
6081.95719671734 9 6.4805e-08
6087.564780069011 11 2.19374e-07
6089.088784203063 4 6.06896e-08
6093.214780370755 11 3.60555e-08
6094.738784335573 4 2.44157e-08
6101.988784052114 4 1.3544e-07
6109.888784155603 4 3.55186e-08
6115.538783856921 4 5.78822e-07
6121.188783872705 4 3.67966e-07
6126.838783849 4 8.15858e-07
6130.714779781464 11 3.2445e-07
6133.820514810625 8 5.43883e-08
6134.605065955553 5 2.38408e-08
6136.364780070025 11 3.76853e-08
6138.638118391148 2 6.60356e-08
6140.257196807884 9 6.66712e-08
6144.210783542509 7 1.80705e-07
6146.057196757398 9 8.12241e-08
6154.107196543045 9 2.03465e-07
6159.757197085533 9 2.74309e-08
6162.014780192187 11 8.97261e-08
6165.407196966646 9 2.43244e-08
6171.66478000008 11 3.54962e-07
6177.314780278914 11 5.97428e-08
6178.107196580675 9 3.68481e-07
6180.410783610429 7 1.60165e-07
6187.660784075093 7 6.48222e-09
6196.360783624323 7 2.13225e-07
6199.607196588374 9 2.37621e-07
6202.010783285349 7 2.09172e-06
6207.657196701832 9 1.57389e-07
6210.014779965285 11 1.3837e-07
6213.307197034698 9 5.79265e-08
6218.957196701449 9 7.77483e-08
6221.264779886385 11 2.60396e-07
6223.620515300243 8 7.38655e-09
6226.914780066106 11 9.5033e-08
6229.188783824827 4 1.01662e-06
6234.695710370736 10 5.38558e-08
6237.86477982292 11 4.39949e-07
6242.707196829983 9 3.85726e-08
6244.160783417513 7 2.19305e-07
6249.960783242793 7 2.19824e-06
6253.157197114839 9 7.84312e-09
6257.710783562574 7 2.02496e-07
6265.110783550777 7 1.71464e-07
6270.760783903817 7 1.62155e-08
6272.949202934474 3 9.52538e-09
6276.41078336562 7 6.42988e-07
6282.060783691789 7 3.32439e-08
6286.807196517713 9 7.36583e-07
6291.33811831124 2 5.49345e-08
6292.174026842834 6 1.09684e-07
6293.149202827051 3 3.51473e-08
6295.657196531381 9 6.44344e-07
6301.114779788673 11 6.46252e-07
6306.720515142327 8 2.70744e-08
6306.764779790933 11 3.83515e-07
6312.357196804653 9 1.19085e-07
6315.538118397277 2 8.97911e-09
6316.374026926549 6 5.82537e-08
6318.120514882723 8 7.43396e-08
6321.18811840537 2 5.00596e-08
6323.770514925291 8 7.71749e-09
6329.420514823722 8 6.8295e-08
6330.814780389058 11 4.47186e-08
6335.070514884038 8 3.68465e-08
6340.72051467552 8 9.34269e-08
6346.520514626319 8 5.53529e-07
6350.007196659824 9 1.13964e-07
6352.360783519552 7 2.01944e-07
6355.657196684508 9 1.35437e-07
6358.160783407359 7 4.14757e-07
6362.907196857249 9 3.42477e-08
6363.810784003732 7 4.10914e-08
6369.460783590026 7 1.31047e-07
6374.157196713231 9 7.42828e-08
6380.457196747197 9 6.91225e-08
6382.010783580609 7 1.93894e-07
6387.660783668349 7 4.63312e-08
6393.310783696874 7 1.60603e-07
6398.907197105259 9 1.6278e-08
6398.960783751376 7 5.06836e-08
6406.307196748019 9 1.25963e-07
6410.860783806706 7 3.93605e-08
6412.107196631296 9 1.18878e-07
6418.910783728321 7 1.05669e-07
6425.360783723798 7 7.36657e-08
6426.707196831663 9 5.80382e-08
6435.688784249248 4 1.27173e-08
6449.307196559928 9 4.39537e-07
6452.460783618683 7 1.10494e-07
6454.957196828836 9 4.69434e-08
6462.06478022225 11 7.35236e-08
6463.007196552366 9 1.41515e-07
6468.657196445155 9 2.34265e-06
6472.388784211843 4 9.99126e-09
6474.307196895871 9 1.47633e-08
6476.514780231745 11 3.80477e-08
6478.038783860261 4 5.10451e-07
6482.16478016247 11 8.13799e-08
6487.538783945411 4 1.35804e-07
6493.338784271732 4 4.95999e-08
6495.664780212485 11 5.52198e-08
6498.057196724975 9 3.24915e-08
6501.960783505954 7 1.34468e-07
6504.507196749348 9 1.55298e-07
6507.760783890493 7 3.39521e-08
6512.438784257485 4 2.84749e-08
6514.957197109659 9 2.2279e-08
6518.088784143145 4 8.2609e-08
6522.20719678346 9 8.30807e-08
6525.260783869227 7 6.51174e-08
6527.857196678128 9 9.52261e-08
6529.964779932812 11 3.19302e-07
6533.507196591315 9 2.64026e-07
6534.910783789802 7 9.3308e-08
6540.560783403241 7 5.61133e-07
6547.660783533755 7 1.35012e-07
6553.310783560377 7 1.62476e-07
6555.657196760971 9 6.74904e-08
6565.988784418368 4 5.03012e-08
6571.707196758322 9 1.00148e-07
6575.638784055772 4 7.15064e-08
6582.80719672646 9 8.91998e-08
6586.838118511338 2 3.37167e-08
6594.010783449622 7 8.15569e-08
6597.257196980328 9 8.95882e-09
6599.660783951349 7 3.26178e-08
6604.488784336587 4 1.05518e-08
6607.707196730619 9 3.67676e-08
6617.310783380759 7 3.40039e-07
6626.160783449948 7 4.36571e-07
6631.810783536625 7 5.77173e-08
6637.357196899242 9 5.93782e-08
6638.910783302233 7 1.9221e-06
6643.657196771918 9 5.781e-08
6645.360783782455 7 4.05601e-08
6651.010783693608 7 5.38407e-08
6656.507196613575 9 1.85769e-07
6656.660783840773 7 2.86442e-08
6662.307196740644 9 7.36703e-08
6664.410783726028 7 5.3477e-08
6670.857196501946 9 7.12285e-07
6674.014780173152 11 4.51606e-08
6675.520514991117 8 2.98989e-08
6677.055065666529 5 1.25422e-07
6682.855065462307 5 8.14351e-07
6682.945710340603 10 1.21009e-07
6686.920515065809 8 7.07355e-09
6688.655065597807 5 1.42116e-07
6689.3957099613 10 3.06493e-07
6694.170514998862 8 3.87483e-08
6694.30506574863 5 6.09117e-08
6699.955065549598 5 1.85532e-07
6702.870515036731 8 2.77151e-08
6705.605065571317 5 6.88498e-08
6708.495710329184 10 7.64759e-08
6710.12051481111 8 9.21175e-08
6711.25506543281 5 4.20008e-07
6715.745709901777 10 7.31115e-07
6717.705065591343 5 8.82474e-08
6719.770514828288 8 6.3005e-08
6723.505065546782 5 1.14922e-07
6727.645710091995 10 1.3642e-07
6729.305065656528 5 1.473e-07
6734.955065391719 5 6.01039e-07
6736.495710168638 10 6.37083e-08
6738.87051502435 8 3.43382e-08
6741.255065672613 5 9.13876e-08
6741.26478024364 11 2.40377e-08
6744.545710274371 10 3.65522e-08
6746.920514744093 8 2.79221e-07
6747.055065815028 5 1.57618e-08
6748.514779919934 11 3.1277e-07
6750.907196621694 9 2.90578e-07
6753.260783585217 7 6.6237e-08
6759.060783844409 7 5.09977e-08
6763.907196759106 9 4.10173e-08
6765.510783618437 7 1.34958e-07
6775.95719644706 9 9.01057e-07
6778.360783506913 7 2.27106e-07
6781.60719666868 9 1.25634e-07
6786.338784107367 4 1.57112e-07
6798.388784129756 4 1.10954e-07
6804.038783965122 4 3.68486e-07
6809.507196896416 9 3.34477e-08
6815.157196950489 9 3.25964e-08
6815.560783693147 7 1.60188e-08
6820.80719690259 9 4.91217e-08
6821.360783490767 7 7.17751e-08
6827.960783813707 7 3.62818e-08
6831.907196767345 9 1.10052e-07
6833.610783388018 7 7.3639e-07
6842.310783645466 7 1.89119e-07
6847.960783389407 7 2.16667e-07
6853.610783443473 7 2.78907e-07
6859.260783350203 7 2.35639e-07
6864.910783375286 7 5.1685e-07
6871.510783748049 7 6.84901e-08
6877.31078344043 7 1.63421e-07
6883.110783329432 7 7.44478e-07
6888.760783458323 7 5.41973e-07
6889.557196830198 9 3.63868e-08
6895.120514986288 8 6.32407e-08
6895.914779853478 11 3.97901e-07
6897.505065783247 5 6.30684e-08
6898.395710040432 10 4.29733e-08
6903.305065661019 5 6.5619e-08
6907.970514994108 8 8.7885e-08
6909.105065602352 5 5.79944e-08
6911.245710186208 10 7.13852e-08
6912.764780050259 11 2.23944e-07
6914.420514986575 8 2.52956e-08
6916.807197005961 9 7.7494e-09
6921.614779769984 11 5.37408e-07
6924.707197001213 9 5.3514e-08
6926.824027054797 6 2.51754e-08
6926.888118474551 2 8.10527e-08
6928.220514694651 8 1.87788e-07
6934.020515180402 8 8.88405e-09
6935.82402702254 6 3.80081e-08
6940.470514924142 8 4.83963e-08
6943.307196521485 9 3.6338e-07
6949.010783592736 7 2.88226e-08
6949.107197027234 9 3.61194e-08
6954.810783837323 7 8.42789e-08
6960.207196679192 9 9.49535e-09
6961.110783740855 7 6.89634e-08
6966.007196767224 9 2.26626e-08
6974.61078338147 7 5.20962e-07
6981.860783801309 7 6.19583e-08
6985.107196716743 9 1.10786e-07
6990.614779883713 11 1.69063e-07
6991.570514824873 8 1.25468e-07
6993.155065435772 5 3.49334e-07
6997.095709913901 10 2.64979e-07
6999.605065669197 5 6.34473e-08
7001.220515148069 8 3.13562e-08
7005.255065471315 5 2.10092e-07
7010.905065465625 5 2.55414e-07
7011.670514977999 8 3.37943e-08
7016.555065932234 5 3.6685e-08
7017.320514768102 8 1.36226e-08
7018.01477993077 11 3.80337e-07
7023.588784142133 4 5.71905e-08
7029.23878382179 4 9.83479e-07
7034.888783688372 4 2.69787e-05
7038.06477981087 11 8.26545e-07
7042.638118424314 2 2.14282e-08
7042.649202926468 3 3.67759e-09
7045.957196671807 9 1.24323e-07
7050.11078355152 7 1.96236e-07
7053.249203260699 3 1.05383e-08
7055.757196805692 9 1.63719e-07
7055.760783748939 7 4.86736e-08
7060.51478014858 11 8.118e-08
7066.038783836793 4 3.46193e-07
7068.714780252148 11 8.11597e-08
7072.345710286425 10 3.94699e-08
7074.738784319744 4 3.85499e-08
7080.538783832849 4 8.91507e-07
7086.188784219579 4 6.55358e-08
7088.545710255447 10 3.29848e-08
7089.264779852734 11 9.1718e-07
7092.457196759372 9 5.58488e-08
7096.460783671541 7 5.25782e-08
7098.107196825019 9 3.95717e-08
7103.757196711561 9 8.96764e-08
7104.510783519391 7 8.77842e-08
7112.607196722273 9 9.84958e-08
7114.1607835966 7 2.24227e-07
7119.810783489915 7 1.32654e-07
7130.110783739849 7 1.19651e-07
7132.507196838962 9 5.60764e-08
7137.220515114739 8 1.67864e-08
7138.038118246922 2 5.26351e-08
7138.824026992772 6 5.18487e-08
7138.899202966153 3 4.92915e-08
7143.820515104684 8 3.54473e-08
7146.238118303531 2 2.49901e-08
7147.024026900758 6 3.84408e-08
7149.349202489369 3 2.49992e-07
7151.888118548259 2 1.96179e-08
7155.724026599796 6 3.34169e-07
7155.799202518688 3 9.66678e-08
7157.538118298369 2 1.13307e-07
7161.524026835178 6 9.7445e-08
7161.599202637515 3 6.69392e-08
7163.188118083067 2 3.01284e-07
7167.324026554459 6 3.11436e-07
7168.049202293102 3 1.96364e-06
7168.838118200937 2 2.21314e-07
7173.124026714401 6 1.80301e-07
7173.699202636445 3 6.81313e-08
7174.988118226459 2 3.28946e-07
7179.499202609567 3 3.92474e-08
7179.724026652935 6 7.1243e-08
7181.438118409544 2 2.45475e-08
7185.299202529376 3 2.14043e-07
7185.374026597307 6 1.03554e-07
7187.088532184842 2 1.10389e-07
7191.099202375112 3 2.32946e-07
7191.17402655113 6 2.63492e-07
7192.738117966488 2 3.28953e-07
7195.714780104672 11 7.24667e-08
7198.855065677215 5 3.1461e-08
7198.920514824252 8 9.19111e-08
