28.297462966493 7 2.52193e-07
28.868037779767 9 1.58989e-07
29.712335593016 6 5.47842e-07
37.112335807755 6 1.54349e-07
37.868037677336 9 2.25558e-07
70.488414181627 3 5.51508e-07
71.913070024995 2 2.54227e-08
76.288414238947 3 3.43307e-07
80.347462905057 7 1.18051e-07
81.918037651746 9 6.08128e-07
81.962335746293 6 1.08565e-07
90.918037991315 9 3.77499e-08
92.247462796032 7 3.88548e-07
93.86233558081 6 4.86221e-07
97.068037762786 9 9.51242e-08
102.697462948799 7 5.65112e-08
104.31233591702 6 2.08059e-08
104.318037865192 9 4.78325e-08
106.625788392475 8 7.7705e-08
108.497463172977 7 1.87646e-08
110.112335708356 6 2.68076e-07
110.118037762912 9 1.2008e-07
115.912336158948 6 2.88709e-08
118.668037650113 9 2.69846e-07
121.712335690802 6 4.29886e-07
126.718038082034 9 1.19031e-08
129.929829437246 4 1.48695e-07
135.579829930374 4 2.6964e-08
141.229829546157 4 3.43822e-07
146.87982963826 4 5.07593e-08
153.179829643161 4 6.6347e-08
161.879829557682 4 2.9805e-07
167.52983002229 4 3.60731e-08
173.829829482008 4 1.89703e-07
180.31233589375 6 5.92251e-08
181.018037986732 9 4.41453e-08
181.847462684844 7 6.11093e-07
183.475788040538 8 8.17769e-08
184.142830417329 11 1.55261e-07
190.075788143293 8 7.96824e-08
190.742830732676 11 5.27586e-08
190.847463221644 7 8.93052e-09
196.497462806247 7 1.70863e-07
197.175787970747 8 2.82292e-07
197.992830361983 11 1.90082e-07
200.103661404922 5 5.57872e-08
202.797463124386 7 7.50332e-08
202.825787939295 8 2.67381e-07
203.642830538332 11 1.50645e-07
208.625787986918 8 1.66442e-07
209.442830692548 11 3.29159e-08
210.047463011856 7 1.10196e-07
214.425788205191 8 7.78561e-08
214.703661396074 5 1.29741e-08
215.242830647829 11 4.03965e-08
220.225788108264 8 5.17056e-08
221.842830298745 11 5.92612e-07
223.697462944751 7 4.61183e-08
225.713069637988 2 3.89101e-08
226.629004230475 10 3.53678e-08
227.403661226077 5 1.48775e-07
231.642830401355 11 8.3604e-08
232.42578800052 8 1.71502e-07
234.003661266506 5 1.16099e-07
239.653661281682 5 7.27167e-08
241.113069845415 2 3.76538e-08
242.875788087561 8 1.42589e-07
244.492830622636 11 5.84631e-08
245.303661108423 5 4.81407e-07
248.513069867666 2 6.26952e-08
250.953661106931 5 3.14086e-07
252.525788314556 8 2.89497e-08
252.542830717292 11 1.87952e-08
256.603661398071 5 4.66684e-08
258.013069577219 2 5.82691e-07
258.788414783675 3 1.80536e-08
258.829004454023 10 1.55678e-08
259.925787999345 8 1.29544e-08
260.397463105154 7 1.35467e-08
260.592830622542 11 7.94781e-08
262.253661256965 5 9.491e-08
263.663069560208 2 5.50242e-07
264.629004151619 10 3.33012e-08
267.903661489841 5 2.50351e-08
271.842830652736 11 4.20921e-08
273.425788139959 8 9.71153e-08
274.353661483833 5 6.2161e-08
276.597463016963 7 5.82734e-08
277.492830327351 11 2.45985e-07
279.075787921997 8 6.76837e-07
283.142830358022 11 9.03712e-08
284.725788256947 8 1.36216e-08
285.45366113927 5 2.79093e-07
288.792830749218 11 4.68787e-08
291.063069802078 2 7.9821e-08
291.079004388241 10 1.97285e-08
293.447462576603 7 5.65012e-06
295.975788245233 8 1.01706e-07
299.24746307977 7 6.02983e-09
302.425788069723 8 2.43477e-07
302.44283052291 11 4.59948e-08
305.047462980807 7 9.40417e-08
312.418037803901 9 1.63834e-07
313.162335823911 6 1.40137e-07
342.69746325025 7 3.6798e-08
346.71803823299 9 1.52068e-08
352.497462946792 7 1.12226e-07
352.518038100442 9 1.938e-08
356.038414389924 3 5.24334e-08
361.838414426465 3 5.37522e-08
364.54746281361 7 1.57652e-07
369.825788158179 8 1.79518e-07
370.347462683896 7 3.26727e-07
375.625788232898 8 4.75874e-08
376.14746303113 7 9.99352e-08
381.653661537164 5 3.38776e-08
381.925788428336 8 2.58417e-08
383.263070006473 2 1.34921e-08
384.892830588073 11 1.13416e-07
385.147463246598 7 1.28203e-08
387.575788034347 8 1.77506e-07
390.653661592533 5 2.32454e-08
390.692830527714 11 1.60108e-07
393.047463030976 7 7.89517e-08
393.225787847367 8 4.84715e-07
397.253661674639 5 2.5206e-08
397.29283035888 11 1.88491e-07
398.875787984395 8 2.57535e-07
403.09283046015 11 1.33295e-07
403.497462920122 7 9.09356e-08
404.525788266725 8 6.26364e-08
406.662336122975 6 2.23953e-08
406.668038048456 9 3.77039e-08
413.738414565671 3 6.08215e-08
421.938414390648 3 7.18696e-08
423.279004387144 10 5.24102e-08
434.638414301529 3 1.19801e-07
436.279004099999 10 4.47956e-08
436.913069540504 2 2.03099e-07
440.288414231823 3 3.96553e-08
443.513069457386 2 2.12414e-07
443.679004016891 10 6.99321e-08
446.088414310829 3 1.0877e-07
452.997463240831 7 3.38168e-08
460.53841439305 3 1.24049e-07
468.588414498934 3 7.57077e-08
478.388414450833 3 8.94108e-08
485.788414422733 3 7.78711e-08
490.06233553227 6 1.73437e-06
490.068037520189 9 8.00679e-07
501.46233564934 6 2.28821e-07
502.11803750113 9 2.56733e-06
510.462335587817 6 7.06938e-07
511.118037448601 9 2.30744e-05
520.11803771755 9 1.36143e-07
520.26233563377 6 5.96897e-07
523.597462772069 7 3.26757e-07
525.918037446759 9 1.31002e-05
526.062335538819 6 6.01187e-07
535.062335685328 6 1.62814e-07
535.718037735767 9 1.62059e-07
542.318037809877 9 7.44541e-08
542.46233575587 6 1.4389e-07
550.179829710181 4 2.3486e-08
558.379829565357 4 7.5211e-08
567.379829527561 4 2.00251e-07
578.779829990205 4 3.77517e-08
584.579829977583 4 3.09455e-08
586.847463451201 7 1.95991e-08
591.312335949815 6 5.02658e-08
593.718037595802 9 4.3844e-07
603.36233619905 6 2.07406e-08
613.162335835906 6 9.10319e-08
613.768038031719 9 3.71053e-08
618.962335523498 6 1.78097e-07
619.568037785693 9 1.75745e-07
625.988414324386 3 2.09711e-07
626.913070010219 2 4.70632e-08
644.588414330812 3 1.26828e-07
662.168037911347 9 3.81606e-08
662.21233597594 6 4.30086e-08
662.747463031605 7 2.74922e-08
670.497462844601 7 3.50008e-07
671.168038071986 9 2.38172e-08
701.768037898069 9 1.04809e-07
702.412336087955 6 4.4025e-08
721.018038059721 9 5.95882e-08
724.947462660243 7 3.84779e-07
725.725788078502 8 5.68097e-08
726.492830611603 11 1.10725e-07
731.375788255635 8 2.82725e-08
731.397462745271 7 1.10547e-07
735.34283066858 11 7.20044e-09
737.175787993603 8 4.33166e-07
737.197463019367 7 1.06423e-07
742.442830568753 11 8.01805e-08
742.975788253366 8 8.90554e-08
743.79746299973 7 1.49745e-07
749.692830646786 11 2.3271e-08
752.797463241306 7 3.2309e-08
756.142830400923 11 1.00736e-07
756.775788045818 8 8.44734e-08
758.597462565595 7 5.69615e-06
762.518037958125 9 1.02096e-07
763.262336092463 6 2.06152e-08
786.662336208272 6 4.45738e-08
798.647462978241 7 1.59614e-07
799.518037686788 9 1.86727e-07
800.312335653533 6 1.90736e-07
805.097462975328 7 3.02703e-08
805.168037811445 9 1.39809e-07
805.962335795638 6 5.29741e-08
811.697462824462 7 8.68235e-08
816.853661378457 5 1.11213e-07
818.313069531979 2 3.27942e-07
818.479004107813 10 8.78601e-08
820.175788055161 8 1.81488e-07
820.842830439801 11 2.59234e-07
824.547463041306 7 7.29704e-08
825.825788396256 8 3.45397e-08
826.213069708114 2 7.73939e-08
827.029004288129 10 2.14752e-08
828.603661068654 5 5.60301e-07
830.992830504588 11 1.2525e-07
831.625787830848 8 6.54089e-07
835.063379148082 2 4.30049e-08
837.425788094842 8 5.08422e-08
838.253661478681 5 4.11247e-08
839.042830331138 11 8.24769e-08
843.875788281439 8 1.11621e-08
844.713070090598 2 2.0364e-08
846.292830274263 11 2.28987e-07
849.503661269145 5 2.18334e-07
852.763069769449 2 6.962e-08
853.479004448854 10 2.59265e-08
854.325788130016 8 1.34834e-07
855.153661291659 5 1.30993e-07
857.392830503442 11 5.03646e-08
859.797463024394 7 7.75846e-08
859.975788368774 8 2.20665e-08
862.263069832994 2 5.78697e-08
863.992830442662 11 9.45351e-08
865.625788142464 8 1.11378e-07
869.603661493684 5 4.55471e-08
869.642830524619 11 3.69552e-08
871.27578808844 8 7.61654e-08
876.203661552595 5 7.98823e-08
876.7130700071 2 3.32278e-08
877.842830446963 11 1.0768e-07
877.875787805464 8 1.7542e-06
883.642830353119 11 2.89856e-07
883.675788067653 8 6.58506e-08
886.503661412366 5 1.02343e-07
892.153661357287 5 5.13598e-08
893.442830395049 11 1.08742e-07
893.475787811366 8 1.12999e-06
895.847462815556 7 2.68555e-07
899.242830678653 11 4.48798e-08
899.275788249754 8 2.05902e-08
900.05366136964 5 1.51628e-07
905.853661449301 5 2.39586e-08
906.642830731461 11 3.65021e-08
906.675788178993 8 2.9555e-08
911.653661199871 5 1.19366e-07
917.453661608991 5 1.91658e-08
918.042830395396 11 1.21255e-07
918.075787742226 8 3.93372e-06
920.763069954583 2 2.19652e-08
923.1036611923 5 7.0899e-08
924.675788208185 8 5.16957e-08
928.642830427468 11 6.22134e-08
930.475788117628 8 5.11517e-08
932.103661372667 5 5.32804e-08
934.947462915528 7 1.05895e-07
937.368038005778 9 3.75756e-08
940.747463014568 7 8.14475e-08
943.168038169488 9 3.94572e-08
952.947462874097 7 1.01774e-07
955.325788235965 8 5.50241e-08
956.153661325465 5 6.92127e-08
956.81307008765 2 2.37213e-08
958.442830647004 11 5.65152e-08
958.597463121103 7 3.97805e-08
961.775788201626 8 2.06133e-08
964.242830717279 11 4.19426e-08
965.003661219952 5 1.83661e-07
966.613070074025 2 1.07425e-08
970.65366132979 5 9.50085e-08
973.025788123172 8 8.51366e-08
973.092830639431 11 4.88351e-08
978.825788048949 8 2.22774e-08
978.892830586669 11 4.4444e-08
979.503661234727 5 6.62149e-08
984.625788271984 8 9.03866e-09
985.303661431551 5 3.02867e-08
991.313069856394 2 5.21795e-08
991.903661612241 5 4.07661e-08
992.825788393132 8 3.07992e-08
994.329004332866 10 1.70567e-08
997.842830571014 11 3.74169e-08
998.625787845251 8 3.52559e-07
1000.103661472856 5 1.32465e-07
1002.647463213126 7 4.04167e-08
1003.492830758725 11 1.35077e-08
1005.903661308083 5 1.05719e-07
1008.275788003558 8 2.30306e-07
1009.142830436073 11 9.42706e-08
1012.203661216427 5 3.38989e-07
1013.925787915028 8 4.62158e-07
1014.792830378254 11 2.74378e-07
1016.947463013878 7 8.0915e-08
1019.575788187784 8 7.50762e-08
1020.442830665599 11 1.09833e-07
1021.853661095695 5 2.00384e-07
1024.929004526217 10 1.68269e-08
1024.96306995598 2 3.77599e-08
1025.875787921343 8 2.17584e-07
1026.09283047698 11 1.48036e-07
1027.503661219391 5 1.94312e-07
1031.742830892134 11 2.41532e-08
1033.153661375998 5 4.66719e-08
1034.725787915062 8 1.34237e-07
1036.197462904331 7 2.0869e-07
1038.042830750809 11 1.05514e-08
1038.803661169617 5 1.88027e-07
1043.529004155839 10 4.74988e-08
1043.563069583606 2 7.67743e-08
1046.053661134531 5 1.08665e-07
1047.57578799703 8 1.64548e-07
1047.69283043063 11 2.82541e-07
1053.375788463077 8 4.93246e-08
1054.163069911681 2 4.69957e-08
1054.253661232229 5 1.59147e-07
1057.192830372917 11 1.92582e-07
1058.797463338395 7 3.5815e-08
1059.17578799836 8 1.45926e-07
1063.253661340988 5 8.98374e-08
1063.81306980754 2 7.6185e-08
1065.179328371695 10 5.55422e-09
1066.57578825841 8 4.69944e-08
1069.053661328868 5 4.53685e-08
1070.113069837853 2 5.31598e-08
1072.375787922463 8 6.20911e-07
1072.44283054041 11 9.76872e-08
1072.447462968537 7 2.36943e-08
1074.853661257674 5 8.18341e-08
1079.775788304589 8 5.71265e-08
1079.84283076232 11 3.50991e-08
1080.503661364001 5 6.66086e-09
1086.375788217747 8 4.13876e-08
1086.747463386654 7 1.97076e-08
1087.613069575953 2 2.92761e-07
1088.429004168996 10 6.67652e-08
1091.103661452993 5 7.10062e-08
1094.575788184463 8 8.69658e-08
1096.613069707806 2 4.60988e-08
1096.629004280704 10 5.81255e-08
1097.55366131089 5 1.37094e-07
1103.353661337785 5 4.98995e-08
1104.225787920585 8 4.83046e-07
1104.242830453388 11 8.29818e-08
1109.003661376615 5 6.72078e-08
1110.025788391359 8 4.56581e-08
1112.897462885561 7 1.02466e-07
1113.768037847127 9 1.96727e-07
1114.512335714827 6 2.02976e-07
1121.72982965465 4 5.90555e-08
1127.379829889428 4 5.55194e-08
1134.629829912577 4 2.88294e-08
1140.929829884212 4 4.20862e-08
1144.147463131422 7 5.94305e-08
1144.312335743723 6 1.53624e-07
1145.01803783593 9 3.03989e-08
1159.412335847447 6 9.14049e-08
1160.26803776355 9 5.69674e-08
1165.062335522702 6 1.04198e-06
1165.918037931259 9 7.59945e-08
1170.712335684883 6 4.18587e-07
1171.568037536679 9 1.38321e-06
1180.212335938151 6 3.16348e-08
1180.268037986539 9 6.60731e-08
1180.997463156189 7 9.53634e-08
1186.012335630538 6 5.79118e-07
1186.068037702793 9 2.09949e-07
1189.047463008043 7 7.66062e-08
1199.288414301049 3 2.43448e-07
1200.013069635549 2 1.32625e-07
1200.829004460668 10 6.36195e-09
1209.738414520338 3 8.35604e-08
1215.388414281313 3 2.23531e-07
1228.213069525876 2 2.48296e-07
1228.229004086212 10 9.04454e-08
1228.238414361093 3 2.66687e-08
1245.238414339436 3 9.29188e-08
1251.038414120612 3 6.20886e-07
1251.613069511377 2 1.98104e-07
1251.629003967059 10 9.43183e-08
1256.838414215332 3 2.81096e-07
1257.413069934287 2 2.31709e-08
1263.438414426258 3 2.24149e-08
1265.613069565584 2 1.39225e-07
1266.579004028895 10 1.32847e-07
1269.088414519795 3 6.82493e-08
1282.588414451347 3 7.27224e-08
1295.012335518599 6 1.6739e-06
1295.068037464762 9 9.95829e-06
1302.412335925164 6 5.42389e-08
1306.468037708635 9 1.4206e-07
1308.147463179783 7 6.02489e-08
1308.212335738781 6 5.46752e-08
1312.268037936805 9 8.41473e-08
1314.012335974188 6 3.31573e-08
1317.918038032509 9 4.28876e-08
1321.038414716851 3 1.85363e-08
1322.597463242142 7 2.93624e-08
1327.413069649146 2 2.35023e-07
1328.288414403082 3 3.9604e-08
1329.029004036002 10 5.93343e-08
1333.063069585024 2 8.26724e-08
1333.938414152925 3 3.97422e-07
1339.588414503904 3 7.14798e-08
1343.418037804463 9 3.14115e-08
1344.162335836894 6 5.69674e-08
1346.6474630502 7 4.12695e-08
1350.52982972184 4 7.00875e-09
1356.329829533274 4 1.79487e-07
1369.179829936842 4 6.74659e-08
1374.829829527255 4 1.5561e-07
1382.668037818028 9 1.88006e-07
1382.762335757916 6 8.9049e-08
1382.847463282108 7 2.05829e-08
1389.629829616562 4 9.14684e-08
1393.362335870216 6 1.00629e-07
1394.068037772343 9 8.48492e-08
1394.747462883218 7 1.08922e-07
1399.868038163603 9 1.50983e-08
1400.397463120381 7 3.82327e-08
1402.713070018688 2 4.90506e-08
1409.668037569537 9 5.44311e-07
1409.912335582913 6 3.36171e-07
1415.468037826789 9 1.60956e-07
1415.562335813312 6 7.38594e-08
1418.697463040966 7 6.11537e-08
1425.738414434405 3 8.823e-08
1428.129004049262 10 1.21968e-07
1428.21306970724 2 2.82277e-07
1433.78841430772 3 1.7194e-07
1437.297462886998 7 3.73173e-08
1438.575788171048 8 1.05868e-07
1440.142830546621 11 5.04456e-08
1442.947462810452 7 1.56534e-07
1446.868037679444 9 1.89047e-07
1447.612335598866 6 6.14734e-07
1452.518037734964 9 4.19925e-08
1453.262335832496 6 1.01705e-07
1458.912335916365 6 9.04598e-08
1459.618037865262 9 8.39356e-08
1461.247462998218 7 7.31761e-08
1474.89746290314 7 1.16059e-07
1475.575788130758 8 4.0148e-08
1477.929004012168 10 9.65093e-08
1478.013069409165 2 1.32822e-06
1481.253661327173 5 4.78356e-08
1483.813069869973 2 1.78158e-08
1485.37578787079 8 3.64414e-07
1485.942830434264 11 1.53026e-07
1486.147463028924 7 1.01475e-07
1489.453661200788 5 1.56425e-07
1491.742830349186 11 2.01926e-07
1491.825787901646 8 3.01602e-07
1495.063069651398 2 1.65064e-07
1495.729004060173 10 7.88572e-08
1499.142830445458 11 7.11546e-08
1499.225787758173 8 1.43546e-06
1502.197463000084 7 1.39062e-07
1506.625788248793 8 6.3485e-08
1507.997462927544 7 7.05125e-08
1518.988414642449 3 3.93681e-08
1527.03841439562 3 4.19639e-08
1530.179004295522 10 2.85306e-08
1531.763069441391 2 6.83889e-07
1532.688414282588 3 7.2844e-08
1538.338414528081 3 5.25428e-08
1543.988414561457 3 3.41214e-08
1554.288414240145 3 1.30182e-07
1560.588414385006 3 1.10918e-07
1562.229004137473 10 1.96398e-08
1563.013069850314 2 9.45636e-08
1566.238414345868 3 9.97341e-08
1578.288414440821 3 6.23944e-08
1591.938414635425 3 3.40471e-08
1594.279003974334 10 2.07155e-07
1594.913069550883 2 9.17519e-08
1597.588414742548 3 2.34237e-08
1600.729004536198 10 1.47144e-08
1603.668037720125 9 7.62171e-08
1604.412335821806 6 7.23092e-08
1607.888414329916 3 5.94632e-08
1647.868037826962 9 7.16503e-08
1648.547463181937 7 9.11779e-08
1648.612335721999 6 1.95856e-07
1653.518037649932 9 2.01617e-07
1654.41233590832 6 8.58955e-08
1658.338414373016 3 6.60847e-08
1678.388414179677 3 1.5989e-07
1682.313069718437 2 6.99214e-08
1682.379004195931 10 7.73453e-08
1684.038414507481 3 5.17883e-08
1704.862336214604 6 1.40029e-08
1716.888414686248 3 1.21499e-08
1722.513069788019 2 8.66972e-08
1722.53841426154 3 3.66939e-07
1722.57900430437 10 1.5343e-08
1727.16233576324 6 1.30778e-07
1727.168037696541 9 2.71777e-07
1732.962335883941 6 8.09995e-08
1732.968037874841 9 6.49606e-08
1733.547462730232 7 1.11202e-07
1742.738414502693 3 3.56644e-08
1765.168037755572 9 2.57098e-07
1765.59746314903 7 2.90294e-08
1765.962335565179 6 3.72215e-07
1771.588414249587 3 2.887e-07
1772.313069754692 2 5.0444e-09
1772.379004223207 10 4.59561e-08
1778.297462973576 7 8.20992e-08
1780.513069720578 2 1.2218e-07
1780.588414283039 3 2.10424e-07
1782.179004391042 10 9.60194e-09
1788.788414333704 3 4.5929e-08
1794.438414609528 3 3.27022e-08
1805.538414483942 3 9.85931e-08
1811.113069574779 2 1.58136e-07
1811.179004023645 10 1.40776e-08
1811.188414159392 3 2.95269e-07
1816.913070028848 2 2.78837e-08
1816.979004603451 10 1.46321e-08
1816.988414717512 3 2.14152e-08
1818.197462996911 7 4.02497e-08
1822.788414053462 3 1.31676e-06
1823.513069759847 2 1.5602e-07
1824.229004175519 10 8.59285e-08
1828.588414560169 3 2.00913e-08
1838.238414149962 3 2.26185e-07
1842.113069534314 2 1.19863e-07
1842.679003997962 10 1.05108e-07
1843.888414304644 3 8.81118e-08
1849.279003998745 10 3.39319e-07
1849.513069571637 2 2.48877e-07
1849.538414288188 3 1.93623e-07
1855.079004257236 10 3.95039e-08
1855.313069865317 2 8.97681e-08
1855.338414173694 3 3.6866e-07
1862.738414457369 3 1.20978e-07
1866.16233582141 6 7.50715e-08
1866.168037738675 9 5.04641e-08
1873.338414258816 3 1.74509e-07
1875.129004558023 10 6.34758e-09
1878.247462825752 7 3.54709e-07
1883.962335707034 6 2.2943e-07
1883.968037627162 9 4.72467e-07
1884.047463240345 7 1.97338e-08
1889.762335779429 6 8.72021e-08
1889.768037882915 9 6.10606e-08
1892.747463019644 7 3.08166e-08
1895.562336190659 6 2.41173e-08
1895.568038137424 9 2.20764e-08
1897.425787934472 8 3.11801e-07
1897.442830606376 11 4.95464e-08
1901.403661220635 5 1.02711e-07
1904.629004332317 10 6.735e-09
1904.66306977879 2 4.82915e-08
1906.425788060392 8 1.22042e-07
1906.442830692278 11 1.3914e-08
1910.253661337295 5 4.06049e-08
1912.225788161979 8 8.33429e-08
1912.647463115339 7 1.91673e-08
1913.692830438863 11 2.29278e-07
1916.853661616858 5 3.52276e-08
1916.863070035147 2 3.04563e-08
1918.025787776216 8 1.04709e-06
1919.492830451017 11 6.11902e-08
1922.653661339645 5 4.26211e-08
1926.092830386562 11 7.54255e-08
1926.225787890943 8 4.41574e-07
1929.497462619143 7 1.01635e-06
1934.16233569906 6 4.155e-07
1934.168037608342 9 3.18595e-07
1937.697463176728 7 1.10227e-08
1939.968038222155 9 6.6694e-09
1941.562335743908 6 1.72038e-07
1945.768037844321 9 4.08175e-08
1947.362335815458 6 1.79153e-07
1948.94746318772 7 3.87092e-08
1956.729829828209 4 2.13001e-08
1960.062335683945 6 4.86524e-08
1960.068037784172 9 1.11001e-07
1965.862336068337 6 8.64237e-09
1967.318037790978 9 1.80691e-07
1971.512335826573 6 7.08548e-08
1972.96803780317 9 1.72547e-07
1977.162335837759 6 7.36154e-08
1981.668037555209 9 1.26543e-06
1982.962335887674 6 6.62185e-08
1983.24746298128 7 2.36753e-08
1988.897462620282 7 1.81298e-06
1990.292830668429 11 4.77019e-08
1990.425788166877 8 5.92155e-08
1994.547462721348 7 3.92755e-07
1999.275788410586 8 3.82175e-08
1999.313069772493 2 1.49058e-07
2000.803661581355 5 5.44947e-09
2005.075788195311 8 1.18186e-07
2007.247462856348 7 1.06545e-07
2012.175788269757 8 7.34367e-08
2013.0474630594 7 1.2475e-08
2014.563069839486 2 3.32647e-08
2016.892830697448 11 5.29312e-08
2017.825788294489 8 1.02874e-07
2018.697462863503 7 1.81256e-07
2020.762336048592 6 6.99511e-08
2020.7680379864 9 6.94459e-08
2024.347463212988 7 2.86353e-08
2026.562335718831 6 7.65149e-08
2026.56803778674 9 6.81905e-08
2032.362336236271 6 9.82361e-09
2032.368038148958 9 5.27291e-09
2039.138414647711 3 4.13036e-09
2043.297462862265 7 1.67717e-07
2044.568038156793 9 1.7327e-08
2048.912335844306 6 1.10648e-07
2048.947463182386 7 3.26006e-08
2050.368037703428 9 1.17659e-07
2055.512335766223 6 5.45574e-08
2056.168037819609 9 1.87998e-07
2061.162335545784 6 1.07485e-06
2061.818037859615 9 9.29874e-08
2066.812335554047 6 1.54326e-06
2067.468037617059 9 1.61458e-07
2070.597463175251 7 2.90045e-08
2072.462335656496 6 2.91933e-07
2073.118037616097 9 4.95393e-07
2077.738414293787 3 1.93172e-07
2079.263070179767 2 1.43375e-08
2084.188414426917 3 7.36845e-08
2090.618038185148 9 6.15468e-09
2122.612335803466 6 5.53785e-08
2122.668037727928 9 8.03556e-08
2124.09746268669 7 2.37651e-07
2132.297463110706 7 2.48871e-08
2134.429004285199 10 9.56423e-09
2134.488414427961 3 1.74387e-07
2134.513069757745 2 1.00414e-07
2145.88841462494 3 1.78728e-08
2149.297462682838 7 2.64401e-07
2150.525788257694 8 4.74165e-08
2153.913069736151 2 5.41312e-08
2155.25366110476 5 2.52543e-07
2161.053661209335 5 2.97297e-07
2163.842830722893 11 2.49128e-08
2165.125787971676 8 1.10153e-07
2166.947463139121 7 1.62025e-08
2169.253661328492 5 3.16705e-08
2169.642830927623 11 1.89146e-08
2173.975787933413 8 3.0518e-07
2175.442830786497 11 4.4391e-08
2175.703661406831 5 6.08626e-08
2181.353661399317 5 2.74953e-08
2182.84283074296 11 3.92024e-08
2186.025788132434 8 1.53169e-07
2188.213069765177 2 9.74306e-08
2188.22900424524 10 4.70443e-08
2188.453661345146 5 6.57361e-08
2194.07578815582 8 1.39502e-07
2194.847463104394 7 3.30396e-09
2195.692830523787 11 1.2394e-07
2197.303661199623 5 3.18006e-07
2200.525787903203 8 3.57151e-07
2201.34283061669 11 1.42645e-08
2202.097462811284 7 1.04008e-07
2206.068037799922 9 6.13803e-08
2206.812335850957 6 4.85019e-08
2211.718037805366 9 1.87108e-07
2212.397463024969 7 7.71535e-08
2212.462335763016 6 8.47304e-08
2217.368037712483 9 2.62549e-07
2218.262335792382 6 9.86744e-08
2222.729829740432 4 4.62314e-08
2231.729829638342 4 8.53932e-08
2237.379829732192 4 4.77111e-08
2243.829829475221 4 2.82482e-07
2250.129829833422 4 8.26719e-08
2258.029829493389 4 2.86023e-07
2263.829829689197 4 6.01914e-08
2269.479829623326 4 1.16301e-07
2275.629829593479 4 1.27656e-07
2282.22982946285 4 1.5102e-07
2293.329829644891 4 1.60409e-07
2299.6298295116 4 1.90325e-07
2307.762335802146 6 9.29321e-08
2308.468037782839 9 1.4969e-07
2316.462335646035 6 2.60234e-07
2316.518037714612 9 5.82781e-08
2323.862335857469 6 6.46474e-08
2323.918037788505 9 3.90069e-08
2332.062335779327 6 1.47099e-07
2332.118037719078 9 8.75725e-08
2337.862335955159 6 1.61633e-08
2337.91803806945 9 5.69606e-08
2343.662335632019 6 2.6112e-08
2343.718037676851 9 1.62871e-07
2354.07982945451 4 3.60154e-07
2361.479829536183 4 2.14875e-07
2367.129829844397 4 5.25602e-08
2373.429829673635 4 1.24798e-07
2380.529829682537 4 5.80406e-08
2386.329829503916 4 2.38009e-07
2392.779829911942 4 3.78121e-08
2399.729829782116 4 4.26295e-08
2404.662335635243 6 9.03583e-08
2404.718037721719 9 1.08069e-07
2416.862336028423 6 4.88748e-08
2416.918038148262 9 2.19886e-08
2434.662336019215 6 2.96965e-08
2437.918037785473 9 1.0887e-07
2440.447462828518 7 2.07256e-07
2443.613069780824 2 3.56427e-08
2444.42578848661 8 5.12133e-08
2445.203661064172 5 1.0514e-06
2448.442830635396 11 4.30027e-08
2451.003661123378 5 5.15372e-07
2453.413069629438 2 1.20205e-07
2454.029003899864 10 2.64632e-07
2458.25366121244 5 8.69946e-08
2460.625787970134 8 4.32377e-07
2460.642830504468 11 1.14241e-07
2466.425788236318 8 3.41149e-08
2468.497462879671 7 1.67858e-07
2474.297463009672 7 1.08564e-07
2478.862336347648 6 1.25483e-08
2479.925788080113 8 1.47202e-07
2480.097463065378 7 6.28015e-08
2480.692830672753 11 3.19639e-08
2487.997462829929 7 5.1419e-07
2490.918037768819 9 1.43526e-07
2491.862335606434 6 8.13605e-08
2499.118037753148 9 1.94222e-07
2499.262335835096 6 4.15244e-08
2503.938414238812 3 1.77785e-07
2509.738414557003 3 5.62281e-08
2510.263069969802 2 6.64422e-08
2520.838414497226 3 6.82178e-08
2524.047462794737 7 2.21514e-07
2524.918038143794 9 2.70045e-08
2528.088414201011 3 7.03286e-07
2533.429004344555 10 3.63276e-08
2533.66306980951 2 9.34702e-08
2533.738414537176 3 4.31759e-08
2539.538414209235 3 2.00083e-07
2547.288414431744 3 6.0025e-08
2560.13841441598 3 1.57338e-07
2568.988414746801 3 1.93627e-08
2574.638414275212 3 1.0328e-07
2575.313069603201 2 2.13554e-07
2576.029003956146 10 8.28147e-08
2583.188414252339 3 2.58525e-07
2583.213069801009 2 1.9534e-07
2588.818038172503 9 3.12361e-08
2595.418038097963 9 4.2067e-08
2601.788414460436 3 5.90886e-08
2618.362335962887 6 1.64886e-08
2618.368037865975 9 6.22801e-08
2624.162335818239 6 1.26533e-07
2624.168037916438 9 6.37945e-08
2627.947462885661 7 7.2829e-08
2630.375788207326 8 1.68296e-08
2631.142830581445 11 7.35421e-08
2634.547462826695 7 2.1836e-07
2638.575788305951 8 4.13563e-08
2642.542830632248 11 2.21962e-08
2645.147462735702 7 1.22657e-07
2650.48841424825 3 1.86946e-07
2657.088414233544 3 1.66318e-07
2659.129004035574 10 1.12127e-07
2659.263069630867 2 1.58692e-07
2662.888414149982 3 5.73805e-07
2664.929004266084 10 3.54528e-08
2665.063069845524 2 4.11774e-08
2669.988414207332 3 1.2539e-07
2682.838750583617 3 1.44623e-05
2683.529004002344 10 8.93365e-08
2683.663069607753 2 3.46509e-08
2690.888414624695 3 6.67826e-08
2693.962335611046 6 5.84562e-07
2693.968037547305 9 1.34442e-06
2693.997463244883 7 2.66518e-08
2699.762336145658 6 4.62178e-08
2699.768038047505 9 1.91657e-08
2716.762335791687 6 4.80227e-08
2716.768037715073 9 2.10176e-07
2718.197462973461 7 1.01922e-07
2722.562336160737 6 2.88102e-08
2725.429829726966 4 5.58918e-08
2731.079829630893 4 1.36145e-07
2737.529829489048 4 6.62203e-07
2743.179829846084 4 3.11264e-08
2751.729829659129 4 1.50373e-07
2757.379829676176 4 7.57134e-08
2763.029829733617 4 5.37716e-08
2768.679829563435 4 9.5413e-08
2774.762335989692 6 7.45484e-08
2774.918038140615 9 1.97319e-08
2777.229829595436 4 1.70799e-07
2783.029829513766 4 2.48174e-07
2789.329829742168 4 4.91321e-08
2794.979829773095 4 1.24892e-07
2801.429829541214 4 2.47629e-07
2807.079829942302 4 3.14299e-08
2814.17982944609 4 4.73012e-07
2820.562336142746 6 3.80964e-08
2826.079829581444 4 1.14199e-07
2834.279829628979 4 1.23096e-07
2842.179829740918 4 3.30204e-08
2845.412335772026 6 1.56237e-07
2846.168037828029 9 1.05878e-07
2848.497463091656 7 1.39576e-08
2851.06233553979 6 9.1685e-07
2851.818037678886 9 3.75967e-07
2857.362335931365 6 4.99399e-08
2858.918038082871 9 4.18608e-08
2863.012335971767 6 3.45147e-08
2866.968037764598 9 6.44585e-08
2868.662335625431 6 6.92037e-08
2873.418037671291 9 1.21285e-07
2874.462335623048 6 2.30169e-07
2877.347462929518 7 1.42781e-07
2880.538414341053 3 1.25378e-07
2886.188414403439 3 4.44622e-08
2892.518037992721 9 6.40463e-08
2893.862336113503 6 2.78861e-08
2898.168037825203 9 1.17669e-07
2898.197462968795 7 6.20024e-08
2899.662335498653 6 1.5678e-06
2918.262335669193 6 1.86815e-07
2918.36803770714 9 8.64218e-08
2922.097462754443 7 4.87655e-07
2924.375788240895 8 9.99224e-09
2927.21803777446 9 7.27005e-08
2927.262335872735 6 6.08358e-08
2930.147462790043 7 3.28755e-07
2932.575788089117 8 1.12238e-07
2933.142830664279 11 6.68863e-08
2936.597463084104 7 1.52866e-08
2939.742830643632 11 6.12298e-08
2940.475788192724 8 9.73701e-08
2942.247462856368 7 8.81672e-08
2946.053661086982 5 4.05337e-07
2947.875787998531 8 2.38288e-07
2948.592830688125 11 7.21079e-08
2949.497462752448 7 2.68547e-07
2952.218037721976 9 4.93068e-08
2952.262335677332 6 1.54243e-07
2955.947462890141 7 2.28707e-07
2960.488414329583 3 1.66841e-07
2966.288414365816 3 2.00031e-08
2974.338414302157 3 2.77211e-07
2984.647462946945 7 1.58129e-07
2988.503661111362 5 3.50282e-07
2988.575788408834 8 1.86893e-08
2992.492830501937 11 5.87663e-08
2994.303661230021 5 1.15134e-07
2995.825788202672 8 3.60478e-08
2997.313069796359 2 4.26294e-08
3000.542830766369 11 3.877e-08
3000.603661575662 5 3.14614e-08
3002.12900415292 10 9.93845e-08
3002.963069825348 2 3.95265e-08
3004.525788168031 8 1.117e-07
3006.403660965605 5 7.29296e-06
3012.053661470297 5 6.68496e-08
3013.392830398294 11 8.56836e-08
3014.175787911898 8 1.69187e-07
3015.747462951453 7 7.97575e-08
3019.003661434156 5 3.98831e-08
3019.042830762809 11 2.38224e-08
3019.825788399256 8 3.19334e-08
3020.613069933499 2 1.97822e-08
3024.842830379722 11 1.75827e-07
3025.625788138673 8 7.57991e-08
3030.403661533805 5 1.45795e-08
3030.49283051141 11 7.62492e-08
3031.275788059429 8 7.43114e-08
3036.292830284277 11 5.20472e-07
3036.447463202706 7 3.37164e-08
3037.075787880005 8 3.80544e-07
3038.303661220759 5 1.04601e-07
3042.875788537966 8 7.12441e-09
3043.863069639313 2 1.11147e-07
3043.953661615334 5 4.05794e-08
3044.579004026997 10 1.61819e-07
3048.497462707626 7 2.54481e-07
3050.092830644558 11 6.32231e-08
3050.125788164671 8 4.84097e-08
3054.297462946883 7 5.76232e-08
3055.892830726083 11 3.63855e-08
3060.09746294917 7 9.57414e-08
3061.218037713965 9 1.5949e-07
3061.912335526864 6 8.34085e-07
3067.71233580249 6 1.55967e-07
3067.818037831719 9 1.12446e-07
3068.947463136714 7 2.70443e-08
3072.129829705126 4 1.86643e-07
3080.029829721498 4 6.21272e-08
3085.679829744452 4 1.14482e-07
3091.329829837268 4 4.05846e-08
3097.779829546006 4 1.12784e-07
3103.429829832045 4 4.79863e-08
3109.079829804766 4 6.97059e-08
3117.629829715183 4 3.63328e-08
3123.279829956744 4 4.37175e-08
3126.312335558453 6 7.3323e-07
3126.418037619393 9 2.22065e-07
3132.112335989197 6 2.63431e-08
3136.868038011228 9 9.6754e-09
3151.212336160314 6 2.10658e-08
3156.918037930288 9 6.24427e-08
3157.012335840436 6 5.88919e-08
3160.047462941711 7 8.90577e-08
3162.718038116634 9 6.84325e-09
3166.438414236485 3 2.55747e-07
3167.979003944072 10 3.94206e-07
3168.063069415202 2 7.60907e-07
3174.488414508642 3 2.34236e-08
3180.263069728887 2 3.13154e-08
3180.288414012875 3 9.9973e-06
3180.979004385924 10 4.34804e-08
3186.088414301806 3 2.57794e-07
3192.112335747813 6 9.10142e-08
3192.868037455412 9 1.04935e-05
3197.76233576397 6 7.24747e-08
3198.518037899498 9 4.50619e-08
3203.562335803467 6 1.1611e-07
3204.168037918638 9 4.53307e-08
3213.668037598775 9 3.61184e-07
3214.012335587061 6 5.30868e-07
3219.179829681007 4 1.49427e-08
3224.118037790479 9 1.34302e-07
3224.612335819667 6 6.09889e-08
3230.41233567564 6 3.00585e-07
3230.718037744036 9 1.03949e-07
3238.11803784363 9 1.58977e-07
3238.462335844171 6 4.20831e-08
3250.512335517045 6 1.30055e-06
3250.818037535279 9 8.4249e-07
3252.597463043797 7 9.02555e-08
3256.312335668136 6 4.39624e-07
3256.618037860588 9 4.88833e-08
3262.112335936596 6 1.95539e-08
3262.268037815837 9 6.71755e-08
3267.912335668779 6 3.29146e-07
3267.918037741612 9 2.17477e-07
3273.712335629654 6 7.36359e-07
3273.718037709622 9 3.64048e-07
3277.447463367445 7 1.81321e-08
3279.512336078038 6 5.82022e-08
3283.518037546902 9 9.48907e-07
3285.312335636902 6 1.83488e-07
3289.318037680889 9 1.30818e-07
3290.962335787044 6 1.74703e-07
3294.968037536996 9 7.07966e-07
3296.547463093028 7 3.13598e-08
3296.612335810148 6 1.43115e-07
3300.618037801674 9 3.86291e-08
3302.347462802247 7 3.96455e-08
3303.712335704642 6 5.65926e-07
3306.268038040204 9 8.69573e-08
3309.512335712747 6 3.62309e-07
3311.918037575628 9 6.27746e-07
3315.16233558865 6 4.46317e-07
3317.568038038972 9 1.8012e-08
3320.812335928712 6 1.7019e-08
3321.297463150352 7 1.95881e-08
3324.538414440377 3 4.70974e-08
3336.738414830399 3 3.84578e-08
3338.297462908514 7 3.65334e-08
3338.918037791885 9 1.02831e-07
3338.962335865063 6 4.69137e-08
3346.362336205378 6 1.25481e-08
3351.118037876626 9 3.28244e-08
3352.012335771957 6 2.19669e-07
3356.76803778006 9 8.15047e-08
3357.662335979254 6 6.55136e-08
3363.312335727718 6 1.02127e-07
3363.71803764126 9 4.46366e-07
3369.112335556819 6 5.40705e-07
3369.36803770384 9 1.71578e-07
3374.912335565593 6 4.00279e-07
3375.018037644494 9 3.20433e-07
3380.668037962236 9 2.51208e-08
3380.712335912445 6 8.98905e-08
3387.268037792148 9 7.86627e-08
3387.312335656894 6 4.49575e-07
3390.047462924872 7 1.32265e-07
3399.688414349282 3 4.72944e-08
3405.263069668417 2 9.55817e-08
3405.338414256683 3 3.1757e-07
3405.979003798262 10 1.14228e-06
3412.738414286224 3 7.16326e-08
3424.638414764632 3 1.77892e-08
3438.288414464049 3 6.60358e-08
3440.579418210488 10 3.26246e-08
3440.663069861962 2 9.0782e-08
3443.938414654942 3 2.9425e-08
3449.738414578925 3 3.06229e-08
3454.668038028265 9 3.77386e-08
3454.712336146954 6 2.37619e-08
3461.938414361908 3 1.25701e-07
3467.73873878597 3 2.69988e-08
3481.538414558504 3 3.0856e-08
3488.938414391486 3 2.02103e-07
3494.738414364075 3 1.27562e-07
3495.179004027308 10 6.38503e-08
3495.913069529401 2 4.49726e-07
3502.938414293616 3 7.60419e-08
3509.388414437901 3 6.20667e-08
3510.213510909399 2 3.19869e-08
3521.297463103921 7 4.13088e-08
3526.947463035416 7 4.3752e-08
3527.625787969153 8 9.32383e-08
3528.442830494657 11 7.89224e-08
3529.303661618154 5 4.37721e-08
3535.103661350197 5 4.15324e-08
3536.625788046037 8 1.92541e-07
3536.642830551748 11 1.66376e-07
3540.753661130084 5 2.55677e-07
3542.913069923449 2 1.72113e-08
3546.129004048513 10 1.45096e-08
3547.203661240664 5 1.17393e-07
3549.625788113163 8 2.39782e-07
3550.292830523764 11 5.51142e-08
3553.397463127259 7 8.77514e-08
3555.275788091339 8 1.94226e-07
3555.942830786281 11 2.05402e-08
3556.553661388843 5 1.77947e-08
3560.925787736439 8 3.43821e-06
3561.592830181325 11 2.52796e-06
3564.647463123804 7 7.43388e-08
3566.725787849268 8 4.39662e-07
3567.242830378626 11 4.90595e-08
3570.297462866414 7 6.70365e-08
3572.525788026387 8 2.94639e-07
3572.892830471164 11 7.60909e-08
3577.547462768774 7 1.31006e-07
3578.325788065904 8 5.62145e-08
3578.542830624073 11 3.64361e-08
3583.19746289322 7 1.5697e-07
3583.975788122351 8 1.03596e-07
3584.342830576964 11 1.20666e-07
3588.847462696554 7 9.01502e-08
3590.27578829077 8 7.0677e-08
3591.742830552042 11 8.79065e-08
3596.59746287151 7 6.50087e-08
3597.375788203386 8 6.85821e-08
3604.59283062273 11 4.28658e-08
3604.625788285767 8 1.76098e-08
3604.647463236261 7 3.96038e-08
3611.992830413293 11 1.09867e-07
3612.025788081037 8 1.02035e-07
3617.79283046741 11 1.21911e-07
3617.825788031182 8 6.07472e-08
3618.947462898682 7 9.38626e-08
3623.59283049935 11 9.03777e-08
3623.625788020991 8 6.50416e-08
3624.597462831061 7 2.45929e-07
3629.42578841524 8 2.8403e-08
3630.24746296204 7 3.1167e-08
3635.875788359192 8 2.97245e-08
3635.897462969003 7 1.52106e-07
3638.163069820001 2 4.09546e-08
3639.642830531591 11 2.05899e-07
3639.653661500868 5 3.90076e-08
3645.442830518989 11 5.85045e-08
3645.453661504321 5 5.46696e-08
3645.675788088712 8 1.18684e-07
3651.25396195489 5 4.7025e-08
3651.813069680929 2 1.42213e-07
3652.579004152045 10 9.04328e-08
3655.32578822056 8 7.45301e-08
3657.547463199266 7 1.1986e-08
3658.442830567979 11 1.11447e-07
3660.103661353392 5 2.08342e-07
3663.375788127275 8 6.01237e-08
3664.242830605885 11 5.02707e-08
3668.003661378748 5 7.16633e-08
3669.175788297647 8 3.10221e-08
3670.413070018155 2 5.06892e-08
3671.997462652235 7 1.20435e-06
3677.647463098901 7 6.20633e-08
3692.83841433222 3 2.62462e-07
3694.379004057092 10 2.70778e-08
3694.463069710351 2 1.0649e-07
3699.788414157198 3 3.93503e-07
3704.263069688236 2 6.6539e-08
3704.829004411859 10 2.28447e-08
3705.438414530608 3 4.82972e-08
3712.597462830466 7 1.526e-07
3714.025788041924 8 7.27371e-08
3715.642830680739 11 3.76948e-08
3715.75366132657 5 1.03897e-07
3721.42578786503 8 5.24484e-07
3721.442830270205 11 6.65676e-07
3723.197462908153 7 1.03873e-07
3727.225788074753 8 2.66299e-07
3727.242830472099 11 2.38488e-07
3728.75366120841 5 2.90629e-07
3730.413070045817 2 4.34191e-08
3733.025788239197 8 2.39456e-08
3733.692830539166 11 7.73675e-08
3736.803661250789 5 1.03617e-07
3739.113069673402 2 1.47933e-07
3739.129004250641 10 4.20791e-08
3742.025787998169 8 3.11604e-07
3742.692830622601 11 4.36161e-08
3743.253661305986 5 8.36973e-08
3748.903661499536 5 4.10075e-08
3749.292830482048 11 5.79661e-08
3750.2257879584 8 2.11018e-07
3756.113069913042 2 3.57206e-08
3756.153661273061 5 1.10993e-07
3760.542830681289 11 5.91454e-08
3761.325788373085 8 1.61648e-08
3761.95366105269 5 1.0523e-06
3767.75366149028 5 3.54239e-08
3768.629004205916 10 6.31089e-08
3768.663069695996 2 8.18942e-08
3771.125787962991 8 1.32463e-07
3771.142830634371 11 5.09048e-08
3772.547462947488 7 3.09241e-08
3776.925787984673 8 9.26452e-08
3776.942830608697 11 1.65042e-08
3780.029004053107 10 2.01192e-08
3780.063069556439 2 3.73427e-07
3782.725788031992 8 1.4268e-07
3783.542830568712 11 3.00985e-08
3784.453661337783 5 8.69881e-08
3786.66306998638 2 4.09792e-08
3790.125788072985 8 1.33839e-07
3790.253661473522 5 2.03469e-08
3791.74283069988 11 6.61286e-08
3795.925787908768 8 3.76019e-07
3798.863069857227 2 8.77457e-08
3799.75366103626 5 5.37373e-07
3802.992830449006 11 1.83555e-07
3803.025788020219 8 1.9285e-07
3807.797463019744 7 6.79776e-08
3808.792830697083 11 1.5101e-08
3808.825788080174 8 1.36087e-07
3814.592830269141 11 1.32857e-06
3814.625787964866 8 2.36974e-07
3820.392830482087 11 7.08735e-08
3821.225788237324 8 3.62874e-08
3826.192830324382 11 3.19473e-07
3827.025787765724 8 3.33756e-06
3828.647463227737 7 2.54533e-08
3830.353661494033 5 7.18103e-09
3831.84283055879 11 6.85197e-08
3833.475788102608 8 1.50523e-07
3835.897462946895 7 1.76594e-07
3837.492830287011 11 9.09093e-07
3839.275788300167 8 7.76146e-08
3839.853661055813 5 4.57549e-07
3842.263069563027 2 1.57569e-07
3842.979004311253 10 2.82519e-08
3845.547462885534 7 3.24294e-07
3849.542830469406 11 1.12824e-07
3849.575788153954 8 1.19027e-08
3856.142830904495 11 9.95377e-09
3857.747462556848 7 1.59152e-06
3922.5384147115 3 3.33031e-08
3929.268037676502 9 1.92363e-07
3929.312335758392 6 9.99238e-08
3935.068037974051 9 8.09651e-08
3935.112335960064 6 4.2399e-08
3940.912335744196 6 1.42006e-07
3941.668037739738 9 3.27121e-07
3946.712335807405 6 5.45891e-08
3947.468037871712 9 7.63382e-08
3947.54746290599 7 5.46526e-08
3951.225788019646 8 1.99314e-07
3952.042830485072 11 7.46079e-08
3956.875788074796 8 3.13088e-08
3957.692830312552 11 3.93608e-07
3961.653661624029 5 1.34782e-08
3962.525788239799 8 1.28001e-07
3963.342830836599 11 2.4058e-08
3967.303661263246 5 1.9982e-07
3968.325788121128 8 6.31694e-08
3968.99283083406 11 2.07857e-08
3971.179004317416 10 1.70721e-08
3971.263069748242 2 1.40249e-07
3973.347462836404 7 2.20211e-07
3974.125788220997 8 6.18361e-08
3975.592830545517 11 1.75948e-07
3978.997462706995 7 7.26221e-07
3982.175787983952 8 4.58381e-07
3982.192830587071 11 2.50801e-08
3984.512335906578 6 1.09973e-07
3984.647462967018 7 6.05438e-08
3985.268037651096 9 4.29535e-08
3997.468037698616 9 1.08985e-07
3997.512335570842 6 8.68425e-07
4003.268037963354 9 6.78706e-08
4003.312335903504 6 7.57492e-08
4009.868037892739 9 2.33437e-08
4009.912335792303 6 5.3931e-08
4015.668037833486 9 4.57143e-08
4015.712335905523 6 6.6969e-08
4016.047462828965 7 1.68776e-07
4021.51233619964 6 2.86612e-08
4028.91233563779 6 3.86395e-07
4029.468037682138 9 3.83132e-08
4030.647462842438 7 1.50773e-07
4032.775788374124 8 7.465e-08
4034.712336068367 6 3.86581e-08
4035.118038133711 9 3.71066e-08
4036.297462832509 7 1.93257e-07
4040.918037941997 9 1.07944e-07
4041.162335924313 6 1.43774e-08
4042.0974632405 7 1.22291e-08
4048.318037832222 9 8.69865e-08
4048.412335704371 6 1.10078e-07
4058.638414514089 3 4.18834e-08
4064.179004157183 10 1.64408e-08
4064.263069762444 2 1.01588e-07
4064.438414046207 3 3.19233e-06
4089.197462815034 7 2.61466e-07
4090.925788021446 8 1.32052e-07
4091.542830419977 11 1.37301e-07
4094.9974631827 7 4.22623e-08
4098.975788160743 8 4.36617e-08
4099.742830481253 11 8.58576e-08
4102.247462802202 7 2.03037e-07
4105.318037823664 9 5.17883e-08
4106.212335809359 6 2.14564e-08
4111.118038044306 9 4.06109e-08
4114.17982946281 4 2.49078e-07
4119.979829613472 4 9.12374e-08
4125.629829682029 4 2.44835e-08
4131.929829698149 4 7.71274e-08
4137.579829873559 4 3.88847e-08
4141.462335675039 6 2.40177e-07
4141.568037710688 9 3.14092e-07
4149.662336072464 6 3.14592e-08
4151.868037599683 9 4.27223e-07
4157.263069745211 2 3.52109e-08
4158.088414095794 3 1.1153e-06
4158.629004299718 10 1.45693e-08
4163.863069631302 2 9.3794e-08
4163.888414144976 3 7.70214e-07
4164.429004256533 10 3.2062e-08
4193.538414344918 3 8.57183e-08
4194.313069900696 2 1.36766e-08
4209.497462777392 7 1.59036e-07
4214.225788120643 8 9.90094e-08
4215.963069514912 2 4.32987e-07
4216.629004196314 10 4.44067e-08
4218.153661033353 5 7.48136e-07
4222.347462888869 7 5.10699e-08
4224.718038039054 9 4.05602e-08
4227.997462912631 7 2.11116e-07
4228.025788247922 8 6.87452e-08
4232.813069762638 2 9.55218e-08
4234.353661142035 5 3.42558e-07
4236.792830779811 11 1.49513e-08
4240.153661607855 5 1.22802e-08
4240.225787990234 8 5.7424e-08
4243.392830638145 11 1.05109e-07
4245.953661509688 5 4.66035e-08
4246.025788621982 8 1.30295e-08
4249.042830642332 11 3.15523e-08
4251.753661335718 5 1.02134e-07
4251.825788287185 8 2.10823e-08
4256.142830349761 11 2.67844e-07
4257.625788253722 8 2.46705e-08
4259.26306998715 2 5.86493e-08
4260.847463051273 7 1.1778e-07
4263.242830394557 11 2.91847e-07
4263.275788001582 8 2.06365e-07
4269.042830433343 11 8.90851e-08
4269.725788001151 8 2.27861e-07
4271.153661176967 5 1.61601e-07
4274.692830558091 11 6.02511e-08
4275.375788314865 8 2.99507e-08
4280.15366126782 5 4.34079e-08
4281.792830314666 11 6.02489e-07
4281.825788018386 8 1.16048e-07
4287.592830721436 11 4.87417e-08
4287.625788273378 8 1.87685e-07
4288.203661191638 5 2.70869e-07
4293.392830516361 11 1.31118e-08
4294.225787900807 8 3.68937e-07
4296.103661350698 5 4.8504e-08
4299.192830810296 11 1.42815e-08
4300.025788553964 8 1.55138e-08
4301.753661501267 5 1.73548e-08
4306.429004321078 10 9.71414e-09
4306.513069846072 2 4.97778e-08
4307.403661147651 5 2.84759e-07
4308.992830506091 11 1.84622e-08
4309.025787983586 8 2.39471e-07
4311.14746283213 7 4.40083e-08
4314.825788086441 8 9.07225e-08
4315.592830591284 11 3.3344e-08
4315.603661423363 5 1.69473e-08
4321.403661396408 5 4.05069e-08
4322.192830526115 11 5.47387e-08
4322.225788032718 8 2.26463e-07
4326.629004381453 10 2.37548e-08
4326.713069849372 2 7.9101e-08
4328.02578793851 8 2.26458e-07
4328.792830534599 11 4.73667e-08
4330.403661271469 5 6.26861e-08
4336.053661262782 5 1.00583e-07
4337.642830474401 11 1.74657e-07
4337.675788108783 8 7.71504e-08
4341.70366099867 5 2.46563e-06
4345.842830574699 11 7.88251e-08
4345.875788014368 8 1.75431e-07
4348.429004175371 10 2.86778e-08
4348.513069627104 2 1.83608e-07
4351.197462854888 7 1.08834e-07
4352.76233627703 6 6.53317e-09
4352.768038196516 9 2.23589e-08
4355.238414483989 3 4.63378e-08
4361.038414414622 3 3.43324e-08
4367.368037657109 9 4.92908e-08
4368.162335558315 6 5.16651e-07
4371.247462917513 7 3.13394e-07
4373.168037789081 9 1.05571e-07
4373.962335844013 6 3.24302e-08
4378.968038017271 9 3.27654e-08
4384.562335917397 6 9.51323e-08
4384.768038039301 9 2.65979e-08
4390.362335994502 6 3.97684e-08
4390.418037946222 9 5.80145e-08
4391.947463097865 7 4.03282e-08
4393.588414348825 3 8.0151e-08
4395.029004089002 10 9.57405e-08
4395.113069669323 2 1.04186e-07
4399.388414181082 3 2.75579e-07
4409.188414326091 3 2.01285e-07
4410.429004203948 10 1.31136e-08
4411.31306984982 2 6.34168e-08
4434.038414296807 3 2.51445e-07
4436.229004276927 10 6.76653e-08
4437.913069731899 2 5.37611e-08
4439.68841458485 3 1.07121e-08
4448.538414550751 3 6.32492e-08
4456.588414434266 3 6.17767e-08
4462.238414131914 3 5.26719e-07
4462.829004054365 10 3.81414e-08
4462.913069529085 2 4.65744e-07
4468.038414346132 3 7.23514e-08
4468.629003992485 10 8.4085e-08
4468.713069485918 2 2.63339e-07
4473.838414560426 3 6.30626e-08
4474.429004546166 10 8.59775e-09
4474.513070003555 2 4.07533e-08
4476.147462942803 7 6.90056e-08
4477.762335600484 6 9.07924e-07
4477.818037528165 9 7.93422e-07
4484.438414464983 3 4.63172e-08
4486.629004394922 10 1.12893e-08
4486.713069915945 2 4.38471e-08
4490.088414142314 3 5.61284e-07
4510.138414321611 3 9.27216e-08
4539.547462760179 7 3.41672e-07
4546.842830738828 11 4.78745e-08
4546.875788312961 8 6.4141e-08
4547.747463071512 7 9.58075e-09
4552.67578811502 8 2.8097e-08
4553.397463164943 7 1.98905e-08
4553.442830709261 11 3.49954e-08
4559.997462869694 7 1.92079e-07
4562.142830462601 11 1.39602e-07
4562.175788123201 8 1.48221e-07
4566.147462778608 7 4.00806e-07
4570.375788067109 8 9.01367e-08
4570.992830497502 11 1.08293e-07
4574.197462800325 7 2.33665e-07
4576.362335890168 6 6.52033e-08
4577.218038023304 9 5.20064e-08
4579.847462991454 7 1.32533e-07
4582.275788171098 8 1.24338e-07
4584.562335766776 6 1.53718e-07
4584.618037766339 9 1.90918e-07
4590.362335904143 6 6.85022e-08
4590.418037963054 9 7.19768e-08
4596.162335859716 6 1.01298e-07
4596.868037674102 9 1.94586e-07
4601.962336135579 6 9.08673e-09
4606.21803783755 9 5.69065e-08
4613.362335796367 6 1.36898e-07
4613.46803787349 9 1.155e-07
4619.118037739504 9 2.50645e-07
4619.16233583002 6 4.93745e-08
4627.74746294972 7 4.22717e-08
4628.118037826571 9 8.30858e-08
4628.812336094414 6 3.96287e-08
4630.975788095714 8 1.06825e-07
4631.692830559309 11 1.60554e-08
4634.997462856137 7 3.18307e-07
4640.797463103163 7 4.75188e-08
4643.892830538664 11 8.00631e-08
4643.975788004986 8 4.51367e-08
4647.897462943456 7 9.39242e-08
4649.692830572762 11 6.83435e-08
4651.375788314378 8 2.01296e-08
4653.547462676454 7 4.09077e-07
4656.668037916237 9 3.47366e-08
4656.712335962113 6 5.18401e-08
4662.46803788988 9 4.39367e-08
4662.512335879477 6 1.03438e-07
4668.58841430028 3 6.28473e-08
4674.238414458489 3 4.79133e-08
4676.429004164503 10 1.37205e-08
4676.513069787152 2 7.39152e-08
4689.868038023353 9 1.56675e-08
4690.897462892834 7 9.30475e-08
4692.312335846482 6 4.35966e-08
4696.69746306268 7 3.57175e-08
4698.313069723527 2 1.02727e-07
4702.347462926192 7 1.52856e-07
4703.692830654492 11 4.55699e-08
4705.175788037795 8 9.41534e-08
4707.997463110143 7 5.91385e-08
4709.268037866597 9 6.46668e-08
4710.912335649432 6 3.33176e-07
4717.512335841219 6 5.31804e-08
4718.268037688223 9 1.94342e-07
4723.779829472936 4 1.35595e-07
4729.57982958129 4 2.41441e-07
4736.029829560522 4 1.59522e-07
4744.729829745461 4 9.4392e-08
4748.762336253689 6 4.52658e-09
4750.379829753266 4 8.09872e-08
4757.497463031521 7 5.1654e-08
4757.518037894637 9 4.14718e-08
4757.612335866929 6 1.36601e-07
4763.297463110472 7 9.00133e-08
4763.775788274554 8 6.947e-08
4764.542830641488 11 6.6395e-08
4769.575788026037 8 1.44306e-07
4769.897462817017 7 2.09879e-07
4770.192830662694 11 5.77914e-08
4775.375788295961 8 4.57124e-09
4775.697463172955 7 4.82397e-08
4775.99283076011 11 8.58536e-08
4781.175788399077 8 1.70096e-08
4784.842830744964 11 3.78053e-08
4788.575788112592 8 3.16336e-08
4788.697462711893 7 5.74311e-07
4792.538414512865 3 4.71916e-08
4795.297462815852 7 2.2181e-07
4802.697463165818 7 2.36116e-08
4803.318037823802 9 8.17427e-08
4804.212335880331 6 4.20033e-08
4810.812335766439 6 1.75368e-07
4811.368037606338 9 3.36292e-07
4815.697462660121 7 8.07442e-07
4820.438414287804 3 1.35952e-07
4834.238414214888 3 1.34455e-07
4835.663069501677 2 4.57088e-07
4835.679003876222 10 1.62574e-07
4854.438414491996 3 6.38108e-08
4859.863069836386 2 4.88496e-08
4860.2384141442 3 6.08675e-07
4860.679004462638 10 3.65506e-08
4865.888414361488 3 1.12595e-07
4868.063069477523 2 6.60251e-07
4868.079004037063 10 8.35891e-08
4872.338414329316 3 5.59784e-08
4875.897462787179 7 2.73431e-07
4879.588414323866 3 2.14595e-07
4886.988414043731 3 3.65293e-06
4888.263069625985 2 1.84258e-07
4888.279003969727 10 1.25963e-07
4892.78841449714 3 4.02535e-08
4895.147463257549 7 9.04854e-09
4897.168037733687 9 4.70216e-08
4897.262335790013 6 1.51743e-07
4902.968037728843 9 2.57435e-07
4903.062335802631 6 1.27646e-07
4904.797463038721 7 5.72974e-08
4910.368037737652 9 1.24301e-07
4910.462335816117 6 6.18149e-08
4912.047462964166 7 1.25804e-07
4918.662335805327 6 2.32184e-07
4919.368037692154 9 3.10065e-07
4923.888414245625 3 3.38056e-07
4924.463069854315 2 6.00859e-08
4927.147462805306 7 1.36615e-07
4931.568037701647 9 3.68219e-07
4931.662335787428 6 1.13986e-07
4937.368037635312 9 3.9051e-07
4937.462335576643 6 4.84619e-07
4938.3974631998 7 1.56388e-08
4943.168038169123 9 2.62862e-08
4943.262336113215 6 3.24271e-08
4960.262335989558 6 2.46591e-08
4964.018037857112 9 9.66346e-08
4970.41233580264 6 4.47333e-08
4971.268037825209 9 9.06711e-08
4992.888414504302 3 5.00653e-08
4997.463069613558 2 1.72283e-07
4997.62900388427 10 6.27584e-07
4998.538414296878 3 1.12285e-07
5012.838414575822 3 5.26303e-08
5020.862336179709 6 1.82515e-08
5020.918038106027 9 2.94224e-08
5029.11803802209 9 2.54249e-08
5032.912336217165 6 5.98007e-08
5044.088414261944 3 3.43478e-07
5045.663069503227 2 2.51159e-07
5045.679003900155 10 4.92276e-07
5052.138414322707 3 1.73358e-07
5053.063069650528 2 1.8024e-07
5053.729004024952 10 7.28835e-08
5057.788414531638 3 5.1895e-08
5060.847462712962 7 2.87376e-07
5062.375788250036 8 4.26655e-08
5064.868037670519 9 1.42119e-07
5064.962335742214 6 6.2277e-08
5070.668037944975 9 7.12504e-08
5070.762335874469 6 1.13126e-07
5076.468037916879 9 3.96129e-08
5076.562335984604 6 2.7308e-08
5076.897462751913 7 2.55671e-07
5078.425788125721 8 1.21414e-07
5079.942830544703 11 1.54564e-07
5082.547462884278 7 1.97858e-07
5088.197462897829 7 1.06714e-07
5090.268037752142 9 1.4875e-07
5090.362335828538 6 6.88534e-08
5095.297462945856 7 7.40354e-08
5096.068037777205 9 5.08414e-08
5096.162335825296 6 7.74686e-08
5112.088414252516 3 2.62426e-07
5113.613069498641 2 5.53629e-07
5113.629004019912 10 4.5852e-08
5117.888414634099 3 3.05384e-08
5121.013069796497 2 1.03602e-07
5121.029004224169 10 4.60038e-08
5138.738414682807 3 9.73097e-09
5144.388414217919 3 8.24773e-08
5144.413069968891 2 6.7929e-08
5160.588414458574 3 5.07445e-08
5166.388414282797 3 1.55045e-07
5180.947462934792 7 2.34224e-08
5182.668037735429 9 2.48576e-07
5183.412335599591 6 3.99962e-07
5189.862335794266 6 1.03034e-07
5190.568037924145 9 6.47941e-08
5195.512335598741 6 3.93065e-07
5196.218037595029 9 1.52878e-06
5209.812335853907 6 4.65145e-08
5210.668038011548 9 2.78898e-08
5215.462335715683 6 1.19803e-07
5216.318037857269 9 1.46178e-07
5221.112336133904 6 1.18694e-08
5226.618038125047 9 1.03178e-08
5230.612336125162 6 1.55689e-08
5242.662335748028 6 1.99438e-07
5243.468037640981 9 6.24247e-07
5248.312335686331 6 3.81719e-08
5248.997463317635 7 2.77887e-08
5249.118037477353 9 5.76745e-06
5259.388414256085 3 1.36471e-07
5260.929004419024 10 2.30716e-08
5260.963069883299 2 6.21404e-08
5263.447462817404 7 1.82711e-07
5265.012336069079 6 6.67903e-08
5265.018037990244 9 9.81991e-08
5276.447462851991 7 2.03495e-07
5279.618037836794 9 2.58555e-08
5280.412335933094 6 1.5309e-08
5288.088414230897 3 1.51781e-07
5295.518037950697 9 2.55385e-08
5300.363069820465 2 2.87517e-08
5301.088414613716 3 4.83919e-08
5306.888414174464 3 2.96334e-07
5308.179004202219 10 9.09647e-08
5308.413069796644 2 1.28263e-07
5312.538414102525 3 1.04447e-06
5361.168038149116 9 2.67644e-08
5369.238414248866 3 1.94537e-07
5386.888927297393 3 7.99399e-08
5388.463069934544 2 4.19964e-08
5389.9474629048 7 2.52124e-07
5398.763069993381 2 6.48461e-08
5407.468038106076 9 3.28416e-08
5413.838414406254 3 9.18129e-08
5419.488414458508 3 6.4372e-08
5420.263069843692 2 2.67761e-08
5424.247462806017 7 1.35124e-07
5425.91803783836 9 1.4131e-08
5426.712335727244 6 4.22046e-07
5431.568037746728 9 1.18322e-07
5432.297463057949 7 9.81509e-08
5432.362335754197 6 4.85003e-08
5437.218037926081 9 7.29518e-08
5438.162335929578 6 3.47252e-08
5442.868038131865 9 2.78632e-08
5445.629829662236 4 1.57601e-07
5451.429829926505 4 9.43444e-09
5460.929829608142 4 1.22928e-07
5466.729829720641 4 8.53098e-08
5472.37982953665 4 1.15214e-07
5479.962336082735 6 3.4762e-08
5485.1474632954 7 3.91674e-08
5485.762335519339 6 1.01327e-06
5485.968037624062 9 3.9041e-07
5492.929829704774 4 5.7409e-08
5505.129829700627 4 6.54657e-08
5510.779829670134 4 4.26482e-08
5518.029829574302 4 7.54378e-08
5523.679829949256 4 8.01173e-09
5529.329829673687 4 4.5019e-08
5536.429829625997 4 1.13331e-07
5545.962335734389 6 1.51934e-07
5546.018037754538 9 1.52944e-07
5547.597462624776 7 1.28231e-06
5552.075788128491 8 1.44408e-07
5552.142830791614 11 4.96852e-08
5553.397462772586 7 4.07589e-07
5554.218037779542 9 1.03108e-07
5554.96233597429 6 5.44114e-08
5573.96803794602 9 2.84301e-08
5574.712335810911 6 1.2334e-07
5583.618037729602 9 2.17116e-07
5583.712335630377 6 1.73133e-07
5595.912335894548 6 5.89932e-08
5596.468037745824 9 7.92094e-08
5601.712335507109 6 2.12661e-06
5602.118037705359 9 9.99298e-08
5604.347462875061 7 1.17168e-08
5607.51233591771 6 5.15629e-08
5607.768038033043 9 3.32663e-08
5613.162335783273 6 9.20084e-08
5613.418037727343 9 5.43291e-08
5623.718037819071 9 1.75931e-07
5624.412335699671 6 3.18461e-07
5634.018037840735 9 4.2638e-08
5634.062335737001 6 2.03404e-07
5636.397462799469 7 2.2884e-07
5639.513069765604 2 6.10488e-08
5640.229004293744 10 1.35397e-08
5641.103661217709 5 1.06754e-07
5646.903661265726 5 1.04837e-07
5649.313069567258 2 4.17089e-07
5650.029003983474 10 1.40726e-08
5652.703661590907 5 1.84491e-08
5653.075788128335 8 7.12722e-08
5654.997463211739 7 7.34459e-08
5655.892830743398 11 1.04449e-08
5658.875788369257 8 4.78122e-08
5660.618038018065 9 4.31493e-08
5660.662336081811 6 3.3442e-08
5660.797462927206 7 1.83744e-07
5667.247462825504 7 3.32196e-07
5668.018037976162 9 2.87036e-08
5668.06233597473 6 7.25757e-08
5675.08841441252 3 1.12003e-07
5678.163069638554 2 5.39018e-08
5678.229004102437 10 2.44652e-08
5680.738414586773 3 7.1515e-08
5686.538414351598 3 1.45473e-07
5690.363069800374 2 1.32587e-07
5692.338414627562 3 2.88652e-08
5696.218038183805 9 3.25937e-08
5700.112335754451 6 2.96471e-07
5702.018038069573 9 6.08983e-08
5705.762336071378 6 2.62574e-08
5715.912335773915 6 7.18937e-08
5716.618037955737 9 1.24421e-07
5721.712335991724 6 2.68794e-08
5724.0180379893 9 6.85767e-08
5727.362335710815 6 2.42639e-07
5729.668037464657 9 8.09641e-06
5731.147462899935 7 9.14361e-08
5734.462335677096 6 3.07103e-07
5735.318037492289 9 4.27775e-06
5740.912335675516 6 2.05898e-07
5740.968037779183 9 1.03058e-07
5743.197462795235 7 1.74226e-07
5746.275788171417 8 1.4628e-07
5747.953661196444 5 1.03125e-07
5753.753661459097 5 3.36814e-08
5754.413069849196 2 4.46028e-08
5756.742830597207 11 9.74777e-08
5756.875788018153 8 3.9557e-07
5760.203661449825 5 3.51354e-08
5760.213069723302 2 7.54184e-08
5762.542830586618 11 8.54804e-08
5762.675788040085 8 2.35708e-07
5768.342830760217 11 6.02334e-08
5768.475788127505 8 5.13736e-08
5770.013069510967 2 2.07505e-07
5770.429004225779 10 3.56709e-08
5772.997463059367 7 3.03959e-08
5774.125787885158 8 3.96149e-07
5774.14283045267 11 8.98366e-08
5776.253661064869 5 2.16138e-07
5780.725788278335 8 6.9313e-08
5781.913069645328 2 6.19612e-08
5782.629004415962 10 2.32577e-08
5783.597463035195 7 5.38973e-08
5786.042830590341 11 8.3797e-08
5786.375787897648 8 3.2089e-07
5790.85366117879 5 1.8722e-07
5794.029004092471 10 1.1464e-07
5794.113069537832 2 1.59075e-07
5794.888414708311 3 1.84932e-08
5796.597463197114 7 4.75444e-08
5796.675788158439 8 8.4017e-08
5798.103661339773 5 1.20021e-07
5801.442830558199 11 6.14611e-08
5802.475788177411 8 1.16204e-07
5804.703661401509 5 3.57767e-08
5807.242830545358 11 1.02805e-07
5808.275788427519 8 2.05133e-08
5810.50366120622 5 2.20573e-07
5813.042830556407 11 3.18894e-08
5813.925788437569 8 5.9849e-08
5816.153660925854 5 2.50557e-05
5818.313069829392 2 1.02547e-07
5821.953661551952 5 3.16102e-08
5822.925788464055 8 2.82043e-08
5823.963069629364 2 1.19425e-07
5824.629004235239 10 4.96059e-08
5827.642830281667 11 4.49502e-07
5827.75366176262 5 2.0909e-08
5828.575787886424 8 5.83527e-07
5833.147463315484 7 2.67199e-08
5834.225788152908 8 1.98384e-07
5835.692830257391 11 4.76397e-07
5838.947462941487 7 9.37696e-08
5841.168037757976 9 1.08305e-07
5841.912335586177 6 6.77286e-07
5846.968037601364 9 8.75747e-07
5847.712335804635 6 7.93117e-08
5848.597462989327 7 7.57987e-08
5852.618037522086 9 7.85019e-07
5853.362335649874 6 2.84574e-07
5855.697462989162 7 4.30942e-08
5857.963069560595 2 3.94025e-07
5858.779004315246 10 1.97884e-08
5858.788414511895 3 1.26976e-07
5861.497462940546 7 1.14072e-07
5862.118037878122 9 7.32668e-08
5863.012336196887 6 8.89824e-09
5864.525788179598 8 9.50342e-08
5867.29746284393 7 2.33483e-07
5867.768037882324 9 1.80245e-07
5868.812335673565 6 1.08698e-07
5873.56803781566 9 7.75818e-08
5874.462335959699 6 3.45078e-08
5879.868037682506 9 3.52165e-08
5880.112335591598 6 5.81104e-07
5885.518037897766 9 2.37526e-08
5885.912336140505 6 2.29288e-08
5893.363069509293 2 2.98929e-07
5893.388414267181 3 1.78253e-07
5894.179003936775 10 1.69781e-07
5900.788414427871 3 9.72491e-08
5901.56306960904 2 1.28982e-07
5902.229004060866 10 3.4061e-08
5911.888414054428 3 3.28344e-06
5912.663069950135 2 1.3123e-08
5912.679004389605 10 1.54335e-08
5922.338414311878 3 1.21618e-07
5928.138414415128 3 1.1118e-07
5933.93841437628 3 1.18142e-07
5938.912336091266 6 2.37028e-08
5939.018038053872 9 4.95329e-08
5939.047462823718 7 6.20953e-08
5944.712335659013 6 2.45672e-07
5944.818037601426 9 6.87585e-07
5946.4474627243 7 3.20535e-07
5950.468037699351 9 1.93725e-07
5950.512335728072 6 2.16267e-07
5961.912335869971 6 2.27886e-08
5962.518037796189 9 9.63402e-08
5967.71233554574 6 3.37422e-07
5968.318037736803 9 1.27042e-07
5976.562335813622 6 5.87076e-08
5977.318037801327 9 1.31755e-07
5982.362336019267 6 5.20708e-08
5985.368037894266 9 6.87929e-08
5988.162336060144 6 1.79359e-08
5993.688414146227 3 4.817e-07
6003.338414295436 3 9.71772e-08
6004.063069649832 2 9.25102e-08
6004.07900394378 10 4.79443e-08
6011.538413980083 3 9.88434e-05
6012.263069706455 2 9.52403e-08
6012.279004169286 10 6.3436e-08
6017.338414539376 3 4.30816e-08
6023.138414572037 3 6.65711e-08
6029.738414483845 3 7.73079e-08
6040.768038198563 9 2.60625e-08
6053.938414400907 3 8.30008e-08
6055.663069510292 2 4.17806e-07
6055.679003861332 10 2.13786e-07
6059.738414830945 3 2.98178e-08
6076.16803795157 9 9.96509e-08
6085.697462925484 7 1.94084e-07
6086.468037687154 9 3.49844e-07
6087.262335529247 6 2.62092e-06
6092.912336109477 6 3.12331e-08
6130.562335714507 6 1.78909e-07
6131.318037683089 9 1.78975e-07
6136.212335817408 6 1.20648e-07
6136.797462866821 7 2.56082e-07
6136.968038032375 9 4.84609e-08
6138.97578839284 8 2.14597e-08
6142.263069640551 2 1.23071e-07
6142.338414340104 3 6.95174e-08
6143.079004396062 10 9.64418e-09
6152.86307002512 2 6.57958e-08
6155.568037809117 9 7.51336e-08
6156.412335875938 6 8.47564e-08
6157.347462981615 7 1.4539e-07
6161.368037645138 9 3.46679e-07
6162.212335730972 6 4.07044e-07
6169.397462767812 7 3.97956e-07
6171.968037534962 9 7.4595e-07
6172.012335494845 6 2.78e-07
6176.797463230169 7 1.66364e-08
6177.768037813378 9 3.7472e-08
6177.812335946721 6 4.83817e-08
6185.738414669983 3 1.92657e-08
6188.879004351918 10 2.72478e-08
6191.53841435038 3 6.67578e-08
6193.713069680715 2 6.16465e-08
6194.529004093845 10 7.94058e-08
6197.338414201217 3 4.26668e-07
6203.138414337604 3 1.7835e-07
6205.913069885198 2 6.28682e-08
6208.697462920719 7 1.04755e-07
6209.168037865959 9 5.55672e-08
6210.012335811861 6 4.91367e-08
6214.497462976531 7 3.67453e-08
6214.968037991349 9 1.23657e-08
6219.812335865801 6 5.14665e-08
6220.147462962787 7 1.02791e-07
6220.768037882394 9 1.04286e-07
6225.462335831545 6 9.34555e-08
6237.468037724009 9 2.05853e-07
6237.512335612909 6 2.21639e-07
6239.897462740743 7 2.88915e-07
6243.838414510382 3 2.62577e-08
6260.688414626554 3 2.40353e-08
6268.088414796621 3 9.15262e-09
6270.913069633883 2 9.43987e-08
6271.079004082512 10 4.28352e-08
6273.738414508178 3 8.85196e-08
6281.788414255319 3 2.20923e-07
6288.868037928535 9 4.42168e-08
6288.912336015969 6 3.24889e-08
6289.697462718711 7 2.22864e-07
6291.742830449175 11 6.87086e-08
6291.825787951657 8 5.47865e-07
6295.497463151679 7 2.05075e-08
6297.912335945282 6 9.56494e-08
6298.668037690888 9 3.0722e-07
6301.14746327663 7 1.36637e-08
6303.56233555462 6 1.09661e-06
6304.318037605517 9 5.62889e-07
6309.362335820803 6 1.23181e-07
6310.118037935367 9 6.26988e-08
6311.747463134239 7 6.82861e-08
6315.225788039059 8 1.3543e-07
6315.942830355685 11 1.00965e-07
6317.547462875621 7 4.83433e-08
6322.542830799937 11 5.10706e-08
6323.347463226105 7 6.47039e-08
6328.075788049846 8 9.71608e-08
6328.192830507479 11 8.41242e-08
6328.997462903318 7 1.10804e-07
6334.642830630265 11 4.41663e-08
6334.647463185732 7 6.23051e-08
6334.675788248915 8 6.87608e-08
6342.847463037911 7 4.05794e-08
6343.64283050675 11 5.51561e-08
6343.675788168903 8 8.80115e-08
6348.647462719054 7 2.86734e-07
6351.938414528058 3 3.24999e-08
6359.338414198509 3 3.88815e-07
6360.72900443082 10 2.0476e-08
6372.038414139699 3 7.11513e-07
6376.718038087021 9 3.30178e-09
6384.738414445331 3 1.10564e-07
6388.779004378313 10 7.83319e-09
6392.138414112645 3 2.68437e-07
6392.713070069762 2 2.55345e-08
6421.63841451702 3 1.10962e-07
6452.088414443277 3 1.43837e-07
6455.247462793384 7 8.04816e-08
6457.562336016753 6 2.70958e-08
6457.568037932454 9 3.0442e-08
6463.297463215302 7 1.94161e-08
6463.362336207148 6 9.46293e-09
6463.368038114449 9 5.6542e-08
6470.768037835095 9 1.18936e-07
6471.562335979763 6 1.20508e-08
6476.568038003467 9 4.21175e-08
6477.362336223509 6 4.06626e-08
6482.368037564304 9 6.60105e-07
6483.162335497778 6 1.52152e-06
6495.362335812753 6 1.08224e-07
6495.368037840297 9 1.39925e-07
6513.968038045416 9 4.05284e-08
6528.568037654642 9 4.93562e-07
6529.012335577678 6 3.64307e-07
6540.138414342032 3 1.01399e-07
6545.788414345031 3 1.1154e-07
6546.513069888653 2 4.20767e-08
6578.36803811525 9 2.32286e-08
6587.288414461625 3 3.98333e-08
6587.363069547073 2 3.08027e-07
6588.029003890496 10 1.84078e-07
6595.488414486738 3 9.37095e-08
6604.018037929773 9 8.64366e-08
6604.762336156961 6 9.69706e-09
6619.388414286309 3 1.71368e-07
6621.013069754925 2 1.46771e-07
6621.02900416475 10 3.7069e-08
6627.138414446974 3 5.80153e-08
6632.788414108638 3 1.97326e-06
6634.013069509521 2 4.20955e-07
6634.029004054786 10 8.68696e-08
6636.647463253976 7 4.72339e-08
6638.588414477182 3 4.60998e-08
6645.188414263011 3 5.73831e-08
6646.213069754813 2 3.77159e-08
6667.78841412041 3 1.38137e-06
6673.01803779015 9 3.09329e-08
6673.612335841632 6 4.25418e-08
6674.297462969851 7 3.98601e-08
6679.129829425735 4 1.39093e-06
6684.779829459316 4 2.10521e-07
6693.629829858388 4 1.8289e-08
6699.429829492939 4 4.63102e-07
6705.079829625465 4 9.20452e-08
6711.529829460922 4 2.82775e-07
6717.829829751241 4 9.79483e-08
6723.479829669872 4 2.55949e-08
6729.779829646877 4 6.539e-08
6735.429829716239 4 4.36063e-08
6746.67983001444 4 3.17043e-08
6748.212335893977 6 7.75155e-08
6748.918037737904 9 2.07662e-07
6755.038414199807 3 1.49239e-07
6760.83841417994 3 2.5994e-07
6761.429004361725 10 2.51299e-08
6769.688414295326 3 1.10169e-07
6771.063069596873 2 1.64878e-07
6771.22900394607 10 1.88567e-07
6792.912336359081 6 2.72947e-08
6822.388414357995 3 1.05525e-07
6828.038414280225 3 5.43012e-08
6828.879004228162 10 4.3345e-08
6829.663069695107 2 8.67321e-08
6836.888414154095 3 8.48976e-07
6837.713069553311 2 2.27716e-07
6837.729003972423 10 8.80483e-08
6848.788414574023 3 3.89951e-08
6860.188414565566 3 7.40927e-08
6867.58841428692 3 8.61563e-08
6873.388414293368 3 1.47992e-07
6885.588414118672 3 6.48044e-07
6886.713070023007 2 1.1433e-08
6892.818037816031 9 7.07083e-08
6893.547462860798 7 1.96371e-07
6893.612335974562 6 4.66863e-08
6899.729829673631 4 3.71105e-08
6905.529829655362 4 1.7172e-07
6915.412335724171 6 6.88975e-08
6916.068037691904 9 4.8485e-07
6921.712335824171 6 1.26325e-07
6922.518037793967 9 7.34328e-08
6924.147462944523 7 8.89991e-08
6926.275788124743 8 1.08169e-07
6929.947463140709 7 3.27739e-08
6930.242830486347 11 8.25883e-08
6936.042830622815 11 6.72728e-08
6936.247462865967 7 2.07395e-07
6936.875788232753 8 2.78189e-08
6941.897462698625 7 2.69936e-07
6949.63841429711 3 1.20046e-07
6976.238414375143 3 6.82627e-08
6982.03841404312 3 4.08104e-06
6983.263070014462 2 1.1482e-08
6988.968037747991 9 1.48313e-07
6989.147463114091 7 3.39901e-08
6989.762335664773 6 2.85489e-07
6993.879829509601 4 1.17407e-07
7001.929829397764 4 1.12588e-06
7007.579829633035 4 3.10904e-08
7014.02982941334 4 5.72356e-07
7018.762335802545 6 1.26183e-07
7018.768037897621 9 6.61027e-08
7037.362335793971 6 6.87569e-08
7038.018037800248 9 1.35098e-07
7040.397462822455 7 1.74969e-07
7045.112335866828 6 6.28796e-08
7045.118037800215 9 9.89833e-08
7048.297463109567 7 3.8928e-08
7051.538414471095 3 3.13948e-08
7052.263069798715 2 4.93829e-08
7058.118037787681 9 1.20162e-07
7058.912335720941 6 1.81368e-07
7063.768037738001 9 6.71511e-08
7064.562335935643 6 6.68642e-08
7090.212335778607 6 5.96086e-08
7090.218037862696 9 4.76395e-08
7093.947463026185 7 5.56693e-08
7096.538414542174 3 3.31141e-08
7106.038414307738 3 6.84106e-08
7110.629004307653 10 6.03419e-08
7110.713069805971 2 1.45698e-08
7111.688414613519 3 4.69077e-08
7121.33841450371 3 8.62304e-08
7125.22900416867 10 8.41392e-08
7125.963069582098 2 2.59807e-07
7127.13841408207 3 7.93174e-07
7135.447462907849 7 1.07149e-07
7136.018037952509 9 4.37555e-08
7137.875788013096 8 1.93497e-07
7138.642830499479 11 8.80112e-08
7142.04746276997 7 2.2928e-08
7143.675788269535 8 1.70521e-07
7144.442830576612 11 8.47652e-08
7147.697462832917 7 1.89636e-07
7149.475788088028 8 2.6609e-07
7150.892830916546 11 2.48026e-08
7151.613069625495 2 2.95275e-08
7152.32900412123 10 5.47232e-08
7153.253661277807 5 1.02671e-07
7156.692830679607 11 8.92647e-08
7156.875788149985 8 9.60059e-08
7158.863069923588 2 5.1437e-08
7160.097462882879 7 1.95304e-07
7162.629004448441 10 2.14913e-08
7163.475788098783 8 1.06544e-07
7164.89283033654 11 5.35313e-07
7169.125788332038 8 5.26885e-08
7170.463069729327 2 3.03312e-08
7170.529004306856 10 5.57254e-08
7171.253661342283 5 5.79532e-08
7175.425788141134 8 1.81649e-07
7176.942830346876 11 1.95101e-07
7176.947463147321 7 1.68196e-08
7181.053661322829 5 3.95289e-08
7181.863069726765 2 1.04297e-07
7182.729004321328 10 2.19781e-08
7184.425788178998 8 9.35697e-08
7185.147462985571 7 1.29483e-07
7185.942830365311 11 2.23425e-07
7188.453661295128 5 1.58679e-07
7190.063069595674 2 1.06239e-07
7190.929004491105 10 1.97457e-08
7191.675788015858 8 1.43432e-07
7192.542830599863 11 4.10761e-08
7193.197462897756 7 3.4958e-08
7196.06233568207 6 1.29313e-07
7196.068037687404 9 4.24396e-07
