0.835070650306 4 4.64299e-08
0.881677798023 11 9.61458e-08
0.942419896396 9 9.80888e-08
6.476504069775 10 8.88045e-08
6.635070322033 4 2.66592e-07
6.742419804506 9 7.38257e-08
8.000473434209 5 1.69851e-06
9.731677982913 11 3.95306e-08
12.276504102924 10 1.61817e-07
12.435070672183 4 6.05641e-08
18.726504226942 10 1.14774e-07
24.376503976355 10 1.65746e-07
25.135070544311 4 5.23925e-08
25.800473606896 5 1.68169e-07
26.642419931781 9 6.39291e-08
39.47650413659 10 2.19752e-07
40.235070628155 4 1.89168e-08
47.52650384982 10 8.93349e-06
48.285070547854 4 7.13772e-08
49.892419598122 9 8.48267e-08
50.431677851015 11 1.44008e-07
53.176504139412 10 3.07449e-07
53.935070233695 4 7.47083e-07
54.650473942585 5 3.01779e-08
55.54241984725 9 7.43086e-08
56.231677936616 11 3.18434e-08
58.826504172168 10 1.92014e-07
59.585070213841 4 7.81806e-07
60.300473939583 5 2.81683e-08
61.192419940241 9 7.42937e-08
64.626503961911 10 8.5518e-07
65.235070587595 4 8.11762e-08
68.292419575871 9 1.58875e-07
68.93167777956 11 2.57724e-08
69.000473655935 5 1.71479e-07
70.411061686483 2 1.52612e-07
73.572022341051 3 7.95645e-07
74.731677802885 11 9.58719e-08
76.492419707392 9 9.876e-08
76.861061835323 2 9.05159e-08
78.000473473871 5 6.36592e-07
78.085070533035 4 6.37798e-08
80.075446607601 6 4.70667e-08
86.200473672276 5 3.71535e-08
87.085070391251 4 1.25253e-07
87.12650413571 10 6.21392e-08
87.89241985041 9 6.5754e-08
99.326504202511 10 1.17026e-07
100.800473663633 5 1.55903e-07
100.885070783135 4 2.85059e-08
102.525446640131 6 1.39003e-07
182.575446708879 6 3.77398e-08
184.822709690272 7 2.95269e-08
190.622709638131 7 5.33467e-08
195.57544652717 6 1.32599e-07
198.672709652737 7 6.43644e-08
199.27182771885 8 2.08661e-07
201.225446467514 6 1.91107e-07
205.071827865581 8 1.04279e-07
205.122709275825 7 1.9269e-07
209.125446550247 6 9.48312e-08
212.522709308729 7 2.42334e-07
213.271827804662 8 7.01602e-08
216.375446728356 6 2.87334e-08
218.92182754223 8 2.68399e-06
221.872709486207 7 1.15015e-07
222.025446818781 6 1.73761e-08
226.511061913878 2 8.94451e-08
229.071827879195 8 1.9376e-08
231.522709466429 7 7.53937e-08
234.871827632948 8 4.13024e-07
240.521828028989 8 1.77888e-08
241.925446419114 6 5.84845e-07
246.171827959214 8 4.60717e-08
249.175447143606 6 1.47702e-08
251.971827640478 8 2.4329e-07
257.771828216186 8 2.33443e-08
258.71106193048 2 5.29414e-08
259.475446402643 6 6.2426e-07
263.421828177229 8 3.37765e-08
264.361061785914 2 1.07415e-07
269.221827719172 8 3.75334e-07
272.222709444224 7 1.25033e-07
275.021827863554 8 2.3252e-08
275.6754465242 6 5.80119e-08
277.872709146592 7 1.45536e-06
280.821827839866 8 4.12466e-08
283.672709551457 7 4.53935e-08
287.421827581 8 8.27503e-07
289.97544696082 6 3.49221e-08
290.811061898066 2 4.82334e-08
295.625446306942 6 3.07413e-06
301.82270950849 7 1.04333e-07
307.675446541179 6 1.12904e-07
309.800473507457 5 2.97371e-07
311.376504262362 10 1.41602e-07
317.176504204671 10 1.99308e-07
317.885070437457 4 2.5578e-08
318.000473628661 5 5.78639e-08
318.042419663741 9 1.454e-07
319.581677786181 11 5.76813e-08
322.826504272793 10 6.66085e-08
323.685070357342 4 7.08952e-08
323.842419910418 9 1.80076e-08
325.23167774934 11 6.52809e-08
326.850473798904 5 7.81105e-08
328.476504189963 10 1.36763e-07
329.485070534338 4 8.29407e-08
330.942419742719 9 1.09603e-07
331.031677534804 11 9.77668e-07
331.572409636773 3 6.48424e-08
335.135070621963 4 2.12568e-08
337.326503899078 10 2.00478e-06
339.700473382843 5 3.35487e-06
340.742420008321 9 7.84228e-08
341.975446946424 6 3.2171e-08
343.126504276131 10 6.7318e-08
343.985070391842 4 1.97637e-07
345.350473818875 5 5.79519e-08
348.461061994973 2 4.65464e-08
349.292419821897 9 2.38302e-08
349.785070520179 4 5.45897e-08
350.22650412465 10 3.56154e-07
351.00047389566 5 1.66634e-08
354.025446665559 6 1.07144e-07
355.711061861293 2 7.29669e-09
355.74241958487 9 9.1462e-08
356.381677669149 11 1.49223e-07
356.385070636032 4 4.75967e-08
356.650473863587 5 6.48182e-08
357.222022689635 3 1.70938e-07
361.542419883076 9 9.18532e-08
362.311061804964 2 5.39535e-08
362.450473620401 5 2.76793e-07
363.525446689836 6 7.11051e-08
370.925446517837 6 1.41393e-07
373.050474144529 5 3.14779e-08
376.725446443355 6 3.46207e-07
383.325446473721 6 4.12124e-07
383.371828030899 8 7.28204e-09
389.12544663025 6 1.17293e-07
389.171827800128 8 1.01564e-07
395.072709569601 7 4.23519e-08
395.771827492074 8 2.16111e-05
398.125446846654 6 3.48527e-08
401.571827985404 8 7.16374e-08
401.672709250057 7 5.23439e-07
403.925446339849 6 1.52264e-06
407.650473626897 5 3.06752e-07
408.942419736135 9 7.6772e-08
409.38507034079 4 1.33411e-07
410.226504267491 10 1.08307e-07
410.981677712183 11 7.05927e-08
412.172022640922 3 1.51356e-07
413.300473632472 5 7.60856e-08
414.592419647605 9 1.03883e-07
415.185070315346 4 2.82365e-07
416.026504017522 10 4.49148e-07
418.381677717643 11 1.55166e-07
419.272022472633 3 7.00563e-08
421.042420039799 9 2.34324e-08
423.311061737567 2 1.43784e-07
424.18167780077 11 9.54354e-08
424.250473729243 5 2.91886e-08
424.985070754303 4 8.43414e-09
425.872454422168 3 1.96173e-07
426.692419712096 9 3.30119e-08
429.981677650229 11 2.90061e-07
432.385070323903 4 3.24919e-07
432.49241965941 9 2.63013e-07
434.050473890732 5 3.72077e-08
434.722022806073 3 2.14131e-08
436.161061671827 2 1.68917e-07
439.850473731883 5 9.81805e-08
440.542419749697 9 8.44349e-08
440.931678126824 11 2.29868e-08
441.811061842876 2 1.2602e-08
442.525446737512 6 5.55723e-08
446.450473424882 5 1.9203e-06
447.142419818498 9 6.20146e-08
448.585070714215 4 3.12467e-08
450.811061866878 2 8.73413e-08
451.525446666119 6 1.22725e-07
452.250473764702 5 1.17934e-07
454.385070439582 4 2.26921e-07
454.542419869304 9 8.37743e-08
455.276503895812 10 1.77389e-06
458.781677720636 11 1.20763e-07
459.65047361268 5 1.52096e-07
460.1850707583 4 1.73151e-08
460.342419584607 9 1.87523e-07
460.46106188025 2 5.28634e-08
462.622022641222 3 4.12177e-08
464.431677812869 11 1.0375e-07
466.142419937986 9 4.88824e-08
468.385070625434 4 2.03988e-08
468.650473507657 5 4.07342e-07
470.676504405239 10 6.32117e-08
471.792419469481 9 8.88116e-07
472.481677619435 11 2.1278e-07
474.022022709716 3 9.18852e-08
474.185070742446 4 1.03075e-08
478.242419895021 9 5.2523e-08
478.281677814238 11 4.01015e-08
479.822022387577 3 1.21412e-06
482.911062062734 2 4.08933e-08
483.750473828268 5 6.91077e-08
483.835070320879 4 2.58259e-07
484.042419538703 9 1.10289e-07
484.081677793575 11 7.29457e-08
524.375446834567 6 2.91905e-08
624.600473527799 5 5.39931e-07
625.842419768091 9 1.39242e-07
626.961061765538 2 4.48072e-08
627.831677819746 11 7.10982e-08
628.522022620953 3 1.79148e-07
630.135070343564 4 4.61482e-07
630.250473761681 5 6.09331e-08
631.642419966888 9 4.69704e-08
631.676503984275 10 6.02657e-07
638.276504272521 10 6.34468e-08
640.735070477381 4 5.13206e-08
642.242419721225 9 1.24094e-07
642.281677883964 11 5.94573e-08
644.700473563661 5 5.24064e-07
645.41106175992 2 9.45308e-08
648.726504096734 10 4.63724e-07
648.785070595191 4 9.48763e-08
648.842420042326 9 5.18837e-08
654.526504238447 10 2.18164e-07
659.385070681264 4 6.39888e-08
660.326504210938 10 9.48447e-08
664.750473742692 5 7.5089e-08
665.185070348681 4 1.00077e-07
665.69241982138 9 9.89289e-08
666.126504168455 10 5.14449e-08
670.175446743505 6 7.19159e-08
672.000473790887 5 6.93604e-08
672.726504088771 10 2.18518e-07
673.385070786991 4 5.47429e-08
678.526504248694 10 8.47657e-08
685.626504121616 10 1.00282e-07
698.476504157245 10 1.03424e-07
706.526504276051 10 5.47469e-08
716.02650414619 10 1.65578e-07
721.676843955927 10 1.65939e-07
722.385070688403 4 5.87307e-08
722.450473719082 5 1.76399e-07
724.775446505406 6 2.31659e-07
730.072709480836 7 6.62119e-08
736.175446553472 6 1.8183e-07
738.272709377912 7 2.11047e-07
746.472709524321 7 7.91222e-08
756.272709367563 7 2.21467e-07
759.425446602471 6 1.51608e-07
760.250473800767 5 1.09134e-07
765.576504179341 10 8.63416e-08
765.635070341921 4 1.88925e-07
765.900473874079 5 8.66607e-08
766.392419849459 9 1.06623e-07
772.176504142654 10 4.13827e-08
781.826504055004 10 1.68221e-07
787.47650424298 10 8.64093e-08
789.835070667181 4 4.49006e-08
791.392419722339 9 2.2202e-07
792.731678037552 11 3.49069e-08
793.126504143829 10 1.25046e-07
795.485070611714 4 1.00071e-07
808.77544662757 6 1.62428e-07
809.650473562406 5 1.93797e-07
814.57544664168 6 7.7449e-08
816.071827710288 8 2.79592e-07
818.41106180235 2 7.02469e-08
820.375446702448 6 4.96871e-08
821.322709415164 7 1.26392e-07
821.871827939621 8 1.4062e-07
826.025446721459 6 3.31859e-08
829.271827751294 8 3.70286e-08
831.472709651136 7 2.81002e-08
832.325446519721 6 1.64354e-07
837.821827696233 8 2.01612e-07
837.975446791092 6 3.39387e-08
840.322709272566 7 4.65195e-07
843.621827955701 8 9.64664e-08
844.275446567147 6 8.863e-08
847.422709424134 7 9.8173e-08
849.271827709355 8 1.43136e-07
854.725446863249 6 5.25112e-08
854.921827580816 8 3.96266e-07
857.87270960983 7 2.63836e-08
860.525446447478 6 4.62811e-07
861.812159964609 2 6.40447e-08
862.671827886183 8 1.42451e-08
865.122709274281 7 4.05229e-07
869.121827657371 8 4.04332e-07
870.67544692383 6 9.60878e-09
871.422709279746 7 2.23647e-07
874.771827824071 8 1.2575e-07
876.325446733809 6 6.0587e-08
879.472709095582 7 5.30782e-07
882.62654480051 6 3.49637e-08
883.47182789427 8 7.35556e-08
888.322709405963 7 2.10036e-07
889.921828024498 8 3.11085e-08
894.675446593005 6 5.76094e-08
894.772709701482 7 3.87394e-08
897.821827793118 8 1.79411e-07
903.621827866824 8 4.62691e-08
909.421827977848 8 1.87429e-08
915.221827791096 8 9.5804e-08
918.07544667384 6 1.0089e-07
921.021827883882 8 1.00843e-07
924.225446667416 6 6.21195e-08
926.650473993506 5 1.81697e-08
928.271827729277 8 6.69943e-08
929.872709197371 7 3.61051e-07
933.875446448792 6 1.58022e-07
933.92182819066 8 3.08767e-08
938.62650435856 10 5.12083e-08
940.300473886109 5 6.13249e-08
940.475446724854 6 1.12309e-07
945.692419911532 9 4.13263e-08
945.78507048689 4 1.69957e-07
945.876504045539 10 3.83188e-07
945.95047392934 5 5.12034e-08
948.131677692501 11 1.06111e-07
951.585070966426 4 2.15905e-08
951.676504502761 10 2.42409e-08
951.750473972018 5 3.25717e-08
953.175446529053 6 2.05592e-07
955.571827859562 8 1.66462e-07
958.975446531508 6 1.34334e-07
963.771827666459 8 2.79185e-07
969.571828069164 8 2.22823e-08
972.775446815677 6 6.78328e-08
975.371828025496 8 5.17326e-08
975.572709174268 7 7.52042e-07
978.575446788562 6 5.91768e-08
981.1718278308 8 1.37752e-07
986.172709572113 7 3.57101e-08
986.971827920611 8 5.48078e-08
992.375446689195 6 3.95861e-08
992.771827942531 8 4.75271e-08
998.175446496961 6 1.16287e-07
998.571827833168 8 1.2975e-07
1000.622709525979 7 7.16178e-08
1003.975446900641 6 4.8325e-08
1004.371827754878 8 5.26192e-08
1009.472709319921 7 1.11631e-07
1010.171828058967 8 1.73537e-08
1015.272709764664 7 2.02867e-08
1015.37544648001 6 3.23131e-07
1015.97182811775 8 2.2138e-08
1021.072709683306 7 3.16242e-08
1021.771827802691 8 1.09111e-07
1025.061062159648 2 2.22781e-08
1025.975446658452 6 9.85809e-08
1027.571827638081 8 9.27114e-07
1030.122709331535 7 1.6022e-07
1033.371827638943 8 4.90804e-07
1034.97544657768 6 1.34455e-07
1039.171827770088 8 4.70564e-08
1044.461061797881 2 8.23932e-08
1046.571827648137 8 4.07481e-07
1047.972709440184 7 5.99785e-08
1051.975446534023 6 4.26875e-07
1052.3718279261 8 1.01148e-07
1057.472709502843 7 1.75523e-07
1057.6254467559 6 4.87609e-08
1058.171828008577 8 4.92745e-08
1063.971828226819 8 2.61938e-08
1066.625446815053 6 1.2163e-07
1070.571828021766 8 5.77445e-08
1072.425446524779 6 1.24619e-07
1074.17270957768 7 1.27484e-08
1076.37182792201 8 5.63822e-08
1078.225446692081 6 3.49063e-08
1081.422709680275 7 3.56022e-08
1082.171827887863 8 9.5474e-08
1083.875447015697 6 4.72778e-08
1087.861061763841 2 1.18376e-07
1089.525446693178 6 4.551e-08
1089.571827860617 8 6.25646e-08
1095.371828069331 8 3.56782e-08
1096.125446806357 6 3.0046e-08
1096.711061922439 2 3.27798e-08
1101.971828017707 8 8.34172e-08
1105.125447020622 6 3.71329e-08
1105.32270921118 7 1.9294e-07
1107.771827645522 8 4.32557e-07
1110.925446491087 6 1.90259e-07
1112.600473921339 5 1.3524e-08
1190.250473755721 5 9.89432e-08
1191.076504134674 10 2.08245e-07
1191.492419824257 9 1.68073e-07
1191.785070291282 4 5.29388e-07
1196.726504247575 10 7.58285e-08
1197.292419538016 9 2.25419e-07
1197.500473620135 5 1.48676e-07
1197.585070430518 4 2.78371e-07
1197.931677818479 11 1.23379e-07
1199.011061686123 2 4.59279e-08
1203.092419701925 9 2.25263e-07
1203.300473841566 5 5.11423e-08
1203.385070238354 4 5.32801e-07
1203.826504213872 10 9.30746e-08
1208.742419523788 9 3.12274e-07
1209.100473734243 5 1.49252e-07
1209.185070633428 4 2.76627e-08
1209.3316776495 11 3.88141e-07
1211.072022913309 3 5.98311e-08
1212.661061712968 2 9.12319e-08
1214.392419806518 9 1.10862e-08
1214.981677739287 11 7.7868e-08
1215.785070783189 4 4.16625e-08
1216.50047371369 5 1.65716e-07
1218.311061782504 2 8.52723e-09
1220.042419450779 9 3.98766e-07
1220.631677641185 11 2.41756e-07
1221.435070302365 4 7.58656e-07
1222.926504326147 10 8.51919e-08
1223.900473520345 5 4.52365e-07
1226.175446545696 6 9.78891e-08
1227.811061525771 2 3.14315e-07
1229.70047347016 5 7.62004e-08
1230.435070754463 4 4.94639e-08
1231.92650412668 10 2.92941e-07
1235.142419667289 9 2.19894e-07
1235.350473580236 5 2.12811e-07
1236.085070205251 4 1.93694e-06
1236.831677644423 11 3.8225e-08
1238.37202262128 3 1.04773e-07
1240.792419635557 9 3.08036e-07
1241.000474065261 5 2.77243e-08
1241.885070616081 4 6.421e-08
1242.481677831282 11 5.67013e-08
1247.222022421711 3 2.05492e-07
1247.24241993358 9 4.57144e-08
1248.28167769186 11 2.07134e-07
1251.211061430007 2 9.99566e-07
1256.900473703621 5 1.24954e-07
1257.011061590299 2 2.54838e-07
1258.642419440827 9 1.84249e-06
1258.731677818172 11 1.0927e-07
1259.385070231477 4 8.73975e-07
1260.626504521552 10 4.24176e-08
1262.322022663406 3 4.49171e-08
1263.500473578424 5 1.57082e-07
1264.442419772825 9 7.76292e-08
1264.911061621091 2 1.21299e-07
1268.381677757661 11 1.16809e-07
1269.722633481334 3 5.23726e-08
1269.985070443803 4 1.3619e-07
1270.24241950485 9 4.11878e-07
1271.550473728171 5 2.31512e-07
1272.161061670718 2 2.72389e-07
1275.226504308567 10 1.04897e-07
1275.635070356761 4 2.5271e-07
1275.981677963198 11 7.2778e-08
1276.042419921005 9 6.21453e-08
1281.435070597153 4 3.83204e-08
1281.781677671862 11 2.60275e-07
1281.842419575579 9 5.14031e-08
1282.650474009369 5 3.56207e-08
1283.422022394649 3 9.90941e-07
1287.235070417677 4 1.72213e-07
1287.581677909674 11 3.20431e-08
1287.64241957736 9 3.22988e-07
1288.226504238365 10 7.57323e-08
1288.300473829768 5 3.7588e-08
1293.035070700031 4 5.8008e-08
1294.026504401956 10 4.48842e-08
1318.900473576725 5 3.58859e-07
1319.635070548607 4 3.14124e-08
1319.842419589185 9 4.25328e-07
1320.581678074165 11 5.77809e-08
1324.62650436388 10 8.84748e-08
1324.700473552274 5 5.57266e-07
1325.435070762345 4 2.8988e-08
1325.642419942023 9 8.46966e-08
1327.175446783348 6 8.08514e-08
1327.261061679225 2 2.09169e-07
1333.06106134201 2 6.76198e-06
1334.492419629072 9 7.84002e-08
1334.500473777023 5 9.7036e-08
1335.181677545387 11 8.46261e-07
1335.235070632481 4 4.65651e-08
1335.972022694172 3 1.48823e-07
1338.711061821421 2 2.69548e-08
1340.292419540095 9 4.68666e-07
1340.300473614377 5 1.81104e-07
1340.981678147873 11 2.24798e-08
1341.035070475561 4 3.25863e-08
1341.626504156859 10 7.39959e-08
1396.025446614254 6 4.55237e-08
1400.500473671789 5 8.42342e-08
1401.675446680286 6 8.59605e-08
1402.461061872598 2 3.09685e-08
1406.092419592596 9 2.30636e-07
1406.300473419561 5 4.06372e-07
1406.781678197735 11 1.29464e-08
1406.835070676446 4 1.73349e-08
1420.900473739079 5 1.1574e-07
1421.076504192269 10 7.10895e-08
1421.435070302522 4 1.65662e-07
1422.292419699654 9 1.10255e-07
1425.861061978484 2 6.4267e-08
1426.181677636187 11 2.66651e-07
1426.700473880795 5 6.73453e-08
1430.972022440089 3 5.6655e-07
1431.98167756892 11 3.18994e-07
1432.092419763596 9 4.97011e-08
1433.335070693601 4 6.68935e-08
1434.100473719224 5 1.09367e-07
1434.861061824447 2 8.26017e-08
1437.575446536857 6 7.96458e-08
1440.772709715406 7 1.12994e-08
1443.375446595395 6 4.65968e-08
1444.700473695539 5 7.17087e-08
1463.300473890579 5 6.62207e-08
1464.026504026125 10 1.20584e-07
1464.735070332028 4 2.94934e-07
1465.74241976743 9 6.67756e-08
1466.581677995882 11 2.31102e-08
1469.826504387085 10 7.48779e-08
1470.535070148911 4 1.72189e-05
1471.392419799522 9 1.26024e-07
1472.950473775345 5 9.73927e-08
1474.475446492319 6 2.33159e-07
1476.821828069874 8 3.71881e-08
1478.2610616973 2 2.08163e-07
1480.125446645565 6 1.13665e-07
1483.271828010331 8 5.4287e-08
1485.775446613485 6 2.01964e-07
1488.921827614167 8 5.99749e-07
1492.022709442612 7 1.09062e-07
1493.675446513042 6 9.93095e-08
1496.06106184464 2 3.22335e-08
1498.571827856135 8 9.99872e-08
1499.47544670828 6 6.74168e-08
1500.072709386682 7 1.00979e-07
1506.075446548416 6 7.46014e-08
1511.875446800658 6 3.15088e-08
1513.650473510176 5 2.2551e-07
1516.776504505377 10 1.94582e-08
1518.492419719151 9 8.88891e-08
1519.235070445329 4 8.93011e-08
1519.300473595338 5 1.05852e-07
1519.931678013485 11 4.01761e-08
1522.576504078209 10 2.53336e-07
1524.942419500385 9 9.34339e-08
1525.03507050388 4 6.97648e-08
1525.731677479736 11 1.52325e-06
1526.572400731435 3 7.58384e-08
1527.35047365261 5 1.06786e-07
1529.71106171866 2 1.20024e-07
1534.742419686369 9 1.42052e-07
1535.531677617898 11 1.58213e-07
1535.550473807592 5 1.42155e-07
1536.43507053324 4 1.40319e-07
1537.972022566921 3 2.93803e-07
1540.392419490323 9 8.36606e-07
1541.331677912262 11 5.59253e-08
1541.350473587453 5 1.91735e-07
1542.085070610723 4 2.37663e-08
1546.04241977728 9 6.51659e-08
1546.476504085398 10 2.33186e-07
1547.885070711524 4 5.26596e-08
1551.950473708791 5 1.67001e-07
1554.242419757448 9 8.59519e-08
1554.561061740389 2 1.51361e-07
1555.131677727985 11 1.52876e-07
1556.12202253798 3 1.91682e-07
1557.685070342941 4 1.85152e-07
1558.550473810577 5 8.33605e-08
1560.042419801569 9 1.44619e-07
1560.931677854653 11 4.26108e-08
1561.811061466959 2 7.45348e-07
1564.200473377411 5 2.34756e-06
1565.842419588676 9 8.17572e-08
1566.581677836811 11 1.09481e-07
1567.461061914847 2 3.50336e-08
1568.935070537396 4 5.86145e-08
1569.850473785436 5 1.26239e-07
1571.326504168582 10 1.44268e-07
1571.492419815605 9 7.21488e-08
1575.535070464252 4 4.94234e-08
1577.100473480256 5 4.29885e-07
1577.126504465845 10 5.94423e-08
1577.142419707716 9 4.96747e-08
1578.711061882487 2 3.1363e-08
1579.431677667795 11 1.38551e-07
1580.972356012863 3 1.18355e-08
1581.185070517329 4 9.66766e-08
1582.900473712323 5 1.30586e-07
1582.942419714494 9 1.62425e-07
1583.576504117509 10 1.22745e-07
1585.731677623958 11 2.52186e-07
1586.835070356118 4 3.14576e-07
1589.54241954025 9 8.88376e-07
1591.381677787439 11 6.40485e-08
1592.072022589216 3 6.29641e-08
1594.461061490281 2 3.34869e-07
1596.550473566681 5 5.57995e-07
1596.875446860625 6 1.11104e-08
1598.235070685076 4 1.71357e-08
1598.826504661033 10 2.66895e-08
1600.261061694423 2 4.09839e-08
1602.350473787813 5 9.16881e-08
1605.926504521179 10 3.72166e-08
1608.142419881211 9 4.52587e-08
1608.15047365777 5 1.95935e-07
1608.311061612962 2 3.16299e-07
1609.831677743274 11 1.1116e-07
1610.522022558278 3 1.37237e-07
1612.035070603618 4 2.31107e-08
1615.631677585702 11 7.01644e-07
1616.3220229209 3 5.74813e-08
1616.342419712171 9 2.07006e-07
1617.676504116232 10 1.485e-07
1617.83507045338 4 1.30405e-07
1620.350473758333 5 1.62578e-07
1621.281678011434 11 3.05916e-08
1622.142420058323 9 6.1605e-08
1623.476504139318 10 1.1765e-07
1623.635070396642 4 1.66282e-07
1626.000473740027 5 1.01651e-07
1626.525446733167 6 7.41362e-08
1627.942419854284 9 7.40751e-08
1629.126504076678 10 3.28643e-07
1629.28507078516 4 8.79019e-09
1633.742419834464 9 6.7968e-08
1633.831677792417 11 1.31887e-07
1634.935070332082 4 2.07937e-07
1636.300473833267 5 6.22977e-08
1636.376504194477 10 1.52084e-07
1640.342419558276 9 1.93258e-07
1640.585070268586 4 6.40582e-07
1641.081677651559 11 8.90589e-08
1642.622022794666 3 7.19377e-08
1644.576504175949 10 1.74011e-07
1645.950473698431 5 1.41141e-07
1646.385070722104 4 2.81496e-08
1646.792420169562 9 2.02224e-08
1654.87650427136 10 4.74994e-08
1657.350473406116 5 3.44509e-06
1658.6110618055 2 7.31298e-08
1658.692419691041 9 1.28973e-07
1660.181677517149 11 6.03842e-07
1660.185070601578 4 5.10973e-08
1661.072022672452 3 6.8556e-08
1665.292419769384 9 3.51605e-08
1665.981677539804 11 2.00316e-07
1666.785070251628 4 9.16556e-07
1668.076503989276 10 4.31476e-07
1670.942419867162 9 3.45629e-08
1672.435070497235 4 1.86918e-08
1674.031677691678 11 2.06602e-07
1676.300473482676 5 2.11764e-07
1676.742419610132 9 4.99284e-08
1678.011061570627 2 3.42115e-07
1680.17544672915 6 1.6511e-08
1682.100473828598 5 9.03863e-08
1683.342419682067 9 1.00259e-07
1683.661061912876 2 5.63974e-08
1684.472022788298 3 5.59189e-08
1684.481677694571 11 9.19612e-08
1687.750473587479 5 1.86618e-07
1688.485070483457 4 5.99089e-08
1689.142419813615 9 7.78831e-08
1689.926504344178 10 3.21462e-08
1696.526504304137 10 2.05954e-08
1703.926504396399 10 7.49706e-08
1706.285070517904 4 4.98463e-08
1710.781677854157 11 1.01013e-07
1710.792419735103 9 8.19656e-08
1712.085070353625 4 1.75098e-07
1712.450473789583 5 4.95442e-08
1712.476504332817 10 1.19577e-07
1716.58167745045 11 4.97145e-06
1716.592419590906 9 4.14349e-07
1717.172022524289 3 2.13705e-07
1717.885070977163 4 9.48094e-09
1721.811061567736 2 3.92001e-07
1722.392419899901 9 6.86753e-08
1723.050473619699 5 2.59896e-07
1724.075446552723 6 4.51894e-08
1727.076504634373 10 1.76428e-08
1734.675446822309 6 2.97774e-08
1738.450473504572 5 4.73598e-07
1738.885070517958 4 3.14403e-08
1740.042419676366 9 1.57288e-07
1740.076504289192 10 5.65997e-08
1740.631677808138 11 8.8335e-08
1742.511061937579 2 2.9941e-08
1744.250473949277 5 4.21944e-08
1744.535070287107 4 3.40099e-07
1745.876504336883 10 5.59957e-08
1751.526503881907 10 4.34827e-06
1752.735070479214 4 5.84817e-08
1755.442419751461 9 7.34404e-08
1756.031677545184 11 6.5585e-07
1756.272022711537 3 7.23429e-08
1757.900473617948 5 3.73085e-07
1758.53507023574 4 1.87261e-07
1759.576504290833 10 2.47018e-08
1761.092419730745 9 6.19946e-08
1763.550473752642 5 1.2324e-07
1768.975446813642 6 4.14979e-08
1770.150473430159 5 8.49542e-07
1770.735070749322 4 1.25937e-08
1770.742944905217 9 5.53554e-08
1772.161061460546 2 6.57831e-07
1773.831677607153 11 1.90556e-07
1774.722022898701 3 6.26457e-08
1775.950473596757 5 1.1916e-07
1776.535070606089 4 5.24633e-08
1776.542419829179 9 5.66588e-08
1776.926504479444 10 3.60425e-08
1778.625446622421 6 6.38384e-08
1780.21106162747 2 2.53049e-07
1781.750473929004 5 3.68873e-08
1782.681677780539 11 2.12881e-08
1783.142419528933 9 4.95224e-07
1784.735070437984 4 7.2732e-08
1786.622022702036 3 2.39625e-08
1788.350473715663 5 5.86588e-08
1788.481677733541 11 9.07036e-08
1788.942419686427 9 9.45859e-08
1790.011061816237 2 1.67564e-08
1792.422022326072 3 1.06925e-06
1794.131677562511 11 4.22046e-07
1794.742419605349 9 5.76729e-07
1794.885070592867 4 1.16274e-08
1798.222022713117 3 6.46371e-08
1799.931677896846 11 6.57692e-08
1800.542419731271 9 8.29531e-08
1800.685070202322 4 3.77674e-06
1800.826504195379 10 1.96569e-07
1802.150473690944 5 1.43873e-07
1805.731677822129 11 9.30246e-08
1806.122022588032 3 1.76089e-07
1806.34241996177 9 1.06562e-07
1808.885070737938 4 2.25124e-08
1809.550473981059 5 5.28512e-08
1810.561061553728 2 4.28328e-07
1816.150473784875 5 8.50238e-08
1816.361061787534 2 4.1316e-08
1816.925446615456 6 7.08363e-08
1820.285070461015 4 2.36678e-07
1820.876504495519 10 2.49049e-08
1820.942419666159 9 7.6794e-08
1821.781678049313 11 4.44215e-08
1821.950473535929 5 3.71499e-07
1822.011061710284 2 1.01691e-07
1825.922022634896 3 9.74357e-09
1826.742419622132 9 4.38445e-08
1827.581677971161 11 5.78679e-08
1827.750473542339 5 5.18888e-07
1827.811061753651 2 1.48025e-07
1831.476503997989 10 1.16918e-06
1832.335070467406 4 1.52192e-07
1835.572022543789 3 4.35624e-08
1835.592419838448 9 7.65775e-08
1835.631677593998 11 1.22903e-07
1838.411061692824 2 1.49026e-07
1839.150473461835 5 2.58838e-06
1840.08507072029 4 4.89332e-08
1841.39242004476 9 4.04292e-08
1844.211061793427 2 7.07023e-08
1846.172022415721 3 6.70925e-07
1846.881677818653 11 9.78137e-08
1847.992419777376 9 1.21913e-07
1849.861061574149 2 1.23862e-07
1852.950473877341 5 6.16306e-08
1855.511061689939 2 1.37186e-07
1856.19241967642 9 1.51398e-07
1856.93507043959 4 1.40846e-07
1857.62650428031 10 6.62102e-08
1858.281677964815 11 3.46239e-08
1858.600473975192 5 5.06959e-08
1860.972472703442 3 1.02357e-07
1861.84241958884 9 2.37332e-07
1863.385129006344 4 5.10077e-08
1863.411062090978 2 1.63967e-08
1864.25047364898 5 2.4357e-07
1868.175446776363 6 3.11132e-08
1869.676504245099 10 4.16864e-08
1872.292419740988 9 1.93469e-07
1872.385070668163 4 3.82624e-08
1872.450473343082 5 1.41803e-05
1873.861061619134 2 1.04251e-07
1874.481677986871 11 4.29444e-08
1877.675446595812 6 1.05437e-07
1879.850473846578 5 3.24971e-08
1880.926504605991 10 2.83159e-08
1896.125446512638 6 1.2035e-07
1898.471827761443 8 1.09089e-07
1899.172709423491 7 1.05974e-07
1905.871827749883 8 9.46122e-08
1906.725446614508 6 3.03388e-08
1908.46106186682 2 6.79512e-08
1911.671828060985 8 8.13935e-08
1912.525446384701 6 5.28182e-07
1914.772709759848 7 6.12668e-08
1917.471827885458 8 7.75352e-08
1918.325446684217 6 3.22408e-08
1920.572709578567 7 2.95526e-08
1923.271827726208 8 3.40282e-07
1927.32544644821 6 3.40041e-07
1932.05047364254 5 1.59039e-07
1940.975446952368 6 4.14539e-08
1984.900473583974 5 1.07208e-07
1985.175446814501 6 2.77068e-08
1986.892419984761 9 2.40872e-08
1986.911062032666 2 4.82404e-08
1990.825446994297 6 1.38372e-08
1991.972709345682 7 2.61902e-07
1996.625446590741 6 8.97027e-08
1997.750473967542 5 3.00287e-08
1999.971828061606 8 6.12994e-08
2002.425446467045 6 2.85054e-07
2005.771828176213 8 2.67446e-08
2006.311062019961 2 3.01048e-08
2008.225446665654 6 1.50943e-07
2013.800473905077 5 9.16581e-08
2013.875446619171 6 1.04343e-07
2014.511061933193 2 2.90027e-08
2016.071827719843 8 1.6362e-07
2019.675446984474 6 3.29974e-08
2033.200473481808 5 7.71637e-07
2035.092419917843 9 4.07051e-08
2036.826504519628 10 6.53375e-08
2038.711061981741 2 3.76821e-08
2038.85047336834 5 5.00608e-06
2040.135070275567 4 4.14075e-07
2040.892419722615 9 1.4375e-07
2042.625446724867 6 7.80856e-08
2048.425447001504 6 1.09158e-08
2075.276504299644 10 1.29852e-07
2075.700473635756 5 1.56004e-07
2076.335070497034 4 1.17299e-07
2076.942419668454 9 1.22846e-07
2078.111061607913 2 2.82012e-07
2080.131677790437 11 5.77793e-08
2081.35047344591 5 6.00641e-07
2081.985070808315 4 4.73878e-09
2083.392419621377 9 2.84572e-07
2084.261061975433 2 4.39372e-08
2085.781677852241 11 1.67014e-08
2087.326504083687 10 5.26194e-07
2087.635070485738 4 5.8473e-08
2098.726504386593 10 4.67922e-08
2108.526504093476 10 1.89264e-07
2110.235070556096 4 7.70004e-08
2111.000473698386 5 1.99026e-07
2114.176504098703 10 3.07882e-07
2114.642419880325 9 1.71864e-08
2116.035070653617 4 1.43102e-08
2117.981677600767 11 5.84352e-07
2119.700473667916 5 4.2079e-08
2119.826504270089 10 7.01228e-08
2120.442420010136 9 3.26658e-08
2127.100473693123 5 1.07485e-07
2128.17544667959 6 1.00189e-07
2129.835070465772 4 5.40832e-08
2129.942419579848 9 3.03426e-07
2130.681678122778 11 4.36595e-08
2132.900473668997 5 1.30316e-07
2133.911061552761 2 2.45497e-07
2135.425446696428 6 5.58351e-08
2137.992419567867 9 3.02652e-07
2138.035070345377 4 2.56958e-07
2138.70047375535 5 8.88433e-08
2138.731677690091 11 6.43235e-08
2140.272022567418 3 1.4636e-07
2143.79241978219 9 1.07914e-08
2143.835070834094 4 4.18886e-08
2144.53167748572 11 1.76027e-06
2146.100473580824 5 1.25719e-07
2150.025446707342 6 1.01369e-07
2152.700473965499 5 2.6205e-08
2153.961061947811 2 4.44387e-08
2155.321827826095 8 1.79559e-07
2160.971827906049 8 1.3915e-07
2165.425446412106 6 6.35274e-07
2167.571827714093 8 1.81547e-07
2173.221827533406 8 1.82462e-06
2174.722709694116 7 6.00251e-08
2179.021827724266 8 3.04211e-07
2182.622709634417 7 7.74062e-08
2184.821827766426 8 2.00864e-07
2186.425446674352 6 6.7797e-08
2190.62182774407 8 1.43216e-07
2193.675446255634 6 5.93847e-06
2196.271827523658 8 6.74705e-06
2200.92270975545 7 3.18826e-08
2200.925446545397 6 1.19193e-07
2204.1004736913 5 1.01477e-07
2206.476504416635 10 7.8825e-08
2324.926504682123 10 6.71368e-09
2334.576504475164 10 6.76722e-08
2441.775446413937 6 5.32726e-07
2444.971827929299 8 7.16833e-08
2451.42182791341 8 3.80152e-08
2454.511061703878 2 1.45901e-07
2456.225446535384 6 1.10823e-07
2457.071827963486 8 7.32217e-08
2461.875446433753 6 2.58592e-07
2463.521827723095 8 1.41172e-07
2464.972709689087 7 2.04622e-08
2467.525446426631 6 1.77667e-07
2489.02544672585 6 9.47379e-08
2500.226504234414 10 7.29076e-08
2501.635070388041 4 1.91026e-07
2502.39241957871 9 4.32335e-07
2502.550473659777 5 6.73827e-08
2502.982775834768 11 6.1677e-08
2504.961062026519 2 1.15777e-08
2507.372022803868 3 7.37992e-08
2508.19241978292 9 9.42017e-08
2508.631678055881 11 2.10702e-08
2509.150473573224 5 5.42794e-07
2510.675446884083 6 3.90793e-08
2510.76106179344 2 9.16939e-08
2513.835070488786 4 1.29879e-07
2513.99241982624 9 8.54286e-08
2514.676504275391 10 9.0932e-08
2514.950473759049 5 1.56113e-07
2515.581677757718 11 7.56896e-08
2519.63507050194 4 8.5737e-08
2519.642419386262 9 8.8484e-06
2520.600473568025 5 4.12166e-07
2521.231678060374 11 2.65954e-08
2523.375446738173 6 8.53263e-08
2526.250473472051 5 8.74079e-07
2527.035070676557 4 2.46214e-08
2527.042419664811 9 1.81935e-08
2528.261061762944 2 1.02399e-07
2529.28167769478 11 8.08584e-08
2530.022022336156 3 5.05506e-07
2532.842419911012 9 1.76177e-08
2532.850473679447 5 3.3775e-07
2533.911061826118 2 7.54897e-08
2534.6254468306 6 4.91258e-08
2538.722463729226 3 1.45188e-07
2539.431677855917 11 6.66656e-08
2539.44241977953 9 4.96855e-08
2539.561061754964 2 6.27774e-08
2540.250473655699 5 2.42246e-07
2541.635070290822 4 2.69584e-07
2542.576504372999 10 7.38825e-08
2544.372022615471 3 1.44013e-07
2545.231677582735 11 2.92971e-07
2545.242419808682 9 1.17486e-07
2548.235070445548 4 7.87014e-08
2548.450473715489 5 5.44234e-08
2551.031677503444 11 8.24129e-07
2551.042419718503 9 1.77652e-07
2551.622022538797 3 1.45835e-07
2554.035070240931 4 4.49661e-07
2555.576503987038 10 2.99684e-07
2558.442419425514 9 7.22458e-07
2558.900473763233 5 1.07981e-07
2559.081677647261 11 1.33225e-07
2559.685070771394 4 2.22115e-08
2560.411062044245 2 4.01005e-08
2561.27202235195 3 9.98565e-07
2564.881677793655 11 6.5559e-08
2567.072022377712 3 4.67751e-07
2568.242419684258 9 1.68519e-07
2570.68167771556 11 2.27226e-07
2570.785070525033 4 3.49047e-08
2573.050473429476 5 1.6493e-06
2573.892419882355 9 1.01508e-07
2573.911061784265 2 1.45505e-07
2578.675446839928 6 4.07928e-08
2578.850473435714 5 7.79888e-07
2579.692419729706 9 4.2313e-08
2580.435070593465 4 4.38598e-08
2582.911061630062 2 8.77988e-08
2584.500473683763 5 7.01336e-08
2585.342419658875 9 1.49642e-07
2586.08507062479 4 5.21305e-08
2587.6765041113 10 1.27349e-07
2592.685070760337 4 1.46907e-08
2593.476504230684 10 9.20499e-08
2599.276503941008 10 3.22477e-06
2599.285070507431 4 4.75007e-08
2600.592419738005 9 8.88285e-08
2601.350473426522 5 1.74514e-06
2602.961061975091 2 4.28258e-08
2603.681677545319 11 9.28888e-07
2605.08507036254 4 1.06026e-07
2606.242420052265 9 3.90459e-08
2606.676504057892 10 4.62747e-07
2610.735070439998 4 7.50081e-08
2612.300473735481 5 9.22746e-08
2612.476504238117 10 7.83529e-08
2612.542419694547 9 9.94834e-08
2613.981677746267 11 1.19663e-07
2616.385070543618 4 6.91298e-08
2618.276504401021 10 4.86285e-08
2629.125446737456 6 5.19046e-08
2631.422709376457 7 1.38693e-07
2634.925446471623 6 2.46009e-07
2642.022709257062 7 1.7905e-07
2646.025446498747 6 1.64236e-07
2648.350473597415 5 2.87139e-07
2649.242419819416 9 1.18533e-07
2650.711061792084 2 7.11786e-08
2651.631677574633 11 6.2617e-07
2652.322391655843 3 4.14455e-08
2653.235070388385 4 1.655e-07
2655.042419411303 9 2.1543e-06
2655.750473766098 5 5.45865e-08
2657.281677997141 11 5.17994e-08
2657.311061764825 2 1.17198e-07
2661.492419701635 9 6.8966e-08
2661.550473713873 5 1.9002e-07
2663.082056023481 11 5.50681e-09
2663.111061564183 2 5.5983e-07
2667.29241991087 9 3.85459e-08
2667.722022438832 3 3.5967e-07
2670.511061685265 2 1.50704e-07
2672.081677666576 11 6.2489e-08
2672.150473795414 5 9.49716e-08
2672.485070568656 4 1.778e-08
2673.092419697585 9 2.47086e-07
2674.022022433858 3 3.88173e-07
2676.926504197493 10 4.85644e-08
2678.135070664309 4 6.53634e-08
2680.342419773317 9 4.55875e-08
2680.350473594984 5 2.38215e-07
2682.68167799848 11 5.06938e-08
2682.711061584659 2 2.79171e-07
2686.142419613722 9 7.25736e-08
2686.800473770638 5 1.73517e-07
2687.485070312801 4 4.86152e-07
2688.481677834102 11 4.12571e-08
2688.97650448737 10 3.60879e-08
2690.611061947522 2 3.5314e-08
2692.600473975528 5 4.33817e-08
2700.376504198829 10 6.30083e-08
2700.650473991903 5 5.55452e-08
2708.576504236608 10 9.29266e-08
2714.085070401878 4 7.10377e-08
2714.192419784428 9 6.55036e-08
2714.376504201682 10 2.02273e-07
2714.450473757592 5 2.36204e-08
2878.650473631342 5 1.7495e-07
2879.842419683575 9 2.07882e-07
2879.885070670872 4 5.03564e-08
2881.06106179485 2 1.10202e-07
2881.481677821742 11 1.01443e-07
2882.12202269387 3 1.99862e-07
2885.642419546392 9 3.75464e-07
2886.485070569377 4 3.51374e-08
2886.70047374257 5 3.76915e-07
2887.281677760757 11 8.65104e-08
2888.97650395085 10 1.09178e-06
2894.776504121922 10 1.87194e-07
2896.242420049907 9 2.72582e-08
2896.350473701997 5 1.40742e-07
2896.975446896538 6 2.59564e-08
2921.076504625649 10 1.88791e-08
2923.575446313368 6 1.25251e-06
2928.476504399283 10 9.20046e-08
2931.625446619234 6 7.92665e-08
2933.77270966752 7 3.18994e-08
2939.572709651238 7 2.44126e-08
2941.425446586699 6 4.39629e-08
2942.800474020696 5 3.01195e-08
2945.02182773276 8 8.16553e-08
2948.52544636657 6 6.41238e-07
2958.175446666647 6 6.85307e-08
2959.00047356063 5 3.70666e-07
2960.31106168276 2 1.799e-07
2961.24241961952 9 2.35486e-07
2961.88507041705 4 1.63068e-07
2964.650473493817 5 9.83417e-07
2965.275447010902 6 3.53215e-08
2965.961061829915 2 1.36188e-07
2966.681677680547 11 1.13055e-07
2966.892419535893 9 3.07252e-07
2967.535070737449 4 3.24846e-08
2968.272022487013 3 1.5296e-07
2972.481677755588 11 6.00797e-08
2974.072022896567 3 4.88978e-08
2974.142419765439 9 2.91424e-08
2974.961062058186 2 4.59662e-08
2976.535070754798 4 2.16253e-08
2978.131677890937 11 2.57104e-08
2979.872022724255 3 8.61734e-08
2979.942419604763 9 2.25314e-07
2982.150473346551 5 5.02143e-06
2982.185070674501 4 1.93308e-08
2984.525446560649 6 1.51996e-07
2988.121827729592 8 7.68668e-08
2991.822709373297 7 9.43174e-08
2993.771827664358 8 6.61455e-07
2995.925446502865 6 3.7559e-07
2999.421827743026 8 2.29316e-07
3001.725446814478 6 3.49863e-08
3002.211061740985 2 5.15541e-08
3005.221827799159 8 1.45899e-07
3011.021827651815 8 2.55453e-07
3013.67270929097 7 2.29039e-07
3016.025446279653 6 3.57929e-06
3017.62182768443 8 7.7481e-07
3023.421827726905 8 2.5742e-07
3024.225446612741 6 5.86141e-08
3025.572709428123 7 1.00379e-07
3029.071827750065 8 1.34952e-07
3031.372709201269 7 3.02074e-07
3034.721827750447 8 1.46102e-07
3037.172709626052 7 4.31172e-08
3037.875446896774 6 1.69667e-08
3040.371828023119 8 5.70163e-08
3044.811061772586 2 7.60763e-08
3046.575446514994 6 2.0068e-07
3053.025446664088 6 5.31271e-08
3055.972709488082 7 6.95549e-08
3060.275446829397 6 2.23584e-08
3163.32650407309 10 1.15307e-07
3163.985070319959 4 3.69482e-07
3164.142419768781 9 5.50697e-08
3165.550473580939 5 3.57651e-07
3165.731677849174 11 2.0773e-08
3166.611061643689 2 8.87501e-08
3169.942419623168 9 3.25141e-08
3171.35047372835 5 1.03239e-07
3171.385070301138 4 1.28162e-07
3171.531677900092 11 5.62054e-08
3172.976504500384 10 5.66373e-08
3175.59241958531 9 3.60407e-07
3177.150473758178 5 1.29379e-07
3177.181677736928 11 7.77701e-08
3177.185070379956 4 1.14633e-07
3178.672022821099 3 6.60095e-08
3179.461061626866 2 1.33447e-07
3181.242419674832 9 1.45887e-07
3182.950473529097 5 2.81645e-07
3182.981677902136 11 1.88438e-08
3182.98507062197 4 5.20968e-08
3185.111061786462 2 1.02646e-07
3186.892419487686 9 4.73182e-07
3188.781677898807 11 7.48455e-08
3188.785070171547 4 5.14744e-06
3189.550473688742 5 1.95674e-07
3189.676504264602 10 7.05727e-08
3205.076504075073 10 2.92931e-07
3205.750473895565 5 5.34089e-08
3205.785070360434 4 2.46081e-07
3206.642419796209 9 7.23593e-08
3210.581677965134 11 1.42153e-08
3211.37650416466 10 6.34228e-08
3211.550473820903 5 9.38685e-08
3211.585070564497 4 9.43418e-08
3254.776504515012 10 4.95425e-08
3298.026504198253 10 1.5877e-07
3302.575446764589 6 5.14726e-08
3306.876504234781 10 5.26826e-08
3322.800473504948 5 1.03247e-07
3323.635070719409 4 1.69127e-08
3324.292419661687 9 1.08118e-07
3325.181677710445 11 1.0867e-07
3329.285070371923 4 2.44711e-07
3329.942419533743 9 5.32223e-07
3330.831677435534 11 3.28907e-06
3331.422373441476 3 7.92048e-08
3334.935070365805 4 1.7572e-07
3335.500473488262 5 7.4938e-07
3335.592419614616 9 2.20686e-07
3337.825446754288 6 5.04449e-08
3392.226504061599 10 3.63287e-07
3393.23507036825 4 6.32193e-08
3393.300473649855 5 1.92635e-07
3393.392419626334 9 1.03798e-07
3394.73167782197 11 3.02983e-08
3398.672022660228 3 9.4254e-08
3399.035070904618 4 2.10945e-08
3399.192419805758 9 4.15806e-08
3400.211061881569 2 3.13384e-08
3401.331677720078 11 1.52105e-07
3404.322022898246 3 6.47021e-08
3406.011061515506 2 2.19989e-07
3407.450473716011 5 4.92796e-08
3408.992419956694 9 6.67597e-08
3410.635070747285 4 3.02926e-08
3413.250473800219 5 4.26552e-08
3413.261061826779 2 1.01781e-08
3413.881677708674 11 3.20643e-08
3414.772022729929 3 5.87629e-08
3414.792419573075 9 2.53592e-07
3416.285070206255 4 2.14597e-06
3417.07650410107 10 2.33749e-07
3422.085070889787 4 2.17681e-08
3422.581677593191 11 3.34411e-07
3422.972022672042 3 3.89653e-08
3423.79241940515 9 2.49357e-06
3424.65047375101 5 5.29037e-08
3425.926504012722 10 3.34056e-07
3427.735070426819 4 1.32419e-07
3428.381677806097 11 5.9994e-08
3429.442419681262 9 1.03223e-07
3431.576504279368 10 4.34138e-08
3431.901571652188 5 6.84881e-08
3433.385070300196 4 2.97607e-07
3434.031677652088 11 1.95706e-07
3435.242419905785 9 4.93336e-08
3435.522022313466 3 1.6172e-06
3438.500473791921 5 5.79065e-08
3439.561061555941 2 3.05311e-07
3441.842419899111 9 6.41463e-08
3442.122022488281 3 1.50152e-07
3442.231677673331 11 1.61011e-07
3444.300473824728 5 2.6578e-08
3444.335070420732 4 1.29426e-07
3447.881677919359 11 7.80586e-08
3447.92202257831 3 9.31058e-08
3450.042419434953 9 1.36135e-06
3450.135070467384 4 7.61965e-08
3451.476504197181 10 1.40991e-07
3451.70047400894 5 3.10343e-08
3456.642419937125 9 3.98508e-08
3456.735070420163 4 8.92144e-08
3457.12650410943 10 1.50956e-07
3460.881677453043 11 1.74338e-06
3461.722022733135 3 9.93233e-08
3462.442419832712 9 8.80206e-08
3462.535070982581 4 1.52026e-08
3466.66106196811 2 3.40727e-08
3466.681677694334 11 1.9405e-07
3467.522022480455 3 3.35647e-07
3468.242419838372 9 5.64838e-08
3469.935070326782 4 2.69226e-07
3470.650473863543 5 6.95164e-08
3472.48167763007 11 5.56292e-08
3473.32202288688 3 4.90695e-08
3475.426504137196 10 1.20127e-07
3475.735070568725 4 7.83504e-08
3478.931677666919 11 6.62752e-08
3479.642419524095 9 6.10873e-07
3481.222427553772 3 1.8215e-07
3484.581677660256 11 1.80142e-07
3485.235070461778 4 8.80951e-08
3485.292419747182 9 6.72125e-08
3486.826504451725 10 3.92855e-08
3487.650473746007 5 1.83514e-07
3490.072022609505 3 1.20098e-07
3490.231677943882 11 2.85038e-08
3491.892419667135 9 4.30706e-08
3492.311061746623 2 4.45044e-08
3493.450474139963 5 7.30079e-08
3498.111061678054 2 2.00185e-08
3498.342419746481 9 1.02853e-07
3499.081677637683 11 1.53279e-07
3499.250474015075 5 7.73281e-08
3499.87202250462 3 2.3627e-07
3504.142419555849 9 1.83645e-07
3504.731677546768 11 3.23949e-07
3505.435070669313 4 3.1607e-08
3505.522022631734 3 1.43384e-07
3508.250473557524 5 2.39387e-07
3509.942420110345 9 3.05927e-08
3510.011061787112 2 1.11022e-07
3510.675446717584 6 8.05926e-08
3512.976504186654 10 1.42407e-07
3513.635070411371 4 1.8959e-07
3514.55047396237 5 7.41825e-08
3515.742419623385 9 2.42031e-07
3516.131677543997 11 3.00249e-07
3518.776504289046 10 1.17936e-07
3519.435070861163 4 2.87238e-08
3521.950473632925 5 1.31119e-07
3522.075446682406 6 9.65582e-08
3527.725446595201 6 2.36074e-07
3528.171827701492 8 3.71464e-07
3530.122709359454 7 2.0963e-07
3533.971828105168 8 4.74355e-08
3536.572709625116 7 4.55647e-08
3538.175446779311 6 4.40947e-08
3539.771827907104 8 3.19045e-08
3542.861062139845 2 4.15599e-08
3549.421827524733 8 2.97461e-06
3551.025446564887 6 1.69703e-07
3555.071827605889 8 5.68671e-07
3555.672709717279 7 6.25102e-08
3560.525446608292 6 9.41918e-08
3560.721827880477 8 1.17405e-07
3562.122709160683 7 1.00472e-06
3566.37182792289 8 4.98845e-08
3567.772709763401 7 3.23091e-08
3568.575446272512 6 1.24886e-05
3573.42275600855 7 1.85907e-07
3578.225446603338 6 8.31914e-08
3584.522709527207 7 1.27773e-07
3590.125446489452 6 2.04871e-07
3598.175478890065 6 9.9005e-08
3603.772709511443 7 6.38974e-08
3611.82279192112 7 1.05435e-07
3617.472709447937 7 1.86896e-07
3624.625446716739 6 2.16817e-08
3624.722709816351 7 3.5923e-08
3635.225446427707 6 1.63252e-07
3638.921827718317 8 3.63478e-07
3641.272709714042 7 1.50485e-08
3644.571827614991 8 4.93591e-07
3647.072709633942 7 8.418e-08
3647.7754467284 6 3.44265e-08
3650.221828063525 8 1.16103e-08
3655.825446402333 6 4.60002e-07
3655.871828247275 8 2.67919e-08
3661.671827791154 8 1.5082e-07
3664.525446703843 6 9.81696e-08
3666.172709238434 7 4.54977e-07
3667.471827565941 8 9.51146e-07
3670.175446585523 6 1.82981e-07
3670.950473914169 5 1.59972e-07
3675.82544652363 6 1.57859e-07
3678.200473629685 5 1.18996e-07
3679.635070314024 4 2.10914e-07
3679.642419563754 9 3.26033e-07
3680.331677890711 11 5.31947e-08
3681.226504057587 10 2.45942e-07
3685.435070166512 4 5.41064e-06
3685.44241965125 9 1.93178e-07
3686.131677970121 11 4.11001e-08
3686.87650419441 10 9.95472e-08
3686.900474042112 5 3.6495e-08
3691.222022516864 3 1.60523e-07
3691.235070839376 4 1.95461e-08
3691.242419778186 9 1.03541e-07
3691.781677729768 11 1.62631e-07
3693.311061686703 2 4.33863e-08
3695.900473780351 5 5.39999e-08
3697.042419869489 9 4.39072e-08
3697.431677872302 11 1.45414e-08
3697.822022564094 3 6.95622e-08
3699.761061704338 2 9.66948e-08
3701.550473363331 5 7.41145e-06
3702.842779801889 9 4.84967e-08
3705.561061946108 2 4.17543e-08
3706.985070404685 4 1.06214e-07
3707.200473833905 5 7.45155e-08
3707.726504026713 10 3.18779e-07
3710.092419725859 9 1.8805e-07
3711.725446658255 6 4.15851e-08
3714.871827636879 8 4.26842e-07
3720.6718276276 8 7.256e-07
3721.622709422355 7 9.75834e-08
3723.125446435832 6 4.38094e-07
3726.321827903362 8 5.59566e-08
3727.272709492657 7 1.65708e-07
3731.971827723287 8 1.71391e-07
3732.922709305119 7 9.81566e-08
3737.621827924223 8 6.26601e-08
3739.711061792942 2 6.12332e-08
3740.775446564984 6 8.17154e-08
3743.271827650537 8 5.00565e-07
3746.322709339715 7 5.98966e-08
3748.921827728744 8 2.37994e-07
3752.122709802995 7 3.71711e-08
3754.425446678126 6 6.39355e-08
3754.571827857387 8 5.41834e-08
3760.0227094363 7 1.69698e-07
3760.221827896046 8 3.36595e-08
3765.871827758329 8 7.37172e-08
3768.71106196978 2 3.52543e-08
3771.125446460609 6 3.34541e-07
3771.521828092795 8 3.75966e-08
3777.321827906013 8 9.16768e-08
3777.575446496293 6 2.26282e-07
3780.761061854685 2 9.85759e-08
3783.121827714187 8 2.33726e-07
3783.225446743975 6 3.57118e-08
3784.722709869368 7 6.16088e-08
3788.921827670171 8 4.80077e-07
3790.475851844967 6 4.65456e-08
3793.572709141081 7 4.03315e-07
3796.021828046513 8 3.29382e-08
3796.125446422691 6 1.75726e-07
3801.821827848341 8 1.13861e-07
3803.072709478951 7 1.17024e-07
3804.825446386873 6 4.81631e-07
3807.971828021114 8 4.80076e-08
3810.475446481345 6 1.49109e-07
3813.522709271965 7 5.88157e-07
3813.621827961122 8 7.06626e-08
3816.125446635143 6 7.48577e-08
3819.32270911317 7 1.33474e-06
3819.421828106915 8 2.34977e-08
3825.12270941265 7 1.22571e-07
3825.125446874135 6 2.62866e-08
3825.221827880997 8 1.09874e-07
3831.02182790384 8 6.42152e-08
3831.722709136675 7 1.18291e-06
3836.075446515456 6 7.75311e-08
3837.522709420993 7 8.67055e-08
3837.621827789623 8 2.36071e-07
3842.411061814224 2 9.77695e-08
3843.421828104961 8 3.76934e-08
3844.125446326935 6 1.03451e-06
3850.222709274078 7 5.09271e-08
3858.575446694569 6 4.88723e-08
3861.500473879227 5 5.2115e-08
3861.526504119485 10 9.75126e-08
3861.635070303496 4 4.02418e-07
3862.292419859623 9 7.18621e-08
3867.281677578661 11 2.46389e-07
3867.285070575015 4 5.29519e-08
3868.092419744723 9 1.84109e-07
3868.77202271713 3 1.23644e-07
3871.326504411619 10 4.07571e-08
3873.885070434404 4 9.21085e-08
3877.126504239969 10 6.11263e-08
3878.692419960483 9 6.11264e-08
3879.535070641604 4 3.23562e-08
3885.826504194906 10 1.58568e-07
3891.476504427689 10 1.82655e-08
3897.926504426481 10 1.989e-08
3903.576503958713 10 5.47264e-07
3904.90047371538 5 1.33234e-07
3905.035070712117 4 4.20047e-08
3908.992419650866 9 3.31049e-07
3909.226504379674 10 5.08148e-08
3910.53167774725 11 9.62407e-08
3910.685070351066 4 3.14218e-07
3910.700473713584 5 1.40853e-07
3914.792419780618 9 1.00917e-07
3915.526503999371 10 8.01313e-07
3916.485070530411 4 8.44064e-08
3920.442419649221 9 3.05021e-07
3920.850473726578 5 5.01505e-08
3921.176504526382 10 3.45848e-08
3921.631677611082 11 2.86574e-07
3922.28507062278 4 5.09745e-08
3923.222022826552 3 4.50023e-08
3926.092419606875 9 1.19659e-07
3926.500473707719 5 9.41946e-08
3926.826504232421 10 1.12841e-07
3928.085070931246 4 3.47549e-08
3949.675446413638 6 3.49006e-07
3952.121827708651 8 1.82213e-07
3952.822709557463 7 6.39633e-08
3958.52544660216 6 1.46108e-07
3958.622709668484 7 3.9965e-08
3959.371827790997 8 8.90782e-08
3965.171827943403 8 8.73498e-08
3970.821828052234 8 3.13483e-08
3972.325446460933 6 5.05123e-08
3976.922709665365 7 4.81046e-08
3977.975446520395 6 2.56488e-07
3983.625446717988 6 9.3092e-08
4016.325446998582 6 2.88874e-08
4031.575446620117 6 2.77106e-07
4037.225446820537 6 3.12305e-08
4037.750473595519 5 3.11224e-07
4038.642420075917 9 2.44279e-08
4052.176504252464 10 5.38708e-08
4052.350473700479 5 1.36986e-07
4052.935070386471 4 2.02306e-07
4053.892419423937 9 5.59266e-07
4054.481677817323 11 4.25747e-08
4058.000473506638 5 7.56678e-07
4058.961062097986 2 3.68679e-08
4059.535070529983 4 5.87985e-08
4059.692419588263 9 1.78846e-07
4060.281677520246 11 1.97683e-06
4061.222273092731 3 3.6814e-07
4064.611061666296 2 1.54105e-07
4065.342419723816 9 1.13391e-07
4066.08167752625 11 9.70287e-07
4067.022022867927 3 2.33126e-08
4067.735070213007 4 6.57518e-07
4068.376504223928 10 1.48345e-07
4072.442419839058 9 1.38193e-07
4072.531678001128 11 1.0548e-08
4073.385070594924 4 4.27402e-08
4074.026504250063 10 1.05393e-07
4077.100473976222 5 5.64365e-08
4079.826504501084 10 1.19531e-08
4085.626503887093 10 2.20525e-06
4086.385070504945 4 3.30375e-08
4087.700473616831 5 6.7638e-08
4087.842420038046 9 9.34853e-08
4089.125446548436 6 2.49712e-08
4092.3227093973 7 1.2715e-07
4100.372709229858 7 2.73876e-07
4102.775446550939 6 7.51864e-08
4155.900473672046 5 3.10736e-07
4156.575446748629 6 2.37645e-08
4157.161061633203 2 1.80576e-07
4159.242419643229 9 3.23298e-08
4159.631677743709 11 9.98457e-08
4160.185070577951 4 2.63191e-08
4162.961061617572 2 2.58611e-07
4164.10047381383 5 4.48894e-08
4166.642419935191 9 2.81897e-08
4167.426504189591 10 1.35754e-07
4168.385070466221 4 8.37999e-08
4173.131677856347 11 9.96298e-08
4173.242419566133 9 2.94823e-07
4174.026504465594 10 3.84041e-08
4174.185070440975 4 2.72784e-08
4174.400473664666 5 3.34249e-07
4181.331677985284 11 1.52828e-08
4181.435070301186 4 3.81989e-07
4181.442419815356 9 7.50356e-08
4182.226504066501 10 4.51166e-07
4187.235070260131 4 8.51374e-07
4187.242419528632 9 1.2484e-07
4187.900473609107 5 1.54555e-07
4187.931677866749 11 6.34509e-08
4189.476504039443 10 3.73231e-07
4193.035070649716 4 3.26298e-08
4193.042419587283 9 5.29026e-07
4193.700473563696 5 2.87114e-07
4193.731678126506 11 1.8847e-08
4194.211061695372 2 3.9857e-08
4196.576504312456 10 5.76137e-08
4198.835070711081 4 4.27426e-08
4198.842419752534 9 1.53457e-07
4199.531677674514 11 2.74413e-07
4199.622022335661 3 1.74743e-06
4203.500473598057 5 3.16071e-07
4203.676504354513 10 3.92522e-08
4204.635070753127 4 1.56776e-08
4204.642419887744 9 1.20764e-08
4206.075446693542 6 6.39646e-08
4206.911062019481 2 2.26123e-08
4209.300474093267 5 1.27282e-08
4211.875446457534 6 1.66316e-07
4214.12182772577 8 1.30838e-07
4216.71106197705 2 2.03977e-08
4219.921828024363 8 1.26915e-07
4220.725446412502 6 2.57066e-07
4224.676504461786 10 2.67713e-08
4226.300474105017 5 3.29913e-08
4226.375446558632 6 2.19718e-07
4232.100473984675 5 7.8108e-08
4232.175446694209 6 5.48301e-08
4232.761061917442 2 2.65237e-08
4233.571827913908 8 7.097e-08
4236.772709754397 7 2.7502e-08
4239.371827528852 8 4.24713e-06
4245.171827758243 8 1.2963e-07
4248.022709427935 7 6.35959e-08
4250.971827636793 8 4.51793e-07
4256.37544670832 6 1.85654e-08
4256.771827772842 8 2.60477e-07
4262.175446662598 6 1.20747e-07
4262.571827683369 8 3.89785e-07
4264.222709341907 7 1.44767e-07
4268.221828004486 8 2.21804e-08
4269.872709685277 7 3.45121e-08
4270.375446839351 6 4.84298e-08
4274.021827630484 8 3.9586e-07
4276.972709416635 7 1.78058e-07
4279.821827779537 8 7.08387e-08
4282.622709296001 7 2.04944e-07
4285.621827871058 8 2.20227e-07
4289.872709413184 7 7.02937e-08
4291.421827749672 8 2.12853e-07
4294.575446876514 6 2.98296e-08
4297.073422858319 8 5.46475e-07
4302.272709514276 7 7.83688e-08
4302.721827603424 8 7.97835e-07
4308.521827513434 8 1.34423e-05
4310.472709673139 7 4.10669e-08
4310.625446527081 6 5.31713e-08
4315.121827584045 8 1.01629e-06
4320.921827677139 8 2.43064e-07
4327.371827854344 8 9.5837e-08
4328.125446615064 6 1.55313e-07
4333.02182798264 8 2.07208e-08
4338.222709373207 7 1.18936e-07
4338.671827862939 8 6.654e-08
4344.471827822461 8 1.06519e-07
4346.575446727549 6 4.0624e-08
4348.961061869151 2 9.74094e-08
4352.225446852081 6 4.33456e-08
4353.600473471063 5 6.65993e-07
4355.085070584939 4 2.4883e-08
4355.092419489821 9 3.89696e-07
4355.731677591478 11 1.73926e-07
4356.622022558216 3 2.14874e-07
4360.892419587088 9 1.52735e-07
4361.511061955487 2 5.085e-08
4361.531678056952 11 3.10451e-08
4361.650473340828 5 1.0349e-05
4362.485070571331 4 5.68817e-08
4363.926504262694 10 1.36644e-07
4370.526504504999 10 6.82426e-08
4370.650473902674 5 4.18763e-08
4391.500473765166 5 8.28821e-08
4392.62544676295 6 8.18022e-08
4393.592419830858 9 8.38894e-08
4393.711061694352 2 6.00281e-08
4398.622022715436 3 1.12938e-07
4399.331677887957 11 6.02024e-08
4399.51106169035 2 1.20124e-07
4400.192419775597 9 2.36298e-08
4400.350473580635 5 1.90669e-07
4401.885070487753 4 6.65e-08
4402.72650406899 10 1.24635e-07
4406.731677635274 11 1.86997e-07
4407.472022472051 3 2.54241e-07
4407.592419853951 9 5.14198e-08
4409.961061583932 2 1.81805e-07
4411.600473536275 5 4.48686e-07
4413.39241953811 9 3.50186e-07
4414.13167761224 11 1.81165e-07
4414.885070399299 4 2.51017e-08
4417.326504158905 10 2.762e-07
4420.600473904877 5 4.38137e-08
4420.642419790837 9 6.50312e-08
4420.685070281912 4 2.60072e-07
4422.97650410701 10 8.64267e-08
4427.285070531361 4 6.57671e-08
4428.776504282998 10 8.51182e-08
4428.800473635332 5 3.47998e-07
4428.842419838137 9 9.42181e-08
4430.775447079286 6 2.00472e-08
4432.935070459191 4 1.01169e-07
4433.381677905129 11 4.96073e-08
4434.16106171212 2 2.91827e-07
4434.600473788631 5 1.08119e-07
4434.642419810426 9 4.30066e-08
4439.831677890105 11 5.59994e-08
4439.961062150029 2 3.75516e-08
4440.335070297053 4 4.62012e-07
4440.400473778814 5 6.41813e-08
4440.442419507551 9 9.55523e-07
4445.631677691653 11 8.86715e-08
4445.972022299378 3 9.3448e-07
4447.842419523865 9 1.26034e-07
4448.535070623562 4 3.28929e-08
4448.600473916263 5 1.13178e-07
4451.431677793636 11 3.78276e-08
4451.772022509599 3 3.46988e-07
4454.942419881025 9 6.15864e-08
4457.231677634545 11 2.4481e-07
4457.572022781285 3 3.91513e-08
4458.335070476929 4 2.51184e-08
4458.400473666124 5 1.42377e-07
4461.392419769785 9 8.9234e-08
4462.111061563265 2 2.69819e-07
4466.600473830034 5 6.75429e-08
4466.825446905449 6 5.78435e-08
4467.911061459365 2 2.47822e-07
4473.561061667836 2 1.14305e-07
4474.800473739982 5 9.57731e-08
4474.875505143848 6 1.54933e-07
4480.376504186792 10 1.80824e-07
4481.400473548204 5 2.40038e-07
4481.58507068962 4 2.69206e-08
4483.192419482213 9 2.97554e-07
4483.211062010789 2 4.41879e-08
4483.681677674039 11 2.01909e-07
4487.200473369325 5 5.23853e-06
4488.385070671882 4 1.62891e-08
4488.992419772157 9 1.16177e-07
4489.661061628515 2 1.3704e-07
4493.172022358348 3 7.08022e-07
4493.181677779675 11 1.00367e-07
4496.392419762769 9 5.37525e-08
4496.435070293517 4 1.07198e-07
4497.226504034191 10 3.74302e-07
4502.000473667936 5 1.09825e-07
4502.192419579601 9 2.65183e-07
4502.235070298343 4 7.96942e-07
4502.981677688174 11 1.28416e-07
4503.026504556233 10 4.41297e-08
4504.422022553957 3 2.53826e-07
4507.99241981697 9 6.27475e-08
4508.781677432526 11 5.61407e-06
4509.635070655718 4 3.40256e-08
4510.661061870155 2 6.75066e-08
4510.85047390665 5 9.36342e-08
4512.472418466889 3 4.28689e-07
4513.642419589025 9 6.79655e-08
4514.431677726021 11 6.37608e-08
4515.435070388997 4 1.66505e-07
4516.500473736899 5 2.09903e-07
4517.026504047349 10 2.02491e-07
4524.435070457651 4 6.79083e-08
4525.042420142429 9 3.32741e-08
4527.626504529484 10 7.6976e-08
4529.031677787848 11 2.90701e-08
4530.235070369815 4 1.07317e-07
4530.842419652458 9 1.92343e-07
4530.950473497881 5 2.64152e-07
4534.831678251666 11 3.3002e-08
4534.876503975452 10 3.47359e-07
4535.885070805859 4 1.64753e-08
4538.200473718017 5 8.69092e-08
4540.375446665429 6 8.50885e-08
4546.772709665422 7 7.42352e-08
4552.575446809684 6 1.93292e-08
4562.822709552922 7 9.72377e-08
4567.975446698768 6 6.58791e-08
4571.673123348459 7 2.22207e-07
4574.42544667125 6 1.1733e-07
4581.825446487023 6 2.06368e-07
4619.876504238069 10 5.25413e-08
4621.600473520777 5 1.65484e-07
4622.092419791084 9 4.15964e-08
4626.825446792406 6 2.96426e-08
4631.722709386581 7 1.49935e-07
4636.625446757298 6 9.39424e-08
4644.572709567845 7 4.11522e-08
4644.675446918418 6 4.3165e-08
4650.372709442405 7 9.59973e-08
4653.375446565458 6 1.34753e-07
4665.37650407097 10 3.87171e-07
4666.185070375388 4 2.35664e-07
4666.942419665625 9 1.83779e-07
4666.950473558971 5 2.77954e-07
4668.461061774675 2 9.0949e-08
4668.481677977199 11 3.46825e-08
4671.985070544752 4 2.04683e-07
4672.742419502225 9 1.11126e-06
4672.750473748764 5 4.6381e-08
4674.281677797578 11 5.75113e-08
4674.3220226527 3 8.75736e-08
4675.86106145677 2 9.91471e-07
4680.08167774468 11 1.02894e-07
4680.122022687771 3 1.03495e-07
4680.142419942858 9 3.65748e-08
4682.285070663038 4 5.71314e-09
4683.826504182129 10 1.08913e-07
4687.93507056337 4 5.11759e-08
4689.476504446807 10 1.2386e-08
4696.625446445491 6 1.12861e-07
4698.311061766198 2 4.59125e-08
4704.722709569998 7 8.76659e-08
4706.425446457906 6 2.62944e-07
4707.850473783258 5 9.66e-08
4709.676504370339 10 3.88622e-08
4759.425446565879 6 1.14288e-07
4764.322709499577 7 3.24563e-08
4770.025446541672 6 1.36618e-07
4784.372709451549 7 4.84537e-08
4789.125446510146 6 1.43489e-07
4791.250473621445 5 3.78709e-07
4792.911061976829 2 5.16452e-08
4795.575446707787 6 9.86699e-08
4798.650473579263 5 3.47793e-07
4799.335070557444 4 3.6509e-08
4800.276504053706 10 1.62667e-07
4800.342419959399 9 3.36542e-08
4816.27544668879 6 1.28488e-07
4817.90047370954 5 1.43895e-07
4820.311061738686 2 7.53412e-08
4820.542419641263 9 9.08398e-08
4821.881677565224 11 6.39851e-07
4821.935070485034 4 4.40909e-08
4823.550473837876 5 4.65851e-08
4826.192419509436 9 2.74706e-07
4827.526503976329 10 3.83803e-07
4827.735070517836 4 1.30997e-07
4830.731677953032 11 5.36535e-08
4830.800473650881 5 2.7318e-07
4831.842419941041 9 2.4304e-08
4833.961061754637 2 8.52576e-08
4834.035070825118 4 2.59796e-08
4838.200473686045 5 2.45471e-07
4838.292419678263 9 9.28685e-08
4838.781677795785 11 1.20421e-07
4839.835070264847 4 7.67338e-07
4841.176504013706 10 6.14667e-07
4845.635070675676 4 1.81718e-08
4846.826504028554 10 2.52671e-07
4848.431678001289 11 4.18807e-08
4848.892419960363 9 4.52391e-08
4851.435070512755 4 7.21751e-08
4852.476504243103 10 1.54006e-07
4853.300473508817 5 2.90545e-07
4854.692419507419 9 4.15402e-07
4854.8110620971 2 4.22753e-08
4854.881677898585 11 5.42547e-08
4857.085070518512 4 5.44077e-08
4858.950473613072 5 3.58415e-07
4860.461061752957 2 8.63099e-08
4860.492419846146 9 8.95673e-08
4861.122022661308 3 5.87794e-08
4861.331677596365 11 5.34785e-07
4867.061061479359 2 4.08756e-07
4867.892420178547 9 4.55969e-09
4869.925446680425 6 8.66798e-08
4870.050473656704 5 1.59014e-07
4872.711061620916 2 1.67886e-07
4875.850474055424 5 1.85784e-08
4876.52544670775 6 4.28048e-08
4878.992419637198 9 1.62479e-07
4879.535070739045 4 2.98169e-08
4879.811061807247 2 1.11174e-07
4880.581677635895 11 2.24465e-07
4881.972364750004 3 1.03284e-07
4884.376504192671 10 1.19533e-07
4884.642419644781 9 2.45549e-07
4885.200473593451 5 2.00641e-07
4885.335070470613 4 6.94611e-08
4886.231677922214 11 3.57669e-08
4886.911061543207 2 4.82677e-08
4890.292419684122 9 1.7323e-07
4891.000473757835 5 1.28368e-07
4892.711061757345 2 9.81892e-08
4893.875446685271 6 4.44469e-08
4896.126504194839 10 1.83668e-07
4902.726504535511 10 4.19121e-08
4908.000473501537 5 6.88858e-07
4908.585070680366 4 4.73896e-08
4908.892420046185 9 2.97168e-08
4909.326504275183 10 1.3288e-07
4920.726504369357 10 4.01438e-08
4921.800473684492 5 3.18371e-08
4923.492419876157 9 2.70761e-08
4924.111061575723 2 1.90336e-07
4927.375446570808 6 1.36196e-07
4931.176504396324 10 6.7772e-08
4975.726504239982 10 9.26172e-08
4976.400473903028 5 3.1102e-08
4977.285070682059 4 5.46593e-08
4988.576503899971 10 2.10423e-06
4989.485070562054 4 4.25802e-08
4990.200473668828 5 7.11675e-08
4990.892419810733 9 1.05673e-07
4992.661061890183 2 2.55707e-08
4994.131677774852 11 8.30889e-08
4995.135070672843 4 5.01295e-08
4995.850473935518 5 7.40175e-08
4998.461061528019 2 2.16099e-07
5000.692419676812 9 9.42316e-08
5000.731677916255 11 4.62579e-08
5001.585070667353 4 3.19544e-08
5001.650473353958 5 2.23156e-06
5003.826503930016 10 1.17433e-06
5008.185070451549 4 1.2894e-07
5009.626504473886 10 5.25922e-08
5009.692419820712 9 1.63055e-07
5010.531677728224 11 9.85621e-08
5011.950473639248 5 1.09728e-07
5014.27202249636 3 7.80838e-08
5015.492419815813 9 5.33631e-08
5015.785070532065 4 1.0572e-07
5016.18167794638 11 2.81363e-08
5017.526504164162 10 6.03105e-08
5022.250473873361 5 6.90403e-08
5022.385070483151 4 7.26773e-08
5023.176503907007 10 9.1724e-07
5028.82650415007 10 1.30507e-07
5030.435070705902 4 5.89387e-08
5034.476504121666 10 1.52026e-07
5034.892419675125 9 1.03004e-07
5035.100473800745 5 3.09859e-08
5036.231677680918 11 7.62955e-08
5036.235070459741 4 3.0644e-08
5040.126503965283 10 3.76396e-07
5041.492419747883 9 1.47761e-07
5042.035070372887 4 1.07374e-07
5042.831677550062 11 7.13736e-07
5044.611061603188 2 1.59475e-07
5048.631677841394 11 6.19617e-08
5048.742878974582 9 4.16435e-08
5049.372022428796 3 2.24912e-07
5052.661061589408 2 2.70232e-07
5056.792419632564 9 2.95675e-07
5056.83167787019 11 1.00021e-07
5057.400473455595 5 9.10404e-07
5057.435070692495 4 1.55119e-08
5061.375446668981 6 1.20249e-07
5078.375446741646 6 6.15621e-08
5080.622709461769 7 1.17828e-07
5087.225446552786 6 3.83354e-08
5092.676504292591 10 9.37666e-08
5092.835070747882 4 2.75703e-08
5093.60047364966 5 1.30261e-07
5094.475446717316 6 4.76639e-08
5098.476503920477 10 8.90423e-07
5100.085070783153 4 4.15713e-08
5104.12650426179 10 8.39124e-08
5105.735070141237 4 2.27101e-05
5106.442419681911 9 2.36105e-07
5106.48167791375 11 3.91045e-08
5111.172022745555 3 7.74121e-08
5111.385070720789 4 3.20447e-08
5112.242419809051 9 2.2276e-08
5112.281677894926 11 3.10733e-08
5112.861061512863 2 7.87344e-08
5116.050473679528 5 1.94961e-07
5118.04242007431 9 1.88286e-08
5118.081677879792 11 7.6047e-08
5118.422022558834 3 1.86704e-07
5120.111061659615 2 4.21173e-08
5122.500473511133 5 2.26044e-07
5123.285070377413 4 2.7764e-07
5123.842419631902 9 2.23616e-07
5123.881677930835 11 4.00353e-08
5124.826504490405 10 2.92406e-08
5127.272022301585 3 1.21496e-06
5129.681677758356 11 5.02254e-08
5131.242419562357 9 3.41344e-07
5131.335070507179 4 8.21955e-08
5132.950474001168 5 7.35236e-08
5136.226504054733 10 2.30503e-07
5137.135070172355 4 5.03086e-06
5137.842419476308 9 2.538e-07
5138.68167755119 11 5.93667e-07
5138.750473935522 5 6.01144e-08
5140.122246007342 3 6.94818e-07
5143.211061643874 2 3.00772e-07
5144.142419760759 9 6.92462e-08
5144.481677915171 11 2.17023e-08
5144.550473734808 5 9.74307e-08
5146.422022501211 3 1.69706e-08
5147.935070687526 4 3.66549e-08
5150.376504241239 10 1.08173e-07
5152.042419842225 9 2.7037e-08
5152.681677642486 11 3.39315e-08
5152.872022539602 3 1.59162e-07
5158.481677955314 11 5.63656e-08
5158.672022357914 3 2.24862e-07
5161.84241985232 9 6.07472e-08
5163.335070413236 4 1.3631e-07
5164.281677871774 11 5.0456e-08
5164.750473566339 5 3.74293e-07
5166.461061747877 2 5.25868e-08
5167.492419532552 9 3.71806e-07
5168.82650408108 10 2.39002e-07
5168.985070368333 4 4.84188e-08
5172.950473883129 5 4.66715e-08
5173.142419854898 9 7.69553e-08
5174.626504354375 10 3.51606e-08
5174.635070359601 4 2.4257e-07
5176.181677504896 11 1.17381e-06
5178.750473473288 5 6.54826e-07
5178.792419813447 9 1.15088e-07
5180.77544661404 6 1.40011e-07
5254.026504182987 10 1.08577e-07
5254.835070772564 4 2.34493e-08
5254.950473643752 5 8.02143e-08
5256.675446815853 6 4.83484e-08
5258.192419533362 9 4.51742e-07
5259.131677978113 11 4.9749e-08
5259.961061499302 2 3.75974e-07
5261.550473495142 5 4.27431e-07
5262.325446729094 6 7.10092e-08
5266.226504213835 10 3.81154e-08
5267.200473879927 5 8.38847e-08
5267.835070256344 4 1.1621e-06
5267.842419789284 9 5.58331e-08
5271.87650415486 10 1.12329e-07
5273.500473829228 5 7.74465e-08
5273.635070575689 4 7.10166e-08
5279.126504234916 10 1.58431e-07
5279.300474117085 5 2.06608e-08
5283.135070553837 4 1.01576e-07
5284.926503957214 10 1.02833e-06
5286.250473557407 5 1.37695e-07
5287.09241960375 9 1.40232e-07
5287.831677879547 11 1.28169e-07
5288.661061928093 2 1.09519e-07
5289.43507037462 4 1.7843e-07
5290.576504129887 10 1.0951e-07
5296.226504088397 10 2.26553e-07
5297.500473692211 5 3.58572e-07
5297.635070670573 4 3.78277e-08
5298.342419902878 9 3.25983e-08
5300.061061711253 2 1.93956e-07
5300.625446762964 6 8.90886e-08
5303.285070308243 4 9.17029e-08
5303.300473729738 5 5.74807e-08
5304.031677706504 11 1.89059e-07
5304.14241954906 9 3.23002e-07
5305.722022636678 3 9.34493e-08
5307.311061573429 2 3.01045e-07
5309.100473639045 5 1.52119e-07
5309.831677692393 11 1.41621e-07
5309.942419378126 9 2.46739e-06
5310.535070668253 4 3.75898e-08
5312.961061701996 2 1.77826e-07
5314.900473588974 5 2.20526e-07
5315.742420026882 9 3.41522e-08
5315.826504174982 10 1.96726e-07
5316.335070630755 4 7.37045e-08
5321.500473536404 5 2.01988e-07
5321.626504479042 10 3.77289e-08
5322.135070694095 4 3.92991e-08
5322.342419717472 9 1.84114e-07
5323.831677652011 11 1.23018e-07
5327.276504287922 10 1.0155e-07
5327.300473690868 5 1.18725e-07
5327.935070524024 4 4.86518e-08
5327.99241996804 9 5.26841e-08
5330.281677735384 11 1.09288e-07
5333.076503967058 10 1.59607e-06
5336.135070528629 4 1.45371e-07
5337.792419946085 9 1.24344e-08
5339.281677964756 11 1.56303e-08
5339.376504259157 10 3.67214e-08
5340.800473864826 5 5.04126e-08
5341.785070745865 4 2.64228e-08
5345.976504189586 10 5.70927e-08
5351.776504064757 10 2.91628e-07
5357.576504460085 10 1.40907e-08
5362.600473785704 5 4.32938e-08
5362.635070403253 4 1.08967e-07
5363.142419833265 9 4.16385e-08
5363.37650410059 10 6.45638e-07
5366.381677562398 11 1.39121e-07
5368.400473706628 5 6.12911e-08
5368.435070694955 4 3.88853e-08
5368.792419637554 9 1.41102e-07
5369.511061796118 2 5.0018e-08
5371.872022514905 3 2.00176e-07
5372.031677534279 11 8.63131e-07
5377.435070397777 4 6.52043e-08
5377.4924196644 9 2.24081e-07
5377.522022983245 3 3.73442e-08
5377.681677781152 11 7.96008e-08
5379.000473675303 5 9.76628e-08
5379.126504315137 10 6.64296e-08
5383.235070397902 4 1.14298e-07
5384.092419904134 9 2.48812e-08
5384.931677658105 11 1.9505e-07
5386.400473634188 5 1.24723e-07
5387.96106170821 2 1.29732e-07
5389.475446604655 6 6.97937e-08
5392.050473546496 5 3.65902e-07
5392.735070392497 4 4.25819e-07
5392.776504164527 10 3.44295e-07
5392.79241980615 9 1.21512e-07
5397.700473630537 5 1.25187e-07
5398.411061793461 2 5.52091e-08
5399.275446850022 6 4.72624e-08
5400.976504171772 10 7.58919e-08
5400.99242006728 9 7.44691e-09
5406.776504357448 10 5.96006e-08
5411.985070646376 4 1.7528e-08
5412.576504372105 10 5.06008e-08
5412.800473491749 5 5.35024e-07
5413.692419697444 9 7.27581e-08
5415.261062046087 2 6.45945e-08
5416.125446706842 6 1.04886e-07
5417.635070562716 4 6.59045e-08
5418.450473431392 5 8.58818e-07
5419.34241991023 9 5.23213e-08
5420.911061920589 2 3.1161e-08
5424.025446569708 6 9.2623e-08
5427.176504742505 10 1.72888e-08
5548.225446627798 6 2.38513e-07
5556.176504078201 10 3.91763e-07
5556.88507069347 4 2.21857e-08
5561.826504226757 10 1.70772e-07
5562.685070499738 4 9.82397e-08
5564.900473858332 5 7.93558e-08
5565.792419636631 9 3.49631e-07
5566.431677845436 11 2.04875e-08
5567.626503988678 10 1.86844e-07
5568.485070460184 4 7.75732e-08
5570.700473833407 5 6.82024e-08
5571.592419924482 9 3.79508e-08
5573.276504187651 10 1.28131e-07
5600.3765043671 10 1.90228e-08
5614.826504192033 10 1.49993e-07
5616.350473727651 5 1.0997e-07
5616.385070440408 4 1.89859e-07
5617.09241958448 9 2.12704e-07
5617.831677660079 11 2.82788e-07
5621.126504058566 10 3.47158e-07
5622.185070541176 4 9.08046e-08
5622.892420158288 9 4.04054e-08
5622.950473970791 5 6.65546e-08
5637.075446626047 6 1.09722e-07
5639.150474032606 5 2.24559e-08
5640.221828059122 8 4.40233e-08
5644.961062175685 2 3.03322e-08
5646.021827840829 8 8.6188e-08
5648.475446774944 6 5.79643e-08
5652.471827827372 8 1.64933e-07
5654.125446217099 6 0.000477019
5662.550473462775 5 5.17438e-07
5663.535070516491 4 2.88503e-08
5663.592419595796 9 3.02523e-07
5664.281677901332 11 2.64573e-08
5666.825446798134 6 4.10355e-08
5670.750473685106 5 1.44059e-07
5672.376504243972 10 8.00571e-08
5672.535070431626 4 1.68395e-07
5672.59241974059 9 1.86789e-07
5674.081677639181 11 2.98634e-07
5676.372022739089 3 1.2321e-07
5677.961061395734 2 2.01731e-06
5681.481677641553 11 2.97886e-07
5681.592419871919 9 1.09219e-07
5682.022022515537 3 1.95648e-07
5683.635070266293 4 5.77327e-07
5684.426504403547 10 7.83522e-08
5686.000473890353 5 6.03415e-08
5687.2816780001 11 2.86092e-08
5687.392419705884 9 1.39029e-07
5687.6110618573 2 5.81806e-08
5691.650473703186 5 1.12272e-07
5692.335070436488 4 1.24648e-07
5693.08167802419 11 2.28911e-08
5693.192419689525 9 1.10906e-07
5694.076504141205 10 1.114e-07
5698.135070511625 4 1.3391e-07
5699.87650439048 10 6.70924e-08
5732.97544686117 6 2.5152e-08
5744.375446455677 6 5.49136e-07
5746.621827772285 8 2.35719e-07
5750.175446633868 6 1.1025e-07
5752.421827779434 8 2.3292e-07
5757.425446544164 6 2.55591e-07
5758.221828084901 8 2.21844e-08
5764.021827829185 8 5.04989e-08
5766.172709185038 7 9.55698e-07
5767.225446685834 6 1.32151e-07
5771.011061879897 2 4.94471e-08
5772.650474142733 5 3.87348e-08
5772.875446338442 6 1.00861e-06
5774.321827670447 8 2.88699e-07
5775.172709884023 7 2.63124e-08
5780.121827665243 8 1.91603e-07
5782.411061820131 2 3.69119e-08
5783.32544642864 6 4.40661e-07
5786.421827748887 8 2.01873e-07
5788.022709215688 7 3.38409e-07
5792.071827982854 8 1.99259e-08
5794.311061709792 2 7.09807e-08
5795.225446523046 6 1.32391e-07
5797.721827929136 8 9.07985e-08
5802.322709280444 7 1.71128e-07
5803.371827624585 8 6.06368e-07
5809.171827806818 8 2.00994e-07
5812.725447007458 6 4.02285e-08
5813.572709520849 7 6.86377e-08
5814.971827848212 8 1.16721e-07
5820.771827703553 8 3.75067e-07
5822.375446715213 6 8.94234e-08
5826.421827564302 8 5.20981e-07
5828.02270930534 7 1.03824e-07
5831.22544650351 6 1.77442e-07
5833.5218278076 8 1.71429e-07
5836.722709635608 7 3.63662e-08
5836.875446594754 6 2.63086e-08
5839.900473776777 5 8.88697e-08
5840.726504424064 10 5.86046e-08
5855.97544657868 6 4.0942e-08
5856.750473770372 5 9.90823e-08
5858.361061641044 2 1.61996e-07
5864.025446685832 6 1.05294e-07
5886.376504193785 10 1.34714e-08
5887.135070392995 4 1.74163e-07
5887.200473733694 5 5.75639e-08
5887.792419583304 9 5.60718e-07
5888.481677919997 11 1.24502e-08
5892.075446686109 6 9.91707e-08
5892.811061543011 2 4.51039e-07
5893.000473879457 5 2.39074e-08
5896.681677996499 11 7.17179e-08
5896.792419609414 9 3.79818e-07
5897.735070305759 4 2.78462e-07
5898.426504197031 10 1.1752e-07
5899.450473425156 5 1.10726e-06
5901.811061584304 2 1.87671e-07
5904.192419733887 9 1.56098e-07
5904.881677891469 11 9.95079e-08
5905.100473499501 5 3.83287e-07
5905.785070539079 4 3.42582e-08
5907.276504276159 10 7.6303e-08
5909.842419691825 9 5.71041e-08
5910.472364624515 3 1.53176e-07
5910.681677608724 11 2.13339e-07
5912.111061552413 2 2.84545e-07
5912.350473865111 5 5.12509e-08
5914.485070291235 4 6.49487e-07
5915.176504217913 10 1.80181e-07
5915.492419834742 9 5.13144e-08
5918.000473677005 5 1.98837e-07
5918.731677517856 11 5.60357e-07
5919.472022566882 3 1.96819e-07
5921.142419663688 9 8.06893e-08
5921.885070765657 4 1.93376e-08
5924.381677840999 11 3.37973e-08
5925.122022536558 3 2.55517e-07
5926.792419631804 9 2.02523e-07
5927.35047407508 5 1.51873e-08
5928.961061797422 2 1.00849e-07
5930.031677920048 11 8.14875e-08
5931.385070353397 4 2.38486e-07
5932.442419577203 9 3.74823e-07
5933.822022772982 3 5.50988e-08
5934.611061821115 2 4.08512e-08
5935.400473466406 5 6.2502e-07
5939.975446676986 6 1.09964e-07
5943.077602403259 10 3.49461e-08
5947.225446570762 6 2.82004e-07
5989.550473507349 5 6.63244e-08
5990.24241958776 9 3.35685e-07
5990.336236750619 4 7.09331e-08
5991.83167742317 11 1.01967e-05
5991.972022644753 3 1.59721e-07
5994.361061617895 2 7.75733e-08
5995.200473487954 5 3.02247e-07
5996.042419677901 9 1.83843e-07
5996.135070476226 4 9.6985e-08
5997.526504377844 10 2.71326e-08
5997.631677875602 11 1.30798e-07
6000.222022424336 3 6.55828e-07
6004.161061584161 2 2.61575e-07
6005.831677860135 11 5.85344e-08
6005.842419680858 9 8.86648e-08
6006.600473873296 5 8.04626e-08
6007.535070735629 4 3.21936e-08
6007.622022563406 3 3.18651e-07
6011.261061614663 2 2.85658e-07
6014.031677963013 11 2.9327e-08
6014.222022693449 3 1.29543e-07
6017.061061813845 2 1.25968e-07
6017.200473380533 5 3.01975e-06
6017.242419796971 9 1.71848e-07
6018.935070377312 4 1.61976e-07
6019.826504365309 10 5.19023e-08
6019.831677855147 11 4.09436e-08
6022.861062018044 2 3.54751e-08
6023.0004739431 5 6.49583e-08
6023.042419586207 9 6.61198e-07
6023.922022548027 3 1.32661e-07
6025.631677758378 11 1.0287e-07
6027.935070192919 4 2.32895e-06
6028.842419399173 9 4.57397e-06
6029.60047391085 5 4.93595e-08
6030.522022852671 3 9.62034e-08
6031.281677927438 11 1.6006e-08
6031.861061759556 2 2.50088e-08
6033.585070359514 4 1.54569e-07
6034.426504143288 10 2.75545e-07
6034.492419817067 9 6.19134e-08
6039.250473840059 5 6.90643e-08
6039.38507071816 4 2.52415e-08
6040.226504371676 10 7.09178e-08
6042.531677786831 11 5.52399e-08
6042.542419423016 9 1.88758e-06
6045.035070355013 4 4.35304e-07
6046.500473761495 5 6.64983e-08
6046.526504440949 10 6.46552e-08
6048.331677547011 11 2.97939e-07
6048.342419784322 9 8.57643e-08
6048.822022356789 3 9.13911e-07
6054.131678023739 11 7.86373e-08
6054.142420065194 9 2.41546e-08
6054.62202298547 3 1.39808e-08
6055.261061521021 2 4.71134e-07
6059.932073870317 11 8.69796e-08
6060.422022315099 3 1.36727e-06
6063.185070696427 4 1.04183e-08
6065.926504005238 10 1.09146e-06
6068.985070404335 4 3.17048e-07
6070.342419708355 9 9.00862e-08
6070.531678004666 11 5.07987e-08
6070.700474023346 5 3.68481e-08
6071.726504291982 10 5.00246e-08
6074.635070572745 4 5.07089e-08
6077.526503870545 10 2.03612e-06
6082.535070493037 4 1.10678e-07
6083.192419899537 9 3.18794e-08
6083.250473585374 5 2.36493e-07
6083.326504466308 10 1.58823e-08
6138.325446576134 6 5.81414e-08
6140.250473636663 5 1.80011e-07
6142.361061557149 2 4.25618e-07
6144.192419512018 9 5.36524e-07
6144.831678113244 11 1.29086e-08
6144.835070668643 4 1.6332e-08
6145.90047365692 5 8.28195e-08
6147.325447073987 6 8.8838e-09
6151.550473684766 5 1.16298e-07
6152.811061931861 2 8.29453e-08
6153.125446758476 6 7.1275e-08
6158.650473913719 5 4.18525e-08
6158.775446674567 6 1.30847e-07
6163.226504366139 10 6.88254e-08
6164.45047360598 5 1.16803e-07
6165.875446648843 6 1.25456e-07
6178.626504251037 10 9.66094e-08
6179.55047358004 5 2.2697e-07
6180.092419654276 9 1.26732e-07
6180.235070464361 4 1.07823e-07
6183.431677625237 11 3.52786e-07
6185.022022531194 3 3.42045e-07
6188.211061710415 2 1.5729e-07
6190.672022567234 3 3.9626e-07
6191.481759487305 11 1.04059e-07
6192.292419759523 9 3.0448e-08
6193.861061594233 2 1.35163e-07
6196.322022722263 3 4.50745e-08
6197.131677885378 11 1.10683e-07
6197.850473601523 5 1.6302e-07
6197.942419813196 9 1.5245e-07
6201.085070404064 4 2.59244e-07
6202.781677650624 11 3.6452e-07
6203.650473969667 5 2.60016e-08
6203.742419866506 9 1.13086e-07
6204.311061663684 2 7.08734e-08
6207.37544675083 6 5.87057e-08
6216.37544658931 6 1.53841e-07
6218.250473890591 5 5.00645e-08
6218.676504476142 10 6.45326e-09
6241.375446612388 6 9.47881e-08
6242.450473499749 5 1.51958e-07
6243.792419509734 9 9.69787e-08
6244.33507048722 4 8.80449e-08
6244.431677867988 11 8.59115e-08
6245.926504236715 10 9.59281e-08
6249.59241944146 9 1.13826e-06
6250.135070536203 4 6.98772e-08
6250.231677632402 11 2.44456e-07
6250.622023024808 3 1.58724e-08
6251.450473839333 5 9.10447e-08
6252.226504071842 10 2.02207e-07
6255.242420028299 9 5.4231e-08
6255.935070760515 4 3.42711e-08
6258.431677600373 11 2.19154e-07
6260.12202260573 3 1.15375e-07
6265.031677684593 11 1.38228e-07
6265.842419576446 9 2.19829e-07
6265.922022730987 3 1.72707e-07
6266.535070764291 4 5.27345e-08
6270.461061557317 2 2.57197e-07
6270.681678124457 11 1.33751e-08
6271.350473942168 5 4.22528e-08
6274.375446979835 6 2.66055e-08
6275.642419584434 9 9.40629e-08
6276.335070699933 4 2.94089e-08
6276.481677528215 11 3.53501e-07
6277.17202273319 3 3.71195e-08
6282.242419752533 9 2.1408e-07
6282.281677842941 11 2.1931e-08
6282.661061908944 2 6.86453e-08
6282.750473894885 5 4.42907e-08
6283.735070629347 4 4.51322e-08
6283.772022684048 3 1.39927e-07
6286.426504199053 10 1.95731e-07
6290.425446606446 6 4.13217e-08
6292.772709713187 7 6.41131e-08
6296.55047384259 5 4.36805e-08
6297.676504235702 10 3.48127e-08
6314.475446719994 6 1.16093e-07
6316.972709649678 7 4.45217e-08
6320.125446411341 6 3.02248e-07
6324.222709594027 7 6.15394e-08
6330.57544716567 6 1.75261e-08
6334.522709545817 7 1.35216e-07
6344.172709308632 7 3.37478e-08
6348.225446661443 6 1.07984e-07
6350.350473542016 5 5.52453e-07
6351.242419669891 9 1.17574e-07
6351.935070538356 4 5.15074e-08
6352.881678062123 11 2.7872e-08
6355.327602089646 10 2.08927e-07
6357.735070336176 4 3.23124e-07
6357.750473693641 5 2.68828e-07
6357.842419463684 9 7.85217e-07
6358.681677797077 11 1.6263e-07
6360.161061549645 2 4.5482e-08
6363.52650399843 10 1.07303e-07
6363.535070427074 4 1.86525e-07
6363.550473984717 5 1.8728e-08
6363.642419969285 9 3.92964e-08
6366.73167778296 11 9.49567e-08
6369.335070608108 4 6.13427e-08
6370.242419766669 9 1.65453e-07
6370.772022621907 3 1.11253e-07
6371.750473862655 5 1.31682e-07
6372.361061728669 2 1.51512e-08
6372.531677887953 11 3.47806e-08
6374.985070566397 4 6.10893e-08
6375.426504086402 10 1.181e-07
6381.226504058985 10 3.18357e-07
6381.435070309513 4 1.47236e-07
6382.142419611791 9 2.15887e-07
6382.981677895927 11 8.31477e-08
6383.000473561703 5 4.5132e-07
6384.561061884874 2 7.90978e-08
6387.022022835752 3 7.92432e-08
6387.085070746533 4 1.64343e-08
6387.792419815019 9 1.34775e-07
6389.581678015111 11 2.18487e-08
6392.761061844068 2 2.20391e-08
6393.622022450334 3 8.59973e-08
6395.192419759211 9 1.53136e-07
6395.381677728498 11 1.28388e-07
6397.600473682212 5 6.97363e-08
6397.685070339579 4 2.95031e-07
6399.376504319764 10 1.65617e-07
6403.485070726777 4 3.13476e-08
6405.176504099376 10 3.19893e-07
6406.592419852858 9 6.46729e-08
6407.400473778957 5 1.21925e-07
6409.935070325032 4 1.51644e-07
6410.826504218427 10 7.5427e-08
6413.200473608936 5 4.37069e-07
6413.842419619531 9 2.2321e-07
6414.631677973952 11 8.48459e-08
6415.58507058393 4 5.89389e-08
6419.422022276947 3 1.5472e-06
6420.281677840636 11 4.53084e-08
6421.892419500473 9 9.02918e-07
6422.685070417233 4 1.05346e-07
6422.70047388939 5 3.70327e-08
6424.326504328569 10 1.13952e-07
6427.542419421234 9 1.71098e-06
6428.331677611096 11 2.97235e-07
6428.485070403145 4 1.1619e-07
6429.150473775302 5 7.61886e-08
6429.976504149138 10 3.20092e-07
6442.026503991549 10 4.56292e-07
6447.676504181754 10 4.2248e-08
6450.80047352483 5 6.03438e-07
6451.585070565232 4 3.62051e-08
6451.592419597316 9 1.08486e-07
6452.231677919902 11 1.08292e-07
6454.675446736443 6 7.05047e-08
6459.076504339898 10 6.71318e-08
6463.800473674193 5 1.22064e-07
6464.592420042782 9 2.8113e-08
6464.87650425384 10 1.36799e-07
6469.600474152542 5 2.69128e-08
6470.676504405542 10 7.42946e-08
6500.176503967944 10 8.35397e-07
6500.785070277703 4 4.57906e-07
6501.592419663701 9 1.02824e-07
6502.381677729154 11 1.13232e-07
6504.200473684021 5 1.2137e-07
6505.976504501509 10 8.90091e-08
6506.585070255837 4 8.56906e-07
6507.392419817843 9 3.8226e-08
6514.026504066739 10 4.27911e-07
6520.47650428443 10 7.99997e-08
6523.585070411385 4 1.41228e-07
6524.3924196894 9 1.30015e-07
6524.400473607738 5 1.72861e-07
6526.575446759544 6 4.25844e-08
6533.176504381292 10 7.36487e-08
6533.400473599502 5 3.61064e-07
6534.035070682398 4 6.1076e-08
6534.042419794816 9 3.54835e-08
6537.781677802714 11 7.45636e-08
6539.422022815955 3 7.54676e-08
6539.83507072109 4 8.41208e-08
6539.842419572739 9 3.05658e-07
6540.500473699249 5 6.37771e-08
6541.011062112551 2 3.76678e-08
6542.67650443456 10 5.08611e-08
6543.581677609701 11 2.21151e-07
6545.642419838777 9 8.88444e-08
6546.300473572694 5 4.97294e-07
6546.811061701702 2 1.16614e-07
6549.185070435999 4 1.06494e-07
6549.23167769382 11 9.20447e-08
6550.87650456805 10 4.03381e-08
6551.442419670293 9 2.38884e-07
6552.422391644161 3 7.81176e-08
6554.985070225475 4 1.35138e-06
6555.800473495266 5 1.78616e-07
6557.242420000244 9 3.45503e-08
6557.476504075363 10 1.35335e-07
6571.126504050652 10 2.97115e-07
6572.635070726831 4 3.32304e-09
6578.226504196904 10 6.05557e-08
6583.876504247915 10 1.08128e-07
6583.88507052943 4 4.55562e-08
6584.642419883939 9 1.00463e-07
6584.650473499242 5 7.50393e-07
6585.97544660821 6 1.64621e-07
6587.511061547541 2 2.11738e-07
6591.022022526377 3 2.01368e-07
6593.931677479391 11 5.62263e-07
6594.442419548623 9 4.84595e-07
6595.285070577184 4 1.60668e-08
6596.050473356006 5 4.24518e-06
6598.176504367163 10 8.2593e-08
6603.826504499923 10 2.26015e-08
6608.285070529106 4 3.35722e-08
6609.476504089086 10 1.46031e-07
6614.735070617399 4 5.25691e-08
6617.18167764829 11 2.5089e-07
6617.84241936895 9 6.78709e-06
6618.650473582319 5 1.92493e-07
6620.361061476883 2 5.96661e-07
6623.57202247585 3 2.31124e-07
6625.231677694335 11 2.81013e-07
6626.042419653715 9 7.87263e-08
6629.222346401459 3 6.28135e-07
6630.881677702952 11 1.40369e-07
6632.492419750235 9 6.72644e-08
6633.211061486158 2 3.37191e-07
6633.250473816079 5 4.15064e-08
6636.275446613235 6 1.16713e-07
6638.142419553962 9 6.43297e-07
6638.78507058585 4 2.93843e-08
6638.931677609519 11 2.95095e-07
6639.011062080616 2 2.78153e-08
6639.050473856005 5 5.89868e-08
6640.32202262083 3 3.02905e-07
6642.676504290433 10 1.84743e-07
6643.792419708232 9 1.2827e-08
6644.585070759246 4 1.48517e-08
6644.85047350104 5 4.0822e-07
6645.611061532422 2 3.5434e-07
6649.022022552264 3 1.60034e-07
6649.881677494728 11 5.98891e-07
6650.24241964701 9 9.7195e-08
6654.735070413068 4 7.01342e-08
6654.822427936542 3 4.59611e-08
6655.531677891154 11 1.09944e-07
6655.892419646469 9 1.8881e-07
6656.250473670874 5 1.176e-07
6656.326504289256 10 3.78299e-08
6660.535070596677 4 2.25904e-08
6661.692419858319 9 8.89078e-08
6662.050473408671 5 1.11949e-06
6663.72650417549 10 2.17521e-07
6666.18507075356 4 2.72223e-08
6667.492419764496 9 8.29076e-08
6667.850473810467 5 7.69482e-08
6668.211061624267 2 1.34782e-07
6668.531677996572 11 3.14934e-08
6672.576504378443 10 3.54888e-08
6751.976504021128 10 2.33095e-07
6752.635070387417 4 7.57224e-08
6753.292419580645 9 1.74208e-07
6753.650473579965 5 3.79691e-07
6754.181677807782 11 2.47111e-08
6754.811061776859 2 6.97942e-08
6757.77202238579 3 1.68013e-07
6759.981678149685 11 3.86698e-08
6760.611061726424 2 9.65749e-08
6762.292419626308 9 1.359e-07
6762.650473514977 5 8.556e-07
6763.235070425468 4 1.99905e-07
6764.176504180928 10 7.26907e-08
6765.781677818632 11 8.87202e-08
6767.272022501279 3 3.61485e-07
6770.492419941971 9 5.57334e-08
6770.761061470855 2 8.55389e-07
6774.575446716509 6 7.19256e-08
6774.850473566498 5 1.00164e-07
6776.235070703356 4 1.94316e-08
6777.892419500574 9 6.84533e-07
6777.976504453519 10 4.38317e-08
6778.781677934634 11 1.53928e-08
6782.035070582253 4 1.68159e-08
6782.100473861498 5 8.52475e-08
6783.77650407936 10 2.57227e-07
6789.576504339504 10 5.3558e-08
6796.176504110954 10 2.46388e-07
6801.976504119082 10 1.40561e-07
6809.376503967183 10 6.81486e-07
6815.035070320302 4 2.72308e-07
6815.176504142051 10 2.75209e-07
6815.692419772329 9 1.29619e-07
6816.58167802957 11 3.51394e-08
6820.835070444966 4 4.46001e-08
6820.976504530772 10 2.98292e-08
6821.200473567609 5 4.85257e-07
6821.342419501486 9 2.53643e-07
6822.231677794012 11 9.95335e-08
6825.072022402906 3 1.69978e-07
6827.881677931329 11 3.37776e-08
6829.211061490586 2 6.08538e-07
6830.200473673111 5 1.21858e-07
6831.642419678541 9 7.09615e-08
6832.235070414736 4 1.35757e-07
6833.681677606405 11 5.30457e-07
6835.672022640477 3 6.90786e-08
6836.461061775713 2 1.15776e-07
6841.08167779702 11 2.33421e-08
6841.322022410685 3 9.7743e-08
6842.892419849572 9 1.1638e-07
6844.435070616369 4 3.98945e-08
6846.881677432498 11 1.22942e-05
6846.972022650761 3 1.391e-07
6848.500473834594 5 7.15256e-08
6848.542419468698 9 1.47331e-07
6852.361061880188 2 6.4119e-08
6852.681677711088 11 1.27593e-07
6853.93507018928 4 4.7343e-06
6854.300474003676 5 4.81665e-08
6854.342419750864 9 8.64957e-08
6854.776504232202 10 5.61643e-08
6859.281677433036 11 8.29169e-06
6859.585070721661 4 1.6858e-08
6860.14241976586 9 1.36281e-07
6860.172022562651 3 1.54567e-07
6865.081677467314 11 4.10752e-07
6865.942419370202 9 7.65942e-06
6865.972023026526 3 2.67447e-08
6866.035070410795 4 1.94714e-07
6866.050473690206 5 4.81339e-08
6868.411061944128 2 2.16381e-08
6870.881677851315 11 5.15423e-08
6871.772022684746 3 8.56663e-08
6873.34241966458 9 1.19447e-07
6873.450473595518 5 1.62773e-07
6875.011061853047 2 4.45372e-08
6876.531677560495 11 6.00964e-07
6877.422022703392 3 1.06851e-07
6877.935070545615 4 3.63009e-08
6879.142419934091 9 1.86374e-08
6882.181677650278 11 3.56542e-07
6883.600473609189 5 1.66607e-07
6883.735070512362 4 1.38691e-07
6884.942419696598 9 6.07909e-08
6885.161061706152 2 1.33498e-07
6887.831677585977 11 1.79414e-07
6889.385070620481 4 2.37537e-08
6889.400473363714 5 8.50248e-07
6892.276504425051 10 7.68517e-08
6925.975446492759 6 1.54255e-07
6930.022709437147 7 1.25152e-07
6935.672709589756 7 4.27985e-08
6937.225446646082 6 1.77338e-08
6942.875446789524 6 4.03681e-08
6944.000473819842 5 4.3173e-08
6944.785070862126 4 1.78307e-08
6949.142419596226 9 7.38405e-08
6949.800473731264 5 3.36769e-08
6949.981677869746 11 6.48979e-08
6950.011061741989 2 6.87516e-08
6951.235070542885 4 1.80587e-07
6952.47650430935 10 1.36553e-07
6954.792419919004 9 4.33401e-08
6957.03507044062 4 1.8744e-07
6958.276504391203 10 5.04826e-08
6958.800473724009 5 1.26634e-07
6958.981677931039 11 4.25094e-08
6960.442419771553 9 7.42028e-08
6962.835070238567 4 6.70525e-07
6963.9265045852 10 2.33693e-08
6964.600473576474 5 4.3918e-07
6966.092420014161 9 3.85426e-08
6969.576503902591 10 2.12058e-06
6970.085070545877 4 5.42237e-08
6974.081677869669 11 1.9485e-08
6974.142419631467 9 1.61796e-07
6974.90047379633 5 7.63729e-08
6975.88507073868 4 2.9701e-08
6976.461061984247 2 2.52076e-08
6978.022400694855 3 3.16904e-08
6979.881677842747 11 7.89236e-08
6982.261061587473 2 2.09269e-07
6983.100473529771 5 6.69785e-07
6983.142419718603 9 1.36472e-07
6984.585070525082 4 3.44089e-08
6985.97650403905 10 1.45708e-07
7041.975446472258 6 2.00974e-07
7048.100473735788 5 1.24496e-07
7048.575446759265 6 4.85404e-08
7049.592419698867 9 9.19075e-08
7050.235070591857 4 8.5788e-08
7051.761061747223 2 1.28172e-07
7053.900473620239 5 2.89029e-07
7054.031677803763 11 1.01292e-07
7055.392419643693 9 2.02609e-07
7055.885070328088 4 9.22007e-08
7056.426504015662 10 3.10215e-07
7094.87544687459 6 6.11129e-08
7094.900473452482 5 5.49404e-07
7095.592419702644 9 1.15309e-07
7096.435070658859 4 3.57679e-08
7100.476504334553 10 7.02525e-08
7100.700473542815 5 1.02347e-06
7101.392419953854 9 3.40164e-08
7102.925446970821 6 5.60971e-08
7104.485070374703 4 1.90466e-07
7105.281677748161 11 1.38282e-07
7106.061061853516 2 3.05159e-08
7106.500473718731 5 7.64048e-08
7107.042419562485 9 2.50126e-07
7111.711061959964 2 1.17109e-07
7112.300473496083 5 2.96237e-07
7113.192419744593 9 1.29937e-07
7113.985070286858 4 1.07454e-07
7114.776504475296 10 3.99102e-08
7114.781677747664 11 8.23223e-08
7117.122022249406 3 8.64445e-06
7120.58167755543 11 2.79563e-07
7120.592419496167 9 6.67815e-07
7121.300473600566 5 2.04048e-07
7121.385070563041 4 3.26228e-08
7123.611061781698 2 1.56106e-07
7129.411061602886 2 2.91945e-07
7130.300473522603 5 8.28948e-07
7130.392419708237 9 1.23614e-07
7131.981677825521 11 1.05073e-07
7131.985070241923 4 5.64705e-07
7133.726504333697 10 1.26217e-07
7137.875446642427 6 6.85264e-08
7139.422709505724 7 2.33635e-07
7145.07270948337 7 8.88238e-08
7146.575446556217 6 1.31218e-07
7150.571827919823 8 4.62084e-08
7152.811062006501 2 4.66386e-08
7156.221827574386 8 1.93221e-06
7157.825446811523 6 2.58273e-08
7158.611061989819 2 1.00777e-07
7163.475446379906 6 7.54127e-07
7164.271828026414 8 2.30065e-08
7165.772709244334 7 3.66173e-07
7169.125446776225 6 5.86974e-08
7169.9218281797 8 2.95611e-08
7175.425446530555 6 8.86239e-08
7175.571827958424 8 4.81117e-08
7178.472709258685 7 2.70353e-07
7181.221827864412 8 1.6478e-07
7183.475446519668 6 7.92039e-08
7186.871827767762 8 1.79964e-07
7190.661061959632 2 6.45256e-08
7190.725446678819 6 7.30924e-08
7192.521827992524 8 6.6905e-08
