6.402758170891 4 5.6248e-08
12.20275819451 4 1.91114e-07
13.737058112551 10 4.59315e-07
15.280004392767 7 3.06527e-07
16.116034179033 6 1.35338e-08
16.183819988565 5 4.14745e-08
16.893381309175 11 3.10974e-08
19.387058190252 10 5.64818e-07
20.930436518486 7 1.89053e-07
22.716033988893 6 3.40556e-08
24.90275811833 4 1.26593e-07
27.863310461556 8 9.01246e-08
30.783819902936 5 2.9133e-07
31.493380842422 11 4.22863e-07
31.530004496659 7 1.70973e-07
36.433819744461 5 5.27638e-07
37.293618446417 11 1.05336e-07
37.330004417822 7 8.99558e-08
40.302758189459 4 1.78098e-07
41.987058390842 10 7.52387e-08
42.883820188722 5 2.70574e-08
43.130004452273 7 2.7079e-07
43.566033820481 6 3.66282e-08
47.702758308397 4 7.46756e-08
47.787058371326 10 6.79252e-08
53.587058651663 10 1.50452e-08
54.302758120007 4 3.28375e-07
59.237058619925 10 5.02218e-08
59.953856162849 4 6.32763e-08
65.037058366353 10 2.01449e-07
68.502758169644 4 7.54395e-08
73.179262484584 2 1.97567e-07
78.152758038147 4 3.35146e-07
79.613310286223 8 7.85253e-08
85.413310468086 8 8.08539e-08
86.352758010245 4 3.25572e-07
92.013310334432 8 2.17548e-07
94.783819892498 5 1.90079e-07
95.593380802985 11 3.71162e-07
95.68000454545 7 1.09307e-07
100.802758175055 4 1.22337e-07
101.66331029972 8 2.34015e-08
107.463310604625 8 9.10574e-08
110.033819749755 5 3.85822e-07
110.130004586688 7 6.09435e-08
110.193951607209 11 1.21481e-07
115.833819984557 5 1.25229e-07
115.993380879694 11 1.20716e-07
121.230004887608 7 4.22747e-08
121.483820183447 5 4.80986e-08
129.993236383197 9 1.88873e-06
135.643236957502 9 5.59993e-08
141.293236601958 9 2.07589e-07
146.94323671965 9 1.24738e-07
154.043236412771 9 2.15343e-07
162.093236509909 9 4.23531e-07
170.143236690742 9 1.06928e-07
175.793237028859 9 3.67744e-08
182.863310539312 8 9.97221e-08
195.713310202163 8 8.47267e-07
201.363310453484 8 9.58795e-08
210.063310263919 8 3.29138e-07
215.59364694907 3 9.45706e-09
222.113310752448 8 2.93158e-08
228.493646436191 3 1.17437e-06
234.143646628607 3 2.69459e-07
239.793646832575 3 8.0789e-08
242.013310274475 8 3.93983e-07
245.443646544715 3 7.5001e-07
251.093646583868 3 2.07136e-07
256.743646941254 3 3.25249e-08
259.663310394941 8 2.23846e-07
262.393646784513 3 6.35595e-08
268.043646885124 3 1.05119e-07
274.193646909897 3 8.12132e-09
276.513310664269 8 2.93457e-08
285.293979681684 3 1.62516e-07
292.413310116656 8 3.75272e-06
298.063310588042 8 5.13795e-08
307.713310266949 8 3.28318e-07
310.002758118642 4 2.30844e-07
312.480004638857 7 4.83694e-08
313.233819950216 5 4.59073e-08
313.993380905438 11 8.51736e-08
317.252758040468 4 2.96345e-07
323.052758154594 4 2.67535e-08
328.437058563989 10 6.95516e-08
328.852758405359 4 4.55168e-08
331.67926268332 2 4.9875e-08
336.637058268168 10 1.80511e-07
338.202758065783 4 2.38096e-07
340.413310510309 8 6.33843e-08
344.002757950216 4 2.07492e-06
347.013310441625 8 5.87823e-08
349.652757959685 4 6.21621e-07
352.813310325536 8 1.96571e-07
355.303856306437 4 4.34411e-08
358.029262666764 2 1.58502e-08
360.952758240782 4 2.22099e-08
363.11331032157 8 2.00651e-07
371.013310226274 8 4.87674e-07
376.663310031614 8 6.80895e-05
383.763310346727 8 2.46738e-07
389.413310757717 8 6.53871e-09
396.743646975353 3 5.37429e-08
404.513310182236 8 8.35015e-07
408.55275799653 4 4.54401e-07
412.529262821226 2 9.42829e-08
414.202758042253 4 4.13205e-07
419.779262366694 2 7.09731e-07
424.652758497226 4 6.08838e-08
426.229262480774 2 1.202e-07
432.55275833259 4 9.70247e-08
442.163310436343 8 1.44073e-07
447.002758158759 4 1.66169e-07
451.813310224171 8 4.44331e-07
453.452758065879 4 3.19708e-07
456.537058324458 10 9.53188e-08
459.252758239662 4 9.22243e-08
462.229262678868 2 5.98703e-08
468.029263044167 2 3.831e-08
469.552757965139 4 1.372e-06
474.329262638444 2 9.32932e-08
479.979262366859 2 3.84497e-07
484.00275819077 4 1.04936e-07
487.863310519164 8 7.03056e-08
490.883819869424 5 8.29357e-08
490.993381023427 11 1.24501e-07
491.730004538501 7 1.35191e-07
496.643380792034 11 7.71754e-07
496.68381993764 5 9.51537e-08
497.380004518819 7 1.48769e-07
502.443381249399 11 7.30551e-08
502.483820060518 5 8.00338e-08
506.993236862568 9 6.04608e-08
511.483820031586 5 5.60494e-08
511.830004531949 7 1.54987e-07
512.893380979953 11 1.06057e-07
518.693380801009 11 6.87112e-07
518.88381987873 5 1.44316e-07
519.080004581571 7 1.23397e-07
524.563310530672 8 8.44234e-08
527.083820223383 5 5.67963e-09
530.093380926147 11 1.90433e-07
530.980004538231 7 2.28437e-07
532.733819937189 5 1.58277e-07
535.893381411036 11 1.60888e-08
538.2300045731 7 9.78354e-08
538.383819745013 5 4.34154e-07
541.543380780091 11 3.14691e-07
543.880004723811 7 8.56781e-08
544.033820266331 5 1.87177e-08
549.343236703667 9 1.21916e-07
557.243236713014 9 6.65771e-08
563.043236908241 9 6.88693e-08
568.84323637243 9 1.94987e-06
582.993236786824 9 2.17634e-08
593.743381111686 11 8.70366e-08
593.833819929681 5 7.62537e-08
594.480004592046 7 6.52228e-08
599.543380957735 11 2.08939e-07
599.633820118049 5 4.24787e-08
601.430004476688 7 1.44384e-07
605.343381174366 11 6.17574e-08
614.34338105869 11 6.18042e-08
615.033819927062 5 1.02415e-07
616.68000450988 7 2.2822e-08
622.283820185693 5 6.54117e-08
623.752758320557 4 6.6352e-08
624.613310512361 8 1.42619e-07
628.379262637633 2 4.63275e-08
630.352758120065 4 3.3523e-07
633.387058065097 10 7.84555e-07
634.216033856531 6 9.24311e-08
635.930004483281 7 1.12932e-07
639.187058190526 10 1.77348e-07
640.802758163205 4 1.17458e-07
647.213310618718 8 3.7401e-08
647.252758137183 4 1.14788e-07
651.180004376147 7 4.06473e-07
651.237058294387 10 1.34187e-07
651.933820228308 5 3.41502e-08
652.666033936695 6 3.75875e-08
656.980004616922 7 7.2467e-08
657.037058101324 10 3.64158e-07
659.452758303604 4 4.17704e-08
662.613310521735 8 1.35697e-07
665.25275804095 4 5.26401e-07
669.213310403235 8 1.75347e-07
671.852758199085 4 4.51517e-08
674.037058144273 10 2.86087e-07
674.780004595109 7 1.70348e-07
675.916033626112 6 1.92949e-07
679.837058385513 10 6.18458e-08
680.58000447808 7 2.85439e-07
681.283820294232 5 2.6767e-08
681.566034108012 6 1.07155e-08
685.487057965493 10 4.20638e-06
686.230004774585 7 6.78275e-08
689.316033851066 6 2.81596e-08
691.287058125351 10 4.44332e-07
691.880004380116 7 2.89106e-07
694.966033629255 6 1.23973e-07
697.08705816054 10 4.39708e-07
697.530004723376 7 5.92901e-08
700.402758364715 4 1.3319e-07
701.983819977623 5 2.81046e-08
702.887058380817 10 1.70914e-07
703.1800044196 7 5.47251e-07
704.4660336973 6 1.16661e-07
708.537058289567 10 7.97067e-08
708.830004624876 7 8.00444e-08
710.116033881123 6 3.32466e-08
713.14338149085 11 2.22678e-08
713.233820440813 5 1.33869e-08
714.187058152189 10 3.98766e-07
715.130004662842 7 3.92299e-08
718.016033582943 6 3.08117e-07
719.837058263134 10 9.93252e-08
720.633820349721 5 4.45795e-08
720.780004707091 7 8.91958e-08
722.052758039512 4 4.58856e-07
723.663310283877 8 2.26662e-07
731.863310598178 8 4.48129e-08
737.663310894576 8 4.07115e-08
758.513310350014 8 2.53002e-07
764.163310545022 8 9.37459e-08
764.652758073127 4 7.46188e-07
768.687058118754 10 2.83664e-07
768.830004615314 7 6.33791e-08
770.216033701125 6 7.07092e-08
774.487058127004 10 4.46569e-07
775.430004620613 7 2.84645e-08
777.966033880655 6 3.82349e-08
780.287058232427 10 1.00716e-07
783.63000479195 7 8.10204e-08
784.416033697772 6 1.18071e-07
786.087058418031 10 7.12451e-08
786.78382026888 5 1.5002e-08
790.002758206077 4 2.09311e-07
794.137058198785 10 2.7947e-07
795.6527582133 4 7.17713e-08
797.963310329394 8 3.60699e-07
801.233820337854 5 2.3905e-08
803.763310507277 8 4.946e-08
809.563310435955 8 1.26724e-07
810.252758195112 4 6.532e-08
815.213310746611 8 2.01202e-08
817.04364694344 3 8.25179e-08
824.563310398981 8 1.35335e-07
827.843646759105 3 1.61905e-07
832.613310577872 8 4.44495e-08
838.193646943959 3 6.81586e-08
845.463310665288 8 5.69537e-08
849.443646725161 3 1.10182e-07
854.963310952506 8 2.40233e-08
855.093646795577 3 1.27988e-07
860.76331038399 8 1.69432e-07
875.843647071892 3 3.9372e-08
875.863310731358 8 5.38108e-08
885.393646774672 3 6.69153e-08
891.043646576489 3 2.72276e-07
895.763310187127 8 7.1962e-07
899.793646744958 3 1.00268e-07
905.443646791887 3 9.2727e-08
911.093646512955 3 1.68722e-07
916.743646935104 3 7.6362e-08
922.393646422723 3 2.28214e-06
925.4133103324 8 2.18328e-07
933.343647217517 3 3.90407e-08
934.263310282311 8 4.32473e-07
938.152758233637 4 2.42311e-08
940.063310172702 8 1.26293e-06
943.802758258086 4 1.02646e-07
949.452757986136 4 8.24936e-07
953.063310153333 8 6.72404e-07
958.863310526293 8 4.35538e-08
965.243646735526 3 9.51422e-08
971.043646898889 3 4.24546e-08
979.893646640448 3 4.90454e-08
985.543646890072 3 7.03695e-09
994.243646854368 3 4.22868e-08
998.263310550075 8 3.84683e-08
1004.54364668863 3 1.28328e-07
1012.743646832964 3 7.14893e-08
1015.913310340549 8 1.18991e-07
1021.443646645219 3 1.40354e-07
1027.893646588973 3 2.38169e-07
1033.543646841302 3 1.15938e-08
1035.813310313439 8 1.74065e-07
1039.193646568962 3 5.65138e-07
1046.143646661336 3 9.2391e-08
1052.513310673646 8 3.66782e-08
1054.193646767552 3 2.89383e-08
1061.443646942297 3 6.81922e-08
1067.743646637361 3 1.97276e-07
1071.763310374812 8 6.27036e-08
1075.643646481202 3 1.56191e-06
1083.84364678074 3 9.83893e-08
1086.213310456007 8 6.39382e-08
1091.593646981885 3 2.37909e-08
1098.19397048346 3 2.01338e-07
1103.84364698593 3 4.46289e-08
1109.493646973623 3 4.92512e-08
1110.913310395143 8 5.62006e-08
1121.243236792796 9 3.31381e-08
1127.043236865019 9 6.28048e-08
1139.744289949618 9 3.89402e-08
1146.083820082735 5 4.64509e-08
1146.793380867926 11 4.15649e-07
1147.680004578583 7 1.46989e-07
1151.883820064399 5 5.6922e-08
1152.593380886155 11 3.24692e-07
1156.530004680385 7 4.17551e-08
1157.533820093138 5 7.31582e-08
1158.243381103286 11 8.69909e-08
1164.133820178402 5 4.14775e-08
1166.143380999916 11 2.6079e-08
1167.78003889432 7 1.80404e-07
1169.933819911253 5 1.5554e-07
1171.793381303017 11 1.42723e-08
1175.733820174995 5 1.68526e-08
1177.44368169257 11 7.73548e-08
1182.183820071445 5 4.43954e-08
1186.293750100153 11 4.80401e-08
1189.363310541166 8 5.58179e-08
1190.1527581629 4 1.03438e-07
1193.237058308498 10 1.50037e-07
1195.952758191449 4 3.03786e-07
1201.602758177295 4 1.55325e-07
1205.437058593029 10 8.53873e-08
1207.252758028247 4 5.86124e-07
1207.813310703994 8 4.00684e-08
1211.079262959688 2 1.92106e-08
1216.752758580299 4 1.58201e-08
1223.052758116498 4 1.49437e-07
1225.463310394549 8 2.38333e-07
1230.302758182204 4 2.01669e-07
1231.113310701116 8 1.08435e-08
1235.952758067995 4 3.22791e-07
1238.179262601729 2 2.47547e-07
1244.652758482686 4 5.20749e-08
1245.579262781728 2 7.33279e-08
1258.302758181349 4 8.5144e-08
1262.279262676175 2 4.63527e-08
1263.952758230006 4 5.18642e-08
1270.402758349644 4 7.88447e-08
1276.052758521198 4 8.19415e-08
1278.287058280076 10 1.15202e-07
1281.702758450811 4 3.86982e-08
1283.929262295171 2 1.04249e-06
1287.352758090092 4 1.64823e-07
1293.002758192593 4 1.49434e-07
1295.79338122721 11 6.33596e-08
1295.833820078138 5 4.9834e-08
1297.430004459966 7 1.90397e-08
1301.593380689241 11 6.57636e-06
1301.633819699747 5 8.10929e-07
1303.230004744749 7 8.285e-08
1307.433820204688 5 3.90889e-08
1311.243380890659 11 1.66466e-07
1312.080004308182 7 4.87869e-07
1313.083819782038 5 2.39774e-07
1319.152758019608 4 4.56338e-07
1322.213310402156 8 1.48338e-07
1324.802757967322 4 1.12734e-06
1328.013310840131 8 2.43512e-08
1336.829262701508 2 2.63689e-08
1340.852757838715 4 9.82676e-05
1343.980004352834 7 7.63543e-07
1344.033819912145 5 1.07887e-07
1344.743381238401 11 4.94526e-08
1351.193236555602 9 1.78226e-07
1356.99323669121 9 1.7724e-07
1369.043236885649 9 5.86597e-08
1374.693236664774 9 2.27703e-07
1385.83382022135 5 3.87333e-08
1389.793236596554 9 1.67235e-07
1395.263310395617 8 1.3197e-07
1400.902758428806 4 5.88076e-08
1401.063310341069 8 1.3955e-07
1406.702758072816 4 2.16806e-07
1408.163310487487 8 2.12884e-07
1411.333820196019 5 3.39688e-08
1413.743380972703 11 7.63014e-08
1416.030004349851 7 6.44027e-07
1417.133820110866 5 9.24478e-08
1420.363310707849 8 6.84728e-09
1420.502758029772 4 6.11963e-07
1430.279262508296 2 3.10138e-07
1435.102758255624 4 5.18418e-08
1436.56331035148 8 4.42279e-07
1442.36331037132 8 1.19544e-07
1445.702758323084 4 6.60934e-08
1448.193381019179 11 6.75866e-08
1448.230004622296 7 5.14592e-08
1448.233819826716 5 1.95481e-07
1453.993380710747 11 5.34024e-06
1454.030004638912 7 9.72341e-08
1454.0338198748 5 2.68061e-07
1462.56331056895 8 2.15969e-08
1464.152758121146 4 1.34892e-07
1468.587058354922 10 1.20881e-07
1469.802758320899 4 3.00802e-08
1473.513310365178 8 1.41354e-07
1482.243646830898 3 6.04443e-09
1484.763310458664 8 2.06539e-07
1488.694006813445 3 4.01092e-08
1494.413310622564 8 8.22873e-08
1502.313310169811 8 4.58921e-07
1507.963310429242 8 2.41173e-07
1513.613310477248 8 8.97497e-08
1514.202758361041 4 1.2793e-07
1520.002758038165 4 6.80504e-07
1522.237058170711 10 6.28652e-07
1525.652758573464 4 2.37028e-08
1526.279262672918 2 5.52443e-08
1536.752758472119 4 7.04659e-09
1537.529262639974 2 1.07917e-07
1542.402758073302 4 1.60083e-07
1544.779262992786 2 1.15315e-08
1547.887058325409 10 3.1952e-08
1550.302758132757 4 2.76364e-08
1552.713310466899 8 6.22079e-08
1555.879262628254 2 3.70851e-08
1558.352758185002 4 1.40922e-07
1563.963310551832 8 2.38312e-08
1564.802758255954 4 9.85974e-08
1570.452758147237 4 8.66316e-08
1573.537058178168 10 1.09604e-07
1576.102758002219 4 1.87541e-07
1581.752758085749 4 4.12711e-07
1584.637058699701 10 3.7403e-08
1587.402758399532 4 6.73604e-08
1591.129262580069 2 5.73544e-08
1597.463310574909 8 1.06904e-07
1597.552758151152 4 2.03762e-07
1604.630004867359 7 2.08003e-08
1606.55275823581 4 6.42268e-08
1607.263310594695 8 5.90846e-08
1610.379262610446 2 1.34689e-07
1616.179262885397 2 5.45508e-08
1617.502758296588 4 1.21654e-07
1619.087058721822 10 2.22982e-08
1623.302758037423 4 6.01243e-07
1625.563310376545 8 1.78153e-07
1628.952758237787 4 1.39944e-07
1630.33705838825 10 2.8052e-08
1631.08000487344 7 4.50316e-08
1635.902757981664 4 7.04108e-07
1638.387058365191 10 8.01133e-08
1641.552758467604 4 3.21989e-09
1642.929262930736 2 2.58149e-08
1647.20275845447 4 6.2602e-08
1647.863310641482 8 5.81162e-08
1650.193381161667 11 7.55268e-08
1650.233819961383 5 1.61124e-07
1650.33000441483 7 1.32826e-07
1656.202758171586 4 1.14925e-07
1657.663310602203 8 4.29575e-08
1661.5792627323 2 1.06144e-07
1667.302758200801 4 1.03471e-07
1668.687058612434 10 5.10823e-08
1673.752758472443 4 1.89197e-08
1680.113310373263 8 7.7969e-08
1684.379262813592 2 1.26855e-08
1688.202758115242 4 9.33647e-08
1692.087058159235 10 2.18198e-07
1692.930004626342 7 2.21902e-08
1693.816033675341 6 1.98025e-07
1697.633820084149 5 5.65028e-08
1697.737058498621 10 3.90258e-08
1698.243381111368 11 8.8729e-08
1698.730004318878 7 6.98054e-07
1701.716033684139 6 8.87157e-08
1703.387058152213 10 1.77189e-07
1704.380004448757 7 1.88007e-07
1704.84338152526 11 3.25001e-08
1706.502758391955 4 8.88889e-08
1712.302758041082 4 7.01034e-07
1717.779262427375 2 2.62531e-07
1724.163310260861 8 4.92295e-07
1725.152758347245 4 4.37535e-08
1729.833820079938 5 5.70573e-08
1729.843381102322 11 1.01073e-07
1734.763310489492 8 1.61069e-07
1737.852758195258 4 2.3533e-07
1743.652758126332 4 3.79816e-07
1747.437058412845 10 8.75482e-08
1752.502758206101 4 8.15728e-08
1758.152757979917 4 5.64341e-07
1763.61331047538 8 1.05707e-07
1763.802758390791 4 8.46312e-08
1766.833820402443 5 5.94761e-09
1769.41331053306 8 8.91418e-08
1769.452758184268 4 2.23121e-07
1775.252758168567 4 1.39515e-07
1778.41331023211 8 3.92928e-07
1784.602758340624 4 8.97355e-08
1790.929262576644 2 2.54602e-07
1799.852758322004 4 1.8059e-08
1806.1792626173 2 8.31472e-08
1817.363310247574 8 4.71235e-07
1819.752757951093 4 1.66943e-06
1826.729262910228 2 7.08037e-08
1827.652758389058 4 2.91677e-08
1830.063310544357 8 4.23646e-08
1836.529262558627 2 3.5586e-08
1839.702758173402 4 2.38336e-07
1840.513310571764 8 3.11599e-08
1846.029262411718 2 3.80171e-07
1852.563310754903 8 1.59285e-08
1856.552758135157 4 2.31021e-07
1860.479262702263 2 3.97348e-08
1863.002758152772 4 2.10047e-07
1865.263310659391 8 5.88525e-08
1868.802758245384 4 4.02041e-08
1870.83705875198 10 4.56406e-08
1875.902758073951 4 4.19158e-07
1877.313310259264 8 4.22634e-07
1883.113310578517 8 2.95347e-08
1885.283819983737 5 6.66538e-08
1886.043381085799 11 3.18821e-08
1890.933820260896 5 3.53897e-08
1895.663310302 8 1.73341e-07
1901.343646663735 3 1.27367e-07
1910.194528800845 3 4.3883e-08
1912.513310408803 8 7.4676e-08
1918.163310629675 8 6.01603e-08
1920.343646913992 3 4.02829e-08
1927.813310320948 8 1.80686e-07
1932.452758321979 4 1.19671e-07
1933.463310695295 8 4.2566e-08
1939.913310385201 8 1.36633e-07
1946.983820275466 5 5.44314e-08
1956.543236785856 9 2.28343e-08
1960.633820147072 5 2.73451e-08
1961.293381253052 11 1.30845e-08
1966.283820028057 5 2.79865e-08
1966.944023502031 11 8.02643e-08
1969.280004445492 7 4.16266e-07
1971.93382011166 5 2.96454e-08
1973.393380889978 11 1.88141e-07
1974.930004625682 7 3.30398e-08
1977.583819766663 5 3.40905e-07
1979.043380912798 11 1.4489e-07
1983.663310411538 8 8.05804e-08
1985.302758289925 4 1.02741e-07
1989.463310472184 8 8.98208e-08
1995.11331035828 8 8.68817e-08
2002.213310376404 8 8.71084e-08
2004.493646981097 3 4.15664e-08
2007.863310263586 8 4.99537e-07
2013.513310374747 8 5.2087e-08
2019.163310403379 8 5.03851e-08
2026.133819722623 5 5.40352e-07
2026.180004495363 7 3.07351e-07
2026.943381022273 11 1.21852e-07
2033.352758187059 4 1.25063e-07
2034.113310694881 8 7.83794e-08
2039.152758052137 4 4.99051e-07
2042.313310351883 8 1.53922e-07
2047.963310472129 8 1.8243e-07
2050.380004603396 7 1.4732e-07
2051.933820226915 5 1.36405e-08
2054.343381130266 11 8.95425e-08
2057.583819882083 5 3.3798e-07
2059.230004528127 7 1.34177e-07
2059.99338122725 11 1.73362e-08
2067.23381994952 5 1.67207e-07
2068.043380990126 11 2.11089e-07
2068.080004415135 7 3.94796e-07
2072.883820062732 5 8.7889e-08
2073.880004929389 7 3.04952e-08
2075.202758069133 4 2.07151e-07
2080.852758010883 4 1.13257e-06
2082.41331058034 8 8.64539e-08
2087.1527580849 4 2.96432e-07
2090.080004362369 7 4.34009e-07
2090.087058374145 10 1.47177e-07
2090.383820143755 5 7.67132e-08
2091.416033777981 6 2.60194e-08
2093.543381058423 11 2.44325e-08
2095.8800047555 7 4.46828e-08
2097.187058132455 10 3.81277e-07
2097.216033878685 6 6.81284e-08
2101.680004669113 7 1.02032e-07
2102.987058088522 10 5.69023e-07
2103.666033642227 6 2.28846e-07
2106.543381081227 11 4.45546e-08
2106.583820026899 5 5.2606e-08
2107.330004445033 7 4.14855e-07
2108.787058151964 10 5.33802e-07
2110.552758057151 4 5.38562e-07
2112.863310551737 8 7.80864e-08
2116.187058581576 10 4.0427e-08
2119.552757871782 4 5.34209e-06
2125.063310522062 8 6.6619e-08
2126.802758277509 4 1.15156e-07
2131.663310388112 8 1.81879e-07
2136.452758262173 4 1.59441e-07
2137.313310765443 8 4.1757e-08
2140.379262623087 2 5.95886e-08
2145.952758122046 4 2.80031e-07
2148.413310335537 8 1.26563e-07
2155.493646559247 3 4.70493e-07
2161.293646645941 3 4.91652e-08
2166.063310287342 8 4.51342e-07
2169.043646743526 3 8.70252e-08
2177.244105906744 3 6.98985e-08
2182.893646755202 3 7.92266e-08
2186.763310749977 8 5.44407e-08
2189.193646648593 3 1.05968e-07
2194.013310219673 8 3.17756e-07
2197.893646750365 3 1.06038e-07
2202.063310260005 8 1.89477e-07
2204.402758238321 4 1.00105e-07
2206.730004390113 7 2.06908e-07
2207.543380909681 11 6.58576e-08
2207.583819783517 5 7.62286e-08
2214.183819959343 5 5.08379e-08
2214.94338111697 11 5.65793e-08
2215.730004556612 7 6.82894e-08
2223.693236497294 9 2.49871e-07
2231.89323680283 9 4.59973e-08
2237.543236866717 9 2.11526e-08
2243.193236608057 9 3.65972e-08
2250.293236645112 9 1.06322e-07
2258.193236620631 9 2.01932e-07
2264.643236753669 9 8.88105e-08
2270.293236858819 9 6.26435e-08
2275.943309796493 9 2.85061e-07
2281.593236607968 9 7.21942e-08
2292.54323673164 9 1.30457e-08
2298.993236688278 9 1.26804e-07
2309.433820080687 5 5.99115e-08
2310.193381079202 11 1.14234e-07
2311.780004406799 7 4.11968e-07
2315.083819950522 5 7.10934e-08
2315.843381058604 11 1.40621e-08
2320.733819819749 5 4.37254e-07
2321.493380647958 11 4.21378e-05
2322.080004520266 7 1.8566e-07
2326.383819950956 5 9.98013e-08
2327.293672638502 11 1.27525e-07
2327.880004747689 7 9.01174e-08
2332.033819889103 5 7.29162e-08
2333.093381392734 11 3.32034e-08
2333.530004871208 7 1.41673e-08
2337.683819893022 5 1.24051e-07
2338.893389853443 11 4.8242e-07
2339.83000477398 7 4.91172e-08
2343.483820179013 5 3.70076e-08
2354.143236470077 9 4.95241e-07
2361.543236577253 9 1.9015e-07
2367.193236840382 9 8.59557e-08
2374.293236589565 9 1.56929e-07
2380.743236726853 9 1.27154e-07
2386.393236662247 9 1.34499e-07
2396.693236788597 9 1.20248e-07
2405.283819914556 5 1.02821e-07
2406.280004529207 7 1.67628e-07
2406.293380728499 11 4.46227e-07
2411.733819956251 5 6.30817e-08
2412.080004590196 7 5.41792e-08
2412.093951743605 11 4.83782e-07
2417.383820126862 5 3.7737e-08
2417.893381157003 11 7.43641e-09
2421.08000483612 7 3.77369e-08
2424.493380869857 11 6.29875e-08
2425.433820020911 5 6.57931e-08
2430.143381071759 11 3.11296e-08
2431.083820049763 5 1.07097e-07
2435.680004550574 7 1.05854e-07
2435.793380762454 11 8.31488e-07
2436.733819815166 5 2.1822e-07
2440.513310352783 8 2.74489e-07
2445.393646545683 3 5.14382e-08
2451.19364645793 3 5.26613e-07
2456.713310668857 8 3.09515e-08
2458.143646742817 3 8.1197e-08
2462.363310483728 8 2.52034e-08
2468.013310170674 8 6.4486e-07
2489.513310398366 8 1.08029e-07
2492.633820062015 5 7.98409e-08
2494.243381056499 11 2.73331e-08
2497.4800044484 7 2.00621e-07
2498.433819844408 5 2.23177e-07
2501.402757996234 4 7.31209e-07
2506.879262762041 2 9.79682e-08
2510.363310491768 8 4.73794e-08
2513.602757880036 4 8.34755e-06
2519.402758166677 4 2.07141e-07
2522.563310380768 8 7.924e-08
2525.852758128517 4 1.35825e-07
2529.679262510005 2 2.97683e-08
2534.463310570189 8 5.4801e-08
2538.529262729422 2 6.51722e-08
2540.952758187952 4 1.39292e-07
2544.979262549869 2 7.39193e-08
2548.202758158778 4 5.20658e-08
2552.079262564464 2 3.67877e-08
2554.652758210955 4 1.05574e-07
2556.08705819871 10 1.78939e-07
2560.929262460309 2 2.3372e-07
2566.579262298414 2 9.46678e-07
2572.15275808878 4 3.07652e-07
2578.513310523337 8 5.51416e-08
2579.402758100904 4 9.93386e-08
2586.002758045766 4 7.65675e-07
2589.680004704046 7 1.15233e-07
2589.737057949989 10 2.36027e-06
2590.516034002295 6 4.34695e-08
2592.152758250864 4 4.30787e-08
2594.483820184329 5 1.18878e-08
2595.480004774885 7 4.06676e-08
2595.537058422606 10 5.64976e-08
2597.802758643255 4 4.81957e-08
2603.602758396344 4 5.50815e-09
2604.730361005303 2 1.9172e-08
2607.737058405777 10 7.43695e-08
2609.253856400022 4 4.2643e-08
2615.852758287213 4 1.34536e-07
2616.737058496221 10 5.10861e-08
2620.133819807651 5 4.64357e-07
2620.180004468234 7 1.46497e-07
2620.843380823931 11 4.20954e-07
2625.933820039748 5 1.07168e-07
2625.98000462914 7 1.15386e-07
2628.01331041297 8 1.3684e-07
2635.413310177007 8 4.80672e-07
2646.013310249851 8 1.00469e-06
2648.052758209766 4 1.74517e-07
2652.829262844317 2 4.30712e-08
2653.702758294069 4 9.83408e-08
2666.552758598728 4 6.92031e-09
2667.429262509862 2 1.33529e-07
2672.202758364357 4 4.61779e-08
2673.729262485367 2 1.54855e-07
2678.00275851248 4 2.53884e-08
2678.387058286167 10 8.77309e-08
2687.002758273103 4 1.68229e-07
2691.813310450332 8 1.42466e-07
2692.65275845701 4 5.7774e-08
2694.933820470888 5 9.31353e-09
2697.463310774696 8 8.94301e-09
2698.980004851459 7 2.39841e-08
2700.702758271082 4 5.72616e-08
2702.287058086323 10 6.821e-07
2703.866033853576 6 8.49593e-09
2706.380004640337 7 4.48497e-08
2707.937058077801 10 4.64453e-07
2709.516033658533 6 2.98081e-07
2713.552758050745 4 9.88789e-07
2719.933819915651 5 1.61263e-07
2720.59338117428 11 8.52806e-08
2720.83000492032 7 4.56062e-08
2725.493236713398 9 2.16056e-08
2731.293236683402 9 8.12378e-08
2737.743236505747 9 9.67122e-08
2743.393236854777 9 2.2432e-08
2757.543236583391 9 2.94102e-07
2763.343236796262 9 7.71348e-08
2768.993236753046 9 6.07975e-08
2777.69323652466 9 2.06556e-07
2783.343236507429 9 3.63619e-07
2790.443236753927 9 1.74778e-07
2796.09323689207 9 7.36762e-08
2801.743236461687 9 4.31929e-07
2807.39323699154 9 3.54176e-08
2813.693236680942 9 7.39803e-08
2826.39323655393 9 8.84955e-08
2832.043237005173 9 4.88165e-08
2837.693236901755 9 3.52616e-08
2846.383819967548 5 7.92002e-08
2846.393381098619 11 4.04926e-08
2853.680004604823 7 7.64392e-08
2853.783819814602 5 3.12687e-07
2853.793381002642 11 2.22361e-07
2861.193381012506 11 7.98795e-08
2861.833819786282 5 6.37009e-07
2862.530004736854 7 5.81137e-08
2866.843380935616 11 3.44028e-08
2867.483819940232 5 6.58796e-08
2868.180004622145 7 1.94082e-07
2872.643380896733 11 3.24724e-07
2873.133819773209 5 5.73021e-07
2873.83110250227 7 6.84396e-08
2877.513310465246 8 1.15929e-07
2879.202758160897 4 1.66686e-07
2882.779262567284 2 8.80666e-08
2887.40275819299 4 1.01954e-07
2889.587058301026 10 1.29441e-07
2890.830004402677 7 2.64441e-07
2891.433819988652 5 4.91134e-08
2892.84338116487 11 2.62936e-08
2896.102758188463 4 6.14431e-08
2896.913310484232 8 1.24153e-07
2900.283819889662 5 2.57919e-07
2901.043380977905 11 1.7242e-07
2901.430004945927 7 4.13123e-08
2906.716033980784 6 4.08406e-08
2914.766033969381 6 2.12893e-08
2915.580004662944 7 6.64774e-08
2916.293380911652 11 3.74032e-07
2916.333820002279 5 8.44698e-08
2921.913310524729 8 5.8638e-08
2928.280004652448 7 4.90822e-08
2930.913310386368 8 2.29044e-07
2941.363310272225 8 3.16168e-07
2946.593646754466 3 4.29674e-08
2948.613310358435 8 1.5638e-07
2957.613310271675 8 3.59719e-07
2959.352758442723 4 1.35009e-08
2964.213310367948 8 1.02384e-07
2965.952758346048 4 1.1095e-07
2968.22926253253 2 2.09812e-07
2974.029262939085 2 1.95285e-08
2979.829262767833 2 5.18082e-08
2981.35275813619 4 2.53956e-07
2983.613310319349 8 3.31408e-07
2988.543646590272 3 5.5586e-07
2994.19364667169 3 2.31877e-07
2996.613310661801 8 2.79355e-08
3005.493646667144 3 2.32723e-07
3011.293646717748 3 2.49882e-08
3015.863310337471 8 1.81868e-07
3021.493646722795 3 2.45778e-07
3030.493646974338 3 4.28194e-08
3038.093646791798 3 6.76461e-08
3046.963310242393 8 9.24771e-07
3053.41331048083 8 1.32514e-07
3059.063310408217 8 6.89077e-08
3062.893381037575 11 7.68447e-08
3062.933819843742 5 1.41883e-07
3063.680004645696 7 4.56969e-08
3073.443236755505 9 1.09116e-07
3081.493236604106 9 8.08733e-08
3087.143236959666 9 2.21722e-08
3098.093236441669 9 9.4954e-07
3107.893236454693 9 9.81767e-07
3113.543237086651 9 2.32427e-08
3119.193236860957 9 4.18098e-08
3127.133820012853 5 5.63952e-08
3127.880004528723 7 9.47915e-08
3127.893381289405 11 3.13505e-08
3133.693381145731 11 2.17672e-08
3135.033820008947 5 7.17738e-08
3137.380004653887 7 3.08324e-08
3139.493381278715 11 3.02124e-08
3140.616033990827 6 1.13505e-08
3142.133819917987 5 1.86117e-07
3143.030004738158 7 5.31966e-08
3146.093987280651 11 3.73793e-07
3148.51603410143 6 2.5414e-08
3150.183819847908 5 2.06249e-07
3150.280004559245 7 1.00507e-07
3151.89395168507 11 3.06876e-08
3155.983819739278 5 9.9512e-07
3156.730004787947 7 9.45644e-09
3157.693381290818 11 2.21132e-08
3162.85275817382 4 6.79512e-08
3171.052758154834 4 2.04017e-07
3176.702758076654 4 5.4314e-08
3182.352758330713 4 3.46986e-08
3188.652758149389 4 1.40866e-07
3192.63000471167 7 4.9136e-08
3193.333820100454 5 4.57604e-08
3196.643381077051 11 6.78312e-08
3199.933820146425 5 5.49678e-08
3202.29338120273 11 4.7918e-08
3205.502758065156 4 5.74396e-09
3208.563310615047 8 3.15868e-08
3211.152757931589 4 1.38491e-06
3215.833820495467 5 4.30397e-09
3218.293236724335 9 8.00299e-08
3224.683820020129 5 4.3934e-08
3225.393381042907 11 7.74646e-08
3228.530004581841 7 9.81471e-08
3230.333819905284 5 6.13545e-08
3231.193381299826 11 4.39652e-08
3235.983820112387 5 4.00131e-08
3236.84338080044 11 4.67175e-07
3237.3800043592 7 6.18155e-07
3242.283819820828 5 2.2953e-07
3242.643380873604 11 4.27393e-07
3243.030004493654 7 1.33031e-07
3246.166033793068 6 3.23597e-08
3247.933820132758 5 4.60555e-08
3248.443380862782 11 3.18922e-07
3248.680004576553 7 4.7196e-08
3255.033820071947 5 8.11575e-08
3257.443381029434 11 6.50636e-08
3259.130004683278 7 3.37802e-08
3260.683819993424 5 4.07197e-08
3264.693978428 11 2.87579e-07
3264.780004566638 7 2.12862e-07
3266.333820006121 5 1.6603e-07
3270.493381032861 11 9.9671e-08
3273.4338199363 5 9.12245e-08
3274.280004630526 7 1.20532e-07
3279.043381037829 11 1.68914e-07
3279.083820004655 5 1.38446e-07
3282.330004414873 7 2.43086e-07
3284.883820072147 5 3.93605e-08
3287.093732110818 11 5.40581e-08
3287.980004512781 7 1.10748e-07
3291.833819907319 5 1.56084e-07
3292.743380769101 11 6.50881e-07
3293.630004334957 7 9.37146e-07
3298.252758296432 4 1.44346e-07
3301.413310408145 8 3.42702e-08
3306.302758298888 4 1.05293e-07
3307.930004407138 7 3.53124e-07
3308.537058685014 10 1.45148e-08
3308.683819835493 5 6.91117e-08
3309.443380964702 11 1.76809e-07
3313.730004859026 7 8.42146e-08
3314.483820063002 5 4.94548e-08
3315.243381340846 11 4.12052e-08
3321.613310636514 8 2.99787e-08
3322.502758085383 4 3.49591e-07
3329.902758326724 4 4.48895e-08
3331.879262349369 2 8.30907e-07
3335.552758046688 4 3.52767e-07
3337.814408346406 8 1.5348e-07
3340.93381972483 5 7.23363e-07
3340.981777343346 7 3.44855e-08
3341.043380896123 11 3.31267e-07
3346.73382008134 5 9.2575e-08
3346.780004629849 7 1.04998e-07
3346.843381009444 11 5.44077e-08
3352.533819840999 5 1.53794e-07
3352.580004499391 7 2.85353e-07
3353.44338095656 11 8.0369e-08
3358.333819841566 5 2.97627e-07
3358.380004673313 7 1.4902e-07
3359.243380914057 11 2.6853e-07
3364.133819919543 5 3.083e-07
3364.180004564713 7 2.54285e-08
3364.893380874733 11 2.15469e-07
3371.53382001944 5 2.79936e-07
3372.293380969606 11 7.77689e-08
3375.280004553349 7 1.11462e-07
3377.183819997999 5 4.75471e-08
3377.943381166004 11 4.60915e-08
3380.930004808838 7 2.98406e-08
3383.59338107191 11 9.79264e-08
3385.733820115781 5 6.73671e-08
3390.513310524751 8 8.0875e-08
3391.302758240847 4 5.54647e-08
3396.737058781542 10 2.83983e-08
3397.102758381005 4 7.774e-08
3399.529262770226 2 3.84055e-08
3409.113310508454 8 7.82389e-08
3409.152758210537 4 4.74874e-08
3414.629262759959 2 4.33827e-08
3415.7527582847 4 1.26377e-07
3418.537058290835 10 2.52258e-07
3422.67926265111 2 8.45768e-08
3425.102758089812 4 3.9429e-07
3431.402758029748 4 5.10698e-07
3435.379262424018 2 4.22262e-07
3438.652758494479 4 5.13286e-08
3442.629262655083 2 5.21974e-08
3444.302758281675 4 1.68168e-07
3448.279262613559 2 8.13042e-08
3450.602758213101 4 1.51048e-07
3453.787058364761 10 8.10909e-08
3454.580004658641 7 4.34844e-08
3456.252758100412 4 5.00206e-08
3462.579262663864 2 3.39412e-08
3468.379262587705 2 1.14375e-07
3469.902758135836 4 2.78584e-07
3476.237058326788 10 1.48452e-07
3477.152758471106 4 4.26117e-08
3481.879262579483 2 8.74644e-08
3486.65275823522 4 2.34711e-07
3489.929262627603 2 4.12107e-08
3500.379262487332 2 2.04062e-07
3506.029262646746 2 8.48854e-08
3509.102758371385 4 5.11649e-08
3510.613310405726 8 4.44727e-08
3514.752758210207 4 1.51759e-07
3521.213310353845 8 1.67653e-07
3522.002758460707 4 5.23274e-08
3527.013310376507 8 3.16896e-07
3532.293646742176 3 1.09633e-07
3539.393646630857 3 4.25991e-07
3545.193646839021 3 8.29022e-08
3552.363310390628 8 1.25626e-07
3556.343646757065 3 7.48819e-08
3561.063310781506 8 3.42891e-08
3568.313310318296 8 5.78936e-08
3577.963310442292 8 6.86457e-08
3589.863310221145 8 6.1563e-07
3597.913310237438 8 3.98701e-07
3625.163310584596 8 6.81695e-08
3634.663310361962 8 2.02852e-07
3641.793646751152 3 7.00952e-08
3649.193646657645 3 3.00087e-07
3656.313310279272 8 4.51963e-07
3661.143646584548 3 3.20729e-07
3669.963310425432 8 2.30624e-07
3676.56331015196 8 7.87888e-07
3678.702757984691 4 1.01926e-06
3682.687058409164 10 4.66161e-08
3685.952758022362 4 3.18689e-07
3690.779262662572 2 1.3784e-07
3696.402758581625 4 3.24155e-08
3697.079262671759 2 1.24289e-07
3702.052758048086 4 2.26568e-07
3703.513310760156 8 5.69651e-08
3707.703856187845 4 2.82746e-07
3711.713310245513 8 8.22247e-07
3716.293646676994 3 5.07095e-08
3723.463310290344 8 3.44842e-07
3728.393646725147 3 1.10689e-07
3737.893646809966 3 2.58539e-08
3741.11331055907 8 9.69294e-08
3744.193646719814 3 9.23801e-08
3752.244049286553 3 1.63641e-07
3754.613310745404 8 8.23025e-08
3757.893646504323 3 3.24573e-07
3763.543646993656 3 3.32269e-08
3769.843646924519 3 8.29856e-08
3772.263310322277 8 1.16838e-07
3777.913310421788 8 1.31199e-07
3784.943646770289 3 1.38094e-07
3791.393646845644 3 7.27158e-08
3797.013310543576 8 1.75254e-08
3799.443646638667 3 3.11981e-07
3805.063310366454 8 1.90406e-07
3810.713310125127 8 1.46294e-06
3817.693646884486 3 3.40278e-08
3828.213310516058 8 3.51005e-08
3830.54364698953 3 3.41879e-08
3837.063310757137 8 3.92961e-08
3839.743646567194 3 4.96234e-07
3844.313310236844 8 4.66498e-07
3858.61331033349 8 4.50886e-08
3861.052758006923 4 1.13558e-06
3863.387058284187 10 5.53002e-08
3868.229262630568 2 1.28256e-07
3872.387058272359 10 2.03459e-07
3874.702758509619 4 3.15917e-08
3877.016034276549 6 1.34525e-08
3879.487058338436 10 1.17124e-07
3880.352758507838 4 3.1331e-08
3882.666033748924 6 1.26721e-07
3883.430004470776 7 2.51627e-07
3884.98382027921 5 4.06873e-08
3885.137058123169 10 1.47335e-07
3888.316034069422 6 3.91696e-08
3888.943381352316 11 3.39979e-08
3889.080004467407 7 1.3429e-07
3890.937058226195 10 3.57965e-07
3892.383820014367 5 5.72042e-08
3896.216033656588 6 2.47916e-07
3896.587058196974 10 9.91832e-08
3897.930004415658 7 3.35909e-07
3898.833820289093 5 1.79825e-08
3900.252758290379 4 4.80771e-08
3902.237057991202 10 1.96895e-06
3903.580004826962 7 6.81082e-08
3906.052758322828 4 7.8995e-08
3906.663310584356 8 4.80587e-08
3911.852757928613 4 2.25556e-06
3917.337058401278 10 8.302e-08
3919.752758078016 4 4.39453e-07
3922.929262820541 2 2.95637e-08
3926.202757966268 4 5.35503e-07
3930.083819856541 5 1.0847e-07
3930.18000443191 7 5.63597e-08
3930.743381233345 11 4.26436e-08
3935.88381995787 5 1.24933e-07
3935.980004775132 7 3.97311e-08
3936.543381044031 11 5.17652e-08
3941.683819852817 5 1.95073e-07
3941.780004402537 7 2.25231e-07
3942.343381126349 11 6.01793e-08
3948.663310293692 8 2.55728e-07
3959.263310647911 8 2.98927e-08
3961.293646998861 3 1.0864e-07
3967.093646685144 3 9.6995e-08
3973.063310169799 8 7.59939e-07
3978.86331055137 8 6.46013e-08
3984.663310651753 8 4.22912e-08
3986.68382021868 5 3.371e-08
3998.083819994213 5 7.35951e-08
4002.543381203559 11 8.23409e-08
4002.63000491442 7 3.46055e-08
4006.283819923727 5 7.2327e-08
4008.343444300986 11 1.75623e-08
4011.933819930556 5 1.33568e-07
4013.4300045424 7 5.49574e-08
4014.143381216153 11 1.63824e-08
4018.233820057217 5 4.34341e-08
4019.880004338215 7 4.07964e-07
4019.945126752735 11 1.68819e-07
4023.883820212691 5 4.8654e-08
4025.743381289642 11 1.38512e-08
4029.533820259004 5 2.48811e-08
4031.913310226097 8 3.60885e-07
4037.563310522801 8 1.87156e-07
4038.252758087136 4 4.25383e-07
4043.983819826901 5 3.15968e-07
4044.693380761708 11 8.66017e-07
4044.730004617905 7 3.78977e-08
4049.633820103737 5 5.07436e-08
4052.05275806238 4 6.04534e-07
4057.702758160348 4 4.41066e-08
4060.179262729593 2 7.1136e-08
4066.629262784849 2 6.52251e-08
4068.152758164701 4 2.68219e-07
4070.187058297511 10 2.13879e-07
4076.202758030952 4 4.44272e-07
4079.187058247967 10 1.63698e-08
4079.330004424782 7 2.29286e-07
4080.083820279965 5 4.00208e-08
4080.966033748053 6 5.90679e-08
4084.980004738451 7 8.07199e-08
4084.987058241141 10 9.03307e-08
4086.502758020351 4 1.22972e-07
4088.81331018474 8 4.74525e-07
4102.613310366339 8 2.87961e-07
4110.533820304619 5 6.48218e-09
4113.993236501544 9 4.93262e-07
4119.793236605403 9 1.12087e-07
4125.443236650054 9 2.87097e-07
4131.093236699427 9 2.34461e-07
4136.743236660387 9 2.498e-08
4142.733819828849 5 3.75408e-07
4142.843380982606 11 1.21925e-08
4143.580004473515 7 2.1512e-07
4148.49338066401 11 1.03347e-05
4148.533819818332 5 1.7701e-07
4149.230004828292 7 4.90772e-08
4154.702758288295 4 1.78456e-07
4155.613310324407 8 3.1231e-07
4160.502758488991 4 5.80446e-08
4162.17926282318 2 5.00465e-08
4166.213310483498 8 2.75234e-08
4166.302758200965 4 1.6995e-07
4169.187058266949 10 4.54364e-07
4173.702758011765 4 6.89764e-07
4178.187058402458 10 6.19538e-08
4182.402758310583 4 5.03066e-08
4183.987058320489 10 1.19403e-07
4188.052758103218 4 3.6883e-07
4193.85275847241 4 2.25429e-08
4199.279262510878 2 1.03265e-07
4202.402758206341 4 1.90923e-07
4205.61331045998 8 1.32953e-07
4208.202758281666 4 1.26753e-07
4211.263310106036 8 1.89687e-06
4217.843646586997 3 3.15754e-07
4221.71331004789 8 2.13352e-05
4224.102758311398 4 5.70927e-08
4227.51331060349 8 2.62505e-08
4234.093646699084 3 1.94753e-07
4241.493646667455 3 2.88027e-07
4248.093647152946 3 3.43344e-08
4253.743646821338 3 1.07105e-07
4259.263310327702 8 2.41012e-07
4266.493646880253 3 1.1399e-07
4272.143646607058 3 2.53477e-07
4280.193646664433 3 7.95187e-08
4288.093646604646 3 4.13205e-07
4295.343646807046 3 2.94726e-08
4300.993646730011 3 8.47829e-08
4307.293952471737 3 1.57993e-07
4311.313310267426 8 1.09464e-07
4316.794096723586 3 1.48101e-07
4323.243646599073 3 3.63114e-07
4330.493646693458 3 2.00033e-07
4336.143646772853 3 1.40822e-07
4341.793646512658 3 1.30992e-06
4349.61331039364 8 2.30165e-07
4353.602758203068 4 2.0487e-08
4357.629262479562 2 1.92754e-07
4361.652758169778 4 6.3689e-08
4368.630004824764 7 6.84137e-08
4368.733820289006 5 1.23754e-08
4370.463310565377 8 7.17131e-08
4370.502758363063 4 9.54819e-08
4375.230004375669 7 5.34177e-07
4375.333819847395 5 2.76647e-07
4375.893380885069 11 2.97427e-07
4381.030004863569 7 3.02862e-08
4381.133820098475 5 2.80841e-08
4381.693381139269 11 1.07889e-07
4387.493381152224 11 1.35192e-07
4387.583820084935 5 1.45366e-08
4391.463310306887 8 2.28208e-07
4393.902758471665 4 1.91063e-08
4398.379262668358 2 1.02575e-07
4401.302758050006 4 2.59211e-07
4404.837058552383 10 1.06621e-07
4407.729262449518 2 1.7241e-07
4412.463310641223 8 2.65159e-08
4413.502758275372 4 1.02582e-07
4418.18705813146 10 2.47961e-07
4420.10275793233 4 1.74127e-06
4423.837058538701 10 2.13871e-08
4425.752758612557 4 3.00361e-08
4431.552757954448 4 3.58591e-07
4439.7527581051 4 1.57698e-07
4446.229262377852 2 6.32962e-07
4449.552758690188 4 2.1416e-08
4451.879262565858 2 5.9551e-08
4457.529262828905 2 4.17244e-08
4459.052758048383 4 3.21521e-07
4467.063310797306 8 5.58787e-08
4474.463310359029 8 9.8722e-08
4480.702758117491 4 2.52912e-07
4487.952758066195 4 8.2476e-08
4492.679262542862 2 4.88394e-08
4496.802758266271 4 1.14898e-07
4498.287058290899 10 3.50587e-08
4502.452758111824 4 2.90174e-07
4504.729262523483 2 5.84586e-08
4510.352758455949 4 6.0963e-08
4511.97926251363 2 3.10351e-07
4516.002757961568 4 1.86997e-06
4518.987058505879 10 2.02099e-08
4525.587058312504 10 1.09976e-07
4529.652758228936 4 2.82576e-07
4532.763310702422 8 3.33818e-08
4535.302758302389 4 4.83045e-08
4536.63000482243 7 9.01552e-08
4536.687058467885 10 6.98004e-08
4539.36331025265 8 6.32643e-07
4553.163310904316 8 1.45955e-08
4567.463310322461 8 1.89769e-07
4575.663310567059 8 8.34635e-08
4581.463310328008 8 2.11212e-07
4589.383819922917 5 8.26364e-08
4589.630004479508 7 2.08532e-07
4590.093380903598 11 1.99435e-07
4595.18381999394 5 1.93574e-07
4595.743380763444 11 6.98929e-07
4597.030004545665 7 3.6926e-08
4602.343381083977 11 8.86777e-08
4603.383820033004 5 1.00179e-07
4605.730004312373 7 1.28826e-06
4608.143380931875 11 1.40794e-07
4609.833820453708 5 3.44474e-08
4611.380004524527 7 1.24831e-07
4613.793381088609 11 2.83159e-08
4615.483820023874 5 8.27916e-08
4617.030004617778 7 1.27524e-07
4620.952758107517 4 2.15835e-07
4626.463310330382 8 1.86992e-07
4626.752758486027 4 6.4765e-08
4636.263310431437 8 9.2784e-08
4653.263310365457 8 5.57855e-08
4658.802758526065 4 2.04373e-08
4661.133819806592 5 3.05489e-07
4661.230004451361 7 8.09635e-08
4661.843380878946 11 3.20693e-07
4665.402758128133 4 2.23922e-07
4672.002758153119 4 4.83802e-07
4674.429262724696 2 6.48064e-08
4680.079262676901 2 9.17751e-08
4684.052758052535 4 4.52401e-07
4686.487058329261 10 4.99472e-08
4689.852758461128 4 5.63755e-08
4690.913310611928 8 1.35542e-08
4696.713310217806 8 6.43644e-07
4706.363310242513 8 3.51988e-07
4708.452758325761 4 6.08514e-08
4710.933819872923 5 1.41296e-07
4711.030004528941 7 1.33483e-07
4711.493380944544 11 7.88836e-08
4717.293380734121 11 6.15629e-07
4717.533819717445 5 1.0781e-06
4717.630004584152 7 5.14389e-08
4723.343236619561 9 3.29369e-08
4729.793236523187 9 3.08216e-07
4735.443236611433 9 2.44211e-07
4741.093236745259 9 1.44747e-07
4750.443236764073 9 1.5006e-07
4759.863310129915 8 6.70704e-07
4770.313310525785 8 5.57273e-08
4788.913310322845 8 1.78998e-07
4793.452758219566 4 6.37346e-08
4795.513310357611 8 1.58908e-07
4799.252757990128 4 7.90384e-07
4802.113310458605 8 6.49905e-08
4804.933819889679 5 1.7325e-07
4805.03000429504 7 6.87305e-07
4805.493380908515 11 1.69769e-07
4810.733819696409 5 9.73713e-07
4810.830004453962 7 2.7488e-07
4811.143381021626 11 6.18926e-08
4814.313310523636 8 1.12154e-07
4814.502758438135 4 3.75345e-08
4820.152758467471 4 3.47976e-08
4825.952758132828 4 3.78988e-07
4828.637058487298 10 3.52755e-08
4831.752758048221 4 9.69326e-08
4839.152758231716 4 1.44786e-07
4842.287058239757 10 2.31744e-07
4847.852758296624 4 1.06053e-07
4850.337058147942 10 2.27238e-07
4853.502758171485 4 1.88516e-07
4859.15275851505 4 5.89516e-08
4861.479262637525 2 4.62502e-08
4870.213310346874 8 2.04105e-07
4871.052758576367 4 5.70826e-08
4876.013310351592 8 9.4598e-08
4878.302758121698 4 2.11459e-07
4882.179262827067 2 4.63709e-08
4883.952758117621 4 3.32384e-07
4893.513310343566 8 2.33224e-07
4895.05275827804 4 2.94008e-08
4897.333819946313 5 2.17347e-07
4897.430004418993 7 1.91339e-07
4898.24338093186 11 1.76492e-07
4907.90275804208 4 3.49046e-07
4914.333820121304 5 8.96098e-08
4915.243381082597 11 5.86249e-08
4918.280004374963 7 7.82271e-08
4919.983820228583 5 3.50421e-08
4922.202758275324 4 1.212e-07
4922.213310445776 8 1.60909e-07
4928.013310389713 8 8.40861e-08
4931.930004452659 7 2.54811e-07
4932.593380978221 11 7.47436e-08
4932.683819775093 5 1.86927e-07
4939.2838199356 5 8.81152e-08
4939.980004579563 7 8.2283e-08
4939.993380893328 11 4.70727e-07
4947.333819928831 5 1.97653e-07
4948.193380802563 11 6.69102e-07
4948.830004614642 7 4.35735e-08
4952.666033999579 6 5.99373e-08
4955.293672909649 11 2.3924e-08
4960.033819753452 5 4.94687e-07
4960.080004557628 7 8.09262e-08
4960.943380973901 11 9.54699e-09
4965.833820233949 5 2.7061e-08
4966.743380979176 11 8.14033e-08
4968.13000448505 7 1.63673e-07
4971.483820266047 5 1.51294e-08
4974.58000468 7 6.48382e-08
4976.002758122061 4 2.97528e-07
4978.437058079743 10 3.82749e-07
4980.183820085109 5 3.43514e-08
4980.230004361486 7 2.34677e-07
4980.893381363202 11 5.04262e-08
4981.666033554431 6 5.8712e-07
4985.687058343644 10 1.20472e-07
4987.466033960474 6 1.79743e-08
4988.43000483722 7 4.66406e-08
4989.652758076318 4 2.51888e-07
4995.452758526078 4 1.94401e-08
5002.052758092584 4 1.23428e-07
5005.087058218037 10 8.40366e-08
5008.652758235721 4 2.88872e-08
5014.12926250867 2 1.58349e-07
5018.152758004877 4 4.0785e-07
5020.480004647471 7 8.5675e-08
5020.487058394791 10 8.13706e-08
5023.802758605808 4 3.21327e-08
5025.916033771643 6 9.03738e-08
5026.280004626653 7 1.2388e-07
5026.287058444809 10 4.90786e-08
5027.583820125675 5 2.00815e-08
5028.143381307978 11 3.37165e-08
5030.252758169922 4 7.08664e-08
5032.080004387204 7 3.28077e-07
5032.087058364774 10 1.32111e-07
5035.902758304705 4 5.52023e-08
5040.287058356409 10 5.47715e-08
5041.552758296657 4 1.51014e-07
5043.729262858702 2 5.31062e-08
5049.379262445351 2 4.3849e-07
5057.752758196591 4 9.79886e-08
5059.613310461336 8 1.51804e-07
5065.880004496577 7 2.85493e-08
5066.743380853449 11 3.52966e-07
5066.833819628318 5 1.23346e-05
5072.543705039745 11 2.34775e-07
5074.0800045739 7 7.65291e-08
5074.083819752976 5 7.60762e-07
5077.26331046514 8 1.48673e-07
5087.06331034417 8 1.19202e-07
5092.352758160045 4 2.38733e-07
5093.513310449501 8 2.35443e-07
5098.152758214612 4 1.95802e-07
5099.537058235366 10 1.77389e-07
5106.35275817284 4 1.15566e-07
5116.002758421696 4 9.38412e-08
5118.17926248085 2 2.67611e-07
5123.252758064157 4 1.79302e-07
5126.379262633778 2 3.44427e-08
5131.952758296168 4 1.3168e-07
5137.602758127759 4 1.15567e-07
5140.029262407366 2 1.75874e-07
5144.85275853592 4 3.24816e-08
5146.480360548246 2 7.51738e-08
5153.580360342749 2 6.80572e-07
5159.22926256427 2 1.46051e-07
5163.952758097898 4 1.9865e-07
5169.602758377169 4 7.2796e-08
5170.137058211147 10 2.81164e-07
5177.652757995657 4 4.42179e-07
5179.963310318636 8 1.02068e-07
5184.680004633627 7 2.95601e-08
5184.683819845155 5 7.58365e-08
5184.793381017337 11 5.81552e-08
5190.44338079997 11 6.33411e-07
5190.480004509641 7 1.2097e-07
5190.483819641054 5 1.16242e-05
5196.280004786365 7 1.09744e-08
5196.284270208589 5 1.89979e-08
5199.943381004961 11 8.4773e-08
5202.080004492003 7 3.08393e-07
5202.083820053318 5 5.89185e-08
5203.916033659647 6 2.94321e-08
5207.193380756471 11 1.39036e-06
5207.880004835508 7 4.1065e-09
5207.883820025001 5 5.82815e-08
5212.843381147607 11 5.69859e-08
5215.283819947272 5 1.45958e-07
5216.880004797744 7 3.25603e-08
5220.093722838705 11 3.22576e-07
5220.933819989194 5 8.17839e-09
5224.780004626416 7 9.97706e-08
5225.743381062648 11 1.38702e-07
5226.583820078946 5 6.76698e-08
5234.443380753048 11 5.00216e-07
5234.483819889907 5 1.59727e-07
5235.23000457888 7 1.21724e-07
5237.566033922736 6 1.2181e-08
5240.243381106754 11 7.52567e-08
5241.030004541187 7 8.53163e-08
5241.08381994079 5 6.975e-08
5246.352758387971 4 7.93754e-08
5250.030004371902 7 3.18827e-07
5250.083819936225 5 2.44047e-07
5250.393381184385 11 1.33381e-08
5252.813310638186 8 4.17865e-08
5253.602758214045 4 1.72558e-07
5259.402758480245 4 4.07145e-08
5262.613310293806 8 3.82967e-07
5266.35275807314 4 6.71368e-07
5272.002758346841 4 2.23216e-08
5272.73705856411 10 6.38868e-08
5275.163310454277 8 9.50892e-08
5277.802758116228 4 1.36271e-07
5280.63000475348 7 2.40809e-08
5283.602758349935 4 5.5889e-08
5283.987058236398 10 1.37587e-07
5289.402758115603 4 4.04436e-07
5292.687058283177 10 8.6595e-08
5293.480004246007 7 2.21227e-06
5294.283819901621 5 1.21817e-07
5294.29338101354 11 1.13531e-07
5296.802758199494 4 7.38975e-08
5299.213310494021 8 8.51718e-08
5302.602757914898 4 9.2391e-07
5310.652758448947 4 4.9872e-09
5316.302758159549 4 6.67087e-08
5317.687058537469 10 2.99618e-08
5321.952758138908 4 2.79948e-08
5327.602757996806 4 7.96836e-07
5333.252758444508 4 3.36284e-08
5333.737058150989 10 1.87181e-07
5335.280004864155 7 4.9633e-08
5339.852757950669 4 1.86565e-06
5342.587058189645 10 4.23714e-07
5342.680382552341 7 1.19028e-07
5344.866033844121 6 3.31013e-08
5348.387058330607 10 7.85021e-08
5348.480004363993 7 4.00014e-07
5348.883820302144 5 2.3542e-08
5348.893381387409 11 3.23288e-08
5350.516033826117 6 4.68377e-08
5354.187058120993 10 3.14231e-07
5356.380004581667 7 8.37064e-08
5357.916033678451 6 1.09297e-07
5359.987058321954 10 1.68051e-08
5361.652758049593 4 3.66774e-07
5367.37926291221 2 2.39616e-08
5368.252758326802 4 6.60934e-08
5373.179262425674 2 1.16207e-07
5378.702758002431 4 7.66465e-07
5382.587058459228 10 6.81625e-08
5385.952758335168 4 1.08426e-07
5389.213310246129 8 5.3852e-07
5391.602758026004 4 6.2005e-07
5393.987058294653 10 1.69334e-07
5397.402758421947 4 7.59295e-08
5397.913310582777 8 6.18711e-08
5402.837058076116 10 9.59789e-07
5403.480004668013 7 8.30193e-08
5404.36603380735 6 1.0073e-07
5406.683820141393 5 4.15926e-08
5408.293381128081 11 9.12723e-08
5409.137058217304 10 1.67531e-07
5409.280004462179 7 2.05277e-07
5411.552758167385 4 1.93875e-07
5415.563310363155 8 2.1005e-07
5417.352758080359 4 3.2688e-07
5421.363310562838 8 2.57669e-08
5423.002758357109 4 1.15715e-07
5433.933819830854 5 1.65101e-07
5433.943381001796 11 8.91712e-08
5434.930004895836 7 4.61262e-08
5439.733819841406 5 1.12239e-07
5439.743381045942 11 2.11238e-07
5440.730004682758 7 3.04738e-08
5445.643236599272 9 2.04665e-07
5451.293236771539 9 7.24492e-08
5460.793236584395 9 1.4113e-07
5466.443236791659 9 4.44891e-08
5472.093236606289 9 1.54368e-07
5482.393236833938 9 1.16947e-07
5485.533820063895 5 7.90468e-09
5487.143381136717 11 8.60639e-08
5493.493236776238 9 3.88349e-08
5505.543236527739 9 2.53012e-07
5511.193236825967 9 4.56934e-08
5518.293236759445 9 7.84421e-08
5526.343236794132 9 5.63474e-08
5531.993236913317 9 1.59625e-08
5543.093236916022 9 4.73788e-08
5548.613310525579 8 3.78293e-08
5556.537058455445 10 7.20909e-08
5556.652758291659 4 4.74471e-08
5562.337058430768 10 1.63519e-08
5563.252758219853 4 1.00896e-07
5568.787058560491 10 1.07154e-07
5568.902758127343 4 1.46713e-07
5574.552758546154 4 1.71257e-08
5575.983819881906 5 1.11145e-07
5576.630004545614 7 1.30731e-07
5576.793380837962 11 2.28596e-07
5581.783820038408 5 3.33437e-08
5582.594306381895 11 3.98671e-07
5583.230004653026 7 4.91308e-08
5587.433819874259 5 2.38057e-07
5588.24338106431 11 3.85239e-08
5588.880004839103 7 2.78637e-08
5593.083820190285 5 3.30615e-08
5593.893380982933 11 2.15119e-07
5595.330004444347 7 2.47939e-07
5600.980004661604 7 1.11662e-07
5601.633820004361 5 9.93299e-08
5602.443381317357 11 1.35203e-08
5607.433819833514 5 1.05561e-07
5608.243380731537 11 1.86808e-06
5608.880004658415 7 7.40829e-08
5613.083819795718 5 4.86895e-07
5613.893381268433 11 1.25698e-07
5614.530004712356 7 9.7595e-08
5615.252758261435 4 7.74362e-08
5621.052758306494 4 4.658e-08
5625.633819895935 5 1.11517e-07
5625.780004679878 7 7.35099e-08
5625.79338104305 11 4.39513e-08
5632.233819994 5 6.06166e-08
5632.39338085082 11 2.78783e-07
5636.813310311863 8 2.03612e-07
5641.843646533275 3 2.95913e-07
5647.493646946096 3 6.0301e-08
5653.81331027259 8 1.4615e-07
5659.463310421304 8 1.75681e-07
5662.552758232266 4 7.79834e-08
5666.863310401911 8 1.7231e-07
5671.552758079668 4 3.49424e-07
5676.279262739011 2 1.15781e-07
5682.079262550883 2 5.83653e-08
5684.40275818823 4 3.34388e-07
5692.45275812214 4 2.61913e-07
5696.037058138654 10 2.04838e-07
5696.230004605137 7 1.87853e-07
5698.102758030484 4 7.72474e-07
5701.083819830085 5 2.75836e-07
5701.893380800697 11 1.12405e-07
5702.030004428239 7 3.12636e-07
5706.883820127833 5 2.94519e-08
5707.680004813206 7 3.62716e-08
5707.693381304484 11 5.0015e-08
5712.216033961931 6 3.50246e-08
5713.333820138505 5 2.88912e-08
5713.480004693468 7 4.11007e-08
5714.143380933667 11 1.66116e-07
5719.133819906953 5 7.50503e-08
5719.943381016898 11 1.20485e-07
5724.783819996746 5 5.57643e-08
5725.593381319774 11 3.61183e-08
5727.630004389158 7 6.00503e-07
5730.433820360306 5 9.64431e-09
5732.363310314235 8 2.0207e-07
5736.083819860428 5 3.14904e-07
5736.39338097426 11 1.70146e-07
5736.480004372828 7 1.91145e-07
5741.883820273391 5 2.33438e-08
5743.763310288471 8 1.63197e-07
5747.693646706432 3 1.07193e-07
5753.494078882414 3 3.78872e-08
5758.213310449938 8 9.95914e-08
5764.293646820929 3 1.45702e-07
5768.663310499414 8 4.09049e-08
5776.343646557532 3 2.83922e-07
5782.963310372508 8 1.19556e-07
5791.04364657636 3 1.50593e-07
5795.163310475609 8 1.22203e-07
5798.793646684899 3 6.74295e-08
5804.593646806282 3 9.01778e-08
5810.244397708208 3 3.70744e-08
5815.893646393784 3 4.72245e-06
5821.543646927885 3 4.8202e-08
5822.913310859965 8 1.26084e-08
5831.913310266785 8 2.41891e-07
5834.793647024025 3 3.08467e-08
5837.563310328759 8 2.02994e-07
5840.402758341337 4 1.04382e-07
5842.883819855842 5 4.3717e-08
5842.930004670352 7 2.99414e-08
5843.643380936512 11 1.35324e-07
5849.313688849301 8 1.85535e-08
5851.883819964836 5 8.82957e-08
5852.643381200022 11 6.63649e-08
5855.763310215413 8 3.39004e-07
5860.602758407567 4 6.52971e-08
5861.56331047889 8 1.254e-07
5867.363310588426 8 4.82106e-08
5869.684918026533 5 1.06086e-07
5870.443380950832 11 2.21877e-07
5871.630004340487 7 8.23259e-07
5875.483820292236 5 2.86835e-08
5877.843380898083 11 1.97751e-07
5879.680004514277 7 2.61443e-07
5881.283820050345 5 2.71772e-08
5884.443381335314 11 4.69474e-08
5886.902757938721 4 2.41324e-06
5890.763310435916 8 1.71515e-07
5896.552758108941 4 4.69321e-07
5906.202757901757 4 5.65361e-06
5910.12926262218 2 5.87821e-08
5914.252758229661 4 1.61789e-07
5920.57926253218 2 1.45708e-07
5927.829262711944 2 6.82423e-08
5930.952758227118 4 1.05687e-07
5936.563310528808 8 8.1657e-08
5936.602758208376 4 2.24625e-07
5942.363310592623 8 2.68834e-08
5942.402758318399 4 1.10888e-07
5944.530004759059 7 2.26967e-08
5944.533820165901 5 1.01839e-08
5948.163310072756 8 1.04984e-05
5951.933819919833 5 9.27326e-08
5952.493434940669 11 1.48692e-07
5952.580004722151 7 1.90581e-08
5958.293381068061 11 7.16069e-08
5963.833819869272 5 1.70477e-07
5963.943380952314 11 5.91787e-08
5968.630004553679 7 1.36962e-07
5969.593380752832 11 6.66457e-07
5969.633819923024 5 5.06683e-08
5975.39338075029 11 7.23994e-07
5975.433819866659 5 1.75212e-07
5976.530004566822 7 5.07145e-08
5981.193380973294 11 1.49651e-07
5981.233819939343 5 1.61594e-07
5984.580004645961 7 9.19123e-08
5986.993381351421 11 2.31046e-08
5987.033820179834 5 4.72302e-08
5989.352758039653 4 1.18394e-06
5992.529262732626 2 3.92513e-08
5995.952758012864 4 7.82538e-07
6000.429262401427 2 6.11192e-07
6007.679262604138 2 6.83373e-08
6015.079262952022 2 4.524e-08
6018.402757968268 4 6.18189e-07
6024.42926262638 2 1.49327e-07
6026.452758375186 4 1.12171e-07
6030.879262999787 2 7.88164e-09
6032.252758319187 4 4.98817e-08
6036.437058329554 10 8.14344e-08
6038.052758020267 4 3.36259e-07
6043.852758587453 4 4.28456e-08
6044.579262854264 2 3.78318e-08
6050.37926236156 2 8.51895e-07
6059.229262452397 2 1.54954e-07
6066.087058558406 10 3.09764e-08
6066.452758203847 4 1.76938e-07
6072.687058460251 10 1.2018e-07
6073.852758041892 4 6.84556e-07
6076.480004635643 7 4.2671e-08
6078.487058390306 10 4.63524e-08
6082.052758023106 4 6.32999e-07
6084.363310354883 8 2.19484e-07
6087.233820054301 5 9.27476e-08
6087.88000452238 7 6.56937e-08
6088.793380760313 11 2.10515e-07
6092.883819945036 5 4.98641e-08
6094.4433810145 11 6.94671e-08
6100.093381233798 11 4.5041e-08
6101.733820119703 5 4.07409e-08
6105.680004561165 7 1.45417e-07
6105.74338078445 11 8.44711e-07
6107.383820029336 5 7.48031e-08
6111.480004822882 7 4.00066e-08
6111.543435293737 11 5.83105e-08
6114.366033641168 6 1.52643e-07
6116.883820404094 5 5.2001e-09
6120.480004765907 7 3.47044e-08
6120.543381258177 11 5.96372e-08
6126.266070077455 6 1.29466e-07
6127.880004500259 7 2.10125e-07
6128.633819832644 5 3.43797e-07
6128.743380725105 11 1.15949e-06
6138.163310396405 8 1.92608e-07
6143.852758248611 4 1.02938e-07
6146.3633104191 8 1.24033e-07
6149.652758215519 4 1.45591e-07
6152.013310554374 8 3.96772e-08
6157.663310334534 8 1.57479e-07
6158.352758476158 4 4.03246e-08
6162.433820253115 5 2.04668e-08
6164.152758151839 4 8.31331e-08
6165.063310406304 8 2.49159e-07
6170.863310700009 8 1.81166e-08
6172.883819989613 5 1.48315e-07
6173.593618596571 11 9.14942e-08
6179.102758033459 4 2.8034e-07
6185.529262507799 2 2.61509e-07
6191.329262719056 2 5.8589e-08
6196.979262959647 2 2.56416e-08
6199.152758120123 4 2.39834e-07
6207.063310383774 8 3.31653e-07
6207.202758355819 4 6.23961e-08
6212.863310579386 8 4.48204e-08
6218.452758353969 4 8.68109e-09
6219.313310624502 8 4.24792e-08
6224.783820086976 5 6.2989e-08
6227.243380859762 11 3.67569e-07
6228.730004550271 7 2.3221e-07
6232.183819885496 5 1.59045e-07
6233.044405566452 11 1.27062e-07
6236.930004607755 7 1.35266e-07
6237.833820025049 5 6.88765e-08
6240.964408247964 8 4.55829e-07
6243.302758171863 4 1.02508e-07
6249.102758271413 4 8.83845e-08
6258.602758399634 4 6.36481e-08
6260.929262421247 2 2.98396e-07
6267.529262421137 2 2.32813e-07
6274.613310769153 8 2.31524e-08
6274.652758300938 4 1.231e-07
6279.429262418582 2 2.82307e-07
6285.252758184723 4 1.52511e-07
6289.863310348994 8 1.81728e-07
6295.513310503659 8 8.59363e-08
6296.352758134343 4 1.79955e-07
6298.580004661384 7 9.43591e-08
6299.33382029596 5 2.81804e-08
6308.943381270271 11 1.79235e-08
6313.96331048379 8 1.50562e-08
6319.613310159236 8 1.3705e-06
6348.463310318387 8 2.60077e-07
6350.002758272468 4 5.89776e-08
6354.113310505027 8 1.49753e-07
6355.802758214438 4 1.68565e-07
6356.987058692049 10 6.21138e-08
6362.402758089769 4 3.82488e-07
6368.202758570078 4 2.98964e-08
6370.329262613808 2 1.11231e-07
6374.00275794804 4 8.0514e-07
6377.180004525083 7 9.2976e-08
6377.187058171029 10 2.9116e-07
6378.667132005304 6 2.10307e-08
6381.402758088539 4 4.32577e-07
6387.052758499382 4 1.55876e-08
6390.229262620154 2 4.86622e-08
6395.879262956109 2 1.33965e-08
6397.35275813786 4 1.31354e-07
6402.187058519371 10 4.68317e-08
6403.002758468998 4 2.30782e-08
6408.563310704784 8 3.18988e-08
6408.80275808014 4 2.52689e-08
6414.602758265953 4 8.04934e-08
6418.97926245739 2 3.07296e-07
6422.802758309361 4 7.10835e-08
6429.402758000181 4 5.61714e-07
6431.837058095909 10 8.04228e-07
6433.266033688495 6 3.5643e-08
6433.380004768485 7 8.24637e-08
6436.333820230145 5 2.21698e-08
6437.637058334913 10 1.58429e-07
6439.066033768434 6 7.18347e-08
6439.980004335017 7 3.23431e-07
6440.693381219242 11 3.80142e-08
6443.287058248048 10 2.15304e-07
6444.533820301831 5 3.04753e-08
6445.516033653981 6 4.59301e-07
6445.780004919396 7 4.65658e-08
6448.937058476995 10 5.40394e-08
6450.252758080396 4 3.04352e-07
6454.213310371347 8 1.14082e-07
6458.302758406754 4 1.07714e-07
6459.780004397737 7 1.6793e-07
6460.583819987198 5 1.42474e-07
6460.593381186037 11 6.53609e-08
6463.952758056051 4 7.72629e-07
6468.663310635629 8 5.2218e-08
6471.180004273776 7 2.75631e-07
6471.18381992207 5 6.19878e-08
6471.993380886984 11 4.42892e-07
6476.980004533995 7 1.58619e-07
6476.983819836807 5 2.20718e-07
6477.643380960519 11 1.11249e-07
6483.583819862641 5 2.36875e-07
6484.243380852992 11 2.43977e-07
6484.380004677359 7 1.01242e-07
6489.416033712812 6 1.11553e-07
6491.780004510848 7 1.6192e-07
6492.583819944209 5 7.34529e-08
6493.093380740454 11 3.84686e-07
6499.852758164964 4 2.55531e-07
6500.687058608067 10 2.15356e-08
6505.652758287576 4 6.86336e-08
6508.887058266246 10 1.19131e-07
6511.066033990717 6 3.88865e-08
6511.180004424963 7 2.09677e-07
6512.043714017775 11 1.41369e-07
6512.783820048937 5 7.32055e-08
6514.537058207096 10 3.44386e-07
6516.866033842545 6 3.98051e-08
6517.780004316781 7 5.76235e-07
6518.583820173278 5 3.18251e-08
6518.643672799133 11 3.55821e-08
6520.187058033816 10 1.09235e-06
6523.152758117512 4 9.46677e-08
6526.313310351334 8 5.06669e-08
6529.983819894554 5 1.6854e-07
6530.330004654619 7 2.05112e-08
6530.844077746074 11 3.42937e-08
6533.152758132913 4 1.48418e-07
6533.713310639424 8 6.33793e-08
6541.052758178032 4 2.15039e-07
6546.70275844806 4 3.1916e-08
6552.979262863834 2 3.73996e-08
6555.403855926156 4 1.75609e-06
6559.287058242921 10 5.95957e-08
6559.330004432346 7 1.98175e-07
6560.133820203693 5 4.17037e-08
6561.116033846739 6 2.45928e-08
6565.887058059706 10 2.1846e-07
6566.730004722832 7 6.83319e-08
6567.566033465475 6 1.40102e-06
6571.53705834895 10 1.5e-07
6572.252758273853 4 9.79946e-08
6574.016033869869 6 2.98918e-08
6575.533820085481 5 1.32281e-08
6575.580004339814 7 2.11989e-07
6576.193380990566 11 9.19345e-08
6577.987058284641 10 5.63745e-08
6580.316033765714 6 4.03814e-08
6581.380004610634 7 1.10208e-07
6583.652757994382 4 5.02292e-07
6585.96331033747 8 9.685e-08
6591.879262421752 2 1.54085e-07
6595.852758183358 4 1.61186e-07
6601.387058152097 10 2.92142e-07
6603.030004490151 7 1.14709e-07
6604.393381160917 11 5.51911e-08
6604.533820092232 5 5.51424e-08
6607.037058217881 10 4.49187e-08
6608.552758220834 4 2.24981e-08
6612.687058328626 10 5.77656e-08
6619.00275835722 4 9.69361e-08
6622.979262629271 2 1.69795e-07
6629.429262347385 2 1.21636e-06
6635.763310276111 8 6.88982e-08
6637.452758240803 4 2.08756e-07
6640.67926276478 2 9.01608e-08
6643.10275795297 4 8.4729e-07
6647.779262747411 2 6.84156e-08
6653.429262520932 2 1.01497e-07
6655.80275796529 4 1.04336e-06
6658.213310429622 8 1.24104e-07
6661.602758090166 4 9.83563e-08
6667.252758426678 4 1.21852e-07
6678.193236613781 9 8.68839e-08
6683.843236525468 9 3.53019e-08
6692.543236734705 9 4.865e-08
6698.343236769614 9 3.62223e-08
6703.993236566481 9 2.20521e-07
6710.293236759571 9 1.19126e-07
6718.993236667549 9 6.91425e-08
6724.643236467895 9 3.11062e-07
6730.293236784636 9 1.92475e-08
6735.943236970885 9 1.38132e-08
6746.243236785575 9 8.4028e-08
6751.802758150292 4 1.5499e-07
6757.329262546145 2 1.58485e-07
6763.052758069327 4 2.58539e-07
6767.779262363663 2 3.21871e-07
6775.063310430143 8 8.491e-08
6775.902758173147 4 8.222e-08
6780.587058382705 10 2.69146e-08
6781.552758114913 4 1.52642e-07
6784.530004743868 7 2.11161e-08
6785.316033640045 6 1.60315e-07
6787.037058345434 10 1.15175e-07
6791.130004575404 7 1.35708e-07
6792.58382019253 5 4.9038e-08
6792.687058249458 10 2.80164e-07
6794.166033568738 6 1.48949e-07
6796.78000457745 7 1.11955e-07
6798.337058384783 10 1.19987e-07
6799.816033730392 6 2.52937e-07
6802.430004529998 7 1.36419e-07
6803.833820066484 5 7.60101e-08
6803.987058572986 10 4.73717e-08
6804.593381242002 11 1.20729e-08
6805.466033638611 6 1.84457e-07
6808.080004429378 7 1.82481e-07
6809.637058305719 10 6.48273e-08
6810.902758555802 4 3.82841e-08
6812.716034110642 6 5.2936e-08
6813.730004848939 7 4.50849e-08
6816.702758381015 4 5.89212e-08
6818.337058191378 10 1.28237e-07
6825.379262330765 2 8.99003e-07
6831.802758003857 4 7.37261e-07
6835.029262654931 2 4.43386e-08
6841.479262439531 2 3.87593e-07
6847.129262759333 2 4.52515e-08
6848.652758429516 4 5.87774e-08
6854.452758269684 4 8.46174e-08
6856.637058448698 10 1.21662e-07
6860.629262712138 2 4.80143e-08
6862.352758332342 4 1.75851e-07
6868.679262640355 2 7.36996e-08
6875.052758459667 4 1.14093e-07
6876.729262639427 2 2.99488e-08
6883.902758159933 4 6.33862e-08
6889.552758139595 4 1.31348e-07
6890.963310584277 8 1.74395e-08
6899.943236839738 9 8.36538e-08
6905.593236702063 9 8.80179e-08
6917.333819966298 5 7.32093e-08
6918.243380972044 11 6.16912e-08
6918.280004315105 7 9.28041e-07
6925.563310322073 8 7.43164e-08
6937.763310321355 8 3.9194e-07
6943.413310577886 8 9.5598e-08
6944.002758126161 4 3.37377e-07
6949.802758487568 4 4.57705e-08
6956.687058370819 10 1.02272e-07
6958.502758128141 4 1.38267e-07
6964.152758123707 4 3.05775e-07
6966.487058379937 10 8.37872e-08
6970.602758344311 4 1.17809e-07
6972.137058432185 10 6.73586e-08
6978.579262575428 2 2.41665e-07
6984.25275804806 4 2.16009e-07
6986.587058547568 10 5.67836e-08
6993.743236464559 9 2.51809e-07
7001.793236368811 9 1.61283e-06
7007.443236656642 9 6.67915e-08
7013.093236688928 9 5.65504e-08
7020.043381117138 11 4.9595e-08
7020.733819898457 5 7.82862e-08
7021.680004503585 7 1.22011e-07
7027.443381161255 11 7.91388e-08
7027.480004809632 7 2.0994e-08
7032.933820247986 5 4.15384e-08
7033.243381263166 11 1.54183e-08
7033.280004779499 7 2.33633e-08
7038.583820087764 5 2.29007e-08
7039.043381396552 11 1.09464e-08
7040.913310345253 8 5.35135e-08
7047.352758392626 4 4.20413e-08
7047.363310404234 8 1.14897e-07
7054.752758102051 4 2.2734e-07
7059.280004494053 7 2.44875e-07
7060.043380864345 11 4.921e-07
7060.083819675203 5 2.25713e-06
7065.080004514528 7 1.45327e-07
7065.843381024998 11 7.97489e-08
7065.883820124313 5 1.58451e-08
7071.643381187548 11 4.61568e-08
7074.883820143956 5 9.05139e-08
7077.293380832669 11 1.68116e-07
7078.080004497549 7 7.25927e-08
7080.8660341124 6 1.22502e-08
7081.333819969353 5 1.81698e-07
7082.94373198631 11 3.24657e-08
7083.730004646959 7 7.38985e-08
7086.983820116286 5 8.03709e-08
7093.963310296795 8 1.3533e-07
7094.00275845108 4 2.54249e-08
7099.802757839634 4 8.7708e-05
7102.163310326082 8 3.35524e-07
7105.452758371595 4 2.46304e-08
7112.463310528193 8 1.0075e-07
7113.352757930122 4 1.78514e-06
7117.229262278072 2 2.54029e-06
7122.20275819959 4 1.33797e-07
7130.902758198928 4 9.6617e-08
7134.913310520014 8 6.96597e-09
7146.963310283841 8 2.07786e-07
7154.09364651482 3 3.34264e-07
7159.813310286055 8 1.82594e-07
7171.793646820139 3 8.5072e-08
7175.713310497146 8 6.30192e-08
7181.293646869884 3 4.61724e-08
7183.763310338824 8 2.30238e-07
7188.543997817848 3 8.00778e-08
7192.613310449013 8 1.61933e-07
