8.80725734541 4 5.15111e-09
13.724052862947 3 8.55445e-08
16.124592588102 10 1.43584e-07
19.374052826435 3 1.31229e-07
25.807257145645 4 7.34327e-08
31.374592602646 10 2.45729e-07
32.177321295962 2 2.1116e-07
37.024592506268 10 7.07655e-07
41.824052906449 3 7.01618e-08
42.674592777756 10 1.52414e-07
47.474053019677 3 3.38124e-08
65.92405319449 3 1.09913e-08
79.457256744694 4 8.12688e-07
80.077838089429 8 1.13007e-07
80.165894080278 11 8.18262e-08
85.107256637616 4 3.15816e-06
85.877838387542 8 3.71727e-08
90.757256882859 4 1.71869e-07
92.215894194157 11 6.04831e-08
95.524592589915 10 2.10964e-07
96.227321246865 2 1.93789e-07
99.457257099289 4 6.29271e-08
101.777838044828 8 1.71063e-07
102.665894107278 11 8.5414e-08
105.107256969922 4 1.09934e-07
109.8245927014 10 1.3055e-07
112.507257190129 4 4.33258e-08
115.477321101479 2 3.02883e-07
116.424592810618 10 1.03294e-08
128.142156903569 7 1.84289e-08
129.617718745633 6 2.89544e-08
135.417718795083 6 4.51201e-08
136.342156909172 7 6.04141e-08
142.017718317382 6 2.71487e-06
142.942157085037 7 3.49417e-08
147.817718813389 6 8.10594e-08
148.592157030968 7 4.80667e-08
153.467718760569 6 4.43242e-08
155.842156812681 7 1.16815e-07
160.717718639877 6 8.42194e-08
161.492156957151 7 4.66065e-08
164.62077073429 9 2.70094e-08
166.367718570896 6 9.05557e-08
167.142156682715 7 5.02887e-07
172.017718704495 6 3.76711e-08
172.792156773221 7 2.03031e-07
179.070770820592 9 3.09162e-08
182.15725705166 4 1.61697e-07
183.66589412164 11 2.51845e-08
184.720770529339 9 8.78969e-08
190.370770448079 9 1.25356e-07
195.777838107879 8 6.0112e-08
195.865893884988 11 1.76287e-07
196.607257080567 4 5.97427e-08
200.579810398374 5 8.55958e-08
201.577838025955 8 6.12924e-08
201.665893672603 11 2.31539e-06
209.065893897248 11 3.05394e-07
209.627838042856 8 9.09739e-08
216.165894026801 11 6.25622e-08
220.629810612327 5 2.42482e-08
221.815894072268 11 1.16201e-07
223.927837918458 8 2.27795e-07
224.657257210325 4 4.25918e-08
226.279809978582 5 1.30915e-06
232.765894325842 11 2.63766e-08
236.77783854542 8 1.40155e-08
240.079810176152 5 9.9674e-08
241.615893886557 11 1.80136e-07
242.427837930964 8 2.98874e-07
247.979810174744 5 2.26122e-07
256.829810250597 5 1.17995e-07
258.477838128984 8 3.51982e-08
259.115893860505 11 3.78909e-07
262.479810378524 5 2.82393e-08
275.165893867218 11 1.67122e-07
275.177838264153 8 2.41694e-08
277.470770756543 9 7.88156e-08
280.965894269031 11 4.40909e-08
286.379810463726 5 4.96295e-08
288.865894165182 11 3.68089e-08
289.627838411887 8 6.52542e-09
292.707256959043 4 1.14745e-07
295.165893848088 11 1.29828e-07
295.427838011939 8 1.23564e-07
299.120770460206 9 3.03802e-07
303.215894346275 11 1.70669e-08
304.770770445773 9 3.49925e-07
307.95725687686 4 1.73305e-07
307.977838171574 8 1.04168e-07
308.865894123044 11 1.19418e-07
313.424592610166 10 4.5846e-07
316.957257066463 4 1.79583e-07
340.177838234715 8 9.1732e-08
340.357256984987 4 9.36885e-08
346.157256775868 4 6.43337e-07
347.427838183675 8 7.13785e-08
351.957256821307 4 9.1989e-08
353.077838145742 8 6.25826e-08
353.715894103504 11 1.14909e-08
362.577838055764 8 2.31438e-07
363.357256800953 4 3.88186e-07
363.365894131723 11 1.00354e-07
367.070770396742 9 6.09031e-07
370.765893921312 11 1.14964e-07
371.557256784864 4 7.14657e-07
371.927838068179 8 2.27623e-08
376.565893840115 11 2.51125e-07
377.357256779994 4 5.85989e-07
377.577838242993 8 5.91043e-08
381.429810225763 5 1.54644e-07
382.365894175544 11 1.35259e-08
383.227838067738 8 1.24662e-07
388.01589370826 11 1.69999e-06
388.877838194148 8 6.60629e-08
392.029810540314 5 3.27408e-08
393.665893958937 11 2.50698e-07
403.165893899474 11 1.26832e-07
404.757256902709 4 2.89251e-07
404.777838113732 8 1.71953e-07
438.329810204418 5 6.9376e-08
442.577838071828 8 7.4116e-08
443.979810074799 5 5.87261e-07
448.007256894724 4 1.27027e-07
448.22783838284 8 5.54748e-09
452.815894292945 11 1.94553e-08
453.807257107149 4 1.54598e-08
470.507257115426 4 4.47749e-08
487.177838233413 8 5.05297e-08
487.357256872437 4 2.79996e-08
491.074592692355 10 5.3208e-08
491.877321246495 2 1.87595e-07
496.874592682974 10 1.14561e-07
497.677321390354 2 3.19327e-08
502.524592957007 10 4.91693e-08
505.520770566391 9 6.80204e-08
508.717719105182 6 1.46682e-08
512.024592810019 10 5.90149e-08
514.377321016241 2 6.83221e-07
519.274592583473 10 2.10438e-07
520.177321466911 2 3.91171e-08
524.057256800621 4 2.27821e-07
524.71589439994 11 5.43606e-09
526.524592985413 10 1.91266e-08
530.477321228559 2 1.94803e-07
532.174592760883 10 1.24158e-07
537.824592605756 10 2.34216e-07
538.527321174914 2 7.1074e-08
543.474592857764 10 3.26208e-08
548.120770637426 9 6.38281e-08
550.492156879215 7 1.58748e-07
550.517718644206 6 9.24059e-08
556.292157179091 7 1.75702e-08
557.7677186683 6 4.12977e-08
560.970770878803 9 6.04454e-08
562.592156933858 7 2.99354e-08
563.417718630366 6 9.61581e-08
566.620770956055 9 1.69277e-08
573.042156829856 7 4.7948e-08
578.667718722596 6 1.58792e-08
578.69215682082 7 1.57436e-07
581.720770592786 9 1.25723e-08
584.492157015016 7 3.62161e-08
588.967719079332 6 1.60817e-08
592.977321435464 2 3.67262e-08
594.574592702029 10 2.14077e-07
598.627321301172 2 1.0511e-07
600.224592926665 10 2.93514e-08
604.277320898632 2 2.53108e-06
614.72732111807 2 1.14641e-07
615.474592729666 10 6.20766e-08
622.724593147081 10 3.80572e-08
623.307256865159 4 2.76701e-07
625.627838350463 8 3.505e-08
633.874052845519 3 4.43858e-08
637.024593082694 10 8.47827e-09
639.524053031435 3 6.11825e-08
646.627838162024 8 6.44397e-08
646.707257027396 4 6.41993e-08
650.774052727109 3 2.26077e-07
651.474592787032 10 5.43113e-08
656.57405258434 3 2.54621e-07
661.307256882644 4 2.426e-07
668.407256831732 4 5.03573e-08
669.077838306904 8 5.91013e-09
674.724052549497 3 1.39175e-06
680.374052661308 3 2.4396e-07
681.924593051191 10 2.03237e-08
686.024052923811 3 6.2952e-08
688.374592856886 10 1.58032e-08
691.674052591109 3 5.22525e-07
697.074593000807 10 1.98781e-08
697.324052524438 3 2.76731e-06
702.724592698293 10 1.36899e-07
702.974052700162 3 2.20315e-07
708.374592904913 10 3.25513e-08
708.774052538825 3 8.92415e-07
714.574052643009 3 1.81808e-07
720.274592925052 10 6.61039e-08
720.374052923876 3 7.60664e-08
722.707256846824 4 1.99309e-07
724.177838074765 8 8.69437e-08
724.915893902194 11 1.80527e-07
726.570770487334 9 2.56831e-07
730.715894094008 11 8.09821e-08
732.370770724501 9 2.31427e-08
736.515893970165 11 1.39239e-07
738.170770617976 9 5.71889e-08
743.820770465131 9 2.48057e-07
749.47077044045 9 2.12007e-07
755.270770524185 9 1.4055e-07
758.165894062948 11 5.2592e-08
758.907256864898 4 2.10185e-07
759.577838096567 8 9.78707e-08
764.557256949376 4 1.4503e-07
768.574052761223 3 8.95589e-08
774.224052625376 3 5.87807e-07
777.924592878444 10 2.43125e-08
779.874052888249 3 7.11806e-08
785.524052665586 3 7.63347e-08
786.124592712371 10 1.63622e-07
797.407256691103 4 9.33097e-07
798.865894419549 11 1.36189e-08
798.977838530667 8 2.174e-08
804.007256740353 4 6.72052e-07
808.665894052541 11 1.23717e-07
808.777838095191 8 8.81827e-08
809.807256938978 4 1.0545e-07
814.465894026285 11 8.85422e-08
814.529810255224 5 9.51623e-08
814.577838100379 8 1.40302e-07
820.265894004625 11 6.6602e-08
820.329810606212 5 3.15163e-08
824.227838149643 8 1.23478e-07
826.065894113058 11 1.90859e-08
826.129810152765 5 8.56948e-08
831.86589387606 11 4.35638e-08
833.077838224144 8 3.34151e-08
833.879810197303 5 1.63217e-07
837.057257376384 4 1.30095e-08
837.665894014895 11 4.40639e-08
843.465894024532 11 7.69751e-08
844.17981032461 5 4.72428e-08
844.977838196839 8 7.31819e-08
851.579810300141 5 1.26254e-07
853.977838249454 8 3.69293e-08
854.715894183223 11 1.28624e-07
859.62783783493 8 1.45746e-06
860.279810594848 5 4.41898e-08
860.307257064829 4 1.11339e-07
860.365893872773 11 4.45748e-08
870.965894303086 11 4.94951e-08
875.377838226789 8 4.15581e-08
875.529810328491 5 3.81604e-08
876.615894021481 11 7.649e-08
881.720770802002 9 3.16857e-08
882.265894011461 11 9.6679e-08
893.02981068778 5 2.72949e-08
893.66589404313 11 8.66104e-08
893.82783848284 8 2.76317e-08
896.207256980916 4 7.50793e-08
899.465894501111 11 1.26514e-08
902.679810524739 5 2.9797e-08
906.865894231549 11 5.68472e-08
908.479810432853 5 3.83472e-08
917.180161558606 5 1.90332e-08
917.877838362476 8 1.92905e-08
917.965893966825 11 4.54163e-08
924.279810388881 5 3.00527e-08
925.27783791029 8 1.52165e-07
925.365893859541 11 1.45619e-07
926.657257129732 4 9.72843e-08
933.129810436321 5 2.0963e-08
933.565893856598 11 2.55637e-07
934.127837840554 8 4.33708e-07
935.507256795203 4 4.65839e-07
939.777838149731 8 8.77751e-08
940.165894062704 11 5.52068e-08
941.157256789714 4 2.8683e-07
951.607256819605 4 1.38423e-07
953.127838025821 8 1.08212e-07
953.965893765515 11 4.17113e-07
955.479810339421 5 1.22162e-07
958.77783812632 8 2.92461e-08
959.615894101751 11 1.2332e-07
961.129810406548 5 2.75705e-08
962.707257304382 4 3.13002e-08
966.779810546524 5 1.32675e-08
972.315894009362 11 1.01855e-07
972.430215540637 5 4.83436e-09
978.115894039048 11 1.51328e-07
989.929810270461 5 5.68515e-08
992.415894072205 11 7.32246e-08
995.579810553084 5 3.55078e-08
998.065893760836 11 6.99419e-08
998.677838360312 8 3.73941e-08
1003.71589417609 11 9.82455e-08
1004.279810435223 5 4.0919e-08
1015.615893698094 11 1.38538e-06
1016.327838020512 8 1.23644e-07
1023.529810196861 5 1.0896e-07
1025.915893961657 11 7.28531e-08
1025.977838336725 8 5.55775e-08
1035.715893647298 11 4.34618e-06
1035.777838071313 8 9.83016e-08
1042.779810170974 5 5.62493e-08
1049.515894382997 11 4.84017e-09
1050.829810465546 5 1.68626e-08
1051.527838257928 8 3.22681e-08
1057.915894016946 11 5.51768e-08
1062.729810302652 5 8.04556e-08
1066.765894192704 11 6.60515e-08
1066.777838404964 8 3.95415e-08
1069.179810248378 5 1.91384e-07
1072.565893843243 11 6.79933e-08
1072.577838268938 8 5.51241e-08
1078.02981038112 5 7.78606e-08
1078.365894050761 11 9.17254e-08
1078.377838305739 8 4.68772e-08
1083.679810357162 5 1.85418e-08
1085.765893862027 11 3.54151e-07
1085.777838082964 8 4.7078e-08
1089.329810311627 5 6.4751e-08
1093.977838444475 8 2.94831e-08
1094.979810302113 5 1.47233e-07
1095.565894119233 11 8.14802e-09
1100.629810029218 5 1.27937e-06
1101.227838564952 8 1.33652e-08
1110.129810206236 5 6.16295e-08
1110.815893918734 11 2.19537e-07
1110.87783794478 8 1.96018e-07
1112.357256737305 4 1.7104e-07
1117.842156644346 7 4.21378e-07
1118.617718744 6 8.47322e-08
1121.120771006969 9 3.39759e-08
1123.642156768723 7 2.48222e-07
1125.067718828842 6 5.22666e-08
1129.442157075319 7 1.23454e-08
1133.267718514628 6 1.35573e-07
1135.092156603327 7 1.33054e-06
1140.517718667948 6 5.58883e-08
1140.892156949911 7 2.1871e-08
1142.920770775529 9 3.76215e-08
1146.627321151199 2 3.82608e-07
1147.474592640407 10 1.23098e-07
1152.427321107323 2 3.75637e-07
1153.274592913273 10 2.26242e-08
1158.227321136032 2 1.59244e-07
1159.874592561349 10 2.00931e-07
1165.524592832994 10 5.52592e-08
1167.077321456656 2 4.3824e-08
1171.174592862621 10 1.32197e-07
1174.327321395598 2 9.27924e-08
1186.274592815634 10 6.97643e-08
1188.557256909427 4 3.13597e-07
1194.924053047805 3 2.58367e-08
1199.877838238611 8 3.83469e-08
1200.629810510631 5 8.02233e-08
1202.357257118817 4 7.82316e-08
1208.007257182588 4 3.84695e-08
1225.507256909952 4 2.34136e-07
1225.527838051933 8 1.06981e-07
1226.215894005228 11 9.02418e-08
1227.579810273328 5 1.91594e-08
1231.307257011088 4 6.44544e-08
1231.327838557173 8 7.96562e-09
1252.27981029947 5 9.63594e-08
1265.929810245187 5 9.84415e-08
1293.907257107211 4 3.63594e-08
1297.52459249336 10 5.00649e-07
1299.027321078942 2 3.93494e-07
1303.174592737512 10 8.64657e-08
1304.677321095843 2 2.82959e-07
1308.507257191267 4 4.91507e-08
1310.274592981189 10 1.3549e-08
1311.92732143239 2 3.9938e-08
1315.924592730401 10 1.66535e-07
1318.307256857411 4 4.44559e-07
1322.277838209039 8 2.42514e-08
1323.957257325753 4 7.578e-08
1327.729810193022 5 1.56306e-07
1327.927838322487 8 2.87529e-08
1333.529810580622 5 2.18582e-08
1342.257257151121 4 6.78921e-08
1343.824592685257 10 6.83198e-08
1344.574053148361 3 1.32636e-08
1350.217718606369 6 1.13489e-07
1350.242156847866 7 1.61532e-07
1354.170770608978 9 4.81606e-08
1356.817718823398 6 2.30689e-08
1359.892156687538 7 3.21459e-07
1364.067718593138 6 7.67414e-08
1365.542157153238 7 3.63158e-08
1371.170770796885 9 5.48559e-08
1373.567785169938 6 9.81907e-08
1374.392156937812 7 1.51343e-07
1379.217718753588 6 2.6133e-08
1380.042157157995 7 3.67534e-08
1390.317718691401 6 6.02739e-08
1395.107256789143 4 3.32588e-07
1396.627838241795 8 2.31117e-08
1396.665894141448 11 1.81317e-08
1400.907256895155 4 2.12398e-07
1402.427837973703 8 1.49132e-07
1402.465894094716 11 7.42322e-08
1407.207256889621 4 2.16527e-07
1408.227838384333 8 1.68218e-08
1414.227321084821 2 1.2224e-07
1415.074592558844 10 4.76834e-07
1416.774053247452 3 2.05729e-08
1419.257256835368 4 3.51201e-08
1420.777838609979 8 1.28293e-08
1436.257256862888 4 3.86277e-07
1436.977838070478 8 7.07324e-08
1437.565893965151 11 1.24355e-07
1439.920770525511 9 1.04711e-07
1442.557256859184 4 1.84178e-07
1443.365894041409 11 4.81753e-08
1443.577838031218 8 6.7502e-08
1448.074592715444 10 8.14667e-08
1448.827321318428 2 6.74631e-08
1453.874592653651 10 8.43353e-08
1454.627321224793 2 1.51564e-07
1461.807256853534 4 2.66563e-07
1473.05725677341 4 1.83223e-07
1474.615893863514 11 3.90964e-07
1474.677837961592 8 3.50144e-07
1477.229810100172 5 2.56746e-07
1480.415894072819 11 7.88821e-08
1480.477838306667 8 5.51296e-08
1483.029810164903 5 9.82323e-08
1486.21589396831 11 5.7288e-08
1487.877838296087 8 2.68278e-08
1488.829810590307 5 1.79248e-08
1492.815893933853 11 2.17954e-07
1493.677838103831 8 6.45674e-08
1494.629810168459 5 1.28403e-07
1498.615893888045 11 2.44067e-07
1499.32783839572 8 3.11132e-08
1502.55725696896 4 1.84765e-07
1505.127838219152 8 2.74512e-08
1505.865893890182 11 1.43965e-07
1508.357256705007 4 8.98161e-07
1510.927838088673 8 6.49493e-08
1511.665894165507 11 9.57122e-08
1514.157257124049 4 8.26451e-08
1518.027838307019 8 2.37753e-08
1522.574053063882 3 2.40063e-08
1532.529810378252 5 1.44134e-08
1551.807256735715 4 5.65601e-07
1552.627838149194 8 2.93901e-08
1563.779810732208 5 2.85086e-08
1564.807257270955 4 6.03187e-08
1564.827838426963 8 1.56989e-08
1573.824052937563 3 2.4797e-08
1578.627838518048 8 1.49245e-08
1583.407257418538 4 3.50885e-09
1594.879810417654 5 6.54997e-08
1596.427838161368 8 2.49536e-08
1597.207257019424 4 1.6206e-07
1600.52981057031 5 1.64414e-08
1602.077838313093 8 2.319e-08
1603.007256936388 4 1.28334e-07
1607.877838320134 8 2.93563e-08
1625.30725689724 4 9.54471e-08
1626.177837945159 8 1.15334e-07
1626.915894319807 11 1.24718e-08
1630.674053029571 3 3.48422e-08
1638.874053260635 3 2.61567e-08
1646.957256848322 4 5.5579e-08
1649.774592757168 10 1.14441e-07
1655.957256915505 4 1.53883e-07
1657.577838239601 8 3.89112e-08
1676.95725732418 4 5.33054e-08
1680.177838078021 8 6.66351e-08
1683.079810773742 5 7.97606e-09
1689.657256967937 4 1.65682e-07
1692.874052578872 3 4.96727e-07
1695.274592978143 10 4.16442e-08
1698.524052761623 3 1.18352e-07
1704.124592792108 10 7.75367e-08
1704.17405277016 3 1.93237e-07
1724.077837878974 8 1.67225e-07
1724.10725694824 4 7.15508e-08
1724.715894146171 11 6.49271e-08
1730.227321288752 2 1.45114e-07
1733.907257017123 4 8.67226e-08
1738.678270467882 8 3.46702e-08
1749.824052772793 3 8.32361e-08
1763.407256790994 4 2.71005e-07
1768.827838216275 8 1.03139e-08
1769.057256745551 4 9.68689e-07
1772.729810706062 5 2.06353e-08
1776.957256911842 4 1.44695e-07
1778.365894095506 11 4.67688e-08
1778.477838057573 8 9.52361e-08
1780.629810475806 5 3.83469e-08
1802.607257164797 4 5.29863e-08
1812.029810108578 5 3.80314e-07
1816.927837937281 8 4.00516e-07
1816.965894063774 11 9.33201e-08
1817.857256709571 4 1.34583e-06
1829.127838257293 8 3.56837e-08
1829.257256898023 4 2.46574e-07
1840.527838223365 8 1.44163e-08
1840.657257100533 4 5.93104e-08
1842.279810248246 5 7.63165e-08
1850.479810317908 5 6.07244e-08
1852.727838361689 8 2.81978e-08
1864.857256872802 4 1.62203e-07
1868.127838165088 8 1.67708e-08
1868.565894339846 11 4.78901e-08
1871.307257016752 4 2.23012e-07
1876.957256780005 4 3.42118e-07
1877.627838067569 8 8.02081e-08
1878.365894051787 11 5.03402e-08
1882.607256833944 4 2.12419e-07
1885.624592899255 10 3.36627e-08
1886.427321437086 2 8.23803e-08
1893.857257082663 4 7.94314e-08
1896.077838127227 8 6.28821e-08
1896.965893703643 11 1.78675e-06
1903.229810305311 5 4.56588e-08
1905.727838311551 8 1.43364e-08
1905.815893996373 11 1.53559e-07
1909.029810255499 5 2.17605e-08
1911.52783804198 8 2.74171e-07
1911.615893778269 11 7.34463e-07
1912.957257394941 4 2.9102e-08
1916.129810194088 5 7.11274e-08
1917.327838208597 8 1.82012e-08
1917.415893850957 11 2.58951e-07
1922.579810466516 5 2.07175e-08
1927.215893787194 11 1.91665e-07
1927.927837921299 8 2.15505e-07
1929.657256947015 4 2.73778e-07
1939.457256892958 4 5.41172e-08
1944.870770984958 9 2.59028e-08
1950.992156865113 7 1.0661e-07
1952.317718679794 6 3.79555e-08
1956.792157031428 7 4.35783e-08
1958.67077085827 9 3.31218e-08
1961.677321366792 2 3.35196e-08
1962.59215697205 7 6.00578e-08
1967.274592843467 10 8.5451e-08
1967.477321473789 2 3.46532e-08
1971.324053035765 3 2.37683e-08
1973.074592537005 10 6.89699e-08
1974.877321295746 2 5.67602e-08
1978.874592761406 10 8.87298e-08
1983.507256730335 4 6.20381e-07
1984.927838133289 8 7.17045e-08
1985.015894247 11 4.65235e-08
1989.157257056017 4 4.80932e-08
1990.720770493375 9 1.72884e-07
1990.815894314368 11 4.48811e-08
1995.607256867635 4 2.86998e-07
1997.127837946135 8 1.80135e-07
1997.415893823938 11 2.05654e-07
1999.529810145397 5 1.33464e-07
2002.857257379055 4 3.72865e-08
2002.927838116924 8 5.9252e-08
2003.065893919702 11 1.17059e-07
2005.179810374283 5 4.76893e-08
2008.657257113694 4 9.77206e-08
2008.727838408511 8 3.26903e-08
2009.365894221977 11 2.34237e-08
2009.970770409578 9 1.60628e-07
2014.527838039056 8 8.53326e-08
2014.579810301367 5 1.23801e-07
2015.165893921744 11 8.80012e-08
2018.157256859097 4 1.8477e-07
2021.927838060532 8 5.89216e-08
2022.115893867178 11 1.77341e-07
2023.807256937097 4 2.25884e-07
2025.974592598414 10 1.46277e-07
2026.777321383214 2 1.1944e-07
2031.707256864615 4 3.83634e-07
2033.977838333077 8 2.77083e-08
2037.35725695001 4 1.43395e-07
2042.827838179943 8 9.28648e-08
2043.157256666767 4 2.44644e-06
2045.215893932779 11 2.12998e-07
2048.807256992765 4 1.94034e-07
2050.974592925544 10 1.98323e-08
2054.177321223833 2 5.4555e-08
2057.574592794062 10 4.79241e-08
2064.420770664319 9 7.96611e-08
2068.024592579206 10 1.95074e-07
2074.307256901412 4 1.59735e-07
2082.357256967528 4 1.68793e-07
2090.274052771077 3 7.83663e-08
2090.324592776167 10 1.01625e-07
2096.074052818581 3 8.48118e-08
2096.124593158835 10 9.48403e-09
2101.87405269875 3 9.29468e-08
2106.274592566324 10 1.27176e-07
2107.674052561903 3 1.375e-06
2111.057256911604 4 2.31161e-07
2112.627838276594 8 4.65969e-08
2120.707257022417 4 2.53098e-08
2125.477838477114 8 1.61065e-08
2126.357256879545 4 3.04773e-07
2128.615894298951 11 1.9587e-08
2132.077838036282 8 1.26337e-07
2132.157256806999 4 4.57727e-07
2134.129810314011 5 9.78048e-08
2135.715894147211 11 4.84959e-08
2147.557256844747 4 3.24576e-07
2149.077838218634 8 5.29539e-08
2150.165894046776 11 3.95317e-08
2150.870771079295 9 5.07047e-08
2154.079810119385 5 1.41966e-07
2158.877838535143 8 9.5647e-09
2159.879810630499 5 5.34888e-08
2164.61589398349 11 1.53558e-07
2165.47783811348 8 4.30641e-08
2172.729810561927 5 3.21437e-08
2174.415894142051 11 5.74327e-08
2175.927838396844 8 1.34871e-08
2185.429810405166 5 2.10062e-08
2186.315893993927 11 7.42083e-08
2186.37783819536 8 7.48576e-08
2191.72981018383 5 1.05971e-07
2192.177838220853 8 3.24101e-08
2192.765893932361 11 3.05222e-08
2194.957257393002 4 6.2791e-08
2197.379810408764 5 7.18736e-08
2201.315893730409 11 9.96116e-07
2201.977838082223 8 3.82416e-08
2203.00725674916 4 3.08643e-07
2206.924053023986 3 3.68655e-08
2206.974592622368 10 6.75611e-08
2208.47732129142 2 5.48752e-08
2212.657257256962 4 3.76596e-08
2215.174592768893 10 8.51364e-08
2218.927321543605 2 6.36494e-08
2222.792156939554 7 1.67812e-08
2222.817718647695 6 8.52207e-08
2230.192156782201 7 6.83658e-08
2230.217718612232 6 8.67592e-08
2235.992157272475 7 3.1937e-08
2236.017718863636 6 3.36511e-08
2244.217718619672 6 4.97669e-08
2244.842156912946 7 5.7352e-08
2249.320770681361 9 7.68956e-09
2252.417718608508 6 2.6707e-08
2255.792156625923 7 3.2015e-07
2258.217718559056 6 8.50353e-08
2260.570770883817 9 4.93109e-08
2262.242156785627 7 6.9143e-08
2263.867718347444 6 5.24853e-07
2269.517718637897 6 9.4391e-08
2270.292156844014 7 1.83389e-07
2274.220770624603 9 3.91499e-08
2276.61771880251 6 3.97321e-08
2280.592156913646 7 4.08352e-08
2283.067718428923 6 1.18885e-07
2286.242157053529 7 3.15987e-08
2288.717718870834 6 3.37547e-08
2291.892156814157 7 3.49056e-08
2295.967718468734 6 2.46071e-07
2297.542157019901 7 1.6803e-08
2301.617718919044 6 3.37177e-08
2303.842156830399 7 1.38538e-07
2306.920770828596 9 3.53307e-08
2310.177321173389 2 2.82062e-07
2310.924592720048 10 5.41422e-08
2315.827321358408 2 8.51634e-08
2317.374592963844 10 3.44865e-08
2318.157257131527 4 7.04417e-08
2321.477321208771 2 1.46816e-07
2323.024592464717 10 1.20694e-06
2323.824053029875 3 6.48691e-09
2327.127321473404 2 6.72606e-08
2329.474592803575 10 9.89908e-08
2334.20725695516 4 1.08981e-07
2335.924592630586 10 2.10328e-07
2338.227321119602 2 1.95352e-07
2341.574592476318 10 1.04404e-06
2347.742156737319 7 3.08466e-07
2347.767718860654 6 7.41783e-08
2353.542157040855 7 5.31314e-08
2353.567718559693 6 1.20425e-07
2359.342156621195 7 6.89373e-07
2359.367718469832 6 3.23878e-07
2365.142156914108 7 5.17915e-09
2365.167718603861 6 6.90867e-08
2370.967718456181 6 3.41015e-07
2371.742156537169 7 3.60002e-06
2376.57077078799 9 3.26587e-08
2381.417718311192 6 1.24262e-06
2381.542156889319 7 6.09582e-08
2387.21771868723 6 6.02375e-08
2391.842156846691 7 8.00545e-09
2392.867718785098 6 1.93851e-08
2395.820770611523 9 5.16331e-08
2399.092156804625 7 6.59807e-08
2399.167718385109 6 1.03675e-06
2406.127321290349 2 7.33524e-08
2406.27459255794 10 1.51044e-07
2411.927321183623 2 1.5244e-07
2412.074592670568 10 2.11681e-07
2414.492157177268 7 1.49056e-08
2417.72732101359 2 8.2416e-07
2419.824592726262 10 1.14548e-07
2424.677321047018 2 1.66336e-07
2425.47459288892 10 3.03652e-08
2430.327321110865 2 1.08034e-07
2431.924592937297 10 4.954e-08
2435.97732127758 2 8.21481e-08
2437.574592673893 10 1.20061e-07
2439.857256892683 4 7.89767e-08
2441.365893942119 11 1.9308e-07
2441.377838000182 8 1.54191e-07
2443.229810259548 5 4.469e-08
2452.879810284005 5 6.64054e-08
2455.965893903797 11 2.76504e-07
2455.977837988133 8 2.2561e-07
2458.529810436428 5 7.42466e-08
2461.765893783106 11 3.52518e-07
2461.777838118161 8 9.27219e-08
2466.429810365725 5 7.71534e-08
2467.565893876503 11 1.68273e-07
2467.577837775965 8 9.0336e-06
2468.057256821616 4 8.20704e-07
2470.920770466789 9 3.55055e-07
2476.720770299304 9 1.92707e-06
2482.370827819385 9 8.68553e-08
2484.565894296405 11 4.88834e-09
2488.020770646425 9 4.04015e-08
2489.557256830993 4 2.39184e-07
2490.17783838131 8 2.53758e-08
2494.274592995425 10 3.16859e-08
2494.277321081277 2 2.97159e-07
2500.074593121557 10 2.41354e-08
2500.807257149113 4 1.18615e-07
2510.377838094478 8 1.66954e-07
2510.45725712035 4 4.76303e-08
2522.657256743823 4 6.3207e-07
2523.227838207318 8 2.71474e-08
2533.379810465061 5 1.23374e-08
2534.32783806656 8 5.74296e-08
2535.015894387997 11 7.76277e-09
2574.377838259313 8 4.85582e-08
2575.979810483013 5 6.44509e-08
2578.41589424093 11 2.50629e-08
2579.207257089729 4 1.31667e-07
2581.477838119262 8 2.42604e-08
2586.45725704669 4 1.01333e-07
2588.724052869261 3 4.72175e-08
2594.374052781566 3 1.1043e-07
2594.374592810577 10 7.76328e-08
2612.757257423268 4 4.45141e-08
2618.557257062026 4 1.11932e-07
2620.174592626454 10 4.30498e-07
2621.527321097614 2 8.08573e-08
2626.32459295087 10 3.27971e-09
2627.90725677936 4 5.4704e-07
2628.727838341764 8 1.84825e-08
2629.515894142542 11 5.1308e-08
2630.320770491785 9 1.90825e-07
2635.165893820811 11 4.69987e-07
2635.957256807163 4 3.09476e-07
2635.977838022885 8 1.37303e-07
2638.370770494646 9 8.2899e-08
2644.170770364093 9 4.07039e-07
2645.615893975047 11 6.7578e-08
2646.5572568116 4 1.41599e-07
2646.577838106449 8 7.31808e-08
2660.079810314116 5 8.39638e-08
2684.279810476312 5 1.69166e-08
2691.577838248853 8 1.70104e-08
2692.357256718936 4 1.33032e-06
2696.865894362422 11 2.01281e-08
2698.157257250417 4 6.00544e-08
2702.324052736902 3 1.60944e-07
2707.97405277655 3 1.8646e-07
2715.957257087387 4 5.92355e-08
2720.774592988293 10 4.16678e-08
2723.042156917716 7 1.36556e-07
2724.667718599889 6 4.4985e-08
2730.470770979165 9 3.18379e-08
2731.267718587326 6 6.97564e-08
2732.842156557954 7 2.22393e-06
2736.917718395465 6 4.9544e-07
2739.44215685433 7 4.46639e-08
2746.520770706224 9 1.22975e-07
2748.942156836447 7 1.37428e-07
2749.767718657045 6 9.65463e-08
2754.742156586002 7 1.44375e-06
2755.567718810466 6 3.08617e-08
2760.392156668648 7 4.61568e-07
2761.217718723329 6 6.93141e-08
2768.167718645643 6 1.32146e-07
2769.742156645312 7 3.40501e-07
2776.992156970622 7 7.89331e-08
2777.017718625154 6 3.40858e-08
2782.79215700882 7 1.99812e-08
2782.817718533956 6 3.81482e-08
2788.592156706828 7 2.86647e-07
2788.617718583579 6 7.7833e-08
2796.792156894149 7 1.09855e-07
2796.817718399305 6 5.43442e-07
2803.417718465478 6 3.15504e-07
2804.192157074418 7 3.53931e-08
2811.442156646282 7 4.94304e-07
2811.467718485429 6 8.13559e-08
2817.242156838818 7 2.20732e-07
2817.267718498867 6 1.37996e-07
2823.042156886644 7 1.15448e-07
2823.067718841813 6 1.73115e-08
2828.842156983067 7 3.31527e-08
2828.867718401494 6 3.55023e-07
2832.170770596105 9 4.14297e-08
2834.642157137801 7 1.91943e-08
2834.667718758807 6 2.49111e-08
2840.442156647147 7 3.57202e-07
2841.117718616134 6 6.34666e-08
2846.574592916657 10 3.18285e-08
2846.577717551168 2 1.42285e-08
2852.957257347133 4 2.20551e-08
2853.974592650505 10 2.34732e-07
2854.627321280933 2 1.04896e-07
2860.192156986735 7 7.3059e-08
2860.277321306012 2 1.31525e-07
2861.874592702103 10 1.14232e-07
2866.077321207012 2 2.13123e-07
2867.524592743294 10 6.66658e-08
2872.22732122307 2 1.13531e-07
2873.174592655001 10 1.19347e-07
2877.007256919486 4 7.47629e-08
2879.32783832444 8 4.03166e-08
2890.674052815432 3 1.1605e-07
2891.474592614497 10 1.45433e-07
2896.257256826398 4 1.54698e-07
2897.127838379952 8 5.41649e-08
2900.32459280298 10 6.13718e-08
2901.077321182614 2 2.6172e-07
2916.224592732805 10 4.20513e-08
2916.32732121478 2 1.09129e-07
2921.757256941277 4 2.59435e-07
2923.315893804904 11 2.33745e-07
2923.427837979377 8 8.101e-08
2927.557257166492 4 6.86652e-08
2931.515893965914 11 6.85637e-08
2931.627838328368 8 3.88347e-08
2932.720770542575 9 4.76343e-08
2938.52077047093 9 4.26534e-07
2941.315893991487 11 2.1658e-07
2941.357256905921 4 3.17432e-07
2941.427838179808 8 5.54957e-08
2945.429810469141 5 1.83092e-08
2947.915893850859 11 1.07255e-07
2948.827838050395 8 2.74883e-07
2950.207256893115 4 1.17362e-07
2955.85725714348 4 6.98148e-09
2958.065894116986 11 6.0062e-08
2958.827838059464 8 1.18238e-07
2963.607256912799 4 6.37817e-08
2964.477838095243 8 7.79072e-08
2982.857256891881 4 2.4825e-07
2983.727838171483 8 5.42188e-08
2985.165893900577 11 3.51267e-07
2986.7798102932 5 7.05111e-08
2994.979810397615 5 3.1874e-08
2995.765893914098 11 2.35289e-07
2995.777838109001 8 1.02356e-07
3001.279810211437 5 2.43351e-07
3001.565894153659 11 7.4251e-08
3001.577838210759 8 1.03269e-07
3015.365893814529 11 1.01912e-07
3016.177838029657 8 2.86469e-08
3020.379810213398 5 1.48925e-07
3024.36589394738 11 2.79305e-07
3024.377838344987 8 2.50968e-08
3035.765894131052 11 2.02478e-08
3042.979810247604 5 1.02906e-07
3046.177838038193 8 1.09788e-07
3046.215894006804 11 1.41533e-07
3047.707256788109 4 2.0175e-07
3050.720770760105 9 7.94705e-08
3053.507257214542 4 7.84478e-08
3053.577838368063 8 2.37009e-08
3053.61589402195 11 8.54657e-08
3056.520770404916 9 4.93903e-07
3059.307256862621 4 1.45987e-07
3059.415894123969 11 1.89116e-07
3060.177838290867 8 1.08125e-08
3062.824592766931 10 6.24392e-08
3064.377321135801 2 1.42356e-07
3071.642156884642 7 5.2679e-08
3072.417718593892 6 9.27328e-08
3074.820770955502 9 3.67895e-08
3077.292156801815 7 9.32856e-08
3079.667718479541 6 2.23069e-07
3084.542157025335 7 5.9071e-08
3085.317718790909 6 1.68499e-08
3091.617718545362 6 8.87142e-08
3091.64215673119 7 1.20158e-07
3097.417718680252 6 5.11755e-08
3097.442157091023 7 8.45335e-09
3103.21771852306 6 8.18085e-08
3103.242156797052 7 1.76791e-07
3110.870770794455 9 2.95857e-08
3112.217718615966 6 6.71127e-08
3113.042156811095 7 3.99313e-08
3116.520770769504 9 5.03691e-08
3118.017718846207 6 2.9475e-08
3119.642156983295 7 5.07963e-08
3123.770770645336 9 1.26307e-07
3127.67459282177 10 3.03787e-08
3128.374053144449 3 3.2183e-08
3133.227321134294 2 2.72114e-07
3136.524592700333 10 6.51809e-08
3138.877321431649 2 6.65526e-08
3139.474053047916 3 4.06361e-08
3142.174592605396 10 1.31984e-07
3145.327321297901 2 4.13305e-08
3147.674053159831 3 3.61245e-08
3147.824593103566 10 1.10298e-08
3150.977320991381 2 1.28506e-06
3154.124593040492 10 5.82868e-08
3156.627321295685 2 1.35505e-07
3161.107256983867 4 9.28189e-08
3167.529810399447 5 7.33679e-08
3184.377838290645 8 6.70295e-08
3184.507257222889 4 3.19609e-08
3190.957257046654 4 8.18053e-08
3193.22459297162 10 4.46278e-08
3195.727321119758 2 5.2011e-07
3201.274592869853 10 1.68461e-08
3201.377690355456 2 9.77678e-08
3203.657257112039 4 6.25381e-08
3209.457257279566 4 3.50799e-08
3218.070770676616 9 3.63572e-08
3220.467718637938 6 1.10366e-07
3220.492156922783 7 3.06135e-08
3225.427321149303 2 3.57001e-07
3227.874592779811 10 9.20004e-08
3234.277645342481 2 1.8095e-07
3235.124592785358 10 3.00198e-08
3238.174053018393 3 5.11527e-08
3242.374592680642 10 2.56361e-08
3243.927321224763 2 1.66095e-07
3245.574052925513 3 1.0042e-07
3248.024592826853 10 6.71304e-08
3249.577321331561 2 3.39845e-08
3253.357257089095 4 1.22423e-07
3255.924592901301 10 3.89105e-08
3257.477321176822 2 1.51335e-07
3261.574593113661 10 2.85943e-08
3262.207256965373 4 4.12745e-08
3265.527321048198 2 4.17994e-07
3267.224592667958 10 1.7813e-07
3271.177321172255 2 4.45359e-07
3272.692157204445 7 3.04709e-08
3274.324592803378 10 7.66169e-08
3276.657257098986 4 1.33797e-07
3279.077321280599 2 1.40414e-07
3281.574592640059 10 1.72025e-07
3288.02459272388 10 1.85335e-07
3291.927321115424 2 4.16471e-07
3293.674592554514 10 4.47239e-07
3294.77405322726 3 5.4116e-09
3297.507256998775 4 1.91448e-07
3302.815894289293 11 6.54755e-08
3302.827838414296 8 1.40113e-08
3303.157256947045 4 2.34636e-07
3307.974592738216 10 1.88025e-07
3310.377321423984 2 5.24265e-09
3313.624592917701 10 4.331e-08
3316.80725736564 4 2.83447e-08
3322.457256944732 4 1.32712e-07
3323.827838391413 8 1.92171e-08
3336.907256801252 4 4.85993e-07
3337.627838222026 8 7.15546e-08
3338.21589425649 11 2.44139e-08
3340.874592606141 10 4.52026e-08
3342.427321070986 2 3.2536e-07
3344.742157229571 7 3.73998e-08
3346.674592726532 10 3.29305e-08
3349.677321198626 2 4.90552e-08
3352.474592672178 10 7.84036e-08
3355.327321528314 2 2.06139e-08
3358.274592723743 10 7.46604e-08
3361.627321117476 2 2.48693e-07
3364.074592780728 10 9.1986e-08
3367.277321417321 2 5.87918e-08
3371.974592883687 10 4.16228e-08
3372.927321458818 2 3.91443e-08
3377.624593011825 10 4.56699e-08
3378.577320980155 2 1.60672e-06
3382.392157147812 7 2.76073e-08
3384.227321120691 2 3.2598e-07
3384.874592926849 10 4.35145e-08
3389.607256825586 4 2.87693e-07
3406.429810269021 5 6.44109e-08
3408.877838209302 8 4.24716e-08
3409.007256907606 4 2.39807e-08
3454.574053004383 3 2.45448e-08
3497.079810469074 5 2.35255e-08
3510.677838043315 8 8.13216e-08
3511.457256806045 4 2.73847e-07
3519.657256877872 4 1.16704e-07
3521.927838019922 8 2.21231e-07
3522.765894218133 11 3.99104e-08
3525.457256690083 4 1.35055e-06
3527.577838187707 8 4.81889e-08
3528.41589411441 11 2.14148e-08
3537.915894102836 11 4.35411e-08
3538.529810301891 5 6.53553e-08
3538.67783846075 8 5.69828e-09
3545.929810252051 5 2.9445e-08
3550.615893980866 11 6.28963e-08
3551.377838099011 8 4.4813e-08
3552.229810467299 5 2.51987e-08
3559.465893935242 11 2.27536e-07
3565.115894113839 11 9.19886e-08
3568.227838055559 8 8.7916e-08
3569.657256730054 4 1.29555e-06
3570.765894008717 11 4.15094e-08
3573.020770615223 9 8.92459e-08
3578.665894065155 11 1.36535e-08
3578.6778384539 8 1.62029e-08
3579.470770448257 9 4.79094e-07
3585.270770423002 9 3.73148e-07
3589.265894035266 11 6.04518e-08
3589.927886855908 8 8.29029e-08
3590.657257074618 4 8.67502e-08
3592.220770508012 9 1.75566e-07
3597.815893930678 11 6.89436e-08
3598.777838367099 8 3.36036e-08
3598.8572571189 4 6.00496e-08
3600.270770461488 9 2.37542e-07
3606.070770594686 9 1.583e-07
3611.870770645628 9 1.2607e-07
3617.670770594489 9 1.92497e-07
3618.515894184611 11 4.16595e-08
3623.320770557665 9 1.29033e-07
3624.165894013648 11 6.87753e-08
3628.970770639957 9 1.2105e-07
3633.96589414558 11 5.02784e-08
3634.770770960319 9 8.81347e-09
3635.05725697809 4 2.51355e-08
3635.777837895748 8 5.0298e-07
3637.979810176087 5 1.60617e-07
3648.265894107604 11 2.69043e-08
3648.929810456072 5 3.01508e-08
3654.729810393539 5 4.43247e-08
3655.515893825235 11 4.39788e-07
3655.97783779219 8 3.85549e-06
3656.857257261248 4 1.74144e-08
3660.379810300741 5 1.01603e-07
3664.215893956522 11 1.03674e-07
3664.977838490655 8 2.009e-08
3669.079810320364 5 1.3954e-07
3669.865894009705 11 5.93205e-08
3670.627837786038 8 1.93825e-06
3671.457256883523 4 3.27132e-07
3673.720770423227 9 1.08066e-07
3675.665893944074 11 3.34371e-08
3676.427838082106 8 4.72139e-08
3677.257256650762 4 2.84134e-06
3702.607257151272 4 8.29075e-08
3704.879810605582 5 2.13661e-08
3705.777838347436 8 4.55916e-08
3710.657256924908 4 4.25931e-08
3711.577838133672 8 8.67186e-08
3712.215893982975 11 9.80479e-08
3722.665893910231 11 1.64449e-07
3723.477838070901 8 4.81322e-08
3724.307257028282 4 2.71091e-08
3730.579810467409 5 3.04355e-08
3737.979810266574 5 4.26362e-08
3739.527838150599 8 6.39355e-08
3740.315894024698 11 2.00423e-08
3754.679810351387 5 3.11769e-08
3754.765894121941 11 1.04168e-07
3754.777838328489 8 3.19943e-08
3767.679810216275 5 6.80518e-08
3770.965893822841 11 8.3921e-08
3771.627838127607 8 7.28451e-08
3773.829810293616 5 1.20467e-07
3777.115893909445 11 2.58073e-07
3777.277838195671 8 4.99238e-08
3779.479809985159 5 2.35782e-06
3782.765893909018 11 1.56453e-07
3782.927838289657 8 3.92377e-08
3785.779810264327 5 1.41349e-07
3790.665894214908 11 3.18725e-08
3795.370770938623 9 1.07697e-08
3796.315893728178 11 1.52449e-06
3797.077838102536 8 1.73829e-07
3797.829810125992 5 1.24365e-07
3804.21589386663 11 2.91031e-07
3804.977838038249 8 1.44797e-07
3806.607257123637 4 4.72457e-08
3810.015894049653 11 7.82115e-08
3810.777838000751 8 3.44559e-07
3815.665893990737 11 2.04134e-07
3817.077838605218 8 2.53846e-08
3824.36589397426 11 1.2475e-07
3828.327838222763 8 4.31732e-08
3835.465893882515 11 3.02598e-07
3841.729810070748 5 7.68855e-07
3843.427838047411 8 9.81413e-08
3843.515893916117 11 4.04263e-08
3845.05725686165 4 2.00308e-07
3848.870770543591 9 1.78661e-07
3855.32077032599 9 8.45834e-07
3858.857256714434 4 1.46574e-06
3858.915894209112 11 2.83621e-08
3859.627838409765 8 2.10414e-08
3865.02405323903 3 2.06545e-08
3872.924053119435 3 3.02044e-08
3880.974052745883 3 1.587e-07
3884.12459268701 10 7.26222e-08
3886.624052611484 3 7.82718e-07
3892.17459257396 10 4.20819e-07
3892.274052848115 3 3.26397e-08
3898.074052663614 3 9.04428e-08
3898.624592907945 10 4.89293e-08
3903.874053177108 3 1.32008e-08
3905.457256878412 4 2.22513e-07
3906.315894329714 11 1.56587e-08
3907.028288479147 8 1.27466e-08
3912.857257338182 4 5.88493e-08
3927.307257017247 4 1.27277e-07
3929.724592724962 10 8.00962e-08
3930.474053207951 3 2.91306e-08
3932.957257242152 4 5.53776e-08
3935.327321182054 2 5.32143e-08
3935.374592604044 10 2.42529e-07
3938.442156909492 7 1.19183e-08
3941.127321456494 2 2.50156e-08
3941.174592607262 10 4.43808e-08
3947.40725694823 4 1.49019e-07
3949.627837861275 8 4.66696e-07
3949.715893865587 11 8.41872e-08
3951.179810578496 5 1.64212e-08
3957.915894007434 11 8.06269e-08
3966.42981048225 5 2.4823e-08
3971.715894022985 11 8.95055e-08
3971.777838053227 8 1.44124e-07
3972.079810368217 5 3.309e-08
3973.2072570195 4 1.36919e-07
3975.720770532293 9 2.19631e-07
3978.315893972834 11 1.3782e-07
3978.377838281015 8 4.45587e-08
3979.007257237876 4 5.11539e-08
3981.520770713794 9 6.27627e-08
3984.115894276326 11 3.30573e-08
3984.657256995655 4 1.81048e-07
3990.317718874831 6 2.91669e-08
3990.342156836982 7 6.65485e-08
3993.420770576745 9 1.28733e-07
3998.974593138637 10 9.1036e-09
4006.374592839227 10 8.03208e-08
4007.427321323783 2 8.99627e-08
4008.142156972443 7 7.89576e-08
4012.174592783938 10 3.63317e-08
4013.077321388291 2 6.12076e-08
4016.05725694887 4 9.41278e-08
4018.624592827546 10 6.68283e-08
4020.177321439454 2 1.47403e-07
4025.827321190044 2 1.07174e-07
4027.392157161836 7 6.87445e-09
4031.307256907342 4 2.83852e-07
4031.727838174595 8 1.31601e-07
4032.015893853541 11 1.44701e-07
4035.220770994333 9 2.9429e-08
4037.107256724651 4 3.07803e-07
4037.527838302564 8 2.69224e-08
4044.12459268385 10 5.65222e-08
4044.9273211338 2 8.2211e-08
4049.774592965045 10 2.16215e-08
4051.407256988549 4 6.07706e-08
4057.057257168083 4 9.88856e-08
4074.474053071733 3 2.93379e-08
4079.424592844215 10 2.04459e-08
4080.274052527633 3 5.64752e-07
4085.924053250346 3 2.78459e-08
4087.507256886284 4 3.95768e-08
4088.927838072334 8 1.07619e-07
4089.015893999505 11 1.18942e-07
4091.420770650618 9 4.89215e-08
4097.220770292725 9 1.1245e-06
4098.815894304807 11 3.07455e-08
4102.727838228704 8 2.43762e-08
4103.557256847174 4 1.21971e-07
4108.177321440708 2 4.11492e-08
4108.742157182499 7 2.41296e-08
4113.917718677183 6 3.75116e-08
4115.342156821106 7 2.5016e-07
4118.720770762536 9 2.46038e-08
4121.942156963397 7 5.27949e-08
4124.370770587578 9 1.50659e-07
4129.19215684651 7 1.07073e-07
4129.967718462298 6 2.18263e-07
4135.617718819078 6 2.67305e-08
4138.042156764274 7 1.0058e-07
4143.474592519556 10 7.94707e-07
4144.377321275315 2 8.1629e-08
4149.27459285555 10 4.82781e-08
4150.177321290616 2 9.83753e-08
4150.89215730204 7 1.5989e-08
4154.007256937119 4 1.14636e-07
4156.315894144743 11 6.55721e-08
4156.377838017007 8 5.13953e-08
4157.879810464318 5 3.28446e-08
4165.279810642648 5 3.66058e-08
4165.377838143735 8 4.3409e-08
4166.057256838305 4 1.25093e-07
4170.774053178598 3 2.58935e-08
4183.77405307375 3 3.8913e-08
4189.457257350236 4 2.43817e-08
4196.057257104708 4 5.91687e-08
4204.757256982672 4 2.1783e-07
4205.577838065347 8 1.07144e-07
4206.91589418432 11 6.51751e-08
4210.407256934718 4 1.96939e-07
4211.227838032722 8 5.94794e-08
4212.565893802123 11 4.79573e-07
4214.779810309814 5 5.94841e-08
4219.927838168463 8 4.41358e-08
4219.965894033294 11 7.70427e-08
4220.579810424082 5 5.48377e-08
4222.307256673494 4 2.74884e-06
4225.72783816428 8 1.56272e-07
4226.415893970536 11 1.3073e-07
4228.420770645608 9 2.48907e-08
4229.707256913707 4 2.99787e-08
4231.52783790918 8 2.23338e-07
4232.065894102089 11 2.59364e-08
4232.229810215726 5 1.61554e-07
4240.615894330735 11 1.75521e-08
4250.029810276257 5 5.2051e-08
4250.115894254984 11 2.59849e-08
4255.915894054456 11 1.05124e-07
4257.327838245262 8 2.80145e-08
4258.079810180926 5 1.74349e-07
4260.507257017485 4 9.53409e-08
4261.565893800595 11 1.93935e-07
4271.065894354066 11 3.88287e-08
4271.729810491 5 2.78196e-08
4290.965894377296 11 3.77136e-08
4299.015894218136 11 1.08075e-08
4306.179810154915 5 5.76528e-08
4310.177838403284 8 1.22595e-08
4310.265893947629 11 1.53289e-07
4311.757256942781 4 1.84818e-07
4314.879810551658 5 5.0194e-08
4325.479810285316 5 3.41479e-08
4327.177838266668 8 3.7003e-08
4327.915893897085 11 1.1094e-07
4332.580170557662 5 2.17554e-08
4337.565894355892 11 1.79224e-08
4347.029810255872 5 8.95116e-08
4347.065894147797 11 1.93445e-08
4347.077838318709 8 4.52853e-08
4351.007256785347 4 4.66043e-07
4352.877838249431 8 1.0118e-07
4362.407257139602 4 4.17158e-08
4369.807256902701 4 2.41235e-07
4375.724592443196 10 2.08002e-06
4376.477321328883 2 1.34954e-07
4381.374592991468 10 7.33895e-08
4382.127321137905 2 2.39665e-07
4387.927321543701 2 6.2764e-08
4389.424593101733 10 6.06336e-09
4390.807256691116 4 6.01474e-07
4392.065894068779 11 1.57105e-07
4392.127837988937 8 2.30709e-07
4404.524053241545 3 2.55763e-08
4412.327838240497 8 3.72322e-08
4412.607257210375 4 6.17376e-08
4419.124053205193 3 2.00865e-08
4426.374053038274 3 3.09096e-08
4430.257257038522 4 1.05637e-07
4430.927838487053 8 1.72943e-08
4460.707257099629 4 7.58819e-08
4462.92981035364 5 1.2002e-07
4466.327838095802 8 5.6557e-08
4466.35725727453 4 5.24982e-08
4468.729810271443 5 9.11535e-08
4474.527837909106 8 4.90536e-08
4474.865894028 11 1.41397e-07
4475.357256752054 4 4.37643e-07
4481.957257041318 4 8.68369e-08
4482.727838504822 8 2.38154e-08
4488.557257117273 4 7.00721e-08
4516.607257210641 4 1.66301e-08
4526.274053053631 3 2.11707e-08
4532.6572569985 4 1.71804e-07
4536.72405316455 3 3.37606e-08
4538.307256766866 4 9.94772e-07
4539.727838181578 8 5.25643e-08
4540.515894099658 11 5.50684e-08
4542.070770489966 9 4.01038e-07
4547.870770537446 9 1.46903e-07
4552.71589420636 11 3.47772e-08
4552.727838602245 8 6.38242e-09
4553.520770325902 9 7.26743e-07
4559.320770454903 9 2.45134e-07
4565.120770373739 9 1.32725e-06
4567.157256931685 4 1.81749e-07
4568.127838181795 8 5.90446e-08
4568.765893998774 11 1.40337e-07
4570.920770574241 9 1.51031e-07
4574.415894024239 11 7.44617e-08
4575.207257059362 4 7.79927e-08
4580.857256941913 4 2.49599e-07
4581.627838199647 8 7.53194e-08
4581.665893921963 11 1.99138e-07
4588.257257100244 4 5.00283e-08
4590.274592471577 10 2.27297e-06
4591.027321187001 2 6.24153e-08
4595.92459259436 10 4.3389e-07
4596.677321485531 2 4.14031e-08
4602.4773210782 2 2.71867e-07
4604.124592794159 10 8.46183e-08
4608.277321183236 2 1.22452e-07
4609.924593098518 10 1.34749e-08
4614.077321492749 2 4.94807e-08
4615.724592912939 10 7.91619e-08
4621.257256986469 4 1.11764e-07
4622.627838452343 8 4.0261e-08
4627.05725671529 4 1.61754e-06
4629.865894013277 11 2.1883e-08
4631.620770541828 9 1.25317e-07
4636.427838385923 8 4.45744e-08
4636.465894071918 11 7.54962e-08
4636.55725719377 4 3.75503e-08
4637.420770453002 9 1.42626e-07
4643.220770454149 9 9.72786e-08
4644.6658942371 11 1.94867e-08
4648.870770429894 9 1.76945e-07
4653.51589389516 11 7.39116e-08
4654.207256918185 4 1.709e-07
4654.227838036364 8 1.06885e-07
4660.007257290882 4 4.42221e-08
4661.374592564853 10 4.13328e-07
4662.127321455528 2 2.80251e-08
4689.507256815238 4 2.83624e-07
4695.307256645131 4 2.2699e-06
4695.877838061633 8 7.04815e-08
4696.615893896693 11 1.70042e-07
4698.079810186936 5 2.79411e-07
4700.957257039501 4 4.31921e-08
4702.870770457551 9 2.85211e-07
4705.615893925567 11 1.67669e-08
4706.477838103657 8 3.4439e-08
4707.407256636055 4 6.01145e-06
4711.174592672612 10 9.07982e-08
4712.72732114474 2 2.18786e-07
4714.142156958696 7 3.68495e-08
4716.97459268116 10 6.97302e-08
4718.377321517629 2 3.30905e-08
4722.867718591621 6 1.9743e-07
4722.992156998691 7 5.53098e-08
4728.642156848299 7 9.96879e-08
4729.317718653173 6 6.32099e-08
4732.520770791518 9 4.69349e-08
4734.292156814 7 3.24764e-08
4734.967718699918 6 1.75548e-07
4742.020770505415 9 1.08833e-07
4744.467718789806 6 4.63958e-08
4747.670770702049 9 4.99664e-08
4751.642156634282 7 3.65269e-07
4751.717718671087 6 7.94766e-08
4758.8072569082 4 2.07785e-07
4759.615893917239 11 1.36539e-07
4760.277838044984 8 9.15264e-08
4762.32077057385 9 1.12555e-07
4767.970770465678 9 1.0815e-07
4770.06589388129 11 1.0149e-07
4770.877838535218 8 1.16256e-08
4773.620770701349 9 1.2016e-08
4779.270770596512 9 1.52955e-08
4780.515894233929 11 2.8677e-08
4785.070770250462 9 6.74187e-07
4788.565893935603 11 7.98217e-08
4789.327838129893 8 1.82202e-07
4790.057256703142 4 1.25233e-06
4795.777838310003 8 4.43291e-08
4795.857256959945 4 1.61403e-07
4796.615894048082 11 6.45085e-08
4801.657256781258 4 8.49262e-07
4802.377838399858 8 1.0633e-08
4805.174592523013 10 8.06952e-07
4806.777321068256 2 4.69355e-07
4810.974592599961 10 1.35928e-07
4813.857256851442 4 1.98958e-07
4816.015894103161 11 7.39355e-08
4817.627838171652 8 8.00107e-08
4819.657257297923 4 4.27228e-08
4832.65725700695 4 1.55614e-07
4833.527838403316 8 6.90782e-09
4835.929810379583 5 6.45323e-08
4842.224052995306 3 5.31422e-08
4850.274052916142 3 2.278e-08
4867.97981026238 5 1.71504e-07
4869.577838016493 8 6.637e-08
4870.307256960981 4 1.02703e-07
4870.315894137278 11 3.25007e-08
4873.62981072753 5 1.08215e-08
4875.227838151139 8 5.31689e-08
4876.107256796595 4 2.13776e-07
4876.115894125361 11 3.50395e-08
4892.579810444257 5 4.73236e-08
4893.377838027557 8 2.58489e-07
4893.907256767511 4 4.61457e-07
4894.565894309125 11 2.96487e-08
4897.424592664726 10 1.04439e-07
4902.907257029497 4 5.87449e-08
4908.707256965782 4 1.72093e-07
4915.777321010399 2 1.16874e-06
4917.474592632697 10 2.95229e-07
4921.557256781995 4 2.36499e-07
4923.027838219099 8 5.84327e-08
4927.207256799264 4 5.76965e-07
4927.915893982453 11 2.16778e-07
4928.677838241684 8 5.03246e-08
4931.924592732771 10 1.06954e-07
4934.227321100281 2 6.36575e-08
4938.307257217088 4 4.32566e-08
4939.824592664341 10 6.85588e-08
4941.4773217282 2 8.10401e-09
4948.024592711724 10 1.20342e-07
4948.077321221751 2 3.00666e-07
4956.624053027205 3 2.24089e-08
4959.424592664392 10 2.18106e-07
4959.477321167502 2 3.47392e-08
4963.042157242294 7 4.63734e-08
4965.224592865759 10 4.08887e-08
4965.277320923488 2 5.77694e-06
4975.024593131948 10 2.2614e-08
4976.7572572379 4 1.93973e-08
4978.424052745062 3 1.39707e-07
4980.824592928796 10 8.12947e-08
4984.074052893868 3 1.95079e-08
4991.207257077621 4 3.85022e-08
4992.727838439372 8 1.04839e-08
4999.029810545911 5 2.54878e-08
5003.257257235234 4 1.90811e-08
5005.574053017219 3 5.0841e-08
5020.974053109162 3 3.98957e-08
5026.62405266368 3 1.63061e-07
5027.274592769645 10 1.37214e-07
5032.274052848509 3 1.94681e-08
5038.507257133175 4 8.271e-08
5045.629810384361 5 5.69117e-08
5053.8298102991 5 5.65677e-08
5059.327838294543 8 2.93377e-08
5059.357256712476 4 6.60295e-07
5061.565894040568 11 5.87848e-08
5065.157257217256 4 2.3906e-08
5065.724592763042 10 7.09633e-08
5067.277321219242 2 1.82866e-07
5071.524593037482 10 2.34588e-08
5073.077321138507 2 3.44891e-07
5077.05725698352 4 6.02969e-08
5078.565894116135 11 5.28486e-08
5079.420770538939 9 1.35993e-07
5085.220770430184 9 4.06273e-07
5087.507256904015 4 1.35796e-07
5087.565893897708 11 1.98279e-07
5088.027837923561 8 2.16199e-07
5093.307256813046 4 2.15974e-07
5094.627838189858 8 5.75413e-08
5100.224053021245 3 3.21681e-08
5114.079810159081 5 1.99942e-07
5170.824053161604 3 2.2563e-08
5172.407257186507 4 6.07285e-08
5179.627838085202 8 6.51378e-09
5179.657256923034 4 1.68397e-07
5180.415894046564 11 7.49239e-08
5184.224592707273 10 9.65139e-08
5185.777321350257 2 4.6488e-08
5189.874592647326 10 1.29418e-07
5191.42732129434 2 9.08026e-08
5195.674592931086 10 1.042e-07
5196.657257258088 4 3.35404e-08
5200.12732098179 2 1.52517e-06
5201.474592636747 10 1.45415e-07
5203.124052905771 3 8.87312e-08
5207.227321088456 2 2.68932e-07
5207.274592696778 10 1.896e-07
5213.027321323141 2 5.22697e-08
5215.974592629461 10 1.36917e-07
5218.677321264161 2 5.8688e-08
5221.624593097815 10 3.16788e-08
5224.477321165558 2 6.68963e-08
5230.277321407854 2 3.33396e-08
5232.042156923492 7 1.01855e-07
5234.324592719852 10 8.61844e-08
5235.927321489531 2 4.84166e-08
5241.574592595408 10 2.40126e-07
5241.577321183158 2 2.58617e-07
5245.507256979613 4 2.26879e-07
5249.774592721894 10 5.84905e-08
5252.757256875431 4 2.20326e-07
5255.827838025361 8 1.17056e-07
5256.61589426815 11 1.66231e-08
5260.929810586286 5 5.42867e-08
5261.627838140944 8 6.06578e-08
5262.557256703984 4 1.70494e-06
5263.215894149358 11 1.62933e-08
5270.607257196036 4 9.74433e-08
5275.427838297949 8 2.274e-08
5276.215894137602 11 3.15331e-08
5276.257256778913 4 5.61682e-07
5282.057257025797 4 5.14337e-08
5292.824052821594 3 9.86967e-08
5293.674592590204 10 1.26413e-07
5297.807256968915 4 8.6822e-08
5300.127838095258 8 3.14929e-08
5300.829810621785 5 1.50202e-08
5315.307257087994 4 1.16913e-07
5321.107257021557 4 1.20594e-07
5322.577838493381 8 1.67069e-08
5332.207257154077 4 1.36264e-07
5334.474052821059 3 5.54664e-08
5342.524052779113 3 1.47987e-07
5343.324592890471 10 2.37248e-08
5348.174052766641 3 9.36738e-08
5348.974592942274 10 4.8065e-08
5353.824052699715 3 1.15371e-07
5359.474052729773 3 3.14516e-08
5362.507257240018 4 6.77673e-08
5380.957257165894 4 9.82437e-08
5388.87783798319 8 9.24453e-08
5389.807256685515 4 2.45328e-06
5390.515894205282 11 4.4459e-08
5396.257257008999 4 2.23688e-07
5397.727838131381 8 9.26659e-08
5398.530728573465 5 3.00212e-08
5403.224052602896 3 5.54823e-07
5407.274592677 10 2.1063e-07
5409.024052628119 3 4.54992e-07
5412.957257097222 4 5.6546e-08
5415.377838129661 8 1.43787e-07
5416.965894378888 11 6.5765e-09
5421.00725704405 4 1.07862e-07
5421.027838185863 8 2.18129e-08
5425.015894327958 11 2.01668e-08
5427.607257306909 4 1.66818e-08
5434.524592876811 10 2.03883e-08
5440.324592727528 10 1.32893e-07
5444.120770552638 9 2.26643e-07
5447.14215679245 7 1.65684e-07
5447.167718412005 6 1.76645e-07
5452.320770560261 9 9.26748e-08
5456.142156940633 7 7.39081e-08
5456.967718984989 6 1.89605e-08
5458.770770704324 9 7.37634e-08
5461.942156826985 7 7.46716e-08
5462.767718552223 6 6.83927e-08
5467.592157046544 7 4.51429e-08
5470.017718708967 6 7.60125e-08
5473.242157103136 7 3.88848e-08
5475.667718500324 6 3.40409e-07
5480.420770740544 9 3.90742e-08
5486.774592893742 10 9.19197e-09
5487.577321386482 2 2.30592e-08
5493.142156899551 7 4.25167e-08
5493.167718478088 6 2.60921e-07
5498.720770762891 9 6.45568e-08
5501.342156763967 7 9.34191e-08
5502.827321595668 2 2.46524e-08
5503.617718877732 6 2.37027e-08
5506.992157035145 7 2.6627e-08
5509.267718523935 6 2.11042e-07
5512.642156732089 7 1.2417e-07
5515.717718683754 6 5.43047e-08
5518.292157036656 7 8.27306e-08
5521.367718256678 6 1.12037e-05
5523.942156645128 7 8.58459e-07
5527.667718741166 6 1.27996e-08
5533.317718433182 6 5.54814e-07
5534.092156642677 7 1.38882e-07
5538.967718755851 6 4.38724e-08
5539.742156982127 7 3.30855e-08
5547.507256993654 4 6.4127e-08
5548.277838287157 8 5.33694e-08
5549.065894228509 11 1.74587e-08
5549.970770429159 9 4.23116e-07
5553.307256922857 4 2.13294e-07
5557.92405273269 3 1.86667e-07
5560.557257369077 4 3.70282e-08
5574.207256950361 4 1.19032e-07
5576.42459261632 10 1.81079e-07
5577.277321158011 2 8.87119e-08
5582.224592852746 10 3.58542e-08
5583.077321249067 2 6.98713e-08
5587.874592892664 10 3.47454e-08
5588.727321161949 2 2.37498e-07
5594.174592876653 10 8.02896e-08
5594.377321004779 2 5.04531e-07
5601.274592871782 10 6.98756e-08
5607.724592683127 10 1.70687e-07
5607.727321156849 2 2.64141e-07
5613.524592718507 10 1.19556e-07
5615.707257135419 4 5.49509e-08
5623.757257003749 4 1.31628e-07
5626.224592737209 10 7.66846e-08
5626.977321079164 2 1.35609e-07
5630.042156926098 7 2.76271e-08
5632.627321066573 2 2.62473e-07
5632.674592787422 10 2.05603e-07
5636.45725687309 4 2.46004e-07
5637.265894005271 11 1.04772e-07
5637.277838094457 8 4.83335e-08
5639.479810224923 5 9.12529e-08
5645.279810423533 5 2.58726e-08
5648.665894213352 11 2.87415e-08
5648.677838310907 8 5.45255e-08
5651.079810135711 5 2.84295e-07
5654.46589366681 11 3.00859e-06
5654.47783799102 8 1.60745e-07
5656.729810525576 5 3.62056e-08
5658.907256866233 4 5.14772e-07
5661.877838097885 8 1.25623e-07
5666.007256696429 4 7.64213e-07
5667.677838498287 8 1.66225e-08
5670.515894207842 11 5.32477e-08
5671.807257070031 4 3.33813e-08
5688.377838248538 8 4.22966e-08
5696.074052704126 3 1.01109e-07
5696.874593170646 10 2.16531e-08
5702.127321301957 2 1.22444e-07
5702.674592582836 10 3.22306e-07
5710.07459275097 10 2.69615e-07
5710.177321142649 2 1.45233e-07
5712.474053019508 3 4.1176e-08
5715.827321443897 2 5.68814e-08
5715.874592533272 10 3.71088e-07
5724.827321553076 2 3.69975e-08
5725.524592991198 10 2.61033e-08
5728.524053172175 3 1.84887e-08
5731.707256732563 4 4.01475e-07
5732.427838269907 8 8.39599e-08
5736.124592620088 10 1.23009e-07
5737.224053105668 3 3.03277e-08
5738.177321284806 2 1.30092e-07
5743.757256800618 4 4.2949e-07
5743.827838177929 8 5.06526e-08
5744.315893890052 11 2.03229e-07
5746.279810404139 5 1.82235e-08
5750.115893991306 11 1.74379e-07
5750.42783827176 8 4.28366e-08
5751.929810687488 5 2.76488e-08
5757.515893847726 11 3.08332e-07
5758.327838027122 8 5.81953e-08
5759.179810157684 5 2.27743e-07
5767.965893776107 11 2.65307e-07
5768.777838061277 8 1.66544e-07
5769.629810115845 5 1.49814e-07
5772.757257200102 4 8.27845e-08
5773.615893909522 11 1.24729e-07
5775.929810460907 5 1.14521e-08
5781.477838220618 8 4.90227e-08
5781.729810130983 5 6.65402e-07
5783.265893887334 11 1.69565e-07
5784.007256861204 4 6.20813e-07
5792.679810243186 5 1.08672e-07
5794.327838216372 8 3.30105e-08
5795.16589395635 11 1.02011e-07
5798.32981034562 5 4.72189e-08
5806.415894155177 11 6.62637e-08
5810.379810384293 5 8.08091e-08
5812.065894085862 11 1.203e-07
5817.629810210383 5 1.9036e-07
5822.365894063058 11 6.82158e-08
5823.279810094369 5 4.04611e-07
5828.015894255836 11 2.79222e-08
5831.177838086177 8 7.35451e-08
5831.179810411514 5 5.73756e-08
5832.707257309492 4 4.29486e-08
5833.665894072267 11 7.68343e-08
5837.627838076741 8 1.05388e-07
5839.307256631054 4 2.21916e-06
5839.465894241344 11 1.88749e-08
5843.074592755404 10 2.05986e-07
5843.827321159756 2 9.38989e-08
5848.307257005701 4 8.67427e-08
5852.72459289221 10 7.12569e-08
5854.907256673323 4 3.01203e-06
5855.627838084712 8 4.23635e-08
5856.465894001175 11 8.15296e-08
5857.979810161637 5 8.85836e-08
5860.707256646396 4 3.02136e-06
5861.277838298612 8 3.91652e-08
5863.865894026074 11 8.02412e-08
5866.357256647707 4 3.23123e-06
5867.077838416986 8 1.91576e-08
5870.927321417392 2 4.50677e-08
5871.02459260363 10 3.45266e-07
5876.492157162391 7 2.21174e-08
5876.727321043438 2 7.21112e-07
5878.424592658649 10 2.028e-07
5884.224592935457 10 8.46068e-09
5886.557257116213 4 3.19342e-08
5891.277838057529 8 5.18529e-08
5892.065894119347 11 9.10133e-08
5892.357257284676 4 2.28932e-08
5892.679810325245 5 8.56852e-08
5900.557257199712 4 3.95911e-08
5900.777838200426 8 6.69712e-08
5901.529810272095 5 1.38471e-07
5906.357257230125 4 3.38104e-08
5936.807256868559 4 1.44828e-07
5937.627838410424 8 1.32628e-08
5940.815894101548 11 1.29874e-08
5942.607256896112 4 1.09689e-07
5944.774593046674 10 2.08246e-08
5947.415893948431 11 8.44095e-08
5948.227837933606 8 2.77473e-07
5948.407256796538 4 1.28842e-07
5952.627321245771 2 1.83983e-07
5952.674592766614 10 5.0237e-08
5956.542157081306 7 1.63619e-08
5958.427320953684 2 9.67727e-07
5964.5745928957 10 3.48015e-08
5964.577321427279 2 5.97309e-08
5970.374592883045 10 3.78358e-08
5970.377320895639 2 4.94076e-06
5972.592157000371 7 1.58437e-08
5976.174592492346 10 5.33464e-07
5976.177321313807 2 1.11551e-07
5981.974593105609 10 1.89181e-08
5981.977321402275 2 3.26273e-08
5988.607256888508 4 2.19179e-07
6012.379810558014 5 1.51159e-08
6018.027838361818 8 1.4821e-08
6032.627838424264 8 3.30825e-08
6039.85725694694 4 3.23571e-08
6056.57981040204 5 2.06208e-08
6076.574052961337 3 6.08077e-08
6076.575052053713 10 1.45223e-08
6084.057256812924 4 2.09518e-07
6084.677838216591 8 4.90322e-08
6087.974592651064 10 5.22556e-08
6090.17732116978 2 9.86527e-08
6093.62459281294 10 9.32576e-08
6095.977321242361 2 8.47343e-08
6101.674592859377 10 8.61765e-08
6101.777321125939 2 1.62425e-07
6107.47459290061 10 7.04063e-08
6107.577320963031 2 1.27457e-06
6115.224052886824 3 6.83212e-08
6116.474592878436 10 7.91689e-08
6127.124052960635 3 1.87287e-08
6127.874592699759 10 5.87516e-08
6128.577321291518 2 2.51292e-08
6138.357257019672 4 1.33553e-07
6138.365893961314 11 1.48157e-07
6138.477838206204 8 3.30498e-08
6141.92981029472 5 1.29206e-08
6145.757256847959 4 2.62735e-07
6145.877838150755 8 5.10546e-08
6151.527838004078 8 3.23088e-07
6151.557257101543 4 9.49402e-08
6152.015894171784 11 6.95847e-08
6152.879810643572 5 2.26024e-08
6157.357256635115 4 7.72318e-06
6157.977838117262 8 8.05804e-08
6163.957256900972 4 1.3732e-07
6165.665894109652 11 7.15992e-08
6165.727837972546 8 1.69953e-07
6166.529810614796 5 8.84206e-09
6169.607256953137 4 1.00523e-07
6174.3773212969 2 1.84488e-07
6177.807257079626 4 1.07051e-07
6194.729810700571 5 3.97127e-08
6198.72783833538 8 3.97047e-08
6199.607257003281 4 7.39566e-08
6206.927838107155 8 1.18721e-07
6207.007256863157 4 1.65814e-07
6212.727838471823 8 2.56119e-08
6212.807256914817 4 2.56023e-07
6217.065894229764 11 3.20231e-08
6218.607256864839 4 1.36641e-07
6225.374593026569 10 2.396e-08
6226.927321176674 2 5.62124e-08
6231.6740532062 3 4.09205e-08
6231.674733791787 10 1.70177e-07
6232.577321020332 2 5.46178e-07
6237.474592795839 10 7.87494e-08
6240.407256920122 4 1.03139e-07
6241.265894051827 11 7.4167e-08
6241.427838069412 8 9.12984e-08
6246.207257116537 4 5.00948e-08
6271.829810138161 5 2.03955e-07
6273.477838161217 8 5.01516e-08
6288.657256870414 4 2.20379e-07
6290.265894002188 11 1.59802e-07
6291.127838377449 8 2.06238e-08
6291.820770712573 9 3.19602e-08
6294.307256794207 4 1.54275e-07
6300.107257101533 4 6.80267e-08
6303.124593012807 10 4.57779e-08
6308.477321373312 2 1.25324e-07
6312.157256991323 4 1.23716e-07
6314.465894077598 11 9.81109e-08
6315.220770661573 9 5.03641e-08
6320.127837960516 8 3.02394e-07
6320.207256908082 4 2.09966e-07
6320.265893850652 11 2.44627e-07
6322.620770439887 9 1.86362e-07
6328.4207705529 9 1.00114e-07
6334.070770607664 9 1.14054e-07
6339.720770432149 9 9.07666e-08
6345.370770219073 9 3.32662e-05
6348.407256895592 4 1.08861e-07
6349.127838153994 8 2.15187e-08
6349.265894117163 11 7.3699e-08
6354.207256824867 4 3.38129e-07
6375.207257161715 4 8.43983e-08
6377.67405253663 3 7.3024e-07
6378.374592963326 10 3.47978e-08
6407.757256883258 4 1.36312e-07
6431.824052785854 3 4.84311e-08
6436.674592917311 10 6.38366e-08
6437.474052677103 3 2.46442e-07
6443.124052696016 3 1.78535e-07
6443.774605006585 10 1.72904e-07
6448.774053067811 3 4.18761e-08
6450.207256980621 4 2.00257e-07
6454.927838232321 8 9.10477e-08
6455.857256984296 4 8.85978e-08
6459.824592684798 10 5.56695e-08
6460.524053115467 3 1.22244e-08
6462.157256988637 4 2.16533e-07
6466.924593260675 10 4.78887e-09
6467.807256790838 4 4.94423e-07
6471.774053000381 3 2.21001e-08
6472.574651188566 10 4.70844e-07
6476.527321233012 2 7.19764e-08
6478.224592807487 10 7.30834e-08
6483.874592727372 10 7.54298e-08
6484.577321146181 2 2.09788e-07
6488.624052865453 3 1.33876e-07
6491.92459271248 10 2.10897e-07
6493.42732106349 2 3.70478e-07
6497.574593132153 10 2.69478e-08
6498.257256901152 4 1.43826e-07
6510.124052655259 3 2.53106e-07
6511.724592643356 10 2.06522e-07
6515.774052694678 3 7.0923e-08
6517.374592850543 10 5.48674e-08
6521.424052843547 3 8.02515e-08
6526.157256865301 4 2.61063e-07
6526.177838076919 8 8.20511e-08
6530.22459278333 10 3.93821e-08
6532.757256930193 4 2.0885e-07
6546.87783848846 8 9.88387e-09
6557.307257175273 4 5.97354e-08
6558.924052815024 3 1.09385e-07
6559.724592793869 10 4.96104e-08
6564.574052818728 3 9.87887e-08
6570.224052613469 3 7.20918e-07
6570.974593043443 10 3.14038e-08
6575.874052901322 3 6.40662e-08
6576.624592599837 10 2.13172e-07
6581.524052710017 3 3.47734e-07
6584.557256994591 4 1.11812e-07
6586.127837920752 8 7.14544e-07
6586.915894212709 11 8.53902e-08
6587.629810155595 5 6.11482e-08
6601.424052871142 3 3.59629e-08
6604.524592726233 10 1.53033e-07
6607.074052955059 3 4.05295e-08
6620.577838505059 8 3.77885e-08
6621.429810714278 5 3.37694e-08
6634.279810287241 5 5.52636e-08
6635.027838052001 8 9.8308e-08
6636.565894160636 11 7.87004e-08
6636.607256945587 4 2.71823e-07
6644.807257308461 4 3.2923e-08
6656.857257022583 4 1.609e-07
6658.27783827415 8 4.35916e-08
6658.365894322855 11 1.7927e-08
6662.507257095752 4 5.21679e-08
6670.557256940498 4 3.10664e-07
6680.46771850187 6 2.66119e-07
6682.092156834526 7 1.33629e-07
6688.667718514013 6 1.03554e-07
6688.692156779699 7 5.27007e-08
6693.770770732941 9 7.24152e-08
6696.867718840102 6 5.49934e-08
6702.620770879296 9 3.58097e-09
6704.117718588016 6 6.73069e-08
6707.792156883017 7 3.4847e-08
6710.6707708466 9 3.19612e-08
6712.817718665106 6 7.13921e-08
6714.092157029866 7 2.23382e-08
6718.617718703436 6 2.23518e-08
6720.47077076779 9 7.49362e-08
6722.942157190278 7 3.08079e-08
6725.217718747521 6 7.67701e-08
6728.592156673083 7 1.60628e-07
6731.017718389383 6 5.42683e-07
6735.842156732216 7 1.65571e-07
6736.667718533861 6 1.56991e-07
6741.642157259409 7 2.15194e-08
6745.367718880486 6 7.31223e-08
6751.407257166056 4 1.53311e-08
6772.029810199688 5 2.36021e-07
6773.677838100257 8 7.04081e-08
6774.807256916684 4 1.4425e-07
6774.9158942343 11 9.54306e-09
6783.774052836998 3 5.8612e-08
6787.774592729518 10 7.5318e-08
6789.574052639043 3 2.69658e-07
6793.424593037454 10 3.64601e-08
6795.224052575721 3 2.05433e-07
6800.874052758193 3 1.30528e-07
6803.874592663479 10 2.36177e-07
6806.52405280035 3 1.14644e-07
6812.174052503938 3 3.41611e-06
6818.974053152326 3 1.47298e-08
6830.179810438068 5 6.29257e-08
6831.027838333895 8 8.89146e-09
6838.229810391003 5 6.28645e-08
6890.207256925703 4 1.74049e-07
6891.877838639381 8 1.61367e-08
6897.392156775656 7 1.38239e-07
6898.217718492126 6 3.05735e-07
6903.042156902861 7 2.97574e-08
6903.867718394345 6 4.8557e-07
6907.720770715167 9 8.91317e-08
6911.09215686189 7 2.88777e-08
6911.117718834735 6 6.14238e-08
6918.174592536248 10 3.43947e-07
6919.727321023498 2 1.07835e-07
6924.657256902556 4 1.2794e-07
6925.365894011431 11 9.99667e-08
6925.527838220534 8 6.40173e-08
6927.92077060033 9 8.24916e-08
6933.720770551578 9 6.18911e-08
6936.765894049109 11 1.61151e-07
6937.657256878283 4 1.63751e-07
6937.727838248039 8 4.11296e-08
6940.170770537189 9 9.96763e-08
6942.565894134368 11 3.15341e-08
6943.457256824299 4 2.04874e-07
6945.927838059081 8 2.35258e-07
6956.82405322802 3 2.11919e-08
6960.307257086959 4 9.30813e-08
6968.874053044457 3 4.4477e-09
6984.357257118607 4 4.00556e-08
6984.377838461831 8 2.19946e-08
6993.717718820524 6 3.77592e-08
6995.942156905561 7 2.36576e-08
7002.417718797747 6 9.30435e-08
7007.992156843606 7 1.25119e-07
7008.067718467551 6 1.02661e-07
7013.867718772584 6 6.87382e-08
7015.920770502702 9 2.11654e-07
7020.727321274598 2 8.09021e-08
7020.774592810027 10 2.12201e-08
7026.374052965119 3 5.19859e-08
7026.574592916523 10 5.4565e-08
7028.127321317865 2 9.72432e-08
7032.224592685445 10 8.47696e-08
7037.627321380552 2 5.77681e-08
7038.024592898486 10 3.88578e-08
7040.557256903046 4 1.50173e-07
7042.177837933263 8 1.70102e-07
7042.315893926753 11 1.92632e-07
7046.357256973133 4 1.93168e-07
7048.777838171966 8 7.35193e-08
7048.915894343554 11 1.27513e-08
7052.579810500192 5 3.2985e-08
7058.407257192841 4 2.14912e-08
7059.824592533872 10 7.09099e-07
7064.877321234075 2 1.70844e-07
7065.624592721986 10 1.82924e-07
7070.527321019212 2 7.80969e-07
7073.824592917617 10 3.16606e-08
7076.177321159836 2 8.49471e-08
7079.474592808466 10 3.11623e-08
7080.124052915269 3 3.75741e-08
7082.627321348389 2 7.97857e-08
7085.124592791259 10 1.09938e-07
7088.277321348752 2 5.00737e-08
7088.842157069925 7 3.07604e-08
7093.007256798369 4 3.46747e-07
7094.577838160062 8 7.00187e-08
7098.65725683793 4 1.12351e-07
7101.827838089737 8 5.48475e-08
7102.565894284921 11 1.61014e-08
7108.307257139428 4 5.57609e-08
7110.779810530577 5 2.53125e-08
7111.627838125877 8 3.60649e-08
7126.679810415732 5 3.50055e-08
7133.807256940301 4 4.57947e-08
7137.815893969023 11 1.00311e-07
7138.570770647299 9 6.11167e-08
7144.220770575004 9 1.33298e-07
7146.665893889179 11 7.90555e-08
7147.377838065086 8 8.77811e-08
7147.457256897416 4 1.29647e-07
7151.429810091491 5 4.94224e-08
7157.11589410431 11 6.38292e-08
7158.029810079696 5 6.18936e-07
7158.777838085829 8 5.15519e-08
7162.765893935015 11 1.0224e-07
7163.67981063744 5 1.3909e-08
7164.427838311517 8 1.29277e-08
7168.415893995522 11 3.62167e-08
7169.329810189166 5 1.68728e-07
7174.979810275047 5 4.27724e-08
7175.515893848279 11 1.7577e-07
7175.52783811067 8 4.36376e-08
7182.079810041073 5 7.58818e-07
7183.715893857218 11 5.33948e-08
7183.727837860253 8 6.47665e-07
7184.307257110338 4 7.07006e-08
7189.029810291391 5 6.71586e-08
7191.115893959508 11 4.98848e-08
7191.127838172163 8 3.26971e-08
7193.957256872607 4 2.70733e-07
