5.648277383465 10 9.86354e-08
6.687380998472 9 2.10572e-07
11.448277704699 10 2.30263e-08
12.337380994944 9 1.9024e-07
14.395675569661 6 1.60249e-07
14.444454540527 3 7.1226e-08
18.548277539761 10 1.49751e-07
20.195675949637 6 2.46807e-08
21.844454281185 3 6.17285e-07
24.198277689532 10 5.85116e-08
25.037380891221 9 3.00727e-07
27.365673857929 4 2.91646e-08
34.636877844248 11 3.72924e-08
40.287380946465 9 5.94871e-07
42.645675673135 6 6.71322e-08
42.694454537345 3 1.39604e-07
46.498277304508 10 2.0521e-07
48.33738100632 9 1.65269e-07
52.298277102174 10 1.50181e-06
54.137380959799 9 1.00782e-07
58.098277100721 10 1.78992e-06
60.587381173401 9 4.4719e-08
63.748277534513 10 1.55907e-07
68.48738107873 9 1.09867e-07
70.76567393969 4 2.15229e-08
78.137380813572 9 2.10796e-07
78.96567364545 4 9.5153e-08
85.265673795121 4 1.46318e-08
86.037380780383 9 1.18193e-06
88.448277477302 10 2.03525e-07
91.687381257138 9 6.12645e-08
92.365674050907 4 1.9499e-08
99.737380923896 9 2.98455e-07
102.165673607742 4 1.43451e-07
106.556430468737 2 5.63672e-08
124.056430277142 2 9.33856e-08
124.080502495618 8 8.98624e-08
140.280502690527 8 7.1909e-08
149.28050299511 8 4.70203e-09
158.280502664232 8 1.04336e-07
163.930502414995 8 4.25698e-07
164.606430311883 2 1.28241e-07
178.380502544032 8 3.19859e-07
178.406430344626 2 8.7866e-08
184.20643027811 2 2.36087e-08
185.480502724526 8 3.48931e-08
190.006430181175 2 7.86842e-08
191.130502570348 8 1.45509e-07
196.615673918175 4 4.29436e-08
200.622242632417 5 6.37805e-08
214.155359976953 7 6.40513e-08
215.872242641152 5 1.05707e-08
223.006430628528 2 2.16083e-08
224.665673680725 4 9.86553e-08
226.172242470486 5 1.24978e-07
229.255359698264 7 5.77129e-07
235.055360009241 7 6.32118e-08
235.172242763199 5 3.77383e-08
240.822242541286 5 8.18364e-08
241.365673737571 4 5.25537e-08
245.205359926461 7 1.45774e-07
247.122242417489 5 3.27214e-07
251.005359853348 7 7.67876e-08
255.822242604297 5 1.60753e-07
259.015673749605 4 8.79013e-08
261.472242658969 5 9.08706e-08
266.455359872441 7 6.51682e-08
270.322242704916 5 5.58169e-08
272.105360100214 7 6.02695e-08
278.256430504459 2 7.07368e-08
280.622243081292 5 1.15152e-08
286.255360107453 7 9.97222e-08
286.272242481205 5 2.47403e-07
291.865673615658 4 9.38233e-08
292.072243002448 5 2.14436e-08
299.830502392469 8 9.83424e-07
299.906429946835 2 1.55371e-06
305.630502940559 8 3.48144e-08
305.706430282265 2 8.84075e-08
310.16567371738 4 3.80749e-08
310.187380789469 9 9.13659e-07
316.787380961699 9 2.08997e-07
320.498277646617 10 6.89664e-08
322.587380910637 9 1.21127e-07
328.3873812157 9 3.117e-08
328.54827738952 10 5.93519e-08
334.998277307504 10 2.75136e-07
337.245675940618 6 3.85834e-08
338.187380914396 9 1.86896e-07
340.31567356058 4 1.62822e-07
343.837380799395 9 4.53902e-07
347.715673496812 4 1.49983e-07
349.487380672954 9 1.20761e-06
353.365673640639 4 1.67105e-07
355.287381073777 9 1.17316e-07
361.087381032397 9 1.85314e-07
361.265673602213 4 2.23184e-07
366.706430104199 2 1.4983e-07
367.430502543242 8 1.4779e-07
371.715673751769 4 3.84402e-08
372.487381286229 9 1.84046e-08
377.365673899985 4 4.90912e-08
381.922242364247 5 5.84787e-07
383.815673808875 4 2.18035e-08
396.522242827879 5 2.03882e-08
400.505360131827 7 5.23593e-08
405.315673980713 4 2.49518e-08
407.737380881265 9 4.1583e-07
413.387381059716 9 1.14896e-07
414.965674043685 4 1.07123e-08
416.49827739705 10 5.04558e-08
424.637381343555 9 2.58098e-08
432.548277690823 10 2.34633e-08
432.687381237436 9 4.60807e-08
438.172242704993 5 6.40755e-08
438.215673760222 4 8.73663e-08
443.972242629342 5 7.05889e-08
444.015673979234 4 3.50581e-08
447.137380855048 9 4.00145e-07
449.815673651743 4 8.39488e-08
452.937380908371 9 4.48433e-07
456.448277295298 10 2.19552e-07
459.537381115037 9 1.02114e-07
460.415673925187 4 2.62003e-08
469.337380746906 9 1.31955e-06
471.01567384611 4 2.30283e-08
484.587380997879 9 1.92705e-07
485.315673740852 4 4.09126e-08
498.894454934532 3 6.33519e-09
505.230502441793 8 6.57941e-07
505.306430153538 2 2.99031e-07
547.030502647872 8 1.26142e-07
547.756430193908 2 9.477e-08
556.530502740159 8 6.45417e-08
560.606430377024 2 2.57845e-08
562.180502975678 8 1.61413e-08
570.080502621238 8 1.57929e-07
570.906430359282 2 1.48303e-07
576.530502841861 8 2.3164e-08
582.156430196102 2 1.91397e-07
582.180502391651 8 4.267e-07
587.980503053734 8 2.68335e-08
609.48050267209 8 8.53567e-08
611.806430469377 2 2.65589e-08
624.487380898697 9 1.4536e-07
624.56567366459 4 1.1824e-07
631.087380925591 9 4.30003e-07
633.298277349188 10 8.03729e-08
634.09571911719 6 1.38742e-07
634.144454558286 3 1.18446e-07
639.098277446688 10 1.06011e-07
639.895675999827 6 2.16438e-08
640.587381026499 9 9.69517e-08
645.415673505102 4 1.15728e-07
646.387381144347 9 8.724e-08
650.994454538319 3 4.99178e-08
651.795675631227 6 3.81792e-08
654.998277735123 10 6.39698e-08
656.79445425482 3 9.94897e-07
657.595675449407 6 3.51928e-07
659.887381025053 9 8.37479e-08
664.665674016157 4 2.51832e-08
665.537381034717 9 8.7974e-08
667.048277702391 10 1.08214e-07
671.987380875253 9 5.00398e-07
672.715674225636 4 1.4981e-08
675.094454305632 3 7.9673e-07
675.095675399574 6 3.75056e-07
678.148277494006 10 7.59838e-08
680.894454389971 3 2.118e-07
680.895675538304 6 4.05628e-08
685.548277450585 10 6.14598e-08
686.695675627022 6 9.34604e-08
687.494454438877 3 2.28408e-07
692.345675585947 6 8.47685e-08
693.144454206297 3 5.41158e-06
694.398277734326 10 7.45733e-08
698.145675516614 6 1.1842e-07
698.944454747738 3 1.1661e-08
700.04827775874 10 7.18777e-08
700.687381219455 9 6.06798e-08
703.945675546492 6 1.06532e-07
704.744454196048 3 1.32517e-05
706.348277454626 10 1.09767e-07
709.745675386059 6 1.10136e-07
710.544454431352 3 1.27794e-07
715.395675577826 6 1.57205e-07
715.848277698695 10 2.51847e-08
716.194454708343 3 3.07838e-08
721.195676072966 6 2.48411e-08
721.387381031943 9 3.63141e-07
723.815673759714 4 1.96639e-08
726.256430215536 2 7.24898e-08
727.780502533944 8 2.27138e-07
731.90643039584 2 4.27371e-08
733.430502658711 8 1.09367e-07
738.356430206322 2 1.09749e-07
739.88050245502 8 1.23153e-07
744.006430110319 2 2.57568e-07
745.530502712904 8 8.15508e-08
749.656430162023 2 2.83483e-07
751.180502644275 8 4.1144e-08
755.306430196584 2 2.44291e-07
759.865673701323 4 6.10824e-08
760.637381223693 9 4.42367e-08
766.287381006965 9 1.50973e-07
766.948277573498 10 1.07384e-07
769.394454372922 3 3.3454e-07
769.395675388471 6 3.35633e-07
773.39827767087 10 6.77255e-08
775.194454465956 3 1.36506e-07
775.195675506643 6 1.04753e-07
780.648277408183 10 1.25608e-07
780.994454555583 3 2.73499e-08
780.99567550255 6 9.32296e-08
786.79445453211 3 4.32926e-08
786.795675626417 6 4.71032e-08
788.548277399265 10 6.277e-08
790.987380907034 9 1.53154e-07
794.198277226276 10 2.91148e-07
794.994454904598 3 1.50563e-08
794.995675898277 6 1.88655e-08
796.787380966014 9 2.68506e-07
804.837381383248 9 4.98449e-08
809.365673641016 4 8.38856e-08
810.487380932054 9 1.39682e-07
814.922242556497 5 1.27253e-07
815.165673968366 4 3.16521e-08
820.722242902258 5 1.24873e-08
825.615673753641 4 1.22995e-08
826.522242448121 5 2.05429e-07
830.055359924589 7 1.67411e-07
833.622242448306 5 1.56488e-07
836.065673555362 4 1.30078e-07
842.505360135996 7 2.41722e-08
843.272242599381 5 7.04578e-08
844.765673951119 4 2.06099e-08
848.155360020374 7 3.76305e-09
851.172242374173 5 6.68236e-07
856.055359767452 7 2.41042e-07
860.815673655226 4 1.776e-07
861.622242531921 5 1.99688e-07
868.805360034453 7 3.29991e-08
870.472242937175 5 1.14451e-08
876.122242472872 5 1.21891e-07
882.906430593677 2 1.34817e-08
885.705359634581 7 6.38822e-07
891.355359975077 7 1.27484e-07
892.022242511615 5 2.74011e-08
896.86567389545 4 4.90527e-08
900.055359752968 7 4.0123e-07
902.472242615584 5 7.34368e-08
905.705360145882 7 2.09455e-08
908.12224236 5 2.33918e-07
911.355360026118 7 1.93697e-08
913.772242903777 5 2.85119e-08
919.422242554366 5 2.28366e-07
922.305359848951 7 1.25611e-07
925.072242788475 5 3.17886e-08
926.365673572086 4 5.96078e-08
932.822242669331 5 4.06007e-08
934.415673644419 4 8.77865e-08
937.587381015956 9 3.55205e-07
940.065673747901 4 1.46457e-08
943.237380910355 9 3.27526e-07
948.887380942295 9 1.11671e-07
953.565673695807 4 7.92579e-09
955.92224244705 5 1.72933e-07
961.572242887218 5 2.11153e-08
962.415673832948 4 5.41746e-08
966.355360206333 7 5.30167e-08
967.222242718176 5 2.59927e-08
972.872242741405 5 3.9411e-08
974.405359990727 7 1.62402e-08
980.122242614576 5 7.07449e-08
980.205359939526 7 1.52662e-07
986.005360020479 7 9.14358e-08
988.822242627482 5 7.0456e-08
994.472242368024 5 9.97255e-07
996.455360094923 7 3.0076e-08
1004.12224247145 5 1.58865e-07
1005.455359770578 7 4.18356e-07
1012.055359840335 7 8.59081e-08
1016.865674035951 4 1.66063e-08
1019.106430707099 2 1.06277e-08
1020.905359893883 7 8.24248e-08
1022.422242612672 5 8.64221e-08
1028.005359810881 7 1.08809e-07
1033.80536012813 7 8.29669e-08
1035.272242946682 5 3.85575e-08
1036.765673945093 4 2.12131e-08
1039.455359716531 7 1.28044e-07
1041.572242578786 5 9.15239e-08
1044.965673994337 4 4.20763e-08
1047.20536016046 7 7.13309e-08
1047.372242877692 5 3.69588e-08
1053.022242414316 5 2.66701e-07
1055.255359970792 7 5.57178e-08
1062.522242483678 5 5.63397e-08
1068.105360093066 7 6.98217e-08
1068.172242531351 5 1.31952e-07
1071.265673898953 4 1.6198e-08
1075.505359897854 7 6.82066e-08
1075.572242675808 5 1.08837e-07
1081.305360299748 7 4.32162e-08
1084.122242362636 5 4.90356e-07
1086.365673799288 4 3.21936e-08
1089.772242662233 5 4.65051e-08
1095.422242558623 5 2.1745e-07
1096.165673739684 4 7.88248e-09
1101.072242246036 5 5.73409e-06
1103.155360123486 7 9.99597e-08
1108.955360202982 7 1.3324e-08
1109.622242502926 5 2.41651e-07
1111.265673589445 4 5.10152e-08
1120.030502801062 8 6.1875e-08
1120.906430555891 2 1.98372e-08
1126.630502822308 8 3.88461e-08
1138.530502687481 8 1.10421e-07
1138.556430469042 2 2.31027e-08
1190.387380810688 9 7.42424e-07
1192.798277234979 10 2.66442e-07
1194.395675687468 6 5.9793e-08
1196.987380900934 9 3.65547e-08
1198.665673730831 4 5.66525e-08
1202.787380765782 9 2.98744e-07
1204.848277587542 10 1.08966e-07
1208.315673745583 4 5.12115e-08
1208.437381017062 9 1.70584e-07
1216.515673832029 4 1.81333e-08
1221.93738131219 9 5.76312e-08
1222.498277511913 10 1.07292e-07
1225.215673502058 4 1.69238e-07
1228.872242971719 5 4.90286e-09
1229.987380992881 9 2.12823e-07
1230.865673813026 4 3.9354e-08
1235.637380887007 9 1.54308e-07
1241.437381418523 9 3.26918e-08
1256.365673743018 4 1.13806e-07
1258.437381005574 9 1.26996e-07
1264.237381055886 9 1.00104e-07
1264.415673628641 4 5.03805e-08
1273.115673786684 4 7.32126e-08
1273.8873807741 9 1.39908e-06
1275.998277465318 10 6.53987e-08
1281.137381221629 9 6.29084e-08
1287.587380915186 9 1.18679e-07
1290.448277533073 10 4.84185e-08
1293.237381011743 9 8.70936e-08
1298.394454921744 3 2.60952e-08
1318.737380774535 9 1.39809e-06
1319.565673795789 4 3.13148e-08
1324.387380796867 9 4.15367e-07
1325.215673694629 4 8.54979e-08
1328.272242755044 5 1.9928e-08
1334.065673868314 4 3.05802e-08
1340.437380838271 9 3.75992e-07
1353.930502380742 8 1.63834e-06
1353.956430180967 2 1.50553e-07
1362.930502899699 8 4.78438e-08
1370.180502511787 8 2.91707e-07
1370.956430343848 2 5.03726e-08
1375.830502784318 8 5.90637e-08
1391.730502675608 8 1.06246e-07
1396.515673893832 4 3.72016e-08
1400.487381036332 9 1.0029e-07
1402.165673443929 4 4.82282e-07
1406.137380891777 9 1.27762e-07
1407.965673856933 4 1.91391e-08
1419.937380915587 9 2.04031e-07
1422.498277675685 10 3.61792e-08
1424.51567369909 4 4.22876e-08
1434.965673676715 4 4.48812e-08
1435.337380966394 9 7.39726e-08
1439.656430204226 2 9.76136e-08
1443.665673617741 4 3.23839e-08
1444.337381023436 9 7.68566e-08
1463.587380927261 9 1.54733e-07
1465.748277543289 10 1.19089e-07
1468.845676015874 6 1.87124e-08
1470.037381243554 9 5.68143e-08
1474.765673747743 4 3.49234e-08
1476.372242708522 5 6.8075e-08
1482.172242397071 5 4.30947e-07
1484.565673873773 4 6.12721e-09
1488.472242596273 5 3.98781e-08
1489.95535972799 7 1.35977e-07
1494.922242473026 5 1.58019e-07
1498.065673924377 4 7.8428e-09
1503.71567394584 4 1.64263e-08
1509.365673890567 4 5.88935e-08
1513.137381014156 9 1.71207e-07
1515.016771640792 4 3.43444e-08
1518.787380893689 9 4.02516e-07
1521.798277283251 10 2.6201e-07
1522.645675872981 6 5.05786e-08
1524.437381165944 9 7.24979e-08
1528.36567372188 4 3.49369e-08
1541.28738093907 9 2.91677e-07
1542.815673895022 4 3.63031e-08
1546.937381208127 9 3.23777e-08
1547.598277174906 10 1.59619e-06
1552.315673599305 4 1.21257e-08
1552.587380998809 9 7.58313e-08
1558.237381055657 9 1.6806e-07
1563.565673504444 4 2.43265e-07
1563.887381002146 9 1.03712e-07
1569.215673919063 4 2.95506e-08
1569.537381015687 9 1.67471e-07
1573.895675686534 6 5.94227e-08
1573.898277260398 10 1.54031e-07
1574.644454833553 3 3.30865e-08
1576.137380870943 9 2.05897e-07
1577.915673590816 4 2.64392e-07
1581.937380831976 9 1.46305e-07
1584.49827749518 10 5.35594e-08
1596.365673437469 4 8.78809e-07
1597.337380906309 9 2.44971e-07
1602.16567381581 4 3.65305e-08
1602.987381102033 9 3.36642e-08
1607.815673579792 4 1.81116e-07
1608.637381336814 9 9.72081e-08
1617.337381207216 9 4.31367e-08
1618.148277394644 10 1.87508e-07
1622.987381062444 9 1.11278e-07
1623.798277785338 10 1.69077e-08
1625.165673602413 4 1.00626e-07
1628.637380920329 9 2.27185e-07
1630.895675955154 6 2.596e-08
1633.298277576126 10 5.96971e-08
1636.387380940458 9 2.0112e-07
1638.948277376099 10 8.43955e-08
1644.598277517738 10 3.45e-08
1645.38738084057 9 3.03192e-07
1655.687380993762 9 1.67038e-07
1657.865673502319 4 1.35833e-07
1667.737381120304 9 5.49068e-08
1668.498277429359 10 1.7476e-07
1674.148277746404 10 6.31904e-08
1675.787380849901 9 7.45838e-08
1677.915673824394 4 4.3228e-08
1681.437381311329 9 4.1477e-08
1686.115673883265 4 5.1819e-08
1688.687380810506 9 4.15984e-07
1692.598277602435 10 3.94541e-08
1693.244454294834 3 7.70234e-07
1693.345675357355 6 1.02389e-07
1699.044454518251 3 2.05904e-07
1699.795675682766 6 7.18751e-08
1702.098277679633 10 4.31916e-08
1704.694454680763 3 2.6208e-08
1705.445675877844 6 2.26163e-08
1706.837381369377 9 9.51288e-09
1707.748277193122 10 5.7137e-07
1712.487380981074 9 2.59291e-07
1714.348277545189 10 7.38868e-08
1722.665673597205 4 1.16787e-07
1724.387381186693 9 5.25251e-08
1737.087381001771 9 3.63816e-08
1738.715673841589 4 2.60038e-08
1743.537381026959 9 1.91233e-07
1745.748277101983 10 3.27592e-06
1749.744454602121 3 5.25101e-08
1750.445675594908 6 1.22768e-07
1751.548277594622 10 3.3173e-08
1752.387381035238 9 1.27461e-07
1758.037380846646 9 3.3243e-07
1760.39827737865 10 1.61092e-07
1763.687380996297 9 2.23783e-07
1764.365673988999 4 2.20519e-08
1769.337380885439 9 1.0661e-07
1770.165673736605 4 7.59734e-08
1775.637380895974 9 5.14765e-07
1777.115673745414 4 3.81344e-08
1784.33738113967 9 7.58118e-08
1801.098277693822 10 8.47874e-08
1801.187380864576 9 2.17815e-07
1811.565673842201 4 2.55815e-08
1813.122243058014 5 1.43422e-08
1817.365673523527 4 3.87187e-07
1818.987380875614 9 3.47143e-07
1823.015673940473 4 1.81078e-08
1828.337381049644 9 5.63835e-08
1828.665673552357 4 3.19804e-07
1833.148277366272 10 2.51824e-07
1838.81567373567 4 1.3316e-07
1839.587380955264 9 2.18098e-07
1852.465673598309 4 6.57783e-08
1856.437380958835 9 1.65569e-07
1858.798277635594 10 6.08631e-08
1863.537380780728 9 3.17827e-07
1863.565673764792 4 1.71402e-08
1869.33738097129 9 1.95702e-07
1869.36567404902 4 3.69032e-08
1875.165673699505 4 3.51904e-08
1875.787380863861 9 4.75739e-07
1881.437381260946 9 5.18085e-08
1881.765673909515 4 5.3312e-08
1894.787381260999 9 5.85286e-08
1901.105359837443 7 1.78504e-07
1902.77224250095 5 6.96914e-08
1908.365673804217 4 2.34222e-08
1908.572242518503 5 6.28171e-08
1910.755360345952 7 3.04593e-08
1915.672242510876 5 3.61595e-08
1920.405360055339 7 3.94039e-08
1922.12224262412 5 2.78069e-08
1928.415673787873 4 8.66874e-08
1931.637381077772 9 3.3724e-08
1944.280502716782 8 3.01903e-08
1944.356430377568 2 1.12537e-07
1958.080502575376 8 1.35093e-07
1985.265673516022 4 8.86986e-08
1985.287380990568 9 2.05735e-07
1990.806430131547 2 6.71032e-08
1991.58050285541 8 3.23765e-08
1997.465673672052 4 3.22085e-08
1999.472242390292 5 4.17797e-07
2003.11567395259 4 2.82942e-08
2005.272242680415 5 6.17428e-08
2010.206430058889 2 2.89227e-07
2010.980502945924 8 2.80898e-08
2013.415673567426 4 1.77949e-07
2015.072242685713 5 9.96579e-08
2019.065673919557 4 1.46353e-08
2020.387381286444 9 6.31988e-08
2032.437380958825 9 3.32794e-07
2033.215673639055 4 1.09651e-07
2038.087381108443 9 2.25134e-08
2038.865673713939 4 4.01985e-08
2046.115673592435 4 2.03088e-07
2064.330502483474 8 3.99543e-07
2064.3564302215 2 7.32594e-08
2074.787380940358 9 1.43367e-07
2077.215673667685 4 2.67924e-08
2080.587380912704 9 2.89785e-07
2083.015673693304 4 4.06174e-08
2087.498277670311 10 7.24426e-08
2087.837380873391 9 2.86598e-07
2090.74445445046 3 2.09224e-07
2091.445675443378 6 4.05033e-07
2096.544454241597 3 2.67036e-06
2097.245675415103 6 5.18223e-07
2098.898277704518 10 1.43721e-08
2102.194454578036 3 1.03681e-07
2102.89567537973 6 3.51663e-07
2107.994454457273 3 1.04282e-07
2108.695675695803 6 4.84756e-08
2108.698277529196 10 2.92203e-08
2110.137380895469 9 4.61856e-07
2112.515673721291 4 5.63665e-08
2115.298277344278 10 1.39581e-07
2119.78738072661 9 1.81931e-06
2126.237380994966 9 6.25986e-08
2127.765673535734 4 2.41042e-07
2131.88738107636 9 1.19234e-07
2133.415673458835 4 4.9298e-07
2137.537380774164 9 7.82827e-07
2146.237380882524 9 1.18261e-07
2147.865673779792 4 2.72495e-08
2153.51567385445 4 1.70126e-08
2154.022242354042 5 3.74638e-07
2155.955359795694 7 1.02634e-07
2159.822242647912 5 9.46636e-08
2161.605359765275 7 4.00966e-07
2165.622243026464 5 1.433e-08
2166.365673968939 4 4.46103e-08
2169.355359788239 7 1.6831e-07
2171.922242488518 5 1.73793e-07
2177.572242900652 5 2.30222e-08
2179.805359692533 7 3.60624e-07
2184.672242514948 5 1.70315e-07
2190.255359916574 7 4.25005e-08
2190.322242661321 5 7.54575e-08
2193.465673774204 4 2.57756e-08
2196.92224254958 5 7.80325e-08
2203.887380971513 9 3.24318e-07
2203.915673741413 4 7.43592e-08
2221.330502978403 8 5.94185e-09
2228.730502804134 8 3.63609e-08
2236.780502949529 8 4.34983e-08
2242.430502503913 8 2.22374e-07
2242.956430473928 2 4.80731e-08
2248.080502713357 8 7.77793e-08
2249.556430276901 2 1.16918e-07
2254.380502739487 8 1.05773e-08
2260.656430486931 2 5.18835e-08
2260.830502750398 8 6.53623e-08
2266.480502690574 8 8.91611e-08
2273.506430185623 2 2.2982e-07
2273.580502390882 8 1.316e-06
2279.306430545258 2 3.14032e-08
2279.380502789115 8 6.20728e-08
2286.780502992714 8 4.3681e-08
2294.180502698327 8 8.43522e-08
2302.380502622474 8 1.1672e-07
2307.05643042696 2 4.40699e-08
2328.594454763846 3 3.84973e-08
2329.436878023365 11 1.71664e-08
2356.030502536854 8 7.7234e-08
2356.856430512694 2 6.59738e-09
2363.130503028072 8 2.13948e-08
2376.756430380744 2 5.55839e-08
2376.780502619431 8 8.35913e-08
2388.98050271132 8 8.95923e-08
2395.2805024829 8 1.15756e-07
2396.006430201325 2 5.89468e-08
2421.63687752301 11 1.14191e-07
2442.365673625616 4 2.16504e-07
2443.872242419562 5 1.68602e-07
2445.555359949753 7 7.0904e-08
2451.355359787184 7 2.4676e-07
2452.872242347352 5 9.64266e-07
2456.015673725076 4 1.24476e-07
2458.672242500445 5 1.26957e-07
2460.105360144432 7 4.16364e-08
2462.465673992887 4 8.65931e-09
2465.62224264363 5 2.90193e-08
2468.115673641647 4 1.05694e-07
2471.256430013037 2 3.05901e-07
2471.980502675675 8 1.11822e-07
2477.056429977394 2 4.48919e-07
2477.630502701141 8 1.04631e-07
2482.706429900666 2 1.17131e-06
2483.28050265154 8 4.05438e-08
2488.356430347276 2 7.71281e-08
2500.737380973578 9 1.84519e-07
2508.815673660686 4 2.90546e-08
2511.187381133939 9 8.23854e-08
2516.837381037023 9 8.96688e-08
2521.665673609725 4 4.8133e-08
2522.487380991747 9 2.2389e-07
2527.315673749371 4 7.38899e-08
2528.137381347332 9 5.37297e-08
2532.965673626548 4 1.07234e-07
2540.865673906442 4 2.43601e-08
2541.637380936103 9 2.39223e-07
2548.887381150819 9 5.89078e-08
2554.537381118601 9 1.29136e-07
2555.04827743334 10 7.6835e-08
2572.987380931242 9 1.33622e-07
2573.715673532059 4 2.90429e-07
2579.437380832654 9 4.31996e-07
2579.515673740279 4 6.7177e-08
2585.237381023366 9 1.10238e-07
2585.31567371934 4 3.47138e-08
2589.594454487048 3 6.07581e-08
2589.745675433525 6 2.41149e-07
2591.248277459678 10 5.27616e-08
2592.637381235175 9 6.53219e-08
2597.645675733109 6 2.43538e-08
2597.698277260818 10 8.13469e-07
2598.444454810617 3 1.20294e-08
2600.037380882295 9 3.54277e-07
2602.315673766611 4 1.67069e-08
2605.898277292868 10 3.81785e-07
2608.237381135007 9 7.77169e-08
2611.54827765081 10 8.90628e-08
2613.887381335312 9 3.82774e-08
2630.356430119875 2 1.57529e-07
2630.380502801305 8 8.65042e-08
2636.915674020525 4 2.15843e-08
2638.556430041261 2 4.71839e-07
2639.380502475786 8 3.62941e-07
2644.356430033165 2 9.47729e-07
2645.180502960323 8 2.54661e-08
2647.51567377766 4 5.51187e-08
2648.337380846445 9 3.17818e-07
2654.648277734888 10 2.62185e-08
2660.515673749557 4 6.60358e-08
2672.537381331384 9 1.40046e-08
2677.098277383668 10 1.23942e-07
2678.187381348643 9 5.03939e-08
2678.645675955147 6 9.22026e-09
2682.015673916151 4 4.04217e-08
2687.687381139041 9 5.03408e-08
2690.865673604306 4 1.05915e-07
2700.537380993609 9 1.2509e-07
2702.844454529927 3 4.13831e-08
2702.845675504371 6 3.06652e-07
2702.898277465086 10 1.35356e-07
2708.644454483061 3 8.03042e-08
2708.645675472615 6 1.56819e-07
2709.348277610486 10 3.35112e-08
2713.387380974505 9 1.28255e-07
2726.830502659095 8 2.15974e-08
2743.030502707875 8 5.43392e-08
2746.056430314867 2 1.27468e-07
2748.830503036937 8 1.5042e-08
2757.030502826815 8 1.2079e-08
2766.380502682893 8 4.6941e-08
2767.056430623448 2 1.41553e-08
2772.18050262499 8 1.49282e-07
2780.080502815142 8 4.41732e-08
2790.530502674063 8 1.17627e-07
2793.656430261994 2 6.43673e-08
2806.580502721763 8 8.21299e-08
2825.680502764276 8 1.065e-07
2831.330502507984 8 3.22631e-07
2832.106430171905 2 1.10451e-07
2836.980502556681 8 1.59495e-07
2844.080502785354 8 4.52845e-08
2878.387380996903 9 5.7506e-08
2879.265673641536 4 1.96173e-07
2887.387381095639 9 1.42479e-07
2888.748277455006 10 3.0765e-07
2891.245675802869 6 3.60349e-08
2892.044454763646 3 1.11328e-08
2895.437380840973 9 5.4449e-07
2896.915673923296 4 1.30877e-08
2905.036877768834 11 4.24957e-08
2905.844454625848 3 1.40799e-07
2906.64567590798 6 2.88578e-08
2910.686877633038 11 8.73268e-08
2911.494454950428 3 1.94161e-08
2914.695675852873 6 3.38575e-08
2923.515673796654 4 3.5063e-08
2933.5805026348 8 5.20147e-08
2933.606429942703 2 1.0032e-06
2939.380502809148 8 5.44115e-08
2939.406430135874 2 3.85818e-07
2942.765673769824 4 6.58472e-08
2945.422242550415 5 8.09232e-08
2954.687381314405 9 7.78182e-08
2958.815673429434 4 1.87403e-08
2960.337381215652 9 2.75465e-08
2964.465673437822 4 5.235e-07
2965.98738114732 9 9.13713e-08
2982.037380886233 9 2.32721e-07
2982.765673628623 4 1.12228e-07
2986.772242604281 5 6.45444e-08
2989.205359682046 7 1.09249e-06
2994.17224256845 5 3.48522e-08
2996.565673870984 4 2.5231e-08
2999.822242724805 5 8.20543e-08
3002.215673785787 4 2.46241e-08
3005.472242483404 5 1.2207e-07
3006.105360037875 7 6.73051e-08
3011.122242873052 5 3.49632e-08
3011.755359825581 7 4.38557e-08
3018.222242865274 5 3.59106e-08
3022.855360165574 7 4.98039e-08
3030.905360279136 7 2.04594e-08
3038.122242645876 5 1.35209e-07
3038.95535982082 7 8.62635e-08
3043.772242467888 5 4.24077e-07
3046.115673654218 4 6.65394e-08
3050.0064302011 2 1.49498e-07
3055.806430167953 2 2.08578e-07
3056.380502732391 8 2.58798e-08
3060.565674057888 4 1.99789e-08
3061.137381409563 9 3.07902e-08
3070.980502850127 8 1.28752e-08
3074.906430571651 2 6.45409e-08
3082.080502560162 8 1.97105e-07
3090.930502903783 8 3.62581e-08
3102.980503013652 8 4.6507e-08
3109.430502457419 8 3.33964e-07
3110.156430140824 2 1.57986e-07
3115.730502741265 8 2.72411e-08
3116.606430348508 2 1.99442e-08
3122.180502810052 8 6.4694e-08
3123.70643021762 2 3.84026e-08
3140.344454614532 3 6.42894e-08
3140.346052879993 6 4.76245e-08
3140.387309771966 11 3.73914e-08
3147.786877652868 11 1.45792e-07
3162.937380920772 9 3.82922e-07
3166.065673846186 4 2.66015e-08
3171.937380981769 9 2.19465e-07
3172.548277743123 10 3.06359e-08
3177.587381206755 9 4.32477e-08
3180.665673929186 4 2.04206e-08
3183.237381000423 9 7.95287e-08
3189.837380693601 9 6.51263e-06
3205.237380917926 9 2.08943e-07
3208.565673763321 4 3.59035e-08
3211.03738079653 9 6.29837e-07
3217.430502446374 8 2.08342e-07
3217.506430249298 2 7.48774e-08
3223.230503008022 8 1.04775e-08
3240.53738128187 9 7.9462e-08
3246.144454539982 3 9.01292e-08
3246.236877790259 11 8.44741e-08
3247.745676135554 6 7.95797e-09
3298.337381060346 9 1.31322e-07
3306.387381040095 9 1.27095e-07
3318.480502896971 8 6.83847e-08
3322.437380770105 9 1.24768e-06
3323.215673674145 4 1.32026e-07
3327.798277293377 10 3.21812e-07
3334.487381125654 9 1.73023e-07
3336.065673685646 4 8.49293e-08
3348.036877580052 11 1.36061e-07
3391.337380964329 9 1.74115e-07
3396.798277533869 10 1.14706e-07
3407.315673593127 4 1.10525e-07
3408.98738092121 9 3.47164e-07
3412.965673896633 4 1.08514e-08
3416.88738112426 9 6.8154e-08
3417.498277395144 10 1.77968e-07
3424.937380997552 9 8.19464e-08
3426.49827753094 10 1.17126e-07
3431.387380977432 9 1.32862e-07
3444.237759133048 9 8.57272e-08
3451.337381065604 9 1.75026e-07
3452.745675922632 6 9.76989e-09
3452.94827759741 10 8.16693e-08
3456.987381221209 9 6.8884e-08
3458.598277222222 10 7.96501e-07
3469.987381026181 9 1.38271e-07
3474.798277304776 10 9.16198e-08
3480.437381425571 9 5.73291e-08
3486.048277478801 10 1.92288e-07
3487.537381142406 9 7.69589e-08
3508.537381051797 9 1.65664e-07
3509.665673414143 4 5.33091e-07
3514.098277505543 10 4.87355e-08
3514.33738107973 9 3.18384e-08
3520.137381162266 9 1.10612e-07
3521.715673512547 4 1.65281e-07
3527.515674014964 4 3.79728e-08
3532.055360125655 7 5.59861e-08
3532.872242785647 5 5.6636e-08
3538.672242411843 5 4.29809e-07
3540.255359930971 7 7.18197e-08
3544.322242620856 5 2.84729e-08
3548.955359991194 7 6.36881e-08
3552.365673759898 4 9.09357e-08
3553.172242941701 5 3.85119e-08
3556.205359924636 7 7.01637e-08
3570.015673849718 4 3.43171e-08
3572.906430265177 2 1.40354e-07
3575.530502559208 8 1.30146e-07
3579.506430064265 2 3.40176e-07
3581.330502696179 8 6.79113e-08
3585.306430094218 2 3.17115e-07
3586.980502521381 8 1.18006e-07
3592.406430104696 2 2.42794e-07
3592.630502743291 8 9.65055e-08
3599.656430195148 2 5.29789e-08
3600.530502477044 8 1.75786e-07
3605.306430049937 2 2.9537e-07
3606.180502579652 8 1.05405e-07
3610.956430131751 2 3.10196e-07
3613.28050264666 8 7.7726e-08
3616.60643022698 2 2.02594e-07
3619.580502728084 8 2.6038e-08
3622.25643002451 2 2.00009e-07
3627.906430384898 2 1.04408e-07
3630.830502617022 8 1.24847e-07
3633.556430188955 2 1.92867e-07
3636.465673595779 4 1.66804e-07
3638.022242434955 5 1.52478e-07
3641.255359820312 7 1.01485e-07
3644.472242641421 5 3.88071e-08
3650.105359956519 7 1.60714e-07
3650.122242682647 5 1.68659e-08
3655.715673666664 4 5.85955e-08
3659.922242267755 5 1.62545e-06
3661.35535991297 7 1.32993e-08
3667.805360215812 7 2.49354e-08
3668.622242589864 5 1.49122e-07
3670.165673464488 4 3.16671e-07
3673.306430173216 2 9.70187e-08
3674.080502603108 8 7.96069e-08
3677.415673738997 4 6.97575e-08
3678.737380663903 9 1.07472e-05
3681.998277387358 10 1.18706e-07
3686.137380923498 9 1.09742e-07
3687.648277232365 10 4.78718e-07
3701.315673706046 4 2.57243e-08
3701.387380977563 9 1.61646e-07
3707.187380863279 9 5.03169e-07
3708.498277530469 10 7.94939e-08
3710.165673744239 4 4.13952e-08
3716.505359870135 7 1.5589e-07
3717.322242559897 5 8.32603e-08
3724.615673911635 4 3.81541e-08
3728.705359923335 7 2.54328e-07
3729.372242571158 5 8.01026e-08
3737.405360170007 7 6.42563e-08
3737.422242431009 5 1.25862e-07
3740.51567368686 4 2.71323e-08
3744.005359700732 7 7.36873e-07
3751.755359898998 7 1.44154e-07
3754.122242723492 5 4.88977e-08
3757.405359796508 7 4.50112e-07
3762.972242822494 5 2.03011e-08
3763.055360046322 7 8.13163e-08
3768.77224227984 5 1.87221e-06
3773.365673785333 4 4.88168e-08
3774.422242600857 5 2.92558e-08
3776.555360306454 7 4.54033e-08
3779.015673840985 4 3.26213e-08
3780.07224246095 5 1.37482e-07
3785.722242291449 5 3.45931e-06
3787.805359744297 7 1.49372e-07
3791.372242955383 5 3.11413e-08
3797.972242472346 5 7.70772e-08
3798.115673944284 4 3.67211e-08
3800.505359804805 7 4.36644e-07
3806.165673536467 4 4.12643e-07
3818.155359981235 7 1.65498e-07
3839.805359924889 7 6.81412e-08
3840.572242464267 5 1.83296e-07
3843.816096750265 4 9.27321e-08
3848.530502870618 8 2.85847e-08
3848.556430190896 2 3.39607e-07
3854.356430336285 2 6.70834e-08
3855.930502524281 8 2.25951e-07
3859.737381016265 9 3.35508e-08
3862.948603353887 10 2.81861e-07
3864.495675759612 6 1.38179e-08
3871.148277132986 10 1.389e-06
3871.895675704383 6 3.58713e-08
3876.294454711105 3 7.55463e-08
3876.948277076015 10 1.02138e-05
3881.695675389353 6 6.21298e-07
3881.944454443266 3 3.51782e-07
3882.598277672148 10 4.07384e-08
3887.345675583236 6 9.99462e-08
3887.744454504592 3 1.34489e-07
3892.995675710193 6 8.88245e-09
3893.544454651386 3 2.9631e-08
3895.148277448758 10 1.38594e-07
3898.645675733006 6 3.36466e-08
3899.194454794761 3 2.31106e-08
3899.937381063491 9 9.06177e-08
3902.098277615465 10 2.21006e-08
3905.587380865286 9 2.92399e-07
3906.265673609141 4 1.33071e-07
3908.698277674992 10 1.25386e-08
3911.237380835684 9 5.05212e-07
3914.348277541643 10 1.02191e-07
3916.887381189978 9 1.19944e-07
3919.998277673412 10 1.28126e-07
3925.64827767188 10 3.94858e-08
3926.38738084614 9 2.8417e-07
3949.51567367947 4 5.7503e-08
3954.255359978393 7 4.43564e-08
3960.622242749944 5 6.91757e-08
3963.105359884433 7 2.15156e-07
3966.422242499097 5 1.49053e-07
3971.965673629615 4 6.95703e-08
3972.072242810932 5 6.65713e-08
3975.856430173575 2 1.61804e-07
3980.630502760309 8 2.53997e-08
3981.656430362167 2 4.70544e-08
3992.680502599905 8 1.57859e-07
3993.55643015487 2 2.31596e-07
4034.406430479356 2 2.60035e-08
4037.465673725023 4 2.1327e-08
4038.287380759093 9 4.29035e-07
4051.937380822432 9 4.20161e-07
4057.587380886375 9 3.34325e-07
4058.315673878595 4 3.13068e-08
4064.765674015035 4 8.88727e-09
4068.687381193061 9 1.6395e-08
4069.398277185348 10 1.08249e-06
4070.84567600479 6 2.13281e-08
4075.19827737331 10 1.76543e-07
4076.737380931855 9 9.92177e-08
4079.695675582335 6 8.91727e-08
4079.744454419116 3 2.80713e-07
4082.298277453273 10 1.38465e-07
4085.495675952213 6 2.43027e-08
4086.237380911317 9 6.00788e-09
4087.86567369481 4 9.0847e-08
4091.756430302487 2 6.6953e-08
4093.730502766886 8 3.62348e-08
4097.556429989501 2 6.0241e-07
4099.380502907088 8 6.37807e-08
4112.080502740648 8 4.93712e-08
4117.730502667303 8 4.92337e-08
4118.406430299189 2 1.31072e-07
4123.530502565883 8 2.15323e-07
4124.206430141178 2 1.5092e-07
4132.380502778173 8 6.06386e-08
4140.406430432974 2 8.37408e-08
4140.430502817754 8 1.03594e-08
4146.386877672542 11 1.43109e-07
4154.437380975552 9 2.35161e-07
4155.265673673517 4 8.12856e-08
4160.887381432242 9 3.76142e-08
4164.915673452579 4 7.17592e-07
4166.53738080875 9 2.49287e-07
4168.74827738147 10 2.01098e-07
4170.345675764608 6 2.93236e-08
4173.637380914125 9 1.83388e-07
4177.598277159094 10 1.87202e-06
4182.487381202431 9 8.42908e-08
4183.248277111598 10 8.33946e-07
4184.795675926068 6 1.97511e-08
4188.137380924458 9 2.96352e-07
4191.298277653129 10 5.94191e-08
4193.615673635868 4 7.09679e-08
4193.787381198515 9 2.11336e-07
4203.287380839479 9 2.42477e-07
4204.865673574539 4 2.08317e-07
4208.937381209268 9 1.4202e-07
4212.115673563468 4 5.44038e-08
4214.42224259443 5 6.6763e-08
4219.255360325554 7 8.53283e-09
4220.072242618006 5 1.00099e-07
4220.815673678738 4 1.32391e-07
4224.037381038168 9 1.71381e-07
4226.615674013276 4 4.49912e-08
4228.806430395355 2 4.11023e-08
4228.830503037167 8 2.25915e-08
4232.265673689699 4 1.03245e-08
4232.922242462088 5 3.33908e-07
4235.205359891584 7 3.77656e-08
4238.572242563597 5 3.52299e-08
4241.805359669628 7 1.41294e-06
4244.222242920949 5 2.75079e-08
4247.455360137568 7 6.52367e-08
4249.872242453001 5 6.87866e-08
4253.105360069139 7 8.15001e-08
4257.772242540968 5 1.72326e-07
4259.365673587566 4 6.50283e-08
4265.005359945992 7 9.33546e-08
4271.422242493274 5 8.75794e-08
4273.055360079875 7 6.78221e-08
4280.305359839944 7 1.59237e-07
4288.272242705963 5 9.9022e-08
4288.355359989302 7 2.60974e-08
4296.555359882916 7 5.48688e-08
4299.372242540585 5 3.17778e-08
4303.155359897597 7 1.3325e-07
4305.022242461265 5 2.04389e-07
4308.95536020476 7 3.13322e-08
4312.865673745241 4 6.54651e-08
4314.522242664392 5 4.43456e-08
4317.005360012585 7 3.56247e-08
4323.455359875377 7 2.19025e-07
4323.52224271825 5 1.70204e-08
4330.055359876659 7 8.21532e-08
4332.222242470609 5 1.30607e-07
4335.855360090035 7 3.94688e-08
4341.655359910185 7 8.7096e-08
4342.672242710908 5 6.40974e-08
4348.322242475628 5 3.19296e-07
4348.915673767746 4 5.60078e-08
4352.087381259173 9 1.63327e-08
4354.715673802085 4 4.35239e-08
4361.887380884465 9 3.70819e-07
4361.965673656458 4 8.06365e-08
4364.798277625129 10 7.85552e-08
4370.087380899611 9 9.94549e-08
4391.287381101357 9 7.53193e-08
4392.115673495866 4 3.92584e-07
4401.115673763802 4 5.64591e-08
4401.887380696733 9 1.39757e-06
4404.048277240982 10 1.19742e-07
4411.415673538907 4 1.95989e-07
4412.987381032932 9 1.42718e-07
4416.898277222263 10 4.07241e-07
4418.445675806638 6 6.20857e-08
4420.237380855772 9 6.03968e-07
4422.698277303713 10 2.01609e-07
4426.646008824468 6 2.72606e-08
4426.694454865974 3 1.40145e-08
4428.287380861284 9 4.68239e-07
4428.348277774096 10 9.72222e-09
4429.865673562834 4 1.98706e-07
4434.087381188136 9 6.88316e-08
4438.065673651141 4 5.44962e-08
4439.737380946027 9 1.37929e-07
4442.148277569824 10 6.04299e-08
4458.987380898984 9 3.39914e-07
4460.515673646465 4 5.66324e-08
4464.872242686907 5 7.43704e-08
4466.315673491223 4 3.0833e-07
4471.47224275697 5 2.9648e-08
4472.115674038031 4 2.17499e-08
4475.68738116797 9 4.58563e-08
4481.337380739049 9 2.25527e-06
4482.715673776369 4 1.68113e-08
4487.78738083296 9 4.06377e-07
4488.51567365124 4 1.22647e-07
4497.248277420482 10 5.67691e-08
4497.287381158037 9 8.04589e-08
4503.087381229342 9 1.56185e-08
4515.287380884543 9 4.8613e-07
4518.098277384801 10 5.51205e-08
4522.84602690206 6 2.768e-08
4523.748277369195 10 3.01082e-07
4526.744454981577 3 2.00027e-08
4529.398277698345 10 3.5907e-08
4529.887381082671 9 6.02874e-08
4531.615673711353 4 7.89263e-08
4535.048277556211 10 7.75536e-08
4535.68738121823 9 5.20244e-08
4539.515673900231 4 3.28261e-08
4542.606429961034 2 7.52991e-07
4542.630502365425 8 6.86233e-07
4548.406430038613 2 1.51745e-07
4548.430502538572 8 1.46785e-07
4554.206429936775 2 1.09832e-06
4554.230502539833 8 9.33389e-08
4560.006430276487 2 5.38735e-08
4560.030502835113 8 6.22646e-08
4565.806430180257 2 1.2408e-07
4565.830502782035 8 7.75241e-08
4568.365673866676 4 2.88407e-08
4571.606430251197 2 1.01411e-07
4578.830502917252 8 1.25e-08
4578.856430499701 2 2.80608e-08
4598.787381585197 9 5.47466e-09
4609.986877657034 11 9.16821e-08
4610.794454708515 3 8.53662e-08
4621.237380739893 9 1.92336e-06
4622.015673679809 4 6.04115e-08
4627.037381232426 9 4.94812e-08
4631.056430197925 2 1.74481e-07
4633.430502515298 8 2.23359e-07
4637.656429998804 2 4.89491e-08
4639.230502680765 8 3.90845e-08
4643.456430157376 2 2.25393e-07
4645.68050269059 8 8.89584e-08
4649.256430066835 2 1.57704e-07
4651.480502712117 8 5.85043e-08
4657.987381013574 9 1.18183e-07
4665.237380964984 9 1.20662e-07
4668.315673716893 4 3.22625e-08
4672.487381124383 9 8.52765e-08
4681.998277346492 10 3.73182e-07
4684.387381055826 9 8.86453e-08
4687.648277527568 10 1.25738e-07
4690.037381201477 9 7.01358e-08
4695.687381266314 9 5.3131e-08
4696.36567365917 4 1.07222e-07
4702.730502698458 8 7.06967e-08
4702.756430079017 2 4.86727e-07
4708.537381023959 9 6.23974e-08
4708.565673965257 4 3.15031e-08
4721.330502804166 8 3.38935e-08
4726.956430600152 2 3.05672e-08
4727.130502856868 8 2.97029e-08
4732.606430399179 2 1.09483e-07
4732.780502664005 8 5.05837e-08
4741.480502411746 8 5.31279e-07
4742.256430138616 2 3.43893e-07
4747.130502473965 8 3.71622e-07
4747.906430358909 2 7.05459e-08
4755.830502771913 8 1.02993e-07
4760.615673993422 4 9.01196e-09
4762.20643019544 2 1.89876e-07
4763.08050269855 8 9.38581e-08
4767.856430099916 2 1.59899e-07
4768.730502865601 8 1.81667e-08
4773.506430274234 2 1.38765e-07
4775.830502642032 8 8.72839e-08
4779.15643020063 2 1.39826e-07
4781.480502538413 8 6.62735e-08
4784.806429977713 2 6.24134e-07
4787.13050270752 8 6.54579e-08
4790.265673712864 4 8.68938e-08
4793.387380912802 9 5.05486e-07
4797.515673675292 4 8.48824e-08
4799.03738070674 9 4.08802e-06
4814.287381022825 9 7.98303e-08
4818.215673646666 4 1.10709e-07
4819.937381232761 9 1.05325e-07
4824.665673922923 4 1.31803e-08
4825.587381078278 9 1.33036e-07
4827.698277458547 10 5.83701e-08
4831.237380701622 9 4.14315e-06
4832.565673712235 4 6.1036e-08
4838.215673859526 4 1.81838e-08
4839.787381066622 9 9.6997e-08
4841.198277491398 10 1.10472e-07
4846.745675963892 6 6.23066e-09
4846.998277373209 10 1.76234e-07
4847.83738120914 9 9.83132e-08
4850.844454883059 3 2.3954e-08
4853.637381019574 9 6.91448e-08
4854.265673837026 4 5.74006e-08
4859.287381323511 9 2.23434e-08
4859.915673996765 4 1.01772e-08
4868.765673520325 4 3.72185e-07
4870.237381125532 9 9.7848e-08
4874.415673606336 4 1.72849e-07
4878.287380831607 9 4.79905e-07
4883.848277567674 10 1.20833e-07
4883.937381017901 9 2.33797e-07
4885.51567387972 4 5.03432e-08
4892.115673617103 4 9.34108e-08
4894.53738099489 9 1.18324e-07
4907.087380908626 9 1.70309e-07
4908.665673910771 4 4.00419e-08
4921.537380950564 9 1.58898e-07
4922.315673587816 4 8.64791e-08
4927.187381337015 9 2.23643e-08
4927.965674066373 4 2.25484e-08
4944.630502835833 8 2.10424e-08
4951.036877583161 11 1.47384e-07
4955.844454568482 3 6.24725e-08
4956.595675816622 6 1.90047e-08
4956.686877697937 11 1.34624e-07
4975.887380915221 9 2.83052e-07
4978.298277528987 10 1.80073e-07
4979.094454507684 3 1.2074e-07
4979.195675613255 6 1.56633e-07
4982.387246953208 11 1.02063e-08
4984.894454375772 3 6.0627e-08
4985.645675429104 6 2.94511e-07
4987.948277470728 10 1.18112e-07
4989.537380916755 9 2.08242e-07
4991.065673689077 4 4.46699e-08
5000.715673821203 4 6.74212e-08
5001.437380982281 9 1.99032e-07
5004.64827733671 10 1.51891e-07
5005.39567572972 6 8.14231e-08
5008.687381137363 9 5.67233e-08
5010.298277655166 10 1.01587e-07
5016.748277493278 10 1.44909e-07
5017.537380985785 9 3.55079e-07
5023.187381189732 9 4.09753e-08
5024.644454432486 3 2.19205e-07
5024.645675533988 6 4.54858e-08
5030.287380946171 9 1.41335e-07
5032.045675810848 6 2.25994e-08
5032.694454761563 3 2.72005e-08
5034.098277554143 10 7.57477e-08
5035.937381182617 9 1.74386e-08
5038.215673931933 4 4.24031e-08
5039.898277433601 10 1.13752e-07
5041.737381232711 9 1.22505e-07
5055.715674007293 4 2.96701e-08
5057.787380956508 9 3.4688e-07
5079.756430215107 2 1.27213e-07
5082.130502990632 8 3.95784e-08
5085.556430124092 2 1.23876e-07
5088.11567372164 4 2.69865e-08
5092.08738097829 9 1.84223e-07
5093.765673646947 4 1.28018e-07
5097.73738102128 9 4.42347e-08
5100.098277138575 10 1.58939e-06
5100.745675793088 6 5.22468e-08
5100.894454827304 3 2.82086e-08
5105.898277671916 10 1.78517e-08
5106.587381126441 9 5.92951e-08
5113.815673803495 4 3.90852e-08
5122.787380983967 9 1.45234e-07
5122.815673885644 4 1.23353e-08
5132.587381212625 9 5.25098e-08
5134.748277451875 10 1.54632e-08
5138.387381165711 9 4.1442e-08
5144.965674030472 4 3.49466e-08
5149.048277384082 10 5.54656e-08
5164.987381015157 9 2.04278e-07
5165.015673826884 4 3.51859e-08
5169.748277370565 10 1.76689e-07
5171.587380863524 9 1.72323e-07
5177.887380830662 9 5.92282e-07
5179.315673556535 4 2.02544e-07
5203.344454537881 3 7.80748e-08
5203.345675719463 6 8.16478e-08
5204.13687779173 11 1.26464e-08
5237.136877555502 11 1.56516e-07
5237.144454774862 3 3.36405e-08
5246.587381159286 9 6.08824e-08
5253.837380893564 9 3.00723e-07
5256.165673487586 4 1.10545e-07
5259.487381259548 9 1.00307e-07
5261.815673496866 4 2.13897e-07
5265.787380947647 9 7.49959e-08
5268.198277503629 10 6.05738e-08
5271.437381037671 9 1.08077e-07
5277.715673839425 4 4.5919e-08
5277.887380793123 9 3.65578e-07
5283.537381172678 9 2.5532e-08
5284.248277412548 10 2.65522e-07
5287.365673795949 4 3.89571e-08
5289.187381038785 9 6.47799e-08
5291.498277575078 10 6.68328e-08
5292.995675783054 6 7.88735e-08
5293.044454673786 3 1.15172e-08
5297.087380895774 9 4.04271e-07
5298.615673541097 4 3.48818e-08
5302.887380793138 9 6.96617e-07
5308.415673719863 4 9.90267e-08
5310.137381191456 9 9.20253e-08
5314.065673792698 4 3.20109e-08
5315.78738086918 9 2.93423e-07
5317.948277375895 10 2.90939e-07
5321.587380727977 9 2.1531e-06
5321.965673661204 4 5.64059e-08
5327.387380720526 9 1.07276e-06
5329.198277768667 10 7.39297e-08
5333.187381224825 9 4.99123e-08
5334.795675813086 6 1.47027e-08
5334.844454816409 3 2.90642e-08
5337.74827734401 10 3.00026e-07
5339.787380887204 9 1.99264e-07
5342.995675603386 6 1.91738e-08
5343.044454484199 3 1.13551e-07
5346.598277503692 10 2.14453e-08
5348.795675539936 6 1.94824e-07
5348.844454364979 3 9.13522e-08
5353.048277527748 10 1.02439e-07
5354.595675373551 6 7.8697e-07
5354.644454421529 3 2.45119e-07
5360.395675950374 6 4.80685e-09
5361.587380843157 9 2.71772e-07
5364.148277319935 10 2.93951e-07
5368.187381123947 9 6.24343e-08
5378.787380914568 9 2.14995e-07
5380.915674049969 4 1.3676e-08
5382.748277369239 10 4.12039e-08
5386.687381136293 9 1.5646e-07
5387.515673551325 4 4.85514e-08
5392.337380749251 9 1.14361e-06
5394.648277561324 10 1.44445e-07
5394.695676036564 6 1.47188e-08
5397.015673512411 4 3.64076e-07
5397.987381313115 9 3.55514e-08
5402.894454576832 3 5.01596e-08
5403.69567534515 6 1.25806e-06
5405.248277704295 10 3.14777e-08
5408.694454496416 3 1.01048e-07
5409.495675586853 6 1.00187e-07
5411.04827767659 10 1.45309e-08
5411.637380921698 9 1.23452e-07
5413.715673679911 4 9.92123e-08
5417.287380806187 9 1.0277e-06
5419.365673479936 4 1.97799e-07
5422.937380994308 9 2.94083e-07
5444.130502426278 8 3.05483e-07
5444.156430124269 2 1.06502e-07
5450.730502567589 8 1.24331e-07
5451.406430259415 2 1.11701e-07
5457.680502682777 8 6.03879e-08
5458.656430276721 2 8.61084e-08
5464.930502950368 8 2.91835e-08
5473.780502677308 8 1.07618e-07
5480.230502718146 8 7.68473e-08
5480.956430322078 2 1.02736e-07
5491.330502780301 8 2.3715e-08
5491.406430526634 2 6.11681e-08
5497.930502436444 8 2.55519e-07
5498.656430318194 2 9.75396e-08
5505.680502867506 8 3.85321e-08
5514.530502833515 8 1.74094e-08
5526.580502727646 8 3.51729e-08
5544.880502857039 8 5.87141e-08
5549.606430077813 2 2.52018e-07
5550.530502700494 8 9.24216e-08
5555.93738093072 9 2.37468e-07
5557.648277481767 10 5.50176e-08
5558.494454643511 3 2.66464e-08
5558.495675642194 6 5.18521e-08
5561.737381385712 9 4.94697e-08
5563.298277483586 10 4.25437e-08
5567.537381155969 9 1.38927e-07
5569.0982775855 10 1.18657e-07
5573.187381014542 9 1.65215e-07
5604.856430530901 2 2.54789e-08
5610.7368779467 11 4.51589e-08
5616.287380771165 9 4.4501e-07
5619.548277374772 10 1.5724e-07
5621.937380952253 9 1.50681e-07
5638.465673570587 4 1.2117e-07
5640.122242396433 5 3.31527e-07
5642.705360142499 7 4.06096e-08
5645.922674675124 5 5.14179e-08
5649.065673995314 4 9.57905e-09
5651.57224231841 5 6.12082e-07
5654.715673895463 4 5.13614e-08
5657.222242872489 5 3.00028e-08
5661.815673598917 4 7.60827e-08
5661.837381061926 9 7.02846e-08
5670.015673654453 4 8.06805e-08
5670.037381202863 9 7.82263e-08
5684.637381108804 9 6.53812e-08
5687.515673618613 4 1.37585e-07
5692.387381020916 9 4.10577e-07
5696.295675685668 6 2.70818e-08
5697.094454906372 3 4.37694e-08
5697.848277718698 10 5.38309e-08
5698.037380838466 9 1.88216e-07
5708.336877662692 11 8.1626e-08
5712.344454666247 3 8.2981e-08
5722.630502961663 8 1.96554e-08
5722.656430609912 2 4.20264e-08
5745.165673751175 4 3.76852e-08
5746.722242616661 5 3.00142e-08
5747.95535989756 7 1.52773e-07
5752.522242583226 5 1.14068e-07
5758.17224281302 5 6.30364e-08
5758.965673874031 4 1.36599e-08
5764.35535992533 7 1.30217e-07
5769.272242630156 5 8.46798e-09
5770.865673618374 4 7.07553e-08
5775.722242498236 5 2.08652e-07
5777.205359720257 7 2.65337e-07
5781.37224251364 5 1.07051e-07
5782.915673556711 4 1.49484e-07
5790.855359852431 7 2.6799e-07
5792.472242332338 5 3.36771e-07
5794.165673761121 4 6.67283e-08
5798.122242344715 5 8.52207e-07
5799.705359775266 7 3.63954e-07
5804.572242771088 5 1.36482e-08
5808.555359802144 7 3.52493e-07
5810.222242398281 5 3.76821e-07
5814.205359933929 7 1.30982e-07
5816.522242545626 5 1.00759e-07
5820.505359957973 7 9.95447e-08
5822.172242624537 5 1.49585e-07
5830.222242542408 5 1.32867e-07
5832.465673726449 4 5.778e-08
5839.715673836364 4 3.15406e-08
5840.487381042106 9 8.10434e-08
5850.830503086119 8 2.30214e-08
5854.937381155533 9 5.66565e-08
5856.565673460045 4 4.02559e-07
5858.922242937871 5 1.58418e-08
5860.587381067126 9 5.41436e-08
5864.45643047706 2 4.33363e-08
5866.865674038564 4 1.03914e-08
5886.237380907649 9 2.02484e-07
5889.465673881719 4 4.24527e-08
5895.915673664447 4 7.36554e-08
5896.537380901986 9 3.8639e-07
5901.565673631555 4 4.78245e-08
5902.972242990708 5 2.40068e-08
5905.38738095176 9 1.58885e-07
5908.448277594492 10 7.83498e-08
5914.387381101183 9 1.23258e-07
5916.648277566865 10 1.23799e-07
5931.087381103942 9 6.18955e-08
5935.865673578798 4 1.08958e-07
5936.737380884112 9 3.33405e-07
5942.315673948962 4 4.10339e-08
5942.387380988546 9 1.65059e-07
5948.115673666508 4 9.6851e-08
5988.687380910307 9 3.15257e-07
5990.26567382216 4 1.49098e-08
5995.915673826596 4 8.64377e-09
5995.937380807504 9 4.40613e-07
5998.298277567608 10 7.35567e-08
6012.915674057061 4 1.18801e-08
6017.73738085692 9 5.71395e-07
6018.565673860729 4 5.26655e-08
6028.037381044893 9 1.07857e-07
6031.915673575569 4 5.16298e-08
6033.687380863766 9 2.17532e-07
6035.148277281919 10 5.60264e-08
6039.33738090062 9 1.57221e-07
6046.437380997605 9 5.75285e-08
6063.198277417176 10 1.05577e-07
6066.337381064072 9 1.1484e-07
6068.848277391239 10 1.97258e-07
6074.387380906127 9 2.0205e-07
6077.495675946124 6 2.09166e-08
6078.34827744334 10 1.326e-07
6080.744454903972 3 4.19634e-08
6081.487381015442 9 2.03261e-07
6083.815673643726 4 1.75541e-07
6112.636877511213 11 2.32118e-07
6114.195675725502 6 4.44207e-08
6114.244454589515 3 8.18259e-08
6118.286877441962 11 6.1592e-07
6124.086877855356 11 3.34226e-08
6126.44445462234 3 1.12217e-07
6134.280502681656 8 3.75091e-08
6138.256430538782 2 1.22842e-08
6140.015673624527 4 1.77742e-07
6140.737381147078 9 9.06263e-08
6142.22224290473 5 8.58432e-09
6145.665673595547 4 1.55784e-07
6146.537380943839 9 2.16705e-07
6151.315673347636 4 4.24175e-06
6153.637380933289 9 1.55057e-07
6158.265673685935 4 6.54243e-08
6164.087380823286 9 5.67604e-07
6164.865673582796 4 2.37631e-07
6178.537380957414 9 2.8955e-07
6180.115673853107 4 5.80125e-08
6182.448277523194 10 8.37657e-08
6184.187381329868 9 5.30023e-08
6198.265673601082 4 8.14419e-08
6199.287380805868 9 4.73999e-07
6205.66567359356 4 1.23248e-07
6206.537381081376 9 4.50303e-08
6217.715673950821 4 2.90123e-08
6217.787380974118 9 2.8124e-07
6230.386877764948 11 7.40028e-08
6231.294454859836 3 9.45515e-09
6241.915673558773 4 1.56083e-07
6242.787380941398 9 1.44318e-07
6248.598277550424 10 1.26518e-07
6250.187381221428 9 6.15738e-08
6255.848277258875 10 2.40751e-07
6271.715673813531 4 6.69035e-08
6272.522242777578 5 4.5296e-09
6275.037381132905 9 1.27382e-07
6285.487381024852 9 2.04427e-07
6295.915673854406 4 3.77665e-08
6295.937380804916 9 8.87177e-07
6315.756430323104 2 1.33138e-07
6318.230502881966 8 2.25219e-08
6320.765673962161 4 3.13628e-08
6322.356430135592 2 4.92383e-07
6324.030502718518 8 1.93842e-08
6328.006430255537 2 8.71035e-08
6329.68050278966 8 2.83555e-08
6333.656430109763 2 2.54501e-07
6335.330502599212 8 9.3167e-08
6339.306429912698 2 7.14923e-07
6340.980502434036 8 5.1678e-07
6344.956430001888 2 2.89282e-07
6346.630502624108 8 2.18993e-07
6350.387380874682 9 5.16481e-07
6350.415673665383 4 4.7112e-08
6356.187381094049 9 9.10285e-08
6356.698277603298 10 5.21636e-08
6361.837381087469 9 7.89595e-08
6364.898277604607 10 4.41785e-08
6372.93738112065 9 2.08799e-08
6373.665673821923 4 5.88404e-08
6377.445675560294 6 9.3438e-08
6378.244454322822 3 1.15148e-06
6380.837381025437 9 3.69461e-07
6384.765673855938 4 4.48372e-08
6397.687401082514 9 1.95594e-07
6399.248277357136 10 1.19834e-07
6404.845675876776 6 3.40571e-08
6404.898277171916 10 1.56981e-06
6406.537380857786 9 3.06074e-07
6408.815674016162 4 2.24267e-08
6410.69827774201 10 3.30212e-08
6412.187380878426 9 3.89874e-07
6416.348277321764 10 5.307e-07
6423.287381244662 9 4.27281e-08
6424.548277486426 10 1.60798e-07
6428.937381041801 9 1.48972e-07
6431.148277551007 10 9.63454e-08
6432.69445437079 3 1.13062e-07
6432.745675365765 6 5.53879e-07
6438.494454352082 3 1.85942e-07
6438.545675458996 6 1.2202e-07
6442.248277658181 10 7.86311e-08
6444.29445443965 3 1.70549e-07
6444.345675588625 6 2.29507e-08
6449.637380919694 9 4.9699e-07
6452.06567385662 4 5.97554e-08
6455.287381352646 9 3.38039e-08
6463.987380735497 9 2.26106e-06
6464.765674051128 4 3.10528e-08
6469.637381200651 9 8.21697e-08
6488.494454592177 3 6.88361e-08
6490.145675685133 6 8.0056e-08
6491.286877883938 11 1.80212e-08
6499.287380979284 9 1.85114e-07
6501.698277649767 10 5.01242e-08
6504.937380956456 9 2.36923e-07
6507.998277653106 10 6.61252e-08
6509.545675611399 6 1.93488e-07
6510.294454434461 3 1.92437e-07
6516.048277532128 10 6.18469e-08
6516.094454451466 3 1.1957e-07
6516.145675345786 6 1.49698e-06
6521.848277714187 10 2.56508e-08
6521.89445481356 3 3.47895e-08
6521.945675895656 6 1.37494e-08
6523.237380927635 9 2.02965e-07
6525.615673571693 4 9.95158e-08
6532.737380933245 9 1.01612e-07
6534.31567377982 4 3.10245e-08
6536.448277470724 10 1.55679e-07
6541.587380952016 9 2.2635e-07
6546.365673576896 4 2.74113e-07
6550.437381139449 9 2.53788e-08
6554.898277678117 10 1.38069e-08
6556.015673756844 4 1.33098e-07
6556.087380787156 9 1.19879e-06
6559.69445451486 3 5.28117e-08
6559.745675639425 6 7.99354e-08
6562.298277444675 10 1.5273e-07
6565.494454234671 3 1.30305e-06
6565.545675339048 6 5.42615e-07
6571.294454792069 3 1.7943e-08
6571.345675859311 6 2.65894e-08
6572.287381096404 9 4.73014e-08
6574.348277690042 10 3.6212e-08
6577.094454623258 3 1.12011e-07
6577.945675794824 6 6.89427e-09
6582.548277607364 10 2.81796e-08
6584.037380654134 9 8.07609e-06
6585.665673409179 4 2.39019e-07
6588.722242974059 5 2.11165e-08
6596.087380939815 9 1.5377e-07
6596.915674013813 4 1.64582e-08
6599.248277610995 10 4.15502e-08
6602.444454510608 3 2.92177e-08
6602.495675522121 6 2.55742e-07
6606.648277453177 10 3.89362e-08
6608.137380967071 9 1.60017e-07
6610.695675807215 6 3.75948e-08
6613.098277388245 10 2.15233e-07
6614.644455132706 3 3.4982e-09
6618.587381088039 9 3.27067e-08
6620.165673661971 4 5.83342e-08
6633.965673753752 4 4.75389e-08
6637.187380996709 9 1.16714e-07
6642.598277659312 10 2.90063e-08
6642.987380896163 9 8.39002e-08
6644.915673654197 4 1.72007e-07
6655.83738087542 9 5.51366e-07
6657.915673776374 4 6.09351e-08
6661.63738077721 9 1.72989e-06
6666.615673611149 4 6.69209e-08
6667.437381273134 9 3.22545e-08
6673.08738128384 9 3.49249e-08
6675.980502905127 8 2.24181e-08
6677.206430391921 2 2.0494e-08
6685.78050265705 8 6.19027e-08
6693.180502580198 8 8.31126e-08
6693.906430330783 2 5.83593e-08
6698.830502677159 8 1.21265e-07
6702.606430464648 2 1.00268e-07
6705.93050246945 8 6.88688e-08
6710.806430503105 2 3.75523e-08
6711.580502926315 8 2.98775e-08
6720.28050246937 8 2.16915e-07
6720.306430318001 2 4.43822e-08
6738.080502605322 8 7.98602e-09
6742.756430489908 2 5.63064e-08
6745.980502598102 8 1.463e-07
6751.53738099826 9 1.51104e-07
6762.787380983082 9 1.91318e-07
6762.865673852582 4 4.99945e-08
6765.848277628296 10 8.31743e-08
6773.422242846979 5 1.02178e-08
6773.465673561774 4 1.5532e-07
6775.637380862776 9 6.82109e-07
6779.498277351009 10 1.86638e-07
6781.287381045746 9 4.73568e-08
6784.245675488401 6 1.58257e-07
6784.294454508843 3 8.95673e-08
6785.148277748562 10 5.80381e-08
6786.486877948513 11 2.89958e-08
6790.04567545986 6 3.70251e-07
6790.094454529141 3 9.38566e-08
6790.798277571646 10 5.8537e-08
6795.845675629874 6 4.01697e-08
6795.894454606187 3 2.75553e-08
6800.948277449865 10 1.31899e-07
6801.645675583316 6 5.93177e-08
6801.694454573037 3 3.38879e-08
6807.445675442542 6 5.44923e-07
6807.494454265867 3 8.60009e-07
6810.748277509341 10 6.91587e-08
6813.245675778545 6 7.35732e-08
6813.294454748021 3 4.69897e-08
6814.487381035125 9 3.11977e-08
6816.398277470291 10 1.65443e-07
6819.045676010303 6 1.31577e-08
6820.287380822546 9 2.13155e-07
6830.465673519624 4 4.62763e-07
6831.687380844579 9 4.29903e-07
6844.598277659064 10 5.96257e-08
6847.887381185965 9 1.06122e-07
6853.53738108612 9 1.08616e-07
6855.848277053844 10 1.95362e-05
6856.695675968914 6 3.3164e-08
6866.387381111889 9 6.82127e-08
6874.065673663912 4 1.02197e-07
6874.437381106651 9 5.803e-08
6884.087380967862 9 1.07622e-07
6884.515673821944 4 2.75228e-08
6889.887380889529 9 2.25e-07
6890.315673674066 4 1.6727e-07
6906.830502642508 8 1.15233e-07
6909.206430375186 2 3.8228e-08
6927.656430199595 2 9.79196e-08
6928.480502668844 8 9.29091e-08
6933.306430064556 2 3.5681e-07
6934.130502868185 8 5.2433e-08
6938.865674141093 4 2.51085e-08
6940.556430275022 2 1.00334e-07
6940.580502900762 8 2.76562e-08
6943.53738092055 9 8.11727e-08
6945.965673766182 4 4.25704e-08
6949.187381051305 9 7.77886e-08
6951.615673871678 4 3.00729e-08
6955.248277232664 10 5.6545e-07
6956.894455038381 3 1.0019e-08
6956.895675996183 6 7.37906e-09
6958.037381203405 9 8.62555e-08
6960.615673906161 4 4.03802e-08
6962.648277639201 10 7.22537e-08
6963.837380924007 9 1.66491e-07
6968.295675755263 6 1.81487e-08
6968.298407990048 10 1.6809e-06
6970.437381156846 9 8.07267e-08
6974.098277619294 10 4.27536e-08
6983.215673687154 4 6.52564e-08
6984.237380779419 9 8.71106e-07
6986.798277689498 10 4.97612e-08
6991.980502643427 8 4.70346e-08
6992.606430427451 2 3.75604e-08
7000.980502776105 8 1.44095e-08
7006.780502870304 8 6.17122e-08
7012.430502814145 8 4.1439e-08
7016.206430058728 2 4.73712e-07
7018.080502981377 8 1.76869e-08
7026.694454729993 3 6.29288e-08
7026.736877813727 11 5.7662e-09
7026.745675962032 6 4.157e-08
7034.13687751441 11 1.23283e-07
7042.615673842048 4 4.55576e-08
7046.687381081771 9 4.21969e-08
7048.415673549159 4 1.65968e-07
7054.065673910907 4 3.57916e-08
7054.087381151893 9 1.09447e-07
7056.498277665136 10 5.19311e-08
7079.694454600902 3 8.58547e-08
7080.545675821067 6 3.67247e-08
7084.586877839403 11 9.14762e-08
7094.26567364245 4 1.48306e-07
7094.287381064043 9 1.36295e-08
7100.065674045188 4 2.21647e-08
7100.087380815097 9 6.12751e-07
7105.865674038907 4 1.58137e-08
7105.887381348228 9 4.55464e-08
7111.66567342103 4 3.29621e-07
7112.487380909166 9 2.95483e-07
7122.28738097778 9 1.89914e-07
7123.065673872402 4 5.45765e-08
7130.46567372783 4 9.27676e-08
7131.287380997433 9 3.01271e-07
7139.456430097114 2 1.59668e-07
7140.230502694149 8 2.59323e-08
7145.106430204146 2 7.17958e-08
7148.265673684318 4 6.45522e-08
7151.472242484648 5 8.40565e-08
7154.705359969711 7 1.2174e-07
7157.122242553778 5 2.31143e-08
7159.51567382105 4 2.15701e-08
7162.772242755429 5 2.37225e-08
7166.756430562911 2 4.12995e-08
7169.372242429572 5 1.80773e-07
7175.172242643537 5 4.65279e-08
7180.972242513091 5 1.76029e-07
7181.055360226291 7 5.31778e-08
7183.566087656943 4 9.34281e-08
7188.372242611916 5 1.08073e-07
7190.665673847895 4 3.58037e-08
7199.480502513642 8 2.81806e-07
