12.129271948916 7 1.15981e-07
17.929272324504 7 4.52709e-08
23.579271870222 7 2.18951e-07
29.879272233497 7 3.37541e-08
34.574251196656 3 3.62661e-08
37.779271929861 7 2.19118e-07
43.429272294106 7 3.01351e-08
64.279272094267 7 4.15181e-08
70.442178553519 8 6.03854e-08
81.779271963921 7 2.7567e-07
84.931801064647 9 2.27234e-08
87.579272285873 7 2.12876e-08
93.131801331225 9 1.24985e-08
94.529272129883 7 8.32856e-08
100.329272121078 7 3.13331e-08
102.631800984009 9 1.62051e-08
106.459492958354 10 6.60004e-08
110.629272085845 7 1.03569e-07
119.479271994808 7 2.07119e-07
123.367669300235 6 9.37674e-08
124.259492897983 10 1.72539e-07
128.13722372422 5 1.84613e-07
128.233579273627 11 9.26542e-08
133.937224105193 5 5.1629e-08
136.36766967638 6 3.58449e-08
137.23357914645 11 7.20491e-08
141.987223842304 5 1.04274e-07
142.883579354404 11 4.59804e-08
145.217669853261 6 2.17312e-08
147.637223810564 5 4.69793e-08
149.983579482046 11 2.06745e-08
153.287223943285 5 7.40599e-08
156.283579056006 11 2.19598e-07
158.709493215983 10 5.31137e-08
158.717669538468 6 1.11351e-08
159.587223650385 5 2.81918e-07
161.933579424703 11 3.83475e-08
164.509492922014 10 3.18764e-08
164.517669230138 6 2.28347e-07
165.887223935022 5 5.10266e-08
167.733578791591 11 2.99168e-05
171.537223531724 5 2.48445e-06
173.533579305811 11 5.35815e-09
177.187223876466 5 3.9699e-08
178.317669297301 6 1.76197e-07
178.95949296 10 3.59314e-08
183.481800786958 9 1.4948e-08
184.609492791924 10 1.04655e-07
185.717669254702 6 1.37067e-07
190.259492736598 10 3.30838e-07
190.731801151652 9 1.06321e-08
191.517669313687 6 1.42971e-07
196.531800598078 9 2.60832e-07
202.181800479713 9 1.02272e-06
207.981800887721 9 4.25696e-08
213.781801079002 9 4.67087e-08
219.581800769922 9 1.02954e-07
220.12525411987 4 1.61485e-08
225.381800872153 9 3.81288e-08
225.842178414988 8 1.35683e-07
226.575253856812 4 7.29357e-08
226.601202569629 2 1.60519e-07
232.631800928716 9 1.74058e-08
239.575253757356 4 4.48748e-08
240.401202731274 2 8.15628e-08
241.481800734512 9 3.98421e-08
242.042178656632 8 8.67818e-08
246.175253813047 4 4.1486e-08
247.801202727388 2 2.08352e-08
248.642178787812 8 4.3467e-08
255.025253972012 4 4.22554e-08
257.451202747543 2 7.79423e-08
258.142178333618 8 1.50397e-07
258.98180072875 9 1.31827e-07
262.125253901141 4 7.07425e-08
263.751202535773 2 1.73245e-07
263.792178475958 8 4.7546e-08
270.325253998158 4 4.30507e-08
274.231800781326 9 4.86515e-08
277.359493086735 10 8.94775e-08
280.031800645786 9 1.40415e-07
285.575253705978 4 3.31674e-07
286.351202744993 2 9.45018e-08
288.231800824432 9 5.00468e-08
290.092178579357 8 7.12694e-08
294.031800973551 9 3.75707e-08
294.859493108724 10 3.30253e-08
298.767669296786 6 4.85679e-08
300.509492598897 10 1.30208e-06
302.881800961094 9 8.53243e-08
304.417669192682 6 1.62008e-07
306.159492996759 10 7.06456e-08
308.531800938825 9 6.13673e-09
312.379271655083 7 4.28222e-06
338.02927202788 7 1.54075e-07
343.679272174402 7 8.2517e-08
348.392178655622 8 8.90642e-08
350.929272003574 7 7.21037e-08
354.842178552113 8 3.844e-08
362.09217833697 8 1.27759e-07
366.031800857658 9 6.75132e-08
366.859492609361 10 1.42699e-06
367.667669166238 6 2.11762e-07
371.681800871005 9 5.51824e-08
374.909493142994 10 5.88289e-08
374.917669824383 6 2.53502e-08
376.392178792483 8 3.40833e-08
377.331800910226 9 3.47831e-08
381.951202726521 2 6.54269e-08
382.042178707355 8 3.6588e-08
382.775254093851 4 5.13581e-08
383.931800515594 9 4.04813e-07
389.731800771873 9 8.25379e-08
392.642178897865 8 2.37621e-08
395.531800856695 9 4.39614e-08
402.931800620785 9 1.20421e-07
403.909493259132 10 5.08864e-08
437.351202792736 2 7.08824e-08
437.492178257543 8 2.12001e-08
443.142178210093 8 2.99621e-07
443.951202607863 2 5.76236e-08
448.779272419745 7 4.38351e-08
450.392178486886 8 1.6364e-07
455.379272097649 7 1.64702e-08
460.842178864858 8 2.26966e-08
470.779272392291 7 4.32383e-08
486.492178569651 8 9.95179e-08
489.079272005523 7 2.97573e-08
502.729272210857 7 7.27817e-08
504.717669186976 6 2.05685e-07
504.759492795545 10 1.29519e-07
508.287223836883 5 1.61904e-07
510.559493359904 10 3.39407e-08
511.729271825234 7 4.47101e-07
522.459492996823 10 2.32101e-08
525.52927203569 7 1.56927e-07
528.767669699369 6 2.20844e-08
543.32927189234 7 3.85331e-07
547.309492818961 10 1.09421e-07
547.367669169338 6 3.82342e-07
550.28722373169 5 2.14545e-07
550.33357920274 11 1.86678e-07
556.087224042396 5 4.30005e-08
556.133579568587 11 2.83624e-08
557.167669571522 6 5.33238e-08
560.009492834296 10 1.43919e-07
562.687223749404 5 1.27638e-07
562.733579192978 11 4.35681e-08
566.517669472513 6 7.30584e-08
566.609493192554 10 4.82924e-08
572.317669579158 6 3.61772e-08
572.487223792757 5 1.17212e-07
573.333579171289 11 4.06748e-07
578.287223552885 5 1.42634e-06
579.133579352984 11 3.66071e-08
580.867669243179 6 1.40975e-07
580.909492889076 10 1.0674e-07
584.087223712158 5 6.66529e-08
584.783579476578 11 7.84668e-09
586.667669316783 6 1.00571e-07
586.709492988944 10 4.94423e-08
594.429272123633 7 6.64525e-08
606.387223935554 5 7.79959e-08
606.433579449764 11 3.40037e-08
608.509492967122 10 1.80091e-08
609.117669333666 6 1.37356e-07
618.329272065713 7 1.13304e-08
620.70949323578 10 3.97604e-08
624.129272271276 7 1.15796e-07
626.392178541629 8 4.42138e-08
632.979272106962 7 3.3669e-08
639.429271952736 7 1.26923e-07
644.992178539098 8 4.93128e-08
649.879271738051 7 4.01081e-07
655.529272261713 7 2.98319e-08
661.179272006959 7 8.52256e-08
673.079271830956 7 6.02897e-08
678.729272104202 7 8.8313e-08
686.77927199347 7 9.43533e-08
692.579272233477 7 6.52916e-08
699.97927190544 7 2.41863e-07
711.379272061924 7 1.4855e-07
717.179272173137 7 5.93985e-08
725.081800707114 9 2.62513e-07
726.509492745293 10 3.11984e-07
727.417669290861 6 5.45464e-08
730.731800800845 9 1.0248e-07
732.309492806916 10 1.38242e-07
733.067669301483 6 1.60296e-07
736.381800674006 9 6.83588e-08
737.959492998171 10 7.4046e-08
739.517669152384 6 7.33337e-08
743.609492588817 10 6.41373e-07
745.167669342135 6 1.53002e-07
749.259492773473 10 2.69676e-07
751.467669237228 6 1.88578e-07
755.559492964173 10 7.98273e-08
757.081800834507 9 8.21177e-08
764.27927219044 7 7.00162e-08
771.679271923701 7 1.13353e-07
777.479272168577 7 1.35477e-07
783.279272248138 7 4.64383e-08
789.079271997936 7 9.82768e-08
795.679271948881 7 7.45788e-08
798.731801243042 9 2.38444e-08
801.479272314626 7 2.02521e-08
802.717669714556 6 4.47258e-08
802.80949315921 10 3.12093e-08
808.881800970726 9 3.98506e-08
814.342178479684 8 7.94597e-08
815.331800839416 9 3.11996e-08
816.77525381773 4 8.98181e-08
816.801202685382 2 1.67099e-07
820.981800751927 9 8.36285e-08
826.242178473213 8 8.34352e-08
826.601202696322 2 4.12418e-08
827.225253752941 4 1.01895e-07
831.581800598119 9 5.79873e-07
834.142178637255 8 1.9604e-08
834.475253988405 4 3.40771e-08
834.501202784022 2 6.37641e-08
837.381800632602 9 2.0032e-07
843.831800748038 9 2.89127e-08
844.592178742607 8 2.03792e-08
851.475253600309 4 4.27934e-07
851.501202527256 2 1.59811e-07
854.281800720595 9 3.76163e-08
859.931800745455 9 1.08121e-07
861.292178545732 8 6.87399e-08
862.875254130165 4 2.88843e-08
862.901203036348 2 5.37375e-08
865.73180111442 9 4.35742e-08
873.631800714931 9 1.25025e-07
876.542178716105 8 4.67532e-08
879.431801088033 9 4.90956e-08
882.20949310179 10 1.12363e-07
891.875253917705 4 7.9635e-08
893.081800683408 9 1.42498e-07
898.731800898062 9 6.75616e-08
903.925253887976 4 4.14585e-08
906.631800867417 9 5.15203e-08
907.901202614089 2 1.51309e-07
909.725253957803 4 5.47257e-08
915.525253796946 4 4.46143e-08
917.881800591649 9 2.37883e-07
920.30120270416 2 1.65889e-07
921.1752537249 4 1.47623e-07
924.331800708385 9 4.1338e-08
925.892178624235 8 4.34829e-08
932.381800809434 9 1.19146e-08
934.092178614882 8 2.41001e-08
937.879271915215 7 1.86763e-07
943.679272323044 7 1.41193e-08
950.929271976713 7 1.9322e-07
954.031800628136 9 2.48501e-07
956.425253998728 4 5.04422e-08
959.681800835083 9 7.69308e-08
961.151203059912 2 2.93587e-08
961.192178659367 8 9.63051e-09
965.775253565773 4 8.65583e-07
966.951202827834 2 1.05584e-08
971.575254033827 4 2.73224e-08
972.231800662729 9 1.06151e-07
977.88180071596 9 8.37383e-08
980.27525385453 4 2.56975e-08
988.32525381617 4 9.41162e-08
989.901202445428 2 9.44372e-07
992.331800765953 9 1.55561e-07
993.975253637795 4 1.05715e-07
997.981832270915 9 3.46271e-06
1003.631800836957 9 3.1981e-08
1004.425253875821 4 8.21166e-08
1009.281801036738 9 5.41455e-08
1014.931800537468 9 3.69061e-07
1021.925253928773 4 4.66352e-08
1023.551202665798 2 1.50883e-07
1025.881800598485 9 4.1292e-07
1034.731800590257 9 8.92567e-08
1039.425254028249 4 1.07764e-08
1042.651202542151 2 8.48949e-08
1044.292178352531 8 2.62463e-07
1046.025253787446 4 7.89138e-08
1048.231800844274 9 8.06226e-08
1053.901202568409 2 1.08207e-07
1053.925253599802 4 6.18452e-07
1058.031800652524 9 2.78505e-07
1062.925253826799 4 1.00363e-07
1063.701202485271 2 7.11775e-07
1066.581800830234 9 6.30292e-08
1068.575253632871 4 2.63136e-07
1069.351202718601 2 2.04909e-07
1071.392178905303 8 4.33952e-08
1072.231800521396 9 3.12697e-07
1076.175253727337 4 3.52393e-08
1077.901202959932 2 3.70471e-08
1078.031800713819 9 9.99996e-08
1083.681800993632 9 4.32494e-08
1084.225253769102 4 1.46193e-07
1084.351202742443 2 8.9925e-08
1087.442178453923 8 1.93582e-07
1089.981800653184 9 2.07683e-07
1091.625253817085 4 6.18221e-08
1092.251202493611 2 1.75034e-07
1095.631800923636 9 7.9932e-08
1096.292178377181 8 2.05562e-08
1097.275253885994 4 5.59923e-08
1097.90120286824 2 9.35368e-08
1102.925253887878 4 1.46155e-07
1104.33180075179 9 1.19444e-07
1109.225254000422 4 6.96728e-08
1109.981800863143 9 6.7477e-08
1111.542178679825 8 3.63332e-08
1114.67927224933 7 4.28341e-08
1117.787223529486 5 1.34836e-06
1117.833579023961 11 1.57482e-07
1121.01766950524 6 1.44555e-08
1123.587223606504 5 4.00998e-07
1123.633579151516 11 9.25472e-08
1126.817669625372 6 4.34217e-08
1129.387223859583 5 1.58585e-07
1129.43357943835 11 4.23858e-08
1130.809493207664 10 4.4309e-08
1135.187223463534 5 3.14208e-05
1135.23357900543 11 3.43352e-08
1138.067669223086 6 2.44547e-07
1138.859493188229 10 5.934e-08
1140.987223804872 5 1.39642e-07
1141.033579376322 11 6.43726e-08
1143.718092530094 6 4.92183e-08
1164.479272009322 7 1.95698e-07
1180.50949307461 10 7.4638e-08
1180.567669580906 6 1.55185e-08
1182.929272267211 7 1.79709e-08
1199.592178286643 8 2.77119e-07
1206.32927199991 7 1.18951e-07
1212.442178530295 8 1.06681e-07
1226.681800927517 9 2.90879e-08
1227.042178365734 8 1.22239e-07
1231.979271882948 7 1.55516e-08
1251.892178258347 8 4.99747e-07
1257.542178540692 8 1.12767e-07
1263.99217867443 8 3.42214e-08
1266.751202980527 2 3.33623e-08
1272.992178683691 8 4.7898e-08
1278.77927219542 7 3.78193e-08
1293.229271888432 7 3.86774e-07
1308.629272080306 7 6.87757e-08
1316.679271816972 7 4.30887e-07
1326.731801038039 9 1.48912e-08
1327.592178202422 8 1.09844e-06
1332.401202735998 2 9.27601e-08
1333.392178357403 8 1.28935e-07
1342.329271785002 7 1.39154e-07
1347.967669453473 6 8.63478e-08
1348.709493153033 10 1.36233e-08
1349.987223633627 5 4.6864e-07
1350.683579284412 11 1.09183e-07
1353.767669216655 6 1.22557e-07
1354.50949297764 10 1.65759e-08
1358.537223937267 5 6.45883e-08
1360.183579051084 11 1.91461e-07
1362.617669507863 6 9.89428e-08
1364.187223561774 5 1.87415e-06
1366.559493132557 10 7.55066e-08
1368.083579107874 11 6.84151e-08
1369.837224162083 5 5.77446e-08
1370.517669235641 6 7.1204e-08
1374.533579260155 11 2.9305e-08
1375.487224079153 5 4.7266e-08
1376.967669747014 6 6.05294e-09
1388.067669485632 6 3.1177e-08
1388.837223871063 5 7.22499e-08
1392.859492968345 10 4.28564e-08
1393.717669667869 6 3.94627e-08
1402.392178445902 8 7.08492e-08
1403.281800948092 9 4.28779e-08
1409.579271942632 7 1.39292e-07
1416.179271900751 7 1.20687e-07
1428.192178484325 8 6.23979e-08
1434.642178586228 8 7.8851e-08
1437.731800797104 9 9.45915e-08
1439.309492844447 10 1.58728e-07
1441.767669605201 6 1.18985e-08
1443.531800943875 9 6.71421e-08
1445.679271977043 7 5.52941e-08
1463.32927197347 7 9.95194e-08
1474.931800647205 9 3.15221e-07
1477.742178376272 8 2.33344e-07
1478.201202617784 2 3.13803e-07
1478.925254031161 4 2.65247e-08
1480.581800812998 9 7.42337e-08
1483.392178617254 8 1.21099e-07
1486.381800593135 9 3.31539e-07
1488.725253992653 4 3.3809e-08
1492.981800554102 9 1.83335e-07
1495.325253929177 4 6.54712e-08
1495.442178509592 8 4.30418e-08
1496.201202409811 2 2.47268e-07
1498.631800548081 9 2.40228e-07
1506.031800630368 9 1.2304e-07
1506.559493098667 10 7.17224e-08
1511.681801030896 9 5.47425e-08
1514.692178686686 8 4.16783e-08
1528.49217856751 8 7.24889e-09
1532.401202754238 2 1.46054e-07
1534.142178754854 8 6.96699e-09
1547.379272324314 7 1.82559e-08
1554.042178460494 8 3.79408e-08
1562.092178357006 8 3.01168e-07
1567.742178666244 8 3.58942e-08
1572.379272009112 7 1.33165e-07
1578.84217870693 8 3.71611e-08
1594.892178347138 8 2.20636e-07
1600.542178448101 8 1.17003e-07
1603.479271879226 7 4.79054e-07
1608.442178458239 8 1.57653e-07
1618.879272331729 7 7.05319e-08
1626.892178782109 8 1.82621e-08
1629.329271762099 7 2.1703e-07
1647.62927210309 7 4.12762e-08
1653.279271954739 7 1.33091e-07
1657.992178477433 8 7.86243e-08
1678.042178459953 8 1.74489e-07
1685.942178390018 8 2.02282e-07
1690.779271869362 7 2.82348e-07
1696.429271901068 7 5.33615e-07
1704.479271857117 7 1.48074e-07
1721.992178448382 8 9.8984e-08
1724.381800935569 9 6.74666e-08
1726.629271992267 7 8.07594e-08
1736.279271923348 7 1.37573e-07
1749.129272062564 7 2.05131e-07
1764.379272192719 7 5.99398e-08
1771.492178409996 8 1.50924e-07
1779.542178473009 8 1.33766e-07
1811.592178225816 8 1.28e-06
1812.301202781399 2 1.78958e-07
1817.242178684545 8 1.21049e-08
1822.892178445946 8 9.07426e-08
1828.542178621422 8 2.94029e-08
1830.67927203576 7 1.12007e-07
1838.692178550487 8 9.50269e-09
1849.142178463833 8 6.53173e-08
1850.601202738823 2 1.19692e-08
1854.7921784664 8 8.17624e-08
1865.929271985298 7 1.89614e-07
1871.579272279496 7 3.7137e-08
1873.892178511535 8 5.82507e-08
1878.681801017977 9 4.59831e-08
1881.079272244648 7 3.4973e-08
1888.329272075816 7 1.71388e-07
1893.979271897363 7 1.46836e-07
1897.131800447562 9 1.92695e-06
1902.575253749752 4 1.13072e-07
1903.451202594794 2 2.64101e-07
1904.342178587012 8 5.71097e-08
1905.981800644536 9 1.22432e-07
1909.251202847167 2 6.28682e-08
1909.975253974853 4 5.25931e-08
1911.631800561856 9 1.61789e-07
1916.242178634487 8 3.9421e-08
1916.351202862504 2 8.58245e-08
1917.281800544386 9 5.3436e-07
1923.081801025702 9 3.16409e-08
1923.825253899312 4 7.96002e-08
1928.8818006957 9 5.90171e-08
1933.729271946758 7 1.40949e-07
1936.217669588132 6 2.01558e-08
1943.617669350034 6 8.45967e-08
1944.209492863695 10 1.44702e-07
1950.487223900216 5 2.26596e-08
1951.733578988047 11 1.94279e-07
1956.287223763752 5 5.92543e-08
1958.009492833799 10 8.89311e-08
1958.067669189035 6 4.2846e-07
1961.937223895938 5 1.04041e-07
1962.683579376935 11 5.49033e-08
1971.529271828684 7 3.26821e-07
1982.929272112795 7 1.06951e-07
1986.842178662453 8 6.20304e-08
1989.081800794997 9 5.01306e-08
1990.20949276348 10 2.29503e-07
1991.867669624928 6 2.60922e-08
1994.881800762897 9 5.63718e-08
1998.242178608939 8 2.1579e-08
1999.601202660255 2 1.26785e-07
2000.22525379097 4 5.21136e-08
2001.481800797142 9 9.95126e-08
2006.442178638282 8 4.84714e-08
2007.281800721706 9 2.60803e-07
2009.609492647564 10 2.25157e-07
2010.467669369355 6 5.0073e-08
2013.081800695186 9 3.50683e-07
2014.64217855009 8 2.6077e-08
2018.881800999795 9 5.03156e-08
2024.42927195563 7 1.00347e-07
2031.029271938355 7 5.42733e-07
2034.842178814377 8 2.09096e-08
2036.829272300629 7 7.56022e-08
2045.831800753944 9 9.79757e-08
2049.029271935814 7 2.88445e-07
2060.429271990814 7 4.13334e-08
2063.467669201816 6 2.04971e-07
2064.209492827064 10 6.9437e-08
2067.829272052863 7 2.12978e-08
2073.479271874591 7 2.78295e-07
2078.592178524283 8 8.54278e-08
2088.579271853685 7 1.91221e-07
2094.229272266139 7 2.52442e-08
2102.429272105087 7 8.89137e-08
2108.229272068535 7 1.05584e-07
2114.029272143565 7 5.73192e-08
2121.279271871952 7 3.64902e-07
2126.929272256007 7 1.29171e-08
2133.842178188611 8 1.39743e-06
2150.681800736605 9 1.72387e-07
2150.809493212669 10 3.34485e-08
2153.092178494524 8 3.1516e-08
2154.525253796752 4 8.68946e-08
2154.551202712803 2 5.00598e-08
2158.881801031881 9 5.3877e-08
2160.325253849919 4 1.46252e-07
2165.481800377693 9 8.54036e-06
2171.72525380993 4 7.96511e-08
2173.381800837225 9 4.90007e-08
2180.575254051468 4 5.97931e-08
2186.081800623264 9 1.36771e-07
2187.551202558584 2 1.59523e-07
2187.692178658423 8 6.01035e-08
2188.475253636119 4 9.55046e-08
2191.731800923825 9 5.18402e-08
2193.342178741102 8 2.5618e-08
2197.381801095108 9 5.80896e-08
2198.125253575725 4 3.37296e-07
2198.151202591614 2 3.04383e-07
2203.031800890149 9 4.48469e-08
2205.229271852136 7 2.40606e-07
2215.829271720409 7 8.36592e-07
2221.259493302889 10 5.64154e-08
2221.337223760206 5 7.403e-08
2222.883579297178 11 6.62024e-08
2227.137223976727 5 6.86275e-08
2228.659493052144 10 4.16594e-08
2228.817669461503 6 2.36343e-08
2230.283579124964 11 1.68474e-07
2233.587223596225 5 2.99502e-07
2238.483579061306 11 1.31104e-07
2239.237223929778 5 6.42775e-08
2242.459492979297 10 4.68866e-08
2242.46766928822 6 1.28627e-07
2244.887223774794 5 5.40795e-08
2245.583579039376 11 3.14098e-07
2248.267669289549 6 1.4276e-07
2248.909492912264 10 9.0865e-08
2252.787223970084 5 7.91151e-08
2254.567669534059 6 3.80271e-08
2255.88357897511 11 2.31478e-07
2258.43722399946 5 2.8675e-08
2260.217669355647 6 1.23309e-07
2262.483579127024 11 5.14256e-08
2264.087223891506 5 1.30484e-07
2266.51766942612 6 1.72329e-08
2269.583579330729 11 6.52912e-08
2270.38722367915 5 1.0606e-07
2272.817669259607 6 3.13243e-07
2273.609492840501 10 1.7691e-07
2276.037223911908 5 5.68026e-08
2278.617669230892 6 4.39316e-08
2279.259493099274 10 3.32212e-08
2280.683579279581 11 6.84462e-08
2281.687223955976 5 1.13404e-07
2286.48357934588 11 3.29427e-08
2287.337223546134 5 2.67336e-06
2292.133579169309 11 8.77412e-08
2292.987223948129 5 7.22358e-08
2298.517669584295 6 6.04008e-08
2298.583579383973 11 4.35546e-08
2298.637223857828 5 1.81549e-07
2304.383579256945 11 9.92122e-08
2304.437223739058 5 1.82198e-07
2305.76766925164 6 2.24509e-07
2306.509492855597 10 2.72984e-08
2312.829272359228 7 1.69576e-08
2318.629272057467 7 7.07882e-08
2324.279271813526 7 2.46756e-07
2328.774251217343 3 1.70075e-08
2332.179271910578 7 2.21196e-07
2343.429272165841 7 2.85821e-08
2345.759493101151 10 4.65921e-08
2346.467669637423 6 2.65535e-08
2347.037223725968 5 1.42845e-07
2347.633579117723 11 2.34312e-07
2352.837223742184 5 2.26321e-07
2353.283579227139 11 1.30378e-07
2355.467669297837 6 1.5502e-07
2356.209492889449 10 9.74928e-08
2358.487223589483 5 6.15916e-07
2359.08357893464 11 1.12456e-06
2364.137223517379 5 1.55675e-06
2364.88357915587 11 1.66976e-07
2369.787223908637 5 3.72264e-08
2371.333578985013 11 6.28726e-07
2376.01766933214 6 2.09947e-07
2376.087557168394 5 1.8819e-08
2376.909492989674 10 5.8623e-08
2381.48357913777 11 1.56119e-07
2381.887223896925 5 1.74261e-07
2387.28357944542 11 2.2784e-08
2387.537224018832 5 4.6686e-08
2389.017669414156 6 5.62267e-08
2392.933579321666 11 5.50649e-08
2393.18722382487 5 2.45481e-07
2394.667669310995 6 9.65033e-08
2395.209492886772 10 9.47673e-08
2398.583579159545 11 5.85697e-08
2398.837223667223 5 1.9903e-07
2404.167669659817 6 5.20067e-08
2421.624250914836 3 8.77288e-08
2438.379271725688 7 7.2223e-07
2442.431800701676 9 7.18456e-08
2443.192178557409 8 5.8823e-08
2444.725253713238 4 1.4994e-07
2444.751202707388 2 1.31803e-07
2448.081800840593 9 1.3166e-07
2452.125253626833 4 3.63023e-07
2452.951202499471 2 1.82772e-07
2454.442178409467 8 1.2642e-07
2456.931800858359 9 5.42221e-08
2457.775253750057 4 9.3926e-08
2458.601202851794 2 6.45654e-08
2462.581800480756 9 7.72464e-07
2467.292178659957 8 2.45798e-08
2468.23180085559 9 9.29451e-08
2470.459492730113 10 1.51654e-07
2471.267669317641 6 5.03443e-08
2476.109492759563 10 1.56967e-07
2476.917669102282 6 9.06934e-07
2481.759492700314 10 2.03228e-07
2482.56766906672 6 8.96577e-07
2487.409492587983 10 9.1612e-07
2488.21766951032 6 3.11103e-08
2488.931800929019 9 4.09494e-08
2499.229271736632 7 1.1056e-06
2508.942178420357 8 1.79984e-07
2528.192178628182 8 1.0986e-07
2533.842178398142 8 1.95914e-07
2534.581801069588 9 3.83176e-08
2540.942178840563 8 1.84871e-08
2573.792178525489 8 8.49137e-08
2582.492178377104 8 1.8587e-07
2588.079271710859 7 6.78522e-07
2593.879271927655 7 2.7737e-07
2602.542178688932 8 2.82288e-08
2607.379272040796 7 4.7571e-08
2616.879271953696 7 1.86932e-07
2626.529271924767 7 2.05875e-07
2629.709492781586 10 2.23582e-07
2630.481800983398 9 5.20713e-08
2630.517669424964 6 3.23328e-08
2636.281800812894 9 4.21882e-08
2637.759492852009 10 2.28468e-07
2639.367669183308 6 2.53544e-07
2643.409492716528 10 9.96166e-08
2645.017669493049 6 1.03226e-08
2645.781800751352 9 8.70026e-08
2650.592178590906 8 5.03916e-08
2659.442178368071 8 2.46233e-07
2665.092178492059 8 1.10323e-07
2670.742178656601 8 3.38545e-08
2680.179272231242 7 4.61468e-08
2682.642178525714 8 1.19697e-07
2693.829272038208 7 1.04634e-07
2699.47927191221 7 2.00981e-07
2708.329272079439 7 6.80145e-08
2713.979272248382 7 3.3921e-08
2721.079272430003 7 1.30895e-08
2722.667669608292 6 1.40594e-08
2723.237223690175 5 3.50099e-07
2723.93357897597 11 2.47956e-07
2727.459493041398 10 2.13443e-08
2728.317669427165 6 1.28225e-08
2731.437223800825 5 1.26183e-07
2732.133579055628 11 2.22308e-07
2737.237223905284 5 1.15289e-07
2737.933579511964 11 1.52209e-08
2742.887224011056 5 6.21767e-09
2744.367669355952 6 2.04064e-07
2745.109492965099 10 4.27531e-08
2749.037223638448 5 2.05199e-07
2749.833578933456 11 4.2191e-07
2754.837223521323 5 2.93573e-06
2755.633579261601 11 4.6822e-08
2760.487223545538 5 1.19775e-06
2761.28357930096 11 6.70585e-08
2762.817669667786 6 3.51419e-08
2766.13722402504 5 4.88123e-08
2769.183579136187 11 7.28401e-08
2771.787223954998 5 2.54642e-08
2773.117669388056 6 5.24484e-08
2773.159493001116 10 7.13405e-08
2776.483579252584 11 5.09531e-08
2777.437223946488 5 1.14196e-08
2782.133579151221 11 1.19323e-07
2783.087223948229 5 5.26866e-08
2784.517669723766 6 3.10917e-08
2787.783578907913 11 1.00577e-06
2788.887223641344 5 3.3664e-07
2790.817669388643 6 1.13049e-07
2794.009492989307 10 6.90455e-08
2796.28722366856 5 4.0761e-07
2796.333579139372 11 1.89041e-07
2802.087224168506 5 2.40592e-08
2802.133579590896 11 1.30109e-08
2807.887224099598 5 5.34915e-08
2808.317669403956 6 3.72908e-08
2811.483578952305 11 4.41237e-07
2813.687223953371 5 3.73621e-08
2817.13357911144 11 1.79841e-07
2819.48722396379 5 2.88109e-08
2822.783579163125 11 9.94888e-08
2824.367669427078 6 1.154e-07
2825.93722403546 5 7.47751e-08
2828.433579145118 11 1.0118e-07
2831.617669216678 6 1.85151e-07
2832.309492885146 10 8.40778e-08
2833.987223827184 5 1.10902e-07
2834.083579264489 11 2.61255e-08
2837.26766937552 6 7.74215e-08
2839.787223733263 5 2.62358e-07
2839.883579087995 11 6.90634e-08
2843.717669395676 6 6.88331e-08
2853.129272082853 7 7.24073e-08
2856.787223993457 5 2.64321e-08
2856.883579495443 11 3.59219e-08
2867.57927186547 7 4.64382e-07
2874.029271844373 7 4.01801e-07
2877.159493298804 10 3.40934e-08
2880.292178666235 8 1.76186e-08
2886.742178949431 8 3.42245e-08
2889.929271854674 7 2.54194e-07
2895.579272125156 7 8.26283e-08
2905.724251053171 3 6.49266e-08
2911.524251090961 3 4.0646e-08
2919.479271840006 7 2.71489e-07
2923.431800644993 9 1.10968e-07
2927.529271772156 7 1.03392e-07
2931.631800710302 9 1.10522e-07
2933.059492725071 10 3.02479e-07
2933.867669290022 6 2.82737e-08
2939.659492767483 10 1.54813e-07
2939.667669464562 6 9.39602e-08
2941.131800806861 9 1.01527e-07
2946.675253931524 4 4.53578e-08
2947.731800586282 9 1.99743e-07
2952.379272269477 7 3.71778e-08
2958.331801006834 9 6.10277e-08
2959.592178423118 8 1.74148e-07
2965.392178579732 8 4.77171e-08
2985.431800759484 9 6.34426e-08
2986.242178540468 8 2.99363e-08
2987.875253900677 4 3.68593e-08
2994.475253901502 4 4.63893e-08
2995.231800759837 9 2.74459e-08
2997.642178723139 8 6.12293e-08
2997.651202602441 2 2.19372e-07
3000.881800746575 9 1.02039e-07
3003.442178755966 8 2.38021e-08
3005.425253757187 4 1.13314e-07
3006.351202846343 2 6.52437e-08
3011.031801101724 9 8.1385e-09
3011.225254137678 4 2.04891e-08
3016.831800454302 9 9.43122e-07
3020.075253967033 4 2.88743e-08
3020.792178817863 8 1.997e-08
3020.801202851691 2 5.84992e-08
3023.931800496997 9 8.91755e-07
3029.731800951362 9 9.06134e-08
3036.181800730167 9 1.21409e-07
3036.659493305497 10 1.73076e-08
3041.725253903373 4 7.24051e-08
3043.401202431898 2 1.59042e-07
3044.842178473981 8 2.24111e-07
3047.581800808396 9 2.94155e-08
3050.009492778634 10 1.989e-07
3054.031800765114 9 2.26646e-08
3054.767669498302 6 1.90938e-08
3055.659492897302 10 1.02199e-07
3061.879272101629 7 7.62239e-08
3068.659493012269 10 3.74772e-08
3070.167669375758 6 6.85583e-08
3071.387223753366 5 1.14157e-07
3072.133579179352 11 1.06121e-07
3074.959493222964 10 3.42513e-08
3077.187223614756 5 5.17636e-07
3077.933579339497 11 3.13496e-08
3082.867669633305 6 2.70128e-08
3084.437223899561 5 4.92556e-08
3084.533579313446 11 6.60369e-08
3090.11766938306 6 8.38308e-08
3090.237224037378 5 1.90394e-08
3091.633579063561 11 2.64293e-07
3094.859493281018 10 3.48061e-08
3095.887223504878 5 7.50485e-07
3097.433579401182 11 5.43789e-08
3101.537223836181 5 1.31183e-07
3102.967669761758 6 8.43767e-09
3103.883578944794 11 5.57948e-07
3107.187223953121 5 3.0754e-08
3110.067669065595 6 4.23168e-07
3110.90949307742 10 9.74529e-08
3112.837223695763 5 1.62248e-07
3113.233579128529 11 7.66339e-08
3116.517669263104 6 6.33057e-08
3116.559492933853 10 8.67731e-08
3119.787223810501 5 8.92716e-08
3121.28357941622 11 4.30118e-08
3122.317669561766 6 3.13362e-08
3123.659492847452 10 1.90029e-07
3127.679271798621 7 4.38227e-07
3140.124251099926 3 7.40738e-08
3148.674251145924 3 6.89763e-08
3159.859493019368 10 3.46262e-08
3162.279271895544 7 2.41482e-07
3166.84217842216 8 1.51174e-07
3172.729272545813 7 4.28415e-08
3180.492178486406 8 5.8452e-08
3191.179271849902 7 4.02854e-07
3203.07927196415 7 8.27223e-08
3212.729271835027 7 1.24718e-07
3216.61766928462 6 4.7484e-08
3216.709492927326 10 8.3113e-08
3219.733579271979 11 6.90019e-08
3220.487223755367 5 1.80203e-07
3222.417669346203 6 5.44302e-08
3222.509492986954 10 7.66459e-08
3239.029271698692 7 2.01006e-06
3250.92927214252 7 1.14607e-07
3260.579271949314 7 1.08266e-07
3272.537224078064 5 5.39005e-08
3272.583579556874 11 2.87641e-08
3274.87927201257 7 1.61579e-07
3283.87927193233 7 1.301e-07
3294.479271854174 7 7.62338e-08
3300.279272164333 7 1.14593e-08
3302.081800894259 9 2.17315e-08
3306.079271974595 7 1.24068e-07
3312.679272057974 7 1.01858e-08
3317.81766947433 6 3.0463e-08
3318.709493072016 10 3.10439e-08
3321.529272046924 7 1.00884e-07
3339.679271943748 7 1.55824e-07
3344.737224196437 5 3.6119e-08
3348.624251180301 3 2.70596e-08
3352.529272024707 7 8.58905e-08
3359.779272018995 7 6.9682e-08
3368.479272031152 7 5.18216e-08
3375.729272194432 7 3.49441e-08
3391.779271933985 7 1.6411e-07
3405.992178408714 8 1.74097e-07
3406.80120289018 2 2.16034e-08
3410.879272344217 7 4.33592e-08
3412.442178567304 8 7.31878e-08
3439.692178484537 8 1.49173e-07
3453.329271792097 7 3.50863e-07
3476.579272316751 7 6.92892e-08
3492.542178640196 8 2.51072e-08
3496.451202752682 2 1.57321e-07
3498.19217858111 8 9.12434e-08
3509.292178483621 8 9.69779e-08
3514.079272235908 7 4.95683e-08
3519.879272023495 7 6.77098e-08
3522.94217893105 8 1.2176e-08
3525.981800776099 9 1.7682e-08
3533.125254015187 4 7.11765e-08
3537.38180077646 9 6.36366e-08
3538.925253804837 4 1.99258e-07
3539.751202887278 2 3.56764e-08
3542.992178835935 8 2.95751e-08
3544.725253486049 4 5.18949e-06
3545.401202392211 2 1.2225e-06
3550.88180060087 9 3.95703e-07
3552.642178798955 8 1.61504e-08
3559.88180044722 9 1.15106e-06
3565.531800875497 9 1.45307e-08
3571.98180071932 9 1.01237e-07
3572.509492901271 10 8.59601e-08
3575.617669178291 6 1.27861e-07
3578.281800677082 9 1.99204e-07
3578.309492970714 10 1.1201e-07
3581.417669264098 6 8.63649e-08
3584.109492825096 10 1.60875e-07
3587.217669203623 6 1.51215e-07
3589.531800791498 9 6.55171e-08
3591.859492854285 10 5.53492e-08
3592.867669404652 6 1.94543e-08
3596.781800829202 9 4.58305e-08
3597.509493066057 10 7.41897e-08
3599.81766924291 6 1.35757e-07
3603.959492851135 10 5.54597e-08
3605.467669375242 6 5.73483e-08
3609.609492861443 10 1.06666e-07
3611.117669508369 6 6.49147e-08
3615.259492844637 10 2.63951e-07
3619.081801021292 9 2.97727e-08
3619.81766926929 6 1.84687e-08
3620.909492500116 10 5.98442e-06
3624.731800806546 9 7.30726e-08
3626.559492840333 10 1.84122e-07
3627.067669516868 6 5.69159e-08
3632.359492731525 10 1.62952e-07
3632.717669321457 6 1.98209e-07
3635.181800701026 9 1.01327e-07
3637.492178556675 8 9.13003e-08
3639.025254092767 4 1.88111e-08
3639.051203043394 2 1.98996e-08
3640.831801141948 9 7.51992e-09
3644.825254094103 4 1.7275e-08
3647.781800724238 9 1.16651e-07
3650.475253597347 4 4.13003e-07
3650.951202587199 2 2.12091e-07
3653.392178751162 8 3.10091e-08
3655.031800656414 9 2.55881e-07
3660.751202799683 2 7.57901e-08
3660.775253756928 4 1.4685e-07
3664.031800610674 9 4.54691e-07
3669.831800854627 9 3.48309e-08
3670.242178532574 8 8.87423e-08
3673.359492695514 10 3.53731e-07
3674.217669272747 6 1.61481e-07
3675.631800718121 9 5.9768e-08
3694.442178511532 8 4.90058e-08
3701.042178626436 8 4.70033e-08
3712.631800712785 9 1.57233e-07
3717.751202698085 2 6.41279e-08
3717.775253562404 4 8.42626e-07
3720.831800902104 9 1.15966e-08
3726.631800794259 9 6.96686e-08
3729.975253743128 4 1.44204e-07
3730.601202895259 2 4.40143e-08
3737.375253816213 4 7.45926e-08
3738.001202571957 2 2.20602e-07
3739.842178374886 8 1.32263e-07
3741.231800654111 9 2.22146e-07
3750.231800896702 9 2.48645e-08
3755.801202570201 2 1.6937e-07
3755.825253623003 4 4.76035e-07
3762.425253966152 4 4.31249e-08
3763.881800885403 9 4.27277e-08
3767.851202350129 2 1.5947e-06
3768.075253818507 4 3.0733e-08
3768.692178650302 8 8.09265e-08
3770.331800699256 9 8.71586e-08
3774.342178635603 8 5.80467e-08
3775.17525415364 4 2.36661e-08
3775.981800842277 9 4.02312e-08
3779.801202503475 2 1.86661e-07
3779.992178536363 8 5.74599e-08
3780.825254010486 4 1.88947e-08
3782.281800557045 9 3.41932e-07
3786.251202598994 2 6.05567e-08
3786.475253662649 4 1.36835e-07
3791.131801003114 9 3.96266e-08
3796.781800555159 9 1.82789e-07
3798.301202659525 2 1.23407e-07
3799.092178841398 8 1.5762e-08
3799.17525367351 4 2.92112e-07
3803.881800622257 9 2.10124e-07
3806.492178670073 8 2.60428e-08
3809.681800785144 9 3.53976e-08
3815.331800693636 9 1.36839e-07
3824.031800576534 9 3.42553e-08
3829.681800890226 9 6.73688e-08
3835.331800529642 9 1.92525e-07
3840.025253794156 4 3.03029e-07
3841.551202522101 2 4.15121e-07
3842.24217848475 8 1.48145e-07
3843.881800622356 9 3.10984e-07
3847.809492843044 10 1.4431e-07
3849.467669606469 6 2.7749e-08
3849.531801049536 9 1.9113e-08
3853.459492997398 10 7.36684e-08
3856.067669130905 6 3.42955e-07
3858.381800919554 9 3.03952e-08
3860.579272060325 7 3.45368e-08
3879.979271876062 7 1.15638e-07
3886.279272120793 7 8.65663e-08
3891.929272068936 7 8.94619e-08
3898.379271943351 7 1.19197e-07
3904.029271922349 7 4.45716e-07
3916.729272153417 7 8.98692e-08
3927.979272007975 7 1.26612e-07
3933.629271884189 7 1.80355e-07
3937.283579433529 11 4.69016e-08
3938.587223947651 5 7.46064e-08
3942.329271904953 7 2.0644e-07
3949.481800761278 9 7.93911e-08
3958.331800561722 9 2.50236e-07
3966.175253593081 4 1.14459e-06
3967.051202942905 2 2.04177e-08
3968.781800921098 9 6.04877e-08
3971.892178484469 8 2.67945e-08
3971.975254317567 4 1.18359e-08
3974.43180075427 9 9.97331e-08
3975.1094928423 10 4.52345e-08
3975.967669520546 6 4.85843e-08
3980.90949271744 10 1.30073e-07
3981.767669652828 6 1.44333e-08
3981.831800678077 9 1.77103e-07
3985.579272146871 7 3.92264e-08
3988.309493010886 10 7.74519e-08
3988.367669379938 6 3.64245e-08
3989.537223741203 5 5.52756e-08
3990.133579162169 11 1.12231e-07
3994.109492919754 10 3.82245e-08
3994.167669269957 6 3.05906e-08
3999.967669404156 6 4.4049e-08
4000.55949311519 10 7.05656e-08
4008.933579534262 11 1.1228e-08
4008.937526590853 5 5.45071e-08
4014.579271963947 7 1.18409e-07
4020.37927222977 7 4.16149e-08
4025.137224039545 5 4.73251e-08
4032.131800719546 9 1.76486e-07
4033.759492934665 10 6.52918e-08
4039.479272257067 7 4.39421e-08
4041.959492992014 10 5.4708e-08
4042.567669620686 6 4.92011e-08
4049.929271977479 7 1.44351e-07
4056.379272115923 7 1.26243e-07
4064.092178405943 8 2.21437e-07
4078.029271655484 7 1.42765e-06
4084.479271912517 7 9.26274e-08
4089.931800749045 9 4.15428e-08
4091.609492962529 10 1.35485e-07
4093.967669331451 6 1.06282e-07
4097.259492539715 10 2.02526e-06
4099.617669667048 6 2.32251e-08
4101.981800635543 9 9.9874e-08
4102.909493097662 10 3.221e-08
4106.067669609998 6 5.05406e-08
4108.237223936845 5 4.30241e-08
4111.717669417083 6 1.00358e-07
4112.409493108811 10 2.83026e-08
4115.583579141923 11 1.73939e-07
4115.637223591141 5 1.12415e-06
4118.017669208121 6 2.50639e-07
4118.059492829305 10 1.0635e-07
4121.383579341054 11 5.42927e-08
4121.437223790404 5 1.18087e-07
4123.817669096211 6 5.69545e-07
4124.509492848929 10 1.02028e-07
4127.237223956031 5 4.20323e-08
4129.783579040492 11 1.81341e-07
4133.837224027739 5 6.6403e-08
4135.583579545765 11 2.87296e-08
4139.637224150312 5 3.58083e-08
4140.367669355578 6 1.22444e-07
4140.409492944736 10 7.3245e-08
4143.579272258804 7 6.52357e-08
4146.174250997061 3 7.90156e-08
4151.037224274431 5 4.40087e-08
4153.379271908159 7 2.29412e-07
4157.092178327917 8 4.39965e-07
4163.692178356476 8 1.23782e-07
4190.229272060421 7 1.46578e-07
4194.142178377479 8 2.22637e-07
4206.192178428548 8 7.45918e-08
4211.331800787083 9 7.22208e-08
4212.64217869367 8 3.03412e-08
4216.175253936106 4 1.26439e-07
4216.251202505148 2 2.55418e-07
4219.881800808945 9 9.64048e-08
4221.492178808027 8 2.54409e-08
4224.679272072374 7 1.47054e-07
4227.781800909331 9 7.93667e-08
4227.809492736156 10 2.8638e-07
4228.56766951683 6 7.38974e-08
4232.44217845377 8 1.54963e-07
4233.975253763621 4 7.09606e-08
4234.051202785333 2 6.46663e-08
4239.981800801105 9 1.0278e-07
4248.83180077563 9 1.63258e-07
4250.975253972905 4 1.09775e-08
4254.251202828887 2 7.07452e-08
4255.281800691767 9 1.40842e-07
4259.042178576057 8 7.84513e-08
4260.93180057417 9 3.82774e-07
4270.431800850788 9 5.49419e-08
4271.975253580621 4 4.66793e-07
4272.851202867615 2 2.90897e-08
4282.481801030706 9 4.45755e-08
4288.975578201241 4 1.15043e-08
4289.881800812086 9 1.24422e-07
4298.581800748264 9 4.30861e-08
4300.075253675465 4 1.06297e-07
4300.901203047538 2 4.45763e-08
4305.725253680079 4 4.75878e-08
4306.442178751836 8 8.58685e-09
4306.551202610219 2 2.72881e-07
4309.68180067622 9 1.61265e-07
4314.642178891947 8 4.35409e-08
4315.481800883602 9 4.44927e-08
4318.425253702751 4 4.23778e-08
4318.451202795637 2 8.75362e-08
4322.431800868222 9 4.57534e-08
4324.225253778583 4 1.81654e-07
4325.55120260577 2 1.9809e-07
4326.392178621367 8 1.53057e-07
4328.081800537514 9 2.41208e-07
4331.975253664554 4 5.31047e-07
4332.801202913688 2 3.23612e-08
4336.931800928848 9 3.08308e-08
4341.625253805807 4 9.95877e-08
4346.43180073403 9 2.74906e-07
4347.275253951557 4 3.10281e-08
4348.042610485474 8 5.97081e-08
4348.05120253579 2 1.86353e-07
4355.442178861006 8 1.79975e-08
4366.329271908167 7 2.08706e-07
4372.92927214234 7 5.25021e-08
4389.779272011715 7 1.03897e-07
4393.742178468603 8 7.53589e-08
4400.992178707097 8 1.72228e-08
4410.492178429424 8 2.11216e-07
4420.87927232678 7 8.26752e-08
4428.12927210493 7 4.4896e-08
4430.542178752131 8 4.62352e-08
4437.792178340505 8 1.68431e-07
4462.492178323717 8 4.02539e-07
4464.101202552273 2 2.70214e-07
4464.925254201937 4 1.30226e-08
4468.142178374356 8 1.63189e-07
4472.15120263131 2 1.04751e-07
4473.792178309603 8 1.27655e-07
4478.429271980286 7 9.34829e-08
4482.642178736706 8 1.99775e-08
4489.892178363939 8 1.60525e-07
4498.479272127641 7 4.63347e-08
4517.879272114016 7 6.4322e-08
4536.179271806008 7 5.90895e-07
4540.081800803561 9 5.02275e-08
4541.567669264594 6 1.41328e-07
4541.609492608962 10 7.1346e-07
4547.367669187846 6 2.98457e-07
4547.409492496519 10 8.36529e-06
4552.281800742942 9 8.11953e-08
4553.209492711464 10 4.31287e-07
4553.817669329159 6 1.05641e-07
4559.009492506401 10 4.64012e-06
4559.467669239731 6 1.42061e-07
4561.781800957473 9 1.98837e-08
4564.809492555355 10 1.98777e-06
4565.117669139468 6 3.15438e-07
4569.03180079066 9 1.00253e-07
4570.609492861117 10 1.32432e-07
4574.831800878705 9 5.17159e-08
4577.967669363335 6 1.31984e-07
4578.009492980462 10 5.07647e-08
4582.581800762597 9 1.20975e-07
4588.87927194523 7 1.54995e-07
4597.87927188831 7 2.48253e-07
4606.079271968103 7 1.4636e-07
4610.374251094003 3 3.82164e-08
4619.07927174442 7 8.26402e-07
4624.879272044333 7 3.5306e-08
4630.209492909987 10 3.23235e-08
4630.631800836259 9 9.09911e-08
4631.767669572487 6 3.61004e-08
4635.859492993496 10 1.34891e-07
4636.28180082836 9 4.20544e-08
4637.56766929823 6 9.764e-08
4641.509492605026 10 6.91724e-07
4643.217669393498 6 6.28441e-08
4644.331800819327 9 1.09137e-07
4647.309492511449 10 5.74326e-06
4649.017669362217 6 1.06544e-07
4653.109493020209 10 6.31868e-08
4653.831800689057 9 9.30039e-08
4659.329272011356 7 9.62821e-08
4665.129271920321 7 1.95301e-07
4668.242178566502 8 8.80973e-08
4676.442178491833 8 6.52295e-08
4688.529271956224 7 9.28388e-08
4692.509493131955 10 6.24882e-08
4694.329271997433 7 1.07756e-07
4697.231800851316 9 7.71816e-08
4697.94217828827 8 6.53799e-07
4702.217669304199 6 1.16374e-07
4702.309492662093 10 3.4721e-07
4705.431800699296 9 3.85266e-08
4709.579271793493 7 4.56226e-07
4714.287224024113 5 2.3125e-08
4721.617669517658 6 5.68568e-08
4721.687223885843 5 5.73518e-08
4724.183579468181 11 1.20589e-08
4727.417669659565 6 2.66339e-08
4727.487223739279 5 1.85297e-07
4732.109492843384 10 1.26455e-07
4733.217669530415 6 2.65359e-08
4733.937477027915 5 7.71624e-07
4734.633579249832 11 4.61447e-08
4739.587224080712 5 4.74113e-08
4741.117669305083 6 6.76487e-08
4741.759492790184 10 3.1414e-07
4744.783579553631 11 3.82621e-09
4745.237224211551 5 1.47319e-08
4746.767669057634 6 2.02817e-06
4747.409492766557 10 4.06968e-07
4750.887223699434 5 2.99846e-07
4752.033578980335 11 1.5557e-07
4756.267669413264 6 5.61168e-08
4757.059493003202 10 2.05125e-08
4760.831800789827 9 9.99736e-08
4762.709492592719 10 9.17834e-07
4762.717669289686 6 2.45961e-07
4768.50949284172 10 1.30272e-07
4769.167669561286 6 3.03595e-08
4769.831800662379 9 7.42296e-08
4774.159492910049 10 9.69205e-08
4775.467669319306 6 4.91811e-08
4779.809492850268 10 1.3966e-07
4780.282287060364 9 9.70483e-08
4781.117669224167 6 5.89728e-08
4785.459492605038 10 2.03704e-07
4786.767669154661 6 3.11236e-07
4788.331800703432 9 8.0933e-08
4792.242178403329 8 1.23069e-07
4797.831801067413 9 5.28498e-08
4800.979272060448 7 4.82814e-08
4812.229272068994 7 1.09756e-07
4817.881801104775 9 1.13754e-08
4819.492178528687 8 4.34247e-08
4833.942178548145 8 4.18057e-08
4836.20120276333 2 6.57171e-08
4842.679272207482 7 5.00151e-08
4851.529272077678 7 8.19553e-08
4858.792178484143 8 5.67448e-08
4867.642178231209 8 2.7725e-07
4873.292488515308 8 7.65462e-09
4887.592178430425 8 2.17954e-07
4893.242178567109 8 4.84623e-08
4896.229271678696 7 3.2721e-06
4902.029271742605 7 9.78203e-07
4907.679272222636 7 1.46486e-07
4918.779271990366 7 6.43907e-08
4923.692178404929 8 1.10396e-07
4928.331800839327 9 9.87121e-08
4930.829271838271 7 8.74147e-08
4939.679272180205 7 4.26675e-08
4943.467669456321 6 8.74845e-08
4944.237223933677 5 6.94113e-08
4951.47425088362 3 1.90613e-07
4957.274251078062 3 4.54598e-08
4962.837224135477 5 2.98564e-08
4973.97927186351 7 8.87893e-08
4979.779272116565 7 8.17989e-08
4988.479271988281 7 9.49418e-08
4992.39217854617 8 4.48925e-08
4998.19217853321 8 6.29547e-08
4998.801202933764 2 5.44394e-08
5004.529272146341 7 4.12316e-08
5019.779271681764 7 4.91058e-07
5028.479271693241 7 9.34523e-07
5034.129272173063 7 6.50273e-08
5039.779272102625 7 9.23511e-08
5045.292178418408 8 2.09411e-07
5046.851202963342 2 1.97471e-08
5053.342178342965 8 1.70816e-07
5054.90120308724 2 3.29774e-08
5062.659493016677 10 5.33209e-08
5062.78180089369 9 7.46837e-09
5064.479272019154 7 1.35428e-07
5072.487224212627 5 5.29865e-08
5075.729272084743 7 1.74797e-07
5078.831800873848 9 3.88316e-08
5078.859492823087 10 7.80095e-08
5083.667669327161 6 2.04122e-07
5084.659492624929 10 5.51744e-07
5087.681800747831 9 1.79922e-07
5090.829271947196 7 2.40001e-07
5097.429271863595 7 1.21327e-07
5103.079272113715 7 4.86945e-08
5113.242178306324 8 3.80561e-07
5114.801203012008 2 2.39072e-08
5120.642178543945 8 1.5033e-07
5143.892178494563 8 1.44151e-07
5166.192178444064 8 1.39301e-07
5170.179272125007 7 1.73618e-08
5183.829271950918 7 1.03314e-07
5195.87930433301 7 3.76906e-07
5203.92425112153 3 7.4516e-08
5214.787224217177 5 2.68589e-08
5231.787223948438 5 6.60808e-09
5232.433579336427 11 4.96091e-08
5237.474250854796 3 1.82729e-07
5245.379271945578 7 6.53521e-08
5251.179271928554 7 2.29779e-07
5259.042178603935 8 7.69294e-08
5266.279272055322 7 5.91965e-08
5274.329272075965 7 8.94141e-08
5279.979271672962 7 2.94416e-06
5285.629272165692 7 5.7628e-08
5288.692178759331 8 2.79121e-08
5291.279272043778 7 4.88271e-08
5297.079272002199 7 1.1798e-07
5299.792178363489 8 3.88115e-07
5307.842178315755 8 1.58339e-07
5313.492178637778 8 6.68412e-08
5316.479271990548 7 7.82143e-08
5328.679272243763 7 6.01219e-08
5334.329271933851 7 1.15383e-07
5341.429271929204 7 1.64115e-07
5347.079272022776 7 3.48562e-08
5352.879272044694 7 1.14931e-07
5359.829271784276 7 2.502e-07
5383.079272439169 7 1.96828e-08
5387.792178389708 8 1.47636e-07
5394.329272072292 7 1.2917e-07
5398.242178370116 8 1.62515e-07
5401.429271858627 7 5.9451e-07
5407.079271951474 7 2.11138e-07
5412.729272340088 7 2.09181e-08
5415.09217865619 8 1.89486e-08
5420.742178526736 8 1.61645e-07
5424.531801026335 9 4.60773e-08
5426.22927188456 7 2.68128e-07
5432.029272383368 7 5.14562e-09
5436.517669568802 6 3.92427e-08
5439.929271979557 7 1.53822e-07
5443.117669317366 6 1.82588e-07
5444.559492866738 10 8.48297e-08
5447.033579112564 11 8.43769e-08
5447.037223712562 5 1.39327e-07
5451.159492992534 10 2.74855e-08
5451.167669310951 6 7.42657e-08
5456.037223745112 5 1.48791e-07
5457.759492908383 10 1.76167e-07
5457.76766928788 6 9.64787e-08
5461.833579123778 11 1.58162e-07
5461.837223748775 5 5.58469e-08
5467.633579428738 11 3.34461e-08
5467.637628892115 5 8.50611e-08
5473.43357948169 11 2.99846e-08
5473.437223953297 5 7.3323e-08
5473.967669347927 6 1.00046e-07
5474.609493201202 10 1.78329e-08
5479.237224138117 5 3.38182e-08
5479.767669352503 6 5.39725e-08
5480.259492836509 10 1.81934e-07
5488.737224019736 5 4.45056e-08
5490.859493031631 10 1.83329e-08
5491.167669423217 6 4.35972e-08
5493.483579185691 11 1.01183e-07
5494.387223873824 5 4.53864e-08
5497.46766932803 6 1.16181e-07
5498.25949293382 10 7.65864e-08
5500.037223910635 5 7.39174e-08
5502.183579120329 11 7.70683e-08
5505.687224057916 5 7.20228e-08
5507.983579062297 11 2.67247e-07
5511.337223632551 5 1.208e-07
5513.633579411906 11 1.42133e-08
5516.987223646111 5 2.41741e-07
5519.283578965256 11 3.98091e-07
5523.287223643754 5 6.0286e-07
5524.93357929038 11 1.1952e-07
5526.317669419468 6 8.38161e-08
5528.937223711664 5 3.5475e-07
5533.483601955933 11 4.63066e-07
5534.587223645686 5 4.65703e-07
5539.133579167852 11 7.08142e-08
5540.237223851067 5 2.52744e-07
5544.767669449384 6 1.01131e-07
5547.10949305448 10 4.77022e-08
5548.581800865855 9 9.23817e-08
5550.417669232204 6 1.32266e-07
5552.759493105917 10 8.04973e-08
5555.029271942383 7 9.42981e-08
5560.829272137084 7 5.18765e-08
5568.879272270461 7 8.30939e-08
5574.529271900765 7 6.30898e-08
5592.633579434609 11 1.10109e-08
5592.637224053044 5 1.67959e-08
5596.679272036904 7 1.07338e-07
5602.47927230266 7 4.90983e-08
5603.917669542457 6 1.54069e-08
5605.609493199983 10 1.25875e-08
5610.474251238078 3 2.59802e-08
5613.729271793656 7 4.12192e-07
5622.57927195371 7 1.24114e-07
5630.433579367609 11 2.37478e-08
5638.231800766699 9 1.29772e-08
5639.042178523323 8 1.55996e-07
5640.601202649089 2 6.54862e-08
5641.225253637131 4 1.63132e-07
5644.83180100833 9 1.64721e-08
5644.842178791155 8 6.62398e-09
5646.875253871284 4 4.20787e-08
5649.001202587191 2 2.29517e-07
5650.642178631021 8 1.96185e-08
5652.525254083526 4 1.3446e-08
5653.031800605975 9 2.09474e-07
5658.831800825932 9 4.11456e-08
5669.009493233342 10 3.10001e-08
5670.731801157454 9 9.91438e-09
5677.892178374685 8 1.84589e-07
5687.54217858361 8 8.43405e-08
5695.279271827105 7 2.34187e-07
5701.07927199275 7 1.01963e-07
5708.224251018168 3 4.24883e-08
5716.329272172156 7 4.44491e-08
5722.517669518466 6 2.09533e-08
5722.65949312881 10 6.33456e-08
5726.629271973355 7 9.81671e-08
5736.279272020931 7 8.57741e-08
5745.031800588828 9 2.29653e-07
5748.275254009035 4 3.54278e-08
5750.681800820209 9 6.46474e-08
5753.925253924168 4 9.05864e-08
5754.642178754459 8 3.6603e-08
5754.651202821985 2 2.04873e-08
5757.131800624942 9 1.64606e-07
5759.575253890606 4 7.76016e-08
5760.442178663237 8 1.15074e-08
5760.451202616055 2 5.74693e-08
5762.781800814976 9 8.27665e-08
5768.581800603288 9 1.02414e-07
5769.442178444958 8 1.68481e-07
5774.381800716621 9 1.734e-07
5775.82525375481 4 1.46835e-07
5780.981800849556 9 6.87293e-08
5782.251202894258 2 8.75992e-08
5782.27525423873 4 6.95536e-09
5782.292178361118 8 2.70302e-07
5786.781800692171 9 1.64185e-07
5792.075253625119 4 1.77818e-07
5792.851202584471 2 1.25634e-07
5793.542178442286 8 7.84576e-08
5795.481800676692 9 4.54305e-08
5798.651202835964 2 4.44945e-08
5798.67525380951 4 5.59967e-08
5804.475254067317 4 2.4143e-08
5805.931800695711 9 2.75525e-07
5810.125253616122 4 5.06705e-07
5810.701202824813 2 7.38859e-08
5811.581800821452 9 5.23416e-08
5816.425253728215 4 2.55753e-07
5818.031800908238 9 6.27521e-08
5818.742178797274 8 3.60784e-08
5818.75120278631 2 1.18205e-07
5822.075254153527 4 4.96032e-08
5824.54217869291 8 6.74225e-08
5824.551202455998 2 3.4152e-07
5826.73180083102 9 5.86302e-08
5830.775254124816 4 2.07058e-08
5832.381800634508 9 2.1511e-07
5838.031800616556 9 2.99847e-07
5841.129271896442 7 1.34996e-07
5846.929271850884 7 2.06438e-07
5850.709493160225 10 9.61064e-09
5850.717669625218 6 7.64091e-08
5853.529271978999 7 7.17338e-08
5856.631800885799 9 4.16835e-08
5857.54217829922 8 4.82637e-07
5859.151581156809 2 1.39291e-08
5864.031800751313 9 8.26492e-08
5864.509493034793 10 5.39637e-08
5872.129271924888 7 4.99639e-08
5880.329272152527 7 6.66097e-08
5885.979271921222 7 1.65872e-07
5892.142178371355 8 1.16669e-07
5900.992178325769 8 1.33099e-07
5902.551202873288 2 7.76884e-08
5912.242178517266 8 6.29553e-08
5929.892178637157 8 4.72392e-08
5938.679272209667 7 5.92608e-08
5941.031800999909 9 7.12871e-08
5941.059493344481 10 1.09063e-08
5944.329271901993 7 1.38012e-07
5947.631800785245 9 5.88693e-08
5950.779272068404 7 6.57552e-08
5960.837224115002 5 5.89897e-08
5962.617669711373 6 2.97527e-08
5966.709493263931 10 3.3188e-08
5968.279272137988 7 1.28368e-07
5972.237223901491 5 4.2341e-08
5972.283579279707 11 2.643e-08
5980.329272191144 7 2.59718e-08
5986.929271822555 7 3.40088e-07
5994.592178522484 8 6.87951e-08
6004.392178534988 8 1.09643e-07
6012.44217843745 8 7.15304e-08
6018.092178864677 8 1.60029e-08
6031.592178541772 8 5.78716e-08
6039.629271975481 7 4.91938e-08
6055.492178470569 8 1.4838e-07
6057.001203031292 2 2.92519e-08
6066.879272347287 7 1.26643e-08
6075.729271671458 7 2.76644e-06
6081.379271965643 7 1.58178e-07
6087.679272015392 7 8.7395e-08
6112.574250892605 3 9.15078e-08
6118.224250778736 3 4.85627e-07
6123.874251179581 3 3.38275e-08
6133.867669321447 6 7.10898e-08
6133.959492977429 10 6.83187e-08
6138.431800776058 9 1.36217e-07
6142.092178146595 8 1.8524e-06
6148.542178749797 8 1.57281e-08
6154.929272106724 7 6.04834e-08
6161.3594933911 10 2.82281e-08
6162.179271868072 7 2.78047e-07
6166.192178464894 8 3.45216e-08
6168.629272238839 7 6.07495e-09
6171.009493168919 10 4.41895e-08
6177.479271878313 7 1.54132e-07
6188.642178818185 8 1.81223e-08
6194.292178605596 8 8.07195e-08
6205.542178397093 8 2.87109e-07
6209.379272284127 7 3.10435e-08
6215.667669794102 6 1.97579e-08
6216.581800937902 9 4.48519e-08
6219.029272086138 7 8.07558e-08
6221.467669523267 6 3.86008e-08
6231.074251355511 3 1.35052e-08
6238.27927226397 7 4.83074e-08
6240.659493198051 10 2.64571e-08
6242.231801098051 9 4.06869e-08
6246.329272082891 7 1.76902e-08
6271.042178279177 8 1.65227e-07
6272.601202897809 2 1.40058e-08
6287.829271873448 7 3.8626e-07
6290.959492967434 10 2.21134e-08
6291.081800712798 9 1.06744e-07
6296.679271986238 7 3.81203e-08
6304.729272220795 7 4.26308e-08
6306.967669728415 6 3.48198e-08
6312.779272208755 7 5.57204e-08
6314.35949290407 10 5.62726e-08
6315.131800795137 9 1.06601e-07
6315.967669692678 6 2.11994e-08
6320.781800735988 9 6.73219e-08
6322.259492672509 10 2.33635e-07
6323.067669297103 6 9.09121e-08
6327.909492861893 10 9.87311e-08
6329.517669334854 6 1.3503e-07
6333.559492743847 10 2.39752e-07
6335.167669353404 6 1.71129e-07
6339.209492659303 10 4.35428e-07
6340.817669127739 6 5.58615e-07
6344.859492770704 10 3.62098e-07
6346.467669102207 6 4.51601e-07
6348.681800902704 9 7.54769e-08
6355.079272057438 7 3.37108e-08
6359.892178496689 8 1.31279e-07
6364.729272218534 7 8.09991e-08
6372.742178645435 8 6.46366e-08
6375.979271756586 7 9.4344e-07
6384.792178735663 8 4.56524e-08
6392.842178834851 8 2.8763e-08
6407.229272091081 7 1.1788e-07
6431.12927196122 7 4.81081e-08
6441.57927183548 7 4.79363e-07
6448.029271861637 7 2.75547e-07
6456.759493254917 10 1.76341e-08
6458.329271857136 7 2.10492e-07
6463.979272213458 7 1.7965e-08
6469.629271725942 7 2.67892e-07
6475.429272085972 7 7.70009e-08
6482.029272034719 7 1.14767e-07
6490.324251163056 3 3.65157e-08
6496.629271823061 7 2.38781e-07
6504.829272381227 7 4.08941e-08
6512.079272169755 7 4.71853e-08
6519.179272174592 7 4.32619e-08
6527.229272191449 7 3.71878e-08
6533.029272137221 7 9.8117e-08
6545.542178466661 8 7.96881e-08
6557.579271936814 7 9.99429e-08
6571.229271851679 7 2.37242e-07
6577.679271842148 7 1.07907e-07
6583.329272055332 7 4.9964e-09
6585.59217863234 8 1.97721e-08
6588.651202849977 2 2.71537e-08
6600.82927194213 7 1.06651e-07
6608.079272032413 7 2.00794e-07
6620.04217825992 8 3.23456e-07
6633.542178274971 8 8.41506e-07
6636.73180110542 9 9.18475e-09
6645.592178412533 8 9.55651e-08
6659.979271915275 7 1.08469e-07
6668.042178554529 8 5.73512e-08
6672.029271816441 7 3.64072e-07
6676.009493131366 10 2.34921e-08
6676.76766936853 6 6.71767e-08
6681.237223727822 5 3.61104e-07
6681.283579184976 11 7.78718e-08
6686.567669490314 6 1.85799e-08
6688.637223636179 5 2.49133e-07
6688.683579097661 11 1.78011e-07
6693.667669412404 6 1.34553e-07
6698.459493035001 10 7.90032e-08
6699.31766967617 6 3.72763e-08
6704.83722403942 5 3.89658e-08
6704.883579508203 11 4.02824e-08
6706.509493058497 10 2.43001e-08
6706.56766936647 6 1.18343e-07
6713.037223877336 5 1.42347e-07
6713.883579376328 11 8.99992e-08
6718.837223940802 5 6.02352e-08
6720.367669307857 6 4.17668e-08
6721.109493244427 10 1.38088e-08
6721.783579289544 11 3.4793e-08
6727.037223679522 5 6.82192e-08
6727.583579046109 11 4.29668e-08
6732.687223709796 5 1.52831e-07
6733.383579425159 11 4.07035e-08
6738.337224024112 5 5.92342e-08
6738.967669547444 6 2.84202e-08
6740.783579370368 11 8.94593e-08
6742.459493009151 10 9.82463e-08
6743.987223701206 5 2.7343e-07
6746.36766931172 6 6.64093e-08
6748.109493020272 10 5.36779e-08
6750.329271856741 7 3.04387e-07
6755.142178659188 8 1.64158e-08
6761.742178576091 8 6.34354e-08
6771.392178357431 8 4.21846e-07
6771.901202618992 2 1.76965e-07
6782.529271981727 7 1.37338e-07
6788.979272090512 7 8.71826e-08
6796.879272111179 7 1.2988e-07
6802.529271956164 7 1.63905e-07
6808.979271921872 7 6.48653e-08
6814.629272152656 7 3.44847e-08
6829.692178273295 8 2.36009e-07
6837.742178366828 8 4.0928e-07
6873.79217861141 8 3.27835e-08
6885.692178615055 8 2.23756e-08
6892.129271869303 7 1.51419e-07
6896.817669725014 6 1.86313e-08
6896.837223804664 5 1.09211e-07
6897.683579053928 11 3.78423e-07
6902.637223752859 5 1.46725e-07
6903.483579198327 11 4.77834e-08
6907.417669421588 6 3.88904e-08
6908.159493072533 10 5.99153e-08
6910.537223790422 5 2.47087e-08
6911.38357920987 11 5.04335e-08
6914.667669544352 6 6.20748e-08
6916.979271934343 7 1.82502e-07
6925.581800767691 9 1.4325e-07
6925.809493102834 10 1.45027e-08
6928.317669215222 6 1.83446e-07
6931.459492501195 10 6.4168e-06
6933.967669617343 6 3.50231e-08
6936.981800817197 9 5.43146e-08
6937.10949302376 10 6.66896e-08
6940.267669372839 6 8.4081e-08
6942.781801073519 9 2.95737e-08
6944.229272071975 7 5.04445e-08
6966.679272151841 7 7.13515e-08
6983.342178596664 8 8.34388e-08
6987.379271986088 7 6.97314e-08
6991.3676693797 6 6.09383e-08
6992.209492986495 10 2.73751e-08
6992.98722404682 5 4.58876e-08
6996.233579048826 11 1.75879e-07
6998.787223649391 5 3.49114e-07
7000.367669462354 6 1.93184e-08
7005.23722412313 5 1.82423e-08
7008.433579252277 11 4.986e-08
7010.017669612307 6 5.285e-08
7012.487782999355 5 6.05243e-08
7015.667669221579 6 1.61506e-07
7016.40949269977 10 3.35434e-07
7022.779272239161 7 4.56955e-08
7029.974250915889 3 2.12359e-07
7035.624251397338 3 4.66586e-08
7041.881800813347 9 3.54326e-08
7044.459493141205 10 3.34274e-08
7046.029271821582 7 4.75833e-07
7051.542178401909 8 1.76483e-07
7057.929271837564 7 1.84398e-07
7063.57927214741 7 5.83105e-08
7088.38722393218 5 7.72644e-08
7089.13357952989 11 5.54996e-08
7092.429271968079 7 2.49488e-07
7097.992178788399 8 4.06541e-08
7110.042178325196 8 4.21534e-07
7123.5421786839 8 5.49181e-08
7129.992178460687 8 1.93478e-07
7134.729272135637 7 1.33982e-07
7137.931800667426 9 1.59286e-07
7138.759492865908 10 3.63094e-08
7139.567669450045 6 4.75031e-08
7143.731801181702 9 2.80318e-08
7145.359492860529 10 4.36518e-08
7149.531800467803 9 1.96352e-06
7152.101202575603 2 3.56285e-07
7152.142178447172 8 3.99195e-08
7152.675253801733 4 1.053e-07
7155.831800872909 9 7.5992e-08
7158.701202973374 2 3.22104e-08
7158.742178603709 8 5.07583e-08
7161.482169801567 9 7.4842e-08
7167.781800629163 9 1.57162e-07
7170.101202571688 2 1.20741e-07
7170.17525389051 4 9.96093e-08
7170.942178757833 8 2.27539e-08
7175.831800475618 9 8.42419e-07
7181.575253858488 4 6.30742e-08
7181.631801018656 9 5.2568e-08
7182.301202691345 2 1.68385e-07
7182.342178517224 8 8.47111e-08
7187.431800821318 9 7.5894e-08
7188.975253929713 4 1.93402e-08
7189.701202729723 2 9.24459e-08
7190.392178470386 8 1.36261e-07
7193.231800532453 9 4.64965e-07
7197.409493121745 10 1.4127e-08
7198.167669492871 6 2.2656e-08
