0.941970178748 5 1.97723e-07
3.440578946541 9 1.03561e-08
6.741970478953 5 2.81437e-08
9.090578654295 9 6.10787e-08
25.72402279284 6 7.90844e-09
26.890578934991 9 2.89659e-08
29.003613484127 7 3.97432e-08
30.64718995615 10 1.49652e-06
37.203613530963 7 7.98129e-09
37.247190111593 10 1.99761e-07
49.990578646877 9 5.86916e-08
50.791970158341 5 1.83472e-07
55.790578961856 9 4.52856e-08
56.591969948186 5 7.73382e-07
62.391970153181 5 1.38187e-07
68.191970340721 5 4.27588e-08
68.640578489457 9 4.89721e-07
69.862942583198 8 1.57376e-07
72.29712963645 2 1.52192e-07
76.040578712408 9 3.70308e-08
76.162942686673 8 1.38889e-07
78.574022641919 6 1.8035e-07
82.203613437176 7 2.73656e-07
82.89719058481 10 3.09268e-08
84.224022606782 6 1.54811e-07
87.44057883848 9 3.56673e-08
88.091970245161 5 4.62382e-08
90.674022696383 6 1.77032e-07
92.003613902858 7 4.80194e-08
94.647189998796 10 1.01813e-06
97.803613376204 7 7.40643e-07
101.09057897473 9 3.45173e-08
101.124022425287 6 9.54824e-07
104.253613599671 7 4.69295e-08
109.747189932356 10 1.86328e-06
110.053613520764 7 1.41659e-07
115.547190185952 10 2.54168e-08
117.953613574254 7 1.0441e-07
121.197190192814 10 1.24978e-07
124.896020179652 4 4.10951e-08
126.803613835795 7 4.52842e-08
126.847190406196 10 4.07259e-08
140.946020115123 4 1.44687e-08
149.146020189819 4 1.66299e-08
158.946020277796 4 1.32432e-08
164.746019916452 4 4.72238e-08
178.546019979675 4 4.9645e-08
180.647190465426 10 2.68882e-08
181.253613757216 7 5.44426e-08
184.137517566082 11 6.20845e-07
187.39601976284 4 9.04352e-08
189.93751777433 11 1.65723e-07
193.196019887662 4 1.20003e-07
195.737518135592 11 2.51733e-08
196.374022719014 6 5.9888e-08
198.524320981458 3 1.0868e-07
203.787517862329 11 6.67582e-08
204.324320816962 3 2.04235e-07
209.437517956652 11 8.74834e-08
210.12432129719 3 3.2038e-08
215.924320916872 3 1.03344e-07
218.137517879173 11 6.30145e-08
221.724321163349 3 4.00339e-08
223.787518029581 11 4.84592e-08
227.374321144232 3 5.85603e-08
231.837517683301 11 1.97658e-07
233.174320858671 3 2.61505e-07
238.974320925608 3 1.18757e-07
242.974023037368 6 3.98018e-08
244.687518012345 11 5.91505e-08
244.77432068903 3 4.76465e-06
250.574321043361 3 6.77293e-08
252.887518151434 11 3.77386e-08
256.224320857423 3 3.35691e-07
258.612942928587 8 2.17655e-08
260.787517910955 11 5.68135e-08
262.024320804508 3 9.4876e-08
267.82432119052 3 1.66806e-08
273.474320695307 3 1.60942e-06
273.487517952881 11 3.10344e-08
279.274321071463 3 5.34464e-08
279.28751754057 11 3.46229e-07
285.074320855449 3 1.24178e-07
289.087518162093 11 3.39216e-08
292.474022673043 6 6.71474e-08
300.446019880926 4 7.31352e-08
302.087517547188 11 3.56685e-07
308.52402247294 6 1.3389e-07
310.590578889513 9 3.19332e-08
313.303613534893 7 1.18617e-07
314.14719020536 10 4.11514e-08
316.574022818813 6 5.00484e-08
318.790578618429 9 1.39674e-07
320.141970131518 5 3.68056e-08
325.390578568383 9 1.82414e-07
325.791970543869 5 2.88013e-08
331.441970552665 5 2.95733e-08
331.990578621377 9 1.41697e-07
332.197129778297 2 4.61198e-08
337.241970469698 5 1.01605e-08
339.174022687845 6 9.23474e-08
339.240578755357 9 1.17134e-07
340.762942970609 8 4.01557e-08
344.974022720192 6 1.22006e-07
345.040578982774 9 5.57975e-08
348.662942843185 8 5.32937e-08
351.574022644218 6 1.41973e-07
354.962942625961 8 1.20951e-07
355.640578462751 9 2.41214e-07
358.241970384949 5 2.44582e-08
360.612942747698 8 6.20076e-08
361.440578713044 9 6.56303e-08
362.17402279748 6 2.84346e-08
366.937517953495 11 2.6353e-08
368.496019891243 4 3.2527e-08
371.974022408466 6 1.30432e-06
377.624022640444 6 2.78954e-07
382.424321050322 3 9.02066e-08
385.537517787126 11 2.69947e-08
389.674320819263 3 1.92185e-07
393.737517591463 11 7.0126e-07
395.324320766191 3 7.08372e-07
399.387859804418 11 6.68934e-08
400.9747260757 3 3.95241e-08
404.874022665885 6 1.11975e-07
408.840578708818 9 8.27012e-08
411.091970365782 5 2.25658e-08
412.747129996675 2 4.18377e-08
414.412942932858 8 5.32251e-08
414.490578594062 9 2.37242e-07
414.524022860096 6 3.04047e-08
416.741970183852 5 9.47552e-08
419.997129550866 2 4.43795e-07
423.412942611074 8 1.96219e-07
424.290578437954 9 3.89905e-07
425.797129647023 2 8.89814e-08
430.090578947904 9 1.62993e-08
432.14197017738 5 9.61987e-08
434.012942838374 8 4.85384e-08
439.740578634013 9 1.07833e-07
439.812942506584 8 2.40565e-07
442.5740228351 6 6.55788e-08
445.612942379527 8 1.58194e-06
446.340578611283 9 9.13534e-08
448.224022563826 6 1.19795e-07
451.412942880933 8 3.05909e-08
454.024022821897 6 1.09189e-07
454.540578869986 9 1.22504e-07
457.641970219238 5 1.61782e-07
460.112942580182 8 6.15687e-08
460.190578495827 9 2.86536e-07
461.447129917196 2 4.42838e-08
465.990578932263 9 2.84348e-08
467.247129832413 2 9.22587e-08
468.162942680962 8 2.19571e-07
469.424022746241 6 5.48715e-09
471.790578333992 9 1.17237e-05
474.841970584026 5 1.04384e-08
476.097129616636 2 8.55177e-08
478.390578830483 9 6.25566e-08
481.747129609406 2 5.55412e-08
483.262942932331 8 4.03422e-08
484.040578589992 9 1.18794e-07
484.641970627751 5 1.06976e-08
486.424022693655 6 7.88747e-08
489.353613463215 7 1.0571e-07
490.047190205934 10 6.72067e-08
495.847190265259 10 1.25263e-07
501.553613396658 7 1.09805e-07
501.647189997503 10 1.17078e-06
506.496019802879 4 1.67809e-07
510.553613349998 7 1.04663e-06
510.647190155096 10 2.30084e-07
519.647190024773 10 4.03083e-07
520.203613423563 7 1.66226e-07
524.87402281707 6 6.86107e-08
526.00361321556 7 7.9842e-06
526.097190166821 10 1.14781e-07
531.897190542787 10 3.46897e-08
535.35361346567 7 3.56961e-08
537.697189940702 10 3.01895e-07
542.603613453454 7 1.70206e-07
543.347190229873 10 7.30835e-08
548.146019833165 4 9.30486e-08
560.196019985981 4 2.12252e-08
566.646020015274 4 1.89563e-08
572.296020209106 4 3.66771e-08
582.596019809497 4 8.32264e-08
590.503613741857 7 1.94483e-08
591.397577272304 10 5.98296e-08
597.047190395698 10 3.92584e-08
602.697190288432 10 7.66356e-08
608.15361373275 7 1.11885e-07
608.347190492581 10 3.4638e-08
610.496020079975 4 1.0652e-08
613.997190178863 10 2.23495e-07
617.803613418362 7 3.88943e-07
619.647190315392 10 3.62644e-08
623.453613782982 7 7.42747e-08
624.124022440417 6 4.81416e-07
625.69057864484 9 9.00313e-08
626.512942525671 8 4.7463e-07
628.097129522155 2 1.64775e-07
631.490578906606 9 4.0813e-08
641.991970203483 5 1.74574e-08
642.090578845963 9 3.25646e-08
644.312942644299 8 2.43157e-07
645.92402271453 6 4.31097e-08
647.890578751103 9 1.21522e-07
660.874022741409 6 5.85813e-08
662.403613707071 7 2.71369e-08
664.890578807555 9 3.64012e-08
666.391970348333 5 2.78347e-08
668.92402248324 6 4.18306e-07
701.803613654772 7 4.34895e-08
702.447190463199 10 7.85657e-08
722.574022601444 6 1.21973e-07
725.687517830895 11 9.13e-08
728.14601972544 4 4.01745e-07
731.48751799994 11 3.06081e-08
734.596020103385 4 5.13348e-08
737.137517631746 11 2.53524e-07
740.246019911266 4 4.12262e-08
742.787517752793 11 1.4237e-07
745.896019936929 4 3.90188e-08
749.737517811876 11 7.45607e-08
751.546020030283 4 3.54457e-08
755.387517803996 11 1.30809e-07
759.274022560523 6 1.02832e-07
761.703613745651 7 6.73105e-08
765.074022788628 6 4.36827e-08
766.540578932935 9 2.7677e-08
792.190578676553 9 2.83602e-08
792.991970241076 5 6.57669e-08
796.974022607138 6 1.98052e-07
799.353613508513 7 7.12528e-08
800.097532324309 10 6.4931e-08
803.424022701879 6 5.63009e-08
805.003613581742 7 9.38344e-09
809.074022323352 6 2.88457e-06
810.640578983588 9 1.86858e-08
814.462942945617 8 3.1557e-08
816.074320817199 3 4.90552e-07
821.687517627151 11 2.7148e-07
821.874467021753 3 1.05565e-08
828.174321201566 3 2.97649e-08
831.337517771668 11 1.54967e-07
833.82432108357 3 1.20899e-08
836.974023001628 6 2.72668e-08
838.587517819148 11 6.24794e-09
839.474321085361 3 2.37737e-08
845.125118880407 3 2.27746e-08
845.837517644664 11 1.30001e-07
850.774320982052 3 1.58646e-07
856.42432085885 3 1.87441e-07
857.887517731979 11 8.1903e-08
860.22402266748 6 1.69364e-08
861.712943048286 8 2.10367e-08
863.374320953615 3 5.83101e-08
864.187517644872 11 1.92194e-08
869.02478223361 3 2.26473e-07
869.837517855031 11 1.0679e-07
874.674320956185 3 1.05889e-07
877.887517729632 11 1.68269e-07
883.537517645955 11 9.45569e-08
884.174321109202 3 5.76377e-08
889.824746075885 3 4.42734e-08
893.83751756107 11 6.27003e-07
896.124022672631 6 1.26291e-07
898.524320730642 3 1.687e-06
900.287518183381 11 5.8006e-08
904.174321110206 3 4.70662e-08
906.587518017932 11 1.45687e-07
909.824321188796 3 4.69853e-09
915.474466807479 3 1.45925e-07
918.637517878773 11 8.71956e-08
921.1243210007 3 1.01591e-07
925.774022694762 6 3.88368e-08
928.374320861969 3 5.73788e-08
929.087517669463 11 7.66434e-08
934.624022661933 6 8.37137e-08
937.703613813959 7 2.11563e-08
940.424022436021 6 2.93926e-07
947.340578542698 9 3.56092e-07
951.524022637671 6 1.02953e-07
955.474320978901 3 1.24414e-07
957.787517855149 11 1.16048e-07
962.774022987066 6 6.15076e-08
963.524320858831 3 3.59942e-07
963.587517931502 11 7.36052e-08
969.324321158229 3 6.57484e-08
973.087517965484 11 8.14193e-08
974.974321112777 3 6.41407e-08
978.737517874695 11 8.43531e-08
980.624320929195 3 1.26297e-07
986.42432113984 3 1.50157e-08
992.224321018096 3 3.62326e-08
997.837517834271 11 8.02278e-08
997.874321072802 3 6.08151e-08
1003.674320865328 3 1.39775e-07
1009.087517766969 11 1.01127e-07
1009.324321060278 3 5.64838e-08
1014.737517650966 11 3.89506e-07
1014.974321058041 3 7.30986e-08
1020.387517982786 11 3.73468e-08
1020.624321038731 3 3.39988e-08
1026.037517768742 11 9.9942e-08
1026.424320812567 3 9.58955e-08
1032.224321207114 3 1.29824e-08
1034.737517835023 11 7.98294e-08
1037.874320801823 3 1.88319e-07
1043.524321327303 3 2.75221e-08
1044.162942796245 8 7.5277e-08
1048.237517697154 11 1.53867e-07
1049.174430572443 3 3.25027e-06
1054.824320971917 3 2.74697e-08
1057.087517728235 11 9.49209e-08
1060.474320962703 3 6.09171e-08
1066.124321002596 3 7.26355e-08
1072.187517832729 11 1.03914e-07
1073.074321046383 3 7.55622e-08
1078.87432073732 3 1.08904e-06
1081.987517817989 11 1.1217e-07
1084.524320986804 3 7.6803e-08
1090.174320897092 3 1.5557e-07
1095.824321346034 3 2.63347e-08
1096.36294288733 8 2.25938e-08
1101.624321129339 3 3.81571e-08
1105.087517603908 11 2.61346e-07
1107.424320931339 3 8.39804e-08
1112.27402245512 6 4.35266e-07
1114.553613457525 7 1.38498e-07
1115.347190300101 10 8.8027e-08
1126.596020117008 4 2.27937e-08
1138.796020132368 4 1.07502e-08
1144.347190300553 10 1.52152e-07
1144.35361353601 7 2.79882e-07
1150.147190504419 10 3.13617e-08
1155.79719042072 10 3.09749e-08
1160.403613455654 7 6.55852e-08
1161.597190127552 10 2.58941e-07
1166.053613685456 7 5.90488e-08
1167.39719011943 10 1.92671e-07
1171.7036132446 7 3.91204e-06
1173.197190089107 10 1.92409e-07
1178.847190317297 10 8.08916e-08
1179.603613749106 7 5.51026e-08
1185.147190156064 10 1.1066e-07
1185.253613449084 7 1.87649e-07
1189.124022627527 6 8.12587e-08
1192.190578919524 9 5.17734e-08
1192.741970243769 5 5.07146e-08
1197.990578341583 9 1.29129e-06
1199.462942449243 8 1.65288e-07
1201.32402265667 6 1.39072e-07
1203.790578815325 9 4.72135e-08
1204.141970263674 5 1.1174e-07
1206.974022664082 6 1.21285e-07
1208.464040698479 8 9.8536e-08
1209.44057845852 9 5.9912e-07
1210.797129884892 2 3.7241e-08
1214.262942948387 8 6.7964e-08
1215.09057855637 9 2.15382e-07
1218.047129784865 2 5.13097e-08
1219.912942861628 8 5.12941e-08
1220.740578550319 9 1.37784e-07
1222.141970127012 5 1.29888e-07
1225.424022495095 6 4.81465e-07
1225.562942883814 8 8.13367e-08
1230.240578815484 9 5.24439e-08
1231.224022686181 6 2.99523e-08
1235.062942917264 8 3.52971e-08
1235.890578597301 9 2.60716e-07
1237.391970375154 5 3.61368e-08
1241.690578941921 9 1.51556e-08
1243.191970310255 5 8.23141e-08
1244.862942785408 8 7.91055e-08
1246.147129634913 2 1.30088e-07
1248.290578933274 9 2.66423e-08
1250.662942684519 8 2.67303e-08
1256.462942467063 8 2.49436e-07
1258.090578444424 9 4.38875e-07
1260.541970278447 5 1.15563e-07
1262.047129710289 2 2.7946e-08
1263.862942675885 8 6.27576e-08
1263.89057849174 9 5.08971e-07
1268.647129788501 2 5.75482e-08
1269.690578541316 9 2.26325e-07
1271.762942567869 8 3.52742e-07
1275.49057880909 9 4.96008e-08
1275.791970105205 5 1.30738e-07
1281.29057842264 9 7.55115e-07
1282.212942768905 8 1.25122e-07
1282.947129672225 2 1.27475e-07
1287.090578357332 9 1.59049e-06
1289.441970095835 5 1.89871e-07
1292.740578982324 9 2.26256e-08
1294.174022948246 6 1.71569e-08
1294.903613233048 7 2.0194e-06
1295.747190055545 10 1.99019e-07
1301.547190171106 10 1.37205e-07
1306.303613458557 7 9.84782e-08
1307.197190204954 10 1.09226e-07
1311.953613677845 7 7.22303e-08
1312.847595019856 10 4.64841e-07
1317.603613703557 7 8.61011e-08
1318.374022574009 6 1.67626e-07
1319.991676470203 9 5.30898e-07
1320.664040820306 8 3.49362e-08
1324.024023010678 6 2.96173e-08
1325.640578840281 9 7.05371e-08
1327.112942644529 8 1.53929e-07
1332.912942514397 8 2.13396e-07
1334.490578498775 9 3.11638e-07
1338.347129863937 2 3.40721e-08
1338.712942657772 8 5.66294e-08
1340.290578516157 9 1.06379e-07
1341.524022824419 6 8.51751e-08
1343.903613566162 7 1.81935e-07
1343.997190298737 10 4.48218e-08
1353.296019782453 4 2.29476e-07
1370.946019819914 4 9.87873e-08
1376.596020016543 4 5.54241e-08
1381.703613594807 7 7.19351e-08
1381.797190413762 10 3.83923e-08
1387.503613825911 7 4.4279e-08
1387.597190438765 10 5.96312e-08
1391.696020100433 4 1.67518e-08
1394.103613541209 7 1.42691e-07
1395.674022499207 6 2.34206e-07
1401.474022636618 6 5.53639e-08
1402.112942713385 8 3.7259e-08
1406.090578500615 9 1.77833e-07
1407.124022544785 6 2.99969e-07
1409.35361344108 7 6.08568e-08
1410.197541165458 10 1.49197e-07
1415.803613546165 7 8.53208e-08
1415.84719021907 10 1.60439e-07
1419.824022582923 6 2.02912e-07
1421.340578776307 9 4.92718e-08
1422.94197061665 5 3.53192e-08
1424.562942718247 8 2.53455e-08
1427.140578734488 9 3.17218e-08
1429.647129540556 2 1.01409e-07
1432.741970561289 5 3.9817e-08
1432.940578527616 9 2.01126e-07
1433.562942736207 8 8.39352e-08
1436.024022519387 6 3.8265e-07
1439.587517713031 11 2.09515e-07
1443.424022410466 6 6.91116e-07
1446.403613573422 7 1.49311e-07
1448.047189994077 10 1.40995e-06
1452.203613420608 7 1.78166e-07
1453.847190189571 10 9.4469e-08
1459.603613585063 7 6.54761e-08
1459.647190142473 10 9.60502e-08
1462.02402264041 6 1.03724e-07
1465.940578844964 9 4.29767e-08
1465.942294411594 5 1.02789e-07
1471.740578891464 9 7.91985e-08
1473.424022422961 6 2.42236e-07
1476.424321106908 3 4.92412e-08
1478.56294290859 8 5.54965e-08
1482.224321233172 3 1.16877e-08
1486.037517613827 11 4.19371e-07
1488.024320917267 3 6.28784e-08
1491.837517649986 11 5.06226e-08
1493.674321083886 3 3.3816e-08
1499.324321049648 3 7.22262e-08
1499.887517474271 11 4.00169e-07
1503.074022561402 6 2.10012e-07
1506.487517997798 11 2.04455e-08
1508.724022583715 6 2.54332e-07
1514.313284728674 8 9.88616e-08
1514.374022636821 6 4.44345e-08
1514.991676877888 9 1.31125e-07
1520.790578965145 9 4.56956e-08
1522.34197042623 5 1.00915e-08
1526.497129800694 2 9.12394e-08
1526.590578553336 9 6.06222e-08
1527.31294267141 8 1.59035e-07
1533.112942632907 8 1.10558e-07
1534.697129819589 2 4.88921e-08
1534.790578585058 9 1.56479e-07
1540.59057850011 9 2.705e-07
1540.641970493838 5 5.87194e-08
1543.712942890696 8 6.72446e-08
1546.390578860584 9 6.72806e-08
1546.441970421476 5 4.37013e-08
1551.874022373543 6 1.6143e-06
1553.512942581414 8 2.21191e-07
1554.290578609861 9 1.64696e-07
1556.247129712899 2 4.49714e-08
1559.940578719238 9 6.13493e-08
1559.962942989525 8 1.4752e-08
1562.047130157639 2 2.0802e-08
1563.92402261312 6 7.45908e-08
1565.740578446621 9 6.56572e-07
1565.762942669293 8 1.09253e-07
1571.540578848708 9 2.65396e-08
1574.991970437794 5 2.44236e-08
1577.340578627387 9 8.5646e-08
1577.574022745843 6 1.1701e-07
1578.312942618746 8 1.6651e-07
1583.140578747378 9 7.52202e-08
1583.22402302071 6 1.48099e-08
1584.641970308744 5 6.13344e-08
1589.740578549165 9 2.28433e-07
1591.247129542822 2 6.10218e-08
1591.962943132085 8 2.75621e-08
1597.490578788963 9 2.66422e-08
1597.524022580984 6 1.45681e-07
1597.612942935657 8 2.79997e-08
1603.324022838573 6 6.85682e-08
1603.803613432443 7 2.32513e-07
1604.647190535767 10 2.20405e-08
1608.062942401857 8 1.06178e-06
1608.090578757987 9 4.29768e-08
1610.347129652394 2 8.1185e-08
1611.891970290444 5 1.14116e-07
1616.147130121592 2 3.77439e-09
1616.290578768022 9 6.33435e-08
1617.691970292794 5 6.23907e-08
1624.340578768373 9 6.61713e-08
1624.824022564366 6 1.67851e-07
1625.562942894768 8 2.99102e-08
1630.403613798832 7 6.98041e-08
1632.941970196819 5 7.77731e-08
1633.340578834544 9 1.30422e-08
1638.59197026064 5 1.02447e-07
1640.740578533377 9 2.10969e-07
1642.4471299823 2 3.64442e-08
1644.241970234389 5 3.45351e-08
1646.474022642745 6 1.84634e-07
1646.540579050383 9 2.2235e-08
1648.053613565699 7 1.75544e-07
1649.497190311111 10 6.44643e-08
1653.853613510112 7 1.28941e-07
1656.274022576595 6 1.55634e-07
1657.612942680954 8 6.37474e-08
1657.790578747219 9 3.14756e-08
1661.697129622341 2 3.29151e-07
1665.84057863099 9 1.22069e-07
1667.04197030546 5 6.18407e-08
1672.691970149497 5 2.67286e-07
1674.69057863234 9 2.206e-07
1676.974022906871 6 6.82847e-08
1677.812942428806 8 9.05586e-07
1682.090578903639 9 3.68227e-08
1683.462942687601 8 1.26816e-07
1684.797129877834 2 7.41773e-09
1687.890578359592 9 3.11918e-06
1689.524022660236 6 1.20807e-07
1707.141970361856 5 5.96295e-08
1711.140578697472 9 4.90276e-08
1713.591970087779 5 2.82046e-07
1716.790578646343 9 1.4489e-07
1718.297129682501 2 7.3136e-08
1721.462942589909 8 1.31572e-08
1722.440578761573 9 6.20189e-08
1723.974022601283 6 2.5746e-07
1727.053613483115 7 3.32937e-07
1728.647190110757 10 7.68023e-08
1732.853613593386 7 8.51644e-08
1733.774022857064 6 4.10191e-08
1738.490578770552 9 5.73489e-08
1739.42402297784 6 2.73132e-08
1740.841970566043 5 1.14074e-08
1742.312942664178 8 3.15847e-08
1744.290578761771 9 8.58643e-08
1746.641970273445 5 3.14776e-08
1754.041970050038 5 2.43294e-07
1756.340578681371 9 2.66677e-07
1759.691970132695 5 1.34917e-07
1762.140578637323 9 1.35974e-07
1763.32402250232 6 4.02509e-07
1764.903613582949 7 5.35598e-08
1766.447190333676 10 1.00832e-08
1769.124022411823 6 5.14871e-07
1770.990578642825 9 1.27896e-07
1771.312942461667 8 1.91744e-07
1774.547129966247 2 4.03538e-08
1776.64057879878 9 8.2179e-08
1777.112943059173 8 1.10313e-08
1777.324022417645 6 9.14516e-07
1782.59712986494 2 3.21501e-08
1782.762942697458 8 5.54037e-08
1783.24057838396 9 1.25552e-06
1785.841970335613 5 1.60983e-08
1789.040578604898 9 2.44974e-08
1789.362942713517 8 1.11793e-07
1791.147129342729 2 5.24364e-06
1794.690578604406 9 8.34919e-08
1795.162943207069 8 1.72744e-08
1795.991970092835 5 1.67527e-07
1798.247129845915 2 4.85334e-08
1800.490578780259 9 5.75495e-08
1802.324022730771 6 1.16299e-07
1805.647129567436 2 2.01742e-07
1806.29057891691 9 1.00242e-07
1810.562942577833 8 3.95882e-07
1813.690578809394 9 4.14198e-08
1816.21294268916 8 7.34186e-08
1817.725120381028 6 3.01222e-06
1820.290578731745 9 5.25175e-08
1821.862942546249 8 3.21782e-07
1825.847129694545 2 5.4809e-08
1826.090578673472 9 1.32301e-07
1827.512942535191 8 6.5503e-07
1828.324022748988 6 6.02595e-08
1833.791969974329 5 8.68746e-07
1836.647129661432 2 1.28802e-07
1837.312942775098 8 1.14809e-07
1837.490578634329 9 1.04084e-07
1840.524022654521 6 1.16252e-07
1843.112942609406 8 5.2284e-08
1845.647129363275 2 8.86462e-07
1847.29057877386 9 4.00011e-08
1848.912942576122 8 1.42235e-07
1852.724023069208 6 3.06166e-08
1854.71294249898 8 4.82383e-07
1856.290578527287 9 7.59642e-08
1858.541970291747 5 9.91455e-08
1862.090578500845 9 4.15869e-07
1862.612942676534 8 7.115e-08
1864.124022622804 6 1.32334e-07
1866.553613641565 7 8.52695e-08
1869.924022915105 6 2.59456e-08
1871.890578733783 9 6.92405e-08
1872.912942590169 8 2.1119e-07
1876.524022501979 6 3.3661e-07
1882.324022668659 6 6.02705e-08
1883.903613394409 7 5.1111e-07
1884.597190176727 10 1.44669e-07
1889.703613600741 7 5.36158e-08
1890.397190127208 10 2.73551e-07
1895.174022634334 6 5.98059e-08
1898.237517733487 11 9.2211e-08
1898.274320954528 3 6.17143e-08
1904.074321320467 3 1.81353e-08
1909.724439697262 3 1.48856e-07
1913.637517742124 11 1.15416e-07
1915.374320919066 3 9.76553e-08
1919.287517738357 11 6.4228e-08
1921.024320694882 3 1.19515e-06
1926.387517724651 11 1.60384e-07
1926.674320937861 3 1.86837e-07
1928.82402270034 6 7.73644e-08
1934.403613336724 7 6.94392e-07
1935.247190271124 10 1.21721e-07
1938.474022812523 6 5.11526e-08
1941.653613444786 7 1.50916e-07
1942.497586280518 10 5.5376e-08
1947.303646430139 7 4.38916e-08
1950.547190445691 10 2.99972e-08
1958.396020168101 4 4.07742e-08
1960.153613531348 7 1.11927e-07
1960.197190098672 10 4.20106e-07
1965.99719023907 10 1.07865e-07
1967.40361347829 7 1.73935e-07
1971.797190342237 10 9.06001e-08
1973.053613567265 7 6.27362e-08
1977.597190117338 10 4.87633e-08
1981.753940068128 7 2.67606e-06
1984.124022403875 6 1.18782e-06
1986.340578716857 9 2.80406e-08
1986.412942697544 8 1.03961e-07
1990.437517782891 11 4.66902e-08
1995.224022787701 6 5.41512e-08
1999.424321134695 3 6.43955e-09
2002.624022968394 6 4.60474e-08
2005.074321052034 3 2.77952e-08
2008.274022799488 6 6.80727e-08
2011.437517989987 11 2.38433e-08
2013.92402288562 6 8.97868e-09
2014.612942986138 8 3.31106e-08
2016.174320885139 3 6.69024e-08
2017.087517994164 11 1.87861e-08
2019.574022671271 6 1.87057e-07
2020.853613783114 7 7.96992e-08
2024.847190272233 10 2.62147e-07
2026.653613520134 7 3.63131e-08
2030.497190223523 10 6.65691e-08
2032.42402248797 6 2.57621e-07
2032.453613954141 7 5.42662e-09
2033.740578696409 9 8.24716e-08
2034.512942806764 8 7.34428e-08
2038.224022720115 6 1.44865e-07
2039.540578562897 9 2.21065e-07
2043.874022756703 6 1.35807e-07
2049.453613495858 7 1.11387e-07
2049.524023003089 6 6.44239e-08
2051.047541235713 10 4.44978e-08
2055.253613630688 7 7.74411e-08
2056.697190068134 10 6.56878e-07
2061.053613313499 7 2.2106e-06
2062.347190410751 10 5.4147e-08
2064.396019964117 4 4.40572e-08
2066.853613374101 7 6.60657e-08
2067.997190103355 10 3.17491e-07
2072.653613338953 7 5.85278e-07
2075.024022673455 6 7.07163e-08
2076.540578576365 9 1.64405e-07
2078.112942380811 8 2.18305e-06
2082.27402252494 6 2.75429e-07
2082.340578814404 9 3.92357e-08
2083.762942681512 8 8.29483e-08
2086.193068150072 5 1.11917e-07
2094.947190667508 10 2.47439e-08
2111.274022520832 6 2.4575e-07
2114.540578897048 9 3.77946e-08
2115.191970270767 5 9.17104e-08
2120.340578943683 9 1.40944e-08
2121.074022785324 6 6.04175e-08
2122.003613452952 7 4.68224e-07
2126.874022474686 6 4.63447e-07
2128.540578872784 9 2.61697e-08
2129.412942854132 8 1.19082e-08
2132.674022564312 6 2.94254e-07
2135.212942774427 8 8.30477e-08
2138.340578456024 9 4.98313e-07
2141.397130058843 2 1.55786e-08
2142.291970127486 5 1.21356e-07
2143.990578787252 9 2.99889e-08
2146.313374901501 8 2.64247e-08
2147.124022607669 6 2.40784e-07
2152.924022937457 6 1.50559e-08
2154.974320970594 3 5.98622e-08
2160.774321075506 3 1.00427e-07
2165.287517904016 11 4.62205e-08
2167.37432092497 3 1.14969e-07
2173.024320650136 3 7.22472e-06
2174.287517724988 11 1.3722e-07
2178.675173204989 3 1.34134e-07
2184.474320941072 3 6.49941e-08
2190.124320906016 3 2.84149e-08
2194.575120955598 6 5.30795e-08
2195.288615829985 11 1.42678e-07
2195.774320800216 3 3.01959e-07
2201.08751782488 11 5.28666e-08
2201.574321247401 3 1.64868e-08
2202.625120605736 6 1.30163e-07
2205.753613598724 7 4.24472e-08
2206.597190344436 10 7.95532e-08
2211.553613511806 7 1.024e-07
2212.247190468386 10 2.57513e-08
2217.203613425111 7 1.98761e-07
2217.897189925038 10 2.22421e-06
2224.196019938804 4 7.00978e-08
2241.846019831927 4 6.79919e-08
2249.096019871693 4 3.81402e-08
2260.346019945256 4 4.64626e-08
2267.596019809721 4 4.48605e-08
2274.046019664398 4 2.70387e-07
2290.703614024933 7 3.27108e-08
2293.946019785001 4 1.79356e-07
2301.996019833919 4 4.82078e-08
2308.347190172302 10 1.72099e-07
2308.353613494951 7 2.54196e-07
2314.147190466436 10 5.66263e-08
2316.253613533586 7 2.17679e-07
2319.797189980764 10 1.25197e-06
2323.503613575104 7 5.05969e-08
2325.597190227462 10 1.72077e-07
2331.397190167731 10 5.94362e-08
2331.553613597794 7 1.39708e-07
2334.674022922825 6 1.76895e-08
2337.047189988187 10 9.24666e-07
2337.203613617244 7 4.78741e-08
2342.697523032545 10 4.37961e-07
2342.853613260219 7 8.55531e-07
2355.346019947864 4 2.22329e-08
2376.196019884866 4 8.98984e-08
2378.597190502805 10 5.72907e-08
2378.603613950509 7 1.56081e-08
2389.046020144216 4 5.58648e-08
2396.446019778259 4 7.81724e-08
2403.59719036343 10 1.19933e-07
2404.253613536242 7 1.43148e-07
2412.147190403734 10 2.68827e-08
2416.953613867986 7 3.92931e-08
2417.797190471331 10 2.32071e-08
2425.847190240944 10 7.22263e-08
2431.497532456753 10 5.31099e-08
2437.147190280155 10 1.17088e-07
2437.803613547179 7 2.02857e-07
2440.174022701763 6 7.13738e-08
2444.974321042826 3 6.06231e-08
2448.987518073244 11 4.13454e-08
2451.424321058112 3 6.29475e-08
2455.312942910122 8 3.03142e-08
2457.074321065972 3 3.24246e-08
2461.037517845683 11 1.71233e-07
2462.724790878293 3 1.32076e-07
2468.224022483653 6 2.92312e-07
2471.487517872799 11 1.28286e-07
2472.196019932725 4 5.24635e-08
2477.9960203025 4 1.1114e-08
2480.337517727968 11 2.22013e-07
2485.896019755092 4 2.08079e-07
2488.387518009986 11 5.92482e-08
2489.874022619852 6 1.58182e-07
2491.453613416447 7 4.33025e-08
2492.24719011304 10 7.04972e-08
2497.897631262645 10 6.86623e-08
2498.7036135411 7 1.32344e-07
2502.590578516125 9 2.65053e-07
2504.162942584954 8 9.40469e-08
2505.797129916091 2 1.13228e-08
2508.390578641324 9 1.57522e-07
2509.924022646371 6 1.17478e-07
2509.962942759296 8 9.59002e-08
2514.04057883399 9 3.6426e-08
2516.441970368339 5 5.64952e-08
2519.724023117229 6 1.12793e-08
2519.840578315335 9 7.1348e-06
2520.412942756925 8 7.47245e-08
2525.524022475394 6 2.41085e-07
2527.090578542635 9 9.32894e-08
2527.662942561072 8 3.1094e-07
2529.897129498228 2 2.50322e-07
2532.890578763942 9 9.68125e-08
2533.312942535237 8 3.20077e-07
2537.797129594826 2 1.52238e-07
2539.490578657994 9 6.33184e-08
2539.612942606144 8 1.59294e-07
2543.541970280621 5 5.39559e-08
2545.047129714309 2 1.7114e-07
2546.090578857158 9 2.13396e-08
2546.712942827731 8 9.0428e-08
2549.991970139866 5 1.2525e-07
2551.740578738063 9 7.78893e-08
2552.297129687723 2 4.88858e-08
2555.641970424578 5 7.98291e-09
2558.840578360444 9 3.17058e-06
2559.56294281543 8 8.21927e-08
2560.997129451964 2 2.7259e-07
2566.79712943316 2 8.52477e-07
2567.540578786962 9 4.02262e-08
2570.741970227831 5 7.35855e-08
2573.340578596964 9 1.67864e-07
2573.924022766021 6 2.97149e-08
2574.0129425937 8 1.15261e-07
2579.640578656643 9 6.94466e-08
2579.724022761108 6 7.3535e-08
2579.812942952314 8 1.40739e-08
2585.440578556134 9 1.60118e-07
2585.612942788014 8 4.96309e-08
2586.174022682725 6 1.19719e-07
2594.753613798894 7 1.3013e-08
2600.391970639436 5 1.96299e-08
2601.190578575059 9 1.83906e-07
2602.074022902359 6 3.37567e-08
2602.612942679556 8 1.24687e-07
2606.041970142361 5 2.15741e-07
2611.841970632457 5 1.30151e-08
2613.390578685182 9 1.43328e-07
2618.774022940774 6 3.09163e-08
2619.547190238387 10 1.31261e-07
2619.603613374589 7 2.86678e-07
2625.347190092046 10 2.91616e-07
2625.403613216794 7 2.45776e-06
2627.624022704623 6 1.72653e-07
2630.687517760788 11 8.74091e-08
2632.096020124582 4 2.51724e-08
2635.824022575158 6 1.94031e-07
2638.737517935784 11 6.40225e-08
2639.34601984053 4 1.08619e-07
2645.187517956912 11 4.39276e-08
2646.424022623989 6 1.867e-07
2649.862942502941 8 4.21362e-08
2649.94057866564 9 7.21512e-08
2652.197129777749 2 4.41945e-08
2653.043068391417 5 4.95827e-08
2655.740578388337 9 2.14431e-06
2656.312942685451 8 1.7051e-07
2657.847129798412 2 4.20344e-08
2661.540578529149 9 3.01844e-07
2661.962942711633 8 7.95965e-08
2667.340578885502 9 7.83274e-08
2667.497129462114 2 4.02282e-07
2667.612943142869 8 1.96824e-08
2673.140578738532 9 8.24795e-08
2674.097129790391 2 2.08256e-08
2676.291970242143 5 8.02459e-08
2680.390578731441 9 1.33255e-07
2681.024022877582 6 2.91785e-08
2681.91294262256 8 9.96857e-08
2686.04057852595 9 2.31887e-07
2688.341970356428 5 4.68496e-08
2690.112942600365 8 8.7389e-08
2691.62402242959 6 6.54162e-07
2691.690578970279 9 4.62917e-08
2693.603613408243 7 2.85747e-07
2694.997190551007 10 3.4956e-08
2697.424022920759 6 3.49919e-08
2699.40361371941 7 4.98163e-08
2714.640578926152 9 2.91835e-08
2715.574022831683 6 6.19454e-08
2716.997595456512 10 1.05718e-07
2717.053613491049 7 2.77535e-08
2726.646020008005 4 2.80868e-08
2742.846020004619 4 5.6414e-08
2762.896020202371 4 4.64623e-08
2773.997631347991 10 8.47344e-08
2774.053613612083 7 7.98161e-08
2784.246019940715 4 5.42722e-08
2791.496020205974 4 2.79257e-08
2802.746020251352 4 2.84346e-08
2825.196020072776 4 9.8162e-09
2830.846019859094 4 6.67775e-08
2836.496019727588 4 5.80062e-08
2845.097190217402 10 6.98563e-08
2845.953613572419 7 1.95127e-07
2850.747552243632 10 6.07444e-07
2851.603613383218 7 6.04258e-07
2856.397550342525 10 9.89803e-08
2858.703613766759 7 2.94813e-08
2862.04718994564 10 2.35203e-06
2867.553613434235 7 2.83047e-07
2867.697190273873 10 3.11675e-08
2873.347190041098 10 4.59832e-07
2873.353613419485 7 2.19051e-07
2877.874022505869 6 9.24e-08
2880.262942645453 8 1.09588e-07
2880.290578476212 9 3.27366e-07
2882.697129574075 2 1.4826e-07
2886.090578431484 9 1.8134e-07
2886.712942906404 8 6.97939e-08
2887.491970395119 5 2.47707e-08
2891.153613763848 7 7.36506e-09
2892.59719038791 10 6.0258e-08
2896.324022476048 6 4.84384e-07
2898.553613456724 7 2.49098e-07
2898.897190299986 10 5.21273e-08
2917.953613540815 7 9.60657e-08
2918.14718987345 10 5.50914e-06
2922.124022800836 6 6.61076e-08
2927.753613532738 7 1.11026e-07
2928.597190454785 10 3.05118e-08
2930.174022719419 6 9.65194e-08
2933.087517791653 11 5.82431e-08
2934.646019995505 4 5.78086e-08
2938.887517778911 11 5.82409e-08
2942.224022506786 6 3.74332e-07
2944.687518002112 11 2.0176e-08
2945.374320817449 3 2.85783e-07
2950.27402272186 6 3.23616e-08
2951.80361351968 7 1.40522e-07
2952.647190310625 10 8.03509e-08
2957.674022476908 6 3.43026e-07
2959.712942508968 8 1.72027e-07
2960.540578647303 9 7.51843e-08
2963.324022545695 6 2.55641e-07
2965.512942599146 8 5.36445e-08
2966.340578408745 9 1.43341e-06
2968.397129708005 2 7.99448e-08
2971.162943022619 8 3.20373e-08
2974.047129883143 2 1.49755e-08
2974.390578603163 9 1.44628e-07
2979.847129950765 2 3.22024e-08
2980.040578635026 9 5.2808e-08
2982.412942854751 8 3.72205e-08
2982.424022614204 6 1.25319e-07
2987.174321001863 3 6.74761e-08
2991.937517821227 11 1.50464e-07
2992.974320814972 3 4.31526e-07
2998.624321039246 3 9.1061e-08
3004.27432082311 3 3.46988e-07
3009.924412683042 3 2.98304e-07
3013.737517584291 11 3.0507e-07
3017.674320845594 3 1.55262e-07
3023.237517843404 11 1.40544e-07
3023.324320839009 3 1.93271e-07
3029.037517681549 11 2.79863e-07
3029.124320900569 3 1.76074e-07
3034.837517714783 11 2.02786e-07
3034.924320975555 3 1.58434e-07
3041.524320862638 3 1.42537e-07
3045.662942875044 8 6.87805e-08
3047.274022594947 6 1.11896e-07
3050.437517907481 11 3.26809e-08
3052.92402284404 6 6.5034e-08
3056.087517946043 11 4.36251e-08
3059.374022698041 6 1.11245e-07
3061.603613343222 7 6.69406e-07
3062.447190031865 10 2.69952e-07
3068.203613615029 7 1.20634e-07
3068.24719047667 10 4.76445e-08
3074.446019919441 4 5.80493e-08
3081.846019843134 4 4.16908e-08
3090.696020120493 4 3.07681e-08
3109.296019801848 4 3.34667e-08
3117.346019948507 4 4.25091e-08
3122.996019885867 4 5.89914e-08
3126.003613483653 7 2.11616e-07
3126.047190141034 10 1.70582e-07
3131.803613741746 7 1.61264e-08
3131.847190223119 10 1.65586e-07
3137.647190386999 10 5.05841e-08
3150.403613872208 7 2.55263e-08
3150.497517433254 10 5.11905e-08
3156.297190015287 10 7.14504e-07
3157.003613657339 7 7.15913e-08
3161.824022786441 6 3.60963e-08
3164.890578556647 9 7.48095e-08
3166.512942460663 8 1.90975e-07
3170.690578289211 9 2.14623e-05
3172.841970499437 5 5.63261e-08
3175.512943048115 8 3.35131e-08
3176.490578638084 9 9.81297e-08
3181.162942608487 8 2.98726e-07
3182.140578390044 9 7.83588e-07
3184.27402269271 6 4.06876e-08
3186.647129914996 2 3.81064e-08
3186.812942897588 8 4.47171e-08
3187.790578632663 9 1.38745e-07
3188.242000434027 5 8.1584e-08
3190.724022770008 6 1.11578e-07
3192.253613382506 7 4.66953e-07
3192.997190145819 10 1.23323e-07
3197.90361355284 7 1.05902e-07
3198.647190058315 10 2.06998e-07
3203.553613475598 7 2.48671e-07
3207.390578863857 9 4.78757e-08
3207.42402263395 6 1.34702e-07
3213.053613544717 7 9.08321e-08
3214.547190244414 10 8.32698e-08
3217.796019746853 4 2.22049e-07
3223.547190226559 10 4.24926e-08
3224.453613581855 7 1.29754e-07
3229.997189934937 10 2.92114e-07
3230.103613540848 7 1.46849e-07
3235.797190461665 10 5.00698e-08
3238.803613522799 7 1.0852e-07
3241.597190142115 10 1.40316e-07
3249.797190030636 10 3.75829e-07
3250.053613463353 7 1.94417e-07
3255.597190087517 10 2.10912e-07
3255.703613299821 7 8.12471e-07
3261.353613425546 7 2.36914e-07
3261.397190402003 10 3.14081e-08
3262.824022997905 6 1.54568e-08
3267.197190091117 10 4.1632e-07
3267.803613495065 7 1.17525e-07
3272.997190064863 10 1.17486e-07
3273.603613453059 7 3.36511e-07
3276.324022846778 6 6.42475e-08
3278.64754993856 10 2.47134e-06
3279.403613858294 7 2.97404e-08
3284.297190245761 10 3.30153e-08
3285.053613359103 7 1.8011e-07
3289.947190230526 10 7.59874e-08
3290.703613591849 7 1.12008e-07
3295.597190304949 10 2.34718e-08
3296.353613484293 7 7.95282e-08
3297.824022800063 6 4.03428e-08
3303.453613529023 7 5.48588e-08
3303.474022904209 6 3.43226e-08
3308.147190321149 10 1.01696e-07
3309.253613463028 7 2.47978e-07
3313.797189991949 10 6.81218e-07
3314.903613428052 7 4.7765e-07
3320.55361355559 7 9.41236e-08
3321.774022630339 6 7.42738e-08
3323.440578649678 9 9.26631e-08
3324.162942592028 8 2.31444e-08
3326.541970208192 5 2.82921e-08
3329.890578623819 9 6.97235e-08
3332.147129599294 2 1.90381e-07
3334.591970464826 5 2.81302e-08
3335.540578544389 9 4.7434e-07
3336.213806865606 8 4.19567e-08
3336.224022630326 6 6.22948e-08
3339.1536134893 7 1.67086e-07
3340.747190060626 10 4.17733e-07
3346.547190469358 10 2.12014e-08
3351.353613564571 7 4.64268e-09
3352.347190162306 10 1.40594e-07
3357.153613612826 7 5.33567e-08
3358.147190214158 10 7.77718e-08
3363.753613374146 7 2.42484e-07
3363.797190051436 10 5.28553e-07
3369.553613499514 7 1.2537e-07
3369.597190236065 10 7.63395e-08
3375.35361347015 7 1.57841e-07
3375.397190001897 10 4.84386e-07
3381.153613834379 7 3.34725e-08
3381.19719017087 10 1.22527e-07
3386.997190003939 10 5.8433e-07
3387.753613357341 7 3.87192e-07
3390.824022619346 6 2.24593e-07
3394.140578388991 9 1.89317e-06
3395.791970149432 5 1.32722e-07
3399.61294284317 8 5.71533e-08
3399.747129681797 2 1.35162e-07
3399.940578957773 9 5.74498e-08
3405.412942708726 8 5.22986e-08
3407.990578829921 9 3.07994e-08
3408.624022571935 6 9.28468e-08
3412.012942572096 8 9.82044e-08
3413.640578608834 9 2.13654e-07
3414.247129728533 2 5.88137e-08
3416.491970305938 5 6.52738e-08
3422.29197046354 5 3.58879e-08
3423.290578594673 9 7.76623e-08
3428.940578570538 9 3.73671e-07
3429.691970163659 5 1.12242e-07
3435.240578901933 9 3.60302e-08
3436.047129518205 2 1.34822e-07
3439.262942539558 8 7.90696e-08
3441.697129594336 2 1.46142e-07
3442.490578732513 9 7.64065e-08
3447.34712945819 2 1.74107e-07
3448.940578723737 9 4.39714e-08
3449.712942936703 8 5.66848e-08
3452.791970621735 5 1.08704e-08
3455.153613925028 7 2.3082e-08
3458.441970084262 5 2.31716e-07
3460.840578614408 9 1.22138e-07
3462.412942883733 8 3.01103e-08
3462.447129655868 2 2.19451e-07
3466.490578674541 9 8.67316e-08
3468.247129805655 2 5.17279e-08
3472.140578888728 9 3.69327e-08
3473.691970040726 5 5.34637e-07
3479.341970400616 5 6.96432e-09
3480.190578495237 9 6.07139e-07
3481.747129432889 2 7.02673e-07
3484.991970235907 5 6.6824e-08
3485.84057883524 9 3.46063e-08
3488.862942813392 8 3.12444e-08
3489.64712952881 2 1.89401e-07
3491.490578614597 9 8.25136e-08
3495.313374833895 8 5.63281e-08
3498.590578594382 9 1.55538e-07
3500.097129743628 2 6.6994e-08
3503.362942701148 8 8.79201e-08
3504.240578418194 9 7.66492e-07
3509.012942579162 8 4.14138e-07
3509.890578940112 9 8.62759e-09
3510.424022640292 6 2.53694e-07
3515.29197029183 5 9.92101e-08
3515.540578668515 9 5.47998e-08
3518.474022770099 6 7.58321e-08
3522.512942979227 8 4.13548e-08
3524.274022678276 6 6.50125e-08
3528.024320856607 3 3.28643e-07
3528.787517781316 11 6.39539e-08
3533.824321240989 3 3.53433e-08
3536.987517944168 11 6.44975e-08
3539.474320985831 3 5.64682e-08
3548.474320979386 3 1.45475e-07
3550.637517898088 11 5.56726e-08
3554.27432103849 3 6.54328e-08
3557.887517624923 11 1.06334e-07
3560.074321102666 3 7.58718e-08
3563.687517702499 11 2.54809e-07
3565.874321144073 3 6.52813e-08
3569.924022470411 6 1.54239e-07
3572.687517660652 11 2.27074e-07
3576.096019974872 4 6.73428e-08
3578.487517809675 11 2.07125e-07
3584.287517706596 11 1.56261e-07
3585.896019743648 4 1.58952e-07
3590.774022887894 6 6.32188e-08
3592.337517726119 11 1.11596e-07
3593.796019713969 4 2.28835e-07
3598.024022683162 6 5.77423e-08
3601.196019753048 4 1.62251e-07
3604.38751771685 11 1.15066e-07
3606.846019719791 4 2.38004e-07
3612.287517590661 11 6.99547e-07
3613.946019947507 4 2.75763e-08
3617.937517623215 11 4.35404e-07
3621.996019816922 4 2.46695e-07
3623.587517651033 11 2.74957e-07
3629.237518028925 11 7.21399e-08
3632.296019923345 4 2.74593e-08
3635.524022638907 6 6.86172e-08
3638.724320887359 3 9.04731e-08
3640.337517863127 11 1.29161e-07
3644.374320798854 3 2.94374e-07
3645.987517754413 11 9.36625e-08
3650.024321188632 3 2.90935e-08
3655.824321364344 3 3.16421e-08
3657.174023035259 6 2.6455e-08
3658.187517767152 11 1.4055e-07
3661.474320924252 3 6.92347e-08
3665.58751762357 11 1.44271e-07
3667.274320760942 3 4.75342e-07
3670.71294301872 8 2.45157e-08
3671.474022621788 6 1.59397e-08
3674.587517903514 11 7.07777e-08
3677.124022424721 6 3.19023e-07
3679.440578597117 9 1.04894e-07
3680.941970376619 5 6.0561e-08
3685.890578644838 9 1.02344e-07
3688.191970116231 5 2.96337e-07
3691.540578801962 9 5.72371e-08
3692.147129499252 2 5.73385e-07
3693.012942796188 8 5.6435e-08
3697.190578825082 9 3.54176e-08
3697.797129418379 2 5.61121e-07
3700.262942499609 8 4.58872e-07
3702.474022702742 6 9.08704e-08
3702.840578674721 9 1.15425e-07
3705.912942860058 8 5.45925e-08
3708.891970525846 5 3.67993e-08
3709.790578657722 9 1.41832e-07
3710.524022562209 6 1.50968e-07
3714.48751793562 11 4.39944e-08
3714.524320865263 3 2.25228e-07
3720.32432081943 3 4.72256e-07
3721.887517487131 11 1.19603e-06
3724.324022745214 6 1.51013e-08
3725.974321171064 3 6.48131e-08
3727.537517910663 11 7.3668e-08
3731.624320836686 3 8.90178e-08
3733.187517819619 11 1.2671e-07
3737.274320890548 3 1.40978e-07
3740.862943045615 8 1.95629e-08
3742.537517936774 11 3.80798e-08
3742.924320734501 3 4.30008e-07
3748.724338940289 3 3.63887e-08
3749.937517564138 11 7.2442e-07
3754.524320963086 3 9.69972e-08
3760.324466957948 3 8.24291e-08
3764.237517711612 11 7.51035e-08
3765.974320931988 3 2.27538e-07
3771.487517882444 11 4.27211e-08
3771.624321262828 3 3.18124e-08
3773.824023025889 6 2.40358e-08
3777.274320994373 3 1.21992e-07
3777.287517971408 11 4.31024e-08
3783.074320872225 3 1.4919e-07
3783.887517898276 11 1.19089e-08
3788.874320844132 3 2.63394e-07
3793.687517648302 11 1.95579e-07
3797.074321103214 3 5.52311e-08
3802.724320920422 3 2.10865e-07
3803.487517686998 11 6.18752e-09
3805.874022731611 6 2.95109e-08
3809.137518043505 11 1.82123e-08
3811.524022934597 6 3.36479e-08
3812.224321046256 3 1.18712e-07
3814.787517593273 11 8.17933e-07
3817.874320971847 3 7.05981e-08
3820.437517726259 11 1.73204e-07
3823.52476374469 3 7.07152e-07
3826.0875176232 11 2.13127e-07
3829.174320824751 3 5.32085e-07
3831.887517834076 11 9.574e-08
3834.824320914719 3 2.13258e-07
3837.687517658179 11 3.93135e-07
3840.474321015835 3 5.833e-08
3845.024022563952 6 1.38074e-07
3848.937517682838 11 3.06993e-07
3852.096019875135 4 3.83879e-08
3854.737517848892 11 9.38609e-08
3857.874022848052 6 7.60119e-08
3861.840578824265 9 1.20764e-07
3862.541970263967 5 1.04949e-07
3867.640578712392 9 7.94954e-08
3868.447129883725 2 3.06141e-08
3869.941969946711 5 9.88518e-07
3875.741970457231 5 3.91019e-08
3878.890579032187 9 2.26712e-08
3905.774022458383 6 2.61284e-07
3907.890578920927 9 3.99495e-08
3910.341970502809 5 1.24832e-08
3912.874022984241 6 2.43778e-08
3913.690578732362 9 2.20606e-08
3918.39197013104 5 2.48109e-07
3920.140578761054 9 4.28331e-08
3923.247130109462 2 2.09441e-08
3924.191970026395 5 3.40499e-07
3925.790578651149 9 2.69882e-07
3927.324022718753 6 5.65769e-08
3928.803613521554 7 1.44322e-07
3930.39719017686 10 1.73836e-07
3934.60361361443 7 8.70947e-08
3936.19719035384 10 9.90657e-08
3940.903613519119 7 9.32617e-08
3941.847190244456 10 8.78181e-08
3946.553613474618 7 7.73007e-08
3948.024022825163 6 2.91767e-08
3951.92432090438 3 4.15662e-08
3952.087517788844 11 1.16057e-07
3957.737517526927 11 3.80707e-07
3959.324320918596 3 8.43378e-08
3964.974457980694 3 3.3805e-08
3968.837518123301 11 1.59066e-08
3970.624321144472 3 3.8411e-08
3972.874022737611 6 8.22694e-08
3975.287517736249 11 1.41508e-07
3978.524022936231 6 2.39437e-08
3981.737517784603 11 5.38188e-08
3984.1740227184 6 1.46944e-07
3984.853613525785 7 1.25428e-07
3985.597190243733 10 9.53187e-08
3993.796019701971 4 1.61104e-07
3997.053613554143 7 1.81877e-07
3997.647541082304 10 1.67733e-07
4002.703613533766 7 3.60627e-08
4003.297190280351 10 8.83435e-08
4009.097190232254 10 1.08153e-07
4010.45361355956 7 1.50212e-07
4014.74719030405 10 3.28662e-08
4016.103613692961 7 2.38634e-08
4020.397190234847 10 1.70301e-07
4027.797190145584 10 1.30826e-07
4028.95361345473 7 3.09807e-07
4032.074022742664 6 3.92111e-08
4034.603613796575 7 5.17341e-08
4037.724022554907 6 7.45959e-08
4038.340578909744 9 2.31825e-08
4040.253613768021 7 4.06421e-08
4043.197190084383 10 1.6926e-07
4048.153613616992 7 3.44411e-08
4048.997189984882 10 4.08827e-07
4051.374022751801 6 8.41709e-08
4053.59057851181 9 1.3419e-07
4057.024022793503 6 8.02363e-08
4058.362942726452 8 9.03367e-08
4059.240578483576 9 2.08281e-07
4061.547129487155 2 3.96038e-07
4064.162942483826 8 2.6705e-07
4065.040578651638 9 7.50699e-08
4068.14197034832 5 5.48703e-08
4073.941970378827 5 1.39161e-08
4076.290578758563 9 4.56963e-08
4079.253613882557 7 2.27504e-08
4087.324022595046 6 1.23572e-07
4087.390578902155 9 1.07103e-08
4091.237517629798 11 1.39777e-07
4096.096019568649 4 1.28623e-06
4098.637517767956 11 1.49021e-07
4104.324022736491 6 8.76521e-08
4104.903613606621 7 6.23961e-08
4107.297190267676 10 2.69776e-08
4110.703613638903 7 3.82106e-08
4114.546020228039 4 1.39623e-08
4120.346020049908 4 5.45882e-08
4125.996019987021 4 2.81855e-08
4132.446020004789 4 2.4835e-08
4141.897568141672 10 2.9265e-07
4141.953613300382 7 1.28203e-06
4149.297190168722 10 1.58695e-07
4149.353613843125 7 3.86992e-08
4154.774022479778 6 3.35548e-07
4156.212942808427 8 1.38255e-07
4157.840578873086 9 4.40993e-08
4161.797129648066 2 1.33982e-07
4162.012942943876 8 8.21075e-08
4165.240578837737 9 8.35784e-08
4165.374022642747 6 4.83087e-08
4171.641970013668 5 2.41379e-07
4173.440578568586 9 1.85795e-07
4177.441970084379 5 8.67051e-08
4182.44099301657 9 1.82573e-08
4183.241970294952 5 6.37633e-08
4188.240578505435 9 3.91148e-07
4191.941970479419 5 2.82918e-08
4193.412942553341 8 3.40828e-07
4193.890578726603 9 4.59575e-08
4195.174022711876 6 9.63476e-08
4198.391970350689 5 3.12382e-08
4199.540578912767 9 3.15869e-08
4199.997129527639 2 2.3791e-07
4203.212943015764 8 2.92186e-08
4204.82402256507 6 1.9697e-07
4205.190578851106 9 1.56122e-08
4210.624022707846 6 8.57605e-08
4213.924320861282 3 2.64959e-07
4214.687518169145 11 1.18208e-08
4216.712943150152 8 2.08074e-08
4219.574321040799 3 6.37613e-08
4221.574022606398 6 1.81333e-07
4228.837517953721 11 4.91571e-08
4230.424022587551 6 3.70152e-08
4232.762943003378 8 3.62614e-08
4233.574321017028 3 3.47357e-08
4239.224439535073 3 3.32687e-06
4239.937517738767 11 1.41026e-07
4244.874320870755 3 1.96697e-07
4247.987517678015 11 2.06563e-07
4250.524320854087 3 1.25398e-07
4256.037517610814 11 1.00838e-07
4256.174320997843 3 5.5146e-08
4259.924022536447 6 2.76628e-07
4262.62432083104 3 2.22168e-07
4262.6375177988 11 1.07202e-07
4268.437517818446 11 1.90572e-07
4269.224320876549 3 2.23773e-07
4275.024320893593 3 2.18102e-07
4275.037517957608 11 5.44437e-08
4280.824320915991 3 1.11866e-07
4281.63751767372 11 1.40776e-07
4286.474773288931 3 8.90725e-08
4287.287517952683 11 1.77171e-08
4292.124321040668 3 5.90241e-08
4294.387517779446 11 1.92038e-07
4297.774320811618 3 1.56863e-07
4302.437517889114 11 3.89134e-08
4303.424320915566 3 1.81614e-07
4309.224320869198 3 1.80197e-07
4309.687517635573 11 1.52184e-07
4311.97402262795 6 3.23956e-07
4315.024320735779 3 1.0701e-06
4315.987517934673 11 3.5507e-08
4320.824320892723 3 1.8972e-07
4322.437517943916 11 5.54611e-08
4326.474321130604 3 4.2477e-08
4328.887517862203 11 4.72464e-08
4332.124755578154 3 5.38031e-08
4337.774320975494 3 2.04122e-07
4338.387517874623 11 5.95473e-08
4343.424321007282 3 1.32404e-07
4346.437518042019 11 2.07317e-08
4348.812942924638 8 6.65323e-08
4350.424022659816 6 3.10968e-08
4352.75361396496 7 1.05519e-08
4354.462942724224 8 1.69548e-07
4354.990578386411 9 1.53283e-06
4357.347129426522 2 8.48588e-07
4360.112942696714 8 3.44771e-08
4360.790578438418 9 3.91244e-07
4361.67402276743 6 3.25931e-08
4364.891970528865 5 1.66922e-08
4367.897190251083 10 1.2207e-07
4368.003613216818 7 2.18153e-05
4369.724022671813 6 1.58954e-07
4373.653613504931 7 8.19034e-08
4375.297190222517 10 1.34773e-07
4381.74719048857 10 3.04675e-08
4384.903613814996 7 4.36707e-09
4387.397190116233 10 2.28015e-07
4390.553613748069 7 3.24043e-08
4391.224022386923 6 4.73747e-07
4393.612942481845 8 4.83995e-07
4393.640578672146 9 7.05679e-08
4398.347129580997 2 1.80441e-07
4399.412942576335 8 1.48402e-07
4399.440578645486 9 1.0976e-07
4401.674022797129 6 5.80985e-08
4404.791970143626 5 2.76708e-07
4407.640578854088 9 2.43199e-08
4407.847129593739 2 8.54153e-08
4409.862942610296 8 2.14776e-07
4412.124022664632 6 9.37513e-08
4413.440578366261 9 2.3267e-06
4416.041969935188 5 1.51722e-06
4420.840578847306 9 2.12668e-08
4421.691970098623 5 2.26423e-07
4427.341970467245 5 2.25355e-08
4429.624022592732 6 1.08511e-07
4429.69057877874 9 4.10916e-08
4430.412942810174 8 3.62228e-08
4435.490578882281 9 8.07984e-08
4436.212942841552 8 1.05721e-07
4441.140578731015 9 6.52079e-08
4441.791970059243 5 1.57343e-07
4445.847129519624 2 2.70012e-07
4448.240578400397 9 6.71824e-07
4451.497129454879 2 5.68861e-07
4453.890578880288 9 3.01343e-08
4457.14712976575 2 7.26434e-08
4459.462942908888 8 1.80559e-08
4459.540578692146 9 1.01106e-07
4460.224022582935 6 1.85333e-07
4465.264040681579 8 1.94493e-07
4466.674022954026 6 2.76681e-08
4471.06294261263 8 2.11901e-07
4474.424022665299 6 8.86801e-08
4477.503613375387 7 5.27865e-07
4478.347190238419 10 1.20843e-07
4481.52402260464 6 6.8276e-08
4482.340578634596 9 1.04159e-07
4483.112942776639 8 6.41261e-08
4487.974022658142 6 8.92573e-08
4487.990578735875 9 3.74068e-08
4489.562942436649 8 9.84854e-07
4491.947129598955 2 2.70985e-08
4495.941970189831 5 5.08389e-08
4496.19057879645 9 4.12918e-08
4501.741970493552 5 4.26886e-08
4501.840578620031 9 7.11975e-08
4505.747129453756 2 3.1776e-07
4507.640578819322 9 8.77006e-08
4510.412942671379 8 1.31453e-07
4512.047129437723 2 1.24312e-06
4513.440578630821 9 1.2445e-07
4516.02402272128 6 2.23723e-08
4519.241970057097 5 2.18534e-07
4524.891970138042 5 1.77081e-07
4529.640917058949 9 1.26402e-07
4531.274022692256 6 1.00267e-07
4535.342429625694 5 2.31005e-08
4537.724022649796 6 8.668e-08
4543.146019673921 4 2.2979e-07
4546.337517737442 11 1.06619e-07
4549.746019859215 4 1.05563e-07
4552.137517782719 11 8.74946e-08
4555.396020078958 4 2.36766e-08
4561.78751763971 11 4.2045e-07
4563.446019797149 4 1.17338e-07
4568.174022487191 6 2.53506e-07
4570.487517722884 11 8.70502e-08
4574.374321537453 3 1.19691e-08
4576.753613670965 7 1.009e-07
4581.674022809041 6 4.70588e-08
4582.537518081872 11 2.47283e-08
4584.953613507791 7 1.08255e-07
4585.597190250355 10 4.4186e-08
4589.074023200785 6 1.70107e-08
4590.753613799048 7 3.6168e-08
4591.397631416269 10 4.51097e-08
4597.047190102066 10 1.95248e-07
4597.053613354501 7 5.28721e-07
4602.84719031119 10 1.13029e-07
4606.553613646026 7 1.66438e-07
4612.997539122237 10 4.28539e-07
4613.803613590554 7 7.23352e-08
4618.647190244899 10 3.60803e-08
4619.453613573756 7 1.09947e-07
4621.774022641592 6 6.56279e-08
4622.490578775309 9 5.62851e-08
4627.424022718534 6 2.45874e-08
4628.153613580411 7 5.52712e-08
4630.587517730958 11 6.15012e-08
4633.646019956941 4 4.92847e-08
4636.274022898883 6 5.23277e-08
4636.387518033009 11 6.46984e-08
4639.446020235805 4 3.59466e-08
4643.637517727688 11 2.41812e-07
4646.696019891329 4 5.02348e-08
4649.287517792893 11 7.64168e-08
4654.724022703339 6 3.39658e-08
4657.003613701534 7 4.43759e-08
4660.147190190653 10 1.69518e-07
4662.803613532201 7 6.73171e-08
4667.49057856681 9 2.72434e-07
4668.062942597306 8 3.09398e-07
4668.374022942299 6 3.49891e-08
4670.497129747906 2 7.664e-08
4673.290578563392 9 1.32123e-07
4673.86294294178 8 1.78125e-08
4678.097129499334 2 1.70714e-07
4680.441970246233 5 3.24574e-08
4686.241970261786 5 1.18296e-07
4689.224022666495 6 5.92458e-08
4690.853613661856 7 6.61532e-08
4693.147190425635 10 6.01305e-08
4695.02402255251 6 3.34521e-07
4698.062942729123 8 4.67779e-08
4700.674022772212 6 4.90528e-08
4703.588615820887 11 1.44076e-07
4704.197118100489 4 2.24337e-08
4706.97402256908 6 2.79815e-07
4710.104711469272 7 3.37315e-07
4710.947190098125 10 1.52272e-07
4717.547190013237 10 9.7748e-09
4718.303613397583 7 2.2967e-07
4726.196019867872 4 5.71951e-08
4731.996019908748 4 7.0688e-08
4740.696019856671 4 9.9345e-08
4746.346019705497 4 6.2174e-08
4758.203613673456 7 9.07741e-08
4759.02402271589 6 1.17758e-07
4763.787517781084 11 6.04404e-08
4763.846020051305 4 1.38767e-08
4769.587517745106 11 7.41282e-08
4772.696020075604 4 1.15696e-08
4775.887517899819 11 4.07304e-08
4781.537518121643 11 4.2214e-08
4782.346019890193 4 5.92056e-08
4787.837517783394 11 1.58529e-07
4789.474022670996 6 9.79318e-08
4791.712942610783 8 1.03094e-07
4792.540578808636 9 1.04524e-07
4795.12402256794 6 1.50602e-07
4799.940578936151 9 5.2473e-08
4801.574022555033 6 2.5227e-07
4803.853613570288 7 1.2211e-07
4805.447190241351 10 3.57107e-08
4811.247190037205 10 5.28392e-07
4811.253613372323 7 2.5089e-07
4813.774022649845 6 1.14726e-07
4819.340578698589 9 7.2629e-08
4819.424022801007 6 5.33303e-08
4819.912942444849 8 5.08072e-07
4825.140578366255 9 5.02913e-06
4825.712942906718 8 1.16374e-07
4827.49197043877 5 1.92879e-08
4830.940578626467 9 1.35459e-07
4832.424022576887 6 1.70138e-08
4833.76294257381 8 1.31158e-07
4838.040578602502 9 1.21922e-07
4839.562942984858 8 1.62152e-08
4841.941970597956 5 1.40623e-08
4847.741970223419 5 6.1818e-08
4848.490578882371 9 4.17237e-08
4853.274022892155 6 2.80019e-08
4854.162942647248 8 1.7303e-07
4854.290578417649 9 6.01712e-07
4859.9416767926 9 7.19895e-08
4859.962942565486 8 3.36042e-07
4861.347129712561 2 1.63396e-07
4866.540578789975 9 4.63519e-08
4866.562942614247 8 1.68698e-07
4870.27402250423 6 2.16501e-07
4872.362942516208 8 3.96896e-07
4873.940578783756 9 8.4108e-08
4875.924022635792 6 2.4102e-07
4878.962942680648 8 6.65147e-08
4879.740578497373 9 2.64952e-07
4881.247129916876 2 2.31467e-08
4882.691970243615 5 7.50121e-08
4885.390578436826 9 1.38602e-06
4886.062942621929 8 1.71666e-07
4890.747129995985 2 5.08907e-08
4891.190578702194 9 5.38482e-08
4891.7129423958 8 5.70421e-07
4893.724022417142 6 5.40234e-07
4896.253613681027 7 3.53698e-08
4897.847190133891 10 1.93313e-07
4902.053651244112 7 3.56646e-08
4903.647190506448 10 2.1639e-08
4907.524022648052 6 1.76863e-07
4909.953613611475 7 8.11893e-08
4911.547190447388 10 2.96842e-08
4917.347190220561 10 7.00099e-08
4918.953613479574 7 9.44882e-08
4921.32402256195 6 7.13269e-08
4923.612942457577 8 2.90327e-07
4924.390578739392 9 1.00346e-07
4926.974022486285 6 1.31529e-07
4930.853613578131 7 1.17976e-07
4932.447190214737 10 1.53245e-07
4936.503613552618 7 1.34073e-07
4938.097190391543 10 1.04415e-07
4942.153613623596 7 1.21654e-07
4946.147190292065 10 1.66092e-07
4947.803613626966 7 1.12284e-07
4960.447190149663 10 1.22012e-07
4964.503613748222 7 3.04377e-08
4969.297190131113 10 1.67531e-07
4970.153613686016 7 3.01316e-08
4976.474022862859 6 1.13049e-07
4980.547190701619 10 2.22508e-08
4990.924022658528 6 9.99075e-08
4991.640578721934 9 8.4644e-08
4991.662942684857 8 1.17428e-07
4996.297129836964 2 4.38213e-08
4997.440579114072 9 8.34415e-09
4997.462942720697 8 3.73736e-08
5002.824022810514 6 4.06465e-09
5003.240578871589 9 5.16778e-08
5005.941970432268 5 2.28147e-08
5010.64057872288 9 6.27265e-08
5011.741970606173 5 3.57489e-08
5012.412942856553 8 5.39474e-08
5014.747129942566 2 3.24352e-08
5017.391970380207 5 5.14811e-08
5018.040578828191 9 2.94966e-08
5020.453613765688 7 6.52508e-08
5035.840578439558 9 1.98884e-07
5035.841970534158 5 2.47946e-08
5038.874022912659 6 6.60919e-08
5041.641970231335 5 4.60812e-08
5042.290578642481 9 1.66726e-07
5044.397129897466 2 2.13501e-08
5044.462942593385 8 2.06668e-07
5048.740578899557 9 4.81235e-08
5050.197129464205 2 2.65655e-07
5052.6629426868 8 4.03331e-08
5055.840578654693 9 1.13145e-07
5056.497129958215 2 5.31664e-08
5058.124022664005 6 1.43429e-07
5058.312942873693 8 3.06262e-08
5062.787518151598 11 4.45014e-08
5063.924022680068 6 8.33182e-08
5065.303613354866 7 4.17562e-07
5066.047190187799 10 1.18762e-07
5071.103613817709 7 7.10981e-09
5071.847640388965 10 4.808e-08
5076.624022798839 6 8.57907e-08
5076.753613764072 7 3.55398e-08
5078.98751770914 11 2.47783e-07
5084.396019889494 4 1.56481e-07
5087.874022607182 6 1.83654e-07
5090.253613516014 7 1.49271e-07
5093.524022409537 6 2.45261e-07
5096.703613584 7 1.22967e-07
5100.441970410839 5 5.3392e-08
5106.241970383049 5 4.29444e-08
5106.94057889635 9 2.62778e-08
5111.747129831295 2 4.2425e-08
5112.612942502529 8 2.62189e-07
5112.740578776717 9 6.63027e-08
5117.547129534172 2 1.49807e-08
5120.812942556847 8 3.57139e-07
5121.590578645276 9 1.99108e-07
5125.491970231736 5 7.83756e-08
5127.847129485066 2 3.13412e-07
5131.090578671239 9 6.15997e-08
5131.14197042069 5 4.58858e-08
5132.712943091742 8 3.15957e-08
5136.9419703469 5 3.2901e-08
5137.54057861476 9 1.83536e-07
5140.547129539819 2 1.61617e-07
5143.812942440214 8 7.99976e-07
5144.140578613184 9 1.73788e-07
5146.347129677109 2 2.80244e-08
5148.691969963887 5 9.37356e-07
5153.447129664805 2 1.01086e-07
5156.741970479042 5 3.89879e-08
5157.490579085117 9 2.5898e-08
5159.09712933007 2 7.2813e-06
5163.140578540058 9 4.24125e-07
5165.462942583122 8 1.68125e-07
5168.790578846505 9 4.76457e-08
5169.441970440772 5 5.49121e-08
5172.624022930007 6 2.35061e-08
5175.091970185844 5 6.19405e-08
5175.890578687423 9 6.94386e-08
5179.074022578217 6 1.66024e-07
5179.912942883796 8 1.50888e-08
5183.003613365508 7 1.49139e-07
5183.797190179629 10 3.68522e-07
5189.597190056343 10 3.45141e-07
5190.403613622508 7 9.10111e-08
5195.247190124863 10 3.1219e-07
5196.053613428432 7 4.74324e-07
5200.897190303427 10 1.46837e-07
5207.997190313798 10 8.89357e-08
5210.353613694009 7 6.14537e-08
5213.647190260655 10 4.39726e-08
5216.003613541796 7 1.58488e-07
5219.297190068086 10 3.34204e-07
5224.947190112854 10 5.0072e-08
5230.597190299501 10 6.04811e-08
5242.303613636369 7 5.5558e-08
5242.347189996043 10 4.93511e-07
5246.324022735897 6 1.16087e-07
5248.103613498676 7 1.21614e-07
5248.797190254848 10 2.35047e-07
5252.624022713112 6 3.00171e-08
5257.390578659186 9 1.02458e-07
5257.412942836835 8 3.55975e-08
5258.274022932544 6 4.98389e-08
5264.074022816324 6 3.13117e-08
5264.653613740304 7 2.45254e-08
5268.591970392756 5 1.60921e-08
5269.590578776634 9 1.80565e-08
5270.524022821185 6 7.96209e-08
5276.174022652701 6 1.5544e-07
5280.703613674796 7 1.15137e-07
5281.824022725506 6 1.14541e-07
5284.791970550935 5 8.53423e-09
5286.290578730442 9 6.35366e-08
5287.062942755547 8 9.59809e-08
5287.474022978368 6 3.8041e-08
5295.097190453541 10 1.06607e-08
5295.153613683987 7 1.8816e-08
5297.624022644319 6 6.38575e-08
5299.140578877417 9 9.22494e-08
5299.912942670081 8 5.5853e-08
5304.691970503592 5 6.93466e-09
5304.940578537933 9 8.92509e-08
5306.297129691191 2 6.403e-08
5306.512942732095 8 6.20589e-08
5310.590578420272 9 9.16219e-07
5312.312942611239 8 1.64147e-07
5315.424022766164 6 2.75062e-08
5318.491970306079 5 3.25319e-08
5321.224022672104 6 1.15698e-07
5322.112942817248 8 8.58313e-08
5322.490578594071 9 2.00038e-07
5327.024022766128 6 3.78086e-08
5328.140578962253 9 6.3117e-08
5332.824023061456 6 1.55779e-08
5337.74197011358 5 1.68405e-07
5340.19057866521 9 5.045e-08
5362.624022938085 6 2.94734e-08
5363.440578907707 9 1.62229e-08
5364.191970160593 5 5.93484e-08
5368.562942680246 8 3.35271e-08
5369.240578680059 9 1.14436e-07
5370.097129705886 2 7.80445e-08
5375.897129747973 2 2.53066e-08
5377.440578722358 9 6.28086e-08
5377.841970254231 5 7.70666e-08
5380.124022594045 6 5.90827e-08
5383.491970079616 5 2.42743e-07
5385.640578432139 9 4.2543e-07
5387.012942545479 8 1.02192e-07
5388.974022526958 6 3.46587e-07
5392.240578682325 9 1.48501e-07
5395.391970694271 5 1.29749e-08
5396.22402263511 6 1.20764e-07
5397.462942667791 8 7.45375e-08
5398.040578969161 9 3.41308e-08
5407.35361383457 7 1.26094e-08
5412.92402270603 6 1.97522e-07
5413.290578624177 9 8.09383e-08
5413.662942666911 8 1.03713e-07
5419.090578681927 9 1.60876e-07
5419.462942594569 8 1.61224e-07
5420.174022802006 6 5.90712e-08
5425.824022800168 6 7.34896e-08
5426.453613485391 7 1.54299e-07
5428.097190271702 10 5.02358e-08
5432.253613548849 7 1.29622e-07
5433.747189934516 10 7.01041e-07
5438.053613779825 7 9.22545e-08
5439.397189932013 10 5.64132e-07
5445.396019943933 4 6.71598e-08
5451.196019763506 4 1.09349e-07
5459.396019884332 4 8.82803e-08
5474.496020104176 4 3.61808e-08
5482.546020026043 4 7.24377e-08
5485.00361347926 7 1.41287e-07
5485.697190039264 10 7.01692e-07
5497.79601981213 4 1.42279e-07
5526.646020109597 4 4.23151e-08
5545.85361354235 7 1.69262e-07
5546.697190525872 10 3.10233e-08
5548.124022824156 6 6.13804e-08
5551.837517939728 11 5.49757e-08
5553.774022827947 6 3.66137e-08
5554.5536135742 7 6.96939e-08
5561.691970243897 5 1.06051e-08
5565.690578691354 9 6.43668e-08
5567.491970360601 5 1.29961e-07
5571.491010914401 9 4.74032e-08
5574.60361351501 7 1.64973e-07
5574.624022898933 6 5.89985e-08
5576.047190078792 10 8.16368e-08
5581.697190378615 10 7.74239e-08
5583.603613451954 7 6.93828e-08
5587.497190000162 10 8.85964e-07
5593.947190452775 10 5.18706e-08
5596.303613516953 7 1.43024e-07
5599.597190424429 10 4.16346e-08
5601.953613398377 7 1.9698e-07
5606.197190159822 10 8.23706e-08
5607.603613733127 7 1.60444e-08
5612.797190126749 10 2.38936e-07
5613.403613478258 7 1.02995e-07
5617.790578506985 9 3.13235e-07
5619.391970062343 5 1.69365e-07
5624.0036135234 7 2.36459e-07
5625.797189900473 10 3.23174e-06
5633.047631065553 10 8.86591e-08
5634.603613455635 7 1.7748e-07
5637.074022570741 6 1.97496e-07
5640.974321091156 3 3.73929e-08
5646.624320871841 3 4.5043e-08
5652.425428888835 3 1.30229e-07
5654.724022993523 6 3.67286e-08
5657.037517957119 11 5.86101e-08
5660.374022724452 6 5.66126e-08
5661.053613906971 7 3.87389e-08
5663.362942837423 8 7.80317e-08
5663.44057854975 9 5.50924e-08
5666.024022369238 6 1.03544e-06
5668.303613755591 7 1.88247e-08
5671.674022682559 6 1.21467e-07
5672.440578754177 9 6.81788e-08
5675.547129583889 2 1.17332e-07
5677.962942454758 8 8.62014e-07
5678.090578910909 9 3.56382e-08
5681.197129534756 2 5.64348e-08
5683.441970293726 5 6.43222e-08
5683.740578701855 9 7.29057e-08
5686.812942623552 8 1.31923e-07
5688.374022757131 6 7.07881e-08
5689.39057877424 9 2.11993e-08
5692.462942910208 8 1.75715e-08
5699.553613603915 7 3.45608e-08
5701.147190182331 10 1.1089e-07
5705.353613761978 7 9.21284e-09
5706.947190624548 10 1.48557e-08
5715.797190093088 10 2.082e-07
5716.603613685437 7 1.19196e-07
5721.447190368812 10 1.07333e-07
5723.703613677544 7 1.5979e-07
5727.097190131113 10 3.07493e-07
5729.353613231804 7 3.44423e-06
5731.624022597912 6 9.47314e-08
5734.847190193772 10 2.42645e-07
5735.003613251057 7 1.77515e-06
5740.497189984868 10 1.97146e-07
5740.653613566193 7 1.49039e-07
5744.474022622919 6 1.98976e-07
5746.724320847504 3 1.27096e-07
5752.524320905806 3 7.11148e-08
5756.637517905015 11 1.35912e-07
5758.324321185714 3 1.08576e-08
5762.287517904644 11 5.3353e-08
5763.974320984068 3 1.33704e-07
5767.937517895454 11 5.40795e-08
5770.112942784708 8 8.19774e-08
5771.724022704594 6 9.05696e-08
5774.124320883861 3 1.22744e-07
5774.237517794281 11 6.04116e-08
5779.924320718296 3 2.68808e-06
5782.962942908369 8 2.53333e-08
5783.774022601167 6 1.40923e-07
5786.374320886432 3 9.74394e-08
5787.08751756788 11 3.88716e-07
5792.024321100414 3 1.27636e-08
5794.212942769665 8 6.93974e-08
5795.824022858119 6 3.06415e-08
5797.674321027686 3 8.94291e-08
5802.1875177804 11 4.73183e-08
5803.324320824389 3 1.22499e-07
5807.837518088463 11 4.95771e-08
5809.124320942921 3 6.53095e-08
5814.287518126447 11 1.80293e-08
5814.924321029975 3 9.51268e-08
5820.724320827236 3 2.32521e-07
5826.374772617044 3 1.71355e-06
5827.13751777385 11 6.58395e-08
5832.524022895932 6 5.02999e-08
5833.437518076192 11 1.02788e-08
5833.474320945455 3 1.10329e-07
5838.974022424274 6 1.42593e-06
5841.353613457789 7 2.28351e-07
5842.14719014458 10 6.68826e-08
5847.153613370003 7 3.89971e-07
5848.774022967213 6 3.5055e-08
5850.347190437019 10 2.55535e-08
5852.803613180959 7 0.000115561
5854.574022646374 6 1.5984e-07
5857.312942736344 8 1.52158e-07
5860.374022361633 6 1.19512e-06
5866.174022423855 6 8.34637e-07
5868.053613614048 7 1.69777e-08
5868.797190227813 10 1.59014e-07
5873.703613571986 7 8.97352e-08
5874.447190118215 10 5.84245e-08
5880.153613348499 7 3.86593e-07
5880.247189992726 10 5.87309e-07
5885.953613812352 7 8.26002e-08
5886.374022792249 6 9.50304e-08
5888.490578582748 9 2.26165e-07
5891.912942738092 8 8.8219e-08
5892.1740228127 6 6.40841e-09
5895.890578600944 9 2.17696e-07
5900.074022703342 6 9.83707e-08
5900.912942547849 8 3.39403e-07
5904.090578628877 9 1.48742e-07
5907.991970154478 5 2.38089e-07
5909.740578687629 9 7.01606e-08
5910.447129751749 2 1.32905e-07
5911.362942671904 8 1.5034e-07
5915.390578832337 9 4.48348e-08
5915.392375392559 5 7.11982e-08
5920.897129733358 2 6.23377e-08
5921.190578617733 9 9.67088e-08
5922.612942790099 8 4.06848e-08
5926.840578604344 9 1.4661e-07
5927.997129593181 2 1.26961e-07
5929.712942587936 8 1.14827e-07
5932.09197021774 5 6.15399e-08
5932.490578634684 9 1.99841e-07
5935.362942592592 8 8.45954e-08
5936.124022649118 6 4.98148e-08
5939.303613873413 7 6.5757e-08
5941.774022449012 6 2.81931e-07
5944.797190328734 10 5.4011e-08
5945.103613444606 7 1.69604e-07
5947.424022586989 6 1.38981e-07
5950.753613359289 7 1.92098e-07
5951.397190115111 10 2.50256e-07
5957.047190328746 10 6.42274e-08
5961.703613646265 7 4.71667e-08
5963.497189958805 10 6.39387e-07
5967.503613370753 7 3.17149e-07
5969.147190124351 10 2.79211e-07
5976.247190108742 10 2.28037e-07
5977.003613520949 7 1.22236e-07
5981.897190185511 10 9.11188e-08
5985.853613483721 7 7.47895e-08
5987.547190525604 10 5.15822e-08
5988.924022604154 6 3.33661e-07
5990.462942814758 8 6.58872e-08
5990.640578368089 9 1.72611e-06
5992.847129817996 2 2.57236e-08
5996.174022839494 6 2.0592e-08
5996.262942964681 8 4.27179e-08
5996.29057859533 9 8.62186e-08
5998.391970089359 5 2.56109e-07
6000.947129566149 2 1.93745e-07
6002.090578971291 9 3.93276e-08
6003.66294279206 8 3.31066e-08
6007.890578860277 9 4.67288e-08
6008.197129835063 2 5.26471e-08
6011.412942524956 8 3.27833e-07
6013.69057890501 9 4.42966e-08
6013.847129587558 2 2.63104e-07
6017.062942594257 8 2.12269e-07
6018.474022742112 6 2.07961e-08
6019.490578630138 9 2.26638e-07
6020.841970520829 5 2.48045e-08
6022.712942816043 8 6.2874e-08
6023.697129816285 2 4.72932e-08
6025.140578532194 9 2.13049e-07
6030.940578496307 9 3.38074e-07
6031.412942527724 8 3.44337e-07
6032.925120832282 6 5.67236e-08
6035.291970261111 5 9.46419e-08
6039.140578993097 9 3.63446e-08
6040.174022704103 6 6.39469e-08
6044.94057863296 9 1.06544e-07
6044.947130158643 2 3.37441e-08
6045.741970471989 5 3.20392e-08
6047.313384013612 8 8.51376e-09
6050.747129485342 2 9.64384e-08
6052.340578780028 9 1.94381e-08
6054.562942777575 8 8.16756e-08
6058.490578740906 9 2.39755e-08
6058.497129676191 2 1.09868e-07
6062.441970052669 5 2.89886e-07
6068.241969943155 5 6.32528e-07
6070.690578829164 9 7.32436e-09
6073.891970524283 5 1.78047e-08
6076.803613924187 7 2.02794e-08
6083.274022602698 6 9.3755e-08
6083.390578863822 9 9.11021e-08
6086.453613443942 7 3.17328e-07
6087.297190170287 10 1.71508e-07
6093.097190277102 10 2.47265e-08
6103.547190289504 10 1.40622e-07
6109.197190245756 10 6.13208e-08
6129.85361367096 7 5.28116e-08
6129.897190006694 10 5.60453e-07
6136.453613633418 7 2.57924e-08
6139.474022436309 6 2.54971e-07
6141.662942606295 8 2.23672e-07
6142.640578830496 9 6.07133e-08
6145.774022426351 6 9.61043e-07
6147.462942735304 8 6.00511e-08
6148.290578438083 9 8.64484e-07
6151.424022651589 6 9.76949e-08
6153.112942846264 8 4.84737e-08
6156.053613454242 7 1.47891e-07
6156.847190691533 10 1.06785e-08
6157.074022596681 6 1.54709e-07
6161.703613333657 7 1.31581e-06
6162.647190503026 10 1.25625e-08
6164.174022559152 6 2.98695e-07
6166.462942816622 8 6.29545e-08
6169.824022862579 6 8.78669e-08
6171.997190196165 10 9.59858e-08
6172.003613243693 7 2.07759e-06
6177.797190552095 10 4.81524e-08
6177.803613618197 7 7.42365e-08
6178.524022763539 6 1.49452e-07
6180.040578585387 9 2.04042e-07
6182.441970190942 5 5.81119e-08
6185.597129413511 2 5.39566e-07
6185.840579080964 9 9.21788e-09
6188.912942979321 8 1.18614e-08
6191.397129651679 2 5.87386e-08
6191.6405786921 9 5.04269e-08
6194.712942747917 8 1.50602e-07
6197.197129993442 2 4.63904e-08
6197.290578584589 9 1.53616e-07
6199.524022636806 6 1.22973e-07
6203.090578528624 9 1.83155e-07
6203.562942703835 8 1.59725e-07
6203.647129811393 2 7.23261e-08
6206.77402253596 6 3.80446e-07
6209.203613607319 7 4.51984e-08
6212.574022674399 6 5.39089e-08
6214.497190490346 10 3.65721e-08
6215.003613771847 7 9.58991e-09
6218.374022665771 6 8.79535e-08
6220.80361363056 7 1.54323e-07
6223.197190225723 10 6.65473e-08
6228.997190558678 10 4.18125e-08
6234.647190335279 10 3.89583e-08
6237.803613382154 7 5.7019e-07
6240.974022576858 6 1.83814e-07
6243.140578609594 9 1.4725e-07
6243.312942734694 8 7.64324e-08
6246.62402293427 6 1.22847e-08
6247.991970190201 5 1.66993e-07
6249.740578453738 9 3.11366e-07
6251.362943174596 8 4.51612e-08
6253.791970237315 5 1.05009e-07
6258.5905785528 9 2.10177e-07
6259.412942923519 8 5.01484e-08
6260.847129383565 2 1.92577e-06
6265.062942892216 8 2.92906e-08
6265.690578583109 9 1.31546e-07
6267.297129512752 2 3.33486e-07
6270.712942422893 8 1.28695e-06
6274.524022816788 6 2.39443e-08
6274.540578626082 9 3.06861e-08
6276.362942888474 8 1.8051e-08
6276.947129935364 2 3.86517e-08
6278.491970294327 5 7.58771e-08
6281.940578676642 9 1.28894e-07
6282.012942596247 8 1.81832e-07
6288.103613614713 7 3.99279e-08
6288.974022672209 6 1.04924e-07
6291.237517771403 11 1.29705e-07
6294.624022517665 6 3.70118e-07
6297.60361365607 7 7.42029e-08
6301.597190190867 10 2.14368e-07
6303.403613289287 7 7.02168e-07
6307.397190177833 10 1.41632e-07
6309.20361363986 7 8.33263e-08
6313.724022864328 6 4.74373e-08
6315.287517700409 11 2.9993e-07
6320.024022602119 6 6.22794e-08
6324.696019858869 4 4.69911e-08
6327.987517659677 11 2.40693e-07
6332.096019608839 4 7.05439e-07
6334.437517726547 11 1.08683e-07
6339.846019621486 4 3.8555e-07
6343.13751775369 11 1.47241e-07
6345.496019909842 4 6.53029e-08
6348.724022610688 6 1.37225e-07
6351.740578412363 9 1.33516e-06
6351.8129427882 8 2.49874e-08
6354.374022537193 6 2.08433e-07
6358.340578313458 9 4.66943e-06
6359.212942554805 8 2.25788e-07
6363.191970467046 5 2.18317e-08
6365.590578590924 9 1.7835e-07
6368.841970097782 5 1.38338e-07
6371.147129799671 2 1.09792e-07
6371.240578577619 9 8.6965e-08
6371.262942830959 8 2.22881e-08
6374.274022800787 6 4.18151e-08
6382.191970416628 5 4.75529e-08
6382.640578520291 9 1.20774e-07
6383.312942774544 8 8.45165e-08
6387.847129953696 2 4.8987e-08
6388.440578816814 9 3.98891e-08
6388.962942860801 8 7.40449e-08
6393.497129540527 2 2.79699e-07
6395.040578700244 9 4.84377e-08
6395.912942596526 8 2.30838e-08
6399.841970009858 5 1.97633e-07
6405.491970329093 5 5.07949e-08
6407.090578919437 9 2.83731e-08
6407.774022613943 6 9.55928e-08
6413.42402291043 6 2.44182e-08
6414.190578676559 9 2.17738e-07
6414.991970156901 5 9.93188e-08
6419.047129725863 2 8.42582e-08
6421.440578589657 9 1.14987e-07
6423.041970339123 5 1.82712e-08
6427.074023049481 6 1.80385e-08
6427.09057852622 9 1.10099e-07
6451.124022773257 6 1.02589e-07
6451.940578406899 9 7.2224e-07
6452.612942740352 8 1.14208e-07
6456.774022738567 6 8.77014e-08
6457.403613697066 7 8.07736e-08
6460.597190271966 10 5.81197e-08
6463.203613852805 7 2.92792e-08
6463.224022601299 6 2.78454e-08
6464.79057906998 9 1.35931e-08
6469.024022753348 6 1.01877e-07
6470.453613588447 7 1.47516e-07
6471.84719032351 10 7.66491e-08
6476.103613616008 7 1.41266e-08
6477.647190526291 10 4.51239e-08
6481.753613327517 7 6.90257e-07
6483.297190006424 10 7.22445e-07
6494.547190111584 10 5.86224e-09
6495.253613589382 7 1.04779e-07
6498.37402272593 6 4.5863e-08
6501.490578727456 9 6.26901e-08
6502.291970289234 5 6.75579e-08
6504.824023034297 6 1.7596e-08
6512.697190452394 10 4.15739e-08
6513.553613762628 7 4.36247e-08
6524.74057869116 9 4.57152e-08
6525.524022529179 6 2.40461e-07
6526.262942956145 8 5.56038e-08
6528.803613322225 7 5.15692e-07
6529.397190136414 10 2.32126e-07
6532.774022668315 6 1.17324e-07
6534.390578701373 9 3.99461e-08
6537.541970151926 5 2.58786e-07
6540.040578506903 9 4.01108e-07
6540.712942811856 8 4.52153e-08
6544.547129963254 2 5.49892e-08
6545.690578695349 9 6.07274e-08
6546.512942459808 8 5.86574e-07
6551.191970388267 5 5.09155e-08
6551.340578679351 9 8.07217e-08
6552.747130023957 2 3.58819e-08
6556.824022781453 6 1.22897e-07
6556.990578891917 9 3.47785e-08
6576.797190464856 10 7.61574e-08
6577.653613797325 7 3.75583e-08
6584.074022754536 6 4.34919e-08
6584.890578828016 9 6.54928e-08
6586.41294275615 8 7.38747e-08
6590.097129750675 2 7.19366e-08
6590.540578921021 9 2.73815e-08
6596.190578565943 9 2.05495e-07
6596.212942777993 8 6.81428e-08
6598.441970279192 5 9.79674e-08
6609.841970306633 5 5.06068e-08
6615.641969986629 5 3.34351e-07
6617.990578396977 9 1.413e-06
6618.662942699064 8 1.0791e-07
6622.597129583572 2 1.14297e-08
6626.990578791106 9 6.16459e-08
6628.397129560705 2 2.2582e-07
6632.790578677335 9 1.19039e-07
6632.962942439023 8 7.37851e-07
6635.324022684069 6 8.08258e-08
6638.590578308714 9 7.27905e-06
6638.612942794733 8 4.88393e-08
6640.147129812645 2 6.74374e-08
6641.791970230926 5 4.02388e-08
6644.174022701593 6 8.63912e-08
6644.390578642565 9 5.47048e-08
6645.06294247633 8 4.69767e-07
6647.897129552204 2 1.6106e-07
6650.19057859637 9 1.19183e-07
6653.697129783971 2 3.36947e-08
6655.29197045646 5 1.80938e-08
6655.990578675386 9 1.05085e-07
6657.67402243168 6 2.60572e-07
6661.790578774871 9 3.80926e-08
6663.324022930846 6 2.12079e-08
6666.562942692648 8 8.21045e-08
6667.440578617102 9 1.58177e-07
6670.57402256704 6 3.15179e-07
6672.903613570299 7 8.55871e-08
6675.897190437253 10 9.39027e-09
6678.196019820285 4 1.74667e-07
6685.446019800389 4 3.84946e-08
6693.496019714284 4 2.26028e-07
6699.146019960461 4 4.01431e-08
6705.446019876136 4 7.227e-08
6711.096019928828 4 5.65843e-08
6720.596019868852 4 9.71965e-08
6734.896020195176 4 4.15394e-08
6742.146019923051 4 7.59964e-08
6749.103613425776 7 2.88819e-07
6749.897190354288 10 3.42931e-08
6751.574022914966 6 2.70849e-08
6753.090578625899 9 1.51155e-07
6754.612942633347 8 1.87853e-07
6756.947129562695 2 1.5079e-07
6761.212942580357 8 1.67651e-07
6762.090578529746 9 1.28642e-07
6765.291970212692 5 1.46185e-07
6767.897129604741 2 1.70595e-07
6769.490578721944 9 1.49968e-07
6770.212942570494 8 3.15439e-07
6774.974022467902 6 5.99453e-07
6778.190578536783 9 2.9524e-07
6778.941970285875 5 4.03417e-08
6788.497190619387 10 5.32753e-08
6815.791970194365 5 9.09226e-08
6820.640578543103 9 1.50125e-07
6822.262942659016 8 8.91136e-08
6823.847130008973 2 4.37601e-09
6824.641970505324 5 6.47867e-09
6828.712942540253 8 3.9504e-07
6829.490578819671 9 1.10198e-07
6831.824022807118 6 5.98332e-08
6834.141970386269 5 7.7215e-08
6835.140578673299 9 1.18017e-07
6835.747129633613 2 1.94573e-07
6837.412942581205 8 1.54313e-07
6841.397129516251 2 1.55237e-07
6843.791970029475 5 5.76003e-08
6847.04712985313 2 8.49168e-08
6847.840578335617 9 7.57222e-06
6848.662942906209 8 3.00088e-08
6853.490578486508 9 2.03741e-07
6854.89197017802 5 9.73109e-08
6859.140578580257 9 2.91709e-07
6860.547129803928 2 4.39084e-08
6862.141970302176 5 7.3486e-08
6864.790578653193 9 4.47298e-08
6866.96294274719 8 4.6656e-09
6868.597129579215 2 1.91698e-08
6872.540578655104 9 2.26242e-08
6872.612942630328 8 2.97236e-08
6876.497129689242 2 1.32832e-07
6878.340578824755 9 4.81979e-08
6878.991970494948 5 2.67208e-08
6883.990578445359 9 4.46475e-07
6884.662942596967 8 7.21993e-08
6887.097129839078 2 7.82395e-08
6889.640578675907 9 4.01307e-08
6890.124022535308 6 2.65278e-08
6890.312942964708 8 3.88365e-08
6892.50361357851 7 2.30231e-07
6895.597190382622 10 5.41255e-08
6907.646019597506 4 3.3663e-07
6915.103613544631 7 5.30701e-08
6915.797190373146 10 9.10519e-08
6921.553613661153 7 1.35829e-07
6921.597190093522 10 1.9802e-07
6924.724022751543 6 6.3281e-08
6929.28751782899 11 1.9964e-07
6931.396020002543 4 1.68979e-08
6935.087517759259 11 1.15427e-07
6938.524022751989 6 7.56813e-08
6944.174022719801 6 1.01789e-07
6948.740578538435 9 1.35346e-07
6949.562942600594 8 2.17666e-07
6954.141970116817 5 1.38914e-07
6954.540578930006 9 1.06696e-08
6960.224022680655 6 7.37638e-08
6960.340578721676 9 7.23189e-08
6964.962943066521 8 5.07454e-08
6968.291970356758 5 4.46285e-08
6974.091970300367 5 7.34569e-08
6974.790578490174 9 1.7885e-07
6977.162943056412 8 1.92909e-08
6977.847129965545 2 4.5577e-08
6981.890578792173 9 4.31799e-08
6982.812942470939 8 5.06012e-07
6984.124022695139 6 1.10917e-07
6988.953613514707 7 9.08488e-08
6989.797190312013 10 1.29988e-07
6992.896019974709 4 7.93381e-08
7000.796020041161 4 2.50125e-08
7006.596019982377 4 4.54405e-08
7015.596019721673 4 1.84558e-07
7018.753613619431 7 1.02918e-07
7018.797190218292 10 8.56533e-08
7032.59719058632 10 4.46866e-08
7037.203613598761 7 4.02556e-08
7038.397190015246 10 5.10318e-07
7041.124022600835 6 8.45431e-08
7045.403613557017 7 1.05031e-07
7046.924022557777 6 5.09279e-08
7049.912942795596 8 7.92728e-08
7049.940578461103 9 2.9052e-07
7055.740578793957 9 7.94334e-08
7058.324022974829 6 3.04719e-08
7059.053613399099 7 4.39446e-07
7059.597190148933 10 2.87204e-07
7064.853613801488 7 3.44701e-08
7065.397190409418 10 2.3646e-08
7076.79719028596 10 4.44069e-08
7082.597190388637 10 4.5041e-08
7088.247190426173 10 3.34688e-08
7090.503613494858 7 1.45186e-07
7092.92402266625 6 5.91634e-08
7095.940578453658 9 6.93482e-07
7096.062942729734 8 5.62847e-08
7098.574022401604 6 1.52399e-06
7101.740578964613 9 1.07315e-08
7104.224022951165 6 1.24979e-08
7105.712942718683 8 8.41428e-08
7107.390578481006 9 1.63567e-08
7111.324022709072 6 6.11337e-08
7111.362942652123 8 1.72135e-07
7113.840578649632 9 1.11201e-07
7115.291970401904 5 6.72674e-08
7117.197129531975 2 2.10686e-07
7120.440578503938 9 2.27422e-07
7121.962942749391 8 1.61451e-07
7122.724022999151 6 3.72366e-08
7124.297129838698 2 2.05303e-08
7126.240578990193 9 3.49319e-08
7127.762942749427 8 1.64451e-07
7132.040578613154 9 2.12708e-07
7133.824022634611 6 1.95034e-07
7138.337517660592 11 2.36072e-07
7139.846019935803 4 1.40197e-07
7144.137517811552 11 1.5884e-07
7147.474022648588 6 1.42736e-07
7150.224321000202 3 6.24305e-08
7156.024320763243 3 2.0029e-07
7160.174022836976 6 8.02409e-08
7162.362942856639 8 6.70357e-08
7164.987517523737 11 1.19132e-06
7165.024321198265 3 3.77484e-08
7170.824321041983 3 6.4166e-08
7176.474321093556 3 7.37612e-08
7177.037517561741 11 5.2712e-07
7182.124321242347 3 5.31562e-08
7184.224022761775 6 1.10984e-07
7185.887517611139 11 3.27706e-07
7187.774320626499 3 0.000285759
7192.337517825405 11 1.45293e-07
7193.424321439327 3 1.56655e-08
7193.874022660452 6 2.68101e-07
7196.947190325227 10 7.09207e-08
7196.953613627149 7 1.46956e-07
7199.496019856147 4 9.21363e-08
