0.877611920458 3 9.67237e-09
5.653157567784 9 2.45267e-07
6.677611866626 3 1.91927e-07
11.453157650795 9 3.58948e-07
13.927611985141 3 7.23712e-08
19.503157883356 9 1.00906e-07
25.15315772716 9 8.34711e-08
28.256254803047 4 4.27028e-07
29.763924656996 5 4.91121e-08
30.635662934578 2 5.11663e-08
30.690952110762 11 2.50992e-07
36.490951782948 11 3.62818e-06
37.235663126336 2 1.39003e-08
40.253157748757 9 6.82535e-08
47.427611929802 3 1.17512e-07
47.503157617967 9 5.09552e-07
53.227611710007 3 2.91402e-08
53.303157530744 9 6.91134e-07
59.027611627558 3 5.23981e-07
59.103157577779 9 8.9974e-07
64.827611739913 3 3.36282e-07
64.903157520605 9 3.2765e-07
80.306254899082 4 1.33106e-07
86.106255308728 4 3.32051e-08
87.503157533199 9 6.38436e-07
88.227611711818 3 4.43707e-07
91.906254774097 4 6.6283e-07
93.813924745879 5 7.0477e-08
95.035662965086 2 3.13757e-08
95.090951978777 11 1.43238e-07
100.353157901459 9 5.55257e-08
102.506255010408 4 1.0836e-07
106.504030914035 8 1.0315e-07
108.15625487272 4 8.38242e-08
109.635662971468 2 2.62207e-08
109.713924920243 5 2.49036e-08
110.490952040496 11 1.32688e-07
115.435662840689 2 2.52479e-07
116.290951986864 11 5.47593e-07
118.563924681379 5 3.55046e-08
119.406255131715 4 8.37372e-08
121.735662976168 2 1.07589e-07
124.122254565577 7 3.63831e-07
124.213924576775 5 1.12128e-07
127.535663038154 2 2.77376e-08
129.922254805123 7 4.58624e-08
135.572254803683 7 9.63108e-08
136.235663113008 2 2.21965e-08
136.263924729095 5 3.49117e-08
141.222254864793 7 1.67427e-07
147.672254768115 7 1.70876e-07
148.463924844676 5 5.5701e-08
153.322254719385 7 8.84325e-08
158.763924701611 5 8.38987e-09
159.122254895964 7 5.07782e-08
160.285663104364 2 7.05938e-08
164.413924661566 5 2.33598e-08
164.92225449001 7 3.07712e-07
174.722254882922 7 7.64313e-08
177.135663313685 2 9.56578e-09
179.513924318313 5 1.17005e-06
181.05625492366 4 6.09192e-08
183.354030671831 8 1.97301e-07
184.023956007691 10 5.06049e-08
184.148333420447 6 1.81264e-07
186.613924620805 5 8.8024e-08
187.422254672522 7 1.29648e-07
189.823955857056 10 7.02712e-07
190.748333757898 6 2.46753e-08
190.754031032528 8 3.91017e-08
193.072254829693 7 4.64248e-08
194.663924825791 5 3.30463e-08
194.70625500302 4 6.17711e-08
196.554030763785 8 2.33967e-07
197.198333418512 6 2.13831e-07
202.204030740915 8 2.10788e-07
202.998333322417 6 3.13471e-07
208.00403107046 8 4.28939e-08
208.798333327975 6 3.21694e-07
212.473956186506 10 9.79853e-08
213.804031216291 8 2.65064e-08
214.598333486503 6 1.15338e-07
220.398333434487 6 1.18624e-07
221.204030702075 8 1.76652e-07
222.92395633043 10 3.40342e-08
224.356255337525 4 1.48098e-08
232.298333230213 6 4.60499e-07
232.304030953297 8 1.56025e-08
242.90403084924 8 1.06115e-07
243.698333303587 6 1.94578e-07
252.398333546894 6 2.23849e-08
260.40403074775 8 1.65002e-07
260.448333361205 6 2.49412e-07
271.848333633642 6 6.1655e-08
274.854030815513 8 1.92862e-07
276.273956199612 10 7.21708e-08
277.648333469681 6 2.61312e-07
280.504030855914 8 1.02096e-07
283.448333285005 6 1.94533e-07
289.248333672302 6 3.52154e-08
289.354031233047 8 4.25256e-08
293.206254948563 4 5.40337e-08
294.723956380934 10 4.84562e-08
295.004030804413 8 2.08512e-07
298.856255145214 4 6.78897e-08
299.5139247022 5 4.91677e-08
300.322254803764 7 1.38234e-07
300.373955873313 10 5.14623e-07
301.6040307965 8 1.26997e-07
301.798333473744 6 8.0225e-08
305.806255391609 4 2.67145e-08
306.173956074787 10 7.85368e-08
307.40403077456 8 8.60384e-08
307.598333699572 6 5.33149e-08
312.103158030807 9 3.69607e-08
313.790952023878 11 1.01151e-07
317.903157819425 9 1.07373e-07
320.12761180798 3 3.27526e-08
323.703157689582 9 2.38385e-07
325.927612175098 3 4.86791e-08
329.353157891794 9 1.11085e-07
333.827611843612 3 7.16364e-08
335.6531578162 9 1.49254e-07
341.856254949645 4 1.42053e-07
343.553157789893 9 5.00708e-08
350.153157720975 9 1.35856e-07
352.456254848555 4 1.2707e-07
361.10359925671 9 2.56484e-08
364.356339733688 4 3.81192e-08
365.854030814314 8 3.74355e-08
366.613924811663 5 2.39581e-08
366.723955951718 10 1.57438e-07
369.022255043054 7 3.13362e-08
370.548333651887 6 6.88662e-08
370.806254960908 4 2.44145e-07
371.504031017245 8 7.05588e-08
377.256254886749 4 9.90323e-08
377.304031038036 8 5.9736e-08
383.904030819073 8 1.45936e-07
384.348333475556 6 1.0804e-07
389.70403093509 8 3.84462e-08
390.148333311388 6 2.07261e-07
394.773956399125 10 1.5313e-08
395.504031043702 8 5.93023e-08
395.798333459555 6 2.01235e-08
401.448333334738 6 4.48688e-07
402.104030811582 8 1.59846e-07
402.97395620927 10 3.48509e-08
405.306254765995 4 7.6375e-07
409.153157784724 9 4.85851e-08
410.677611865845 3 1.32835e-07
415.603157493817 9 7.02846e-07
416.477611657455 3 6.78511e-07
429.403158248846 9 9.2196e-09
431.727611772438 3 2.02972e-07
452.556255145652 4 1.03273e-07
454.253157743295 9 1.29131e-07
455.627611849393 3 1.55972e-07
470.953157961105 9 5.79451e-08
484.45315790927 9 5.6684e-08
488.456255007387 4 8.95345e-08
491.43566298126 2 2.43913e-08
491.440951857294 11 1.57314e-06
494.813924811331 5 1.45074e-08
497.235663257311 2 2.99371e-08
497.240960808352 11 2.81527e-07
503.040952398526 11 4.64315e-08
503.663924366382 5 2.97609e-07
503.68566311198 2 3.01275e-08
503.706255109265 4 2.00337e-08
505.222254630506 7 1.5332e-07
505.273956183229 10 6.94993e-09
509.463924408567 5 2.66874e-07
509.485662939321 2 1.35826e-08
510.156255126612 4 8.43105e-08
511.590952256306 11 9.51058e-08
515.285662988869 2 5.51454e-08
518.190952154782 11 8.21507e-08
521.085662914683 2 1.52307e-07
521.51392444289 5 1.00893e-07
522.356255047232 4 6.65982e-08
527.163924524584 5 1.4297e-07
527.685663039885 2 3.24803e-08
530.240951870468 11 1.08004e-06
534.285662723232 2 2.98554e-07
535.863924543585 5 1.1619e-07
536.656255189526 4 3.99907e-08
537.490951996667 11 2.03335e-07
539.935662984695 2 8.9056e-08
543.140952181997 11 1.65972e-07
544.706254992366 4 1.88461e-07
546.313924240588 5 7.34202e-06
546.385663132372 2 2.28085e-08
547.822254556547 7 5.05643e-07
549.173956589919 10 1.21885e-08
552.113924483582 5 1.37862e-07
552.185662970278 2 1.90056e-08
556.522254683951 7 7.37873e-08
560.313924607745 5 7.51296e-08
562.172254828537 7 6.64304e-08
565.185663168596 2 9.09e-09
566.913924956672 5 2.79548e-08
567.82225490874 7 6.69497e-08
572.563924746006 5 6.08703e-08
573.472255159753 7 1.14442e-08
574.185662975331 2 3.77416e-08
579.663924500169 5 7.16895e-08
579.835663043647 2 4.31171e-08
581.372254540338 7 5.25197e-07
582.823956389815 10 4.02193e-08
585.463924454684 5 2.28528e-07
587.022254803267 7 6.88626e-08
587.7356630849 2 1.62058e-08
591.113924515808 5 1.80827e-07
593.290952089558 11 2.69817e-07
593.385662873554 2 1.92673e-07
599.090952115946 11 1.57888e-07
601.435663174962 2 3.49838e-08
604.740952169213 11 6.40343e-08
607.085662847087 2 1.61762e-07
607.813924315884 5 4.46795e-07
608.45625521956 4 4.38354e-08
609.322254718819 7 1.01373e-07
613.38566273128 2 3.13228e-07
613.463924650511 5 3.6836e-08
614.09095220104 11 1.14338e-07
619.185663034847 2 6.45047e-08
619.706255070731 4 5.30041e-08
619.913924383036 5 3.82088e-07
631.553157564422 9 7.43839e-07
632.32761197075 3 6.84232e-08
638.953157734712 9 3.93887e-08
639.727612065399 3 3.06625e-08
648.60315774658 9 1.14661e-07
654.40315795443 9 3.37956e-09
658.977611982087 3 8.65902e-08
660.053157809782 9 2.17816e-08
661.356254919582 4 2.16367e-07
665.427611858929 3 1.95543e-07
665.85315753526 9 7.58205e-07
669.406254833019 4 3.0479e-07
673.253157783172 9 8.74689e-08
679.053158156745 9 4.78139e-08
686.303157812019 9 9.89515e-08
699.153157700537 9 2.56121e-07
702.94095232634 11 2.49358e-08
707.053158143242 9 1.8901e-08
712.740952461659 11 1.02873e-08
716.70315801696 9 3.55959e-08
722.353157938916 9 5.5622e-08
723.856254978805 4 2.73289e-07
725.204030706601 8 6.91104e-07
725.998333512578 6 5.97139e-08
726.073956021427 10 1.13826e-07
728.572254945933 7 2.35198e-08
731.004030749674 8 3.47537e-07
731.873956253841 10 6.26086e-08
731.906254884164 4 2.17311e-07
732.613924705814 5 3.56521e-08
736.598333489444 6 7.70303e-08
736.804030616388 8 3.20227e-07
737.673955952621 10 2.46375e-07
739.972254772815 7 5.58624e-08
740.813924926605 5 5.01949e-09
743.254030955454 8 7.23587e-08
743.323955795876 10 9.79343e-07
748.022255016677 7 2.83171e-08
748.756255374323 4 1.42941e-08
749.054031014306 8 5.42796e-08
749.123955676864 10 2.28022e-05
752.713924807332 5 3.38625e-08
753.672254828011 7 5.11216e-08
754.923955880711 10 4.91187e-07
756.648333462126 6 1.56482e-07
756.654030773697 8 7.77353e-08
758.256254930631 4 1.36631e-07
762.363924740518 5 6.68512e-08
764.056255113008 4 6.7717e-08
765.45315770222 9 3.86735e-07
766.927611951529 3 6.79121e-09
772.853158028275 9 4.40365e-08
781.703157815968 9 1.13673e-07
787.040952576786 11 3.23454e-08
788.727611950757 3 4.16879e-08
788.953157699767 9 2.17132e-07
794.527611820528 3 1.35736e-07
794.60315760993 9 2.23734e-07
797.706254882248 4 4.12202e-07
802.413924596952 5 1.34059e-07
803.506254785873 4 4.22289e-07
808.054030940426 8 8.0508e-08
809.156255101049 4 3.25161e-08
813.85403115486 8 1.33568e-08
816.048333628787 6 9.13852e-08
820.454030899378 8 1.43437e-07
821.848333375028 6 2.46706e-08
823.923956341386 10 1.1053e-08
830.848333336142 6 2.14863e-07
831.854030683205 8 5.33392e-07
837.448333464101 6 1.42706e-07
837.654030972253 8 7.40583e-08
840.923956428127 10 1.95536e-08
843.248333540336 6 7.71156e-08
845.854030756119 8 3.10374e-07
853.848333565447 6 2.73578e-08
854.854031113881 8 7.57204e-08
859.648333694236 6 1.61207e-08
863.854030697567 8 5.49835e-07
865.448333429612 6 9.73956e-08
866.723956366463 10 4.0638e-08
870.304030941713 8 3.86465e-08
871.248333391456 6 2.83475e-07
877.704030751692 8 2.99733e-07
877.848333179951 6 1.54848e-06
881.173956104172 10 7.49751e-08
883.504031003237 8 9.57788e-08
883.648333376367 6 1.38546e-07
893.448333137794 6 2.20017e-06
894.104030672525 8 2.59796e-07
896.406255162062 4 2.13332e-08
899.24833354999 6 8.88735e-08
906.348333411352 6 2.82271e-07
917.59833326828 6 4.98104e-07
918.304030758283 8 1.36174e-07
924.84833362525 6 3.27933e-08
924.904031002079 8 6.4539e-08
930.64833339032 6 2.03244e-07
933.104030966402 8 9.63289e-08
935.80625481034 4 3.90916e-07
938.803158089738 9 2.82007e-08
941.606255080576 4 4.57561e-08
945.403157757248 9 8.67247e-08
946.927611966504 3 5.90258e-08
951.203158047201 9 4.11709e-08
952.056254842745 4 4.06243e-08
954.9040310011 8 1.801e-08
957.248333385898 6 1.94432e-07
962.304030820125 8 1.77096e-07
963.048333406911 6 4.00546e-07
972.848333418723 6 5.70934e-08
973.554031205587 8 3.16015e-08
976.423956283668 10 2.16764e-08
978.648333300101 6 3.11357e-07
984.448333586009 6 2.77164e-08
992.498333635981 6 8.89585e-08
998.104030670997 8 2.48864e-07
998.148333315258 6 1.69888e-07
1003.904031221786 8 1.02813e-08
1003.948333662203 6 9.49833e-08
1009.748333562973 6 8.08997e-08
1014.054030865701 8 4.86605e-08
1015.548333409382 6 1.35591e-07
1018.873956273426 10 4.44059e-08
1019.704031223238 8 2.66646e-08
1021.348333704285 6 2.76272e-08
1026.154030813931 8 1.22604e-07
1026.998333433191 6 1.31922e-07
1034.248333328954 6 1.90484e-07
1035.004030744723 8 1.89207e-07
1047.74833325391 6 3.37124e-07
1048.504408997359 8 5.55429e-08
1053.398333810453 6 1.33181e-08
1058.154030635758 8 1.23606e-06
1059.048333269709 6 1.75688e-07
1067.098333731801 6 1.70054e-08
1071.004030830086 8 1.40756e-07
1072.256255252351 4 6.02843e-08
1072.748333240902 6 5.31358e-07
1078.398333520822 6 4.48793e-08
1082.104030751693 8 2.13109e-07
1086.148333570047 6 5.81087e-08
1090.954031201729 8 2.37328e-08
1094.998333643322 6 3.37159e-08
1103.848333351149 6 1.81559e-07
1104.604030896691 8 7.81464e-08
1106.923956457925 10 1.63775e-08
1109.498333619855 6 7.03276e-08
1112.456254992552 4 7.53384e-08
1115.61392439214 5 4.79966e-07
1116.385662923452 2 3.13904e-08
1118.072255178131 7 2.26865e-08
1121.413924877173 5 2.37678e-08
1123.785663062377 2 7.75568e-09
1123.872255126025 7 3.54079e-08
1129.463924678338 5 3.49125e-08
1129.672254686418 7 1.5107e-07
1131.835662931262 2 7.8002e-08
1137.513924558789 5 7.15259e-08
1138.372254601863 7 3.47024e-07
1143.163924263011 5 3.03418e-06
1144.6562551787 4 6.69244e-08
1145.485662690562 2 1.26144e-06
1145.99095214775 11 1.68233e-07
1151.790952095646 11 1.05276e-07
1151.935663324249 2 8.13934e-09
1157.585662913021 2 6.408e-08
1157.590952107559 11 2.61453e-07
1162.263924442699 5 2.98981e-07
1163.385663134026 2 1.54906e-08
1163.756255050592 4 1.04419e-07
1165.490952064841 11 1.34898e-07
1169.985662763289 2 1.45926e-07
1171.140952140628 11 6.00083e-08
1172.713924659454 5 9.12633e-08
1172.756255174015 4 4.32208e-08
1175.785663036385 2 4.06354e-08
1176.790952179468 11 1.64554e-07
1179.313924323452 5 5.79995e-07
1180.656255010008 4 6.47883e-08
1181.435663129298 2 2.32911e-08
1183.090952445732 11 3.94655e-08
1185.11392457325 5 4.52046e-08
1187.085663127269 2 1.97685e-08
1187.906254742663 4 9.54304e-07
1190.803157746621 9 1.15484e-07
1192.427611614137 3 4.01763e-07
1196.603157661909 9 4.77632e-07
1203.203157665422 9 3.08243e-07
1204.627611837753 3 8.65357e-08
1220.703157953867 9 1.24314e-07
1222.27761163782 3 2.06333e-07
1231.95315783783 9 6.12699e-08
1237.377612048661 3 5.84875e-08
1240.653157797635 9 6.24431e-08
1243.177611935935 3 6.76642e-08
1259.903157716881 9 1.4208e-07
1260.677611894382 3 2.94784e-08
1275.127611805524 3 6.65702e-08
1275.153157686127 9 6.39855e-08
1280.927612089823 3 4.03109e-08
1280.95315802731 9 4.35983e-08
1288.327611910947 3 1.83033e-07
1288.353157669586 9 3.37271e-07
1294.153158185393 9 2.70329e-08
1294.35625510353 4 4.19615e-08
1295.935662850464 2 6.86303e-08
1296.513924811229 5 1.82637e-08
1296.590952075821 11 1.93676e-07
1301.585663077034 2 3.19465e-08
1302.390951824235 11 3.54323e-06
1306.313924664261 5 8.01352e-08
1307.235663166395 2 2.43768e-08
1307.85625497323 4 1.16396e-07
1310.290952185065 11 4.5737e-08
1313.53566270678 2 6.00678e-07
1316.090952171783 11 1.72266e-07
1317.656255056215 4 3.39454e-08
1319.803158031378 9 3.3743e-08
1324.427612115173 3 9.36597e-08
1325.603158222996 9 2.24448e-08
1340.853157796837 9 1.59342e-07
1344.790952260976 11 2.54428e-08
1345.556255007424 4 1.02014e-07
1347.163924462357 5 1.35392e-07
1348.635663073531 2 3.3736e-08
1349.472254878343 7 6.75488e-08
1354.413924762532 5 6.53086e-08
1354.973956430739 10 8.65064e-09
1355.272254567054 7 3.69044e-07
1360.035663143468 2 6.65937e-08
1361.663924464375 5 1.28996e-07
1364.922254894737 7 9.55621e-08
1367.28566317542 2 1.83433e-08
1367.313924779608 5 4.34463e-08
1370.572254478444 7 1.05178e-07
1376.372254665707 7 2.65697e-07
1380.313924426 5 2.07414e-07
1380.935663097409 2 5.58388e-08
1382.406255027177 4 1.85691e-08
1386.113924656649 5 2.61162e-08
1387.23566300197 2 1.93924e-08
1388.572254758012 7 6.36971e-08
1391.913924480043 5 1.21314e-07
1393.656254935048 4 1.08227e-07
1398.513924761896 5 4.75904e-08
1399.306254826702 4 2.84917e-07
1404.956255272665 4 5.24244e-08
1410.440952250799 11 3.69332e-08
1411.285662908464 2 7.40268e-08
1411.363924543523 5 1.47146e-07
1416.240952161481 11 7.24907e-08
1417.956254880812 4 7.3864e-08
1418.763924938195 5 2.01752e-08
1421.553157623287 9 1.96931e-07
1422.277611833977 3 1.56802e-07
1437.356254965502 4 1.75752e-07
1438.904030683835 8 3.2524e-07
1438.998333560075 6 5.64218e-08
1439.823955869785 10 1.02046e-07
1443.156254961357 4 1.00169e-07
1447.053158269998 9 9.29133e-09
1448.440951982845 11 4.79952e-07
1448.635662820608 2 7.46949e-08
1451.763924656968 5 6.44652e-08
1454.240951833462 11 1.37024e-06
1454.435662962746 2 6.54559e-08
1459.963924504823 5 5.83932e-08
1460.040952406288 11 4.45984e-08
1460.085662961805 2 5.38223e-08
1461.606254731605 4 4.56579e-07
1463.903157710132 9 1.9268e-07
1465.527611713642 3 2.78449e-07
1469.703157735789 9 2.4319e-07
1471.327611993875 3 1.21678e-07
1473.806254932935 4 3.42745e-08
1475.104030858347 8 8.25458e-08
1475.998333485586 6 4.61082e-08
1484.198333638737 6 4.68005e-08
1484.904030738867 8 1.37064e-07
1489.9983337912 6 1.92147e-08
1492.304030784183 8 1.53901e-07
1498.848333281191 6 2.40186e-07
1498.904030748847 8 2.93599e-07
1500.823956306167 10 3.35228e-08
1503.606254823318 4 5.76524e-08
1505.504030776753 8 1.83505e-07
1506.098333509665 6 9.60086e-08
1509.256254977948 4 1.19103e-07
1511.304031063935 8 6.78512e-08
1516.356255158055 4 6.37496e-08
1519.503157812623 9 1.87055e-07
1521.127967484183 3 1.62438e-07
1541.303157941635 9 2.26287e-08
1541.327612167735 3 2.74277e-08
1547.103157533395 9 1.15547e-06
1547.12761165951 3 8.5595e-07
1551.60625514118 4 4.93894e-08
1558.503157957753 9 7.85575e-08
1570.703157756965 9 1.71868e-07
1570.727611961278 3 4.89827e-08
1576.503157776168 9 8.60547e-08
1576.527612107025 3 3.45489e-08
1583.903157455972 9 5.07503e-06
1583.927611733553 3 2.67249e-07
1589.703158078747 9 2.9778e-08
1589.727612098367 3 7.63079e-08
1603.50625507857 4 7.75472e-08
1617.103157667628 9 1.7872e-07
1617.127611671901 3 3.05842e-07
1622.903157475582 9 5.11723e-06
1622.927611812731 3 1.03502e-07
1626.756255267326 4 2.24112e-08
1628.703157771394 9 1.65371e-07
1632.277611794022 3 2.40326e-07
1635.303157768613 9 5.64902e-08
1638.077611672971 3 3.86023e-07
1641.103157995365 9 4.92112e-08
1643.72761167875 3 3.28027e-07
1646.903158122876 9 3.06058e-08
1647.6062548482 4 1.17794e-07
1649.840952241808 11 3.91551e-08
1651.485663002641 2 2.52075e-08
1652.163924609995 5 6.03125e-08
1655.903158008926 9 2.8044e-08
1666.853157768016 9 1.70998e-07
1666.877611834984 3 1.57388e-07
1672.653157645595 9 1.89625e-07
1672.677611535141 3 3.4018e-06
1689.653157951939 9 6.76093e-08
1690.856255361548 4 1.72529e-08
1696.753158146649 9 3.96094e-08
1698.840952317801 11 4.02239e-08
1705.303157718372 9 3.19657e-07
1706.827611734208 3 1.79901e-07
1710.953157769952 9 9.77459e-08
1712.477611952681 3 1.59468e-07
1725.30625507052 4 3.25898e-08
1728.363924578889 5 8.71452e-08
1729.285662700019 2 3.80178e-07
1730.0909521523 11 4.31363e-08
1732.556254893092 4 1.3909e-07
1734.163924866128 5 2.95735e-08
1734.704031163975 8 3.07605e-08
1738.206255344967 4 3.37578e-08
1739.653157720205 9 9.11412e-08
1740.527611998063 3 3.56942e-08
1745.453157713054 9 2.12413e-07
1746.177611656961 3 6.84968e-07
1751.103157696178 9 2.90377e-07
1753.427611619811 3 2.9246e-07
1758.353157800554 9 9.1583e-08
1759.877611532013 3 2.25275e-06
1764.656254825909 4 5.54703e-08
1766.935663402069 2 1.15617e-08
1767.013924817983 5 3.31947e-08
1775.85315787922 9 7.8795e-08
1778.306255044834 4 5.14454e-08
1785.203158093242 9 3.18959e-08
1796.277611845073 3 9.9904e-08
1800.303157654197 9 2.88182e-07
1801.927612268997 3 2.90832e-08
1818.50625509541 4 5.60417e-08
1820.353157846366 9 7.79955e-08
1830.706255288301 4 3.1629e-08
1831.603157589532 9 3.14707e-07
1833.227611553563 3 1.35387e-06
1858.053157592684 9 8.51475e-07
1858.877611825789 3 3.34803e-07
1865.156255058543 4 1.52607e-07
1871.053157893339 9 2.04565e-07
1876.703158208811 9 1.61604e-08
1878.156254931537 4 1.23992e-07
1878.754031213485 8 1.33471e-08
1883.956254991832 4 6.68754e-08
1885.040952177494 11 1.16102e-07
1885.535662778239 2 3.07101e-07
1887.713924807896 5 3.3739e-08
1890.690952325068 11 5.21077e-08
1891.335663053513 2 2.41836e-08
1892.156254932991 4 1.47294e-07
1893.363924831859 5 3.48723e-08
1896.25403088109 8 4.78796e-08
1897.848333261723 6 7.0098e-07
1906.048333303307 6 4.29544e-07
1906.054030863307 8 1.64221e-07
1911.848333599303 6 6.02241e-08
1911.854030901005 8 7.82724e-08
1917.648333277326 6 4.61696e-07
1917.6540307079 8 1.51519e-07
1925.848333300659 6 1.03077e-07
1926.654030787583 8 2.32383e-08
1929.156254924425 4 1.04155e-07
1934.806255008052 4 4.29864e-08
1935.513924470909 5 1.28272e-07
1935.535663057816 2 1.03603e-07
1940.304031009888 8 1.13309e-07
1940.456254718693 4 7.98541e-07
1941.963924715533 5 6.15986e-08
1944.322254911191 7 2.92382e-08
1945.9856627631 2 3.45052e-07
1946.74095236843 11 1.79078e-08
1947.613924474173 5 9.9033e-09
1948.3562549598 4 5.49606e-08
1951.635663140431 2 4.17467e-08
1954.063924476409 5 1.10311e-07
1955.572254867468 7 3.50546e-08
1959.685662916554 2 7.13756e-08
1959.713924506369 5 3.37083e-08
1961.190952282366 11 3.69634e-08
1965.485662643348 2 6.34706e-07
1966.840952009423 11 4.62108e-07
1968.413924859381 5 1.71216e-08
1973.290951977297 11 1.84951e-07
1975.285662833062 2 9.26487e-08
1976.463924751987 5 1.91996e-08
1978.940951931576 11 4.08433e-07
1981.085662857959 2 8.63196e-08
1982.113924822329 5 1.87031e-08
1982.806254849876 4 4.13088e-07
1988.606254883185 4 1.17958e-07
1989.154030821302 8 1.12126e-07
1990.623955863779 10 2.68548e-07
1991.498333645006 6 1.42381e-08
1994.954030807272 8 9.45358e-08
1995.20625485693 4 2.25334e-07
1998.898333727348 6 2.58488e-08
2003.004030974947 8 7.19504e-08
2004.548333497054 6 1.20052e-07
2008.206254831428 4 4.23441e-07
2008.804030864184 8 1.62673e-08
2010.023955844434 10 2.75074e-07
2016.204030856796 8 8.56198e-08
2016.598333373377 6 2.16357e-07
2018.806254875355 4 1.99371e-07
2022.804031088938 8 3.37193e-08
2024.606255080746 4 7.36608e-08
2025.740952046652 11 1.78875e-07
2026.885662796811 2 1.83124e-07
2027.763924728968 5 3.57076e-08
2031.206254989737 4 1.58853e-07
2040.10315775646 9 1.08311e-07
2040.877612218465 3 1.78133e-08
2043.406254759909 4 5.79326e-07
2044.763925023631 5 8.29633e-09
2046.204031030283 8 2.24542e-08
2049.056255008227 4 8.00821e-08
2051.885663080462 2 3.09168e-08
2052.813924656874 5 9.8297e-08
2053.640952156928 11 9.90855e-08
2056.806255375455 4 1.27392e-08
2057.685662798086 2 2.77284e-07
2059.290952017382 11 1.87072e-07
2061.663924510644 5 2.22839e-07
2063.972254553373 7 4.21477e-07
2066.45625517196 4 4.4082e-08
2066.535662961115 2 2.35847e-08
2068.140952045376 11 1.0189e-07
2070.513924847896 5 2.53189e-08
2072.335663156295 2 2.18536e-08
2074.506255114443 4 4.75028e-08
2076.003157840664 9 6.92407e-08
2085.577611834702 3 8.95018e-08
2086.453157637838 9 4.26761e-08
2094.440952152845 11 1.57026e-07
2102.503158029718 9 5.11702e-08
2106.490952169286 11 5.03439e-08
2108.803157754404 9 1.70015e-07
2112.806255215332 4 4.55914e-08
2114.603157482025 9 1.54499e-06
2115.227611617624 3 5.50423e-07
2120.253157851974 9 4.55265e-08
2122.606254916874 4 1.31684e-07
2124.804031253996 8 2.75605e-08
2130.553157987716 9 5.78255e-08
2136.906255384884 4 2.67135e-08
2138.453157951538 9 2.30632e-08
2142.477611904493 3 1.14938e-07
2148.956254820777 4 1.91859e-07
2150.454030815423 8 5.54846e-08
2163.99833351329 6 1.01932e-07
2165.054030803772 8 4.38127e-08
2173.798333266537 6 3.30901e-07
2174.704030959955 8 1.45366e-07
2179.448333803877 6 3.78223e-08
2185.898333521408 6 4.55253e-08
2186.604031150254 8 1.7824e-08
2193.798333585642 6 4.84031e-08
2193.854030797935 8 9.78295e-08
2200.398333275438 6 5.57767e-07
2201.104030676756 8 1.39361e-07
2203.406255060975 4 6.70723e-08
2207.340952030339 11 2.60702e-07
2209.685662724857 2 2.4411e-07
2211.213924550451 5 1.03826e-07
2212.256429733331 4 2.69527e-07
2214.590952080716 11 1.09308e-07
2217.885662876608 2 2.01719e-07
2219.413924461675 5 2.17867e-07
2223.222254730095 7 1.20903e-07
2227.535663112341 2 1.15296e-08
2227.613924338787 5 4.49805e-07
2229.822254934399 7 2.62297e-08
2235.622254706261 7 3.20256e-08
2241.422254407453 7 8.06162e-06
2242.863924861366 5 2.47567e-08
2247.222254875508 7 5.26006e-08
2247.435663107843 2 4.40835e-08
2248.513924544394 5 5.37584e-08
2253.822254567237 7 4.2621e-07
2255.113924860483 5 3.02978e-08
2259.472254590108 7 3.25394e-07
2260.913924711086 5 2.26863e-08
2262.685663212672 2 1.36951e-08
2265.92225472304 7 1.61061e-07
2266.713924806529 5 4.74243e-08
2271.385663093223 2 5.78492e-08
2271.572254886115 7 3.73596e-08
2272.363924384844 5 1.51301e-07
2274.423956271579 10 1.6008e-08
2277.222254446146 7 2.19701e-06
2278.013924705408 5 4.57655e-08
2281.035663379816 2 2.89936e-08
2286.713924804577 5 1.47005e-08
2286.722254910815 7 7.57677e-08
2288.285663122199 2 1.83674e-08
2292.52225480965 7 4.65365e-08
2298.172254692177 7 9.11173e-08
2298.763924914368 5 4.23701e-08
2303.972255033495 7 1.58694e-08
2305.063924617083 5 1.11748e-07
2308.156255127764 4 3.04881e-08
2308.185663014307 2 3.41402e-08
2309.690952152183 11 6.68899e-08
2313.985663181144 2 7.69549e-09
2315.490951995776 11 7.66325e-09
2317.113924774657 5 5.81225e-08
2317.806255025805 4 1.23613e-07
2319.635662838346 2 9.26562e-08
2321.140951771386 11 1.02416e-05
2326.790952134854 11 8.57952e-08
2332.440952231127 11 4.70042e-08
2333.856254969194 4 5.76185e-08
2336.985662983008 2 4.99152e-08
2338.090952066889 11 2.08475e-07
2342.785663049684 2 3.52874e-08
2343.740952468739 11 1.78678e-08
2344.306686969552 4 1.77832e-07
2345.013924315609 5 1.09843e-06
2348.435663066249 2 5.37956e-08
2350.572254912804 7 6.57643e-08
2356.372254699604 7 2.76749e-07
2356.41392448051 5 2.82116e-08
2358.085662970513 2 5.51622e-08
2362.172254727724 7 1.81876e-07
2367.822254934243 7 3.02183e-08
2368.313924749023 5 4.65547e-08
2376.022254411266 7 4.20053e-06
2377.163924455007 5 1.18451e-07
2378.785663079225 2 6.98629e-08
2384.222254836018 7 3.90446e-08
2389.063924592888 5 4.57783e-08
2389.872254960609 7 3.37108e-08
2390.685663036883 2 3.56612e-08
2394.713924492198 5 1.17158e-07
2395.522254472605 7 6.14164e-07
2402.77225492927 7 3.74011e-08
2403.535662979264 2 7.65946e-08
2403.563924366503 5 6.07798e-07
2405.890951863807 11 7.48492e-07
2410.135662948747 2 4.07522e-08
2411.540951984083 11 3.8842e-07
2415.78566270499 2 3.50584e-07
2417.190952095652 11 2.0993e-07
2424.290952092807 11 1.11086e-07
2425.935662747001 2 1.4763e-07
2429.940952131977 11 7.5869e-08
2431.585663217323 2 4.32141e-08
2435.590951889168 11 6.60424e-07
2439.406254888882 4 1.9008e-07
2441.804030996743 8 3.32254e-08
2448.148333405535 6 1.24467e-07
2459.548333485309 6 7.67316e-08
2461.854030814094 8 1.69047e-07
2465.198333362533 6 2.66295e-07
2467.50403103421 8 4.33925e-08
2469.856254906498 4 1.71645e-07
2471.423955745045 10 1.53403e-06
2473.863924505954 5 1.31804e-07
2475.472254826179 7 1.5208e-07
2477.223956020133 10 1.52514e-07
2478.706255087402 4 7.43389e-08
2479.513924939016 5 2.7215e-08
2479.554030812854 8 1.17704e-07
2480.298333549419 6 4.02515e-08
2482.722254825131 7 9.60502e-08
2482.873955902304 10 2.22678e-07
2485.313924780288 5 5.56478e-09
2488.523956255132 10 4.30149e-08
2488.554030876924 8 4.52023e-08
2489.15625475083 4 3.67985e-07
2491.613924652676 5 3.14681e-08
2493.085662674834 2 4.21195e-07
2493.890952145314 11 6.94567e-08
2500.903157772045 9 2.22664e-07
2502.527612092714 3 7.95509e-08
2513.903157811317 9 9.91159e-09
2516.177611944094 3 4.35658e-08
2519.703158089443 9 4.27667e-08
2523.456254863172 4 6.60949e-08
2526.303158052661 9 3.76189e-08
2542.353157719253 9 2.18125e-07
2542.777611864784 3 1.06207e-07
2550.177611866951 3 1.31823e-07
2550.403158084604 9 8.86e-08
2555.977611846491 3 9.37906e-08
2556.053157660255 9 1.64094e-07
2571.377611906083 3 3.90833e-08
2572.103157851293 9 8.20175e-08
2587.503157834077 9 1.54766e-07
2592.377612014794 3 7.68943e-08
2593.303157979467 9 4.28702e-08
2598.177611811107 3 1.26314e-07
2599.103157484901 9 3.14738e-06
2605.553157713552 9 1.00449e-07
2605.577611573177 3 6.67502e-07
2611.35315752356 9 1.05595e-06
2611.377611877578 3 8.88906e-08
2617.153157795354 9 1.24727e-07
2618.856255135952 4 1.02677e-07
2619.690952205665 11 6.06421e-08
2621.285662917529 2 8.9911e-08
2624.61392461583 5 4.50388e-08
2625.490952224165 11 6.63885e-08
2626.256255171836 4 7.5154e-08
2629.554030846894 8 1.83427e-07
2630.323955884458 10 2.26885e-07
2631.098333633387 6 3.74531e-08
2635.25625504622 4 3.22208e-08
2635.354030809339 8 1.72141e-07
2638.523955867015 10 4.17438e-07
2639.922254707192 7 9.13593e-08
2644.323955913368 10 2.45196e-07
2645.056255071442 4 1.17561e-07
2645.154030808677 8 1.40429e-07
2645.613924974502 5 3.89132e-08
2653.577611849477 3 1.45128e-07
2654.353157752926 9 1.21236e-07
2676.177611811983 3 1.58116e-07
2676.953157578748 9 5.557e-07
2688.353157764999 9 1.00495e-07
2688.377611870034 3 1.60349e-07
2693.256254911133 4 5.93452e-08
2695.413924927665 5 1.38646e-08
2699.056255082248 4 5.24206e-08
2700.553157845963 9 8.98156e-08
2707.953157862818 9 1.27919e-07
2708.927612155848 3 2.02851e-08
2713.75315766441 9 2.71058e-07
2716.856254902304 4 7.24456e-08
2717.713924600742 5 1.4642e-07
2720.085662982424 2 7.33347e-08
2720.090952070859 11 1.3864e-07
2725.722254627134 7 1.18863e-07
2727.513924441652 5 3.04092e-07
2729.085663301066 2 2.3225e-08
2731.522254959674 7 5.45479e-08
2738.772254780143 7 8.28004e-08
2743.563924647023 5 6.38272e-08
2744.422254654704 7 4.60806e-08
2749.13566311756 2 2.04684e-08
2756.535663248257 2 1.72478e-08
2757.063924863979 5 4.42479e-08
2757.422254693631 7 2.35939e-07
2762.713924898799 5 3.76725e-08
2763.2222549086 7 6.28081e-08
2772.222254588429 7 2.0622e-07
2773.163924341905 5 3.07588e-07
2774.656255331618 4 2.04514e-08
2775.135662982458 2 2.46141e-08
2777.872254915113 7 4.64917e-08
2784.322254702336 7 1.88005e-07
2789.97225460962 7 1.84349e-07
2790.663924728482 5 8.10838e-08
2795.622254816799 7 1.02753e-07
2802.222254810057 7 1.55745e-07
2807.513924501734 5 1.43984e-07
2808.022254905638 7 7.17125e-08
2808.785663221087 2 3.45714e-08
2818.622254692681 7 2.07899e-07
2819.413924529988 5 3.07819e-07
2820.185662963461 2 1.71034e-08
2824.272254818475 7 5.13876e-08
2825.063924716939 5 6.06274e-08
2830.722254560255 7 4.16452e-07
2832.313924680491 5 3.0959e-08
2832.723956393877 10 3.02314e-08
2836.372254456332 7 2.24048e-06
2837.96392466829 5 5.12381e-08
2839.435663060214 2 5.10134e-08
2842.522254773389 7 6.24028e-08
2843.613924449009 5 1.49734e-07
2845.08566283231 2 9.90293e-08
2846.540952163414 11 1.59894e-07
2848.156254825345 4 2.09208e-07
2849.413924654802 5 2.12224e-08
2850.735662902581 2 7.17667e-08
2853.79095200838 11 9.79596e-08
2856.385662748926 2 5.80668e-07
2857.613924448695 5 8.55608e-08
2861.040952079668 11 1.36628e-07
2862.035662946612 2 1.89448e-08
2866.690951893151 11 5.23528e-07
2869.806255076359 4 7.56363e-08
2870.613924573352 5 4.04512e-08
2870.885662818275 2 1.8535e-07
2872.340951925632 11 3.02295e-07
2875.456254993933 4 8.2645e-08
2876.263924578231 5 1.77506e-07
2888.177611721379 3 1.9286e-07
2888.203157583908 9 7.70563e-07
2891.74095211394 11 1.32441e-07
2894.803157846171 9 9.23653e-08
2897.256254870907 4 1.54285e-07
2899.940952095942 11 1.48601e-07
2900.013924835904 5 3.4867e-08
2900.68566274965 2 2.91492e-07
2916.140952123634 11 1.07885e-07
2917.685662930977 2 4.77602e-08
2921.456254739667 4 4.62921e-07
2923.154030871981 8 1.53486e-07
2927.256255078922 4 9.73093e-08
2928.840952544531 11 2.62312e-08
2931.263924959359 5 1.2823e-08
2931.354030754354 8 2.23196e-07
2932.748333570505 6 3.60166e-08
2932.773955909926 10 1.58997e-07
2937.154030946967 8 8.10466e-08
2938.573955795115 10 3.56485e-07
2940.148333613275 6 3.04919e-08
2940.906254928347 4 1.68295e-07
2943.754030776124 8 4.03066e-07
2947.398333448579 6 9.37218e-08
2949.554030825958 8 1.28618e-07
2949.756254941369 4 1.27186e-07
2952.113924542945 5 1.50103e-07
2952.78566322598 2 1.86027e-08
2955.406254746311 4 9.73238e-07
2963.00315810083 9 5.97844e-08
2982.40315813666 9 3.63333e-08
2984.256254948665 4 1.76241e-07
2985.754031079561 8 9.32759e-08
2992.098333476289 6 9.82351e-08
2997.004031247117 8 3.39356e-08
3000.148333369091 6 1.22087e-07
3005.054031254382 8 2.10212e-08
3010.598333579731 6 3.4367e-08
3014.554030709939 8 3.59507e-07
3016.248333482043 6 4.32302e-08
3023.498333260689 6 5.89402e-07
3024.204030714481 8 2.3867e-07
3028.873956389132 10 2.63179e-08
3029.148333214912 6 1.17835e-06
3029.854031129504 8 6.73087e-08
3034.798333343996 6 1.54699e-07
3035.504030791201 8 1.06306e-07
3048.156254907097 4 1.10491e-07
3049.154030773286 8 1.39187e-07
3050.673956163852 10 8.45467e-08
3050.698333694347 6 3.78011e-08
3053.806255170155 4 9.20189e-08
3054.804030868205 8 6.20136e-08
3056.473955777344 10 7.95397e-07
3059.456254755604 4 1.66627e-07
3062.563924823604 5 2.01047e-08
3063.290951918954 11 7.09175e-07
3063.385662888018 2 1.09058e-07
3068.156254850501 4 1.80165e-07
3068.213924554795 5 1.44295e-07
3070.272254739759 7 1.65318e-07
3074.813924841419 5 5.82895e-08
3076.072255011857 7 3.1209e-08
3078.785663095282 2 1.40851e-08
3081.872254477346 7 1.05184e-06
3087.513924778126 5 2.83687e-08
3087.522254966731 7 7.12563e-08
3088.285663036169 2 5.21297e-08
3093.322254741366 7 7.37865e-08
3098.97225491754 7 2.79095e-08
3106.072254858943 7 1.34311e-07
3106.113924568353 5 1.19396e-07
3110.623956316415 10 3.6569e-08
3111.872254762999 7 7.33128e-08
3114.735662983052 2 4.64184e-08
3115.613924406719 5 1.08139e-07
3117.672254555676 7 1.38869e-07
3120.385663099905 2 5.16843e-08
3123.472254521173 7 7.74027e-07
3123.663924598921 5 7.87251e-08
3124.423956309596 10 2.80671e-08
3125.156255208251 4 6.3173e-09
3126.035662919057 2 1.04322e-07
3126.690952233488 11 9.39652e-08
3130.613924520615 5 1.02061e-07
3130.80625512158 4 4.9671e-08
3131.685662774053 2 4.39047e-07
3133.790952267452 11 5.20326e-08
3137.335663085371 2 1.96224e-08
3141.99095199055 11 1.52418e-07
3147.640952499579 11 3.02178e-08
3151.485662917042 2 3.06759e-08
3153.940952341782 11 2.64401e-08
3157.135662630696 2 2.39441e-06
3158.663924419201 5 2.06439e-07
3160.15625484734 4 2.51905e-07
3163.40315764508 9 1.86481e-07
3164.927612086549 3 3.10944e-08
3172.403157742326 9 1.74115e-07
3189.253157734062 9 1.84171e-07
3193.156255164184 4 3.58887e-08
3193.835662878219 2 6.7261e-08
3193.913924536162 5 4.02854e-08
3195.440952161171 11 9.55716e-08
3199.635662810286 2 1.00847e-07
3201.090952032783 11 6.1528e-08
3202.613924812431 5 1.94901e-08
3203.456255092794 4 2.52404e-08
3205.803157555651 9 3.57575e-07
3206.577612013688 3 8.12334e-08
3211.453157745416 9 1.21772e-07
3214.663924578564 5 1.80934e-07
3214.706255075216 4 9.53632e-08
3215.385663027685 2 3.66052e-08
3216.972254612987 7 1.61526e-07
3222.063924475931 5 2.9462e-07
3222.772254938645 7 2.34013e-08
3223.585662891374 2 5.83004e-08
3224.990952091509 11 1.66347e-07
3230.03566284729 2 1.22228e-07
3230.790952172334 11 2.13918e-08
3231.563924476592 5 2.91293e-07
3232.206255112409 4 1.15013e-07
3235.685663200979 2 1.21163e-08
3236.440952059349 11 2.21422e-07
3241.056255175075 4 1.13736e-07
3242.090952074382 11 4.44732e-08
3242.78566300739 2 3.81242e-08
3248.390952074896 11 2.48401e-07
3249.885663011806 2 2.85746e-08
3251.506254949483 4 1.87621e-07
3252.263924685609 5 3.20284e-08
3256.290952132773 11 8.80166e-08
3256.335662813891 2 1.9833e-07
3261.956254964366 4 9.30247e-08
3264.490951905175 11 7.63044e-07
3264.535662966574 2 2.24303e-08
3270.140952174614 11 6.93534e-08
3270.335663047629 2 2.82478e-08
3273.113924770716 5 4.15411e-08
3276.256254862241 4 2.95048e-07
3277.890952134422 11 7.72675e-08
3278.535662781161 2 2.17331e-07
3283.690952247589 11 4.75308e-08
3284.456255126064 4 4.46241e-08
3285.135662935621 2 5.06512e-08
3285.163924680116 5 3.56904e-08
3289.340952262893 11 3.50856e-08
3290.935662692307 2 4.63375e-07
3290.963924750076 5 4.395e-08
3294.990952284559 11 1.01381e-07
3296.356254858301 4 3.04461e-07
3296.763924934006 5 2.56249e-08
3302.006254909942 4 1.61275e-07
3304.163924755993 5 3.73994e-08
3306.703607978916 9 6.58359e-08
3309.140951975835 11 3.53278e-07
3309.8856627662 2 1.03157e-07
3312.306255116353 4 8.76883e-08
3314.790952234546 11 1.88514e-08
3315.536104134296 2 1.1258e-08
3315.563924648804 5 9.82801e-08
3318.672255063465 7 2.66376e-08
3319.406254970848 4 1.39214e-08
3326.603157894744 9 3.7099e-08
3327.427611555242 3 1.61536e-06
3334.803157903756 9 9.644e-08
3334.827612072897 3 5.34488e-08
3338.006254822185 4 4.32752e-07
3341.090951915164 11 6.09806e-07
3341.335663055316 2 4.49011e-08
3346.890952184709 11 3.86506e-08
3351.785663234982 2 1.27603e-08
3352.69095203961 11 3.05698e-07
3358.235662961057 2 1.11711e-07
3358.490951823098 11 2.95235e-06
3364.035663154915 2 3.15493e-08
3364.290952103117 11 2.72784e-08
3369.835663042132 2 3.14221e-08
3370.163924365478 5 2.53897e-07
3370.206255198265 4 3.12405e-08
3371.690952079228 11 2.02975e-07
3375.486104033544 2 4.05884e-08
3377.490952109413 11 3.96367e-08
3381.285662779769 2 2.51004e-07
3383.290952215553 11 6.82701e-08
3387.085662722926 2 3.38742e-07
3387.163924752905 5 4.71562e-08
3388.806254885898 4 1.4792e-07
3392.603157703016 9 2.80046e-07
3395.3776117266 3 1.38959e-07
3410.60625526862 4 2.03639e-08
3417.00315747869 9 4.30945e-06
3417.027611730363 3 1.78468e-07
3425.203157640903 9 2.7333e-07
3425.227611865615 3 3.73208e-08
3431.003157695802 9 1.13284e-07
3431.027611833546 3 7.56225e-08
3452.003157398324 9 0.00026324
3452.027611776478 3 6.48592e-08
3457.803157793835 9 7.73745e-08
3457.827611613508 3 3.07609e-07
3470.803158057426 9 4.69898e-08
3472.277612254479 3 2.03537e-08
3476.453157549652 9 6.44979e-07
3477.927611738443 3 1.39127e-07
3485.827611696617 3 5.04246e-07
3486.603157795334 9 4.41399e-08
3513.053157760369 9 1.57652e-07
3513.056255439526 4 3.12823e-08
3514.527611776571 3 5.23646e-08
3518.853157911038 9 8.29577e-08
3520.306254956086 4 1.67297e-08
3525.956255065585 4 4.7561e-08
3526.554030840759 8 4.69941e-08
3527.398333409977 6 2.02652e-07
3533.048333782905 6 1.39938e-08
3537.004031020732 8 4.29694e-08
3549.898333360103 6 2.05437e-07
3550.654030883892 8 6.73816e-08
3555.548333496197 6 1.17605e-07
3558.573956261049 10 2.49973e-08
3559.504030685511 8 2.67284e-07
3561.198333119842 6 6.50459e-06
3565.154030760486 8 1.22438e-07
3566.848333128722 6 2.72603e-06
3569.05625507194 4 7.20812e-08
3571.454030763387 8 1.13834e-07
3572.498333471911 6 1.62144e-07
3573.0239559365 10 5.25782e-08
3576.172254861978 7 5.74566e-08
3576.963924808993 5 1.54445e-08
3577.104086890814 8 1.77398e-07
3577.756255109206 4 7.95374e-08
3578.148333524738 6 8.7907e-08
3579.473955808048 10 2.18835e-07
3582.763924669942 5 8.18444e-08
3583.554030840387 8 6.76379e-08
3583.556255261319 4 2.89227e-08
3584.448333627742 6 6.9282e-08
3585.123955784994 10 5.66287e-07
3588.22225508622 7 5.84118e-08
3588.413924751407 5 4.37112e-08
3589.354030839626 8 8.43322e-08
3589.356254917996 4 2.6405e-07
3591.398333517506 6 4.29025e-08
3592.223955838706 10 5.96173e-07
3594.022254892707 7 6.71608e-08
3596.754030742446 8 1.362e-07
3597.048333623987 6 2.84032e-08
3597.556254969904 4 1.06037e-07
3600.163924604296 5 9.02482e-08
3600.273956017189 10 7.73192e-08
3600.972254767058 7 7.55341e-08
3604.148333533888 6 1.09248e-07
3604.954031116127 8 5.06289e-08
3605.923956054488 10 9.64294e-08
3606.772254701139 7 1.24254e-07
3608.213924533153 5 1.24145e-07
3611.573955876419 10 1.83816e-07
3612.19833347907 6 6.12205e-08
3613.00403098744 8 8.72922e-08
3614.663924882935 5 3.94112e-09
3614.672254841951 7 7.34377e-08
3617.223955853023 10 1.43511e-07
3617.848333453705 6 1.57522e-07
3618.654030810119 8 7.56915e-08
3619.356255121824 4 4.6256e-09
3620.463924535404 5 2.24573e-07
3621.122254840874 7 7.0003e-08
3622.873955734436 10 2.24768e-06
3624.298333439375 6 8.54713e-08
3624.304030618298 8 9.52099e-07
3625.80625488769 4 2.77725e-07
3626.113924609051 5 7.51739e-08
3629.023956082579 10 1.10842e-07
3630.10403117882 8 2.23111e-08
3631.422254920897 7 7.3863e-08
3631.76392496283 5 1.93972e-08
3634.806254973491 4 1.10762e-07
3635.548333748559 6 1.9117e-08
3635.754030961774 8 4.56163e-08
3641.198333696004 6 4.39403e-08
3646.84833329025 6 4.36667e-07
3647.154030956768 8 1.42486e-07
3655.048333578951 6 7.97765e-08
3655.354030975933 8 2.08124e-08
3664.048333404857 6 1.20614e-07
3665.154030871087 8 7.96916e-08
3671.506254993362 4 1.29855e-07
3672.248333777177 6 4.59184e-08
3672.404030854667 8 1.97885e-07
3673.873955864085 10 2.80027e-07
3677.156254983721 4 1.35991e-07
3680.203157773244 9 1.04798e-07
3680.977611796013 3 8.70393e-08
3686.003157763014 9 1.20713e-07
3686.777611769325 3 1.44999e-07
3707.503157517771 9 8.6826e-07
3708.277611788833 3 1.1804e-07
3712.406255002563 4 1.11472e-07
3713.104030816711 8 1.78055e-07
3713.898333454855 6 2.06987e-07
3720.348333493726 6 6.28876e-08
3722.723956286927 10 2.18483e-08
3722.754030498534 8 7.76959e-06
3725.106255289582 4 7.862e-09
3725.998333193612 6 1.40594e-06
3732.598333540783 6 4.7146e-08
3736.554031175273 8 4.12105e-08
3742.098333340542 6 2.53528e-07
3742.204030970894 8 5.52565e-08
3747.898333749191 6 6.99821e-08
3753.54833342155 6 1.29359e-07
3754.254030966661 8 1.0916e-07
3760.948333632851 6 3.92562e-08
3764.554031035011 8 1.80813e-08
3770.748333391123 6 2.85698e-07
3771.004030764067 8 1.00817e-07
3772.506255258472 4 1.16346e-08
3776.548333286648 6 5.0565e-07
3777.454030893595 8 3.79839e-08
3782.998333374007 6 1.79947e-07
3783.104030920172 8 1.0621e-07
3790.398333403295 6 1.22916e-07
3794.773956166113 10 4.98016e-08
3795.004030692628 8 1.09051e-07
3796.198333387228 6 2.15343e-07
3803.598333148542 6 3.39739e-06
3803.854030728429 8 2.25346e-07
3809.398333700763 6 4.19856e-08
3809.504030904463 8 9.29569e-08
3810.156254932779 4 1.36622e-07
3815.154030837648 8 1.04197e-07
3815.198333148202 6 1.87136e-06
3820.573956284623 10 1.83372e-08
3820.998333532968 6 7.79503e-08
3824.154030816252 8 6.73833e-08
3826.79833321789 6 8.54443e-07
3827.023956269188 10 6.29605e-08
3830.754031147644 8 1.73912e-08
3833.398333406947 6 1.97083e-07
3836.554030546828 8 2.41466e-06
3839.048333555667 6 1.34883e-07
3844.754030939067 8 8.2214e-08
3846.206254823857 4 1.02917e-07
3848.673955925605 10 9.32345e-08
3849.498333535087 6 1.07045e-07
3850.554031064347 8 5.23981e-08
3852.272254825893 7 4.10658e-08
3852.31392487966 5 1.84956e-08
3854.323956011414 10 2.15075e-07
3857.456254946255 4 2.07621e-07
3857.504030881646 8 1.97561e-07
3861.503157577531 9 9.12204e-07
3862.277611701394 3 1.907e-07
3867.3031581381 9 4.74505e-08
3869.677611762485 3 7.92103e-08
3873.753157617043 9 4.2312e-07
3875.32761175126 3 1.06498e-07
3879.403157581077 9 2.76006e-07
3884.640952390371 11 2.79275e-08
3886.503157992062 9 5.73314e-08
3892.840952378042 11 3.44076e-08
3894.553157849803 9 8.5967e-08
3895.227612084262 3 8.23973e-08
3900.203157747867 9 3.06791e-07
3903.277612088748 3 2.89123e-08
3908.403157609856 9 4.01392e-07
3908.927611935916 3 1.5501e-07
3914.203157753019 9 6.9835e-08
3914.577611730369 3 1.37399e-07
3920.003157652935 9 2.37473e-07
3920.227611986814 3 1.03968e-07
3925.803157745661 9 4.26861e-08
3925.877611925118 3 1.38725e-07
3928.856255153621 4 5.24106e-08
3930.340952148071 11 4.13657e-08
3935.785663037363 2 3.13307e-08
3936.140952057708 11 9.09392e-08
3941.585663172257 2 9.92666e-09
3941.940952177815 11 1.11397e-07
3944.513924701098 5 6.42077e-08
3947.456254724268 4 5.62323e-07
3948.754030995496 8 1.22283e-07
3951.948333245146 6 3.42953e-07
3957.573956124848 10 2.95354e-08
3957.598333277632 6 2.63386e-07
3957.604030679957 8 2.50578e-07
3963.398333757719 6 2.16878e-08
3969.198333675015 6 2.79063e-08
3973.804030782199 8 1.35893e-07
3974.056254959625 4 1.99374e-07
3975.7983335484 6 1.20613e-07
3975.873955844584 10 3.30488e-07
3979.604031079914 8 3.39398e-08
3979.856255130883 4 4.64261e-08
3979.913924535489 5 1.34903e-07
3981.673956125959 10 6.26066e-08
3982.248333469043 6 1.46622e-07
3985.656255072011 4 5.24591e-08
3985.713924729772 5 8.43997e-08
3986.285662989606 2 6.46234e-08
3986.790952403506 11 4.168e-08
3988.672254860603 7 7.87439e-08
3991.513924395623 5 5.68044e-07
3991.935663125786 2 4.11287e-08
3994.373956174299 10 4.24628e-08
3994.472254481185 7 1.51654e-06
3997.31392459495 5 1.0515e-07
3997.735662988487 2 8.59632e-08
3997.856255216776 4 4.94402e-08
3998.190952204411 11 4.18333e-08
4002.963924541246 5 1.81481e-07
4003.535662968348 2 8.21649e-08
4005.072255225236 7 3.65618e-09
4006.090952098603 11 2.81403e-08
4009.335662763628 2 3.65074e-07
4009.563924531172 5 6.49261e-08
4011.890951957811 11 2.66262e-07
4015.656254750358 4 7.30342e-07
4016.813924619346 5 5.95949e-08
4018.3356628285 2 1.82714e-07
4019.140951949154 11 2.04172e-07
4023.985662665469 2 9.42264e-07
4027.990952172065 11 9.26668e-08
4028.713924625906 5 5.62716e-08
4029.45625505098 4 8.38267e-08
4029.635663163976 2 1.55162e-08
4031.804030863138 8 1.14818e-07
4033.473956368734 10 3.63672e-08
4034.363924548175 5 9.97003e-08
4035.256254751593 4 1.27144e-06
4041.056254852801 4 2.00121e-07
4041.613924345845 5 1.91204e-07
4043.135662853365 2 1.2064e-07
4043.890952012975 11 1.47041e-07
4048.785662886927 2 1.30964e-07
4049.540952283811 11 3.63201e-08
4050.856255083369 4 9.88046e-08
4052.40315781601 9 6.87891e-08
4055.077612018299 3 3.5631e-08
4067.803157753194 9 1.80659e-07
4068.727611641696 3 2.61526e-07
4073.603157728629 9 1.63055e-07
4074.377611727642 3 2.84858e-07
4085.627611993846 3 7.23986e-08
4085.65315761135 9 2.58546e-07
4088.656255033461 4 7.49938e-08
4090.254030718912 8 2.33334e-07
4091.098333451999 6 1.0799e-07
4091.123956026954 10 5.8606e-08
4095.113924777353 5 7.70283e-08
4095.872254686614 7 8.30894e-08
4096.923955846025 10 2.4872e-07
4099.104030904766 8 1.1964e-07
4099.948333595824 6 5.6128e-08
4102.573956306942 10 4.50402e-08
4103.106254874263 4 7.20854e-07
4105.713924470124 5 2.4129e-07
4106.285662996732 2 2.64904e-08
4109.940952366315 11 9.13303e-08
4111.306255326609 4 5.06483e-08
4111.513924357897 5 7.07911e-07
4112.085663186446 2 2.13265e-08
4112.872254651797 7 1.39634e-07
4117.163924544449 5 5.07945e-08
4117.885663268149 2 2.94593e-08
4118.672254592721 7 3.84037e-07
4122.813924497028 5 1.50924e-07
4124.322254593071 7 6.1515e-07
4128.463924590796 5 3.99818e-08
4131.572254655914 7 1.13439e-07
4137.22225478449 7 7.90212e-08
4138.735663113755 2 3.04498e-08
4139.56392441385 5 1.48854e-07
4142.640952055521 11 1.27752e-07
4144.385663274271 2 1.55624e-08
4148.440951838472 11 1.17337e-06
4150.035662755733 2 3.21163e-07
4151.613924742575 5 8.0482e-08
4153.106255032974 4 1.90591e-07
4168.253157491349 9 9.08264e-07
4169.027611752019 3 1.17875e-07
4173.903157919683 9 4.2872e-08
4175.627611851935 3 1.42626e-07
4179.553157979189 9 5.28193e-08
4181.277611657604 3 5.20767e-07
4185.20315782734 9 1.58694e-07
4186.927611862026 3 2.11448e-07
4190.853157538026 9 5.44682e-07
4192.577612202789 3 1.81514e-08
4197.153157799506 9 1.5572e-07
4198.377612017152 3 7.87482e-08
4202.803157838497 9 1.39921e-07
4209.156254795874 4 1.85442e-07
4211.304030976934 8 4.83531e-08
4214.548333575768 6 7.34892e-08
4221.904031012761 8 6.90105e-09
4222.156254943802 4 9.26544e-08
4227.704030817684 8 1.25484e-07
4227.806255175955 4 7.72893e-08
4228.223956000825 10 1.83523e-07
4228.313924879322 5 1.22129e-08
4229.148333678989 6 7.23109e-08
4239.748333290691 6 1.13762e-07
4240.704031146851 8 2.70162e-08
4245.398333669989 6 5.37077e-08
4248.604030948254 8 7.66112e-08
4251.698333572569 6 9.80142e-08
4255.704030800575 8 1.24528e-07
4257.348333514604 6 3.48351e-08
4260.506255238865 4 3.70534e-08
4261.354030849833 8 1.17302e-07
4262.998333252228 6 8.58643e-07
4268.648333460775 6 1.10957e-07
4270.204031029489 8 2.26893e-08
4274.298333334681 6 1.1001e-07
4278.254030911265 8 4.08127e-08
4279.948333746081 6 3.37499e-08
4285.598333427302 6 3.009e-07
4290.154030861716 8 3.3176e-08
4291.398333547422 6 3.26288e-08
4297.198333440685 6 1.14858e-07
4298.204030887115 8 7.62436e-08
4302.998333576215 6 1.59693e-08
4309.448333148144 6 1.77474e-06
4310.254030572792 8 1.37735e-06
4311.7562550222 4 3.18472e-08
4315.098333408216 6 2.27003e-07
4322.198333312189 6 3.53674e-07
4327.848333377871 6 1.01864e-07
4328.554030904061 8 1.71168e-07
4337.498333400888 6 1.9878e-07
4345.398333411836 6 2.07071e-07
4347.004031194075 8 1.70646e-08
4351.006254992737 4 5.35867e-08
4363.653157673353 9 1.75676e-07
4364.527611852343 3 1.18662e-07
4367.706255087605 4 4.07885e-08
4373.356254938952 4 8.6265e-08
4375.540952022643 11 1.69989e-07
4377.135662841085 2 1.01235e-07
4381.340952162445 11 1.24998e-07
4382.935662881104 2 1.19655e-07
4386.990952194983 11 6.69689e-08
4388.513924664401 5 4.04593e-08
4388.585662986971 2 5.1354e-08
4389.406254970088 4 1.01681e-07
4402.103157778241 9 1.3917e-07
4403.777611741485 3 7.67079e-08
4415.903157896279 9 4.80058e-08
4415.977611659228 3 3.13327e-07
4421.703157728222 9 1.62006e-07
4421.777611472884 3 1.38273e-05
4427.503157488037 9 2.96375e-07
4427.577611878609 3 1.88621e-07
4433.303158115228 9 9.96072e-09
4440.703157821306 9 6.48789e-08
4441.377611776414 3 1.61329e-07
4459.95315804425 9 5.6803e-08
4476.006254889024 4 1.79387e-07
4481.603158073054 9 6.17201e-08
4496.677611683229 3 2.53262e-07
4496.703157586384 9 1.03025e-06
4502.503157850556 9 2.37633e-08
4503.127611972354 3 5.328e-08
4514.553157874343 9 1.14461e-07
4517.577611885227 3 7.35097e-08
4520.353157960448 9 2.53012e-08
4523.377611459273 3 7.02022e-06
4526.153157941909 9 5.43307e-08
4529.177611827282 3 7.4246e-08
4533.553157742281 9 1.1859e-07
4534.977611911472 3 9.82589e-08
4538.306255117097 4 7.43133e-08
4540.504030882132 8 6.5237e-08
4542.023956054457 10 5.86255e-08
4542.313924663246 5 2.07387e-08
4542.572254731867 7 9.72089e-08
4546.304030922995 8 2.26425e-08
4546.898333739104 6 2.90374e-08
4547.823956091575 10 1.36238e-07
4548.113924520244 5 6.23537e-08
4548.606255341182 4 3.54887e-08
4548.722254839504 7 7.91281e-08
4551.954041438074 8 7.56428e-07
4552.698333551589 6 8.36347e-08
4553.623955674712 10 2.38762e-05
4555.172254860526 7 1.19066e-07
4556.01392440402 5 1.94605e-07
4556.656255223723 4 2.98311e-08
4557.604031184159 8 4.53491e-08
4559.273955934686 10 2.1368e-07
4562.198333519433 6 5.61011e-08
4564.672254767836 7 1.23037e-07
4564.923955905029 10 7.78516e-08
4566.313924754761 5 2.9639e-08
4567.106254772742 4 6.259e-07
4567.904031154054 8 5.53319e-08
4570.09833354409 6 9.61227e-08
4570.573955987572 10 2.62108e-07
4573.554030688271 8 3.43305e-07
4575.156254824019 4 2.60794e-07
4575.963924722672 5 4.38299e-08
4580.806254683281 4 2.4979e-06
4581.604030800907 8 1.48087e-07
4584.813924552181 5 5.37568e-08
4586.235662870676 2 9.727e-08
4587.906254916516 4 1.62115e-07
4590.240951877948 11 9.58281e-07
4595.085662861956 2 1.25064e-07
4596.040951767607 11 5.14669e-06
4598.356255038894 4 9.9723e-09
4599.913924389592 5 1.08839e-07
4600.735662771979 2 1.46827e-07
4602.340952164994 11 6.92546e-08
4607.990952065848 11 8.24665e-08
4613.585662747629 2 3.46239e-07
4613.640952068659 11 9.83683e-08
4614.36392478705 5 4.38513e-08
4619.440952474967 11 3.38553e-08
4621.453157981631 9 4.23008e-08
4625.606255133303 4 4.73924e-08
4628.8139247565 5 5.5808e-08
4630.298333528253 6 7.40645e-08
4630.304030668114 8 1.8459e-07
4631.123955864094 10 2.25305e-07
4633.522254854627 7 4.50587e-08
4634.463924603889 5 1.96952e-07
4636.056254899555 4 1.28183e-07
4636.104030844354 8 3.11204e-08
4637.723955816188 10 6.73719e-07
4640.113924362761 5 3.46305e-07
4641.72225472227 7 1.41358e-07
4643.523955931134 10 1.35137e-07
4644.098333421101 6 9.06492e-08
4644.304030700233 8 4.34698e-07
4648.163924663152 5 8.00606e-08
4648.906255330592 4 7.97445e-09
4648.972255082396 7 1.90075e-08
4649.1739557897 10 3.91282e-07
4649.95403100595 8 7.7322e-08
4654.706254863951 4 3.93796e-07
4656.063924613459 5 4.55619e-08
4660.506255237892 4 2.78694e-08
4661.59095196185 11 5.09216e-07
4665.653157663736 9 2.79054e-07
4681.827611639407 3 8.44922e-08
4682.653157764391 9 8.49483e-08
4687.627611911812 3 9.26393e-08
4688.453157781348 9 3.40658e-08
4690.156254826182 4 5.90754e-07
4692.263924469699 5 1.39287e-07
4695.806254975545 4 1.3092e-07
4700.404030859225 8 2.48503e-07
4701.45625490077 4 2.88625e-07
4702.063924548124 5 4.52921e-08
4702.823955941345 10 3.66662e-07
4705.148333480525 6 1.29716e-07
4706.204030752801 8 1.27212e-07
4707.106254947366 4 1.2626e-07
4711.735662894926 2 6.85502e-08
4711.740951896256 11 8.56643e-07
4717.540951821543 11 1.37547e-06
4718.335662923683 2 1.0775e-07
4719.863924359452 5 1.92872e-07
4719.956255129569 4 4.96215e-08
4722.172254781901 7 1.00772e-07
4727.97225502896 7 4.86079e-08
4728.635663275218 2 3.33895e-08
4732.863924610619 5 5.00589e-08
4733.772254925989 7 7.24051e-08
4734.435663247479 2 1.7266e-08
4740.072254726044 7 1.92269e-07
4742.213924632282 5 3.59933e-08
4742.223956158039 10 6.59806e-08
4745.722254501852 7 6.37468e-07
4748.013924266211 5 3.058e-06
4748.023956380611 10 4.20222e-08
4751.372255045708 7 2.13977e-08
4756.213924315429 5 3.6244e-07
4757.022255115849 7 3.50309e-08
4757.456254947493 4 1.27593e-07
4759.854030886119 8 7.64818e-08
4762.813924812214 5 3.2207e-08
4763.106255362453 4 6.36832e-09
4763.123955800991 10 2.32555e-07
4765.504030954145 8 6.26041e-08
4767.948333710687 6 1.6938e-08
4768.923955912399 10 3.56836e-07
4770.356255166006 4 9.89198e-08
4771.154030833479 8 1.59017e-07
4772.772255047487 7 3.4582e-08
4775.223955854026 10 2.48365e-07
4778.213924447279 5 1.63241e-08
4778.406255049025 4 1.87953e-08
4779.204030890025 8 4.61086e-08
4780.798333696205 6 2.49078e-08
4780.873955886195 10 4.25554e-07
4782.422254769922 7 1.09779e-07
4784.854031078468 8 2.03483e-08
4786.413924690863 5 7.71161e-08
4786.673955929585 10 1.55932e-07
4788.05625522897 4 4.73861e-08
4788.848333630823 6 4.69965e-08
4795.306254767786 4 6.91253e-07
4796.713925055438 5 5.09574e-09
4796.754445024629 8 7.76488e-08
4799.853157649975 9 2.5289e-07
4802.556254990406 4 1.16778e-07
4805.440951981679 11 3.04568e-07
4807.935663058615 2 6.61729e-08
4811.240952064983 11 1.65944e-07
4813.006587188356 4 1.51403e-07
4816.954454070852 8 5.67718e-08
4827.227611827257 3 1.01884e-07
4827.253157482138 9 1.88575e-06
4840.253157716409 9 1.84906e-07
4840.877611804343 3 1.96807e-07
4845.903157674012 9 2.56916e-07
4846.677611767785 3 7.70425e-08
4851.553157555379 9 7.41999e-07
4852.327612083758 3 8.29408e-08
4857.203157998571 9 2.39364e-08
4875.306254953923 4 1.03477e-07
4883.277611792491 3 1.73775e-07
4884.153157563925 9 5.68321e-07
4894.556255079299 4 6.22152e-08
4896.353158009695 9 7.74579e-08
4897.690952069177 11 2.0094e-07
4898.535663020153 2 6.80158e-08
4900.113924546428 5 2.06298e-07
4900.206255029872 4 1.35914e-07
4906.006255230441 4 4.6015e-08
4907.303157941771 9 3.24607e-08
4911.806254849917 4 2.10715e-07
4912.31392447565 5 1.49887e-07
4913.935662680896 2 2.99195e-07
4915.490952194882 11 7.71708e-08
4920.806255093131 4 3.21486e-08
4927.406254887646 4 1.13522e-07
4928.204408868682 8 1.15675e-07
4932.34095209004 11 8.8419e-08
4935.585662709064 2 1.71139e-07
4937.163924641972 5 7.52531e-08
4938.00625489953 4 2.23336e-07
4939.590952028709 11 3.30504e-08
4941.385662958742 2 2.84318e-08
4942.813924290853 5 2.04023e-06
4943.922254784434 7 8.89274e-08
4946.056255042149 4 5.61675e-08
4947.185662832298 2 3.56353e-08
4947.490952030809 11 2.63563e-07
4959.540951940023 11 5.09299e-07
4960.185663009458 2 3.25827e-08
4965.190952011626 11 5.53946e-08
4969.985662732252 2 2.48668e-07
4970.840952229786 11 1.06484e-07
4971.513924454322 5 2.18484e-07
4972.3562550153 4 6.25194e-08
4976.303157816411 9 3.73859e-08
4977.927611997045 3 5.51198e-08
4980.340952321914 11 4.08488e-08
4988.503157671809 9 1.5956e-07
4989.327612052776 3 2.04755e-08
4994.153157882289 9 1.46358e-07
5003.653157587646 9 6.18927e-07
5004.427611833967 3 3.57146e-07
5009.303157748632 9 1.98034e-08
5010.077611808471 3 2.00469e-07
5015.727611774966 3 7.95132e-08
5016.403157779528 9 7.20027e-08
5022.053157666086 9 1.59206e-07
5030.103157789404 9 7.77945e-08
5034.027611890129 3 1.17289e-07
5035.903158043725 9 6.00197e-08
5040.477611727656 3 4.6642e-07
5041.703157801084 9 1.26138e-07
5059.606254965121 4 8.15046e-08
5061.704030795914 8 1.03895e-07
5062.498333732112 6 1.08063e-07
5065.256255160988 4 4.58904e-08
5066.790951873641 11 3.49844e-07
5067.485662973423 2 7.06396e-08
5070.76392480223 5 2.31882e-08
5073.24095193357 11 1.15425e-07
5073.285662813276 2 1.67589e-07
5076.356254707182 4 5.35559e-07
5078.698333549741 6 8.21944e-08
5078.704030741074 8 1.3873e-07
5079.223955870358 10 2.24855e-07
5082.156255093364 4 2.54934e-08
5084.504031105195 8 3.74792e-08
5085.023955859664 10 4.56275e-07
5085.863924680417 5 7.45372e-08
5087.956255076844 4 5.24689e-08
5092.30315786055 9 4.45382e-08
5095.356254795492 4 1.75154e-07
5098.903157569358 9 1.101e-06
5099.927611747426 3 2.35877e-07
5104.703157610759 9 1.12662e-07
5105.727611845308 3 8.36997e-08
5124.103157682191 9 8.6079e-08
5124.977611843794 3 1.2996e-07
5133.753158040641 9 4.7616e-08
5133.827611849524 3 7.4725e-08
5148.427611766305 3 1.6463e-07
5149.003157835592 9 1.24539e-07
5164.253157870046 9 1.21761e-07
5164.62761220505 3 5.48998e-08
5169.90315764155 9 3.12094e-07
5170.427611881767 3 9.67547e-08
5175.553157993601 9 8.30628e-08
5176.227612070631 3 6.05868e-08
5181.806254697196 4 1.13176e-06
5184.990952022535 11 1.39266e-07
5185.485662666827 2 4.73981e-07
5190.790951803815 11 2.34043e-06
5191.285663227239 2 1.87064e-08
5196.406255061931 4 1.09442e-07
5197.88566287869 2 2.2145e-07
5198.190952342945 11 2.98668e-08
5198.563924675866 5 9.50693e-08
5206.240952093914 11 4.40383e-08
5208.485662822693 2 2.24718e-07
5210.763924763644 5 3.03288e-08
5212.040952182658 11 8.07007e-08
5214.285662781391 2 1.19441e-07
5217.690952259675 11 5.24185e-08
5219.935662928489 2 6.83357e-08
5223.490952004558 11 3.79608e-07
5225.585662711908 2 4.09396e-07
5229.290952155588 11 7.96706e-08
5230.96392498093 5 1.3705e-08
5231.235662926228 2 2.82685e-08
5235.090952009763 11 3.56758e-07
5241.540951854073 11 9.77621e-07
5242.335662888251 2 2.39075e-08
5243.963924629535 5 7.39623e-08
5244.606254958763 4 6.71063e-08
5249.590952206368 11 9.55591e-08
5252.006254754402 4 5.62516e-07
5254.803158064839 9 3.90826e-08
5263.406254775058 4 3.40162e-07
5266.853157666232 9 1.92053e-07
5268.127611715254 3 2.13223e-07
5272.653157474156 9 6.59249e-07
5276.106254759193 4 3.8352e-07
5279.253157979034 9 2.89839e-08
5282.406678417702 4 1.7585e-08
5284.677611904293 3 4.47858e-08
5284.9031575614 9 4.86566e-07
5290.553157576997 9 3.30038e-07
5291.277611949296 3 5.94343e-08
5294.440952146123 11 1.31281e-07
5296.853157840687 9 1.31928e-07
5303.30315782921 9 7.78443e-08
5303.977611931387 3 2.8642e-08
5315.353157842125 9 1.60448e-07
5317.477611770264 3 2.36165e-07
5321.003157893131 9 4.8007e-08
5328.103157632817 9 1.61499e-07
5328.877611985844 3 1.11402e-07
5333.753157893136 9 4.68322e-08
5336.927611800196 3 1.34702e-07
5339.40315768602 9 2.87615e-07
5346.503157906064 9 7.36015e-08
5348.890952492408 11 2.00475e-08
5352.153157825065 9 2.10364e-07
5360.05315795117 9 7.11931e-08
5364.027611554751 3 1.23807e-06
5365.703158129957 9 3.99555e-08
5377.677611826298 3 6.04318e-08
5378.553157700717 9 1.23796e-07
5383.327611588679 3 4.66684e-07
5384.203157942669 9 6.5178e-08
5390.45625502342 4 2.40291e-08
5392.903157609941 9 3.00993e-07
5394.427611901743 3 1.18093e-07
5401.753157786484 9 2.2772e-07
5407.990952221163 11 8.92214e-08
5410.603157745135 9 1.00624e-07
5417.706255601968 4 1.82475e-08
5422.653158145726 9 6.13767e-08
5423.506254978866 4 6.61883e-08
5428.785663182644 2 4.48271e-08
5428.813924769663 5 5.44778e-09
5429.156255027187 4 4.9707e-08
5433.790952072121 11 7.36637e-08
5434.585662916319 2 5.47097e-08
5435.413924483354 5 6.16241e-08
5435.756255042031 4 2.82264e-08
5439.590952028558 11 1.85478e-07
5441.185662905814 2 7.17075e-08
5441.863924525951 5 1.25575e-07
5443.972254700535 7 1.20769e-07
5444.773956302452 10 3.74508e-08
5450.422254552586 7 2.83744e-07
5450.863924794351 5 3.63287e-08
5452.673956085876 10 5.49415e-08
5456.072254836995 7 8.42281e-08
5457.463924450898 5 2.39553e-07
5461.872255061441 7 1.5031e-08
5467.672254703009 7 5.3639e-08
5468.713924738671 5 7.01719e-09
5473.472254628225 7 2.71234e-07
5474.36392466156 5 4.97095e-08
5478.185662940895 2 1.30323e-07
5480.163924328436 5 4.27469e-07
5480.722254756165 7 9.17889e-08
5484.756255099484 4 3.04758e-08
5485.585662961203 2 4.06378e-08
5485.963924837701 5 3.25102e-08
5486.990952123765 11 7.26069e-08
5490.5562552709 4 6.17032e-08
5491.17225483223 7 1.65193e-07
5491.385663153403 2 2.27689e-08
5491.763924643146 5 5.11665e-08
5496.822254668777 7 2.27871e-07
5497.185663398824 2 1.51131e-08
5497.563924761677 5 4.78802e-08
5503.785663062775 2 5.53159e-08
5504.163924645585 5 3.42791e-08
5505.022254675059 7 3.76716e-07
5510.822254859706 7 1.12138e-07
5525.963924775087 5 2.25206e-08
5526.222254526613 7 8.83393e-07
5527.985663112023 2 3.37637e-08
5540.185663034982 2 3.39857e-08
5540.563924735351 5 7.08872e-08
5544.022254752909 7 1.06462e-07
5545.985663121748 2 1.57158e-08
5546.363924572016 5 1.58637e-07
5546.606254807753 4 5.70332e-07
5547.904030873222 8 1.7002e-07
5549.523956020189 10 5.19464e-08
5552.406254940514 4 7.82907e-08
5556.303157714373 9 2.71681e-07
5561.577611625833 3 2.52912e-07
5562.103157723252 9 2.34891e-07
5567.377611725847 3 1.31988e-07
5567.903157525126 9 1.00555e-06
5573.70315806093 9 4.09196e-08
5575.006255130704 4 7.04745e-08
5576.640951870535 11 1.06195e-06
5577.385662934655 2 5.24968e-08
5582.440951958906 11 2.70297e-07
5583.185662864967 2 8.28437e-08
5588.24095208805 11 5.74508e-08
5588.963925082422 5 1.25632e-08
5588.985662834216 2 4.40781e-08
5593.890952128595 11 7.08806e-08
5595.585663158942 2 3.48884e-08
5598.406255058816 4 1.80296e-08
5598.613924784265 5 5.99365e-08
5601.790952183535 11 1.53081e-07
5601.885662937992 2 7.75806e-08
5604.206254853056 4 2.96453e-07
5604.263924594327 5 1.17936e-07
5607.590951862009 11 9.67358e-07
5607.685662908485 2 1.22201e-07
5613.390952129455 11 1.31558e-07
5616.153157758863 9 1.38963e-07
5619.327611606759 3 1.49077e-07
5621.953157607534 9 3.21184e-07
5624.406255028397 4 9.98317e-08
5625.33566303338 2 6.66806e-08
5626.390951900583 11 2.0702e-07
5630.98566304374 2 3.89462e-08
5632.190952026661 11 1.62824e-07
5634.563924577349 5 1.15762e-07
5635.356254911788 4 7.88063e-08
5638.504031063204 8 2.28169e-08
5648.098333657258 6 5.45506e-08
5653.104030912249 8 1.6188e-08
5653.898333581745 6 2.11546e-08
5658.6062549587 4 1.88352e-07
5658.754030908177 8 1.34984e-07
5664.903158000751 9 6.86734e-09
5666.806254800511 4 1.31466e-07
5668.213924689284 5 3.12758e-08
5672.303157783422 9 1.10834e-07
5684.077611803474 3 1.84386e-07
5684.353157767897 9 7.86252e-08
5693.203157790105 9 2.65519e-08
5697.8776120528 3 3.17393e-08
5699.003157908744 9 6.6139e-08
5701.540951936965 11 4.90946e-07
5703.18566283469 2 1.30238e-07
5704.263924767145 5 2.97035e-08
5707.340952372345 11 9.30974e-08
5713.940952139859 11 8.82953e-08
5715.385663081109 2 2.59069e-08
5719.590951942014 11 2.48114e-07
5721.113924448874 5 2.40107e-07
5721.185662911067 2 1.45871e-07
5722.522255040307 7 3.67357e-08
5725.240952244936 11 1.02452e-07
5725.906254994151 4 3.33542e-08
5730.185663242337 2 2.78276e-08
5730.913924861331 5 7.12035e-09
5731.706254809441 4 3.34005e-07
5732.254031080696 8 6.62232e-08
5735.985663160247 2 2.6223e-08
5736.340952009315 11 1.01593e-07
5741.513924584851 5 1.51136e-07
5741.785663062142 2 5.72841e-08
5742.306254870125 4 2.25464e-07
5744.304030942434 8 1.15462e-07
5746.598333517608 6 1.61482e-07
5750.754031134173 8 2.40641e-08
5756.398333385558 6 2.27817e-07
5757.204030893438 8 6.00797e-08
5762.048333363073 6 2.57355e-08
5762.854823042011 8 4.45057e-08
5767.698333263692 6 8.26366e-07
5768.504030938763 8 9.81118e-08
5773.348333327384 6 2.62078e-07
5774.154030845573 8 1.41002e-07
5780.448333580941 6 6.11042e-08
5784.454030868216 8 2.24237e-07
5784.906255314519 4 2.22212e-08
5786.098333334355 6 3.5738e-07
5788.32395619855 10 3.85979e-08
5796.354030868969 8 9.33585e-08
5797.198333611266 6 4.25476e-08
5802.998333466866 6 8.09278e-08
5805.354030902334 8 1.01473e-07
5811.04833362788 6 3.22614e-08
5812.754031075015 8 3.39095e-08
5822.254031065473 8 2.82723e-08
5822.298333581185 6 5.83103e-08
5828.054030880964 8 3.10847e-08
5828.098333267961 6 6.33907e-07
5833.854031094502 8 5.62204e-08
5833.898333533666 6 4.31542e-08
5837.173956332303 10 3.90966e-08
5838.706255017598 4 7.66288e-08
5842.785662949012 2 6.05978e-08
5842.79095204836 11 8.35035e-08
5848.506254786193 4 3.63218e-07
5849.413924453636 5 1.26881e-07
5851.785662871899 2 1.01973e-07
5852.590952177764 11 6.57906e-08
5854.306254905595 4 1.90518e-07
5861.556254789711 4 7.50339e-07
5863.654095609511 8 1.43678e-07
5863.863924960151 5 4.25994e-08
5864.498333612235 6 4.7599e-08
5867.206254632357 4 9.19346e-06
5869.435662786401 2 1.82872e-07
5869.513924711667 5 7.04979e-08
5870.24095200778 11 2.57719e-07
5875.235662875397 2 1.15617e-07
5876.040952491248 11 4.22491e-08
5881.035662748299 2 2.2034e-07
5881.713924722484 5 3.4678e-08
5881.840952306487 11 6.62188e-08
5885.506255149043 4 4.73659e-08
5886.753157761801 9 1.72288e-07
5888.377612011672 3 7.1615e-08
5898.153157568235 9 3.87906e-07
5898.177611899266 3 3.78836e-08
5907.153157686528 9 1.37324e-07
5907.177611888688 3 1.06191e-07
5915.353157550592 9 9.93273e-07
5915.37761181448 3 1.36633e-07
5926.777612353522 3 3.05608e-08
5932.353157914006 9 1.16717e-07
5932.577611975884 3 6.85967e-08
5938.206254931712 4 1.6158e-07
5940.654031014957 8 8.29377e-08
5943.85625521294 4 3.147e-08
5945.913924696857 5 4.01445e-08
5947.904030990891 8 3.51799e-08
5949.506254790671 4 1.09031e-06
5951.713924798284 5 2.85837e-08
5952.435662805788 2 4.52251e-08
5952.440951953845 11 4.82036e-07
5958.2356630887 2 1.45449e-08
5958.240952199563 11 8.27939e-08
5961.51392436954 5 3.68472e-08
5962.356255051736 4 3.77021e-08
5964.035662841687 2 1.16462e-07
5964.040951926961 11 1.29316e-07
5967.163924628267 5 8.64137e-08
5969.835663107788 2 3.59769e-08
5969.840952003377 11 3.95625e-07
5975.635663093746 2 5.68643e-08
5975.640951839675 11 1.16353e-06
5978.413924643487 5 5.29918e-08
5981.435662647526 2 7.04559e-07
5981.440952090899 11 1.35432e-07
5987.240952472401 11 3.92509e-09
5988.006255039509 4 1.11291e-08
5990.953158076112 9 6.76078e-08
5996.753157784484 9 7.08156e-08
5997.777611715199 3 8.598e-08
6019.353157760921 9 4.06173e-08
6020.07761179163 3 1.34211e-07
6028.053157732774 9 5.076e-08
6028.927612120031 3 6.87652e-08
6034.503157512731 9 9.70188e-07
6034.577611758443 3 1.94874e-07
6040.056255066693 4 5.61488e-08
6040.303158036095 9 5.67976e-08
6045.677611953833 3 7.46717e-08
6046.103157767972 9 1.89497e-07
6063.327611637097 3 5.56041e-07
6063.753157943178 9 5.35495e-08
6068.977611587795 3 1.30734e-06
6069.553157652994 9 2.12542e-07
6075.353157832745 9 6.58689e-08
6077.677611852978 3 7.80266e-08
6081.003157730127 9 5.48872e-08
6085.706254719153 4 1.50425e-06
6088.035663112057 2 6.10892e-09
6088.090952017195 11 3.19027e-07
6093.835663280416 2 1.82022e-08
6093.890952132563 11 8.96487e-08
6099.690952237107 11 1.50925e-08
6100.435662978803 2 4.38918e-08
6105.490951903855 11 4.44796e-07
6107.835662927031 2 7.69323e-09
6111.140952327437 11 6.84186e-08
6116.790952481126 11 4.80564e-08
6128.840951849056 11 8.36865e-07
6129.635662856175 2 6.44103e-08
6131.11392465039 5 2.6948e-08
6132.806255128761 4 1.0046e-07
6134.272254747122 7 1.1025e-07
6136.763924619381 5 5.44031e-08
6138.17395631888 10 2.75796e-08
6138.354030826603 8 1.56463e-07
6138.456254925724 4 1.60246e-07
6150.506255180659 4 2.87899e-08
6156.156254860541 4 2.48666e-07
6156.813924990811 5 1.36123e-08
6161.806255104407 4 9.08425e-08
6168.906254793079 4 2.9191e-07
6170.404031147686 8 5.03292e-08
6171.263924660486 5 4.91903e-08
6172.735662858768 2 2.48129e-07
6173.540952120726 11 1.84322e-07
6176.806255021513 4 1.48336e-07
6176.913924873723 5 2.41007e-08
6179.153157890745 9 2.79404e-08
6181.577611748981 3 1.61436e-07
6200.953157857335 9 8.55033e-08
6208.20625487236 4 2.13763e-07
6210.563924632524 5 1.13055e-07
6213.856254932631 4 1.42687e-07
6214.53566333851 2 1.21406e-08
6216.054030903319 8 9.83848e-08
6219.506254763664 4 1.47816e-07
6221.013924355369 5 6.10255e-07
6222.585662936812 2 9.44796e-08
6223.340952381781 11 2.63428e-08
6228.235663199006 2 5.27978e-08
6229.140952242008 11 5.3103e-08
6233.885662896422 2 6.00711e-08
6234.790952150655 11 9.30516e-08
6238.663924585721 5 4.0876e-08
6239.406254776575 4 4.69895e-07
6241.054031064179 8 2.36059e-08
6245.803157849574 9 1.03937e-07
6247.877611642711 3 3.68485e-07
6251.603157589888 9 2.58789e-07
6253.527611839014 3 7.01324e-08
6257.253157788198 9 1.48825e-07
6285.427611963219 3 2.38894e-08
6285.453157802431 9 9.88963e-08
6288.406254958284 4 2.03111e-07
6290.054030919144 8 1.29388e-07
6291.898333379627 6 2.83798e-07
6291.973956042229 10 6.73767e-08
6294.20625482905 4 3.27282e-07
6297.653158007303 9 4.87362e-08
6300.006254773845 4 1.76135e-07
6300.463924615946 5 1.04048e-07
6302.285662761194 2 1.75876e-07
6303.490952344427 11 9.72615e-08
6305.806255183964 4 5.15776e-08
6306.263924297615 5 1.10603e-06
6308.085662677296 2 4.02159e-07
6309.140952337144 11 1.89526e-08
6311.45625489272 4 9.32239e-08
6314.254030850235 8 7.66751e-08
6315.073956054707 10 1.52535e-07
6315.948333395528 6 1.13055e-07
6318.706254906957 4 2.13187e-07
6319.113924977099 5 1.49757e-08
6319.904030935016 8 9.86948e-08
6322.673955899591 10 2.98227e-07
6325.872254842901 7 9.76395e-08
6326.513924612058 5 1.02516e-07
6328.104030766657 8 2.60882e-07
6328.323955924923 10 1.53035e-07
6328.35625533859 4 2.48648e-08
6331.522254672039 7 9.72563e-08
6333.904030789042 8 2.75236e-07
6334.123955912752 10 1.88241e-07
6334.54833363016 6 4.93835e-08
6337.172254893605 7 8.25575e-08
6338.80625540241 4 1.25008e-08
6339.773955974895 10 1.1088e-07
6341.954031023146 8 5.21034e-08
6342.713924892735 5 3.84588e-08
6345.423955816 10 4.45969e-07
6346.02225472188 7 1.87906e-07
6347.604030926097 8 5.20088e-08
6348.306254816875 4 4.02698e-07
6351.453158060657 9 8.02319e-08
6356.227611914261 3 9.18965e-08
6357.253157713198 9 2.53739e-07
6363.053157610842 9 2.01498e-07
6363.627611886387 3 1.24728e-08
6368.703157960263 9 3.34351e-08
6369.427612002388 3 2.03709e-08
6374.353157852238 9 6.38517e-08
6380.153157761253 9 7.88275e-08
6381.827611863728 3 2.21452e-08
6398.603157630837 9 3.40328e-07
6399.477611476694 3 7.7058e-06
6404.403157812536 9 1.50148e-07
6405.277611664728 3 2.78545e-07
6408.506255234646 4 2.28931e-08
6410.203157560554 9 9.51588e-07
6410.927612135481 3 2.58139e-08
6416.003157931629 9 5.945e-08
6416.727611677049 3 1.92483e-07
6423.403157832457 9 9.35826e-08
6424.127611607967 3 2.98226e-07
6429.203157758711 9 1.1743e-07
6429.927612020881 3 5.83457e-08
6441.040952405604 11 4.38135e-08
6442.203157837762 9 1.56054e-07
6448.80315781143 9 1.03857e-07
6455.106254788543 4 5.09753e-07
6456.363924798527 5 4.22547e-09
6456.604031196781 8 3.52272e-08
6460.790952256422 11 4.52375e-08
6462.356254856188 4 1.29511e-07
6464.703157927797 9 6.74186e-08
6468.006255162975 4 5.81128e-08
6472.040952000534 11 2.31003e-07
6475.985662932705 2 8.64493e-08
6477.690952136249 11 1.08677e-07
6481.363924852152 5 2.25798e-08
6481.656255062248 4 4.13284e-08
6483.99095193213 11 1.18518e-07
6484.035662856787 2 1.19744e-07
6492.99095193656 11 6.09531e-07
6494.485662888336 2 4.25639e-08
6498.356255001037 4 1.10919e-07
6499.953157601052 9 9.13995e-07
6500.727611817338 3 1.02743e-07
6505.603157807807 9 6.72815e-08
6506.377611784405 3 1.54847e-07
6512.74095226233 11 3.44794e-08
6514.453157833195 9 1.40154e-07
6521.703157855317 9 1.2119e-07
6527.206254981472 4 7.49207e-08
6529.590952181536 11 6.32411e-08
6530.385663012742 2 4.222e-08
6534.403157962946 9 8.35575e-08
6536.82761170253 3 2.36152e-07
6542.45315778823 9 3.71482e-08
6542.477611983671 3 6.91496e-08
6550.653157888068 9 9.50957e-08
6550.677611926001 3 7.49741e-08
6556.453157913456 9 9.29578e-08
6560.840952622036 11 3.06921e-08
6566.7531582491 9 2.93487e-08
6572.553157687063 9 2.28141e-07
6572.827612031028 3 5.44755e-08
6576.89095222026 11 7.76905e-08
6583.15315767134 9 1.73896e-07
6583.277612077586 3 5.09568e-08
6596.953157889675 9 2.06714e-08
6598.527611762244 3 4.47182e-07
6604.940952432922 11 4.60293e-08
6606.57761200398 3 5.83855e-08
6607.253157647322 9 5.1001e-07
6612.90315757541 9 6.56791e-07
6613.67761168811 3 1.02599e-07
6641.75315776094 9 5.66195e-08
6642.527611882337 3 6.74312e-08
6656.027612050567 3 1.09971e-07
6656.053157748331 9 2.76988e-07
6658.456255069367 4 1.11541e-07
6661.853158119779 9 1.31733e-08
6664.877612076044 3 8.4727e-08
6672.953158241901 9 6.66516e-08
6673.706254776553 4 4.7405e-07
6675.163924354342 5 5.61559e-07
6676.035663008908 2 5.51908e-08
6676.622254753132 7 6.4912e-08
6684.02225499327 7 1.80228e-08
6692.222254664531 7 2.84413e-07
6697.872254389251 7 5.71101e-06
6702.563924875468 5 1.31491e-08
6703.522254809601 7 5.62732e-08
6709.1722545843 7 8.52192e-08
6710.613924944329 5 2.24961e-08
6715.435663076741 2 1.73393e-08
6719.772254367248 7 0.000103534
6720.913924866481 5 3.94743e-08
6725.572254911835 7 3.58968e-08
6732.172255021585 7 4.35902e-08
6737.822254535451 7 4.59079e-07
6739.363924724343 5 6.89653e-08
6740.135662954769 2 1.17528e-07
6743.472254913926 7 3.27154e-08
6745.813924811352 5 5.10153e-08
6748.185663130721 2 4.60242e-08
6748.956254984626 4 8.72315e-08
6752.203157641022 9 2.33651e-07
6764.403157638823 9 1.96551e-07
6765.277611761378 3 2.06434e-07
6776.356255305629 4 1.52056e-08
6777.403157830163 9 3.48744e-08
6779.077611710738 3 3.08001e-07
6783.203157670708 9 9.51534e-08
6788.840952527893 11 5.78855e-08
6797.003158175493 9 3.21463e-08
6802.653158089701 9 2.93143e-08
6804.240952275124 11 1.13839e-07
6809.903157556399 9 8.40426e-07
6810.677611982678 3 9.91912e-08
6815.553157654222 9 1.04737e-07
6816.327611645007 3 2.06532e-07
6821.353158117099 9 8.15954e-08
6824.227612082369 3 5.98688e-08
6832.753157879436 9 7.59082e-08
6834.677612227959 3 6.727e-08
6843.527611843485 3 2.95909e-08
6854.553157629403 9 4.89418e-07
6854.627611640052 3 4.9047e-07
6862.753158046117 9 8.5335e-08
6862.827612055383 3 6.85446e-08
6879.027612256751 3 4.07209e-08
6883.453158007901 9 9.47583e-08
6893.056254787968 4 4.0101e-07
6894.663924478988 5 9.81986e-08
6896.235662901977 2 6.53006e-08
6902.572254903267 7 6.38573e-08
6902.863925132395 5 3.26591e-08
6908.073956224164 10 4.01332e-08
6908.372254632299 7 1.48449e-07
6911.063924782192 5 4.37403e-08
6911.635662959848 2 3.64987e-08
6915.656254919337 4 8.26478e-08
6918.090952095323 11 5.37813e-08
6919.835662960851 2 1.04449e-07
6922.313924521032 5 8.83372e-08
6923.056255024929 4 6.58034e-08
6926.254030679342 8 4.72159e-07
6927.09833375397 6 3.13906e-08
6927.173956140073 10 8.22684e-08
6927.963924539624 5 1.56725e-07
6932.572254785992 7 2.59849e-08
6932.973955807831 10 6.37066e-07
6935.904030780882 8 1.41228e-07
6936.748333664896 6 2.10441e-08
6937.506254808936 4 1.79472e-07
6939.863924761801 5 6.94383e-08
6940.223956031315 10 4.79685e-08
6941.554030890315 8 9.2826e-08
6943.1562550357 4 6.44951e-08
6952.453157774529 9 2.87556e-08
6953.177611876465 3 1.08719e-07
6958.253157780151 9 5.13604e-08
6958.977612048538 3 2.83847e-08
6964.053158088762 9 3.32798e-08
6966.377611873745 3 1.68416e-07
6969.853157540347 9 6.95435e-07
6972.177611699267 3 1.97345e-07
6984.953157790304 9 9.1665e-08
6986.627611999636 3 6.30348e-08
6988.956254906824 4 9.27383e-08
6990.463924428755 5 7.34182e-08
6991.085663106426 2 2.90234e-08
6992.772254533363 7 8.55521e-07
6999.285663090408 2 8.19159e-08
7000.172254673562 7 1.23068e-07
7000.263924698099 5 2.01516e-08
7005.972254694465 7 6.79e-08
7011.622254686376 7 1.84279e-07
7012.463924731139 5 4.32102e-08
7016.923956211661 10 2.53362e-08
7017.272254884475 7 6.49561e-08
7018.113924371582 5 3.2165e-07
7018.756255293631 4 1.08168e-08
7019.48566262377 2 4.005e-06
7019.590952211067 11 1.05836e-07
7025.240952292754 11 5.42881e-08
7031.690952166242 11 6.21874e-08
7037.340951870236 11 1.27825e-06
7038.085662781176 2 2.84595e-07
7038.813924625953 5 1.41234e-07
7039.456254925431 4 1.12587e-07
7042.554030986526 8 3.36516e-08
7044.613924773977 5 2.34321e-08
7045.256254873299 4 1.97325e-08
7056.203157560843 9 5.04874e-07
7058.906255281481 4 1.61384e-08
7060.290951956966 11 4.05861e-07
7064.385662977278 2 9.47983e-08
7066.090952270316 11 9.75464e-08
7070.035663388567 2 7.80705e-09
7071.74095230927 11 2.5347e-08
7075.685662970718 2 8.91487e-08
7077.390951909792 11 4.93173e-08
7083.040952177984 11 8.06367e-08
7087.585662888465 2 9.02883e-08
7089.190952344416 11 8.14121e-08
7089.963924442104 5 6.89937e-08
7091.606255036552 4 8.80646e-08
7098.706255248954 4 1.00541e-08
7100.253157797717 9 8.54241e-08
7114.677611955623 3 5.7056e-08
7114.703157873158 9 4.41995e-08
7132.503157752718 9 9.23584e-08
7133.12761215299 3 4.52426e-08
7134.756254941004 4 2.90552e-07
7137.063924875195 5 4.30377e-08
7137.804030583801 8 1.08865e-07
7138.57395599448 10 4.67454e-08
7138.598333456038 6 1.17266e-07
7142.806255375961 4 1.56164e-08
7143.604031044553 8 8.7497e-09
7144.373955876223 10 4.09597e-07
7145.198333523029 6 1.43039e-07
7148.45625512161 4 6.81588e-08
7149.254030824181 8 9.52215e-08
7150.84833365134 6 2.80211e-08
7156.498333394793 6 9.51452e-08
7156.50403101846 8 2.74843e-08
7163.898333404463 6 1.23635e-07
7163.904030658486 8 3.96934e-07
7166.823956244824 10 3.99476e-08
7172.098333488998 6 5.92324e-08
7176.604030627394 8 4.7178e-07
7177.898333358796 6 7.49516e-08
7178.07395608923 10 1.35392e-07
7185.298333357809 6 8.99866e-08
7185.304077337242 8 1.49994e-06
7191.898333320957 6 1.90219e-07
7192.554030679958 8 7.00121e-07
7194.106254901977 4 7.15141e-08
7196.463924530992 5 6.23332e-08
7197.885663017694 2 2.02927e-08
7198.622254694779 7 1.87695e-07
