1.010790374648 10 1.01985e-06
1.083054092192 11 4.0068e-05
10.010790779506 10 1.68117e-08
10.733054761132 11 4.55822e-08
25.640690238113 3 2.86135e-08
28.964413826451 8 5.00263e-08
31.400132269164 6 3.5316e-08
37.200132398127 6 3.17755e-08
39.440690096756 3 2.82028e-08
50.560790660664 10 1.06268e-07
50.633054462506 11 5.05751e-08
56.360790544626 10 8.75383e-08
56.43305429075 11 3.38533e-07
62.233054710924 11 5.5904e-08
67.883054502196 11 3.14092e-08
68.310790711365 10 6.21324e-08
79.640689927136 3 4.63444e-08
81.164413881776 8 7.37328e-08
85.44068988487 3 9.78531e-08
88.510790999225 10 1.49173e-08
88.583054786006 11 6.27966e-08
91.240689665598 3 1.50197e-06
92.264413676585 8 1.69632e-07
98.640690015897 3 3.35575e-08
103.514413825616 8 1.26491e-08
104.290689675837 3 5.04101e-07
112.340689863312 3 8.73798e-08
114.700131930494 6 3.52921e-07
119.590690017617 3 9.41181e-08
122.750132320354 6 5.04917e-08
123.469464481572 4 1.53311e-07
128.400132389165 6 7.49937e-08
128.935304475177 7 1.72465e-07
129.640864298883 5 1.99849e-07
129.919464662889 4 1.5944e-07
130.421890662709 2 2.19994e-08
134.735304516339 7 6.71705e-08
135.44086468102 5 1.06571e-07
135.719464650438 4 4.22335e-08
140.421890437289 2 6.56882e-08
141.240864438936 5 2.6562e-07
141.335304371218 7 5.45422e-07
141.369464748472 4 1.45666e-08
147.040864555262 5 3.92068e-08
147.135304364909 7 5.26249e-07
148.46946455024 4 7.30351e-08
152.935304440085 7 1.28082e-07
153.490864348552 5 3.1852e-07
154.119464575436 4 1.92654e-08
158.721890759251 2 1.76913e-08
159.140864809277 5 4.9453e-09
159.535304594548 7 4.52626e-08
160.450132212913 6 8.22293e-08
162.019464655811 4 5.03953e-08
165.29086448966 5 1.55241e-07
165.321890535499 2 1.30827e-08
166.135304412408 7 4.03157e-07
171.090864698029 5 6.62733e-08
171.935304507035 7 7.86383e-08
174.86946472924 4 1.26645e-08
176.500132275765 6 1.24187e-08
177.585304694604 7 7.80838e-08
178.171890423352 2 7.01289e-08
178.190864539729 5 4.34241e-08
181.164413606338 8 1.94776e-08
181.740689937981 3 4.47461e-08
186.964413935362 8 1.50046e-08
187.069464444676 4 1.1453e-07
187.971890143774 2 4.07938e-07
192.869464533408 4 1.09447e-07
193.621890636127 2 1.88739e-08
194.364413558154 8 3.81986e-07
196.040690008732 3 2.4015e-08
199.915978841355 9 5.50777e-07
208.915979149747 9 6.88646e-08
216.165978978043 9 2.13217e-07
222.564413936129 8 2.94133e-08
225.665979080047 9 1.95953e-07
233.715979350967 9 3.84813e-08
239.365978870985 9 4.60337e-07
245.015979082739 9 8.12871e-08
250.665979166118 9 7.70635e-08
256.31597882265 9 8.34116e-07
261.965978932146 9 1.79666e-07
269.715979060714 9 8.97588e-08
275.365979357823 9 5.37922e-08
276.864413971628 8 5.66864e-08
284.865978936677 9 1.33969e-07
290.515978986729 9 2.94715e-07
293.690690006399 3 4.04693e-08
293.714413448548 8 8.59448e-07
299.514872870181 8 8.70599e-08
299.969464442403 4 7.24859e-08
300.871890564777 2 5.44627e-08
305.164413746289 8 1.44528e-07
307.990689910926 3 3.18194e-08
316.040689951792 3 7.9032e-08
319.183054491743 11 4.31852e-08
319.760790510718 10 1.54005e-07
324.833054452579 11 7.46776e-08
325.560790681198 10 7.41828e-08
330.483054109016 11 1.17756e-05
331.210790436123 10 6.97268e-07
341.540689798842 3 7.24812e-08
346.964414113488 8 3.26474e-08
347.340690095565 3 2.45387e-08
352.764413883773 8 3.13392e-08
352.990689832361 3 2.33811e-07
357.733054313155 11 1.51065e-07
357.810790317223 10 1.43487e-06
364.09068978468 3 3.26496e-07
364.814413652633 8 2.52507e-07
368.019464501026 4 3.48249e-08
368.771890572747 2 4.35415e-08
370.614413603247 8 1.84307e-07
371.490689927695 3 1.099e-07
376.414413925379 8 2.72177e-08
377.940689692066 3 4.2017e-07
381.015979098589 9 1.03823e-07
387.615979251656 9 4.98243e-08
393.414413972193 8 2.93733e-08
396.615979180946 9 8.60031e-08
404.664413711624 8 6.9401e-08
405.340689774741 3 1.75403e-07
411.53305441369 11 1.52086e-07
411.610790483889 10 1.56284e-07
417.333054350708 11 2.12111e-07
418.210790313614 10 3.04866e-07
425.610790630458 10 1.61372e-07
426.333054558514 11 1.21952e-07
431.260790394391 10 4.99109e-07
432.133054421288 11 2.20193e-07
444.015979250573 9 5.28341e-08
448.740690187211 3 1.77951e-08
458.51079066858 10 3.56599e-08
458.583054530953 11 8.52554e-08
465.910790618074 10 2.73452e-08
466.78305459055 11 3.96904e-08
470.540690244038 3 1.66602e-08
472.86079059093 10 6.15682e-08
473.083054457139 11 4.84526e-08
483.460790667074 10 6.48478e-08
483.533054561483 11 9.91829e-08
488.190689840448 3 1.51614e-07
491.900132251383 6 6.02252e-08
500.100132029272 6 2.14516e-08
504.064413827145 8 6.42717e-08
504.090690267289 3 3.64615e-08
504.869464480177 4 8.22387e-08
506.421890367394 2 4.31251e-08
507.240864670603 5 9.34521e-08
508.650132166136 6 8.72703e-08
508.685304859849 7 9.87777e-09
514.450132088185 6 7.27158e-08
520.250132237577 6 2.27028e-08
523.464413565301 8 3.05016e-07
523.490689810985 3 1.34619e-07
529.10013208495 6 1.29552e-07
534.900132089055 6 9.59923e-08
536.490690137245 3 3.17085e-08
540.550131963136 6 2.56803e-07
544.540689903659 3 2.09232e-08
545.114413897836 8 4.56471e-08
548.269464190995 4 5.38547e-06
549.021890566795 2 5.46717e-08
549.040864501932 5 6.73503e-08
549.885304341406 7 1.98419e-07
551.500132225593 6 5.5314e-08
555.685304749317 7 6.32998e-08
556.469464482233 4 4.98971e-08
558.040864387042 5 3.86515e-07
561.221890552202 2 4.8629e-08
561.33530460682 7 1.08549e-07
562.119464677674 4 2.04043e-08
564.50013216321 6 5.61978e-08
567.74130531685 5 3.07207e-07
567.785304532706 7 1.28783e-07
567.919464797413 4 1.6372e-08
569.27189028907 2 1.98288e-07
573.350132084999 6 1.12243e-07
573.585304680153 7 4.41584e-08
576.769464631082 4 5.58195e-09
579.150132222984 6 9.33004e-08
579.235304719858 7 3.64057e-08
582.271890282552 2 2.19816e-07
582.340864568456 5 1.08524e-07
582.419464172542 4 9.25846e-06
585.035304826494 7 3.80849e-08
586.914414143753 8 2.76938e-08
588.500132169932 6 6.73937e-08
594.150132397862 6 1.08937e-08
600.750132250869 6 4.91564e-08
606.550131938955 6 2.01672e-07
609.214414095275 8 2.63291e-08
609.819464403476 4 3.75513e-07
610.540909761535 5 3.10345e-08
613.950131820903 6 4.37432e-07
619.640690131388 3 3.36304e-08
621.264413981741 8 4.30386e-08
630.060790727551 10 1.33232e-08
642.910790656677 10 5.95671e-08
642.983054526 11 4.57604e-08
661.29068971903 3 1.77284e-07
662.114413738477 8 7.58534e-08
668.690689856737 3 1.10393e-07
670.164413636121 8 1.01303e-07
722.040690130726 3 1.1006e-08
725.264413621856 8 1.08318e-07
727.619464621547 4 5.96317e-08
728.421890387542 2 6.56413e-08
731.064413624795 8 1.78325e-07
732.490690149866 3 3.29424e-08
733.26946475248 4 2.43201e-08
734.871890775578 2 1.8089e-08
736.864413780649 8 6.40018e-08
739.869464513963 4 6.65385e-08
741.47189054847 2 5.29677e-08
744.264413710067 8 8.46982e-08
745.519464784923 4 5.07474e-08
747.1218905438 2 8.07772e-08
752.464413843573 8 3.29287e-08
752.769464544945 4 3.17503e-08
753.571890224795 2 2.96376e-07
758.264413487459 8 9.44139e-07
759.090689889237 3 7.50381e-08
763.914414066485 8 2.32395e-08
764.740690100929 3 5.28991e-08
792.710790823634 10 7.20564e-09
792.783054602141 11 8.33984e-08
796.790689899483 3 1.709e-08
799.164413943799 8 2.71493e-08
802.590689900109 3 2.89134e-08
804.964413772532 8 3.74573e-08
808.390689875388 3 8.99488e-08
812.364413755592 8 7.7943e-08
814.715979028452 9 2.61244e-07
820.515979166587 9 6.93202e-08
826.315979012279 9 1.68096e-07
831.965979340227 9 2.04743e-08
837.765979021385 9 1.50962e-07
843.565978974672 9 9.05093e-08
850.96597889593 9 7.02307e-07
857.565979237009 9 7.64821e-08
863.365979147462 9 9.25129e-08
870.615979324113 9 3.70261e-08
876.415978925958 9 2.70557e-07
891.81597888438 9 5.3002e-07
895.764413793926 8 5.50432e-08
899.065979228138 9 1.54334e-08
905.515979114787 9 1.46761e-08
911.315978970767 9 3.36355e-07
917.115979055643 9 1.18151e-07
922.765979037653 9 3.05385e-07
928.415979215912 9 5.83798e-08
934.215979360434 9 3.35302e-08
935.790689829332 3 2.11672e-07
935.964413673092 8 1.28944e-07
941.590689816452 3 4.33334e-08
948.183054640336 11 6.44591e-08
949.560791041371 10 1.06953e-08
951.890689668547 3 5.65882e-07
953.464413895504 8 1.91631e-08
955.065979036985 9 1.23494e-07
960.715979017204 9 4.92848e-08
966.365979079809 9 1.24987e-07
972.015979068035 9 3.72758e-08
979.115979049787 9 5.30195e-08
984.765979190672 9 6.88172e-08
990.415978946932 9 2.51736e-07
996.21597908287 9 9.37271e-08
1003.465978950345 9 4.99962e-07
1012.815979251009 9 3.7707e-08
1022.315979073182 9 6.88833e-08
1027.965979173166 9 1.2542e-07
1034.415979160063 9 6.53097e-08
1036.714414061941 8 1.66771e-08
1041.515979087232 9 2.02289e-08
1047.165979145433 9 5.47908e-08
1052.815978853305 9 6.02054e-07
1062.315978885854 9 4.618e-07
1067.965979064682 9 1.6506e-07
1072.764413994026 8 2.59579e-08
1075.215979091102 9 6.40711e-08
1081.015979173207 9 3.75253e-08
1086.815979052067 9 1.24943e-07
1092.615978851453 9 6.36008e-07
1098.415978801237 9 1.94601e-06
1104.215979245679 9 2.13826e-08
1110.015978975779 9 2.58991e-07
1112.740689790253 3 3.23556e-07
1113.464413781373 8 3.54497e-08
1116.250132153895 6 1.16099e-08
1117.93530448314 7 2.35578e-08
1120.669464513084 4 1.7485e-08
1122.290864462721 5 1.69631e-07
1123.735304612702 7 4.52139e-08
1124.800132245752 6 8.17408e-08
1126.469464465934 4 1.01574e-07
1129.535304707486 7 7.09559e-08
1130.491188779529 5 3.44135e-08
1132.05013195701 6 2.44703e-07
1135.335304533444 7 2.44518e-08
1137.700132484279 6 1.33807e-08
1137.71946441658 4 1.65309e-07
1139.340864709235 5 7.69135e-08
1140.985304559643 7 6.89476e-08
1142.471890630567 2 6.7326e-08
1143.519464819053 4 2.77175e-08
1144.064413791702 8 9.45034e-08
1144.790690246655 3 1.50694e-08
1146.250131884299 6 2.84296e-07
1154.450132004131 6 1.4499e-07
1160.100132338763 6 5.37239e-08
1164.040689933114 3 9.19224e-08
1165.750132047354 6 6.20079e-08
1171.400132338097 6 2.74907e-08
1172.740690165013 3 3.64559e-08
1177.050131859212 6 3.1553e-07
1180.764413824557 8 8.25783e-08
1181.590690031228 3 1.02227e-08
1184.719464959671 4 1.36325e-08
1186.400132297034 6 2.12328e-08
1188.014413614484 8 1.0024e-07
1188.040689834049 3 3.49858e-08
1204.733054821785 11 3.00755e-08
1204.810791058268 10 1.57017e-08
1206.640690053659 3 4.91545e-08
1210.533054726455 11 1.13838e-07
1210.610790800181 10 2.9135e-08
1220.410790638918 10 7.00725e-08
1221.133054440826 11 1.87223e-07
1226.540690282461 3 1.22066e-08
1232.340690069553 3 3.94838e-08
1237.110790434668 10 3.16281e-07
1237.183054334717 11 2.14905e-07
1242.91079045138 10 2.64963e-07
1242.983054285224 11 7.67166e-07
1248.710790732153 10 4.38429e-08
1248.783054709584 11 6.09133e-08
1260.110790677553 10 4.72332e-08
1260.183054469287 11 1.52392e-07
1269.91079052996 10 5.91127e-08
1269.983054419169 11 1.71427e-07
1275.710790663243 10 4.32339e-08
1275.78305442672 11 3.91256e-07
1281.510790754111 10 4.0833e-08
1281.583054687516 11 7.10398e-08
1288.110790949427 10 5.81783e-08
1289.63305430905 11 1.61162e-07
1293.690689967746 3 4.48829e-08
1296.050132133502 6 4.99649e-08
1303.300132099481 6 6.16835e-08
1308.064413980609 8 4.35071e-08
1308.140689819385 3 6.96478e-08
1310.550132082609 6 5.45507e-08
1317.140689894823 3 9.78046e-08
1322.790690041501 3 3.1075e-08
1336.060790352903 10 1.78637e-07
1336.083054306089 11 5.89974e-07
1342.190690066234 3 3.93489e-08
1347.164413803776 8 3.28118e-08
1349.535304568148 7 1.34175e-07
1349.569464695509 4 2.72268e-08
1349.65013230133 6 3.37034e-08
1351.090864408777 5 2.78151e-07
1352.621890354172 2 1.1372e-07
1355.36946445623 4 1.43543e-07
1356.135304545654 7 2.29006e-07
1356.890864441763 5 2.28371e-07
1360.250132143597 6 4.86323e-08
1362.769464638573 4 7.47976e-08
1363.535304538019 7 1.92147e-08
1368.790864664414 5 6.39894e-08
1369.185304682243 7 3.51676e-08
1369.719464380604 4 1.70378e-07
1371.221890322841 2 7.0792e-08
1374.83530438868 7 2.12669e-07
1375.390864296265 5 3.61117e-07
1376.169464498726 4 5.83422e-08
1377.021890687095 2 5.44719e-09
1380.4853049553 7 1.38374e-08
1381.764413771767 8 8.50503e-08
1382.590690119128 3 2.07457e-08
1384.150131943982 6 9.16174e-08
1389.019464535454 4 2.59716e-08
1389.835304456985 7 9.45033e-08
1389.840864398217 5 1.41571e-07
1391.471890637863 2 4.76699e-08
1393.964413760209 8 1.05124e-07
1394.790689679268 3 2.88938e-07
1399.764413942028 8 3.15877e-08
1400.440689974113 3 5.31789e-08
1408.490689699939 3 1.86678e-07
1412.350132057119 6 2.28914e-08
1418.140689825685 3 1.8099e-07
1418.864413886602 8 5.31669e-08
1422.533054703311 11 7.18625e-08
1426.260790811097 10 3.51372e-08
1431.733054362755 11 2.4332e-07
1431.910790331565 10 8.56469e-07
1436.590689995694 3 5.41714e-08
1438.11441359669 8 9.59324e-08
1442.240689876806 3 1.64343e-07
1443.764414041232 8 2.95839e-08
1447.890690249115 3 1.07526e-08
1449.200131899105 6 5.14059e-07
1454.850132125443 6 5.94478e-08
1461.240689804452 3 2.77595e-07
1462.064413798425 8 6.28524e-08
1466.033054313837 11 5.85027e-07
1466.060790545331 10 1.04515e-07
1473.290689827771 3 9.07105e-08
1474.11441380957 8 1.41826e-08
1477.265979042335 9 2.34404e-07
1483.065978836219 9 1.77821e-07
1488.715978979627 9 2.37121e-07
1494.365979062015 9 5.02352e-08
1503.090689937545 3 9.76494e-08
1503.914413800918 8 3.71487e-08
1508.74068983049 3 1.07306e-07
1509.564413750864 8 8.01699e-08
1515.840689893611 3 6.91716e-08
1524.633054473533 11 1.34261e-07
1524.660790601385 10 5.86926e-08
1536.833054619276 11 6.92646e-08
1536.860790670455 10 5.39331e-08
1544.260790639579 10 4.94012e-08
1545.533054688939 11 3.19528e-08
1551.740689928177 3 6.59069e-08
1556.460790619054 10 1.0946e-07
1556.48305458346 11 3.90584e-08
1568.59069031933 3 2.64614e-08
1570.260790698018 10 6.90073e-08
1570.283054562416 11 4.07409e-08
1580.860790800573 10 3.87532e-08
1580.883054709764 11 7.34292e-08
1586.660790557356 10 4.30738e-08
1586.683054424185 11 1.22705e-07
1598.090690103853 3 4.58399e-08
1603.740689933091 3 4.14672e-08
1610.860790565521 10 5.69628e-08
1611.68305426333 11 2.51307e-07
1616.510790536975 10 9.78189e-08
1617.483054632709 11 4.90925e-08
1625.390690114516 3 6.21964e-08
1633.360790550331 10 3.29743e-08
1633.383054327712 11 1.50446e-07
1640.76079069943 10 2.67775e-08
1641.433054432263 11 2.34727e-07
1646.890689841185 3 3.51041e-08
1648.514413968172 8 2.08339e-08
1655.740689932571 3 7.2287e-08
1659.71079072319 10 1.0167e-08
1660.383054617326 11 9.55963e-08
1665.36079042619 10 1.17761e-07
1666.033054419982 11 1.79298e-07
1671.01079069352 10 6.94932e-08
1671.833054729879 11 2.91059e-08
1680.590690257025 3 2.12968e-08
1684.660790903929 10 3.17644e-08
1691.040690181004 3 2.38967e-08
1710.310790574752 10 1.19865e-07
1710.333054328695 11 2.75941e-07
1716.110790688759 10 1.89121e-08
1716.133054620928 11 6.37555e-08
1725.340689858784 3 7.83407e-08
1727.764413887141 8 3.54875e-08
1729.30013198362 6 3.78109e-07
1732.440689945661 3 4.49467e-08
1733.414413520564 8 2.47787e-07
1738.090690097062 3 9.43113e-09
1740.310790774824 10 2.21605e-08
1740.983054685486 11 2.33022e-08
1754.783054349562 11 2.11277e-07
1754.910790535818 10 9.04012e-08
1760.560790771155 10 4.58999e-08
1760.583054538386 11 4.30454e-08
1763.740689818525 3 1.39897e-07
1765.314413883088 8 4.33056e-08
1769.540690083222 3 6.60846e-08
1774.360790691213 10 7.22079e-08
1777.440689919331 3 5.46042e-08
1778.164413895207 8 3.53541e-08
1784.960790477377 10 2.97567e-07
1785.033054343013 11 2.46884e-07
1793.960790731319 10 3.81906e-08
1795.633054175886 11 1.3536e-06
1799.760790628434 10 6.82971e-08
1802.940690383245 3 2.06548e-08
1804.48305458581 11 1.08636e-07
1805.410790827368 10 1.95645e-08
1818.040689865284 3 7.60741e-08
1826.783054821718 11 3.58746e-09
1830.090689841246 3 1.15411e-07
1833.960790596771 10 6.4753e-08
1834.033054299576 11 2.55339e-07
1858.960790573069 10 1.34685e-07
1859.03305436376 11 9.20607e-08
1864.540689968936 3 3.82396e-08
1870.340690053396 3 8.32218e-08
1877.590689909392 3 1.2372e-07
1878.064413753632 8 5.67854e-08
1883.39068968611 3 1.30212e-06
1883.714413925706 8 3.87328e-08
1886.000131913562 6 1.06203e-07
1889.190690239571 3 3.022e-08
1891.800132512755 6 1.90646e-08
1892.564413715573 8 6.96065e-08
1894.99068956487 3 5.50761e-05
1903.015978891389 9 8.50356e-07
1908.815978905425 9 3.01821e-07
1915.265978951298 9 1.85551e-07
1921.715979006089 9 6.04575e-08
1927.515979284122 9 5.04517e-08
1929.264413625787 8 1.0173e-07
1929.590689886121 3 1.16154e-07
1935.240690074432 3 2.39709e-08
1936.500132381637 6 1.3826e-08
1936.514413886433 8 3.09245e-08
1940.890689806635 3 2.74967e-07
1942.314413915793 8 6.14023e-08
1944.41946467344 4 2.11051e-08
1946.00013207018 6 6.41137e-08
1947.964413593863 8 2.3844e-07
1948.290690065965 3 5.29473e-08
1951.650132166091 6 8.32931e-08
1952.43530454943 7 1.45585e-07
1954.869464667685 4 7.35848e-08
1957.240864677976 5 1.07761e-07
1960.500132004851 6 1.32861e-07
1960.664414288352 8 3.24785e-08
1966.300131929667 6 4.10224e-07
1975.00013214364 6 3.65367e-08
1980.800132107826 6 8.01773e-08
1982.890689712177 3 1.21204e-07
1983.764413835498 8 2.56877e-08
1988.69068991989 3 9.62196e-08
1989.564413536523 8 3.79452e-07
1995.364413551294 8 3.11094e-07
1996.090689677276 3 5.53252e-07
1999.165978946011 9 2.1651e-07
2004.815978996226 9 1.98967e-07
2007.490689997728 3 1.73851e-08
2008.364413491024 8 7.31089e-07
2014.965979087515 9 1.06356e-07
2018.890689771799 3 1.16919e-07
2018.964413803222 8 1.0075e-07
2024.690689950765 3 3.03637e-08
2026.950132056859 6 9.39779e-08
2031.2906898022 3 9.81405e-08
2036.940690039655 3 4.18752e-08
2042.740689843115 3 1.19769e-07
2043.814413604962 8 1.11404e-07
2048.540689664201 3 6.2993e-07
2053.250131946887 6 3.40949e-07
2059.050132294053 6 3.07219e-08
2061.391068151204 3 3.08336e-08
2063.719464338464 4 4.65069e-07
2066.150132305133 6 2.74424e-08
2070.090689711712 3 1.53946e-07
2075.890690268901 3 1.48344e-08
2080.760790985543 10 2.92521e-08
2080.833054889391 11 1.84634e-08
2086.56079080951 10 3.81062e-08
2086.633054630794 11 6.81956e-08
2111.790689930099 3 7.62196e-08
2116.433054498981 11 1.68543e-07
2117.16079057949 10 1.08947e-07
2121.440689917694 3 6.10502e-08
2123.71441356942 8 1.08352e-07
2127.090689918388 3 4.64313e-08
2132.740690242503 3 2.25573e-08
2139.760790663872 10 5.01096e-08
2141.283054261186 11 3.85478e-07
2145.410790744394 10 1.42279e-08
2148.640689761556 3 4.32744e-07
2149.364413590206 8 1.65095e-07
2153.215979090564 9 9.10884e-08
2159.015978853201 9 1.60279e-06
2164.815979135214 9 6.15e-08
2172.065978864642 9 1.8702e-07
2177.715979302298 9 3.82832e-08
2183.365979174446 9 3.90068e-08
2189.015978932258 9 4.01863e-07
2194.36441392146 8 3.31835e-08
2195.965979172022 9 4.68071e-08
2201.615979450948 9 2.48717e-08
2202.2644137819 8 2.82819e-08
2203.090689938343 3 1.0077e-07
2210.200132060365 6 6.26552e-08
2212.06441366714 8 9.90299e-08
2212.090689849234 3 9.57022e-08
2218.25013205154 6 9.85725e-08
2221.369464720138 4 5.22314e-08
2222.085304428616 7 2.20516e-07
2223.690864285165 5 2.0524e-07
2227.019464648413 4 7.32696e-08
2227.750132374821 6 2.83289e-08
2230.135304436745 7 7.93891e-08
2232.540864679228 5 1.3956e-07
2235.869464550309 4 7.27109e-08
2235.935304641245 7 5.14851e-08
2239.49086440198 5 3.69676e-07
2241.12189038093 2 1.27946e-07
2241.669464195144 4 3.34105e-06
2241.735304899678 7 6.43853e-09
2245.140864677726 5 3.76989e-08
2246.700132188765 6 6.15016e-08
2247.535304817457 7 1.82987e-08
2248.269464481646 4 8.02007e-08
2249.821890191352 2 3.93161e-07
2250.791768451184 5 7.58837e-07
2253.185304524591 7 2.63754e-07
2253.919464367639 4 1.83466e-07
2258.835304499043 7 6.39041e-08
2258.840864348586 5 1.60644e-07
2259.569464408339 4 1.22766e-07
2260.27189045867 2 6.56732e-08
2262.750132305009 6 3.28968e-08
2264.635304264808 7 1.3682e-06
2264.64086459248 5 3.35574e-08
2266.019464511098 4 4.3129e-08
2268.321890322339 2 1.63052e-07
2270.435304444949 7 8.30222e-08
2270.440864700481 5 4.5741e-08
2271.669464668938 4 5.26237e-08
2272.25013230766 6 3.8406e-08
2273.971890278168 2 8.11653e-08
2276.235304455955 7 2.24905e-07
2276.240864419421 5 9.43645e-08
2277.319464243675 4 9.26533e-07
2282.035304553932 7 5.463e-08
2282.040864285326 5 3.22645e-07
2282.969464841036 4 1.65974e-08
2287.835304616205 7 7.28008e-08
2288.30013209821 6 1.36622e-07
2293.419464452457 4 1.16885e-07
2293.440864318213 5 4.00293e-07
2293.485304683816 7 3.91064e-08
2294.671890453309 2 2.6514e-08
2299.219464705944 4 5.96432e-08
2299.240864472676 5 1.03357e-07
2299.285304384253 7 1.25644e-07
2301.921890362652 2 7.93858e-08
2304.350132186611 6 3.78581e-08
2305.085304732203 7 1.77496e-08
2305.819464345955 4 2.63798e-07
2307.464413881612 8 2.34027e-08
2310.000131816016 6 8.12078e-07
2315.650131965488 6 2.56677e-07
2318.690690015332 3 6.24763e-08
2321.300132241147 6 5.90261e-08
2334.090689704042 3 5.73607e-07
2334.714414117534 8 9.88767e-09
2338.000131893553 6 9.22532e-07
2344.514413821943 8 6.06088e-08
2344.690690136723 3 3.77521e-08
2346.050132263457 6 1.09502e-08
2346.819464865575 4 3.72292e-08
2348.335304719237 7 3.85586e-08
2353.840864360611 5 2.142e-07
2353.985304513156 7 1.21002e-07
2355.51946429819 4 5.0563e-07
2357.950132062983 6 7.99117e-08
2359.635304361792 7 2.37251e-07
2361.890864323255 5 1.61048e-07
2362.619464633116 4 4.11541e-08
2365.285304383964 7 3.60701e-07
2367.540864772025 5 3.42222e-08
2368.250132198057 6 6.62688e-08
2368.269464742028 4 3.39703e-08
2370.935304232405 7 1.94235e-06
2374.640864377748 5 9.53721e-08
2375.519464403943 4 4.80721e-07
2376.221890467338 2 3.10776e-08
2378.700132273739 6 4.23097e-08
2380.285304501251 7 1.95559e-07
2381.090864611139 5 2.58488e-08
2384.369464668204 4 2.52172e-08
2386.085304503063 7 1.26724e-07
2386.890864414308 5 1.27646e-07
2390.750132210909 6 5.11367e-08
2391.469464697806 4 3.40805e-08
2391.735304400477 7 2.67872e-07
2392.540864692104 5 5.70726e-08
2396.121890250754 2 5.53765e-08
2397.269464403666 4 1.60813e-07
2397.885304573111 7 1.26832e-07
2398.650132435139 6 1.80541e-08
2402.919464724694 4 5.41058e-08
2405.100132178645 6 1.19684e-07
2410.900132098246 6 8.49011e-08
2416.70013193215 6 1.33894e-07
2426.3501318822 6 5.8149e-07
2433.750131915136 6 4.1029e-07
2439.640689660608 3 1.37564e-06
2441.064413791459 8 2.76176e-08
2443.415978999649 9 2.34819e-07
2449.215979384808 9 3.17229e-08
2454.865979105829 9 1.42663e-07
2460.665979197082 9 6.33415e-08
2466.465979082973 9 9.26011e-08
2468.464413848766 8 5.67554e-08
2469.290689947013 3 9.93154e-08
2472.419464692024 4 2.60976e-08
2473.121890640846 2 1.68383e-08
2474.264413671938 8 7.42622e-08
2478.219464795839 4 2.88404e-08
2479.914413852171 8 4.56007e-08
2481.97189031166 2 1.18849e-07
2485.564413970851 8 3.01229e-08
2485.969464412159 4 1.33414e-07
2489.19068986503 3 4.35431e-08
2491.364413856587 8 2.49078e-08
2493.150131956971 6 4.25914e-07
2500.442425369497 3 4.31864e-08
2505.583054476224 11 1.1994e-07
2505.610790493475 10 1.49947e-07
2516.183054389999 11 1.40736e-07
2516.210790561795 10 1.15636e-07
2522.890689898045 3 3.4144e-08
2524.364413745802 8 4.1126e-08
2530.010790770478 10 6.57858e-08
2543.48305426092 11 4.01435e-07
2543.510790367424 10 1.35341e-07
2549.310790518957 10 7.07566e-08
2550.083054178508 11 2.9205e-06
2554.960790910039 10 1.10981e-08
2563.633054381565 11 3.38345e-07
2563.660790441841 10 1.31579e-07
2569.433054265073 11 2.08809e-07
2569.460790290754 10 1.0354e-06
2588.39069027979 3 2.02884e-08
2604.060790484079 10 7.43431e-08
2604.683054346302 11 3.13092e-07
2613.533054423961 11 1.17711e-07
2614.210790511967 10 2.00015e-07
2618.040689824758 3 1.52525e-07
2621.200132133675 6 7.67984e-08
2627.04068976936 3 5.04597e-07
2627.614413803702 8 9.1748e-08
2632.421890665124 2 2.36818e-08
2634.864413712785 8 1.81814e-07
2636.040689948397 3 1.51606e-08
2640.419464584461 4 6.53502e-08
2640.471890227968 2 3.21386e-07
2644.514413670174 8 5.55006e-08
2646.640689886092 3 1.08606e-07
2652.783054435893 11 1.09989e-07
2652.810790507628 10 1.33923e-07
2673.01079047968 10 3.09221e-07
2673.783054451094 11 1.23654e-07
2687.460790669313 10 4.89211e-08
2688.083054507154 11 6.01922e-08
2692.29068978984 3 1.22443e-07
2694.314413936603 8 6.73453e-08
2698.090690019271 3 1.45581e-08
2715.890689938939 3 5.6881e-08
2717.564413716552 8 5.84164e-08
2721.100132166718 6 4.49211e-08
2723.019464789659 4 4.79293e-08
2723.535304562943 7 4.66645e-08
2725.790864433744 5 3.08639e-07
2726.62189055671 2 3.6479e-08
2728.350132321449 6 3.45088e-08
2728.819464476511 4 1.73985e-07
2729.985304765062 7 4.19266e-08
2731.44086456021 5 9.98404e-08
2734.000132069352 6 8.89368e-08
2735.635304435973 7 1.33604e-07
2737.890864314491 5 2.96782e-07
2738.619464616491 4 2.48532e-08
2739.650132297376 6 1.21708e-08
2741.435304509041 7 1.65238e-07
2743.540864695881 5 1.16469e-07
2744.269464490841 4 1.50572e-07
2746.221890177089 2 1.02154e-07
2748.65013221218 6 3.78495e-08
2749.485304528377 7 1.62424e-07
2755.135304548529 7 1.0022e-07
2755.750132193635 6 8.16207e-08
2757.269464530551 4 1.24056e-07
2757.340864445652 5 1.15441e-07
2760.785304386857 7 2.45202e-07
2763.069464679375 4 1.00731e-08
2763.140864593666 5 1.12775e-07
2767.085304562699 7 7.04703e-08
2768.790864535697 5 9.21479e-08
2771.769464444167 4 7.98408e-08
2772.735304901809 7 5.65162e-08
2775.650132194243 6 3.73414e-08
2777.340864435633 5 5.24832e-08
2777.419464704325 4 3.84224e-08
2778.535304488555 7 5.95513e-08
2783.140864390296 5 4.46832e-07
2783.869464512722 4 9.57481e-08
2784.335304673846 7 4.0459e-08
2784.3718904574 2 9.39359e-08
2789.669464533462 4 7.36207e-08
2789.740864448063 5 1.99049e-07
2790.135304657966 7 8.06038e-08
2794.821890509196 2 8.01849e-08
2795.469464579166 4 3.76563e-08
2795.540864588245 5 9.73486e-08
2795.785304428884 7 2.07154e-07
2801.435304478172 7 1.05109e-07
2802.069464617361 4 3.6175e-08
2802.140864203591 5 1.83432e-06
2806.721890570399 2 1.02361e-07
2807.085304734571 7 2.07001e-08
2807.869464595784 4 1.32996e-07
2810.040864402184 5 5.95217e-07
2812.735304279231 7 1.06517e-06
2818.090864423455 5 1.66358e-07
2818.385304548312 7 1.57086e-07
2818.81946451828 4 1.53099e-07
2820.350132151497 6 4.71334e-08
2824.035304925682 7 3.55067e-08
2824.469464536269 4 4.71576e-08
2825.971890528603 2 4.60262e-08
2825.991215344873 5 5.31083e-07
2829.835304592256 7 9.14e-08
2830.769464418117 4 2.66891e-07
2831.771890396893 2 1.10651e-07
2831.79086465221 5 5.9588e-08
2835.635304886063 7 2.84644e-08
2836.419464244574 4 4.85058e-07
2837.571890642384 2 4.67105e-08
2837.590909656651 5 2.53491e-08
2839.450132073332 6 5.77172e-08
2841.28530442499 7 4.97847e-08
2842.71946456523 4 9.32438e-08
2843.390864818001 5 2.6243e-08
2845.250132080656 6 1.33863e-07
2848.29068991258 3 4.16081e-08
2848.364413779755 8 1.10544e-07
2850.90013228606 6 8.12623e-08
2856.550131795619 6 1.2041e-06
2862.200132152255 6 4.90245e-08
2869.290690028574 3 1.87545e-08
2871.700131967667 6 3.94033e-07
2874.940690019327 3 9.11659e-08
2876.414413706979 8 7.63131e-08
2883.510790559277 10 8.06561e-08
2884.133054423805 11 2.29626e-07
2895.641149014254 3 9.6424e-08
2898.064413730132 8 6.96419e-08
2901.200131908599 6 5.68017e-08
2918.050132155221 6 6.39827e-08
2920.490689899075 3 7.9617e-08
2921.964413588124 8 1.52897e-07
2926.140689597645 3 6.19843e-06
2930.81441350969 8 6.90621e-07
2934.769464782568 4 2.26252e-08
2934.772268592331 2 1.61494e-08
2936.46441389503 8 4.53024e-08
2941.240689947752 3 4.33385e-08
2942.264413811663 8 4.12071e-08
2945.215978901396 9 3.28644e-07
2949.514413709012 8 5.04292e-08
2950.240689846431 3 7.61811e-08
2955.814413605044 8 1.42077e-07
2955.890689921145 3 5.30386e-08
2967.533054531398 11 4.10237e-08
2967.560790564333 10 1.84998e-07
2973.360790850216 10 2.44259e-08
2975.933054296191 11 9.29607e-08
2979.160790591021 10 7.73808e-08
2984.090689777895 3 1.99516e-07
2984.814413955713 8 3.91764e-08
2986.96597894973 9 4.74674e-07
2993.565979092986 9 2.25538e-07
2999.365978882249 9 8.49819e-07
3005.165978869914 9 6.69434e-07
3010.965979171581 9 1.41369e-07
3018.215979192703 9 6.64771e-09
3023.865979265854 9 4.2767e-08
3030.465979362731 9 5.97646e-08
3037.865979018455 9 3.01697e-07
3043.665979103941 9 6.77013e-08
3048.290689876707 3 5.31538e-08
3049.014413556267 8 1.73202e-07
3054.090690363962 3 1.46374e-08
3054.814413916034 8 4.26217e-08
3056.421890488816 2 5.94622e-08
3059.890689719505 3 3.84966e-07
3060.61441382623 8 5.39603e-08
3063.550132136705 6 7.81203e-08
3068.014413695438 8 9.09784e-08
3068.740690144462 3 6.49918e-08
3070.819464554841 4 9.02291e-08
3071.585304391153 7 3.80877e-07
3073.190864503909 5 9.52543e-08
3074.871890556526 2 9.34632e-08
3077.235304563599 7 1.45451e-07
3077.7001320541 6 2.15103e-07
3080.940864439521 5 3.54125e-07
3081.619464389458 4 3.39454e-07
3082.271890358778 2 8.76994e-08
3083.535304382999 7 2.02174e-07
3086.590864601738 5 3.19031e-08
3087.419464733602 4 4.78095e-08
3088.150132086269 6 5.50438e-08
3089.185304632669 7 9.07701e-08
3093.869464393772 4 1.85667e-07
3094.641215650808 5 1.58254e-08
3095.485304422866 7 2.97482e-07
3098.471890602169 2 3.27423e-09
3101.135304358323 7 3.48808e-07
3102.569464582199 4 6.26388e-08
3102.690864589076 5 5.021e-08
3106.45013237153 6 3.64846e-08
3107.435304586512 7 5.81788e-08
3108.340864232388 5 6.05329e-07
3108.369464528493 4 5.66464e-08
3108.921890359357 2 1.45761e-07
3113.085304404384 7 2.83679e-07
3114.500132075264 6 4.4798e-08
3115.769464573363 4 7.0125e-08
3117.771890466162 2 5.73765e-08
3117.841080555011 5 5.13036e-07
3118.73530457332 7 1.29375e-07
3120.15013216206 6 2.59147e-08
3121.569464507233 4 1.09585e-08
3123.571890502369 2 1.8882e-08
3123.640864749354 5 7.22857e-08
3125.664413983937 8 3.10421e-08
3126.600132350584 6 4.00857e-08
3128.94068996608 3 4.43327e-08
3132.250131857132 6 2.76839e-07
3151.500131969727 6 1.82617e-07
3157.30013193289 6 2.92585e-07
3160.264413650464 8 7.0953e-08
3160.340689898365 3 6.94982e-08
3171.983054709338 11 8.62092e-08
3172.010790910789 10 2.69344e-08
3177.78305458711 11 4.32843e-08
3177.810790654358 10 9.45907e-08
3187.583054450087 11 7.86254e-08
3187.610790561835 10 1.66013e-07
3191.740689999259 3 6.49346e-08
3195.100131809714 6 3.38485e-07
3200.750131913159 6 1.56468e-07
3203.940689913196 3 6.69835e-08
3210.210790823944 10 3.22336e-08
3211.990690094633 3 4.72496e-08
3215.66441397476 8 1.19146e-08
3216.669464463684 4 1.06879e-07
3218.171890236626 2 2.41571e-07
3218.240864468031 5 9.68633e-08
3219.935304301333 7 7.392e-07
3222.469464581715 4 5.62759e-08
3224.801229923082 6 1.68648e-07
3230.600132145298 6 5.67241e-08
3233.014414154051 8 3.71819e-08
3240.040689951438 3 9.4183e-08
3252.09068988909 3 6.89289e-08
3252.914413928624 8 3.18956e-08
3256.900131958107 6 1.73736e-07
3261.74068979386 3 2.6055e-07
3265.750132250674 6 8.36194e-08
3271.400131728544 6 6.52483e-06
3275.390689869505 3 4.90416e-08
3278.650132043887 6 1.49753e-07
3284.240690011047 3 1.20823e-07
3285.750132079032 6 9.20107e-08
3291.400131978114 6 1.6616e-07
3295.340689974916 3 7.57296e-08
3296.964413981382 8 2.04388e-08
3301.140689653239 3 5.38605e-07
3302.614413702691 8 6.15252e-08
3306.790690043541 3 2.57268e-08
3310.500132153884 6 5.55035e-08
3312.440690034922 3 8.21879e-08
3316.114413807318 8 5.47504e-08
3318.519464779861 4 5.50702e-08
3320.190689803521 3 3.38023e-07
3325.610790613716 10 7.57763e-08
3326.433054319447 11 3.15146e-07
3331.410790543121 10 1.19402e-07
3332.233054609464 11 5.47671e-08
3337.840689738149 3 1.98118e-07
3338.564413822623 8 4.35743e-08
3342.550132128406 6 7.01218e-08
3353.800131955164 6 2.77481e-07
3359.45013233643 6 8.20615e-09
3369.740690190128 3 1.53116e-08
3371.350131965087 6 1.74962e-07
3377.000132122748 6 5.79047e-08
3382.65013206319 6 5.23926e-08
3388.300132479631 6 2.15797e-08
3388.990689790232 3 2.14925e-07
3389.014413835806 8 2.66867e-08
3395.310790743267 10 1.05224e-07
3395.3330545339 11 9.38432e-08
3401.910790595443 10 4.40654e-08
3402.733054743162 11 5.13429e-08
3409.99068991981 3 1.12307e-07
3414.760790665252 10 9.01307e-08
3416.383054545549 11 7.10079e-08
3421.210790400145 10 5.36374e-07
3422.033054364998 11 6.48263e-08
3429.260790620005 10 2.46442e-08
3430.08305433439 11 2.54284e-07
3434.910790438238 10 3.36763e-07
3435.733054669964 11 5.78048e-08
3443.610790699179 10 3.36073e-08
3443.633054610263 11 3.83615e-08
3450.210790645802 10 1.12596e-07
3450.883054562405 11 9.25051e-08
3459.860790446591 10 1.9749e-07
3459.883054221809 11 7.79001e-07
3468.060790478282 10 1.10873e-07
3468.083054450355 11 1.49273e-07
3473.860790584858 10 4.46679e-08
3473.883054301917 11 5.27902e-07
3479.660790554143 10 7.08632e-08
3479.683054478167 11 1.21827e-07
3485.460790539239 10 9.87778e-08
3485.483054328179 11 1.1888e-07
3500.060790506626 10 2.78719e-07
3500.083054484046 11 8.26014e-08
3505.860790335979 10 6.86507e-07
3505.88305431343 11 2.50985e-07
3512.440690010616 3 6.14498e-08
3515.66079048656 10 2.37264e-07
3515.683054354732 11 3.6421e-07
3519.840689764412 3 6.47051e-08
3521.064414016777 8 2.03056e-08
3525.640689924711 3 1.27284e-07
3526.71441396524 8 3.20706e-08
3527.865979151014 9 7.49471e-08
3533.665979422068 9 2.82191e-08
3539.465978978671 9 4.67992e-08
3545.115979100192 9 1.47726e-07
3550.765979119765 9 5.08108e-08
3556.565979270538 9 4.24888e-08
3565.014414126018 8 2.66744e-08
3568.165979358316 9 5.56059e-08
3569.840689815058 3 6.26977e-08
3570.664413691217 8 8.11572e-08
3576.169464579474 4 6.88957e-08
3576.314413768601 8 8.44904e-08
3580.771890621233 2 6.14535e-08
3581.964413592887 8 1.22441e-07
3581.969464822777 4 2.32024e-08
3586.571890277019 2 1.26349e-07
3587.614413817973 8 6.14947e-08
3587.769464673368 4 1.06106e-07
3590.540690075488 3 2.22732e-08
3593.821890202728 2 1.19655e-07
3595.169464692731 4 1.64198e-08
3596.614413646704 8 2.74922e-07
3598.59068999147 3 2.87652e-08
3600.969464493931 4 9.62359e-08
3601.871890150454 2 2.57201e-07
3606.619464457427 4 4.28512e-08
3607.521890540708 2 3.50864e-08
3608.014413785573 8 1.00247e-07
3613.814413876223 8 7.68012e-08
3613.869464555775 4 8.90141e-08
3615.421890397304 2 7.69926e-08
3619.614413631937 8 5.35869e-08
3621.26946456404 4 1.61888e-07
3622.021890363207 2 8.49468e-08
3625.414413417083 8 3.10526e-06
3625.69069006978 3 5.43286e-08
3631.214413848981 8 4.10972e-08
3631.419464644803 4 6.6999e-08
3635.490690059195 3 5.3835e-08
3637.815978947355 9 3.08911e-07
3643.6159790406 9 3.1727e-07
3649.415979013623 9 1.44628e-07
3655.065979087329 9 4.03209e-08
3660.865978920923 9 2.61555e-07
3668.265978905627 9 2.51012e-07
3672.214413533066 8 3.92865e-07
3672.34069000155 3 2.66562e-08
3674.819464922808 4 9.59786e-09
3678.014414156167 8 4.32803e-08
3678.140689994171 3 9.32318e-08
3680.660790843727 10 1.56903e-08
3680.683054654841 11 1.60068e-07
3686.460790864865 10 2.8252e-08
3686.483054680851 11 6.52474e-08
3692.260790946364 10 1.97951e-08
3711.640689861811 3 5.89359e-08
3712.464413795654 8 4.4187e-08
3714.765979082682 9 7.08265e-08
3720.415979280999 9 2.1635e-08
3724.364413850039 8 6.54467e-08
3729.915978821202 9 2.47576e-06
3736.365979161371 9 1.67528e-08
3742.01597911434 9 1.06713e-08
3752.315979184428 9 6.42702e-08
3762.765979132667 9 6.82809e-08
3768.415979040918 9 1.4556e-07
3774.06597905677 9 1.44959e-07
3779.715979058869 9 9.58094e-08
3785.365978797429 9 1.74642e-06
3791.015979220103 9 5.76836e-08
3796.665979194686 9 5.36451e-08
3804.415979319382 9 3.23527e-08
3808.414413868371 8 2.41735e-08
3809.940689876035 3 9.26886e-08
3816.315979137606 9 2.83165e-08
3823.565979178754 9 6.6585e-08
3830.015979261517 9 6.41618e-08
3835.665979451585 9 1.5925e-08
3841.315978909588 9 2.49798e-07
3845.914413840942 8 2.65912e-08
3845.990689736789 3 3.12964e-07
3852.319464576116 4 1.22229e-07
3852.321890432647 2 4.61726e-08
3857.314413444714 8 1.10767e-06
3858.990689688961 3 6.31915e-07
3865.933054424091 11 2.24749e-07
3866.560790495391 10 1.23128e-07
3871.733054990411 11 1.82434e-08
3905.590690040537 3 6.72915e-08
3909.510790700561 10 8.53088e-09
3909.533054563421 11 7.23473e-08
3915.310791025422 10 3.38075e-08
3915.333054820007 11 8.04955e-08
3921.91079068392 10 3.38185e-08
3921.933054623888 11 4.50408e-08
3927.390690056924 3 8.7798e-08
3932.564413958356 8 5.92215e-08
3933.190690056511 3 5.95095e-08
3936.850132023186 6 1.13742e-07
3944.100132164594 6 9.24297e-08
3946.190689978061 3 2.75106e-08
3947.964413578071 8 1.87926e-07
3951.615979201489 9 3.56207e-08
3959.815978966138 9 5.03089e-08
3965.615979098019 9 9.85646e-08
3971.415979061024 9 1.13827e-07
3973.764413673833 8 8.07332e-08
3974.090690055657 3 2.41974e-08
3979.564413566637 8 2.08221e-07
3979.74069026399 3 1.81541e-08
3980.519464769764 4 2.20275e-08
3985.214413889403 8 3.22851e-08
3985.390689938843 3 9.43438e-08
3988.269464569092 4 8.94769e-08
3989.750132073484 6 6.71308e-08
3990.535304727082 7 1.98137e-08
3994.069464337645 4 1.70367e-07
3994.471890313472 2 9.91515e-08
3994.490864626173 5 7.66809e-08
3997.950132338502 6 2.54527e-08
3998.890690214035 3 2.9689e-08
4000.669464836812 4 3.10441e-08
4003.750132256649 6 6.15611e-08
4009.400132068911 6 1.16184e-07
4014.94068988877 3 1.23676e-08
4015.714413717814 8 7.82939e-08
4019.050132242037 6 5.25243e-08
4024.700131732303 6 2.62594e-06
4030.96441357473 8 1.55318e-07
4030.990689780667 3 1.01592e-07
4036.764413936823 8 1.90345e-08
4036.790689895508 3 1.76249e-07
4042.564413989395 8 4.4304e-08
4043.650132154396 6 1.53389e-08
4049.300132392078 6 4.04505e-08
4050.140689909429 3 1.41389e-07
4054.933054769173 11 4.61707e-08
4060.360790406251 10 7.65731e-07
4060.583054438856 11 6.63851e-08
4066.810790555219 10 9.33293e-08
4066.883054476489 11 1.28702e-07
4072.610790763536 10 6.38857e-08
4072.683054520341 11 1.10724e-07
4087.64069002005 3 2.27707e-08
4089.964413591053 8 9.9625e-08
4095.471890356947 2 2.54333e-07
4095.619464440944 4 1.35157e-07
4098.164413668337 8 1.39916e-07
4103.690689778165 3 1.41964e-07
4103.964413717519 8 1.40959e-07
4107.600131872364 6 2.29339e-07
4112.469464473179 4 1.82027e-07
4113.185304563891 7 1.41749e-07
4113.740864363275 5 3.84832e-07
4117.250132327044 6 1.00126e-08
4118.269464443887 4 1.48758e-07
4119.540864439002 5 1.6612e-07
4120.021890508206 2 2.46343e-08
4120.435304561246 7 3.82183e-08
4122.900132367779 6 2.12117e-08
4124.069464412194 4 2.10155e-07
4125.821890465701 2 5.68706e-08
4125.840864299297 5 5.22611e-07
4126.085304622294 7 6.14722e-08
4131.640864387866 5 4.23648e-07
4131.885304674487 7 3.07282e-08
4132.119464420354 4 1.73053e-07
4132.271890446053 2 2.73345e-08
4137.290864604445 5 7.84775e-08
4137.685304476984 7 8.10454e-08
4137.76946474778 4 2.75952e-08
4138.5001322354 6 6.34538e-08
4149.90013174605 6 9.12296e-06
4152.89068991499 3 6.62682e-09
4160.810790842166 10 2.48331e-08
4166.69069008091 3 8.29509e-08
4171.983054394319 11 2.38674e-07
4172.060790617109 10 3.55782e-08
4177.783054758095 11 9.06148e-08
4179.96079051658 10 2.3885e-07
4185.983054371917 11 1.94579e-07
4186.260790592013 10 4.1049e-08
4198.160790428559 10 2.83228e-08
4198.983054405059 11 2.80006e-07
4208.34068985141 3 1.44469e-07
4209.464413659077 8 7.51161e-08
4214.015979052887 9 1.87845e-07
4219.815978968785 9 4.59298e-07
4222.314413830415 8 4.24385e-08
4222.79068975435 3 3.47261e-07
4228.114413677284 8 1.90157e-07
4229.390690041857 3 6.6346e-08
4233.515978722883 9 5.80294e-05
4239.165979062375 9 1.45547e-07
4244.965979348857 9 1.4984e-08
4250.765978924965 9 3.10289e-07
4257.365978997458 9 1.37311e-07
4263.015979321808 9 6.27053e-08
4270.265979038772 9 1.78694e-07
4280.565979342283 9 4.07099e-08
4288.615979128307 9 7.76982e-08
4297.965979208651 9 4.7882e-08
4303.615979201799 9 3.3877e-08
4309.415979326299 9 5.62938e-08
4311.514413753334 8 6.22245e-08
4312.340690054405 3 2.76052e-08
4315.065979062491 9 1.34171e-07
4321.365979201441 9 2.48891e-08
4327.165978926842 9 3.70172e-07
4332.965979181255 9 7.75616e-08
4341.96597900721 9 2.02575e-07
4347.765978985977 9 1.34756e-07
4351.590689762136 3 3.26303e-07
4352.364413889354 8 6.01315e-08
4356.333054620927 11 3.95374e-08
4356.360790657449 10 2.94252e-08
4366.990689883192 3 4.06959e-08
4371.76441362461 8 1.35947e-07
4372.790689664248 3 1.4825e-06
4377.950131894498 6 3.19427e-07
4383.750132163953 6 5.3771e-08
4389.640689817848 3 1.37424e-07
4406.133054141578 11 3.59045e-06
4406.160790413812 10 3.8631e-07
4414.360790643154 10 1.00712e-07
4415.133054346161 11 5.1266e-07
4421.583054573301 11 5.90033e-08
4422.410790861655 10 2.22543e-08
4440.833054499182 11 7.54584e-08
4440.860790663522 10 8.57733e-08
4446.66079069847 10 6.95392e-08
4449.533054370715 11 1.00731e-07
4453.610790501842 10 1.70964e-07
4455.183054725001 11 3.56196e-08
4465.565979333922 9 2.98836e-08
4473.615979338297 9 3.79288e-08
4475.940689762677 3 2.11587e-07
4476.764413831839 8 1.77985e-08
4482.390690343898 3 1.94022e-08
4484.06079064517 10 1.53181e-07
4484.833054843403 11 4.58015e-08
4493.71079061534 10 7.9105e-08
4494.333054420316 11 1.26947e-07
4500.010790730412 10 7.11236e-08
4500.783054479141 11 1.23422e-07
4505.660790844444 10 1.65998e-08
4507.88305433712 11 3.14189e-07
4512.110790827082 10 1.65727e-08
4513.683054406311 11 1.97689e-07
4519.333054520191 11 9.11398e-08
4520.010790630472 10 4.36664e-08
4524.983054685547 11 4.14832e-08
4528.110790589691 10 5.96226e-08
4532.840690188763 3 6.64978e-09
4538.490689874502 3 8.35781e-08
4540.014413585912 8 8.80654e-08
4543.119464413503 4 1.70975e-07
4543.871890034869 2 3.10315e-06
4547.264413773462 8 7.77745e-08
4548.769464557752 4 6.98544e-08
4550.471890530503 2 1.96982e-08
4552.91441382192 8 3.48556e-08
4554.419464589253 4 4.11201e-08
4558.371890430685 2 5.36122e-08
4559.214413744609 8 1.34523e-07
4560.869464857635 4 2.92354e-08
4564.021890223687 2 1.86502e-07
4565.66441364553 8 2.20434e-07
4567.190689869464 3 1.30786e-07
4571.314414045828 8 2.94012e-08
4575.240689941817 3 1.08315e-07
4576.964413727312 8 8.21414e-08
4578.369464675537 4 7.2384e-08
4580.890689814261 3 2.06907e-07
4582.61441357778 8 8.96114e-08
4586.350132184281 6 4.00346e-08
4588.140689810872 3 1.88164e-07
4593.750132053095 6 1.0482e-07
4597.940689950829 3 7.0631e-08
4600.264414027821 8 1.78136e-08
4600.350132188178 6 3.88573e-08
4614.150132002696 6 1.43011e-07
4620.24069001765 3 6.81308e-08
4625.890689963097 3 1.0218e-07
4627.514413753833 8 5.61036e-08
4633.671890541042 2 7.17023e-08
4633.96441383988 8 4.68536e-08
4634.569464698672 4 3.44311e-08
4635.540690076943 3 6.02527e-08
4639.764413696204 8 6.12452e-08
4640.369464735746 4 1.7799e-08
4642.671890522129 2 5.73293e-08
4647.61946471661 4 5.50792e-08
4647.964413605441 8 1.50526e-07
4653.764413725857 8 1.22135e-07
4653.990690065748 3 4.25122e-08
4659.790689928052 3 6.21476e-08
4679.210790512161 10 1.40544e-07
4679.783054337645 11 4.18824e-07
4689.940689657576 3 2.11272e-07
4690.764413703788 8 1.02526e-07
4695.590689812297 3 8.80293e-08
4698.765979311419 9 2.30742e-08
4700.414413668214 8 1.27154e-07
4701.240690022754 3 7.17576e-08
4706.064413708037 8 5.69061e-08
4706.890689940793 3 3.41261e-08
4712.300131983405 6 1.15246e-07
4717.950132237139 6 4.47036e-08
4721.119464595531 4 7.30747e-08
4722.735304386694 7 3.08436e-07
4723.440864479279 5 5.5071e-08
4726.721890603618 2 2.98055e-08
4726.769464453382 4 8.88146e-08
4728.38530451553 7 2.06788e-07
4728.400132290718 6 4.13042e-08
4730.040864252969 5 7.10249e-07
4732.521890596855 2 4.60072e-08
4732.569464371556 4 2.85118e-07
4734.185304525747 7 1.57171e-07
4735.69143163776 5 1.24589e-07
4739.985304639388 7 3.41931e-08
4740.721890363373 2 5.98362e-08
4740.769464341262 4 3.29173e-07
4741.340864597039 5 1.10924e-07
4746.521890357986 2 8.07629e-08
4746.569464300892 4 4.68148e-07
4750.135304566784 7 7.03675e-08
4750.190864483254 5 1.14672e-07
4752.45054625923 6 6.37616e-08
4755.569464522088 4 3.14397e-08
4757.964413673855 8 1.27254e-07
4758.790689786523 3 2.60281e-07
4763.764414029901 8 2.53842e-08
4769.564413745732 8 5.12461e-08
4772.569464732717 4 1.11193e-08
4774.990690357331 3 2.92395e-08
4775.364413812514 8 5.22859e-08
4776.021890466253 2 7.15914e-08
4778.369869766146 4 1.37921e-08
4781.014413761715 8 9.56372e-08
4783.27189052971 2 4.12591e-08
4785.619464481252 4 1.32333e-07
4787.464413698503 8 1.58044e-07
4789.590689939133 3 3.23203e-08
4795.390689749518 3 1.66421e-07
4796.164413485028 8 2.35222e-07
4801.84068979226 3 1.41392e-07
4807.850132088481 6 7.91622e-08
4812.140690005811 3 5.21363e-08
4816.064413442194 8 1.32841e-06
4817.79068988039 3 8.2843e-08
4822.583054602179 11 1.09569e-07
4822.610790699934 10 5.68805e-08
4830.783054772841 11 7.87422e-08
4830.810790956704 10 5.06514e-09
4840.583054660076 11 1.314e-07
4840.610790882665 10 3.51805e-08
4847.983054471695 11 5.14182e-08
4848.660790832103 10 2.99304e-08
4857.040690303693 3 1.75461e-08
4861.660790615393 10 3.50105e-08
4862.433054572991 11 9.06644e-08
4870.690690294541 3 1.78378e-08
4876.264413710058 8 8.39592e-08
4876.340689756001 3 1.81099e-07
4881.060790606981 10 1.11815e-07
4881.833054278173 11 7.76128e-07
4894.940689860746 3 8.40475e-08
4901.114414022012 8 3.68192e-08
4901.540689920899 3 7.989e-09
4907.340690034395 3 2.3704e-08
4911.71441371148 8 5.96614e-08
4913.140690262136 3 4.15302e-09
4913.650132074865 6 1.47831e-07
4920.540689894162 3 2.051e-07
4927.114413760381 8 4.68196e-08
4927.140689870052 3 7.24731e-08
4935.150132037288 6 1.92373e-07
4937.740689962423 3 3.3162e-08
4938.514414008698 8 2.93856e-08
4940.950132214361 6 3.17576e-08
4944.069464567279 4 6.03629e-08
4947.55013209741 6 3.22673e-08
4961.350131866359 6 2.72615e-07
4967.150132391251 6 4.06042e-08
4973.11441401033 8 5.89242e-08
4973.940690117525 3 4.19681e-08
4994.710790748698 10 3.26665e-08
4995.333054788205 11 5.09313e-08
5003.740690357958 3 5.24371e-09
5010.110790462675 10 1.90968e-07
5010.133054217912 11 1.10614e-06
5015.910790568196 10 1.57922e-07
5015.933054304165 11 4.71343e-07
5031.140690226424 3 2.47294e-08
5036.110790700475 10 4.40271e-08
5036.133054606907 11 3.78924e-08
5038.540690185825 3 1.21242e-08
5041.933054389217 11 2.19318e-07
5042.710790595853 10 4.65836e-08
5056.860790994543 10 1.55316e-08
5059.24072494977 3 9.11695e-08
5060.864413606912 8 1.07021e-07
5064.890689876637 3 6.70911e-08
5068.000132126436 6 5.99e-08
5073.650132128368 6 7.80881e-08
5075.990689733222 3 2.26915e-07
5076.764413594199 8 2.42999e-07
5082.414413644871 8 2.32888e-07
5083.96947631571 4 5.98459e-08
5084.77189055252 2 7.01747e-08
5087.240689977666 3 6.42837e-08
5088.064413899439 8 3.32201e-08
5092.890689988454 3 4.84288e-08
5096.114413827127 8 5.07709e-08
5105.533054587968 11 5.11505e-08
5106.360790760251 10 3.37044e-08
5111.183054621093 11 3.74602e-08
5112.010790970833 10 1.41634e-08
5124.833054376244 11 2.56844e-07
5124.860790559006 10 4.66596e-08
5130.633054227475 11 6.11087e-07
5130.660790292862 10 6.39749e-06
5138.033054640721 11 4.45737e-08
5138.710790568197 10 1.03607e-07
5147.233054271994 11 7.94624e-07
5147.260790295627 10 6.07924e-07
5153.033054437116 11 2.14191e-07
5153.060790466428 10 1.70164e-07
5162.060790526734 10 1.82973e-07
5162.683054438728 11 2.21003e-07
5172.790690340343 3 9.08112e-09
5174.883054412994 11 1.39774e-07
5174.910790604029 10 7.92287e-08
5180.840689903523 3 1.24395e-07
5182.414413802997 8 9.82569e-09
5185.550131932234 6 1.44419e-07
5194.550132213245 6 5.46271e-08
5196.890690034189 3 8.91927e-08
5200.200132054471 6 1.71293e-07
5208.100132023062 6 1.0097e-07
5213.750131962705 6 1.58493e-07
5219.400132017513 6 5.6582e-08
5225.050132096698 6 1.00867e-07
5230.700131753668 6 2.23024e-06
5242.900132173907 6 5.51237e-08
5244.140690025426 3 7.77089e-08
5244.864413950387 8 9.72239e-09
5252.040689686274 3 5.35795e-07
5252.114413797552 8 8.03196e-08
5262.640689900939 3 6.25749e-08
5264.314413672197 8 1.98719e-07
5268.683054707192 11 5.31366e-08
5275.190689708358 3 1.1265e-06
5276.064413623379 8 1.75233e-07
5281.640690041503 3 1.9986e-08
5289.510790827958 10 1.45633e-08
5297.690690079376 3 3.76546e-08
5304.760790578764 10 6.8531e-08
5304.78305450749 11 1.39135e-07
5310.560790807545 10 5.10513e-08
5321.740690190452 3 2.62853e-08
5324.210790599095 10 7.26283e-08
5324.2330544837 11 1.30038e-07
5330.810790914328 10 1.57412e-08
5330.833054770774 11 4.343e-08
5338.233054506061 11 6.34072e-08
5339.660790904755 10 2.22524e-08
5365.010790536072 10 1.36656e-07
5365.033054302482 11 1.47305e-07
5372.410790592248 10 7.89021e-08
5372.433054569702 11 3.81523e-08
5378.210790772497 10 6.84505e-09
5378.233054585599 11 1.20161e-07
5380.990690217958 3 1.94007e-08
5384.010790534139 10 1.819e-07
5384.033054266051 11 3.48636e-07
5390.490689860925 3 1.09511e-07
5390.514413996932 8 4.50275e-08
5400.290690040485 3 7.75098e-08
5412.340690127159 3 3.01857e-08
5423.740689860114 3 8.8727e-08
5424.014413740018 8 1.45072e-07
5429.540689914895 3 5.58936e-08
5432.064413701215 8 2.5656e-08
5434.300132221487 6 5.33038e-08
5436.140690152994 3 6.4804e-09
5441.700132146121 6 3.9042e-08
5444.01946440808 4 2.367e-07
5444.821890447385 2 3.11292e-08
5446.240864406749 5 1.9278e-07
5446.335304415792 7 5.19553e-07
5449.819464558809 4 4.34752e-08
5451.421890216399 2 5.85262e-08
5452.040891611008 5 8.0523e-08
5454.66441404972 8 3.49393e-08
5455.619464556854 4 6.20004e-08
5456.335304555588 7 1.24946e-08
5460.240864345496 5 2.22739e-07
5460.271890409115 2 2.34523e-08
5461.269464704425 4 7.71225e-09
5461.9853041652 7 4.12542e-05
5466.041125922671 5 2.56448e-08
5467.63530463644 7 3.49545e-08
5468.369464542846 4 8.5207e-08
5469.90013218832 6 3.51256e-08
5472.340864441308 5 4.83236e-08
5473.285304593687 7 5.58233e-08
5473.921890631505 2 5.80261e-08
5474.019464414928 4 1.84785e-07
5477.950132070424 6 2.98666e-08
5480.31441386137 8 3.14231e-08
5481.419464355368 4 4.29462e-07
5481.971890536141 2 5.40738e-08
5481.990864531352 5 2.41162e-07
5482.785304856354 7 1.08659e-08
5485.940690259411 3 7.944e-09
5486.650132085028 6 1.05238e-07
5491.069464609865 4 2.81992e-08
5492.585304444656 7 1.71621e-07
5493.390864617918 5 2.73805e-08
5496.869464472716 4 9.35348e-08
5498.671890480587 2 3.16842e-08
5499.040864709935 5 4.08089e-08
5501.100131998137 6 1.94507e-07
5501.785304781226 7 4.69026e-08
5505.069464511867 4 8.75862e-09
5505.990864211616 5 2.35143e-06
5506.721890769068 2 1.57579e-08
5507.585304283416 7 9.04883e-07
5510.719464672935 4 2.2011e-08
5513.000132408188 6 5.37738e-08
5513.235304463595 7 9.91639e-08
5514.690864631894 5 8.59752e-08
5514.771890770218 2 3.0269e-08
5518.885304208882 7 4.61324e-06
5522.890864719783 5 3.64243e-08
5524.535304495449 7 1.33232e-07
5525.819464345391 4 4.04843e-07
5526.671890652486 2 4.49089e-08
5529.051230475376 6 2.61776e-08
5529.840864325972 5 2.88057e-07
5530.185304575436 7 5.11833e-08
5534.700132447837 6 2.65779e-08
5535.835304329992 7 1.81376e-07
5536.290864508666 5 9.39691e-08
5540.350132196048 6 2.49188e-08
5541.485304358012 7 5.54095e-07
5544.2694645634 4 6.19507e-08
5546.614413655723 8 7.95078e-08
5546.640689907108 3 8.15113e-08
5550.869464856445 4 7.31609e-09
5552.414413591966 8 1.43132e-07
5553.240689779567 3 1.49115e-07
5565.833054404093 11 1.22513e-07
5566.460790640772 10 9.11882e-09
5574.240689788565 3 2.55811e-07
5577.200132134928 6 7.84501e-08
5583.000132102569 6 7.16739e-08
5588.650131937363 6 2.08845e-07
5594.300132269576 6 5.41318e-08
5598.290690062291 3 4.47243e-08
5603.814413524971 8 2.97364e-07
5603.94068998589 3 5.05724e-08
5606.200132078882 6 4.1227e-08
5612.80013240915 6 1.11091e-08
5615.190690082514 3 2.95077e-08
5618.210790564027 10 5.90666e-08
5618.233054441943 11 6.42602e-08
5623.390689906173 3 1.0672e-07
5626.600132096776 6 7.19239e-08
5632.400132118904 6 1.30776e-07
5635.590689889881 3 7.41432e-08
5635.714413696372 8 7.61041e-08
5640.365978860129 9 6.8723e-07
5646.015979130888 9 1.23199e-07
5651.815978743296 9 7.80203e-06
5657.465979296102 9 7.10258e-08
5658.964413643647 8 3.14369e-07
5659.640689696719 3 3.24677e-07
5666.24068982381 3 1.51193e-07
5667.964413568345 8 1.38396e-07
5672.040690184251 3 1.02571e-08
5674.433054709091 11 1.10896e-07
5675.060790843486 10 2.55291e-08
5682.010790429242 10 3.23737e-07
5682.033054404394 11 2.08261e-07
5692.633054767534 11 3.35638e-08
5694.640690229723 3 2.25654e-08
5700.440690184107 3 3.45129e-08
5703.650131992981 6 1.52825e-07
5714.900132302158 6 2.41743e-08
5720.550132067622 6 3.89478e-08
5725.940689912978 3 4.54805e-08
5731.564863725802 8 4.38739e-08
5731.74068974408 3 3.40808e-07
5739.65013205154 6 1.66402e-07
5742.040690022849 3 5.73254e-08
5742.814413639292 8 4.88801e-08
5745.915979096156 9 4.10949e-08
5751.715979051178 9 2.40118e-07
5757.365979111715 9 1.8139e-07
5763.015979165288 9 7.66378e-08
5768.665979130309 9 5.57133e-08
5774.965979005796 9 2.54335e-07
5780.615978851827 9 8.43316e-07
5784.464413894169 8 5.33623e-08
5786.915979411607 9 2.53162e-08
5792.565978880242 9 5.27034e-07
5798.215978754187 9 5.72408e-06
5803.865979129827 9 6.89039e-08
5809.515978992491 9 2.20934e-07
5817.265978754447 9 3.5349e-06
5822.915978855293 9 6.24734e-07
5830.165978860428 9 1.39157e-06
5837.314413848618 8 6.60132e-08
5838.890689921145 3 6.72407e-08
5843.700131967744 6 2.31214e-07
5847.740689778801 3 3.67292e-07
5849.364413715538 8 7.51906e-08
5851.600132189633 6 6.21605e-08
5853.390689937494 3 6.1273e-08
5858.715979390539 9 1.23356e-08
5861.29068968906 3 7.7605e-07
5862.064413764925 8 9.87681e-08
5866.940689677135 3 4.50642e-07
5867.714413660503 8 1.19419e-07
5870.050131956151 6 1.49469e-07
5875.700132024214 6 6.8889e-08
5881.350131975641 6 2.38191e-07
5885.240689904491 3 1.07104e-07
5888.410790876188 10 3.86677e-08
5888.433054726111 11 4.73285e-08
5890.890690082985 3 4.08816e-08
5893.165979451594 9 4.09909e-08
5908.610790527724 10 3.01445e-07
5908.633054337029 11 5.95602e-07
5914.410790718361 10 4.76303e-08
5914.433054577888 11 7.14283e-08
5920.210790532383 10 7.71044e-08
5920.23305450808 11 7.21606e-08
5926.010790584114 10 6.83264e-08
5926.033054501447 11 1.38828e-07
5931.810790589153 10 8.09715e-08
5931.833054419147 11 5.30366e-08
5937.990689761561 3 2.62013e-07
5939.614413530846 8 4.4426e-07
5943.640689997024 3 5.16994e-08
5946.064413560842 8 2.16615e-07
5949.290689700289 3 3.45157e-07
5952.450132076182 6 5.18328e-08
5958.250132152832 6 6.94446e-08
5962.914414056072 8 1.80089e-08
5963.900132109448 6 2.1361e-08
5969.550132212957 6 5.90557e-08
5977.600132093781 6 1.37168e-07
5983.400132071763 6 1.01335e-07
5987.890689821483 3 1.17458e-07
5992.010790535395 10 1.07138e-07
5992.033054501164 11 6.99802e-08
5997.810790623995 10 8.75172e-08
5997.833054394865 11 3.63459e-07
6007.610790431953 10 2.35448e-07
6008.283054421471 11 1.10404e-07
6020.460790661811 10 1.13233e-08
6020.483054512128 11 1.18161e-07
6028.660790688552 10 6.87916e-08
6028.68305456546 11 1.49501e-07
6035.283054746677 11 3.19343e-08
6039.940689853313 3 1.45657e-07
6043.460790468577 10 3.15203e-07
6043.483054371465 11 1.98347e-07
6049.260790813777 10 3.86099e-08
6049.283054787681 11 5.69913e-08
6059.860790761309 10 5.33618e-08
6061.333054304578 11 1.19882e-07
6068.560790759276 10 3.31322e-08
6068.583054492938 11 1.37671e-07
6084.490689890482 3 7.64954e-08
6085.214413812049 8 3.78093e-08
6091.600131987746 6 4.14887e-07
6097.40013231128 6 2.71957e-08
6104.000131844547 6 5.4131e-07
6109.800132387917 6 3.06617e-08
6130.00013198394 6 8.34446e-08
6132.61441382296 8 6.64409e-08
6132.690690161689 3 3.04865e-08
6134.76946464213 4 4.10828e-08
6138.41441359966 8 3.97468e-07
6138.490690000176 3 7.27079e-08
6146.690690153348 3 3.6999e-08
6154.090689974851 3 1.19172e-07
6157.014413845001 8 9.48432e-08
6159.890689869519 3 1.89603e-07
6167.640689930902 3 1.25215e-08
6170.014413396316 8 2.91606e-06
6173.250131994146 6 1.66095e-07
6177.290689887678 3 1.26724e-07
6182.383054490285 11 1.19505e-07
6183.160790597376 10 5.37224e-08
6202.910790826459 10 3.18768e-08
6202.933054772906 11 3.70083e-08
6207.740689846354 3 1.64103e-07
6209.264413703247 8 5.82721e-08
6213.54068989075 3 1.09242e-07
6215.064413538838 8 4.5726e-07
6219.190689643498 3 2.73951e-06
6220.714413790959 8 1.08817e-07
6222.900132238694 6 1.42389e-07
6224.990690305938 3 1.30217e-08
6228.700132551942 6 2.00638e-08
6234.350131886191 6 4.59532e-07
6239.590689896779 3 4.75974e-08
6239.814413472904 8 8.52421e-07
6248.733054474462 11 1.40099e-07
6249.360790625818 10 9.78311e-08
6254.383054196794 11 2.12792e-06
6255.010790637685 10 9.61755e-08
6266.410790582779 10 1.10486e-07
6266.433054547279 11 4.75021e-08
6272.615979353462 9 3.60604e-08
6277.010790465883 10 2.80308e-07
6277.033054405173 11 2.70182e-07
6283.610790502238 10 1.75965e-07
6284.283054333912 11 3.66846e-07
6288.590689696365 3 5.12653e-07
6289.464413667886 8 1.41537e-07
6294.240689847074 3 5.68119e-08
6295.114413962234 8 5.41219e-08
6299.890689794734 3 1.59603e-07
6300.764413861522 8 4.05922e-08
6302.100132026223 6 2.2439e-07
6305.540690190214 3 3.36938e-08
6306.414414035998 8 2.63409e-08
6307.750131833261 6 8.00149e-07
6310.819465102056 4 6.89429e-09
6311.190689894047 3 3.84378e-08
6313.014413660171 8 1.47166e-07
6318.814413461203 8 1.25575e-06
6318.940690015861 3 9.88437e-08
6324.321890410936 2 1.29211e-07
6324.469464674862 4 6.02477e-08
6326.214413758061 8 7.27176e-08
6330.919464522195 4 9.1181e-08
6332.52189033721 2 1.35045e-07
6334.114413885508 8 2.43166e-08
6336.569464553067 4 8.18715e-08
6339.621890264558 2 2.35546e-07
6342.014413591973 8 6.45549e-08
6342.219464792264 4 3.72278e-08
6345.271890503471 2 8.4911e-08
6347.814413410723 8 9.2792e-07
6348.440689877216 3 5.05036e-08
6354.890690064207 3 4.69408e-08
6358.883054865403 11 2.57707e-08
6367.083054438926 11 8.32571e-08
6367.11079063434 10 8.17075e-08
6375.740690155977 3 4.04905e-08
6382.483054679754 11 4.40323e-08
6386.060790524312 10 3.10621e-08
6394.883054749559 11 2.92761e-08
6394.910790792365 10 1.82414e-08
6400.683054624958 11 8.04179e-08
6407.790689916992 3 5.29527e-08
6414.960790775252 10 4.58786e-09
6414.983054539647 11 2.51505e-08
6421.560790689958 10 7.03561e-08
6422.883054469979 11 1.05382e-07
6428.510790647795 10 5.32442e-08
6428.533054526329 11 4.99557e-08
6450.090690011551 3 4.38704e-08
6455.714413536731 8 3.53205e-07
6455.890689847603 3 1.08626e-07
6461.540689887956 3 2.7707e-07
6462.964414019481 8 3.94941e-08
6467.1906898574 3 7.83718e-08
6477.250132426149 6 3.3153e-08
6482.290689899488 3 1.23972e-07
6484.650132105672 6 5.68458e-08
6494.300132050908 6 6.15445e-08
6498.190689701498 3 7.01192e-07
6502.310790574775 10 1.00722e-07
6502.333054414308 11 7.11859e-08
6527.040689809296 3 1.96862e-07
6532.840689950465 3 1.04492e-07
6537.710790511984 10 1.34972e-07
6537.733054293317 11 4.99938e-07
6543.510790719095 10 4.80498e-08
6543.533054647782 11 4.51686e-08
6549.310790707588 10 3.70358e-08
6549.333054586654 11 1.01602e-07
6555.133054760565 11 3.64081e-08
6558.190690262863 3 1.86432e-08
6585.440690174 3 4.02227e-08
6588.61597955083 9 2.76687e-08
6594.160790580783 10 8.23852e-08
6594.233054556006 11 7.93109e-08
6615.883054233205 11 9.4517e-07
6615.960790493388 10 1.22055e-07
6625.760790615453 10 5.66179e-08
6626.333054650082 11 4.59766e-08
6631.410790765508 10 9.56448e-08
6639.883054469057 11 1.54985e-07
6639.960790484704 10 3.35473e-08
6649.760790655332 10 2.60234e-08
6650.333054585874 11 9.09082e-08
6655.410790800927 10 6.06184e-08
6655.983054808814 11 3.68087e-08
6658.290689831838 3 1.31512e-07
6672.590689876529 3 7.82715e-08
6674.214413696201 8 5.8818e-08
6676.600132388739 6 6.59719e-09
6677.319464306935 4 3.10777e-07
6678.121890334563 2 4.42933e-08
6678.140864362283 5 1.75858e-07
6679.985304509038 7 7.04541e-08
6682.400132377303 6 4.63796e-08
6683.940864389826 5 3.8996e-07
6685.519464481457 4 4.39077e-08
6685.521890240132 2 2.48738e-08
6685.635304914905 7 1.365e-08
6690.450132151092 6 2.44956e-08
6691.435304501057 7 8.69077e-08
6692.119464516268 4 1.31758e-07
6692.140864600421 5 1.14255e-07
6693.571890206445 2 2.88405e-07
6697.085304683015 7 9.04355e-08
6697.919464150316 4 1.98789e-05
6697.940864590769 5 1.46203e-08
6699.371890505962 2 1.74377e-08
6703.385304537574 7 1.46502e-07
6703.719464732146 4 4.6292e-08
6703.740864383776 5 3.33895e-07
6705.671890363997 2 1.0539e-07
6709.03530463184 7 3.66381e-08
6709.519464272587 4 2.31769e-07
6709.540864517947 5 3.27863e-07
6711.321890501462 2 4.88218e-08
6714.685304609144 7 3.92272e-08
6715.150132097913 6 7.29572e-08
6718.540864492794 5 1.20935e-07
6719.319464344295 4 3.14748e-07
6720.171890331323 2 7.06544e-08
6721.78530438653 7 3.83579e-07
6724.190864364016 5 5.37414e-07
6724.969464589074 4 6.83823e-08
6727.435304362262 7 6.97626e-08
6728.800132456992 6 1.66718e-08
6731.291125938477 5 3.17562e-08
6733.085304447575 7 7.73601e-08
6734.469464606134 4 1.14354e-07
6737.740864479129 5 1.96726e-07
6738.471890578901 2 2.49686e-08
6739.235304632683 7 6.93344e-08
6740.050132009898 6 1.20922e-07
6741.569464403458 4 2.19352e-07
6745.03530461777 7 4.6322e-08
6746.290864542323 5 1.55726e-07
6747.171890687257 2 2.40754e-08
6747.369464541554 4 1.53118e-07
6748.790690066439 3 6.3638e-09
6748.81441384377 8 6.99724e-08
6758.510790835571 10 1.29016e-08
6765.883054241981 11 1.03613e-06
6765.91079046386 10 2.90062e-07
6772.865979315386 9 2.73113e-08
6776.190690001873 3 3.55242e-08
6778.88305458834 11 5.34677e-08
6779.560790916193 10 3.74771e-08
6816.53305453254 11 6.31444e-08
6816.560790770343 10 6.77353e-08
6823.933054279104 11 7.34817e-07
6823.9607903577 10 5.09933e-07
6833.733054368803 11 3.32791e-07
6833.760790478316 10 1.37065e-07
6841.9330545504 11 4.22039e-08
6841.960790575109 10 8.61526e-08
6847.733054697762 11 3.98028e-08
6847.76079077314 10 5.16401e-08
6853.560790718282 10 3.59838e-08
6854.183054555748 11 4.09397e-08
6859.360790565403 10 9.96155e-08
6859.833054642799 11 4.35491e-08
6865.160790613034 10 7.36608e-08
6865.633054612503 11 6.47464e-08
6877.110790486647 10 1.03974e-07
6877.883054246448 11 8.58223e-07
6882.760790580657 10 5.60933e-08
6883.683054775009 11 3.25166e-08
6888.410790792981 10 1.79459e-08
6891.590689873827 3 7.3527e-08
6893.514413638942 8 1.37806e-07
6897.250132134197 6 8.40805e-08
6898.035304427236 7 2.61805e-07
6901.540864557971 5 2.31602e-08
6902.469464714079 4 7.69736e-08
6903.835304425599 7 1.96912e-07
6907.190864397802 5 1.17054e-07
6907.221890248113 2 1.86863e-07
6908.119464499641 4 5.36736e-08
6910.285304624323 7 2.3667e-08
6911.050132166139 6 3.90937e-08
6914.71946489527 4 2.30171e-08
6915.014413841818 8 3.19865e-08
6915.790689903207 3 8.93423e-08
6920.850131904452 6 4.04453e-07
6923.990689738598 3 2.85802e-07
6924.014413775882 8 7.80704e-08
6929.814413930093 8 2.93834e-08
6932.219464471669 4 9.16356e-08
6933.82189044837 2 5.50019e-08
6936.264413674316 8 1.35103e-07
6937.790689821202 3 2.56351e-07
6942.064413728735 8 4.11777e-08
6943.440689883058 3 7.80445e-08
6954.21079057524 10 1.30133e-07
6954.283054339026 11 1.4895e-07
6963.210790913794 10 2.38963e-08
6973.083054593167 11 4.41007e-08
6974.810790686334 10 5.04e-08
6978.883054483981 11 3.63226e-08
6988.440689753917 3 5.88354e-07
6989.96441389318 8 2.41082e-08
6992.269464384401 4 1.12197e-07
6993.790900254928 5 8.50974e-07
6993.871890507833 2 6.86697e-09
6993.885304625227 7 4.32357e-08
6998.650132077354 6 6.83294e-08
6999.68530466833 7 1.00679e-07
7000.319464447833 4 8.1289e-08
7001.190864354771 5 2.91359e-07
7005.335304726194 7 5.92808e-08
7006.119464568738 4 1.34917e-07
7006.841233291175 5 2.24695e-07
7006.871890553548 2 1.07361e-07
7011.635304678202 7 9.94809e-08
7011.769464514875 4 1.6691e-07
7013.440864356315 5 3.07616e-07
7014.121890527424 2 6.07968e-08
7017.419464679393 4 8.15335e-08
7018.014413834735 8 7.56042e-08
7019.500131892986 6 1.90037e-07
7038.100132120882 6 9.40474e-08
7039.814413701179 8 1.05029e-07
7040.340689754511 3 1.18031e-07
7045.464413964844 8 1.81783e-08
7046.140689898051 3 5.19346e-08
7056.38305493494 11 1.73259e-08
7058.190689913001 3 1.22239e-07
7069.350132299617 6 6.42261e-08
7075.800131959253 6 1.61424e-07
7087.850131870164 6 2.83593e-07
7091.840689921935 3 2.72514e-08
7093.364413925876 8 6.28069e-08
7098.290690004867 3 2.58599e-08
7105.410790847453 10 2.10421e-08
7115.210790524227 10 1.76962e-07
7115.833054361969 11 2.61002e-07
7120.860790756001 10 5.09491e-08
7132.233054651747 11 2.04421e-08
7132.260790811994 10 3.1218e-08
7134.990689632032 3 1.91916e-06
7135.814413636318 8 5.8964e-08
7140.421890515612 2 7.16356e-08
7141.464413748477 8 7.77967e-08
7147.114413704022 8 8.28046e-08
7148.490690074614 3 4.15542e-08
7150.915978973032 9 1.98377e-07
7156.715978989223 9 5.04296e-07
7162.365979197222 9 1.1537e-07
7168.665978971321 9 2.67905e-07
7174.315978982543 9 2.10103e-07
7180.615978951622 9 1.35336e-07
7185.414413936014 8 2.2985e-08
7187.715979094854 9 1.59518e-07
7194.114413709989 8 1.06862e-07
7194.940689726397 3 2.39529e-07
7198.11946464008 4 4.99462e-08
