0.956277940099 2 2.34616e-07
6.609818245925 6 1.14713e-07
7.406278160173 2 3.69891e-08
12.259818270545 6 1.69714e-07
25.109818146433 6 2.13151e-07
27.450974715815 10 1.65039e-07
29.797865681056 3 1.45472e-07
30.477038660378 11 1.04386e-07
34.522201101457 9 9.60614e-09
37.997865998352 3 2.72818e-08
40.209818241399 6 7.76249e-08
44.322200962329 9 5.13016e-08
48.259818298784 6 7.78749e-08
49.706277835041 2 8.88565e-08
53.909818173671 6 1.14225e-07
55.506277889532 2 2.94429e-07
59.559818354217 6 6.78966e-08
61.156278070915 2 1.61669e-07
65.20981861833 6 3.5444e-08
67.456277990557 2 1.72934e-07
77.906278183528 2 5.82482e-08
77.909818063171 6 2.68065e-07
79.50097472319 10 1.22287e-07
82.697866045512 3 4.28733e-08
85.300974720235 10 3.35394e-08
85.309818301745 6 5.10715e-08
87.406278124799 2 5.56684e-08
91.109818443853 6 1.77034e-08
91.75097445092 10 3.07281e-06
93.797865788271 3 2.9638e-08
95.327038682538 11 8.25005e-08
100.109818116043 6 1.61541e-07
101.550974766547 10 2.09913e-07
102.509981033593 8 2.38881e-08
106.491793616058 7 3.33576e-08
107.350974597314 10 2.30976e-07
108.897865737692 3 1.9131e-07
110.577038747541 11 4.70533e-08
113.000975014208 10 2.45832e-08
114.547865668925 3 1.87296e-07
116.377038594881 11 9.20624e-08
120.34786594652 3 4.12249e-08
122.527038653562 11 2.92795e-08
124.097877769653 4 1.55992e-07
125.99786561284 3 1.28363e-07
128.108680420822 5 1.2074e-07
128.327038764737 11 4.24457e-08
129.8978777671 4 6.92259e-08
133.908680496958 5 6.92802e-08
135.54787743336 4 3.37951e-06
136.377038654827 11 7.30372e-08
139.558680533674 5 8.04528e-08
141.198309557179 4 1.62367e-07
145.208680390573 5 9.90125e-08
146.847877613431 4 1.10794e-07
150.858680271096 5 4.85867e-07
152.497877457456 4 1.45471e-06
156.508680141457 5 8.45447e-06
157.877038937493 11 4.00625e-08
158.147877622456 4 1.14659e-07
162.158680413935 5 1.26283e-07
163.797877827543 4 7.18434e-08
167.808680538187 5 2.04521e-08
169.597877822899 4 4.60656e-08
173.608680295533 5 3.77228e-07
175.397877492856 4 4.87663e-07
177.127038841907 11 1.36591e-08
180.297865692324 3 2.50464e-07
181.850974620916 10 1.77387e-07
183.341793299272 7 3.17257e-07
189.941793196252 7 1.75139e-06
195.50097462169 10 1.4514e-07
195.591793712296 7 7.05852e-08
196.959980793197 8 9.39897e-08
202.759980620315 8 2.59601e-07
206.191793683765 7 4.61377e-08
209.209980576086 8 2.66422e-07
211.991793306702 7 2.82647e-07
216.310295023943 8 1.95732e-07
221.959981036053 8 1.44973e-08
222.591793438213 7 1.48488e-07
224.350974953763 10 1.18966e-08
236.409980772897 8 4.14727e-08
242.059980620597 8 1.29397e-07
242.800975109794 10 3.06436e-08
248.359980768817 8 2.21583e-07
257.06055078336 8 1.25219e-07
262.709980808918 8 9.66212e-08
270.759981058209 8 1.31004e-08
276.409980992734 8 3.11819e-08
277.041793299435 7 1.91493e-07
285.109980924427 8 6.23528e-08
290.759980622385 8 1.51824e-07
293.100974629909 10 2.31816e-07
294.691793651831 7 6.42448e-08
296.409980760465 8 1.52975e-07
298.750974960694 10 1.45072e-07
300.34179350935 7 1.70682e-07
305.991793246719 7 4.78626e-07
307.600974613955 10 1.58419e-07
309.759818144977 6 7.51916e-08
317.159818130719 6 6.78095e-07
318.856277890339 2 3.01274e-07
322.809818225495 6 1.1142e-07
324.506277916683 2 3.03889e-07
328.60981850626 6 7.13476e-08
330.156278003316 2 9.55002e-08
335.80627843127 2 1.99635e-08
338.109818199722 6 1.22994e-07
342.050974650543 10 5.99567e-08
343.759818049334 6 4.94509e-07
349.410712694225 6 6.15898e-07
351.850974611019 10 2.32532e-07
354.910044160869 8 1.74141e-08
355.059818277689 6 1.29495e-07
356.40627799947 2 1.68803e-07
360.859818200145 6 1.41047e-07
362.809980938581 8 3.7786e-08
364.400974468346 10 1.76711e-06
366.84179335897 7 7.51507e-08
370.700974659226 10 1.58528e-07
371.509980971829 8 3.23841e-08
373.941793561075 7 1.96592e-07
376.350974800917 10 7.75387e-08
377.160550603086 8 4.9389e-08
382.809980502781 8 7.09228e-07
384.400975020022 10 1.2291e-08
388.459980533529 8 3.16689e-07
393.991793400405 7 1.48177e-07
394.109981008213 8 5.92017e-08
402.841793397535 7 1.4996e-07
404.259980810791 8 1.94478e-08
404.300974717602 10 1.44784e-07
407.459818234694 6 8.37447e-08
409.906278035033 2 8.72734e-08
414.059818087442 6 5.98817e-07
415.706611174846 2 4.34576e-08
423.756278226727 2 5.39189e-08
428.50981838744 6 9.9563e-08
429.407375914054 2 3.73139e-08
434.159818577105 6 2.68432e-08
438.859981073761 8 4.06109e-09
440.506278346709 2 5.17492e-08
441.259818405086 6 5.14001e-08
446.90981812974 6 2.07683e-07
452.350974729535 10 1.60311e-07
452.359981024281 8 4.19265e-08
453.209818087861 6 1.20911e-07
457.856277875742 2 6.85398e-07
459.009818287768 6 1.91789e-07
463.656278245985 2 6.0467e-08
468.659818184409 6 1.70104e-07
471.706278073357 2 1.74856e-08
482.956277967466 2 2.32146e-07
483.759818334583 6 9.68278e-08
488.550974724807 10 8.69223e-08
490.597865732981 3 1.3264e-07
493.027038448944 11 3.87831e-07
500.247865976472 3 1.30707e-08
501.077038607223 11 4.75019e-08
506.647877753225 4 5.42627e-08
507.90868051605 5 4.8955e-08
508.47703856134 11 8.11172e-08
509.247865678235 3 2.32085e-07
514.277038634315 11 1.59332e-07
520.647865607354 3 2.71709e-07
520.877038609553 11 3.07801e-08
523.800974424911 10 7.25948e-07
526.447865703505 3 1.43841e-07
527.177038700821 11 6.32237e-08
534.497865737217 3 2.31453e-08
534.577038428562 11 5.59892e-08
536.80097516187 10 3.27753e-08
540.377038514915 11 1.44782e-07
542.397865925402 3 2.33308e-08
545.500974963712 10 6.75042e-08
547.997877864086 4 5.77477e-08
549.558680299843 5 3.73695e-07
551.777038584159 11 2.70212e-08
551.897865858429 3 5.87277e-08
553.647877756689 4 6.61912e-08
555.208680513368 5 1.28989e-07
559.297877614552 4 3.6321e-07
561.658680391974 5 1.15406e-07
564.77703861688 11 8.74813e-08
564.947877526189 4 3.82716e-07
567.308680425969 5 1.26837e-07
571.24829162148 4 5.00846e-08
572.958680480147 5 8.4674e-08
573.627038483408 11 5.76923e-08
575.94786588662 3 5.16222e-08
576.897877550812 4 4.23061e-07
578.608680382752 5 5.67221e-08
579.277038610829 11 5.33652e-08
583.197877582196 4 2.43815e-07
584.258680416097 5 1.80689e-07
587.197865973174 3 3.74169e-08
588.777038567466 11 1.23089e-07
588.847877704774 4 7.5255e-08
592.847865633437 3 4.51855e-07
595.377038560266 11 1.36029e-07
605.527038301212 11 1.04597e-06
606.347865831634 3 1.02718e-07
607.94787809545 4 3.57027e-08
610.25868059894 5 8.13962e-08
611.997865792418 3 1.03776e-07
613.577038325341 11 4.43773e-07
618.447865750102 3 1.2042e-07
622.350974964674 10 3.94238e-08
624.60981815609 6 1.58043e-07
626.856278281217 2 2.42873e-08
630.40981820315 6 1.20655e-07
636.92220121162 9 1.38795e-08
641.009818306186 6 2.03789e-07
641.806277979145 2 1.54332e-07
646.510026027577 8 9.02749e-09
646.659818282715 6 1.07561e-07
652.823299261679 9 3.24702e-08
660.15981829117 6 5.80435e-08
661.750974605021 10 2.69674e-07
662.497866173406 3 1.40801e-08
665.706278081528 2 1.27956e-07
665.809818372705 6 1.80886e-08
669.000974623949 10 1.16497e-07
672.260259199076 6 1.92107e-07
676.722201134779 9 2.38498e-08
684.9222013251 9 1.84525e-08
693.77220110221 9 3.30089e-08
701.109818690632 6 2.89439e-08
705.022201216693 9 2.8055e-08
718.672201185473 9 1.2974e-08
722.609818157347 6 1.10772e-07
722.650974880993 10 4.32664e-08
724.95998096748 8 1.75684e-08
725.841793336412 7 2.51767e-07
731.641793554927 7 2.79886e-08
732.450974831948 10 1.39484e-07
737.291793213445 7 2.64881e-07
743.091793220207 7 5.58888e-08
748.89179329473 7 1.05117e-07
755.491793363312 7 1.10083e-07
758.250974679851 10 1.8693e-07
762.397866042627 3 4.89948e-08
764.050974780119 10 5.68065e-08
764.409818124423 6 2.02262e-07
766.506278223863 2 9.60767e-08
774.522201209033 9 2.10168e-08
790.559818190567 6 1.13019e-07
791.356278060016 2 1.3502e-07
796.209818244592 6 1.71026e-07
797.700974533887 10 5.35812e-07
800.84786582816 3 6.70292e-08
803.350974548089 10 5.85501e-07
804.909818723336 6 1.15907e-08
806.49786585644 3 6.23945e-08
809.000974686299 10 1.3786e-07
810.5598182321 6 1.21479e-07
813.659980622381 8 1.49023e-07
819.459980605649 8 3.08037e-07
821.641793637527 7 4.28556e-08
825.110532062783 8 6.57251e-06
832.20998067242 8 2.17441e-07
837.859980702247 8 1.36349e-07
840.241793464719 7 9.18199e-09
843.510244126288 8 3.90649e-07
846.691793700492 7 5.56548e-08
851.409981037368 8 1.92048e-08
857.859980824066 8 7.65244e-08
858.591793693688 7 4.25399e-08
860.900975130851 10 1.55276e-08
863.509980671056 8 2.16948e-07
864.891793438602 7 7.03771e-08
870.609980984325 8 1.43888e-08
873.741793575744 7 4.20987e-08
876.259980610015 8 8.59254e-08
879.391793548334 7 7.57766e-08
882.560244601009 8 9.91098e-08
892.209980746909 8 2.82117e-08
894.641793490659 7 9.48045e-08
896.150974699872 10 1.07918e-07
897.859980696968 8 8.5329e-08
903.509981146803 8 2.34512e-08
912.209980845828 8 7.24701e-08
917.859980785756 8 9.06959e-08
923.50998078545 8 1.2645e-07
929.159981039751 8 3.23402e-08
931.341793849918 7 2.20724e-08
934.809980782556 8 1.25911e-07
935.250974622406 10 2.77131e-07
938.459818264693 6 1.49303e-07
940.900974642765 10 1.48829e-07
944.259818166106 6 1.46002e-07
946.40627817724 2 4.81952e-08
949.909818228841 6 1.07241e-07
952.150974553383 10 8.50749e-07
954.559980444459 8 4.95269e-06
958.441793737952 7 3.63989e-08
960.209980668199 8 5.44329e-08
962.600975036312 10 3.21945e-08
965.859981094817 8 3.76052e-08
971.510559711225 8 2.92914e-07
977.69179356638 7 1.10155e-07
979.409980901571 8 4.00461e-08
991.459980630804 8 3.43673e-07
997.110569052434 8 6.83613e-08
1001.891793584594 7 3.50322e-08
1002.759980643246 8 3.58466e-07
1008.40998092281 8 4.60478e-08
1014.741793574549 7 2.3017e-08
1015.510226212829 8 5.30111e-07
1024.209980719825 8 1.72917e-07
1034.659980719584 8 4.80936e-08
1043.510199394528 8 2.29797e-08
1051.409980602571 8 5.82731e-07
1058.641793537342 7 3.47373e-08
1061.859980693993 8 2.42583e-07
1067.510262605489 8 5.79253e-08
1072.250974937377 10 1.41622e-08
1072.291793535234 7 3.81665e-08
1073.159980829662 8 1.09865e-07
1078.959980824723 8 6.60889e-08
1084.759980708206 8 1.91725e-07
1090.409980607255 8 1.39545e-07
1096.209980716543 8 2.08095e-07
1102.009981133872 8 4.66761e-08
1106.091793639495 7 4.73249e-08
1109.110262325173 8 3.18869e-07
1111.500974880029 10 2.82544e-08
1115.1978656465 3 1.35882e-07
1116.027038559786 11 2.01445e-07
1117.597877647384 4 1.1022e-07
1118.458680413727 5 1.79584e-07
1123.397877542572 4 2.18989e-07
1124.227038502041 11 1.8137e-07
1124.258680560436 5 1.47182e-07
1129.047877447171 4 5.84115e-07
1130.058680704065 5 7.8013e-08
1131.397865978678 3 2.79408e-08
1131.477038495104 11 1.56774e-07
1134.697877726514 4 1.40372e-07
1135.708680576939 5 1.03785e-07
1137.197865997663 3 1.6066e-08
1137.277038695609 11 1.48727e-08
1140.347877522303 4 3.54517e-07
1141.358680528226 5 6.89223e-08
1143.797865762135 3 1.72068e-07
1145.00097524056 10 2.29242e-08
1145.027038514181 11 2.32016e-07
1150.827038693653 11 4.97691e-08
1157.927038435102 11 4.11621e-07
1159.997865938672 3 4.21868e-08
1164.250974975544 10 4.54609e-08
1165.797865692697 3 2.94801e-07
1165.977038418046 11 4.98465e-07
1171.597865692247 3 2.55539e-07
1171.627038798471 11 6.90033e-08
1177.427038260839 11 1.53679e-06
1178.697865677896 3 1.42231e-08
1179.297877980304 4 5.32822e-08
1184.300975044695 10 4.95866e-08
1184.347865741369 3 1.06195e-07
1185.977038639165 11 7.95166e-08
1189.809818258862 6 4.02259e-08
1190.100974912529 10 5.97161e-08
1192.206278103978 2 1.61713e-07
1196.409818192044 6 1.60311e-07
1198.006278087284 2 4.92306e-08
1201.009981055536 8 1.73052e-08
1202.059817995014 6 7.66758e-07
1203.656278022077 2 2.73968e-08
1207.709818063666 6 5.98707e-07
1210.106278053345 2 1.65912e-07
1215.756278262683 2 1.05543e-07
1221.209818429619 6 5.71676e-08
1221.40627783673 2 5.87268e-07
1226.00097481033 10 9.06741e-08
1226.809980786493 8 9.82404e-08
1230.059818206117 6 1.22458e-07
1234.050974953043 10 7.79867e-08
1235.709818123783 6 1.88316e-07
1236.356277833979 2 2.15713e-07
1241.359818601396 6 2.16789e-08
1242.156278014671 2 5.91986e-08
1247.806278180772 2 6.27647e-08
1258.859818204779 6 2.52556e-07
1258.906277934202 2 3.76849e-07
1264.659818395275 6 9.37774e-08
1264.706278458407 2 2.83918e-08
1266.859981266849 8 2.33876e-08
1270.506277843291 2 3.25129e-07
1271.109818426563 6 1.00776e-07
1276.306278037812 2 1.20966e-07
1278.209818518056 6 3.14721e-08
1282.106278152757 2 5.5498e-08
1287.709818090804 6 8.83137e-08
1287.756278052674 2 4.00807e-08
1293.509818412238 6 2.83117e-08
1294.797865888088 3 7.90247e-08
1296.427038554689 11 2.39796e-07
1304.627038438329 11 1.63906e-07
1305.397865756986 3 1.60725e-07
1308.500974894142 10 1.01905e-07
1310.277038441492 11 1.22497e-07
1311.047865789923 3 1.27212e-07
1315.927038898857 11 2.70849e-08
1316.697866024205 3 2.27373e-08
1318.209818245443 6 1.52868e-07
1318.300974844724 10 1.31276e-07
1320.606278296564 2 6.07792e-08
1324.009818127821 6 3.82426e-07
1327.709980869814 8 3.48991e-08
1335.056277991442 2 4.58524e-08
1339.759818237427 6 3.43751e-08
1340.706278175323 2 7.08649e-08
1344.597866009325 3 7.03502e-09
1346.200974726329 10 3.94476e-08
1349.097877597518 4 2.13135e-07
1349.277038659139 11 4.62986e-08
1349.908680301071 5 8.67322e-07
1354.897877717483 4 2.99984e-08
1355.708680480035 5 2.62553e-07
1359.077038623168 11 1.08517e-07
1360.697877647191 4 1.15137e-07
1361.508680717004 5 7.69354e-08
1362.247865872454 3 1.1274e-07
1365.527038634106 11 3.84572e-08
1366.3478777632 4 3.81789e-08
1367.808680263925 5 9.30115e-07
1371.999110837966 4 4.34204e-08
1373.608680288984 5 2.65466e-07
1377.647877663267 4 2.02305e-07
1379.258680378517 5 2.61093e-07
1380.777038703798 11 7.14415e-08
1381.497865734815 3 1.64656e-07
1387.297865671472 3 1.1252e-07
1388.027038650128 11 8.46428e-08
1388.74787747977 4 9.50464e-07
1389.408680340117 5 3.65434e-07
1392.94786578963 3 1.24909e-07
1394.250974707531 10 9.10421e-08
1396.609818604017 6 1.0365e-08
1398.597866006618 3 4.94231e-09
1400.050974712941 10 2.87312e-07
1402.15998079667 8 6.02508e-08
1404.009818446753 6 2.82755e-08
1408.100974665159 10 1.39347e-07
1410.497865712811 3 1.68123e-07
1411.927038517647 11 4.43513e-08
1412.797878051274 4 4.99816e-08
1416.947865891548 3 7.22775e-08
1418.550974682985 10 6.18073e-08
1420.059818187414 6 2.29332e-07
1422.256277975171 2 1.22949e-07
1425.859818502392 6 6.07661e-08
1432.05627786498 2 4.13961e-07
1435.359818184557 6 2.90022e-07
1437.000974632838 10 1.01296e-07
1439.24179329067 7 4.42453e-07
1442.800974480624 10 1.76813e-06
1445.009818246247 6 6.8454e-08
1448.197865781238 3 8.17293e-08
1449.727038317298 11 3.1212e-07
1453.997866091927 3 4.09226e-08
1455.527038559715 11 1.27223e-07
1459.647865485202 3 3.69888e-06
1461.900974531848 10 4.46134e-07
1463.459818240379 6 1.06021e-07
1465.056278051394 2 8.54692e-08
1470.70627798488 2 1.47741e-07
1471.509818105202 6 5.07308e-07
1473.800974548375 10 1.0396e-07
1475.359980616534 8 3.0111e-07
1481.009980786326 8 7.51977e-08
1486.641793562892 7 3.44829e-08
1487.459980626133 8 3.94373e-07
1493.091793773508 7 3.16906e-08
1493.110160625161 8 2.75606e-07
1498.909980714868 8 9.48269e-08
1499.541793513929 7 6.84275e-08
1502.650974716681 10 1.40856e-07
1505.991793532296 7 1.29078e-07
1507.459981135711 8 1.0972e-08
1508.300974457746 10 3.30487e-06
1512.209818428559 6 6.56612e-08
1515.550974832774 10 4.56772e-08
1518.009818301877 6 2.1514e-07
1519.606278077205 2 5.79436e-08
1523.659818370443 6 8.03751e-08
1525.256277841135 2 1.73191e-07
1529.309818675545 6 1.91715e-08
1535.556277936452 2 1.09583e-07
1535.609818404632 6 1.36212e-07
1541.356278066528 2 1.51518e-07
1541.409818079441 6 1.79004e-07
1547.156278236442 2 7.51708e-08
1547.209818558918 6 2.98019e-08
1551.600974792293 10 5.51375e-08
1553.009818260122 6 8.21276e-08
1555.356278139353 2 9.48511e-08
1558.809818415603 6 5.37601e-08
1564.459818189961 6 1.40167e-07
1566.756278196397 2 6.70163e-08
1570.109818337013 6 1.44248e-07
1576.409818032063 6 1.26002e-07
1577.85627836246 2 1.58778e-08
1582.059818036815 6 4.06904e-07
1583.656278127623 2 4.25264e-08
1589.306277653855 2 3.02263e-05
1589.959818512664 6 2.7707e-08
1596.30998096167 8 6.83637e-09
1597.209818180282 6 1.04601e-07
1602.700974781308 10 1.25518e-07
1602.859818382141 6 4.39721e-08
1611.45627786306 2 3.93606e-07
1617.256278005154 2 1.22371e-07
1618.759818297582 6 7.63372e-08
1623.556278186664 2 3.90504e-08
1624.409817957272 6 3.29479e-06
1626.75097488851 10 1.94597e-08
1632.459818343089 6 1.88577e-07
1633.056277876608 2 4.00258e-07
1638.109818726641 6 1.39113e-08
1639.656278049849 2 9.28204e-08
1645.209818122642 6 1.80413e-07
1645.306278206161 2 2.71154e-08
1646.800974799742 10 1.28351e-07
1648.997865970152 3 4.65215e-08
1653.027038844958 11 2.64495e-08
1655.000975017757 10 3.78601e-08
1656.609818105476 6 1.09774e-07
1659.606277976313 2 1.57244e-07
1665.25627795828 2 7.28845e-08
1667.559818350875 6 3.35764e-08
1670.906277958883 2 2.95442e-07
1675.609818084641 6 3.12512e-07
1677.206278270613 2 9.84673e-08
1681.259818483761 6 4.22372e-08
1681.959981105798 8 4.23573e-08
1684.306278115777 2 1.40361e-07
1687.559818330877 6 1.28897e-07
1690.750975081676 10 3.84994e-08
1694.722201184921 9 1.5745e-08
1706.809818629853 6 5.03373e-08
1709.956278010094 2 8.16549e-08
1712.459818195327 6 1.19447e-07
1715.606277804948 2 3.4862e-07
1724.40998093501 8 6.64254e-08
1725.200974723906 10 1.2135e-07
1725.309818294589 6 1.84861e-07
1728.247865599791 3 3.00265e-07
1729.077038469157 11 7.651e-08
1733.400974596982 10 2.8415e-07
1738.009818138897 6 1.45501e-07
1740.356277907802 2 9.96054e-08
1743.659818235437 6 1.63868e-07
1746.156278398355 2 2.12936e-08
1749.309818685805 6 2.52057e-08
1755.506277794282 2 9.79243e-07
1758.009818044754 6 7.33951e-07
1761.306277993092 2 1.55218e-07
1763.659818293764 6 4.40964e-08
1764.350974577698 10 3.33389e-07
1766.047865705053 3 2.07133e-07
1766.877039066059 11 4.05561e-08
1769.459818135535 6 1.45178e-07
1770.000975107838 10 6.0409e-08
1774.006278038777 2 1.17517e-07
1775.759818059765 6 9.94102e-07
1778.050974561296 10 5.53582e-07
1780.309980988228 8 6.33149e-08
1782.856278158679 2 3.87974e-08
1784.459818371779 6 4.73638e-08
1788.506278110268 2 1.13758e-07
1794.156278042523 2 6.20928e-08
1799.806277853868 2 4.73513e-07
1801.159818109265 6 4.00377e-07
1805.456278238342 2 2.78116e-08
1816.359980809396 8 8.26538e-08
1817.950974636389 10 3.60632e-07
1818.809818199828 6 2.83216e-07
1827.456278272409 2 3.6174e-08
1828.459818245684 6 1.30825e-07
1830.000974760567 10 1.03117e-07
1833.256278046439 2 6.38652e-08
1839.559818170514 6 2.02418e-07
1841.25097521478 10 1.73983e-08
1852.259980892182 8 3.13762e-08
1856.409818158349 6 4.11961e-08
1857.156278056058 2 1.44753e-07
1862.859818213183 6 2.16839e-07
1862.956278192266 2 8.87263e-09
1865.150974792014 10 8.93203e-08
1868.659818231479 6 9.27199e-08
1875.609818108905 6 2.23496e-07
1878.000974555227 10 4.42618e-07
1881.259818494833 6 3.31298e-08
1883.650974755793 10 1.10786e-07
1885.147865614291 3 2.16266e-07
1885.977038369278 11 1.95081e-07
1890.797865502802 3 2.47342e-06
1891.627038814815 11 5.69547e-08
1892.350974821106 10 3.77308e-08
1897.109980738767 8 4.32664e-08
1898.691793690959 7 3.29901e-08
1904.509980764017 8 5.99721e-08
1910.159980853933 8 9.01847e-08
1915.809980635427 8 2.24564e-07
1918.891793657904 7 4.43715e-08
1921.459980768354 8 4.07512e-08
1926.941793719089 7 4.79637e-08
1927.109980633934 8 4.80678e-07
1928.550974760401 10 1.50832e-07
1932.359818276146 6 2.95319e-08
1934.350974896848 10 3.60261e-08
1934.847865745908 3 1.13449e-07
1936.477038736052 11 5.55677e-08
1940.150974560018 10 5.17193e-07
1941.447865873254 3 2.61317e-08
1945.977038470941 11 1.87702e-07
1947.247865696735 3 1.37231e-07
1948.350974876771 10 3.56259e-08
1950.597877779454 4 7.49132e-08
1951.4086805227 5 1.06412e-07
1951.627038625007 11 9.96751e-08
1954.197865825028 3 5.55257e-08
1956.247877479026 4 1.6756e-06
1957.208680580421 5 1.23168e-07
1959.827038563871 11 1.24413e-07
1959.847865469514 3 3.71098e-06
1965.627038354299 11 4.22605e-07
1965.647865881202 3 2.45683e-08
1975.427038526766 11 1.19822e-07
1975.4478656649 3 1.74013e-07
1981.227038632297 11 4.10532e-08
1981.247865556646 3 1.45316e-06
1982.95097466805 10 5.90553e-08
1985.359818233801 6 2.17558e-08
1988.750974547837 10 2.86469e-07
1990.24179328106 7 1.27776e-07
1995.050974633819 10 3.51038e-07
1997.459980747561 8 2.20921e-07
2003.110304496636 8 1.09362e-06
2007.900974506338 10 6.87912e-07
2009.491793401785 7 3.36607e-08
2013.409980627374 8 2.48921e-07
2013.550975049841 10 6.01739e-08
2019.200974519061 10 3.34039e-07
2020.647866179935 3 1.13075e-08
2022.409981001235 8 9.49167e-09
2024.850975009275 10 4.91813e-08
2026.29786586625 3 1.05894e-07
2027.027038448832 11 1.99246e-07
2031.95097471164 10 9.11384e-08
2032.609818207857 6 1.5777e-07
2037.60097503883 10 1.63949e-08
2038.409818213634 6 5.96514e-08
2039.856278036142 2 1.45259e-07
2043.251008531543 10 2.86628e-06
2046.309980798735 8 8.35293e-08
2048.900974799357 10 1.46004e-07
2051.947865637676 3 1.38024e-07
2052.827038472207 11 2.79379e-07
2057.747865867115 3 4.35458e-08
2058.627038649696 11 5.29543e-08
2063.397866040668 3 4.7836e-08
2063.847877838689 4 1.02602e-07
2066.827038661904 11 8.12691e-08
2069.047865874237 3 5.21298e-08
2070.550974840765 10 7.2303e-08
2075.259818084666 6 1.29749e-07
2080.0562778899 2 1.37911e-07
2081.059817993545 6 8.892e-07
2082.600975088757 10 6.08757e-08
2085.856277872746 2 1.87237e-07
2087.35981819188 6 4.60852e-08
2092.022200909977 9 1.2019e-07
2100.222200938844 9 7.65854e-08
2109.95981824143 6 1.11014e-07
2112.250974732983 10 1.34193e-07
2115.610916635026 6 3.76291e-08
2116.156278205412 2 4.02065e-08
2121.260916401432 6 6.33976e-08
2122.550974797647 10 1.12347e-08
2126.909818250783 6 8.38225e-08
2128.200974919032 10 5.14475e-08
2130.606278283212 2 5.56906e-08
2132.709818451415 6 5.51755e-08
2132.909980865817 8 4.77862e-08
2136.250974813795 10 2.41172e-07
2138.506277925266 2 1.67759e-07
2138.509818263986 6 1.29296e-07
2144.306278045901 2 1.38451e-07
2145.759818247139 6 6.92117e-08
2148.150974654612 10 1.38359e-07
2150.541793677432 7 1.34089e-08
2152.159980723926 8 1.27324e-07
2157.809980647934 8 1.95513e-07
2164.259980736132 8 1.82928e-07
2166.600975034153 10 2.73488e-08
2168.191793905249 7 3.72624e-08
2172.959980858301 8 4.26507e-08
2185.809980522498 8 5.33444e-07
2191.459980722762 8 1.43335e-07
2194.650975017841 10 1.26672e-08
2197.110622499543 8 7.5593e-08
2202.70097463544 10 1.33695e-07
2202.759980901294 8 3.28921e-08
2204.209818202549 6 9.86526e-08
2209.747865659883 3 1.58386e-07
2209.777038425829 11 2.7151e-08
2212.50097485427 10 2.59315e-08
2215.547866010635 3 3.81263e-08
2217.977038562037 11 8.6761e-08
2221.197866000454 3 4.95537e-08
2221.647877527822 4 3.37221e-07
2222.40868023907 5 1.49558e-06
2226.977038621058 11 1.10014e-07
2227.447877785879 4 1.00465e-07
2228.597865885105 3 6.09747e-08
2230.308680244283 5 1.05944e-06
2233.247877677837 4 1.1307e-07
2234.227038737736 11 2.97754e-08
2235.958680528434 5 8.89918e-08
2239.047877663767 4 1.9731e-07
2241.758680747643 5 4.15276e-08
2244.697877604376 4 1.78973e-07
2247.077038610565 11 7.20552e-08
2247.558680664435 5 3.71927e-08
2248.647866150481 3 5.72596e-09
2250.997877806571 4 3.00138e-08
2253.358680424391 5 2.11804e-08
2256.577038836517 11 2.27232e-08
2256.648264620608 4 1.15973e-07
2259.008680426427 5 2.21671e-07
2262.377038609071 11 3.58895e-08
2262.447877599518 4 7.87166e-08
2264.658680165776 5 5.57517e-06
2268.247877924761 4 5.98484e-08
2270.459778295669 5 3.71727e-07
2271.747865867755 3 4.85464e-08
2272.177038645764 11 7.5745e-08
2274.84787774059 4 1.00583e-07
2276.258680335053 5 3.47703e-07
2280.377038639787 11 6.32904e-08
2280.497877497455 4 3.51409e-07
2282.058680471133 5 4.01044e-08
2286.148300419874 4 1.40227e-06
2287.627038628981 11 8.27478e-08
2287.708680543661 5 4.39988e-08
2290.047865694991 3 1.53958e-07
2291.797877473939 4 6.53847e-07
2293.50868058733 5 5.01381e-08
2297.448746437115 4 2.75116e-06
2299.158680273054 5 8.2479e-07
2303.097877441768 4 2.51447e-06
2304.477038611239 11 4.19147e-08
2304.80868054098 5 3.36335e-08
2307.697865670252 3 1.15002e-07
2310.127038359382 11 2.98158e-07
2315.777038406076 11 2.71811e-07
2316.547865578326 3 6.47312e-07
2321.427038752938 11 5.15092e-08
2328.172200890387 9 1.26788e-07
2332.447866002004 3 2.00247e-08
2334.800974965525 10 3.33863e-08
2338.097865889168 3 7.07265e-08
2338.127038419441 11 5.85661e-07
2343.897865771024 3 1.21039e-07
2344.450974927652 10 5.97615e-08
2345.227038676117 11 4.38571e-08
2346.808680603504 5 9.22161e-08
2346.847877702188 4 7.76332e-08
2351.027038750215 11 8.93471e-08
2352.608680299133 5 2.49129e-07
2352.647877755025 4 5.59131e-08
2357.3978659629 3 1.13021e-07
2357.47703856624 11 3.95167e-08
2358.408680487268 5 3.26662e-08
2358.447877679589 4 2.00336e-07
2364.208680410023 5 2.03155e-07
2364.247877653198 4 5.4432e-08
2368.077038537459 11 1.48774e-07
2370.008680379695 5 9.23401e-08
2370.048300641645 4 1.64952e-07
2375.808680617395 5 4.54638e-08
2375.847877685875 4 7.37489e-08
2377.947865704964 3 2.01409e-07
2378.677038632326 11 1.44529e-07
2381.608680376447 5 1.57774e-07
2381.647877848004 4 3.11205e-08
2387.408680419769 5 3.33443e-07
2387.447877650845 4 1.93195e-07
2390.077038557963 11 9.90338e-08
2390.797865962218 3 2.35954e-08
2393.208680545667 5 9.79672e-08
2393.247877555643 4 2.09178e-07
2399.008680191809 5 8.34813e-07
2399.047877653038 4 8.19771e-08
2402.777038572888 11 6.81232e-08
2403.647865650975 3 2.80719e-07
2410.027038498474 11 9.4072e-08
2415.547865825699 3 1.34812e-07
2415.677038400686 11 2.38012e-08
2421.472201007835 9 5.87435e-08
2425.477038514212 11 9.60732e-08
2425.99786593604 3 3.60536e-08
2431.277038747137 11 5.10843e-08
2434.847865997036 3 5.24531e-08
2439.550974687434 10 1.8124e-07
2441.859980757115 8 2.58617e-08
2448.459981006249 8 4.29434e-08
2455.560262168132 8 3.81266e-07
2461.209980662379 8 1.8098e-07
2466.859980474001 8 7.87599e-07
2468.250974678889 10 8.12319e-08
2470.6917934004 7 6.46352e-08
2476.491793483332 7 9.86333e-08
2478.850974937881 10 1.29766e-08
2482.291793643908 7 6.85053e-08
2484.500975007451 10 8.56851e-09
2488.091793414056 7 4.38407e-08
2490.300974555008 10 3.8336e-07
2492.347865505195 3 1.6078e-06
2492.927038421276 11 4.4034e-07
2501.059818192703 6 1.33483e-07
2502.656278013074 2 1.56482e-07
2510.759981078579 8 3.50786e-08
2510.859818348285 6 9.634e-08
2513.106278127143 2 1.43904e-07
2517.459818072083 6 2.8966e-07
2519.706277987066 2 5.90124e-08
2523.259818467994 6 1.59871e-08
2523.300974527297 10 1.2161e-06
2527.606278258992 2 3.925e-08
2534.659980872565 8 1.06494e-07
2541.059818202341 6 2.38349e-07
2541.106278022796 2 7.11827e-08
2547.706278037353 2 4.26702e-08
2548.459818254448 6 1.89697e-07
2553.357375757476 2 3.68686e-07
2554.259818343494 6 6.2702e-08
2559.006277958629 2 1.57439e-07
2564.656278163059 2 9.72563e-09
2570.306277923551 2 6.99459e-08
2572.409818132965 6 1.35056e-07
2578.70998106571 8 2.5355e-08
2579.659817987888 6 8.07021e-07
2585.459818159241 6 1.45586e-07
2585.906278312439 2 5.25569e-08
2596.409818366229 6 4.9103e-08
2601.956278321402 2 2.56054e-08
2602.060722174118 6 7.56359e-08
2608.50981844062 6 2.15093e-08
2610.80627818368 2 4.7828e-08
2615.609818419448 6 7.007e-08
2616.456278367566 2 2.22381e-08
2618.700974938968 10 6.98657e-08
2620.397865905701 3 2.70915e-08
2621.927038572683 11 1.25285e-07
2626.197865942138 3 5.1324e-08
2627.700974537483 10 3.62348e-07
2630.691793164313 7 6.03664e-07
2634.759980915277 8 9.33938e-08
2635.900974613203 10 1.1576e-07
2637.941793360116 7 5.57669e-08
2643.741793354245 7 2.54911e-07
2645.700974676733 10 5.84086e-07
2648.45981811985 6 1.41316e-07
2652.056278035911 2 1.0425e-07
2655.059818338357 6 7.75243e-08
2662.506278250309 2 2.18785e-08
2672.156277918409 2 9.78708e-08
2677.659818561896 6 2.1504e-08
2677.806278373452 2 2.28446e-08
2687.306277807685 2 2.60124e-07
2688.109818373082 6 8.40071e-08
2692.15097469749 10 2.1401e-07
2694.397865870498 3 4.36326e-08
2697.800974928118 10 5.75138e-08
2700.159818212354 6 1.46396e-07
2705.672200953853 9 4.82451e-08
2713.809818083995 6 2.70341e-07
2714.556278344476 2 9.18892e-09
2717.050974742404 10 7.43845e-08
2717.797865887249 3 9.69272e-08
2720.877038557585 11 8.36701e-08
2722.44787774248 4 7.80461e-08
2724.008680442861 5 5.30557e-08
2728.247877837856 4 7.6583e-08
2728.397865866332 3 7.99474e-08
2729.07703886023 11 4.96784e-08
2729.808680617083 5 4.65117e-08
2734.047878036234 4 5.9479e-08
2734.877038774757 11 2.72695e-08
2735.608680485211 5 7.6963e-08
2739.69787749682 4 4.03398e-07
2740.527038753048 11 1.31555e-08
2741.258680328197 5 3.30018e-07
2745.347877808636 4 8.7492e-09
2748.358680578079 5 7.17112e-08
2749.077038608816 11 2.77316e-07
2750.997877796402 4 7.84465e-08
2754.008680601579 5 5.30219e-08
2755.677038594324 11 1.08432e-07
2756.297866062034 3 3.49958e-08
2756.797877415841 4 2.3188e-06
2759.658680242459 5 5.95446e-07
2762.597877459588 4 8.26832e-07
2765.308680387779 5 2.49067e-07
2768.397877744726 4 1.34687e-07
2770.777038755939 11 9.32031e-09
2770.958680322976 5 7.53914e-07
2773.947865651683 3 2.71052e-07
2775.497877678553 4 5.3091e-08
2776.427038789867 11 6.19453e-08
2776.608680286622 5 4.25709e-07
2781.298961896213 4 4.67623e-07
2782.258680326954 5 8.98932e-08
2786.947877801904 4 9.1303e-08
2788.058680448189 5 1.13391e-07
2788.477038763422 11 5.30302e-08
2792.397865866244 3 7.71348e-08
2792.597877820536 4 7.61638e-08
2795.458680345822 5 1.36767e-07
2798.397878011588 4 2.26991e-08
2801.258680303332 5 1.88667e-07
2804.197878018435 4 1.87008e-08
2806.908680554428 5 9.31977e-08
2808.447865957947 3 5.04355e-08
2809.997877555672 4 2.72648e-07
2812.708680324055 5 4.0742e-07
2815.79787787811 4 4.02795e-08
2818.508680424995 5 1.86288e-07
2820.377038523783 11 9.65339e-08
2820.647865887746 3 2.35895e-08
2821.597877659746 4 1.68232e-07
2825.908680464055 5 1.17595e-07
2827.397877760789 4 5.75811e-08
2831.558680762459 5 5.18113e-08
2833.197877554328 4 7.81849e-08
2837.858680527431 5 8.55044e-08
2838.847877648405 4 6.27232e-08
2839.47703854343 11 1.76991e-07
2843.508680710396 5 2.09932e-08
2844.647877958551 4 9.8078e-09
2844.847865605676 3 4.23669e-07
2845.127038468908 11 3.78677e-07
2848.300974822675 10 7.18143e-08
2850.647865545368 3 2.43938e-07
2850.777038611977 11 1.28758e-07
2856.427038211426 11 3.05737e-06
2856.44786588443 3 9.75435e-08
2857.647877977499 4 5.27749e-08
2862.227038597781 11 1.58217e-07
2862.247865808147 3 1.18882e-07
2868.847865839378 3 6.00711e-08
2870.427038617715 11 1.02656e-07
2875.400974910104 10 8.11553e-08
2875.447865741416 3 1.68993e-07
2878.359818287954 6 4.44439e-08
2881.706278336897 2 3.94393e-08
2887.359818302364 6 1.30327e-07
2887.506277850681 2 1.84615e-07
2895.559818133632 6 2.16704e-07
2896.400974783832 10 1.28952e-07
2899.347865678111 3 4.67212e-08
2900.877038430335 11 1.49275e-07
2905.722200737298 9 1.93627e-07
2911.522201115087 9 1.92369e-08
2917.94786578764 3 6.44626e-08
2918.677038769556 11 7.69265e-08
2921.900974533296 10 9.23587e-07
2924.159980617087 8 3.55393e-07
2927.550974989747 10 2.97887e-08
2932.141793344557 7 2.83831e-07
2937.941793495516 7 3.26591e-08
2941.200974555896 10 4.48774e-07
2943.560208228382 8 3.93348e-07
2949.209980820615 8 7.24426e-08
2949.900974526433 10 7.45123e-08
2952.24786567422 3 1.37304e-07
2955.550974678617 10 7.87073e-08
2958.709980976721 8 6.11101e-08
2959.459818406322 6 6.1796e-08
2962.656278262745 2 1.57793e-08
2965.259818264091 6 1.02367e-07
2968.456278071967 2 1.79414e-07
2975.556277870049 2 3.89239e-07
2981.159818222322 6 1.31891e-07
2981.206278032719 2 1.01595e-07
2983.600974646576 10 3.3377e-07
2985.809980589812 8 2.63283e-07
2994.809980718676 8 5.02027e-08
3000.609980540965 8 7.94161e-07
3014.341793461684 7 6.75361e-08
3016.009980696607 8 1.37592e-07
3021.809981049364 8 2.38688e-08
3028.141793424628 7 1.26998e-07
3029.209980955097 8 4.05749e-08
3036.341793462506 7 8.63088e-08
3037.409980815033 8 6.75797e-08
3043.20998097816 8 4.13845e-08
3047.800974593251 10 2.3973e-07
3050.141793297207 7 3.72809e-07
3053.600974845885 10 1.16363e-07
3055.941793480634 7 2.62952e-08
3059.40097439127 10 1.86032e-05
3061.897865771715 3 4.62595e-08
3064.177038601914 11 1.40284e-07
3067.697865752547 3 3.0253e-08
3068.900975025847 10 3.56463e-08
3070.497877597625 4 8.09459e-08
3071.108680368279 5 8.83548e-08
3076.297877595362 4 1.37787e-07
3076.90868034254 5 2.54763e-07
3077.827038431978 11 1.86273e-07
3078.947866186518 3 2.29227e-08
3082.098975801412 4 9.79913e-08
3082.558680550176 5 4.41406e-08
3087.62703858493 11 6.11441e-08
3087.898579715147 4 1.76854e-07
3088.20868052921 5 8.59431e-08
3088.597866077903 3 5.21649e-09
3093.69859756577 4 5.15031e-07
3094.008680650952 5 4.87378e-08
3096.4770388586 11 4.45894e-08
3099.347877687423 4 9.08324e-08
3099.80868034433 5 2.82471e-07
3105.147877520909 4 1.04938e-06
3105.608680521961 5 7.81454e-08
3106.27703869993 11 5.29697e-08
3106.397866058571 3 6.67142e-08
3110.797877729205 4 4.42984e-08
3112.208680291799 5 2.2875e-07
3114.477038474533 11 2.22365e-07
3115.397865902972 3 2.5593e-08
3117.097877649418 4 5.8129e-08
3117.85868052575 5 1.08196e-07
3120.12703855478 11 8.03576e-08
3122.74825560431 4 2.15553e-07
3123.508680788201 5 4.45263e-08
3125.847865516233 3 1.57577e-06
3125.927038613419 11 2.97986e-08
3130.550974942168 10 4.68905e-08
3131.647865585746 3 3.87775e-07
3131.727038388864 11 2.64425e-07
3137.447866180469 3 3.47741e-08
3137.527038810598 11 4.0388e-08
3140.222200846198 9 6.08499e-08
3148.122200898414 9 1.40639e-07
3151.327038537284 11 4.60898e-08
3157.127038351378 11 9.4448e-08
3157.64786567081 3 1.31013e-07
3158.647877978288 4 3.12636e-08
3161.000974686179 10 1.51157e-07
3162.959818220322 6 1.02551e-07
3165.406278063197 2 1.05258e-07
3171.159818210889 6 1.0643e-07
3171.206277944606 2 3.22101e-07
3176.959818228516 6 1.1927e-07
3177.006277897343 2 2.86022e-07
3182.80627813448 2 1.55894e-08
3183.559818191609 6 1.99079e-07
3188.606277904608 2 1.33954e-07
3189.35981805646 6 6.03134e-07
3191.600975000172 10 2.50074e-08
3193.39786559358 3 3.78161e-07
3194.127038485549 11 1.92999e-07
3199.047865773014 3 1.41527e-07
3199.92703850868 11 1.07883e-07
3204.609818299312 6 8.23615e-08
3205.400975281318 10 1.63102e-08
3206.256278116004 2 3.6092e-08
3210.409818128678 6 2.28783e-07
3213.600974894934 10 3.75162e-08
3214.29786573584 3 7.75499e-08
3216.627038847939 11 1.80777e-08
3217.247877777813 4 2.32415e-07
3218.958680511667 5 6.26742e-08
3223.047877952882 4 5.35331e-08
3223.147865671586 3 1.73378e-07
3223.877038539244 11 5.93948e-08
3230.477038542516 11 9.60245e-08
3230.547865613927 3 2.65e-07
3241.94786575311 3 2.45424e-07
3242.527038705266 11 6.60814e-08
3246.172200805185 9 1.20156e-07
3250.947865692716 3 1.17991e-07
3251.900974758439 10 7.89897e-08
3256.677038456662 11 1.7862e-07
3256.747865692777 3 1.79756e-07
3262.35097479028 10 1.30997e-07
3264.147865806432 3 6.62886e-08
3265.527038730706 11 2.20002e-08
3271.327038306276 11 6.05012e-07
3272.047865870544 3 5.37933e-08
3272.697878067013 4 2.66576e-08
3276.000974648628 10 1.31559e-07
3277.697865717054 3 2.44513e-07
3279.077038364375 11 2.26662e-07
3283.347865890087 3 3.22472e-08
3284.700975069601 10 5.13231e-08
3286.327038435348 11 1.91792e-07
3288.997865673191 3 1.44428e-07
3291.977038533819 11 1.0974e-07
3295.147865877171 3 6.89268e-08
3296.750974753984 10 7.72027e-08
3297.509818413111 6 5.49321e-08
3300.797866005876 3 2.86693e-08
3302.400974391407 10 4.24061e-06
3306.359818346908 6 3.41377e-08
3309.64786573237 3 2.01434e-07
3310.427038536522 11 1.31518e-07
3315.297865609223 3 7.22314e-07
3316.70097494014 10 5.07692e-08
3318.327038660825 11 5.88227e-08
3318.347877910882 4 3.56586e-08
3320.947866162795 3 8.90094e-09
3322.25981811851 6 4.16427e-07
3322.350974942908 10 4.9679e-08
3325.506277824802 2 5.20902e-07
3330.459818545 6 5.75649e-08
3331.306278057507 2 1.75365e-08
3336.25981807954 6 6.07596e-07
3337.750974557695 10 5.49331e-07
3340.197865883807 3 2.36109e-08
3342.527038630041 11 9.18829e-08
3348.422201094734 9 7.55694e-09
3352.397865952475 3 2.97999e-08
3353.927038373608 11 1.76358e-08
3358.197866055567 3 2.54913e-08
3359.727038840776 11 3.7886e-08
3363.847865850067 3 7.41892e-08
3366.177038835423 11 1.46619e-08
3369.647865591682 3 5.08507e-07
3371.82703838963 11 3.47559e-07
3375.447865887916 3 2.23028e-08
3377.627038612678 11 1.83309e-07
3381.247865942445 3 6.53363e-09
3383.427038842455 11 2.43347e-08
3386.897865680784 3 4.22726e-08
3389.950974507013 10 4.17905e-07
3390.859818339699 6 3.21197e-08
3394.006278000165 2 9.76966e-08
3397.309818505274 6 2.96668e-08
3399.806278494365 2 2.29709e-08
3408.559818256657 6 9.92988e-08
3410.15097485747 10 1.07913e-07
3414.906277913967 2 8.62612e-08
3416.609818349488 6 7.84902e-08
3421.356278016662 2 1.55425e-08
3424.659818219585 6 2.08681e-07
3427.006278043016 2 6.14809e-08
3431.760916057882 6 5.97673e-07
3432.656278002905 2 5.26756e-08
3438.306278060807 2 9.46077e-08
3439.009818598204 6 6.57216e-08
3443.956277899713 2 3.01488e-07
3444.809818535558 6 2.96666e-08
3449.756277923547 2 3.20352e-07
3450.609818319528 6 5.54692e-08
3456.409818304933 6 1.15145e-07
3457.156278232475 2 3.60441e-08
3466.956278134406 2 6.3792e-08
3470.209818261075 6 9.83858e-08
3472.606277961582 2 1.51528e-07
3478.2562779661 2 1.71889e-07
3483.906278059476 2 1.20933e-07
3487.05981832539 6 3.23127e-08
3499.006278119397 2 5.88655e-08
3504.559818488755 6 4.86312e-08
3504.656277981753 2 1.83766e-07
3510.359818468825 6 3.65042e-08
3510.909981022132 8 4.29514e-08
3511.800974807101 10 1.57014e-07
3514.006278172627 2 5.04195e-08
3517.609818094124 6 2.35469e-07
3519.850974755523 10 3.37132e-08
3523.409818331749 6 6.23451e-08
3525.65097459803 10 4.22852e-07
3526.959980596582 8 3.89456e-07
3537.259980712258 8 1.18999e-07
3542.911450495321 8 2.97309e-08
3550.159980840138 8 6.02231e-08
3554.091793495933 7 7.77045e-08
3559.74179368066 7 2.85863e-08
3560.459980731603 8 1.62245e-07
3565.391793529269 7 2.39357e-08
3568.510878561136 8 2.78293e-07
3569.050974693464 10 1.33e-07
3572.491793278138 7 2.75763e-07
3578.050974824947 10 3.63701e-08
3578.141793494905 7 7.28328e-08
3583.941793137151 7 2.25968e-06
3589.741793751503 7 4.40682e-08
3590.100974598117 10 3.84233e-07
3595.541793285687 7 2.17623e-07
3598.009980975262 8 2.02334e-08
3598.150974569263 10 2.9762e-07
3601.341793600991 7 6.25046e-08
3607.791793654127 7 4.0898e-08
3613.441793372801 7 8.77387e-08
3619.241793472158 7 6.68449e-08
3624.609981107455 8 2.17102e-08
3625.041793470735 7 8.39553e-08
3626.050974770246 10 9.19959e-08
3626.79786625645 3 2.07002e-08
3630.841793497374 7 7.98644e-08
3634.900974648866 10 8.25083e-08
3635.710604397821 8 5.94698e-08
3647.909980619737 8 1.66182e-07
3653.709980772959 8 7.85153e-08
3659.509980755373 8 6.42697e-08
3665.309981019127 8 2.32818e-08
3666.241793659824 7 5.28769e-08
3670.959980776646 8 8.06144e-08
3671.75097457253 10 3.33518e-07
3673.641793358168 7 2.29755e-07
3677.400974657144 10 1.12859e-07
3677.85981825309 6 1.09935e-07
3680.306277925129 2 3.37864e-08
3685.909818148322 6 2.44434e-07
3685.956278013213 2 2.04904e-07
3691.756278255062 2 4.59061e-08
3701.159818247671 6 1.12318e-07
3706.809818007516 6 9.15731e-07
3707.506278184615 2 4.32797e-08
3711.550974639683 10 2.31825e-07
3713.109980681055 8 8.37813e-08
3721.841793469886 7 1.06779e-07
3723.709980767504 8 2.10626e-07
3723.750974775501 10 2.31255e-07
3731.109981000899 8 5.50815e-08
3735.641793841753 7 2.50883e-08
3738.059980959675 8 3.43104e-08
3746.892135851908 7 4.69483e-08
3754.109980519146 8 5.93434e-07
3769.361135365821 8 6.70851e-08
3772.450974883565 10 6.57157e-08
3775.009980634645 8 8.67161e-08
3781.609980429741 8 1.90613e-06
3790.609980882002 8 7.61626e-08
3794.791793411095 7 8.59928e-08
3796.409980559912 8 3.75367e-07
3804.591793698683 7 5.05394e-08
3804.609980633548 8 1.23451e-07
3807.70097503507 10 3.64151e-08
3811.209980717249 8 8.44396e-08
3813.141793553851 7 4.20253e-08
3817.009980952463 8 6.02305e-08
3820.541793640929 7 1.12328e-08
3824.409980785365 8 5.18543e-08
3826.191793539196 7 2.55693e-08
3830.209981103567 8 3.08406e-08
3835.859980840187 8 1.01555e-07
3836.641793498022 7 9.1061e-08
3841.659980922689 8 6.68318e-08
3845.350974600224 10 4.11972e-07
3846.059818495875 6 2.17082e-08
3848.24179334074 7 1.94461e-07
3854.041793607934 7 6.87156e-08
3858.05097455055 10 1.38446e-07
3860.359818182536 6 1.19981e-07
3861.956278049222 2 5.42531e-08
3867.606277890997 2 5.29969e-07
3874.856278314429 2 4.55651e-08
3900.409818447394 6 3.76512e-08
3905.950974886361 10 6.13999e-08
3906.059818266312 6 1.49941e-07
3909.156277944038 2 2.9921e-07
3911.70981792305 6 3.8128e-06
3914.80627803877 2 8.22924e-08
3917.359818582033 6 3.00467e-08
3920.456278050561 2 6.88056e-08
3926.05981815871 6 1.03127e-07
3926.106278034563 2 2.22931e-07
3928.40097487525 10 4.52409e-08
3930.697865907931 3 6.80747e-08
3936.277038655686 11 4.96189e-08
3940.497865813503 3 4.35027e-08
3944.477038640158 11 5.65504e-08
3946.200974956746 10 4.26986e-08
3946.297866074245 3 1.26601e-08
3949.859980735291 8 1.3928e-07
3952.991793875404 7 1.13023e-08
3958.641793595554 7 3.34293e-08
3959.20998065848 8 3.12342e-07
3968.209980889035 8 8.69242e-08
3973.600974693016 10 1.96347e-07
3973.859980962221 8 2.57814e-08
3974.691793430195 7 2.09482e-07
3979.401424893675 10 3.05598e-08
3980.49179353267 7 4.98814e-08
3982.559980973225 8 4.66877e-08
3985.050974780972 10 3.65699e-08
3985.697865722038 3 1.22672e-07
3987.427038710078 11 3.15916e-08
3988.947877674867 4 2.46193e-07
3989.658680567297 5 7.94735e-08
3991.347865823811 3 3.13618e-08
3994.597877880708 4 6.75288e-08
3996.777038607295 11 2.51931e-08
3996.997865541786 3 3.03926e-07
4000.247877896175 4 5.0878e-08
4002.427038557794 11 6.40721e-08
4002.797865451635 3 9.53685e-06
4008.077038341527 11 2.6932e-07
4008.597865854279 3 7.31472e-08
4013.727038847382 11 6.49327e-08
4014.39786589055 3 5.79738e-08
4016.000974541773 10 4.38779e-07
4019.377038754093 11 5.30502e-08
4020.047866141437 3 2.48306e-08
4025.177038407088 11 3.71857e-07
4028.097865670874 3 2.36569e-07
4030.450974639163 10 2.64163e-07
4034.397865959706 3 3.68695e-08
4036.100974580504 10 3.36359e-07
4037.459818193093 6 1.17925e-07
4041.647865798162 3 1.96891e-07
4041.750975027935 10 7.78295e-08
4042.977038566455 11 1.91191e-08
4048.247865683925 3 1.30374e-07
4048.777038606829 11 5.92498e-08
4050.450974878552 10 1.36906e-07
4052.059818097445 6 1.82079e-07
4053.556277953585 2 1.72287e-07
4057.859818191311 6 1.93895e-07
4059.35627781297 2 6.20125e-07
4065.956278064933 2 1.78106e-08
4067.509818344111 6 5.01468e-08
4071.606277958786 2 1.50166e-07
4076.20981817469 6 3.69091e-07
4086.659818089683 6 4.21788e-07
4088.250974755247 10 2.04732e-07
4091.09179327108 7 6.42164e-07
4096.891793506484 7 3.19427e-08
4098.850975207478 10 1.445e-08
4102.691793591737 7 6.21409e-08
4104.650974594318 10 1.66283e-07
4105.747865709979 3 1.21943e-07
4107.377038313152 11 1.30939e-06
4107.997877930821 4 2.16175e-08
4111.547865835957 3 3.17155e-08
4112.208680640396 5 5.15754e-08
4113.79787765006 4 2.06758e-07
4116.377038583435 11 5.59884e-08
4117.997866013177 3 6.19346e-08
4118.008680907759 5 1.48462e-08
4119.597877624607 4 1.20877e-07
4122.827038713773 11 1.0308e-07
4125.397877697888 4 1.19101e-07
4126.208680484364 5 1.02667e-07
4129.247866208024 3 1.45704e-08
4130.077038907135 11 4.21243e-08
4131.047877504344 4 1.89911e-07
4131.858680537648 5 1.17361e-07
4136.697877574113 4 3.61671e-07
4137.508680323195 5 2.77255e-07
4139.547865946323 3 5.85469e-08
4139.577038763156 11 3.97536e-08
4146.622201100163 9 5.02984e-08
4149.377038449645 11 1.65259e-07
4149.997865938117 3 5.55277e-08
4153.850974843421 10 3.12045e-08
4154.559818272183 6 9.42342e-08
4157.059980986066 8 2.58949e-08
4160.359818468091 6 4.35289e-08
4160.406278046418 2 3.93506e-08
4165.259981018321 8 4.9205e-08
4166.159818213675 6 8.41459e-08
4166.850975005262 10 3.21202e-08
4168.306278272452 2 2.2158e-08
4173.409818172857 6 1.8032e-07
4174.10627810647 2 7.29416e-08
4179.906278027575 2 2.2656e-07
4183.059818668785 6 2.77469e-08
4186.206277905636 2 1.5892e-07
4188.859818077739 6 2.37023e-07
4191.856277898193 2 1.12562e-07
4195.459818017603 6 1.14433e-06
4197.656277732919 2 1.53463e-06
4203.456278159196 2 1.83266e-08
4203.659817914328 6 1.39503e-05
4206.909980993767 8 3.39313e-08
4207.850974838547 10 1.21494e-07
4212.709980536049 8 5.95728e-07
4219.309980701285 8 1.27568e-07
4222.450974536523 10 4.02227e-07
4223.859818337448 6 4.61793e-08
4227.391793484768 7 1.17278e-07
4228.250974972138 10 5.47067e-08
4229.76204456364 8 4.20697e-08
4240.359980986702 8 9.996e-09
4250.009980765203 8 1.63507e-07
4255.659980812712 8 8.67011e-08
4256.391793664948 7 4.86535e-08
4260.450974827024 10 3.29333e-08
4261.309980497797 8 1.67504e-06
4264.441793927716 7 1.99537e-08
4271.109980933442 8 1.92822e-08
4282.241793617732 7 5.42733e-08
4290.441793671005 7 6.22927e-08
4295.009981047764 8 4.39449e-08
4310.259980890613 8 7.38937e-08
4310.641793526898 7 7.19846e-08
4311.8509746301 10 1.08616e-07
4315.909981089749 8 2.40583e-08
4322.359980871121 8 5.04604e-08
4328.010262245058 8 6.95533e-08
4336.709980916666 8 6.86735e-08
4346.359980653088 8 1.84428e-07
4351.100974566613 10 3.23988e-07
4353.509818155508 6 1.37865e-07
4355.106278069008 2 1.13307e-07
4361.709818118808 6 2.01258e-07
4364.106277986711 2 3.28009e-08
4368.447865918053 3 5.86999e-08
4368.900974842924 10 5.82119e-08
4370.709818413931 6 1.46929e-08
4377.127038550691 11 8.76906e-08
4377.14786582501 3 3.31238e-08
4382.927038511013 11 7.39329e-08
4384.397865910773 3 4.82724e-08
4388.727038763329 11 1.64061e-08
4389.900974763392 10 1.29862e-07
4390.047866119388 3 3.20395e-08
4392.359818385763 6 9.7222e-08
4392.809981012792 8 4.22187e-08
4401.359818035543 6 2.62822e-07
4401.956278245385 2 5.30492e-08
4407.7562781506 2 1.05824e-07
4412.30981828317 6 1.08279e-07
4414.05627794319 2 5.99139e-08
4419.559818212483 6 1.82107e-07
4420.356278150876 2 9.27561e-08
4425.209818588254 6 2.66954e-08
4428.406278298083 2 4.10915e-08
4430.85981800926 6 4.57876e-07
4439.559818166427 6 2.44591e-07
4440.306277927662 2 2.1912e-07
4446.106278297963 2 3.51469e-08
4454.00627801758 2 9.69985e-08
4458.809818124486 6 2.33636e-07
4465.809980782462 8 6.31721e-08
4474.010253357407 8 1.37335e-08
4475.550974642419 10 1.60921e-07
4478.747865973352 3 8.97891e-08
4480.309818270301 6 1.19852e-07
4482.000975077903 10 5.19594e-08
4483.506277982068 2 9.99453e-08
4487.559818120711 6 3.31182e-07
4493.956278204547 2 8.35057e-08
4497.209818411666 6 6.88179e-08
4500.406278008315 2 9.74424e-08
4502.859818360979 6 6.44571e-08
4507.656277989744 2 2.89615e-08
4510.909818649421 6 4.03724e-08
4513.306277883125 2 5.38083e-07
4516.559818041095 6 4.43591e-07
4519.60627808441 2 4.37412e-08
4525.256278348665 2 2.94587e-08
4525.259818752584 6 6.03446e-09
4531.05627825318 2 3.90703e-08
4531.059817960596 6 1.36954e-06
4537.659818173686 6 9.4623e-08
4538.850974609913 10 4.18502e-07
4541.941793584398 7 7.93972e-08
4547.591793513706 7 6.15758e-08
4553.24179322535 7 1.87237e-06
4558.891793400711 7 1.0743e-07
4560.350974907524 10 1.33006e-08
4564.541793566729 7 3.97613e-08
4566.800974596176 10 1.95329e-07
4569.109981018296 8 2.13974e-08
4570.191793352845 7 2.03138e-07
4574.850974692349 10 6.92792e-08
4577.997865884391 3 9.22963e-08
4578.697878044744 4 3.39735e-08
4579.52703894425 11 2.23379e-08
4580.500974546601 10 1.46036e-07
4582.741793719131 7 5.03694e-08
4582.760208667654 8 2.52164e-08
4585.097865665147 3 4.03427e-07
4585.977038505564 11 7.33645e-08
4588.400974903778 10 3.87086e-08
4594.177038543739 11 3.35834e-07
4595.697865959021 3 2.39309e-08
4599.000974946198 10 3.57869e-08
4600.62703845085 11 3.61552e-07
4601.497865790142 3 6.31495e-08
4610.422200932302 9 6.75968e-08
4613.62703845114 11 2.44765e-07
4613.697865672635 3 2.32871e-07
4620.909818125263 6 1.74391e-07
4625.600974775596 10 4.06397e-08
4626.709818454633 6 6.27463e-08
4629.097866185743 3 7.93643e-09
4630.141793402768 7 7.90722e-08
4635.400974753751 10 5.3804e-09
4635.791793610299 7 4.65493e-08
4641.147866174781 3 1.53852e-08
4642.891793329657 7 3.00195e-07
4648.541793386981 7 1.23044e-07
4652.400974822668 10 3.47824e-08
4654.659981013649 8 6.38105e-08
4658.050974773242 10 1.216e-07
4658.759818502824 6 3.53141e-08
4660.397865764207 3 2.45433e-08
4661.027038826667 11 3.93164e-08
4665.359818241414 6 1.36874e-07
4666.906278175893 2 7.23064e-08
4672.609818390893 6 2.27891e-08
4672.706278059062 2 1.54676e-07
4680.106278022974 2 9.90362e-08
4684.659818398498 6 1.03246e-07
4687.706278358006 2 1.87752e-08
4690.100974543914 10 5.81977e-07
4690.309818599529 6 2.71027e-08
4692.447865806692 3 5.45472e-08
4695.900974606363 10 2.2221e-07
4697.259980678937 8 7.91139e-08
4701.550974757767 10 1.40454e-07
4702.041793651506 7 6.19621e-08
4706.909980975717 8 3.75463e-08
4707.200974556445 10 7.93373e-07
4708.459818315192 6 2.61385e-08
4710.897865903775 3 7.55674e-08
4712.427038440643 11 4.46287e-07
4718.227038656119 11 8.92257e-08
4718.297865720268 3 1.88993e-07
4721.147877710337 4 8.64096e-08
4721.75868050711 5 9.35902e-08
4726.947877447526 4 1.51915e-06
4727.558680407579 5 1.54234e-07
4728.827038848273 11 6.90626e-08
4732.74787763882 4 2.17002e-07
4733.697866114558 3 2.67746e-08
4734.158680402096 5 4.19775e-08
4734.477038753389 11 8.99714e-08
4739.347877793589 4 4.71417e-08
4739.808680519564 5 6.7667e-08
4745.147877738463 4 8.7217e-08
4745.608680837564 5 4.47385e-09
4749.097866086442 3 4.86788e-08
4750.947877452782 4 1.52854e-06
4751.408680373674 5 1.08959e-07
4752.927038822049 11 2.97175e-08
4756.497865806951 3 5.14142e-08
4756.597877973885 4 1.0857e-07
4757.350974905561 10 4.02504e-08
4760.560007954332 8 6.57163e-08
4761.291793607944 7 1.4731e-08
4767.091793293948 7 2.55356e-07
4771.150975091232 10 6.736e-08
4772.891793320015 7 3.20646e-07
4779.350974932367 10 6.03733e-08
4779.491793363519 7 1.48743e-07
4785.141793410226 7 1.91582e-07
4789.00097466561 10 3.32289e-07
4789.559980974808 8 4.12018e-08
4792.05981850166 6 5.53383e-08
4794.650974618107 10 2.64531e-07
4798.659818084102 6 1.13751e-07
4801.900974657617 10 1.79876e-07
4807.377038647715 11 2.40903e-08
4811.897865744793 3 1.4584e-07
4813.950974795641 10 3.87223e-08
4814.709818483607 6 3.05454e-08
4821.159818381708 6 3.05462e-08
4821.806277806662 2 1.02559e-06
4826.80981822421 6 7.2599e-08
4827.606278280195 2 2.35412e-08
4832.459818060494 6 7.14211e-07
4838.909818309539 6 8.48987e-08
4839.656277878539 2 3.25379e-07
4845.306278373374 2 2.18659e-08
4849.209818588016 6 3.25974e-08
4854.006278206257 2 6.58212e-08
4854.859818132047 6 1.8425e-07
4862.05627801486 2 1.63736e-07
4868.959980876931 8 8.01492e-09
4870.759818460088 6 4.54124e-08
4870.800975096435 10 2.78827e-08
4876.600974535539 10 4.9992e-07
4877.209818293003 6 1.97854e-07
4880.306278130179 2 4.62236e-08
4883.659818297829 6 3.56214e-08
4886.106278232617 2 4.89169e-08
4893.159980920728 8 7.929e-08
4894.100974721415 10 1.12077e-07
4894.109818350098 6 4.53886e-08
4898.84786573248 3 1.2541e-07
4901.500974930809 10 5.88059e-08
4905.297866017767 3 3.30056e-08
4906.80981828309 6 8.22787e-08
4911.300974760494 10 4.06252e-08
4912.547865715683 3 1.15652e-07
4913.977038352595 11 1.81591e-07
4919.647866079843 3 3.30721e-08
4921.900974804967 10 3.60724e-08
4921.909818232545 6 1.00891e-07
4927.700974583711 10 1.68891e-07
4930.909818567655 6 2.16643e-08
4932.497866055845 3 2.75095e-08
4935.627038374556 11 1.83052e-07
4938.000974800189 10 1.14191e-07
4938.147865849196 3 7.30646e-08
4941.277038641978 11 1.43746e-07
4943.797865988011 3 2.90426e-08
4944.308680647721 5 5.72919e-08
4944.347877646768 4 2.90692e-07
4946.927038577267 11 1.35931e-07
4951.672200718118 9 2.21367e-07
4957.472201067193 9 5.92098e-08
4961.377038406868 11 6.2269e-07
4963.697865843317 3 6.27848e-08
4969.497865943065 3 2.93634e-08
4970.227038388746 11 1.8551e-07
4973.2509749879 10 5.06972e-08
4976.409818226211 6 6.86802e-08
4981.572200879893 9 7.03234e-08
4990.209817996989 6 2.367e-07
4993.456278042188 2 1.06021e-07
4995.859818681487 6 4.80905e-08
5001.509818157837 6 1.65535e-07
5008.759818394598 6 4.79861e-08
5009.506277900489 2 3.35408e-07
5015.156277845689 2 1.17709e-07
5018.259818155538 6 1.1214e-07
5026.322200999285 9 8.75357e-08
5030.309818279727 6 2.30777e-08
5035.056277955222 2 1.18386e-07
5035.959818379619 6 6.13864e-08
5041.506277882833 2 1.59781e-07
5056.756278213423 2 3.67489e-08
5058.259818098742 6 2.20439e-07
5059.050974807684 10 5.64803e-08
5062.241793520935 7 1.29374e-07
5064.700974846796 10 3.46458e-08
5066.197865977453 3 9.48339e-09
5067.877038640278 11 1.13779e-07
5071.99786613117 3 3.22135e-08
5073.527038559376 11 9.76542e-08
5076.750974522296 10 7.00283e-07
5078.291793405619 7 5.65486e-08
5082.400974947061 10 4.99828e-09
5083.941793431561 7 1.41348e-07
5088.050974713117 10 2.48686e-07
5088.60998104374 8 1.93717e-08
5091.909818289887 6 3.17582e-08
5093.700974801165 10 6.4338e-08
5097.709818325013 6 5.02588e-08
5103.359818602905 6 4.91206e-08
5105.506277958114 2 1.43184e-07
5111.306278044535 2 2.64824e-08
5122.459818239683 6 1.60284e-07
5123.206278013495 2 1.60191e-07
5129.806278058732 2 1.38762e-07
5132.109818345331 6 9.96315e-08
5135.456278129843 2 6.66569e-08
5137.759818241206 6 8.36731e-08
5144.859818555492 6 3.20602e-08
5145.606278159951 2 5.64871e-08
5151.406277914697 2 2.1196e-07
5157.056278153703 2 8.9889e-08
5162.70627784902 2 8.33519e-07
5163.959818203989 6 1.42134e-07
5168.356278065121 2 1.60663e-07
5169.609818512562 6 4.32002e-08
5174.006278143614 2 6.60426e-08
5177.659818102886 6 1.81006e-07
5180.000974894985 10 4.02947e-08
5183.097865903817 3 4.6969e-08
5185.577038352416 11 4.79377e-07
5190.497865950387 3 5.56724e-08
5194.577038640415 11 8.21423e-08
5196.297865947912 3 4.95476e-08
5200.377038603282 11 6.35061e-08
5203.472200788395 9 2.04549e-07
5208.5770384263 11 2.01047e-07
5209.297865722942 3 1.44473e-07
5214.227038399345 11 2.911e-07
5215.097865609644 3 3.59877e-07
5220.027038671788 11 9.6074e-08
5220.897865975811 3 2.55827e-08
5225.827038330773 11 1.07723e-06
5226.697865886537 3 8.49032e-08
5231.627038563176 11 1.07722e-07
5234.897866221741 3 1.61278e-08
5236.572200933319 9 1.20556e-07
5243.02703860325 11 4.09023e-08
5243.09786566523 3 3.81634e-07
5245.000974809648 10 3.87998e-08
5246.659818498695 6 4.10164e-08
5248.897865808668 3 1.12203e-07
5252.400974654414 10 5.99891e-08
5254.059818164232 6 1.47598e-07
5258.15627808547 2 2.09112e-08
5259.859818595076 6 1.62034e-08
5263.000974531624 10 7.2932e-07
5265.509818312861 6 5.25136e-08
5267.806278010045 2 1.31905e-07
5271.159818179571 6 1.38845e-07
5275.850974366721 10 0.00010547
5277.309818265254 6 5.74656e-08
5283.109818321898 6 4.34628e-08
5287.706278222041 2 3.00491e-08
5289.409818191706 6 9.69917e-08
5297.459818091799 6 2.05216e-07
5298.150974989262 10 7.0035e-08
5300.509980895902 8 4.88326e-08
5303.109818102587 6 2.58587e-07
5303.306277962354 2 6.40374e-08
5310.20981840338 6 6.28463e-08
5310.256277964718 2 1.66072e-07
5316.009818275426 6 2.78216e-08
5318.156278093886 2 1.20906e-07
5321.659818011198 6 8.22747e-07
5323.806277748639 2 1.0408e-06
5327.310915995518 6 1.67571e-06
5329.45627795083 2 1.60803e-07
5332.959818443576 6 5.14585e-08
5337.356278093128 2 5.92987e-08
5339.559818169971 6 1.54876e-07
5344.622201175436 9 4.03078e-08
5361.359818210722 6 8.46524e-08
5363.806278132137 2 8.8858e-08
5368.609818486979 6 1.7939e-08
5369.456278353393 2 3.45458e-08
5376.706277858418 2 3.39002e-07
5379.059818029075 6 2.16643e-07
5383.006278072003 2 3.12249e-08
5385.509818409096 6 3.7821e-08
5389.359980943195 8 2.99192e-08
5389.40097472893 10 4.70313e-08
5391.159818143973 6 3.0382e-07
5396.809818167656 6 1.93042e-07
5400.000974929132 10 5.35672e-08
5412.059818118369 6 2.84687e-07
5416.050974649323 10 3.36854e-07
5417.709818040646 6 5.34739e-07
5418.156278119183 2 5.66303e-08
5420.609980975411 8 3.77641e-08
5423.359818415436 6 8.0768e-08
5423.800974531924 10 4.35631e-07
5427.047865862511 3 1.3841e-08
5428.527038834289 11 8.16105e-08
5431.700974774056 10 5.08399e-08
5432.697865687457 3 9.08358e-08
5434.977038659051 11 1.00348e-07
5438.347865706698 3 2.21337e-07
5441.427038559866 11 7.74255e-08
5443.74787793489 4 2.66646e-08
5446.108680375211 5 1.43034e-07
5449.548300311218 4 4.16285e-06
5455.197877612177 4 5.93485e-08
5455.908680332723 5 3.45105e-07
5458.247865995414 3 3.24458e-08
5460.847877584987 4 1.40551e-07
5461.558680176069 5 3.23433e-06
5466.497877642792 4 1.19964e-07
5467.208680333567 5 1.18455e-07
5470.127038691148 11 8.80552e-08
5472.297877686924 4 5.68263e-08
5472.858680342349 5 2.48666e-07
5478.097877722163 4 4.50351e-08
5478.17703845559 11 2.65871e-07
5478.508680698374 5 4.7351e-08
5478.947865821361 3 2.3348e-08
5483.897878039644 4 1.60975e-08
5484.747865639719 3 8.65503e-08
5486.377038599953 11 1.20823e-07
5490.397865759889 3 9.1129e-08
5491.70868055289 5 9.85195e-08
5491.797877545241 4 1.74544e-07
5496.527038767251 11 9.14668e-08
5497.508680681617 5 3.10723e-08
5497.597877721946 4 6.30245e-08
5500.547865956179 3 2.9081e-08
5502.177038637707 11 5.84447e-08
5503.308680543046 5 1.01507e-07
5503.397877670865 4 8.75971e-08
5509.108680234147 5 7.31383e-07
5509.197877657915 4 1.37647e-07
5514.90868034736 5 2.06295e-07
5514.997877409039 4 7.25846e-06
5515.827038646112 11 2.77529e-08
5520.708680352259 5 3.23676e-07
5520.797877761523 4 1.07521e-08
5524.677038718512 11 6.21961e-08
5526.508680505797 5 5.36589e-08
5526.597877520186 4 7.23646e-07
5532.308680580285 5 3.11139e-08
5535.597877683452 4 1.14085e-07
5538.108680554507 5 9.02366e-08
5539.777038544417 11 1.24398e-07
5540.597866059769 3 2.58477e-08
5541.397877595214 4 1.92318e-07
5543.758680509486 5 9.68825e-08
5546.247865771889 3 1.96251e-07
5546.950974650617 10 4.37436e-07
5548.491793594375 7 3.77289e-08
5552.509981041918 8 3.20559e-08
5552.750974540855 10 5.17473e-07
5556.359818304899 6 1.08656e-07
5563.759818228065 6 1.29195e-07
5565.456277869907 2 3.04224e-07
5569.559818236455 6 1.2691e-07
5571.256278126474 2 2.38873e-08
5574.400974834128 10 1.00268e-08
5575.897865886332 3 3.48563e-08
5577.427038611861 11 3.99742e-08
5580.37220121576 9 1.81252e-08
5583.227038585332 11 1.67738e-07
5583.297865819934 3 5.82219e-08
5589.027038511203 11 9.28505e-08
5589.097866004413 3 6.04426e-08
5597.297865727051 3 2.63261e-07
5598.527038863063 11 1.04011e-08
5599.250974966584 10 4.73582e-08
5603.097865728549 3 1.41856e-07
5605.050974956959 10 3.47108e-08
5606.427038432917 11 5.64898e-08
5616.009818074941 6 2.90548e-07
5617.706277804977 2 3.83258e-07
5621.809818245647 6 9.96929e-08
5624.150974815553 10 3.47672e-08
5624.89786583186 3 6.8395e-08
5626.327038554244 11 1.76524e-07
5632.127038720054 11 5.64131e-08
5633.097865865496 3 7.15242e-08
5636.050974593226 10 2.73448e-07
5638.309980685158 8 9.83453e-08
5644.109980696314 8 1.6194e-07
5649.759981085654 8 2.83354e-08
5654.350974949879 10 3.24426e-08
5655.559980636038 8 1.70902e-07
5660.000974622312 10 1.47876e-07
5662.35981823156 6 1.18149e-07
5664.656278197911 2 7.15382e-08
5666.300974619042 10 2.1561e-07
5671.059818178451 6 1.78967e-07
5671.950975094804 10 4.61384e-08
5673.356278001369 2 1.44652e-07
5682.20627796236 2 3.83057e-08
5684.559818309191 6 1.33139e-07
5692.656278032693 2 4.8267e-08
5692.759818091257 6 1.58486e-07
5698.409818208753 6 6.0135e-08
5700.697866008522 3 3.29496e-08
5703.077038575044 11 1.08979e-07
5708.572201053244 9 4.25412e-08
5719.927038452737 11 2.21359e-07
5720.747865499202 3 1.63041e-06
5725.577038829977 11 7.45154e-08
5726.25097492334 10 8.66605e-08
5726.39786586341 3 5.67665e-08
5732.050974503508 10 7.63457e-07
5734.297865728252 3 6.78157e-08
5739.877038474 11 1.98698e-07
5740.747865597695 3 4.35256e-07
5742.350974797596 10 9.40729e-08
5745.359980540501 8 2.66499e-07
5751.159980827399 8 3.12825e-08
5757.610235066504 8 1.58671e-06
5763.259981015847 8 3.57901e-08
5767.091793539444 7 9.50341e-08
5768.909980459482 8 2.70994e-06
5772.800974988293 10 7.19917e-08
5774.559980794249 8 6.45554e-08
5780.209980771151 8 1.2441e-07
5784.050974665986 10 1.634e-08
5785.859980645694 8 3.10864e-07
5787.291793512419 7 7.51421e-08
5793.610208424546 8 1.02112e-07
5796.750975177431 10 2.11591e-08
5804.859980910544 8 3.78465e-08
5806.391793599878 7 5.89807e-08
5811.959980796283 8 1.2135e-07
5818.41021730477 8 1.03555e-07
5824.059981120329 8 4.19486e-08
5828.841793735514 7 1.73357e-08
5829.70998077243 8 4.5868e-08
5835.359980896984 8 3.15452e-08
5836.091793393556 7 1.35072e-07
5838.400974665458 10 5.59623e-08
5839.909818240541 6 1.19483e-07
5842.397865777518 3 7.80715e-08
5843.927038437102 11 2.69441e-07
5848.197866040689 3 1.77207e-08
5848.200974668875 10 1.84153e-07
5851.977038597715 11 1.06302e-07
5853.997866073711 3 3.73437e-09
5854.000974763851 10 2.09768e-07
5856.859980757945 8 9.31355e-08
5860.109818313584 6 1.11008e-07
5860.600974694513 10 2.93196e-08
5862.9978662027 3 1.12894e-08
5864.641793607948 7 1.76764e-08
5866.250974540205 10 6.3748e-07
5868.64786561409 3 2.96021e-07
5869.47703849342 11 3.33958e-07
5874.297865774972 3 1.70726e-07
5875.127038407454 11 8.14862e-08
5879.947865837707 3 5.72075e-08
5881.577038310815 11 9.92864e-07
5885.500974924454 10 6.01487e-08
5885.597866258446 3 3.35536e-08
5886.259818213352 6 1.09006e-07
5887.906277901653 2 4.47484e-08
5891.300974959797 10 9.26193e-08
5891.809980823746 8 1.04225e-07
5892.059818597873 6 3.98075e-08
5897.456278105777 2 1.17908e-07
5897.709818154301 6 3.44305e-07
5901.609980885685 8 5.93558e-08
5905.45981811536 6 3.5773e-07
5905.506278192672 2 5.29288e-08
5911.306278304993 2 3.15514e-08
5914.309818303629 6 5.49796e-08
5917.606277952748 2 1.20922e-07
5925.656277918025 2 3.55613e-07
5931.159818311637 6 8.05371e-08
5931.306277807417 2 9.09581e-07
5936.959818168244 6 1.43619e-07
5937.450974772863 10 1.08967e-07
5942.609818372703 6 6.256e-08
5943.100974883575 10 3.98161e-08
5945.497865923491 3 3.33402e-08
5948.709981024255 8 7.65295e-08
5948.900974503224 10 1.35006e-06
5951.147865748282 3 8.78563e-08
5952.677038512204 11 9.65557e-08
5956.797865965582 3 3.3653e-08
5958.477038621282 11 2.4129e-08
5962.447865651412 3 3.50707e-07
5964.127038533666 11 1.04288e-07
5968.097865800458 3 1.79732e-08
5969.777038743286 11 3.75358e-08
5976.07703882065 11 4.77375e-08
5977.59786553917 3 3.51047e-07
5981.727038258439 11 1.70307e-06
5985.647865949319 3 6.20437e-08
5988.000974796389 10 9.38992e-08
5988.759818183317 6 2.7682e-07
5991.106277935747 2 1.08092e-07
5996.159817981295 6 1.32211e-07
5996.906277937654 2 2.08677e-07
6006.556278044016 2 4.98989e-08
6017.659818117419 6 2.56079e-07
6019.25627801489 2 6.79391e-08
6024.906277996096 2 2.97189e-07
6027.309818233573 6 1.23957e-07
6030.556278159064 2 2.35549e-08
6032.959818075139 6 9.4808e-07
6037.656278119929 2 1.02077e-07
6038.610916099146 6 2.20348e-07
6040.050974818499 10 4.10291e-08
6043.30627770949 2 2.34642e-06
6045.709818201954 6 2.10657e-07
6049.106278332573 2 8.18064e-08
6059.406278288058 2 2.9212e-08
6066.559818374393 6 7.09793e-08
6068.106278207031 2 4.63686e-08
6073.659818250682 6 1.41433e-07
6073.756278162275 2 6.91825e-08
6079.459818583643 6 4.35298e-08
6083.950974838472 10 1.89046e-08
6085.109818522826 6 5.84663e-08
6087.297865811195 3 4.63384e-08
6092.027038361608 11 5.19614e-07
6092.947866083366 3 3.47522e-08
6099.277038651095 11 7.31814e-08
6104.927038634341 11 5.94099e-08
6112.022201056118 9 2.10546e-08
6117.672200732465 9 1.2369e-07
6123.322201042877 9 2.29589e-08
6129.647865877334 3 5.35059e-08
6130.427038471942 11 3.73272e-07
6132.800975053691 10 3.33369e-08
6135.04787800094 4 5.8911e-08
6135.447865737629 3 1.80363e-07
6138.291793636406 7 3.94771e-08
6138.450974608748 10 1.30833e-07
6139.159980983957 8 2.12681e-08
6140.70981839567 6 4.17009e-08
6144.306278166409 2 3.05473e-08
6146.500974931916 10 1.14155e-07
6146.509818202722 6 2.01061e-07
6152.010016803142 8 3.46599e-08
6153.90097485122 10 7.94438e-08
6153.909818174595 6 9.72528e-08
6156.447866040858 3 1.94556e-08
6159.700974551216 10 5.34827e-07
6162.247866005227 3 6.14861e-08
6164.059818127039 6 2.17993e-07
6166.300975011989 10 3.74003e-08
6166.309980816142 8 2.71482e-08
6171.897865739144 3 3.91319e-07
6172.100975057526 10 2.52046e-08
6173.377038377552 11 1.35676e-07
6177.547866106865 3 2.20702e-08
6177.750974921958 10 4.75931e-08
6179.009818087092 6 3.58439e-07
6181.506277976404 2 1.78757e-07
6199.209818041951 6 7.57681e-07
6201.70627791095 2 4.25057e-07
6206.459818336384 6 9.96248e-08
6208.050974598579 10 1.85313e-07
6210.397865817001 3 4.85105e-08
6212.75981866161 6 1.82575e-08
6213.700974829694 10 5.26567e-08
6218.409818362072 6 8.59355e-08
6219.350974638493 10 5.45702e-07
6220.847865727515 3 2.15014e-07
6222.377038555454 11 8.90042e-08
6223.097878137118 4 1.22621e-08
6226.497865813605 3 7.11102e-08
6228.027038808768 11 2.05013e-08
6230.32220097588 9 1.11917e-07
6233.677038441456 11 1.23095e-07
6237.597865659998 3 1.81559e-08
6239.900974617231 10 1.28535e-07
6242.309818264291 6 8.99982e-08
6243.906278050675 2 9.08865e-08
6247.959818487083 6 1.02364e-07
6249.556277793299 2 3.11319e-07
6255.206278096936 2 1.68076e-07
6266.456277981176 2 1.73356e-07
6273.259980932863 8 7.92421e-08
6274.409818260577 6 7.74062e-08
6276.756277888788 2 3.24369e-07
6284.006277838 2 2.27313e-07
6285.50981820453 6 1.82753e-07
6288.750974635127 10 3.93324e-07
6290.991793458641 7 1.78109e-07
6294.400974443853 10 1.78461e-06
6295.959818107614 6 3.66848e-07
6299.897865931719 3 2.09071e-08
6300.050974693018 10 1.18244e-07
6302.227038425569 11 3.76666e-07
6305.697865708628 3 1.74154e-07
6308.027038307731 11 1.12811e-06
6311.347865881776 3 1.467e-07
6311.950974786486 10 1.19296e-07
6315.041793306103 7 2.22977e-07
6319.200974604337 10 3.87189e-08
6320.659980938547 8 1.76841e-08
6322.291793436628 7 1.07016e-07
6327.941793135875 7 2.4243e-06
6329.500974915601 10 7.73223e-08
6333.591793191121 7 7.24478e-07
6339.241793514329 7 3.67692e-08
6344.891793293331 7 2.45933e-07
6347.950974634279 10 2.79478e-07
6350.259818169518 6 3.39474e-07
6352.706278214276 2 5.02396e-08
6354.400974888743 10 1.62747e-08
6356.0598183962 6 2.66868e-08
6358.356278023892 2 9.2799e-08
6362.509818190009 6 8.69583e-08
6365.606277943731 2 1.05922e-07
6371.256278112656 2 2.71774e-08
6373.60981808046 6 3.78739e-07
6380.709818318831 6 1.04299e-07
6382.356277945389 2 9.89174e-08
6387.159818546366 6 2.51465e-08
6388.006278465267 2 1.76644e-08
6396.056278297981 2 2.40905e-08
6397.609818152811 6 1.2121e-07
6401.706278199518 2 7.34686e-08
6406.309818162757 6 2.60606e-07
6407.356278476014 2 1.71778e-08
6411.959818156979 6 2.11244e-07
6414.30627794413 2 2.91611e-07
6421.706277987166 2 1.19819e-07
6425.609818071984 6 6.19055e-07
6427.356277873974 2 1.49132e-07
6431.259818527897 6 4.99054e-08
6434.272200901902 9 1.35343e-07
6439.922201242491 9 2.34006e-08
6445.572201137132 9 4.9715e-09
6450.359818048411 6 5.60598e-07
6452.706278287327 2 1.01493e-08
6454.300974677699 10 1.61712e-07
6458.409818470966 6 4.80409e-08
6462.350974680865 10 1.85375e-07
6463.097866330267 3 1.06479e-08
6464.059818004292 6 7.40936e-07
6468.000974811203 10 6.58147e-08
6469.709818536678 6 3.88713e-08
6475.947865846455 3 6.16286e-08
6476.727038782627 11 4.66009e-08
6481.747865874631 3 7.20789e-08
6482.450974941594 10 7.29291e-08
6483.977038583711 11 1.62553e-08
6489.322200813943 9 1.01747e-07
6494.577038580998 11 8.36944e-08
6495.247865942801 3 4.69686e-08
6498.500974828264 10 8.45805e-08
6499.209818282799 6 6.19378e-08
6501.556277816561 2 6.24518e-07
6505.009818209009 6 2.09547e-07
6507.356278121018 2 1.41249e-08
6523.309818179332 6 1.75889e-07
6525.006278352159 2 3.39189e-08
6526.550974758725 10 5.21285e-08
6529.697865725922 3 1.11365e-07
6530.47703876727 11 4.34768e-08
6532.959818179885 6 1.41423e-07
6533.150974924026 10 4.30577e-08
6535.956278284796 2 5.14697e-08
6540.059818519022 6 5.61697e-08
6541.606277990935 2 2.28512e-07
6546.359818426068 6 2.32646e-08
6548.056278146539 2 6.23345e-08
6553.706277891848 2 2.86325e-07
6555.209818075366 6 2.1502e-07
6563.97220080866 9 1.24225e-07
6569.622201187659 9 2.57657e-08
6572.8598185891 6 2.27821e-08
6580.072200971461 9 3.28389e-08
6583.159818251918 6 6.58658e-08
6587.109980839999 8 6.55679e-08
6594.256277951995 2 1.90407e-07
6596.009818149055 6 1.60963e-07
6600.056278469899 2 2.58657e-08
6608.859818435566 6 4.82579e-08
6614.356278294202 2 6.79707e-09
6618.359818274798 6 1.37655e-07
6626.406278110998 2 5.50189e-08
6632.056278191533 2 2.30555e-08
6635.159980823218 8 5.26353e-08
6636.750974963953 10 1.26697e-08
6636.809818284247 6 8.837e-08
6639.156277933221 2 1.48081e-07
6642.609818207305 6 8.27963e-08
6650.406278045269 2 7.19482e-08
6656.109818017715 6 3.81932e-07
6656.206278196389 2 5.08003e-08
6657.600974775011 10 1.06262e-07
6661.909818121398 6 6.77554e-07
6664.106278094184 2 1.37227e-07
6667.709818577913 6 2.70553e-08
6671.250974942504 10 2.58283e-08
6674.39786586083 3 1.40709e-07
6676.597877712726 4 1.37189e-07
6676.777038795919 11 1.50766e-08
6678.558680566351 5 6.07985e-08
6682.397877456901 4 5.04882e-07
6684.208680518248 5 1.55471e-07
6688.197877567849 4 4.00773e-07
6689.858680608954 5 1.16919e-08
6690.577038622671 11 4.10699e-08
6695.447877793635 4 1.0781e-07
6696.30868044397 5 4.48832e-08
6701.098962292448 4 9.9029e-08
6701.95868074299 5 4.88379e-08
6706.747877605564 4 3.28355e-07
6707.608680301799 5 4.39179e-07
6712.39787774219 4 1.18243e-07
6713.258680333796 5 2.37351e-08
6715.427038559927 11 1.171e-07
6718.04787759738 4 4.608e-08
6719.058680471936 5 1.31067e-07
6723.847877898209 4 1.12448e-07
6725.658680422291 5 9.00743e-08
6728.277038682746 11 4.01974e-08
6729.647877840093 4 4.11593e-08
6731.458680217259 5 1.41285e-06
6735.447877612177 4 4.22713e-07
6737.108680298295 5 1.05688e-07
6740.177038453816 11 1.18325e-07
6740.997866032034 3 1.70666e-08
6741.097877569079 4 2.87512e-07
6743.258680531439 5 5.26803e-08
6746.898597943922 4 9.34195e-08
6748.097865768293 3 1.77953e-07
6748.877038829191 11 3.36392e-08
6749.70097487863 10 6.05679e-08
6752.709818046925 6 2.92039e-07
6753.606278061967 2 1.69652e-07
6763.309818048412 6 6.62955e-07
6763.406278094881 2 6.99177e-08
6773.610043821529 8 6.13731e-08
6775.509818162015 6 3.65305e-07
6776.000974897996 10 7.46162e-08
6777.556278049035 2 1.80554e-08
6781.159818340398 6 7.03161e-08
6785.572200955801 9 6.29235e-08
6794.422201073763 9 1.99345e-08
6805.672200804065 9 4.75247e-08
6810.509818539065 6 6.06169e-08
6816.006277855717 2 4.51953e-08
6816.159818528109 6 2.80007e-08
6821.656278150193 2 1.16343e-07
6821.80981840731 6 1.35454e-07
6831.309818145391 6 2.79441e-07
6832.106278145828 2 1.52233e-08
6842.556277996015 2 9.58771e-08
6848.206278008068 2 9.78439e-08
6848.9598185804 6 6.22605e-08
6853.856277859141 2 4.99971e-07
6854.609818462546 6 9.98592e-08
6859.506277982877 2 1.14535e-07
6865.156277903429 2 3.88592e-07
6866.509818361034 6 7.46459e-08
6873.706278279185 2 1.90516e-08
6874.559818333638 6 8.94044e-08
6879.356278162671 2 2.99711e-08
6883.259818295785 6 8.01032e-08
6885.006278292521 2 4.17872e-08
6888.909818180744 6 1.75893e-07
6891.250974840502 10 1.00454e-07
6894.397865972055 3 1.2517e-08
6896.777038475827 11 1.16411e-07
6897.497877639581 4 1.98568e-07
6897.558680439115 5 6.87423e-08
6903.297877757506 4 9.47303e-08
6903.358680324162 5 8.94493e-08
6909.898579687545 4 2.70402e-07
6910.608680457841 5 1.0476e-07
6912.177038394352 11 3.94847e-07
6913.797865772272 3 5.64335e-08
6916.250974843958 10 5.56019e-08
6920.377038510042 11 1.32906e-07
6921.197865749628 3 1.77308e-07
6924.300974548163 10 3.50031e-07
6926.45998103518 8 1.63071e-08
6927.54179354658 7 8.22672e-08
6933.341793477756 7 9.97873e-08
6937.300974567697 10 3.42173e-07
6940.441793449987 7 4.05117e-08
6942.950974640821 10 2.84703e-07
6943.359818271632 6 1.11081e-07
6949.159818250561 6 1.73813e-07
6950.0562782824 2 3.82478e-08
6955.856278421479 2 4.44755e-08
6958.159818384243 6 6.28761e-08
6962.156278116349 2 1.0604e-07
6963.809818119182 6 3.29522e-07
6970.909818572421 6 3.31774e-08
6974.056277871485 2 1.73026e-07
6979.856278362989 2 3.20056e-08
6983.759818147236 6 2.34703e-07
6985.506278163734 2 8.8573e-08
6988.450974759549 10 4.9493e-08
6990.047865661567 3 2.84871e-07
6992.347877665867 4 1.12164e-07
6993.208680514565 5 1.09753e-08
6998.027038546398 11 6.26845e-08
6998.147877894986 4 2.22382e-08
6998.858680525015 5 3.43542e-08
6999.697866075212 3 2.0694e-08
7003.797877521683 4 1.61998e-07
7004.658680543145 5 1.83456e-07
7009.598642699558 4 1.45048e-07
7010.308680678271 5 5.91805e-08
7012.627038868943 11 4.49802e-08
7015.24787782326 4 3.60945e-08
7018.147865689616 3 8.91511e-08
7019.077038434595 11 2.17847e-07
7026.922201105108 9 7.14067e-08
7034.172200899925 9 1.66751e-07
7038.177038522979 11 1.31456e-07
7038.197865579065 3 9.63687e-07
7040.500974480384 10 1.7163e-06
7042.859981034757 8 4.37727e-08
7046.300974847829 10 6.26411e-08
7047.659818385361 6 7.77435e-08
7052.509980973374 8 2.63565e-08
7053.459818344722 6 6.03536e-08
7054.906278013866 2 5.51265e-08
7059.997865989518 3 5.14776e-08
7063.15097514861 10 1.48695e-08
7064.627038756421 11 9.56852e-08
7068.697866019698 3 1.469e-08
7072.027038495229 11 2.06428e-07
7077.677038711218 11 6.74314e-08
7080.722201118549 9 4.24829e-08
7087.977038408111 11 2.69606e-07
7089.547865618811 3 1.59088e-07
7093.509818411473 6 4.79005e-08
7093.600974617445 10 3.79109e-07
7096.706278356983 2 1.86954e-08
7099.309817961288 6 2.80534e-06
7099.40097509253 10 4.31801e-08
7104.606278022922 2 1.05885e-07
7105.109818305112 6 1.694e-07
7111.709818314043 6 1.30208e-07
7113.606278130041 2 1.35678e-07
7119.906277984483 2 5.77665e-08
7121.50981820992 6 4.85398e-08
7131.159818196551 6 2.84766e-07
7131.956277883606 2 2.13832e-07
7135.150974565152 10 6.8046e-07
7137.491793478343 7 7.76545e-08
7143.291793181508 7 1.6679e-06
7147.109980909934 8 1.81218e-08
7147.200974646746 10 1.94134e-07
7152.91026255297 8 9.57172e-08
7158.70998046 8 1.83452e-07
7160.050974842312 10 7.49726e-08
7164.509980864607 8 6.12917e-08
7165.591793378649 7 8.83334e-08
7170.309980818037 8 7.24048e-08
7176.110244251693 8 4.62423e-07
7176.991793497458 7 4.67967e-08
7181.909980815068 8 1.49689e-07
7184.900974956257 10 1.74239e-08
7185.991793420386 7 1.58492e-07
7187.710043900532 8 1.22762e-07
7193.509980829596 8 3.02858e-08
7194.400974422332 10 5.42523e-06
7196.647865640632 3 2.76347e-07
7197.477038614571 11 6.89387e-08
7198.047877733312 4 5.50779e-08
7198.85868065856 5 4.12565e-08
