0.839499913012 11 3.81934e-08
8.80924779733 3 2.80474e-08
13.783820251722 2 1.62254e-07
16.263346940141 5 6.45135e-08
19.43382013816 2 7.98009e-09
27.409247336999 3 1.92166e-07
30.713346728713 5 1.07749e-07
33.083820417921 2 1.64982e-08
36.363346693803 5 6.48816e-07
38.733820353995 2 3.58814e-08
42.663347062945 5 3.33807e-08
44.383820261512 2 3.70711e-08
50.639500108181 11 6.26125e-09
69.089499990647 11 1.21491e-08
69.816588893251 4 3.06465e-07
71.362326516112 9 6.5466e-07
74.73949973377 11 2.78405e-07
75.466588858594 4 2.35457e-07
77.012326917664 9 3.90915e-08
78.659247406959 3 2.43684e-08
84.459247246916 3 1.12469e-07
91.709247344758 3 1.69166e-07
94.713346720135 5 1.20712e-07
97.883820380236 2 3.54429e-08
101.359247197994 3 1.5709e-07
109.313346786614 5 1.70332e-07
114.963346833437 5 6.10137e-08
121.263346991802 5 4.29334e-08
123.418293117535 7 1.11617e-07
124.275394873279 8 2.73928e-08
129.218293132028 7 6.71082e-08
130.014435236766 10 5.55468e-08
130.075394468496 8 3.09452e-07
135.668292810301 7 2.3889e-07
135.875394752494 8 9.10798e-09
140.464435152897 10 1.16614e-07
141.525394355816 8 1.27929e-06
142.118293236008 7 1.59775e-08
147.17539440599 8 1.87967e-07
147.768292916136 7 1.77908e-07
152.825394433069 8 3.76077e-07
153.418671199961 7 4.00379e-08
154.114435147379 10 8.65969e-08
158.475394690495 8 7.70027e-08
159.068292772655 7 1.49922e-06
163.61443523855 10 1.78518e-08
164.125394949851 8 2.45325e-08
165.36829311204 7 7.02682e-08
169.925394503175 8 3.21203e-07
171.018293086944 7 3.37236e-08
175.725394698995 8 8.51194e-08
176.668292779026 7 6.65433e-07
178.864435420884 10 3.88834e-08
182.859247680952 3 1.77958e-08
184.437625306515 6 1.14064e-07
187.864435031169 10 2.71385e-07
193.514435458551 10 1.55696e-08
195.859247302234 3 1.53193e-07
197.437625126838 6 1.33037e-07
202.309247507202 3 6.34329e-08
203.087625080221 6 3.11466e-07
208.737625083352 6 1.43317e-07
210.209247448045 3 5.96595e-08
214.38762525107 6 1.33496e-07
220.037625293813 6 1.55817e-07
224.509247408255 3 1.12709e-07
231.787624994791 6 2.47205e-07
237.437625390396 6 8.51113e-08
242.959247613409 3 5.73214e-08
243.087625208552 6 1.23582e-07
252.587625340039 6 5.59148e-08
259.809247537961 3 3.59812e-08
260.637625132759 6 3.51077e-07
270.287625349576 6 1.19941e-07
275.937625207191 6 8.07382e-08
281.587625217297 6 1.02823e-07
287.887625136464 6 5.17432e-07
291.859247339186 3 9.4583e-08
297.509247537207 3 3.09663e-08
300.614435375201 10 2.14988e-08
302.18762520114 6 7.25682e-08
307.837625600108 6 3.30587e-08
308.60924714942 3 2.60415e-07
313.283820224911 2 5.82557e-08
313.313346794102 5 1.61651e-07
319.589499973183 11 4.28356e-08
325.389499943257 11 5.25814e-08
326.066588939769 4 4.16569e-08
331.039499661252 11 4.2472e-07
331.866588884963 4 1.86101e-07
332.612327105731 9 3.01417e-08
339.859247404991 3 1.0402e-07
346.459247337542 3 1.05195e-07
352.109247442176 3 4.9448e-08
355.91658881997 4 6.88184e-07
356.689499750656 11 2.27886e-07
361.566589126765 4 3.17158e-08
362.259247421037 3 4.68754e-08
368.664435401163 10 2.78982e-08
372.059247081468 3 2.8588e-06
377.709247391402 3 6.82529e-08
383.937625358556 6 3.80258e-08
384.80924769155 3 1.01253e-08
389.737625010294 6 7.43182e-07
392.859247578309 3 6.23686e-08
395.387625052348 6 6.63821e-07
401.037625135207 6 2.03953e-07
404.909247318107 3 2.34334e-07
411.939499575606 11 9.41478e-07
412.016589031922 4 1.55637e-07
418.539499761091 11 1.36446e-07
421.016589006943 4 1.15385e-07
421.862326491653 9 1.98201e-07
424.68949979216 11 5.9356e-08
426.666588983591 4 9.14454e-08
430.339499655733 11 1.68611e-07
433.916588807269 4 3.49603e-07
435.062326574297 9 1.16096e-07
439.716588817932 4 3.47403e-07
442.259247365238 3 1.51734e-07
445.512326820173 9 1.58694e-08
446.316589037404 4 5.55432e-08
447.909247413067 3 7.51339e-08
453.559247483549 3 2.2311e-08
456.683820554588 2 7.36259e-09
459.039499937541 11 3.98721e-08
459.816588863266 4 1.98559e-07
464.012326592643 9 2.52563e-07
464.839499747101 11 1.34691e-07
465.616589054773 4 2.88629e-08
471.916588867628 4 1.88938e-07
472.739499737681 11 1.27912e-07
477.566588935766 4 2.34369e-07
478.312326723301 9 2.30572e-07
478.389499812561 11 6.17815e-08
483.21658894723 4 2.40202e-07
484.189500005981 11 6.09588e-08
486.259247465931 3 7.08075e-08
490.313346868006 5 5.25584e-08
494.968293226711 7 3.88264e-08
495.963346931741 5 3.05807e-08
499.133820520453 2 2.1787e-08
501.613346694098 5 2.20669e-07
506.164435071887 10 1.21631e-07
506.218293360177 7 7.31259e-09
506.975394735638 8 7.3493e-08
511.113346884229 5 5.8086e-08
512.783820297631 2 5.61297e-08
519.313346620925 5 5.08915e-07
524.709247566889 3 1.9855e-08
526.413346923883 5 7.49588e-08
528.818293205842 7 3.8635e-08
532.033820463433 2 3.39257e-08
532.063347073424 5 4.3774e-08
537.863346522966 5 4.63409e-06
543.513346942565 5 3.1284e-08
543.933820502017 2 8.95765e-09
548.764435247557 10 5.20205e-08
548.868293112095 7 4.21509e-08
549.57539441688 8 4.77425e-07
554.668292821135 7 9.16564e-08
556.17539484702 8 1.22099e-08
559.864435334506 10 4.06831e-08
561.118293093868 7 1.07699e-08
561.825394343278 8 2.52613e-07
566.918293149976 7 5.85386e-08
567.114435280322 10 3.25415e-08
567.475394347327 8 9.4759e-07
572.718292714043 7 3.83564e-06
573.125394821137 8 4.55327e-08
578.368292874294 7 3.1785e-07
578.925394743614 8 1.17277e-07
582.214435072196 10 1.46774e-07
584.16829282207 7 7.2354e-07
584.72539475286 8 1.61214e-08
589.818293225944 7 3.75677e-08
593.013346808292 5 1.98704e-08
599.163346999039 5 2.48165e-08
599.183820651767 2 2.26119e-08
606.218292974646 7 2.05607e-07
610.225394721582 8 6.07484e-08
611.064435555531 10 3.30001e-08
613.618293144221 7 2.21675e-08
614.563346870302 5 1.04243e-07
621.663346972768 5 1.46591e-08
623.959247327029 3 2.19038e-08
626.316588846682 4 1.78806e-07
627.012326689958 9 6.74096e-08
627.939499820042 11 1.41773e-07
633.483820330166 2 4.39903e-08
639.283820307984 2 7.72605e-08
643.189499889421 11 2.98518e-08
643.966588794092 4 3.72624e-07
645.609247442401 3 3.35864e-08
650.383820052929 2 2.00583e-07
656.033820214844 2 4.78404e-08
661.509247529252 3 6.15362e-08
667.9592475201 3 3.73102e-08
673.533820244611 2 4.48615e-08
679.184152905177 2 1.91507e-07
681.563347227447 5 4.65229e-08
685.633820225716 2 1.19276e-07
688.813347312957 5 1.40357e-08
691.283819999015 2 2.97221e-07
696.713347243579 5 1.09853e-08
696.933820042559 2 2.36239e-07
702.363346906907 5 5.77426e-08
702.583819995817 2 3.11394e-07
708.23382012177 2 6.155e-08
712.813347213316 5 3.76739e-08
713.883820283197 2 5.5423e-08
719.533819924355 2 1.29651e-06
723.059247297026 3 1.47195e-07
726.237625351938 6 4.82817e-08
727.914435158745 10 3.57091e-08
737.487625231213 6 8.34172e-08
753.564435103804 10 1.01055e-07
756.737625269196 6 1.44924e-07
759.109247263493 3 3.27315e-07
764.909247598111 3 3.81942e-08
768.73382004092 2 9.41922e-08
774.38382019726 2 7.39573e-08
780.033820536701 2 2.72245e-08
785.683819883643 2 2.08254e-06
795.183820434183 2 1.95668e-08
797.459247336451 3 1.1091e-07
800.713347056417 5 4.14634e-08
804.709247546258 3 2.76167e-08
810.359247294784 3 1.41956e-07
816.637625516128 6 1.61502e-08
822.437625064127 6 4.09135e-07
824.809247528144 3 9.44667e-08
830.337625222518 6 8.31946e-08
832.859247721147 3 3.55983e-08
837.437625226972 6 2.26721e-07
843.237625295816 6 1.03046e-07
850.337625439788 6 7.31096e-08
855.987625452572 6 6.71084e-08
859.959247208083 3 1.98727e-07
861.637625523235 6 1.55401e-08
867.287625359196 6 7.0076e-08
873.437624904594 6 2.76609e-06
879.237625167646 6 1.5211e-07
884.887625401283 6 5.79199e-08
892.637625164173 6 1.01093e-07
896.659247413483 3 1.19925e-07
898.287625040472 6 1.3988e-07
906.337625149913 6 5.71506e-08
911.987625489827 6 3.95106e-08
917.637624999121 6 6.9652e-07
924.737625382262 6 6.28031e-09
925.509247340741 3 1.9849e-07
930.387625188495 6 1.39314e-07
934.359247310547 3 1.11959e-07
940.009247127875 3 3.65861e-07
948.666589156713 4 2.9802e-08
948.689500054321 11 5.61415e-08
951.909247432879 3 7.93613e-08
957.487625139942 6 1.74555e-07
962.509247494926 3 5.73832e-09
963.28762515056 6 1.52224e-07
972.137625214531 6 1.23671e-07
977.787624872004 6 9.64582e-06
984.237625337409 6 3.55118e-08
992.137625323237 6 6.34626e-08
997.787625081672 6 3.79028e-07
1003.437625259401 6 1.06723e-07
1009.08762510644 6 1.15455e-07
1014.737624922746 6 1.95257e-06
1016.959247642741 3 2.03214e-08
1020.537625360312 6 3.34084e-08
1026.337625011959 6 5.28678e-07
1033.737625163474 6 2.60937e-07
1036.859247612411 3 1.81846e-08
1039.387625532972 6 6.65979e-08
1047.287625113214 6 1.01619e-07
1052.937625450324 6 8.41567e-08
1058.587624922396 6 2.18112e-06
1066.487625348955 6 1.16363e-07
1072.10924759321 3 1.6138e-08
1072.13762524701 6 7.68725e-08
1077.937625332438 6 1.17988e-07
1083.737625498323 6 2.89365e-08
1090.337625241196 6 1.18134e-07
1104.137624995874 6 9.11361e-07
1109.787625447074 6 3.45498e-08
1111.35924729142 3 3.22108e-07
1116.718292835766 7 3.34938e-07
1119.075394783931 8 2.9657e-08
1122.518293016374 7 7.16335e-08
1125.675394630916 8 1.95053e-08
1128.168292936123 7 2.71245e-07
1130.464435490789 10 9.21593e-09
1131.325394867376 8 2.11489e-08
1133.8182931984 7 4.5368e-08
1139.375394604231 8 1.78886e-07
1139.468292842012 7 2.4889e-07
1146.36334685281 5 1.01169e-07
1146.868293504289 7 7.20891e-09
1152.1633469911 5 3.58578e-08
1157.813347040804 5 3.98425e-08
1162.468293289011 7 2.80839e-08
1163.463347004394 5 1.76616e-08
1168.083820130579 2 1.34972e-07
1169.113346524518 5 8.86104e-06
1174.518293170655 7 1.96483e-08
1175.413347015256 5 7.83966e-09
1182.663346998536 5 2.12154e-08
1189.659247421207 3 1.54719e-07
1195.333820523541 2 3.75376e-08
1198.466588916538 4 1.30511e-07
1201.059247412062 3 1.0011e-07
1207.35924748 3 1.08621e-07
1208.916588862546 4 4.72855e-07
1209.689499708115 11 1.47812e-07
1212.06232686377 9 9.80668e-08
1214.566588764869 4 4.29892e-07
1215.339499952987 11 2.13119e-08
1217.86232641679 9 1.28898e-06
1220.216588954634 4 6.64397e-08
1220.989499914928 11 4.97095e-08
1225.809247107095 3 1.57058e-06
1231.459247593655 3 2.8346e-08
1237.039499789388 11 9.95418e-08
1240.266589231586 4 4.3192e-08
1242.689499926952 11 8.46111e-08
1245.916588942808 4 1.29693e-07
1246.562326706205 9 5.54664e-08
1248.339499605959 11 2.54958e-07
1251.56658912549 4 5.82612e-08
1252.212326701986 9 4.94976e-08
1257.216588971527 4 1.17342e-07
1261.839499546364 11 1.82747e-06
1262.86658879174 4 2.9942e-07
1264.959247628997 3 7.6977e-08
1265.562326803118 9 2.91204e-08
1268.516588720493 4 3.4999e-07
1268.93949970348 11 1.7693e-07
1272.162326743153 9 1.41733e-07
1274.81658932645 4 4.10908e-09
1280.966589035491 4 1.21617e-07
1280.989499826364 11 5.06989e-08
1286.612326986942 9 4.77893e-08
1286.766588894726 4 2.14336e-07
1286.789499930296 11 3.27167e-08
1295.363346899495 5 6.30217e-08
1298.583820440434 2 4.60391e-08
1301.163346764731 5 8.42379e-08
1305.768293269467 7 2.84129e-08
1306.813346932585 5 5.48606e-08
1312.233820335192 2 4.86669e-08
1312.463346569714 5 1.10116e-06
1314.468293285129 7 7.34376e-08
1318.609247431609 3 7.72207e-08
1320.416589140116 4 4.14849e-08
1326.009247210142 3 7.50588e-07
1328.912326622247 9 1.75278e-07
1329.766588902842 4 2.78852e-07
1334.712326887464 9 3.01991e-08
1335.539499643963 11 1.17791e-07
1335.566589001135 4 9.03735e-08
1343.633820198484 2 1.33165e-07
1344.513346846364 5 8.56769e-08
1348.918292848219 7 3.95363e-07
1349.675394662924 8 5.32918e-08
1351.964435177982 10 8.43719e-08
1355.47539448015 8 7.4869e-07
1355.518293255013 7 6.54271e-08
1357.614435392426 10 2.49473e-08
1361.275394889784 8 4.89443e-08
1361.318292850661 7 3.43198e-07
1367.118292780059 7 2.4756e-07
1367.875394577407 8 1.94353e-07
1371.764435012418 10 1.8928e-07
1373.525394381285 8 5.5538e-07
1375.018293230367 7 6.47037e-08
1377.414435540106 10 2.09714e-08
1379.175394602694 8 2.90593e-07
1380.668293096269 7 3.54965e-08
1384.563347072084 5 2.45726e-08
1388.568292886897 7 8.94165e-08
1389.3253944553 8 3.46115e-07
1395.659247233235 3 2.8008e-07
1401.45924727601 3 1.70462e-07
1407.109247373501 3 1.83096e-08
1411.013346960817 5 4.93194e-08
1412.618293117787 7 8.68826e-08
1416.633820387516 2 5.11717e-08
1416.663346840585 5 4.72697e-08
1419.809247434044 3 4.57255e-08
1425.366588855193 4 3.98825e-07
1426.139837313029 11 1.58167e-07
1426.912326636491 9 1.48752e-07
1431.166589044848 4 9.1898e-08
1431.939499673819 11 2.9454e-07
1434.312326835404 9 6.45253e-08
1436.009247316417 3 3.27042e-07
1439.187625347095 6 2.98727e-08
1443.259247126446 3 5.31034e-07
1447.233820428448 2 3.81959e-08
1447.263346907948 5 2.40365e-08
1450.268293185094 7 6.83136e-08
1453.063346653562 5 1.91266e-07
1457.668293263642 7 4.63727e-08
1458.863346950648 5 4.26543e-08
1463.309247611558 3 3.7437e-08
1472.959247383333 3 1.36082e-07
1476.837625502963 6 3.27207e-08
1485.009247617349 3 5.52656e-08
1485.037625159254 6 3.03923e-07
1491.637624990673 6 4.93932e-07
1494.509247689676 3 2.29346e-08
1498.887625055167 6 3.14247e-07
1502.559247260224 3 3.90985e-07
1508.209247334818 3 1.77862e-07
1511.087625635226 6 3.10527e-08
1513.859247357153 3 2.21763e-07
1518.416589108287 4 5.91503e-08
1519.659247785961 3 4.25579e-08
1522.333820438827 2 1.7741e-08
1525.58949961115 11 6.7413e-07
1525.666588935303 4 9.42415e-08
1529.412326579501 9 3.77016e-07
1531.46658922786 4 6.32057e-08
1535.089499795348 11 1.22412e-07
1535.21232694334 9 1.49764e-08
1537.116588826727 4 5.26813e-07
1540.889499976058 11 3.3163e-08
1543.716588881032 4 1.70021e-07
1551.859247224611 3 1.40339e-07
1554.316588857047 4 4.67085e-07
1555.112326799981 9 6.98733e-08
1555.989499598312 11 5.05933e-07
1559.966588895471 4 2.28626e-07
1560.762326689755 9 9.87562e-08
1561.639500171581 11 1.8926e-08
1564.709247566879 3 4.07957e-08
1565.616588788166 4 1.74183e-07
1570.489500027512 11 5.10063e-08
1578.466589001776 4 5.465e-08
1578.509247665717 3 3.67925e-08
1579.989499676132 11 1.87351e-07
1586.589499844511 11 1.16859e-07
1586.66658916921 4 1.42075e-08
1592.212326738527 9 1.31746e-07
1592.389500012738 11 2.85116e-08
1592.466589091405 4 6.28727e-08
1596.659247406549 3 5.79535e-08
1601.466589414735 4 2.7273e-08
1602.459247405686 3 8.55056e-08
1608.109247678864 3 4.21234e-08
1608.566588860838 4 3.46443e-07
1608.612326733496 9 5.38878e-08
1610.189499705061 11 9.24497e-08
1615.966985241683 4 9.54522e-08
1615.989499771939 11 1.25381e-07
1625.109247284402 3 2.482e-07
1630.23382020974 2 9.21958e-08
1633.789499939647 11 7.27891e-08
1641.18949983165 11 1.68338e-07
1641.766589068115 4 2.35055e-08
1647.409247517061 3 4.35902e-08
1650.283820212891 2 5.15244e-08
1651.063346771681 5 7.55895e-08
1656.409247391498 3 3.13143e-08
1658.766588935112 4 1.35783e-07
1660.439499684128 11 3.7466e-07
1661.062326770219 9 1.01464e-07
1666.166589123634 4 3.4277e-08
1666.239499842574 11 3.08279e-08
1674.439499880883 11 1.55183e-07
1677.416588888773 4 1.88215e-07
1678.262326741765 9 2.17096e-07
1679.809247218694 3 7.84132e-08
1683.066588733667 4 8.88171e-07
1683.83949974873 11 2.26071e-07
1683.912326903042 9 1.70652e-08
1688.866589268965 4 5.36603e-08
1689.609247501431 3 3.99289e-08
1691.933820191558 2 4.15933e-08
1697.733820118959 2 2.40274e-07
1698.313347012231 5 9.38915e-09
1703.383819946832 2 8.16716e-07
1704.763347221858 5 1.18766e-08
1715.239499833235 11 5.55655e-08
1716.116588886998 4 2.2475e-07
1720.91232652081 9 1.46279e-07
1721.916588880001 4 9.77416e-08
1723.409247356272 3 1.62457e-07
1728.963346919945 5 1.37782e-07
1730.218293241226 7 4.20737e-08
1734.809247505017 3 5.17036e-08
1741.089499975442 11 1.78436e-08
1741.966588780297 4 3.73594e-07
1742.712327040211 9 2.22104e-08
1749.833820252698 2 7.95008e-08
1756.489499711761 11 1.85135e-07
1757.366589098714 4 6.71895e-08
1763.009247419652 3 5.18191e-08
1766.963347267568 5 1.37565e-08
1768.659247205701 3 4.49114e-07
1771.81658901826 4 8.89638e-08
1772.512326674878 9 1.742e-07
1774.139499666578 11 6.8072e-07
1777.659247203532 3 3.06062e-07
1781.466588831919 4 8.56867e-08
1781.512326592896 9 1.25708e-07
1783.139499866302 11 8.32604e-08
1788.066588923659 4 1.89957e-07
1788.939499880986 11 9.93882e-08
1789.712326538848 9 2.99973e-07
1794.366588890564 4 1.37001e-07
1794.589499626405 11 5.83906e-07
1802.359247569213 3 4.62089e-08
1804.016589024107 4 1.13236e-07
1804.089499837562 11 7.59759e-08
1806.262326756642 9 1.61525e-07
1809.816588770701 4 5.16875e-07
1809.889499959045 11 4.19722e-08
1812.06232690384 9 4.40014e-08
1815.616589201941 4 5.19324e-09
1816.809247253006 3 2.26375e-07
1822.216588939747 4 8.93946e-08
1823.462326403753 9 7.23783e-07
1825.639499785054 11 4.0116e-08
1828.016589062748 4 2.92419e-08
1828.859247360794 3 6.19409e-08
1835.639499581558 11 8.11976e-07
1836.716588887338 4 6.57541e-08
1837.912326652226 9 1.57896e-07
1840.759247400958 3 2.63081e-08
1843.562326385396 9 8.28751e-07
1843.966589113454 4 1.36084e-07
1846.289499850674 11 5.05707e-08
1849.362326492927 9 6.09762e-07
1849.616589226641 4 4.37957e-08
1852.809247760164 3 2.85677e-08
1855.162326694905 9 4.19014e-08
1855.266588874872 4 3.96399e-07
1859.839499752714 11 2.01363e-07
1861.716588734949 4 6.84716e-07
1862.412326933949 9 4.57291e-08
1864.059247470573 3 1.08635e-07
1869.85924773079 3 1.99994e-08
1873.466588864173 4 1.23446e-07
1874.612326824799 9 2.93016e-08
1876.459247346257 3 8.59032e-08
1882.259247357196 3 1.32458e-07
1885.563346808389 5 6.64785e-08
1890.268293183124 7 4.35423e-08
1896.059247297333 3 2.49594e-07
1898.087625001715 6 5.80737e-07
1906.287625125287 6 1.96007e-07
1912.087625435713 6 7.98295e-08
1912.109247409672 3 1.98371e-07
1917.887625033286 6 2.97173e-07
1926.087624962388 6 7.26955e-07
1928.959247324814 3 7.75439e-08
1934.383820642565 2 1.41483e-08
1935.363347107817 5 3.1632e-08
1940.209247501454 3 2.96857e-08
1944.068293282143 7 1.71768e-08
1946.613347011228 5 3.74721e-08
1949.868293037843 7 3.65632e-08
1952.575394826507 8 3.05775e-08
1955.518292893107 7 2.13351e-07
1961.063347039312 5 7.05448e-08
1961.168293091511 7 1.55726e-07
1966.863346779704 5 5.78874e-08
1969.783820335806 2 2.69397e-08
1972.513346837979 5 3.02887e-08
1978.31334674549 5 5.05347e-08
1981.21829342078 7 2.81729e-08
1984.259247145979 3 5.89669e-07
1986.466589207413 4 3.88061e-08
1989.909247776624 3 2.19356e-08
1991.437625432913 6 1.87595e-08
1995.559247412453 3 1.03095e-07
2002.809247609194 3 2.76568e-08
2004.287625222956 6 6.43561e-08
2008.609247596054 3 6.07209e-08
2014.409247542191 3 4.08095e-08
2016.337625112381 6 1.85125e-07
2020.209247582112 3 4.20553e-08
2025.563346734313 5 1.04353e-07
2026.333820504164 2 8.37403e-09
2028.318293082156 7 1.21078e-07
2031.213347208202 5 1.00379e-08
2032.409247339688 3 1.28169e-07
2038.059247425731 3 5.08313e-08
2039.166589159115 4 6.28811e-08
2043.859247486779 3 5.89028e-08
2050.613346956145 5 1.97009e-08
2050.733820464589 2 2.63347e-08
2053.968293237447 7 2.28218e-08
2057.213346772588 5 1.90595e-07
2063.468293186778 7 4.08937e-08
2067.51334669757 5 3.87764e-07
2068.883820486043 2 3.22638e-08
2073.163347015125 5 2.29014e-08
2075.259247541687 3 5.92913e-08
2077.616589003177 4 1.52538e-08
2081.859247336384 3 1.02907e-07
2084.216588858564 4 1.05449e-07
2084.762327155035 9 3.19826e-08
2084.789499893812 11 5.1148e-08
2089.933820031346 2 3.65604e-07
2093.863346862565 5 8.63587e-08
2095.5838202496 2 9.84682e-08
2101.233820089896 2 1.85538e-07
2106.713346994637 5 6.18543e-08
2106.883819998418 2 4.27738e-07
2112.309247184747 3 4.93778e-07
2118.589499935313 11 4.61305e-08
2118.666589148983 4 2.96631e-08
2121.159247647165 3 4.13379e-08
2126.959247296497 3 3.02936e-07
2132.75924723936 3 2.67187e-07
2139.589499660574 11 2.83319e-07
2139.66658886806 4 1.34124e-07
2140.262326991644 9 6.5523e-08
2145.389499844828 11 4.93093e-08
2145.466588953889 4 1.32669e-07
2147.35924737675 3 1.02493e-07
2153.009247561644 3 6.01459e-08
2158.487625458278 6 5.47078e-08
2164.287625213412 6 5.70495e-08
2166.659247611867 3 3.8128e-08
2173.787624994738 6 5.01735e-07
2179.43762553242 6 2.20263e-08
2185.737625288595 6 1.02922e-07
2191.387625465101 6 5.61056e-08
2193.759247393024 3 1.40747e-07
2197.037625426911 6 1.27167e-08
2202.609247216758 3 5.88476e-07
2206.613346873457 5 5.45047e-08
2206.633820210259 2 8.78004e-08
2210.568293297955 7 4.73552e-08
2213.863346839663 5 1.14984e-07
2216.933820369815 2 1.65518e-08
2219.513347163773 5 4.18549e-08
2220.218293079701 7 6.56449e-08
2222.575394506506 8 3.33583e-07
2224.164435124923 10 1.65217e-07
2226.018292784241 7 8.85067e-07
2230.625394512683 8 4.92064e-07
2231.668293370518 7 1.37636e-08
2236.214435226351 10 1.14955e-07
2236.275394424796 8 5.4731e-07
2237.318293042698 7 4.69669e-08
2242.014435225765 10 4.97771e-08
2242.075394888073 8 2.42875e-08
2242.968293199974 7 7.08314e-08
2248.67539486542 8 5.97833e-08
2248.768293172994 7 5.9029e-08
2249.914434919957 10 1.15964e-06
2254.475394648243 8 7.09238e-08
2254.568292912368 7 3.24398e-07
2260.214435215043 10 7.09125e-08
2260.275394685651 8 1.21072e-07
2261.168292859968 7 3.58715e-07
2266.075394737908 8 3.10005e-08
2266.818293154876 7 3.35926e-08
2267.464435044986 10 2.13519e-07
2272.618293086912 7 1.05287e-07
2274.064435057606 10 3.51743e-08
2275.425394443518 8 5.28681e-07
2279.218292946511 7 1.69946e-07
2281.225394427324 8 5.82019e-07
2285.018292865982 7 3.56862e-07
2286.614435607289 10 3.42764e-08
2286.875394698926 8 1.06703e-07
2290.668292840235 7 4.17219e-07
2292.525394425179 8 3.80746e-07
2293.864435020894 10 2.09815e-07
2297.918292936908 7 1.43885e-07
2298.175394671875 8 1.73075e-07
2301.76443513037 10 6.3007e-08
2303.568292760771 7 2.78767e-06
2303.825394761517 8 1.13894e-07
2309.013346922277 5 1.1383e-07
2309.86829323992 7 5.11505e-08
2312.983820493156 2 2.54187e-08
2314.663346904421 5 9.92707e-08
2316.318293358307 7 1.86818e-08
2320.313346773975 5 2.42665e-07
2323.433820184586 2 1.78477e-07
2325.963346785908 5 1.13413e-07
2329.083820517709 2 2.12754e-08
2331.613346644584 5 4.50275e-07
2336.183820249998 2 4.0708e-08
2337.263346615628 5 8.33596e-07
2341.833820394271 2 5.20955e-08
2343.063346872905 5 4.86911e-08
2346.618292765194 7 1.59181e-06
2350.625394670469 8 1.15526e-08
2352.268293195202 7 3.5201e-08
2354.614435230738 10 6.56783e-08
2357.918292768461 7 1.92436e-06
2359.325394717441 8 4.61169e-08
2363.568292868901 7 4.02649e-07
2364.975394515249 8 2.42427e-07
2366.514435347364 10 6.05073e-08
2369.219390999374 7 1.35188e-07
2370.625394402146 8 1.06496e-06
2375.368293183886 7 2.08666e-08
2376.164435200818 10 2.38741e-08
2376.275394734576 8 7.98177e-08
2381.018293131309 7 4.04435e-08
2381.925394701284 8 1.58466e-07
2387.575394395497 8 1.28395e-06
2388.268293137561 7 4.6053e-08
2389.014435469128 10 1.47572e-08
2393.226492771509 8 1.58971e-08
2393.918292991232 7 1.06698e-07
2396.114435042081 10 1.80013e-07
2398.875394514869 8 2.63936e-07
2399.568293254791 7 4.09594e-08
2405.663346604454 5 4.77756e-07
2412.263346896539 5 6.48005e-08
2417.91334718566 5 1.98389e-08
2424.363346954397 5 5.3254e-08
2430.013346972404 5 2.32278e-08
2435.663346785248 5 1.00511e-07
2436.933820204504 2 8.39761e-08
2440.909247222823 3 4.04183e-07
2448.137625137744 6 2.3783e-07
2456.159247525761 3 4.10885e-08
2456.987625466554 6 5.63641e-08
2462.759247749367 3 1.80907e-08
2462.78762506255 6 5.84977e-07
2468.559247182363 3 2.6132e-07
2472.964435454836 10 9.6964e-09
2482.764435362601 10 4.62268e-08
2489.559247408995 3 1.29196e-07
2492.363346934957 5 7.4376e-08
2498.013346694878 5 3.11866e-07
2498.733820214511 2 7.21541e-08
2503.98950001344 11 2.48475e-08
2504.066588742737 4 5.95614e-07
2504.962326945383 9 6.89788e-08
2509.866589339672 4 1.61942e-08
2510.759247468918 3 6.85739e-08
2512.362326949991 9 5.02648e-08
2512.689500036666 11 3.19794e-08
2516.316589193406 4 4.03247e-08
2520.439499977893 11 1.52727e-08
2521.966589331944 4 2.39506e-08
2522.809247160794 3 5.37725e-07
2527.616588856852 4 7.74652e-08
2528.339499936686 11 7.30697e-08
2529.062326782332 9 7.39077e-08
2533.266589161225 4 2.48645e-08
2534.709247586515 3 3.50136e-08
2535.662326663304 9 5.52713e-08
2537.989499996286 11 5.01484e-08
2538.916588796177 4 7.11536e-07
2543.639499791604 11 1.59832e-07
2546.016588919951 4 1.53463e-07
2546.762326820187 9 1.6339e-07
2549.289499886155 11 1.16957e-07
2552.466897908742 4 9.76821e-08
2554.939500309818 11 3.30538e-08
2559.566588751544 4 9.489e-07
2560.412326805258 9 9.92295e-08
2560.589499720352 11 9.8615e-08
2566.239499925651 11 4.0425e-08
2567.616588884832 4 7.3027e-08
2571.88950001298 11 4.94587e-08
2573.916589172029 4 5.07005e-08
2574.759247679122 3 4.58224e-08
2575.512326584915 9 5.94473e-08
2580.40924753049 3 1.00538e-07
2583.562326733456 9 2.2968e-08
2583.566588892512 4 1.70555e-07
2585.089500138607 11 3.05451e-08
2589.183820095434 2 9.42691e-08
2594.713347142999 5 3.43436e-08
2594.983820151441 2 4.72636e-08
2602.166588968017 4 1.47405e-07
2603.689499754222 11 1.80792e-08
2608.483820395797 2 3.44324e-08
2614.139499934593 11 7.17651e-08
2618.709247772234 3 8.76228e-09
2620.363346594386 5 8.33131e-07
2620.383820409594 2 2.36618e-08
2623.468293188552 7 5.8677e-08
2626.163346926601 5 6.21812e-08
2628.359247412317 3 1.11528e-07
2631.387625450189 6 4.9215e-08
2635.609247262268 3 1.10274e-07
2640.264435066017 10 2.10581e-07
2646.709247204212 3 3.87308e-07
2650.716588756568 4 6.30674e-07
2651.489499752302 11 8.89339e-08
2652.262327044931 9 4.17309e-08
2656.3665886125 4 8.86875e-05
2657.139500012265 11 5.87222e-08
2657.912326447532 9 8.79616e-07
2662.016588772926 4 6.77357e-07
2662.789500050128 11 7.7996e-08
2663.562326635337 9 1.49794e-07
2667.666589085869 4 6.69567e-08
2668.439499911583 11 8.00073e-08
2669.212326571967 9 4.448e-07
2673.316589129624 4 6.54363e-08
2674.089499749221 11 4.2813e-07
2681.959247854395 3 2.17562e-08
2682.016588746579 4 4.85649e-07
2682.712326610219 9 2.52345e-07
2686.539499853813 11 2.13426e-07
2687.816589303991 4 6.77028e-08
2691.759247262971 3 1.36762e-08
2694.713347236907 5 1.93543e-08
2697.409247719123 3 2.02723e-08
2701.883820145997 2 1.38094e-07
2707.533820047362 2 3.21982e-07
2713.183820542198 2 2.24292e-08
2717.159247705444 3 4.05233e-08
2720.363346788194 5 4.45887e-08
2721.918293068858 7 4.34431e-08
2724.225394729862 8 3.41695e-08
2726.714435338709 10 4.832e-08
2727.568293011146 7 1.75734e-07
2730.025394624237 8 9.79871e-08
2733.218293042704 7 6.51985e-08
2737.275394357419 8 3.28734e-07
2738.764435408943 10 2.66758e-08
2739.66829280147 7 1.02822e-06
2742.925394563965 8 8.90365e-08
2745.31829329888 7 1.59077e-08
2746.014434874436 10 8.77813e-07
2748.575394787549 8 1.40554e-07
2750.96829318654 7 3.85316e-08
2755.675394782061 8 2.90657e-08
2756.618292890677 7 2.03175e-07
2758.864435478779 10 1.77403e-08
2761.325394548098 8 2.04465e-07
2762.268293051357 7 6.20922e-08
2766.975394480896 8 1.19231e-07
2767.918293344226 7 3.4793e-08
2772.41443541136 10 2.77537e-08
2772.625394870458 8 8.63736e-08
2773.568293172689 7 6.53021e-08
2778.275394382988 8 1.09369e-06
2779.21829303818 7 5.03449e-08
2783.925394546102 8 1.40936e-07
2784.464435191629 10 5.18565e-08
2787.618293056711 7 3.91866e-08
2789.575394448916 8 8.2637e-07
2790.914435409112 10 2.76026e-08
2793.268293178487 7 2.94689e-08
2795.22539451059 8 1.01972e-07
2800.518292996309 7 2.07991e-07
2800.875394409828 8 7.85381e-07
2802.814435458807 10 3.57783e-08
2806.67539457795 8 1.71457e-07
2807.618293013097 7 1.46944e-08
2812.475394738615 8 1.43722e-07
2813.268293217262 7 4.20452e-08
2818.12539442791 8 3.74061e-07
2818.91829290541 7 2.26484e-07
2823.775394904895 8 5.34529e-08
2824.568292955973 7 1.38767e-07
2826.864435509255 10 2.70299e-08
2829.425394337173 8 2.42916e-06
2832.468293218974 7 3.94318e-08
2832.514435237697 10 9.49335e-09
2835.075394530804 8 6.21894e-08
2838.268292762549 7 1.768e-06
2842.025394427301 8 3.05872e-07
2843.918293090344 7 1.25961e-07
2846.013346754907 5 1.20407e-07
2851.663347091756 5 2.17083e-08
2857.268293052304 7 8.13224e-08
2861.313432095764 5 1.04776e-07
2864.51829323483 7 3.3217e-08
2866.963346630209 5 3.51434e-07
2867.633820316946 2 6.68636e-08
2872.613346628627 5 2.09953e-07
2875.033820658975 2 1.10327e-08
2878.009247274104 3 1.87372e-07
2881.166588642192 4 8.20951e-06
2881.939499903844 11 1.74638e-07
2881.962326619938 9 2.65765e-07
2886.966589054372 4 9.22254e-08
2887.739500084222 11 3.03852e-08
2890.283820128083 2 1.53891e-07
2891.863346828059 5 7.63479e-08
2896.609247327256 3 1.62836e-07
2899.113346983384 5 2.93035e-08
2917.413346601247 5 6.86341e-07
2921.459247572658 3 4.56638e-08
2924.637625536612 6 3.43736e-08
2928.583820475735 2 2.59654e-08
2928.663347126075 5 3.15302e-08
2930.309247451605 3 5.23344e-08
2931.887625309276 6 9.60017e-08
2934.814435501309 10 3.48198e-08
2937.537625484252 6 7.36322e-09
2941.559247312857 3 1.45634e-07
2944.63762520581 6 1.92353e-07
2949.459247365539 3 8.26762e-08
2957.50924724436 3 2.05663e-07
2960.616589017272 4 1.27454e-07
2963.159247389536 3 8.57176e-08
2966.416588785081 4 4.32901e-07
2966.989499736464 11 1.23132e-07
2967.612327069895 9 2.89662e-08
2972.066589250167 4 2.84069e-08
2972.639499662636 11 3.80967e-07
2974.212326710113 9 1.71196e-07
2977.716589115171 4 8.82361e-08
2978.289499790626 11 1.40009e-07
2983.059247233513 3 1.30865e-07
2987.737625387121 6 1.72929e-08
2993.537625324152 6 6.02131e-08
2999.337625321057 6 1.09193e-07
3005.137625437262 6 5.49911e-08
3010.937625333007 6 3.99235e-08
3016.737625120525 6 2.04265e-07
3016.859247690071 3 3.42202e-08
3023.33762502267 6 5.21849e-07
3029.137624942271 6 1.55299e-06
3034.937625017159 6 4.38773e-07
3047.309247146973 3 4.60841e-08
3052.959247511244 3 8.88984e-08
3055.137625426524 6 5.50681e-08
3056.464435372494 10 2.03276e-08
3059.559247351651 3 1.39719e-07
3062.313346841842 5 1.79066e-08
3066.168292986963 7 1.08165e-07
3071.22539454986 8 2.44581e-07
3071.968725063312 7 2.9702e-08
3074.264435202862 10 5.2306e-08
3076.875394631276 8 1.14124e-07
3077.618292748456 7 3.30273e-06
3082.46443513868 10 4.19889e-08
3082.525394527846 8 8.63912e-08
3084.068293297172 7 2.17961e-08
3089.868293088892 7 1.39305e-07
3089.925394680007 8 7.20266e-08
3090.514435364858 10 6.61674e-09
3095.668292901081 7 2.01162e-08
3095.72539465721 8 8.33657e-08
3099.214435596189 10 1.55801e-08
3101.468292982429 7 8.10931e-08
3101.52539448697 8 6.48207e-08
3107.268293098926 7 5.52234e-08
3107.325394468892 8 1.83731e-07
3108.864435098509 10 9.76014e-08
3113.068292889484 7 1.78974e-07
3113.125394613825 8 1.03395e-07
3117.56443520727 10 6.87289e-08
3118.925394556821 8 9.63001e-08
3119.518292793885 7 3.48784e-07
3123.364435249271 10 3.35543e-08
3125.16829321938 7 3.28713e-08
3126.363346923175 5 7.89991e-08
3128.783820464094 2 1.63607e-08
3132.118293057333 7 1.12064e-07
3132.163347080965 5 2.5796e-08
3137.963347005112 5 9.14121e-08
3141.783820395691 2 1.47657e-08
3146.663347006097 5 2.00312e-08
3149.683820424775 2 2.98723e-08
3156.013346603162 5 6.79851e-07
3158.418293072887 7 6.0583e-08
3165.61658895255 4 4.7589e-08
3166.48950011398 11 2.78142e-08
3167.262326693468 9 1.25281e-07
3171.416589209883 4 4.37989e-08
3174.539499860548 11 9.35198e-08
3177.716588925789 4 2.95581e-07
3179.312326617305 9 7.20848e-08
3181.789499830923 11 8.81879e-08
3183.36658906483 4 9.92374e-08
3184.909247674368 3 4.10834e-08
3187.439499819128 11 9.24415e-08
3193.663346971316 5 5.98983e-08
3195.268293227317 7 7.129e-08
3199.313346914756 5 3.58408e-08
3208.159247298784 3 8.79368e-08
3210.466589240458 4 5.5976e-08
3216.768293116146 7 7.80965e-08
3218.314435046297 10 1.37221e-07
3218.325394721284 8 7.5271e-08
3222.568293106066 7 1.65024e-07
3224.813346862371 5 5.7945e-08
3230.613346822447 5 6.10191e-08
3231.418617336031 7 2.6642e-08
3236.263346997554 5 4.34183e-08
3238.383820199016 2 6.52057e-08
3241.913346731356 5 6.48839e-08
3245.633820371173 2 5.9111e-08
3248.213346985194 5 1.81806e-08
3254.483820423017 2 3.80477e-08
3255.313346863097 5 5.20065e-08
3260.933820472284 2 1.67467e-08
3260.96334694523 5 2.63639e-08
3267.563346609458 5 4.0312e-07
3272.11829299108 7 2.0935e-07
3273.213346817 5 1.50134e-08
3278.863346802811 5 8.46736e-08
3283.233820405895 2 2.95635e-08
3284.663346911514 5 3.57293e-08
3286.568293305415 7 2.4186e-08
3290.463347000684 5 1.85746e-08
3293.683820246108 2 8.98388e-08
3296.113347203975 5 1.89379e-08
3301.659247333869 3 1.18671e-07
3308.133820182737 2 2.34878e-08
3308.963346625806 5 3.77547e-07
3314.61334690442 5 3.19746e-08
3318.468293143661 7 1.8248e-08
3322.509247438811 3 1.82735e-08
3324.766588926003 4 7.82984e-08
3326.389499874844 11 1.24197e-07
3331.366589101447 4 6.62678e-08
3332.189499692548 11 2.18534e-07
3336.959247246037 3 9.08384e-08
3340.983820409653 2 4.01407e-08
3341.063346543193 5 1.05311e-05
3344.768293329427 7 1.99915e-08
3346.863347044774 5 5.55346e-08
3352.233820324075 2 6.62267e-08
3352.663346662522 5 5.72711e-07
3358.463346698849 5 1.42035e-07
3364.26334672604 5 2.52347e-07
3365.083820429319 2 3.75681e-08
3369.913347203538 5 1.22306e-08
3372.018293376227 7 1.78853e-08
3375.563346529139 5 5.62384e-06
3376.983820696514 2 7.87135e-09
3381.363346949915 5 1.55236e-07
3387.163346834429 5 3.79443e-08
3389.809247399182 3 9.14953e-08
3394.61658918823 4 6.42334e-08
3397.839499711658 11 1.70585e-07
3399.412326649936 9 9.87862e-08
3400.266588957401 4 2.34239e-07
3403.489499881498 11 5.60095e-08
3405.06232635952 9 4.6984e-06
3405.916589295264 4 7.05354e-08
3409.059247296994 3 1.43135e-07
3413.166588696868 4 1.06089e-06
3413.789499790073 11 6.55891e-08
3413.912326779819 9 7.1204e-08
3421.989499781312 11 9.79672e-08
3424.266589018425 4 1.56942e-07
3429.239499974418 11 3.82056e-08
3434.716589164437 4 2.54983e-08
3434.889499586877 11 8.10081e-07
3439.412326576439 9 3.77676e-07
3440.51658889776 4 4.58966e-08
3441.989499708815 11 4.07352e-07
3447.466589056219 4 6.97274e-08
3447.639499815108 11 1.39713e-07
3449.062326854981 9 2.37274e-08
3453.833820150543 2 3.25547e-08
3460.339499774965 11 2.0563e-07
3461.916588690146 4 1.20517e-06
3462.712326782939 9 1.29005e-07
3465.989499922193 11 7.49423e-08
3467.566589046907 4 1.3808e-07
3471.639499541728 11 1.23334e-06
3479.689499724066 11 1.55024e-07
3480.41658882889 4 3.61672e-07
3481.962326795909 9 4.27297e-08
3485.339499954988 11 7.74544e-08
3487.51658897729 4 6.15473e-08
3489.862326731134 9 8.63665e-08
3490.98949986487 11 5.40519e-08
3493.166588807999 4 7.17266e-07
3495.512326565076 9 8.22233e-08
3498.589499900456 11 2.33174e-08
3498.816588690692 4 1.11206e-06
3501.162326799127 9 4.12496e-08
3504.239499880015 11 1.22828e-07
3504.466588797509 4 5.30726e-07
3509.909247413749 3 4.44886e-08
3515.489499899801 11 9.34727e-08
3517.166589164215 4 7.59365e-08
3519.559247501922 3 5.73959e-08
3525.209247201657 3 2.15042e-07
3527.437625168693 6 4.71265e-08
3536.437625075896 6 1.48682e-07
3549.937625060324 6 2.77439e-07
3552.459247495251 3 1.05091e-07
3555.587625225346 6 1.01542e-07
3561.237624924292 6 1.72069e-06
3566.887624890185 6 5.1572e-07
3569.159247238389 3 3.83162e-07
3573.18762526977 6 1.38829e-07
3578.809247837357 3 3.10759e-08
3578.837625348821 6 8.38249e-08
3581.114435562834 10 1.14154e-08
3584.637625476605 6 2.88843e-08
3586.914435253211 10 2.40333e-08
3590.059247270099 3 3.52712e-07
3592.037625318693 6 6.57247e-08
3593.864435089596 10 2.43531e-08
3598.109247361048 3 1.59685e-07
3601.914435025377 10 9.74476e-08
3609.814435040793 10 2.62711e-07
3613.037625506895 6 1.9197e-08
3615.61443530313 10 3.94673e-08
3618.837625506395 6 2.95323e-08
3622.064435245179 10 3.34753e-08
3624.487625312402 6 7.31542e-08
3632.214435359494 10 3.33888e-08
3633.987625532212 6 3.74625e-08
3635.609247212888 3 8.04643e-08
3639.63762506501 6 3.29329e-07
3645.287625152752 6 2.72006e-07
3654.137625315137 6 7.24483e-08
3656.459247394651 3 1.38086e-07
3659.787625537646 6 1.90368e-08
3665.437624975799 6 6.43843e-07
3670.109247341176 3 2.15826e-08
3675.737625426152 6 1.30275e-07
3676.409247296273 3 1.00633e-07
3690.739499562992 11 1.04663e-06
3690.81658904412 4 9.09339e-08
3692.462326663873 9 1.33213e-07
3696.539499784582 11 2.84812e-08
3696.616588725249 4 1.331e-06
3698.112326816576 9 5.62261e-08
3701.909247498712 3 6.32458e-08
3703.216589079874 4 8.16514e-08
3704.712326928504 9 5.0094e-08
3711.55924713493 3 9.60193e-07
3713.887625235801 6 1.88372e-07
3721.137624969919 6 8.31354e-07
3724.25924730271 3 1.60736e-07
3726.78762493514 6 1.36563e-06
3733.087625285809 6 6.19113e-08
3740.309247508306 3 5.02738e-08
3742.587625144074 6 2.51111e-07
3748.237625472763 6 1.85213e-08
3753.887625194625 6 5.20805e-08
3761.137625378598 6 5.7921e-08
3770.637625169814 6 7.19935e-08
3772.209247486068 3 9.71443e-08
3776.287625023349 6 8.20903e-07
3778.65924762778 3 3.19342e-08
3782.587625222946 6 5.33825e-08
3789.987625183378 6 1.37696e-07
3795.637625054795 6 1.59664e-07
3803.537624878528 6 2.8602e-06
3805.909247302744 3 1.42634e-07
3809.187625434138 6 4.97489e-08
3811.559247518486 3 4.30035e-08
3814.837624955864 6 6.21909e-07
3820.487625327728 6 7.98009e-08
3826.137625183823 6 2.56921e-07
3831.787625365982 6 1.02821e-07
3837.587624950098 6 7.22868e-07
3844.259247377064 3 1.51403e-07
3848.987625337951 6 6.86198e-08
3853.064435342917 10 3.31185e-08
3858.709247325279 3 7.2146e-08
3867.389499698094 11 1.14493e-07
3868.216589052454 4 4.60302e-08
3880.13382025557 2 7.71786e-08
3885.933820204836 2 1.87998e-08
3891.583819966895 2 6.30908e-07
3892.163346872438 5 8.60093e-08
3897.883819881352 2 2.42854e-06
3903.53382035726 2 2.66023e-08
3905.809247247699 3 1.62128e-07
3910.639499993842 11 9.95371e-09
3910.666589106993 4 1.13558e-07
3921.916588866487 4 8.10863e-08
3922.689499689626 11 5.26502e-07
3928.2592475925 3 3.38976e-08
3929.813346786783 5 4.3225e-08
3929.833820297524 2 3.05489e-08
3935.61334679194 5 1.02178e-07
3939.418293256113 7 3.35759e-08
3941.263346594898 5 1.20311e-06
3942.833820463384 2 2.70264e-08
3948.309247445983 3 4.40686e-08
3951.43762514022 6 2.96791e-07
3957.237625108556 6 3.12732e-07
3962.887625343473 6 1.97092e-08
3968.537625229954 6 1.29981e-08
3973.159247317766 3 1.69873e-07
3975.637625340025 6 3.25562e-08
3978.809247671777 3 6.5212e-08
3981.937625240914 6 5.67914e-08
3984.459247564725 3 5.34463e-08
3986.763347075494 5 2.63557e-08
3987.468293197939 7 1.33393e-08
3993.764435084546 10 1.87698e-07
3995.668293098842 7 5.2304e-08
3998.16334684368 5 1.32569e-07
4001.318293302813 7 3.26027e-08
4006.063346748044 5 9.15587e-08
4008.418293048518 7 5.04709e-08
4011.713346787455 5 7.43444e-08
4014.783820609673 2 1.58792e-08
4018.163346918583 5 2.05762e-08
4020.433820367575 2 5.27168e-08
4023.813347055305 5 1.60377e-08
4024.468293082866 7 4.3835e-08
4029.463347062845 5 7.87501e-09
4031.559247395515 3 3.4293e-08
4037.209247223835 3 1.98158e-07
4042.768293255131 7 1.84297e-08
4043.613346761778 5 2.55482e-08
4049.263346842725 5 9.65826e-08
4051.659247582797 3 3.35703e-08
4053.966589081228 4 5.72325e-08
4054.739500134506 11 3.98773e-08
4059.766589110331 4 4.85071e-08
4060.539499532516 11 1.43226e-06
4062.762326601491 9 2.19082e-07
4065.416588739702 4 8.04459e-07
4066.189499538442 11 1.29408e-06
4074.733820568458 2 1.24168e-08
4078.763347123233 5 2.62381e-08
4080.533820098101 2 1.64679e-07
4086.183820620424 2 1.82328e-08
4088.359247122744 3 1.18885e-06
4091.587625230561 6 5.76807e-08
4096.364435108552 10 7.25372e-08
4100.587625259108 6 9.62784e-08
4103.75924737677 3 4.75795e-08
4106.81829311524 7 1.0082e-07
4110.013347036766 5 2.43781e-08
4112.468292963611 7 8.91102e-08
4113.175394494809 8 3.19178e-07
4118.268293186608 7 1.23764e-08
4119.775394507341 8 1.43944e-07
4120.26443526132 10 2.5439e-08
4123.918293320358 7 2.41159e-08
4125.425394597597 8 1.79979e-07
4126.064435207824 10 1.20687e-07
4129.56829289638 7 2.49023e-07
4131.075394390308 8 9.38066e-07
4132.514435244294 10 4.58918e-08
4136.725394465899 8 6.06149e-07
4137.318292914594 7 8.34973e-08
4142.063346899561 5 4.89201e-08
4147.863346848695 5 5.59625e-08
4148.483820532267 2 1.16233e-08
4154.859247300498 3 3.06688e-07
4157.316589116585 4 4.10036e-08
4158.812326727298 9 1.69595e-07
4159.68949990987 11 2.79375e-08
4163.116588916936 4 1.30317e-07
4164.612326935381 9 3.29533e-08
4165.459247316018 3 1.50856e-07
4175.166589206843 4 4.32725e-08
4176.689500148255 11 4.88286e-08
4187.139499999296 11 3.26453e-08
4188.666589283544 4 2.95599e-08
4192.789500046563 11 3.12915e-08
4194.316589095502 4 2.75466e-08
4195.109247483544 3 4.58238e-08
4198.439499714506 11 1.93576e-07
4201.416589070729 4 4.44796e-08
4204.759247350354 3 1.06868e-07
4210.409247446645 3 1.2741e-07
4213.487625242956 6 1.0079e-07
4221.509247190733 3 4.61108e-07
4227.30924767034 3 2.6456e-08
4235.937625392792 6 3.96502e-08
4241.587625475113 6 2.78144e-08
4248.037624957056 6 6.45069e-07
4253.687625410776 6 2.18264e-08
4259.20924735761 3 6.09165e-08
4262.387625059402 6 5.76116e-07
4269.637625039903 6 5.39707e-07
4275.287625309272 6 1.84818e-07
4280.937625224794 6 1.6562e-07
4286.587625040568 6 2.79795e-07
4293.537625022926 6 7.9753e-07
4299.187625326447 6 1.05447e-07
4309.487624881678 6 4.18979e-06
4311.90924725474 3 2.18629e-07
4315.287625138475 6 1.10496e-07
4321.737625092534 6 1.53498e-07
4328.187625073292 6 4.11248e-07
4337.687625135048 6 1.70081e-07
4345.587625106123 6 5.60513e-07
4350.359247265924 3 2.16111e-07
4355.216588894342 4 1.24414e-07
4355.939499702524 11 1.0072e-07
4357.662326892942 9 4.0405e-08
4360.8665888712 4 5.35361e-08
4362.409247553926 3 3.88275e-08
4368.713347131588 5 3.06442e-08
4370.459247414324 3 5.78218e-08
4375.083820267105 2 3.98509e-08
4375.163346775648 5 7.11919e-08
4379.118293547049 7 1.76076e-08
4380.963346946568 5 1.82781e-08
4387.168293194089 7 4.09675e-08
4388.063346930558 5 3.46439e-08
4391.159247238451 3 3.30308e-08
4394.366588883076 4 8.89364e-08
4395.162326484715 9 5.98027e-07
4398.589499845626 11 7.40194e-08
4400.166588895284 4 2.45975e-07
4407.289499564759 11 1.5821e-06
4408.066589073028 4 2.35462e-08
4409.462326555402 9 1.43095e-07
4412.00924734229 3 1.36053e-07
4413.716588890227 4 3.59845e-07
4415.189499915762 11 8.88243e-08
4418.533820410029 2 1.36522e-08
4429.809247346542 3 1.36033e-07
4431.51658925523 4 3.05474e-08
4434.662326682207 9 1.28415e-07
4437.31658892592 4 8.19969e-08
4440.08950009674 11 3.02001e-08
4444.416588878675 4 1.17141e-07
4445.88949967638 11 2.09973e-07
4450.216589274773 4 4.65599e-08
4451.68949979937 11 5.65892e-08
4452.462326832675 9 1.34422e-07
4455.866589000756 4 1.13655e-07
4457.339499728838 11 3.16783e-07
4459.609247494235 3 3.47022e-08
4461.516588995534 4 1.27286e-07
4462.91232669745 9 2.12038e-07
4467.00924772061 3 1.41311e-08
4468.712326782498 9 1.23612e-07
4474.409247279416 3 7.32966e-08
4478.513346994214 5 4.83207e-08
4482.459247543623 3 2.31413e-08
4483.016588991402 4 1.82011e-07
4484.689499864144 11 9.07545e-08
4486.212326762868 9 2.04442e-07
4488.109247465555 3 1.13061e-07
4489.316589029545 4 8.54592e-08
4491.862326584252 9 2.05689e-07
4493.3894996763 11 3.7114e-07
4503.189499844201 11 1.36545e-08
4505.516589010443 4 6.03648e-08
4507.112327049042 9 7.7798e-08
4508.839499661149 11 5.02447e-07
4511.166588751146 4 7.99621e-07
4514.489499937264 11 5.63636e-08
4529.439499956933 11 3.7776e-08
4530.266589121003 4 4.7674e-08
4531.859247314743 3 1.4798e-07
4536.683820389594 2 1.77399e-08
4538.309247315856 3 2.50355e-07
4543.764434936739 10 3.39895e-07
4547.737625800541 6 2.90604e-08
4550.364435382153 10 1.25414e-08
4552.759247918456 3 2.18232e-08
4558.414435324102 10 3.88026e-08
4562.337625374333 6 5.87526e-08
4564.06443507455 10 1.1583e-07
4568.009247219503 3 2.27685e-07
4571.037625311151 6 1.10016e-07
4575.259247588396 3 3.13549e-08
4578.268293150655 7 1.07858e-07
4581.55924744319 3 3.65932e-08
4587.063347051754 5 7.08323e-08
4588.809247950468 3 1.45368e-08
4595.913346599787 5 1.20338e-07
4597.533820466823 2 3.93937e-08
4601.518293137991 7 2.96349e-08
4603.963347023503 5 7.69844e-08
4606.383820267746 2 4.99857e-08
4612.813346615072 5 2.64535e-07
4618.463346753085 5 2.16294e-07
4619.083820312175 2 5.5163e-08
4622.309247463705 3 2.62055e-08
4627.959247669235 3 2.13905e-08
4631.087625326354 6 6.40916e-08
4634.214435499818 10 1.48447e-08
4636.809247761875 3 4.41989e-08
4642.414435319795 10 6.11799e-08
4643.93762525324 6 1.27869e-07
4654.309247291696 3 1.01569e-07
4660.763346761052 5 9.14197e-08
4661.533820316627 2 4.38663e-08
4667.916589062207 4 1.08775e-07
4667.959247567346 3 1.58527e-08
4670.212326717005 9 1.14602e-07
4670.289499807162 11 7.39418e-08
4673.716588834488 4 3.64247e-07
4676.012326587189 9 1.05768e-07
4676.089500320134 11 2.21576e-08
4679.366589165245 4 4.00255e-08
4690.559247497543 3 3.52401e-08
4696.359247144944 3 7.71229e-07
4705.437625294695 6 4.84667e-08
4706.959247218291 3 3.7447e-07
4710.533820367154 2 3.83739e-08
4711.213346628466 5 5.98814e-07
4717.013346724944 5 2.78019e-07
4720.768293075364 7 1.12471e-07
4722.225394542004 8 7.80816e-08
4726.314435205321 10 8.09673e-08
4726.418293137543 7 6.83881e-08
4727.87539474732 8 5.1209e-08
4732.114435312211 10 4.92e-08
4732.218293198066 7 8.13759e-08
4733.52539470998 8 1.07082e-07
4739.175394399966 8 7.95918e-07
4740.41829330094 7 1.73104e-08
4741.114435122938 10 5.69023e-08
4744.825394582012 8 2.37102e-07
4746.914435309243 10 6.7188e-08
4749.268293043182 7 9.16925e-08
4750.625394518134 8 2.17025e-07
4754.91829296642 7 1.49174e-07
4759.659247295485 3 1.48942e-07
4764.387625463818 6 6.34345e-08
4770.187625319765 6 1.03761e-07
4786.814435486762 10 2.89608e-08
4789.309247342945 3 6.64728e-08
4794.95924728894 3 9.88065e-08
4802.059247295501 3 2.12699e-07
4805.133820210283 2 5.28948e-08
4805.213346715213 5 1.81984e-07
4810.933820406154 2 2.79554e-08
4811.013346626794 5 4.18532e-07
4814.909247341718 3 1.84681e-08
4820.366588863982 4 1.97941e-07
4821.089499918544 11 1.14114e-07
4823.962326593825 9 1.85584e-07
4826.166589178172 4 3.56529e-08
4832.559247404838 3 7.36392e-08
4834.366588907303 4 2.48133e-07
4835.212326592477 9 1.8143e-07
4839.789499995142 11 7.14658e-08
4840.016589255696 4 3.04586e-08
4843.1338206276 2 1.66508e-08
4851.033820458314 2 3.80057e-08
4854.316588940821 4 3.01525e-07
4858.059247422191 3 1.44615e-07
4859.762326595186 9 1.63428e-07
4859.966588837717 4 2.74904e-07
4861.289499672818 11 1.68481e-07
4865.616588900421 4 2.32676e-07
4866.06232660414 9 3.2724e-07
4869.309247333481 3 8.39348e-08
4872.512326894332 9 8.67124e-08
4873.01658918212 4 4.49874e-08
4874.959247140984 3 2.44296e-07
4879.616588774048 4 1.1889e-06
4880.43949979806 11 9.93586e-08
4880.562326893214 9 4.3696e-08
4886.216588844077 4 2.27345e-07
4887.812326500019 9 1.72665e-07
4890.239499853922 11 1.06632e-07
4891.866589120241 4 6.85403e-08
4893.259247260208 3 1.63545e-07
4897.333820268839 2 4.61894e-08
4898.113346568271 5 9.93847e-07
4908.659247498881 3 1.0589e-07
4914.018293152954 7 6.63245e-08
4915.113347006126 5 4.00302e-08
4918.983820283042 2 7.18466e-08
4922.159247232525 3 1.3614e-07
4924.362326876976 9 8.55587e-08
4924.416589056216 4 8.49311e-08
4927.809247451301 3 1.07709e-07
4931.66334694316 5 5.94287e-08
4932.483820247594 2 9.31313e-08
4937.463347010329 5 3.38261e-08
4943.668292928735 7 2.43775e-07
4947.913346670244 5 1.3316e-07
4956.68382049136 2 6.97509e-09
4959.963346694786 5 9.85237e-08
4962.26829317982 7 5.68073e-08
4965.613347065302 5 2.14017e-08
4968.73382046278 2 3.07489e-08
4971.263347035152 5 1.49076e-08
4974.383820384669 2 7.67149e-08
4976.659247781002 3 1.73286e-08
4980.033820084684 2 2.17445e-07
4980.613347184907 5 1.6731e-08
4985.683820326266 2 3.50407e-08
4991.109247443237 3 1.72206e-08
4992.616589063118 4 6.23335e-08
4994.989499842664 11 5.93264e-08
4996.56232645952 9 4.82948e-07
4999.866588770813 4 2.79793e-07
5001.439500214029 11 2.91904e-08
5011.089499887587 11 5.29334e-08
5012.566588916871 4 1.72489e-07
5017.389500235798 11 2.81539e-08
5019.833820181002 2 1.51943e-07
5025.483820110476 2 8.63592e-08
5028.663347149851 5 1.44947e-08
5031.783820093797 2 3.20983e-07
5036.616589072508 4 1.52684e-07
5036.639500026986 11 2.93124e-08
5042.439499823798 11 6.00618e-08
5043.066588909782 4 1.25432e-07
5044.462326584423 9 1.90418e-07
5048.716588954997 4 1.3376e-07
5048.739499823199 11 8.89272e-08
5051.712326524587 9 4.1959e-07
5055.316588821109 4 6.21189e-07
5056.489499941988 11 1.6021e-08
5058.859247299177 3 2.23348e-07
5064.659247695084 3 3.16894e-08
5066.163346712985 5 2.2831e-07
5071.618293302404 7 3.03977e-08
5071.813347090707 5 4.33859e-08
5077.359247551893 3 2.86842e-08
5079.687625366413 6 1.72934e-07
5084.464435349335 10 2.14026e-08
5087.659247268058 3 2.64658e-07
5094.109247102972 3 1.27571e-06
5102.083820417371 2 2.74701e-08
5106.78950017847 11 6.56473e-09
5111.516588723205 4 1.25025e-06
5112.412326606547 9 7.79376e-08
5112.589500089823 11 2.32236e-08
5117.316588871492 4 2.70361e-07
5118.212326845202 9 5.51961e-08
5118.239499842908 11 6.25314e-08
5122.966589067155 4 5.93754e-08
5125.639499830127 11 2.17732e-07
5131.439499761522 11 1.83169e-07
5131.816588950468 4 1.51509e-07
5138.039499972208 11 3.3079e-08
5138.916589013974 4 9.37432e-08
5142.112326512587 9 2.20342e-07
5144.716588682601 4 3.47079e-06
5145.439499742416 11 2.92854e-07
5152.689499687369 11 3.90166e-08
5153.416589217289 4 1.10534e-07
5158.339499883865 11 9.30869e-08
5159.716589047749 4 2.40348e-08
5160.412326628787 9 1.02512e-07
5163.989500065495 11 2.44711e-08
5165.366588934713 4 1.38863e-07
5175.889499734293 11 2.3621e-08
5176.61658909903 4 2.93573e-08
5178.959247404551 3 1.46072e-07
5183.713346844754 5 7.88702e-08
5186.868293364658 7 5.47397e-08
5189.513346630209 5 8.2295e-07
5192.533820469034 2 4.77128e-08
5195.163346798594 5 4.50405e-08
5198.918293223875 7 3.8209e-08
5200.813346844314 5 7.24677e-08
5202.333820325063 2 2.89628e-08
5206.463346872923 5 2.48493e-08
5210.318293135951 7 5.51293e-08
5212.113347037637 5 1.32968e-08
5217.913347174655 5 2.67644e-08
5218.368293129219 7 2.20652e-08
5223.713346865399 5 2.12747e-08
5227.068293365841 7 3.45477e-08
5229.513346978609 5 3.85034e-08
5235.163346904338 5 6.43516e-08
5241.433820501143 2 2.4419e-08
5241.613346717535 5 1.31038e-07
5247.159247633393 3 4.79567e-08
5249.663346819432 5 9.7574e-08
5250.28382026734 2 3.79016e-08
5253.609247584133 3 5.75908e-08
5258.266589085593 4 1.31472e-08
5259.862326718904 9 1.5414e-07
5262.459247120854 3 7.89658e-07
5275.309247327682 3 3.32619e-07
5284.883820539781 2 9.18858e-09
5287.266588991442 4 2.29235e-07
5287.359247708249 3 4.78494e-08
5288.862327034476 9 4.60251e-08
5289.589500051992 11 4.54657e-08
5292.933820005403 2 1.56789e-07
5293.713346848422 5 1.5898e-07
5298.759247317102 3 1.26555e-07
5304.189499880886 11 3.61933e-08
5304.26658913904 4 8.70154e-08
5306.662326635867 9 9.24895e-08
5309.98949986838 11 8.40544e-08
5310.066588955232 4 6.80898e-08
5312.462326552046 9 1.59349e-07
5316.409247784336 3 2.8528e-08
5320.333820547845 2 2.59903e-08
5322.209247496224 3 9.82626e-08
5323.066589085169 4 7.27178e-08
5323.789499885033 11 8.9971e-08
5330.389499979133 11 7.13373e-08
5330.466589095579 4 3.4698e-08
5334.483820136043 2 1.1816e-07
5342.683820019496 2 1.75395e-07
5348.333819915522 2 1.16057e-06
5354.133820300847 2 4.34071e-08
5359.933820142164 2 1.05827e-07
5366.589499670011 11 3.37465e-07
5367.316588954322 4 1.26113e-07
5369.462326606617 9 6.757e-08
5372.239499496213 11 4.35806e-06
5372.966589072427 4 7.9609e-08
5375.262327075972 9 7.53001e-08
5377.889500041765 11 3.97513e-08
5380.809247654837 3 5.32243e-08
5384.989499854496 11 8.89696e-08
5386.466588860158 4 1.95266e-07
5389.009247134044 3 9.23358e-07
5396.909247361916 3 7.73661e-08
5402.383820175075 2 6.44729e-08
5408.013347002794 5 2.96444e-08
5408.033820175501 2 3.37657e-08
5414.366589064981 4 1.19476e-07
5415.209247247104 3 6.26758e-07
5421.009247343577 3 5.37226e-08
5429.013347049852 5 1.22889e-08
5434.663346842591 5 1.4168e-07
5437.518293151191 7 2.98894e-08
5440.313346730495 5 3.17412e-07
5440.88382061602 2 2.6881e-08
5443.318293207073 7 4.63753e-08
5444.86443521811 10 4.54042e-08
5445.425394545615 8 1.39964e-07
5449.118292881871 7 4.82242e-07
5451.225394786331 8 6.3349e-08
5451.314435023631 10 2.20925e-07
5455.568292906959 7 2.09098e-07
5457.025394801717 8 5.22986e-08
5460.014435071312 10 1.57372e-07
5462.018293159416 7 7.50141e-08
5462.8253942806 8 1.58827e-05
5467.818292957812 7 1.47353e-07
5468.625394715805 8 8.37017e-08
5473.618293016253 7 1.27858e-07
5474.425394680384 8 6.85147e-08
5479.41829313997 7 7.02843e-08
5482.314435315501 10 5.51254e-08
5482.475394718576 8 9.00179e-08
5485.963346758793 5 1.15271e-07
5488.118293003238 7 7.9416e-08
5492.125394608135 8 9.31035e-08
5493.768293290783 7 1.88887e-08
5497.925394813399 8 7.19236e-08
5498.514435221788 10 7.94901e-08
5499.418292943139 7 1.40784e-07
5505.025394485476 8 2.55938e-07
5505.068293055628 7 1.43437e-07
5506.56443539969 10 3.31155e-08
5510.825394402225 8 7.15571e-07
5510.868293043272 7 1.76808e-07
5514.614435473019 10 2.26648e-08
5516.668293019305 7 1.36562e-07
5517.275394545685 8 2.3883e-07
5522.925394552487 8 1.34943e-07
5524.068292877164 7 1.53247e-07
5526.514435366722 10 3.16001e-08
5529.075394478964 8 3.83214e-07
5529.718293196233 7 6.2212e-08
5535.368293137091 7 5.81377e-08
5535.375394504261 8 1.62733e-07
5541.168292850664 7 3.42789e-07
5541.175394660519 8 1.98773e-07
5548.909247749567 3 3.98922e-08
5555.359247616509 3 2.72208e-08
5557.583820217496 2 1.48056e-07
5566.339500006802 11 8.39611e-09
5575.813346760222 5 2.24696e-07
5581.613346940026 5 5.13806e-08
5587.263346697608 5 1.79294e-07
5592.568293203787 7 1.66387e-08
5594.513346872186 5 8.15623e-08
5596.83382045684 2 3.25961e-08
5601.61334683181 5 2.92473e-08
5607.168293405585 7 1.29472e-08
5607.263346718535 5 1.37437e-07
5613.063346669495 5 3.47347e-07
5613.683820274325 2 3.48578e-08
5618.389499870804 11 3.26409e-08
5619.216589490146 4 2.03495e-08
5625.763346704198 5 3.68557e-07
5632.213346894354 5 2.56363e-08
5635.218293540115 7 1.95711e-08
5636.859247327071 3 9.07667e-08
5647.98762541167 6 6.82068e-08
5653.787625355841 6 1.5736e-07
5654.50924750566 3 6.09123e-08
5660.159247566913 3 8.31199e-08
5664.866589259115 4 4.04007e-08
5665.809247254657 3 1.67617e-07
5671.459247461871 3 7.13836e-08
5674.439499760048 11 4.725e-08
5674.516588756674 4 1.90765e-07
5675.962326683341 9 8.13298e-08
5680.316589039809 4 5.46199e-08
5681.039499685209 11 4.34328e-07
5685.966588753868 4 8.68026e-07
5686.689499967853 11 3.94097e-08
5688.159247403949 3 1.57361e-07
5689.612326589714 9 1.09053e-07
5691.616588822765 4 2.64361e-07
5692.339500009721 11 5.67642e-08
5696.133820035913 2 2.44372e-07
5700.913346728777 5 2.0011e-07
5701.93382036011 2 4.75981e-08
5706.563346965742 5 9.35209e-09
5712.533820433631 2 3.72491e-08
5714.463346899973 5 1.00881e-08
5720.11334681811 5 1.41123e-07
5721.668293186233 7 3.57403e-08
5725.763347012987 5 4.08029e-08
5727.933820299216 2 4.63763e-08
5731.909247248576 3 4.34511e-07
5736.063346717396 5 2.53597e-07
5736.783820305089 2 1.82684e-08
5741.713347070324 5 3.26041e-08
5743.959247262076 3 2.38007e-07
5747.137625269744 6 5.85826e-08
5755.987625172713 6 1.14965e-07
5762.437625093274 6 2.85219e-07
5768.087625192752 6 1.4801e-07
5769.609247696871 3 4.85086e-08
5773.737624988986 6 7.48039e-08
5780.337625312777 6 4.90163e-08
5784.059247178484 3 6.30191e-07
5786.137625055604 6 3.8703e-07
5795.309247474577 3 3.95123e-08
5797.537625441478 6 3.17932e-08
5803.18762521042 6 2.19832e-07
5811.237625301013 6 1.70701e-07
5821.687625278693 6 1.25822e-07
5827.337624952453 6 1.7696e-06
5832.009247299245 3 9.64405e-08
5833.93762528915 6 9.65964e-08
5838.459247193287 3 6.9277e-07
5842.413346762327 5 1.16923e-07
5846.43382028756 2 3.75844e-08
5848.759247729359 3 2.67457e-08
5851.263346990326 5 2.66687e-08
5855.20924722471 3 1.29278e-07
5860.859247194603 3 3.41737e-07
5866.5092473128 3 4.76118e-08
5869.563346873771 5 9.32327e-08
5871.783820212049 2 1.0032e-07
5875.213347102347 5 2.45505e-08
5879.833820452958 2 1.41423e-08
5880.863346779821 5 1.19285e-07
5882.368293087096 7 4.67289e-08
5890.259247345031 3 1.06599e-07
5894.162326558565 9 3.90786e-07
5894.866588998024 4 8.98401e-08
5900.059247444536 3 1.02901e-07
5903.866588769524 4 9.00175e-07
5903.962326676528 9 9.8879e-08
5904.63950003363 11 2.65529e-08
5910.439499610204 11 2.75742e-07
5910.466588874104 4 1.85636e-07
5912.012326527228 9 1.99106e-07
5917.866589068601 4 7.66302e-08
5919.439499514749 11 2.42061e-06
5922.312326773856 9 6.13602e-08
5923.666589048364 4 1.5479e-08
5925.239499539464 11 2.36248e-07
5927.962326636997 9 3.05792e-07
5929.466588695793 4 1.72023e-06
5931.839499955579 11 6.00564e-08
5935.212326952372 9 4.09234e-08
5935.266588941964 4 1.35559e-07
5936.759247305533 3 3.04281e-07
5942.559247494577 3 8.38618e-08
5944.76334705492 5 4.05377e-08
5948.35924712419 3 1.7171e-06
5952.163346715738 5 1.45993e-07
5956.668293186081 7 7.45783e-08
5957.963347099223 5 2.99456e-08
5963.763346726922 5 2.49862e-07
5966.318293142864 7 6.45246e-08
5969.563346796015 5 8.29808e-08
5972.618293262201 7 4.53232e-08
5975.363346811363 5 1.97032e-07
5976.583820520614 2 2.99766e-08
5978.268293240674 7 2.88774e-08
5981.16334674537 5 1.01936e-07
5986.233820360283 2 3.45156e-08
5986.963346995855 5 9.21496e-08
5989.359247472935 3 1.42894e-07
5990.666589001639 4 1.61514e-07
5991.489499747529 11 2.45813e-07
5993.362326708379 9 1.75201e-07
5996.46658922821 4 5.92817e-08
6000.039499767418 11 2.37971e-07
6002.266588990389 4 4.37716e-08
6002.362326625342 9 1.33315e-07
6006.339499855559 11 1.30108e-07
6008.066589270101 4 3.41426e-08
6010.412326572532 9 7.55963e-07
6013.716588936596 4 1.13054e-07
6014.389499948705 11 3.58195e-08
6016.06232669525 9 1.97416e-07
6018.359247523608 3 8.10706e-08
6020.839499918989 11 7.89025e-08
6021.616588828347 4 3.78925e-07
6022.362326846238 9 1.03593e-07
6027.266589037093 4 1.17911e-07
6027.289499983142 11 3.49434e-08
6031.212326861661 9 7.63013e-08
6032.809247600304 3 5.45499e-08
6033.066589148892 4 3.51206e-08
6040.859247513482 3 2.10789e-08
6042.266589118444 4 2.93459e-08
6043.889499719804 11 1.98871e-07
6047.916588983971 4 1.56127e-07
6049.539499880169 11 5.03482e-08
6053.566588891956 4 1.03161e-07
6054.312326450559 9 7.79176e-07
6058.389499816773 11 2.16875e-08
6059.216589042455 4 1.44805e-07
6076.683820235093 2 6.67683e-08
6083.959247207749 3 2.59528e-07
6087.963346668482 5 1.55281e-07
6088.733820402009 2 2.12136e-08
6093.7633469973 5 1.70213e-08
6099.413347076526 5 3.38779e-08
6105.063346801425 5 8.55562e-08
6110.713347036126 5 2.16076e-08
6115.983820300006 2 3.85121e-08
6128.833820458748 2 2.05363e-08
6128.863346710541 5 1.95306e-07
6134.318293086263 7 1.5605e-07
6138.409247426367 3 1.13804e-07
6143.266588977444 4 9.89295e-08
6145.809247186012 3 4.78114e-07
6149.066589273873 4 4.60344e-08
6151.609247354268 3 1.19048e-07
6157.40924725372 3 1.27877e-07
6162.513347135565 5 1.96152e-08
6164.009247437627 3 2.71945e-08
6169.659247508545 3 5.51381e-08
6172.663346828002 5 1.14347e-07
6174.218293206475 7 1.21956e-08
6183.666589021145 4 1.99705e-07
6184.539499640575 11 6.94616e-07
6187.662326372934 9 2.71834e-06
6189.466589159809 4 4.26923e-08
6190.989499855993 11 6.83279e-08
6193.462326383017 9 1.43816e-06
6195.116588915828 4 1.09866e-07
6196.639499875602 11 8.64315e-08
6199.809247492261 3 3.19556e-08
6202.366588918036 4 1.08164e-07
6202.439499813232 11 5.08003e-08
6203.76232659062 9 1.92509e-07
6207.209247155473 3 9.07555e-07
6213.009247610268 3 4.64193e-08
6218.659247507055 3 3.59917e-08
6222.268293020942 7 9.185e-08
6223.913347001003 5 1.09412e-07
6229.733820466633 2 2.0022e-08
6232.113346801626 5 4.16889e-08
6237.763346816664 5 1.46683e-07
6240.959247269375 3 1.82097e-07
6244.16658895929 4 2.22913e-07
6245.039500262709 11 3.62692e-08
6249.816588965201 4 7.06976e-08
6250.689499953778 11 1.06658e-07
6258.739499732494 11 1.77816e-07
6259.466588839673 4 1.56763e-07
6264.212326607902 9 2.5149e-07
6265.03949972032 11 8.48182e-08
6265.116588805287 4 5.02789e-07
6269.862326623318 9 2.10655e-07
6270.83950029792 11 2.70212e-08
6270.916589038562 4 2.65081e-08
6274.459247518744 3 9.44216e-08
6276.012326845036 9 3.36841e-08
6276.639499653629 11 2.86487e-07
6276.716588968042 4 4.94111e-08
6281.812326649112 9 1.37689e-07
6282.439499874561 11 1.12909e-07
6282.516588644619 4 2.93516e-06
6289.059247445717 3 5.04612e-08
6291.837625182486 6 1.9664e-07
6294.709247235825 3 2.9321e-07
6298.583820397306 2 4.0893e-09
6302.318293200958 7 5.16513e-08
6303.913347067292 5 5.69552e-08
6308.118293233616 7 3.50509e-08
6309.713347191407 5 1.85133e-08
6315.88762519269 6 1.41557e-07
6319.559247328476 3 1.37373e-07
6328.437625374917 6 7.30154e-08
6332.514435202052 10 1.33955e-07
6334.737625488558 6 2.54576e-08
6340.414435124573 10 8.41012e-08
6344.387625400445 6 4.71602e-08
6348.409247393457 3 5.83177e-08
6352.316589025337 4 1.21756e-07
6354.05924727978 3 4.16332e-08
6358.61658886981 4 6.31947e-08
6358.639499973897 11 4.06061e-08
6359.462326721564 9 1.0547e-07
6366.816589279979 4 2.72974e-08
6366.839500001786 11 4.9424e-08
6372.312326753605 9 1.05203e-07
6372.616588810968 4 5.05342e-07
6372.639500036292 11 4.51342e-08
6377.033820008061 2 3.66493e-07
6384.016589043361 4 5.70571e-08
6385.989499748306 11 9.91194e-08
6388.362326512991 9 1.6471e-07
6389.81658918956 4 5.91345e-08
6391.639500064549 11 5.53988e-08
6394.012327040153 9 4.12214e-08
6395.61658860697 4 0.000105317
6397.289500016316 11 3.60449e-08
6408.359247474325 3 6.05641e-08
6417.989499884553 11 8.96044e-08
6421.116588890033 4 2.86426e-07
6423.639500051843 11 2.71638e-08
6428.366589070812 4 1.52753e-07
6429.289500136093 11 3.3265e-08
6432.28382007323 2 5.96967e-08
6438.083820468053 2 2.13867e-08
6440.313346981447 5 4.93839e-08
6443.733819954092 2 4.8028e-07
6449.383820532773 2 1.75712e-08
6450.809247534052 3 6.14943e-08
6452.416589040182 4 9.39781e-08
6457.259247480401 3 1.31223e-07
6459.683820198686 2 1.70742e-07
6460.363346829805 5 4.12525e-08
6463.709247464944 3 1.15769e-07
6466.783820560451 2 2.11015e-08
6469.35924770296 3 3.84453e-08
6470.813346880649 5 4.86206e-08
6472.433820206933 2 2.4208e-08
6476.463346613043 5 1.15672e-06
6482.113347109608 5 3.52907e-08
6487.763346970698 5 3.91362e-08
6488.333820260522 2 5.40227e-08
6493.413346803304 5 1.21542e-07
6496.533820334616 2 3.41905e-08
6501.98949989964 11 1.05186e-07
6510.183820172164 2 6.481e-08
6512.513346915877 5 2.08053e-08
6515.833820271147 2 7.97068e-08
6518.813347189253 5 1.34988e-08
6521.48382015407 2 6.34309e-08
6526.059247172736 3 5.17019e-07
6530.063346703926 5 9.8627e-08
6534.10924747595 3 3.14782e-08
6534.866589379354 4 2.16174e-08
6538.839499736271 11 1.45791e-07
6540.516588855489 4 6.37416e-08
6544.48949986781 11 1.04795e-07
6546.166589136567 4 5.14284e-08
6546.809247728562 3 1.82969e-08
6548.362326905037 9 1.0131e-08
6550.139500100097 11 1.01051e-08
6551.81658913722 4 9.88473e-08
6557.259247713026 3 5.39367e-09
6558.833820083281 2 2.64662e-08
6565.433820135036 2 4.3831e-08
6571.083820154043 2 7.13477e-08
6576.733820041218 2 3.75993e-07
6577.163346980869 5 3.78415e-08
6582.383820304267 2 7.55427e-08
6585.459247219366 3 2.25294e-07
6588.612326615022 9 3.18423e-08
6589.316588956352 4 8.58369e-08
6590.689499897598 11 1.02482e-07
6594.966588870406 4 2.13907e-07
6601.183820295999 2 4.55153e-08
6604.413346960454 5 1.93139e-08
6606.833820269129 2 8.51731e-08
6613.28382046724 2 2.52751e-08
6617.289499842524 11 1.78149e-07
6618.066589004949 4 1.55109e-07
6620.362326742117 9 1.39159e-07
6620.409247793118 3 1.80688e-08
6625.339499591734 11 4.92383e-07
6626.116588913292 4 6.64943e-08
6627.762326597013 9 2.396e-07
6630.989499622737 11 3.26665e-07
6631.766588735217 4 9.4403e-07
6633.412326691407 9 7.93812e-08
6635.65924720394 3 2.27917e-07
6638.216588933379 4 2.32941e-07
6639.089499758758 11 8.59678e-08
6645.30924773706 3 4.0171e-08
6645.466769019466 4 1.76105e-07
6646.162326526199 9 2.08513e-07
6649.289499684196 11 7.16554e-08
6651.116589029078 4 7.143e-08
6654.939499903054 11 9.31271e-08
6658.159247239427 3 4.93238e-07
6666.209247415435 3 2.73422e-08
6667.516588844834 4 4.27988e-07
6668.312326691283 9 1.03045e-07
6671.859247681282 3 3.21811e-08
6676.318292993459 7 8.08747e-08
6677.925394667542 8 8.82527e-08
6678.714435192486 10 8.45591e-08
6682.118292771856 7 1.55313e-06
6683.725394352847 8 1.40388e-06
6685.314435005159 10 2.07637e-07
6688.568293004281 7 1.43333e-07
6689.375394786994 8 3.71166e-08
6693.364435018617 10 2.72197e-07
6695.02539458956 8 1.76489e-07
6697.418293253325 7 4.09557e-08
6699.014435151045 10 2.1196e-08
6700.675394410833 8 7.32852e-07
6703.71829326471 7 5.98396e-08
6706.114435119904 10 5.17557e-08
6706.325394727405 8 5.72552e-08
6709.36829313236 7 1.09917e-07
6711.764894310334 10 4.83831e-08
6711.975394408719 8 6.1854e-07
6715.018292832242 7 5.87814e-07
6717.625394553459 8 6.45208e-08
6719.814435120482 10 1.66099e-07
6721.318293074778 7 6.90476e-08
6723.275394518456 8 2.69732e-07
6725.464435356655 10 4.15e-08
6727.768292873648 7 1.92813e-07
6729.425394519918 8 2.05371e-07
6733.418293171101 7 3.52099e-08
6734.164435167435 10 1.07303e-07
6735.075394319968 8 5.92827e-06
6739.068292836908 7 3.30208e-07
6741.375394765389 8 2.65012e-08
6744.718292764971 7 1.32323e-06
6747.014831445327 10 5.16704e-08
6747.025394924262 8 3.88866e-08
6754.116588880427 4 1.64973e-07
6755.712326454823 9 6.198e-07
6757.289499788534 11 5.93423e-08
6759.76658905029 4 5.92432e-08
6761.512326703642 9 2.82782e-08
6763.739500254426 11 3.90471e-08
6768.616589010736 4 8.67893e-09
6769.389499792254 11 5.08445e-08
6770.212326569543 9 2.46875e-07
6774.959247216695 3 3.56605e-07
6783.733820242382 2 1.02803e-07
6788.46334709712 5 4.59563e-08
6789.533820173292 2 5.76231e-08
6795.183820093745 2 1.54521e-07
6801.483820169392 2 3.8765e-08
6803.713346995267 5 3.61135e-08
6807.283820134829 2 6.28712e-08
6812.933820109191 2 1.4795e-07
6818.583820418148 2 1.77586e-08
6822.116588745669 4 6.0518e-07
6822.889499777121 11 5.54779e-08
6827.712326610344 9 2.17095e-07
6827.916588867754 4 3.714e-07
6828.689500104278 11 4.54575e-08
6831.809247609946 3 4.86829e-08
6833.716589152695 4 3.27253e-08
6834.489499619113 11 1.08669e-06
6836.112326593548 9 2.80332e-07
6839.366589003646 4 4.46753e-08
6841.739499590161 11 8.54192e-07
6847.266588898705 4 1.72147e-07
6847.389499715364 11 1.26834e-07
6853.039499899912 11 5.03024e-08
6853.06658896906 4 2.61636e-07
6858.839499761139 11 1.03806e-07
6859.516588928916 4 2.44245e-07
6864.48949949148 11 6.42469e-06
6865.166588930678 4 1.57548e-07
6868.012326567045 9 4.20338e-07
6870.289499870831 11 3.94702e-08
6871.466588929804 4 1.92014e-07
6873.662326950741 9 2.73117e-08
6876.089499730826 11 2.66501e-07
6877.116589040547 4 1.25523e-07
6881.73949973856 11 2.52037e-07
6883.26658903306 4 9.84329e-08
6885.562326570791 9 1.29675e-07
6887.389499804599 11 1.40318e-07
6888.916589023206 4 1.65551e-07
6890.409247328966 3 9.68725e-08
6896.818292768279 7 6.57725e-07
6898.425394654354 8 6.40808e-08
6902.618293051865 7 8.119e-08
6904.075394714252 8 1.3153e-07
6907.214434986988 10 7.40183e-07
6909.875394623602 8 8.01634e-08
6910.668292772887 7 7.444e-07
6917.063346884618 5 6.53426e-08
6918.483820304331 2 7.73984e-08
6921.918293177477 7 2.81322e-08
6922.713347066788 5 7.33883e-08
6925.809247484574 3 4.4731e-08
6930.487625365408 6 1.01011e-07
6936.287625395274 6 2.23521e-08
6938.659247474642 3 6.72033e-08
6944.959247310578 3 1.69459e-07
6949.766588770953 4 6.16564e-07
6954.489500116081 11 5.24507e-08
6956.933820677416 2 1.26458e-08
6960.859247682929 3 1.76166e-08
6964.066589047932 4 5.91607e-08
6975.18949985345 11 6.15967e-08
6975.316588885509 4 2.01298e-07
6976.012326786259 9 1.29547e-07
6980.966588882463 4 4.68236e-07
6980.989499875293 11 8.55368e-08
6981.66232653116 9 7.54088e-08
6984.109247490776 3 8.99935e-08
6992.068293089568 7 8.0943e-08
6992.825394629008 8 3.8587e-08
6993.664435203235 10 1.12928e-07
6997.868293041373 7 1.48038e-07
7000.225394675967 8 1.7095e-07
7001.864435238998 10 3.56773e-08
7003.668292990363 7 2.25002e-07
7005.875394616138 8 1.23266e-07
7009.318293285024 7 4.88481e-09
7010.064434971928 10 3.33913e-07
7011.525394653798 8 3.33217e-08
7015.864435128912 10 1.01053e-07
7018.168293319955 7 2.44853e-08
7020.863346713742 5 5.16392e-08
7022.783820385491 2 1.68711e-08
7031.633820435691 2 4.98932e-08
7032.263346950843 5 5.27436e-08
7038.063346814815 5 4.6717e-08
7041.109247301001 3 1.21837e-07
7046.909247396018 3 3.93339e-07
7049.966589057406 4 8.47784e-08
7052.559247490421 3 1.0143e-07
7055.766589440518 4 5.99291e-08
7059.683820331265 2 3.78952e-08
7059.713346638407 5 8.02472e-08
7065.513346948987 5 4.84994e-08
7074.213347086166 5 1.68062e-08
7079.733820334373 2 7.82686e-09
7082.113346734566 5 1.60175e-07
7087.763347158868 5 2.15015e-08
7089.268293053044 7 4.86638e-08
7094.059247101925 3 1.64648e-06
7096.46658908642 4 8.47617e-08
7099.709247649862 3 5.86138e-08
7105.316588851004 4 2.75653e-07
7105.989499859437 11 6.70505e-08
7106.862326941663 9 4.07648e-08
7110.966589136723 4 1.30567e-07
7112.409247323411 3 1.98863e-07
7115.489499737851 11 1.0386e-07
7117.266589214579 4 5.39165e-08
7119.812327032183 9 1.56421e-08
7121.289499980503 11 5.74679e-09
7122.91658882773 4 2.26723e-07
7125.462326714266 9 8.67745e-08
7128.566588880995 4 7.9754e-08
7134.859247419468 3 2.99727e-08
7137.987625237571 6 5.52043e-08
7145.388066302584 6 1.01011e-07
7146.90924743534 3 1.74655e-07
7151.687625689549 6 1.51512e-08
7157.337625397018 6 8.24645e-08
7159.75924744134 3 8.1212e-08
7164.437625057004 6 5.37063e-07
7172.487625295125 6 3.12991e-08
7178.137625167515 6 5.15918e-08
7183.787625515844 6 4.92994e-08
7184.459247385523 3 1.5579e-07
7192.487625112012 6 2.80852e-07
7194.109247279181 3 8.62263e-08
7197.968292958515 7 2.16416e-07
7199.575394744026 8 1.1584e-07
