4.854517707149 9 1.51334e-07
7.316164330001 8 1.69895e-07
10.654517490867 9 1.86901e-06
12.966164628566 8 4.95702e-08
16.159868243434 6 1.26802e-07
16.956994933718 11 3.85946e-08
24.954517798506 9 7.1136e-08
25.816164209589 8 2.96538e-07
30.57929910069 3 2.57639e-07
32.260197299883 5 1.65464e-07
32.356994580586 11 1.87151e-07
32.359867988702 6 7.13505e-07
33.006560833437 10 3.30463e-08
40.354517851388 9 3.64824e-08
40.416164459842 8 3.94513e-08
42.959868446626 6 1.15367e-07
43.756994886172 11 6.0361e-08
46.954517758326 9 1.38747e-07
48.466164499605 8 6.12844e-08
52.754517496359 9 2.05104e-06
58.404517584069 9 3.6521e-07
60.366164662201 8 4.50966e-08
64.054517687126 9 1.05747e-07
68.416164608532 8 2.88843e-08
69.854518253194 9 3.84895e-08
78.066164309332 8 5.94883e-08
85.466164264933 8 1.80889e-07
87.504517532378 9 5.81034e-07
91.266164467345 8 3.21803e-08
93.979299235458 3 1.19476e-07
95.959868122585 6 3.72387e-07
96.406560746738 10 3.28562e-08
96.460197458063 5 4.03092e-09
96.756994872458 11 9.54365e-08
99.316164453781 8 3.45656e-08
100.854518136631 9 3.1871e-08
109.729299195409 3 3.65173e-08
115.529299310294 3 3.27144e-08
115.806560418948 10 3.4292e-07
116.15699482996 11 1.96884e-08
116.160300182344 6 1.25377e-07
116.51019747834 5 3.03317e-08
121.329299123381 3 1.83673e-07
124.045694737934 4 2.51203e-07
124.799960411541 2 5.85928e-08
127.129299112865 3 1.05391e-07
129.845694894066 4 1.12983e-07
135.645694865612 4 7.45116e-08
136.129299298215 3 7.35341e-08
141.445694982827 4 2.1094e-08
147.095694921966 4 9.32677e-08
152.895694838881 4 1.14374e-07
158.695694777861 4 1.75178e-07
164.399960209165 2 1.6588e-07
164.495694745688 4 2.24879e-07
172.695695037826 4 5.52608e-08
178.495694674131 4 5.67361e-07
178.69996034327 2 3.51044e-08
180.329299124479 3 6.59523e-08
185.149960255673 2 6.08175e-08
187.495694992035 4 1.49077e-07
190.949959985403 2 5.29272e-07
230.140948902431 7 1.63552e-07
238.190948964175 7 1.94851e-07
246.89094930255 7 2.86316e-08
253.340948832528 7 2.31365e-07
267.690948849533 7 2.49798e-07
299.799960018239 2 3.06747e-07
300.495695147595 4 2.7396e-08
305.449960309569 2 3.79338e-08
309.466164253041 8 2.16572e-07
314.756995020931 11 3.16881e-08
314.76064373835 6 1.43327e-08
316.716164362155 8 6.58912e-08
319.004517706091 9 1.93082e-07
322.366164387886 8 1.02796e-07
324.654517637387 9 2.61327e-07
331.104518092391 9 4.50704e-08
336.754517628397 9 2.61882e-07
339.06650490839 8 2.17626e-06
343.854517765546 9 1.66184e-07
344.716164224986 8 3.52731e-07
350.154517802846 9 1.61553e-07
350.366164323792 8 2.37575e-07
356.01616468368 8 2.72223e-08
359.804517895864 9 1.24609e-07
361.666164555209 8 6.45917e-08
367.899959894447 2 1.76743e-06
368.695695226959 4 2.97048e-08
372.6161646333 8 2.54555e-08
379.8661646603 8 1.31522e-08
407.116164314976 8 7.54694e-08
409.454517711634 9 1.57039e-07
414.36616430106 8 2.22044e-07
415.104517690308 9 1.32481e-07
428.816164811724 8 1.77648e-08
428.904518036299 9 2.19107e-08
442.616164751754 8 2.05327e-08
448.416164088186 8 8.12912e-06
454.216164299766 8 1.26551e-07
455.054517610864 9 2.32151e-07
461.616164931397 8 1.38822e-08
469.516164168973 8 5.01366e-07
484.554517895979 9 4.68282e-08
484.616164495479 8 1.3968e-08
490.929299216449 3 7.03222e-08
491.759868197322 6 8.59714e-08
491.760197462605 5 2.72009e-08
492.556994920304 11 2.87626e-08
492.656560684168 10 7.6065e-08
497.559867947898 6 1.26318e-06
497.560197223244 5 1.28834e-07
498.356994490448 11 1.99448e-07
499.256560577853 10 5.09696e-08
501.529299220776 3 1.04186e-08
505.545694834376 4 1.17363e-08
505.549960122302 2 5.08513e-08
508.929299056245 3 4.79944e-07
513.759868152419 6 1.89979e-07
513.760197408675 5 4.66558e-08
514.556994893619 11 5.57013e-08
514.656560390756 10 5.89239e-07
519.559868232989 6 6.25283e-08
519.560197498952 5 3.87944e-08
520.179299202115 3 4.85015e-08
520.356995118913 11 2.11498e-08
526.629299143543 3 1.76036e-07
528.945695385573 4 3.49885e-08
530.406560665952 10 1.53463e-08
530.959868058742 6 2.90983e-07
530.960197322718 5 8.24927e-08
531.606994440742 11 1.19301e-06
534.379299098674 3 2.83642e-07
538.359868223538 6 1.09125e-07
538.360197477959 5 2.00926e-08
538.456560640381 10 4.39408e-08
539.006994946414 11 4.42061e-08
540.829299333788 3 1.37828e-07
546.629299240078 3 2.12426e-08
547.999960158565 2 1.10665e-07
548.04569479295 4 2.08222e-07
552.279299104372 3 2.53405e-07
555.445694937609 4 1.18779e-07
560.199960274428 2 6.8734e-08
561.095694583132 4 5.39999e-06
566.895694673743 4 3.31878e-07
570.649960195637 2 1.12988e-07
572.695694932815 4 3.74027e-08
573.929299374068 3 6.82378e-08
578.49569502063 4 3.6449e-08
579.729299161671 3 9.17877e-08
581.899960087109 2 1.07621e-07
584.29569486015 4 2.45663e-08
586.329299355935 3 4.59614e-08
589.945695180488 4 2.07299e-08
592.12929905372 3 7.39596e-08
593.05656087616 10 3.34258e-08
595.36019753191 5 8.80871e-08
596.159868237978 6 1.00769e-07
597.006994568698 11 2.67583e-07
599.506560404965 10 3.78468e-07
601.160197257835 5 4.0012e-08
601.959868138075 6 1.47795e-07
602.806994621919 11 1.37287e-07
605.15656052419 10 1.57774e-07
605.929299174709 3 2.20651e-07
609.845694691035 4 5.09083e-07
611.579299218856 3 8.21994e-08
614.806560522878 10 2.28967e-07
615.459868089447 6 6.62395e-08
615.460197300104 5 1.40132e-07
616.306994579633 11 4.71899e-07
617.879299329629 3 5.3405e-08
624.016164253511 8 2.30938e-07
630.904517658773 9 2.20794e-07
631.416164471694 8 6.77225e-08
636.4598684845 6 3.95813e-08
636.506994946069 11 2.32329e-08
639.754517798739 9 8.91881e-08
640.416164514166 8 4.03866e-08
646.216164515415 8 1.03466e-07
648.754517828415 9 4.37646e-08
652.46019765871 5 7.21948e-09
652.659868457299 6 8.39199e-08
652.70699492931 11 4.11484e-08
655.204518292249 9 1.38785e-08
660.816164441436 8 1.18438e-07
665.654517501444 9 5.6512e-07
667.41616427237 8 4.55574e-07
673.054517884259 9 7.42781e-08
673.216164630801 8 1.40399e-08
678.854518143218 9 2.37577e-08
680.859868496748 6 4.22017e-08
680.906994972107 11 1.18925e-08
686.754518014686 9 5.60274e-08
689.106995149605 11 3.58388e-08
689.160302915346 5 6.13447e-09
696.506994852064 11 7.28654e-08
696.560197673431 5 5.60268e-08
699.604517792487 9 2.5097e-07
702.659868347698 6 6.3504e-08
703.106994810512 11 2.33389e-08
706.054517859929 9 1.36575e-08
708.90699504545 11 3.47784e-08
721.916164262908 8 1.89076e-07
722.754518142928 9 2.17027e-08
726.849960134239 2 1.27484e-07
733.299960193009 2 9.73072e-08
738.94996007148 2 3.38569e-07
744.59996011994 2 1.81787e-07
750.399960137042 2 2.15081e-07
756.199960346604 2 6.23763e-08
760.516164484592 8 5.36735e-08
766.004517571646 9 5.60231e-07
766.166164541201 8 3.63635e-08
778.706995035254 11 2.51304e-08
778.710264625081 6 2.67934e-08
782.054517883049 9 4.25581e-08
789.304517765953 9 6.45449e-08
790.866164420022 8 2.02586e-07
794.95451766161 9 1.8309e-07
796.516164316104 8 2.21652e-07
801.129299291194 3 7.70111e-08
803.766164520934 8 5.76481e-08
806.929299491714 3 1.57069e-08
809.416164279227 8 2.10718e-07
848.490949033076 7 8.52799e-08
856.74094920824 7 7.27293e-08
885.890948731745 7 4.24239e-07
891.540949283618 7 2.25832e-08
901.190949255296 7 4.72062e-08
909.890948883081 7 1.18552e-07
937.46616437819 8 1.42654e-07
943.116164232612 8 2.01034e-07
946.204517636591 9 3.68091e-07
948.766164492549 8 1.80187e-08
968.440948960737 7 1.0343e-07
974.24094907599 7 8.34071e-08
981.840948857676 7 4.15825e-07
987.640948874029 7 1.72108e-07
1006.040948812147 7 8.64986e-08
1011.840949065535 7 1.56822e-07
1021.390949015855 7 9.21096e-08
1028.490949102278 7 4.37857e-08
1040.390948843277 7 1.49651e-07
1112.666164523123 8 1.18605e-08
1115.779299002915 3 3.68334e-07
1119.545694955413 4 1.34203e-07
1121.429299617387 3 4.40895e-08
1125.345694782532 4 1.47645e-07
1126.799960607808 2 9.10324e-09
1130.995694941342 4 5.70228e-08
1131.729299241404 3 6.58083e-08
1137.445694829974 4 1.25578e-07
1137.529299364629 3 1.54936e-08
1143.245695154777 4 5.45797e-08
1143.329299229615 3 8.58382e-08
1146.756560567617 10 1.27816e-07
1146.90699486652 11 2.14567e-08
1147.360197322141 5 1.24358e-07
1147.7098679506 6 1.06244e-06
1152.556560485073 10 9.48496e-09
1152.556994639588 11 1.36017e-07
1153.160197368382 5 1.1768e-07
1153.35986827249 6 2.48695e-08
1158.356560525783 10 7.62327e-08
1158.729299232847 3 9.46812e-08
1159.159868298899 6 9.30322e-08
1159.806994899933 11 4.04834e-08
1164.379299344549 3 6.28417e-08
1167.206994962689 11 3.03439e-08
1167.359868376801 6 1.21541e-07
1167.460197671161 5 4.60261e-08
1170.02929915486 3 8.8314e-08
1170.556560807665 10 2.02894e-08
1175.679299464603 3 1.22476e-08
1176.356560301697 10 9.34827e-07
1176.359868341511 6 6.3291e-08
1176.460197511188 5 2.73517e-08
1181.329299201139 3 1.82916e-08
1187.129299223271 3 1.14599e-07
1190.016164217298 8 3.6284e-07
1191.254517671129 9 5.2808e-08
1197.054517778849 9 1.31481e-07
1197.416164462761 8 2.37905e-08
1203.066164399873 8 1.69477e-07
1203.50451757137 9 1.56434e-07
1208.866164596115 8 4.30959e-08
1217.066164915634 8 2.26914e-08
1221.304517701309 9 1.02437e-07
1224.466164299884 8 1.30301e-07
1230.116164268008 8 5.43822e-08
1232.554517971223 9 4.89883e-08
1235.766164447311 8 1.18105e-07
1239.804517786166 9 1.67757e-07
1259.016164549261 8 5.86631e-08
1259.854517625917 9 1.46334e-07
1264.816164641203 8 2.83219e-08
1270.454517971741 9 2.91519e-08
1272.216164729474 8 2.14996e-08
1276.10451768285 9 1.67391e-07
1281.904518270257 9 2.11174e-08
1288.416164540837 8 2.04241e-08
1288.504517615937 9 2.28694e-07
1294.216164701475 8 3.00849e-08
1295.329299163174 3 8.9062e-08
1298.156560832046 10 3.4034e-08
1298.156994695083 11 8.87964e-08
1298.160093116623 6 1.40274e-07
1298.760197279749 5 1.61474e-07
1303.529299408824 3 4.07099e-08
1303.956560336521 10 8.96337e-07
1303.956994987011 11 3.38073e-08
1303.959868346207 6 2.20467e-08
1304.410197561185 5 6.46885e-08
1309.179299130021 3 4.63407e-08
1312.156994763958 11 1.96793e-08
1312.159868185066 6 1.82073e-07
1312.310197474734 5 1.76569e-08
1312.956560718434 10 6.44641e-08
1314.829299063456 3 3.00499e-07
1318.616164117342 8 3.47871e-06
1324.254517759495 9 1.62969e-07
1324.41616430192 8 2.29226e-07
1340.454517857767 9 8.51105e-08
1340.466164362472 8 6.6147e-08
1347.52929913423 3 1.66075e-07
1349.045694924003 4 1.52849e-07
1354.249960170099 2 1.16465e-07
1354.845694611737 4 3.94414e-06
1358.929299309064 3 1.01793e-07
1361.445695003791 4 7.32998e-08
1365.379299232059 3 3.2652e-08
1367.095694899849 4 9.59466e-08
1370.649960242112 2 1.07249e-07
1372.745694911716 4 2.26187e-08
1378.395695091992 4 1.46673e-08
1380.629299166301 3 4.56649e-08
1386.279299189318 3 1.62499e-07
1388.995694746869 4 3.48584e-07
1391.499960453754 2 4.61543e-08
1392.729299202206 3 1.76031e-07
1395.866164513508 8 1.1666e-07
1401.516164577145 8 4.50576e-08
1407.166164105486 8 1.98364e-06
1411.679298908485 3 2.00592e-06
1413.956560498564 10 1.56551e-07
1414.756994859608 11 6.17309e-08
1414.759868223027 6 1.08961e-07
1414.76019747676 5 2.3419e-08
1417.979299350161 3 1.38657e-07
1420.366164167814 8 7.48289e-07
1421.154517740262 9 1.08989e-07
1435.766164257832 8 2.25392e-07
1440.349960259137 2 6.47298e-08
1443.816164419529 8 1.35047e-07
1448.579299134543 3 8.47549e-08
1449.406560636705 10 7.65742e-08
1454.156994737682 11 1.97598e-07
1454.159868090603 6 3.88132e-07
1454.160197327286 5 1.43801e-07
1454.22929941208 3 3.59684e-08
1455.056560772535 10 2.91601e-08
1460.029298993681 3 2.27743e-07
1463.716164372126 8 3.27393e-08
1464.55451760489 9 1.65628e-07
1470.354517657052 9 1.02644e-07
1471.916164301276 8 1.93551e-07
1490.890949162706 7 8.15326e-09
1504.766164700691 8 3.21493e-08
1512.016164479648 8 7.10378e-08
1517.666164343714 8 1.09784e-07
1520.004517643248 9 2.99341e-07
1524.766164747659 8 8.23067e-09
1536.854518174826 9 7.28558e-09
1541.61616432764 8 1.65473e-07
1545.554517718411 9 1.0933e-07
1551.116164179848 8 4.88504e-07
1551.354518139025 9 3.77811e-08
1558.51616465322 8 2.15057e-08
1558.604517922139 9 8.10923e-08
1564.316164339845 8 1.00107e-07
1570.116164659931 8 4.98852e-08
1570.354517799315 9 9.33626e-08
1576.004517682469 9 1.45518e-07
1576.716164252254 8 3.46131e-07
1582.516164260846 8 3.69778e-07
1583.2545176578 9 1.8347e-07
1588.904517749783 9 4.92958e-08
1597.616164146055 8 4.70305e-07
1603.416164607603 8 3.64871e-08
1616.80451765637 9 1.98459e-07
1619.966164547542 8 1.17802e-07
1622.454517433137 9 5.19735e-06
1625.616164403992 8 4.78054e-08
1628.904517888618 9 2.19845e-08
1631.916164551689 8 3.08285e-08
1635.204517700504 9 1.58894e-07
1639.966164459545 8 5.53989e-08
1640.854517841868 9 3.25271e-08
1645.616164270782 8 2.26576e-07
1646.504518089848 9 4.23367e-09
1649.529299523483 3 6.37404e-08
1655.916164264292 8 1.30005e-07
1667.204517549971 9 5.36031e-07
1673.004517600428 9 3.40169e-07
1675.966164305655 8 1.53468e-07
1681.616164747771 8 2.05769e-08
1688.866164238697 8 1.04489e-07
1691.154517896871 9 6.57772e-08
1698.356994687357 11 5.69868e-08
1698.359868234066 6 1.41255e-07
1698.360197495291 5 1.16026e-07
1700.804518058195 9 1.36038e-08
1706.604517587411 9 3.71611e-07
1707.016164949125 8 1.84972e-08
1712.404517715919 9 2.83241e-07
1712.816164650185 8 2.78731e-08
1724.216164516537 8 1.30752e-07
1728.479299026763 3 1.28842e-07
1730.456560755173 10 1.03076e-08
1737.066164323663 8 2.59367e-07
1740.154517652991 9 4.05551e-07
1743.666164559303 8 8.80235e-08
1745.954517772729 9 1.36227e-07
1751.604517768213 9 1.34046e-07
1753.166164706778 8 1.5095e-08
1758.054517880491 9 5.97417e-08
1758.816164577892 8 3.78637e-08
1764.466164526048 8 4.41213e-08
1766.779299399955 3 4.64464e-08
1770.116164210926 8 1.82937e-07
1775.766164379001 8 2.02484e-07
1776.204517920122 9 4.43031e-08
1784.46616469317 8 3.37449e-08
1785.204517983589 9 3.62873e-08
1795.804517898435 9 3.85571e-08
1801.316164329596 8 1.45345e-07
1801.454517793291 9 1.99193e-08
1817.516164465434 8 6.31988e-08
1820.854518006482 9 6.54545e-08
1828.916164247617 8 3.56775e-07
1831.454517747264 9 1.58063e-07
1839.516164361873 8 2.31756e-07
1856.516164404952 8 1.28418e-07
1858.554517641743 9 3.20126e-07
1863.616164188271 8 7.41216e-07
1869.416164361978 8 8.5642e-08
1875.21616446289 8 9.58607e-08
1881.016164434781 8 7.36068e-08
1885.879299001513 3 4.18951e-07
1886.656560921344 10 2.02195e-08
1891.679299182624 3 1.665e-07
1901.040949025978 7 2.81797e-08
1925.190949196974 7 2.54961e-08
1932.416164285624 8 1.98722e-07
1935.729299070114 3 1.10678e-07
1941.379299386094 3 3.32591e-08
1945.245695298017 4 2.0653e-08
1947.029299091327 3 2.85898e-07
1951.545695221303 4 1.49756e-08
1954.429299197697 3 3.81295e-08
1957.195694708945 4 5.70642e-07
1960.229298872992 3 4.44909e-06
1961.756560743689 10 1.38956e-08
1965.759868430624 6 5.3799e-08
1965.879299243974 3 1.3833e-07
1967.556560936055 10 1.45112e-08
1970.556994751243 11 6.58687e-08
1970.560197482593 5 5.33297e-08
1971.559868526786 6 3.87669e-08
1974.806560732691 10 8.75314e-08
1975.529299023446 3 4.21584e-07
1977.956994678197 11 8.46778e-08
1978.009867999159 6 3.69174e-07
1978.760197467913 5 2.31443e-08
1981.179299003284 3 1.79692e-07
1983.366164570661 8 1.20554e-07
1991.44996017729 2 8.28364e-08
1996.866164625996 8 2.69746e-08
2010.849960413246 2 5.51569e-08
2019.016164532809 8 5.01728e-08
2025.379299343506 3 5.17508e-08
2027.856560872974 10 2.58967e-08
2031.029299513586 3 5.50116e-08
2032.666164203505 8 2.92419e-07
2038.316164402866 8 9.63178e-08
2039.754517813739 9 7.76519e-08
2047.166164584848 8 2.72729e-08
2051.879299145731 3 1.3619e-07
2054.306560678574 10 9.91276e-09
2057.529299144137 3 1.94603e-07
2058.160197472497 5 7.89004e-08
2058.20986824431 6 1.40504e-07
2063.179299322149 3 8.42049e-08
2063.84569481119 4 3.00875e-07
2064.649960318242 2 6.93336e-08
2068.556995131858 11 9.68337e-09
2068.809868649754 6 3.36002e-08
2070.429299422634 3 3.54231e-09
2075.066164211777 8 4.89846e-07
2075.654517906564 9 8.92699e-08
2080.866164331024 8 1.52355e-07
2085.45451774119 9 4.71575e-08
2088.11616436239 8 1.2931e-07
2093.556994625653 11 2.5931e-07
2093.560197426991 5 2.61748e-08
2093.659868138623 6 2.3632e-07
2104.956994744286 11 1.17316e-07
2105.760197376979 5 3.50967e-08
2105.859868092075 6 4.01737e-07
2109.654517727027 9 1.21179e-07
2110.416164278442 8 1.6415e-07
2115.454517508201 9 1.45768e-06
2120.066164198381 8 2.68761e-07
2126.516164277865 8 6.94704e-07
2132.316164456649 8 1.36794e-08
2138.116164463378 8 5.44781e-08
2138.754517974685 9 5.26738e-09
2146.166538495095 8 1.2313e-07
2146.954518038443 9 4.30266e-08
2156.790949243275 7 2.71052e-08
2162.440948970905 7 2.30699e-07
2170.340948804341 7 2.36491e-07
2180.140948910386 7 5.4281e-08
2203.966164222804 8 3.78235e-07
2208.056994636949 11 1.76023e-07
2208.360197388744 5 8.55798e-08
2208.459868135292 6 1.32947e-07
2209.606560803257 10 5.03508e-08
2209.679299033189 3 2.49127e-07
2215.479299447428 3 3.43795e-08
2218.259868431458 6 4.42832e-08
2218.606560873369 10 4.56662e-08
2220.845694978592 4 7.08575e-08
2221.12929926967 3 4.45059e-08
2226.645694961998 4 3.24889e-08
2227.279299204268 3 7.91172e-08
2233.745695089959 4 4.50144e-08
2239.395694985022 4 6.7651e-08
2242.44996025099 2 1.42246e-07
2245.045694990539 4 5.14374e-08
2247.329299263604 3 2.07376e-08
2249.699960164663 2 1.56465e-07
2250.845694831245 4 7.79165e-08
2255.379299470321 3 8.31599e-08
2258.595694971153 4 6.24056e-08
2262.629299492139 3 4.21996e-08
2265.845694773299 4 2.66807e-07
2268.14996038695 2 2.57766e-08
2271.495694950289 4 1.32629e-07
2272.129299140254 3 8.1144e-08
2273.949960054323 2 1.93108e-07
2277.145694555889 4 1.33647e-05
2280.179299282561 3 1.54903e-07
2282.79569499303 4 2.44143e-08
2288.079299563186 3 1.84788e-08
2291.345694960267 4 1.46345e-07
2294.499960444203 2 8.08021e-08
2296.995694908887 4 7.78679e-08
2302.699960445329 2 2.85344e-08
2302.795694641786 4 1.28564e-06
2304.929299340273 3 5.95917e-08
2310.506560581401 10 1.53964e-07
2310.579299213863 3 7.57789e-08
2311.30699485649 11 1.43878e-08
2312.059868259492 6 6.14145e-08
2312.11019751606 5 2.66545e-08
2316.306560925712 10 3.14051e-08
2316.379298983298 3 1.0235e-06
2321.859867970364 6 4.02507e-07
2321.910197222786 5 3.3081e-07
2322.106560715326 10 8.63029e-08
2322.406994628588 11 1.75776e-07
2327.659868224736 6 8.19351e-08
2327.710197429153 5 1.02282e-07
2328.056994729894 11 1.70404e-07
2330.156560497232 10 5.13692e-08
2334.416164613537 8 3.24908e-08
2337.379299218656 3 6.85924e-08
2337.459868324598 6 7.29461e-08
2337.510197575343 5 5.39095e-08
2337.556560662171 10 1.05062e-07
2338.35699497511 11 4.31779e-08
2343.179299198467 3 4.42359e-08
2346.995695149699 4 2.31444e-08
2349.779299313803 3 5.72606e-08
2353.945694907522 4 1.12781e-07
2356.199960314319 2 7.67872e-08
2357.979299253171 3 7.46121e-08
2361.995694836637 4 9.85378e-08
2364.429299515832 3 1.04394e-07
2367.645694924821 4 8.88972e-08
2373.945695109245 4 5.27905e-08
2376.899960403551 2 2.33533e-08
2377.779299102197 3 1.91924e-07
2379.595694744592 4 4.09063e-07
2385.245695039036 4 1.55178e-08
2389.179299346652 3 1.10784e-07
2390.895694953885 4 1.20713e-07
2394.829299411789 3 6.70728e-08
2396.149960104614 2 2.00045e-07
2396.545694677017 4 1.54586e-07
2402.345694949464 4 5.42342e-08
2403.679299023283 3 2.72192e-07
2406.459868111795 6 1.85676e-07
2406.510197341013 5 5.12622e-08
2407.356560541159 10 1.55804e-07
2407.356994579894 11 4.50273e-07
2410.779299429992 3 1.31939e-07
2412.259867930827 6 2.53451e-06
2412.31019716142 5 6.7239e-07
2413.156560260554 10 4.01131e-06
2413.156994870805 11 4.3662e-08
2416.429299126822 3 2.10509e-07
2418.059868444855 6 7.92055e-08
2418.91019726291 5 2.08287e-07
2418.956560364637 10 7.6656e-07
2419.606994514774 11 4.29747e-07
2423.709867999262 6 4.10481e-07
2424.710197251693 5 1.17301e-07
2424.756560449464 10 1.38222e-07
2425.256994888489 11 2.35778e-08
2426.729299359572 3 2.42435e-08
2429.359868274482 6 1.99944e-07
2430.556560456158 10 3.19985e-07
2431.556994710398 11 5.55438e-08
2431.960197150112 5 2.55456e-07
2434.779299307242 3 3.42541e-08
2435.009868162188 6 9.93591e-08
2436.35656079558 10 2.0901e-08
2437.206994911094 11 3.94946e-08
2441.066164598245 8 4.12576e-08
2447.290949190083 7 4.5651e-08
2469.11616479593 8 2.5529e-08
2472.199959999761 2 1.78245e-07
2476.945695142243 4 3.09202e-08
2477.999960438292 2 3.00775e-08
2478.679299617818 3 1.83157e-08
2482.745695120256 4 3.98434e-08
2483.649960305021 2 1.0177e-07
2490.76616472709 8 2.78177e-08
2492.329298992256 3 9.55406e-07
2493.856560593937 10 7.31809e-08
2495.360197256508 5 2.95171e-07
2495.559868110783 6 3.20337e-07
2496.306994579679 11 2.90049e-07
2501.216164350112 8 7.51514e-08
2501.904517692449 9 1.22544e-07
2510.866164510029 8 4.97318e-08
2514.104517835296 9 1.29653e-07
2518.116164239186 8 4.63175e-07
2523.766164613659 8 2.81965e-08
2542.004517649888 9 1.48362e-07
2542.066164497899 8 7.62499e-08
2548.666164621738 8 7.041e-08
2550.204517925999 9 4.27469e-08
2555.854517641093 9 2.82175e-07
2558.016164488459 8 8.68595e-08
2571.604517777884 9 6.93323e-08
2573.26616440188 8 2.30644e-08
2578.916164358779 8 9.84341e-08
2580.454518031167 9 2.04054e-08
2586.166164149586 8 1.23461e-06
2591.704517688728 9 5.45272e-08
2592.46616464787 8 3.02917e-08
2597.354517684119 9 2.05429e-07
2600.36616432534 8 1.20155e-07
2605.404517598813 9 5.12729e-07
2611.054517469683 9 1.15522e-06
2611.616164414972 8 6.89093e-08
2616.70451776051 9 9.27382e-08
2617.266164415693 8 7.64191e-08
2620.409868344383 6 3.79586e-08
2621.179299294072 3 8.30313e-08
2621.256560628742 10 4.59751e-08
2621.956994910206 11 6.40106e-08
2621.960521450762 5 2.42983e-08
2626.979299502789 3 4.42495e-08
2631.549960202868 2 1.18565e-07
2636.666164780678 8 2.3815e-08
2638.949960043712 2 2.25977e-07
2640.595695191394 4 2.28969e-08
2644.749960328411 2 5.11758e-08
2647.916164208909 8 3.70434e-07
2654.204517628727 9 2.71067e-07
2676.654517541921 9 9.37917e-07
2679.816164264945 8 2.08382e-07
2687.904517648018 9 2.37204e-07
2688.666164575169 8 4.93604e-08
2696.716164650844 8 1.02827e-08
2706.15699487847 11 7.12587e-08
2708.604518017735 9 4.74968e-08
2714.216164291313 8 3.13946e-07
2714.254517799034 9 6.44552e-08
2719.829299156409 3 2.0272e-07
2723.045695045085 4 6.42022e-08
2727.049960442233 2 3.01401e-08
2728.029299097756 3 1.41879e-07
2728.695694903162 4 9.11555e-08
2737.695694937573 4 4.66695e-08
2743.345694676101 4 1.04117e-06
2744.879299548759 3 3.55993e-08
2746.449960171137 2 2.68207e-07
2749.145695080835 4 2.00857e-08
2755.745694994877 4 8.37516e-08
2756.929299567754 3 2.8768e-08
2761.545694730564 4 3.68683e-07
2767.345694798359 4 2.90436e-07
2772.995694942057 4 9.576e-08
2773.629299100903 3 3.6255e-07
2778.645694873194 4 9.6672e-08
2784.445694853703 4 5.23844e-08
2784.749960651009 2 2.29209e-08
2790.245694602731 4 4.25089e-06
2790.549960426203 2 6.56466e-08
2791.929299131879 3 8.73044e-08
2795.895694909933 4 9.63806e-08
2801.545694852731 4 2.62904e-07
2807.195694724698 4 5.28579e-07
2808.779299351863 3 5.9616e-08
2818.295694725355 4 3.00632e-07
2819.879299116714 3 1.83875e-07
2823.945694980145 4 8.97468e-08
2830.395694830692 4 1.29654e-07
2831.899960151523 2 7.53337e-08
2836.045694870544 4 1.43191e-07
2838.329299334542 3 6.59191e-08
2838.349960727745 2 2.04757e-08
2842.345694826979 4 2.04719e-07
2844.129299172014 3 1.17249e-07
2849.779298945583 3 7.18357e-07
2855.009868435106 6 9.38883e-08
2855.05656065984 10 6.56263e-08
2855.42929915614 3 1.43789e-07
2860.85656065036 10 2.28259e-08
2861.229299122772 3 1.72853e-07
2863.006995105189 11 1.47167e-08
2863.059868456538 6 9.90472e-08
2866.160197422476 5 5.02246e-08
2866.506560816753 10 2.62942e-08
2870.229299033307 3 4.64004e-07
2872.156560628904 10 1.11666e-07
2872.859868364733 6 8.57131e-08
2876.029299247814 3 9.17657e-08
2878.266164313547 8 9.84647e-08
2887.266164622225 8 5.25685e-08
2887.904517582656 9 2.27577e-07
2892.109868174899 6 1.01509e-07
2892.760197675596 5 2.7497e-08
2892.806994944924 11 1.15919e-08
2894.504517931225 9 5.35037e-08
2895.316164247503 8 4.52648e-07
2900.079299105314 3 1.6732e-07
2901.656560460787 10 4.64308e-07
2901.759868434953 6 2.97758e-08
2903.360197186722 5 2.27071e-07
2903.406994644865 11 4.48321e-08
2907.409868243694 6 1.19715e-07
2909.160197472663 5 1.13262e-07
2909.206994722629 11 4.93071e-08
2912.90656104777 10 1.52887e-08
2913.059868323172 6 1.35517e-07
2915.006994579952 11 1.95544e-07
2915.760197135861 5 1.19568e-06
2917.72929923736 3 7.57192e-08
2926.566164549936 8 4.16105e-08
2933.449960050583 2 3.01516e-07
2939.249960196761 2 4.40777e-08
2950.616164813968 8 1.50072e-08
2952.179299134271 3 1.00608e-07
2958.666164403288 8 1.34563e-07
2962.554517972919 9 2.51258e-08
2964.316164407885 8 3.78963e-08
2981.004517962454 9 5.95216e-08
2981.81616434466 8 6.30319e-08
2989.490948843827 7 1.50355e-07
3007.190948951916 7 1.40551e-07
3039.540948854008 7 1.83418e-07
3054.649960281092 2 1.89287e-08
3062.629299147812 3 6.70539e-08
3063.960197428897 5 4.94225e-08
3064.156560545876 10 1.94926e-07
3064.159868209185 6 1.86485e-07
3064.656995026507 11 3.78603e-08
3068.279299315245 3 5.56912e-08
3070.595694799071 4 1.43477e-07
3074.699960398941 2 1.17706e-07
3076.395695016993 4 1.2969e-07
3078.729299369999 3 1.20911e-07
3082.045694700476 4 3.85123e-07
3082.749960502267 2 9.36392e-08
3087.579299343361 3 1.14635e-07
3087.69569504163 4 3.62317e-08
3090.799960583786 2 2.82964e-08
3093.495694744318 4 6.79734e-07
3099.295695050184 4 1.42849e-08
3105.895694932112 4 8.78639e-08
3110.049960106347 2 1.63846e-07
3111.695694754658 4 2.78148e-07
3114.829299197602 3 6.99913e-08
3117.149960363241 2 6.69037e-08
3117.345694534833 4 0.000215382
3120.479299334215 3 6.52188e-08
3123.145694637804 4 2.1148e-06
3123.599960241267 2 1.16783e-07
3126.279299032188 3 2.58991e-07
3132.07929896357 3 1.29274e-06
3133.156560546767 10 2.21981e-07
3133.959868424029 6 1.91089e-08
3135.210197565447 5 7.41326e-08
3137.856994601138 11 1.35252e-07
3138.806560831764 10 1.75194e-08
3139.609868305945 6 1.17571e-07
3141.01019732614 5 1.86e-07
3143.506994629743 11 4.82267e-08
3145.259867980966 6 8.23091e-07
3145.906560620683 10 4.58172e-08
3146.660197126612 5 6.98216e-07
3149.156994399491 11 5.53075e-06
3150.909868197432 6 8.06646e-08
3151.479299381473 3 3.70316e-08
3151.556945706947 10 2.68675e-07
3152.310197640877 5 2.01257e-08
3154.956994663439 11 4.87922e-08
3156.559868373505 6 8.05129e-08
3157.279298953106 3 4.71888e-07
3157.356560852496 10 7.72741e-08
3162.666164380186 8 5.16257e-08
3164.254517618133 9 1.33205e-07
3171.666164503629 8 1.13057e-08
3172.45451770084 9 1.40621e-07
3177.46616468679 8 9.70797e-09
3183.116164461396 8 1.1786e-07
3188.354517702387 9 1.50833e-07
3189.566164301983 8 5.86099e-08
3193.479299048511 3 5.18104e-07
3195.806560480575 10 1.75634e-07
3196.360197630174 5 3.96517e-08
3199.129299101933 3 2.18218e-07
3200.459868384226 6 9.73656e-08
3201.456560814283 10 5.85602e-08
3204.966164393227 8 8.13501e-08
3206.154517580912 9 3.1794e-07
3210.766164379645 8 1.10554e-07
3211.954517924656 9 4.17253e-08
3215.029299067156 3 3.25146e-07
3216.345694955981 4 9.53661e-08
3217.899960147408 2 1.56672e-07
3222.145694897048 4 5.4302e-08
3223.079299056119 3 3.47597e-07
3225.506560526736 10 1.43753e-07
3226.259868361778 6 6.43155e-08
3226.960197289708 5 1.48259e-07
3227.656994541897 11 3.39342e-07
3230.179299128699 3 1.93251e-07
3235.006560439231 10 4.98216e-07
3235.856994607363 11 2.31573e-07
3235.909867994276 6 3.56186e-07
3235.960197087896 5 1.62921e-06
3240.566164652862 8 1.73929e-08
3242.229299212728 3 8.78662e-08
3243.309868078458 6 2.60186e-07
3243.856560646545 10 1.59154e-08
3244.010197123075 5 1.39931e-06
3244.056994500279 11 9.81074e-07
3248.959868018597 6 1.63417e-07
3249.506560769708 10 8.41024e-08
3249.810197597231 5 8.73672e-09
3249.856994935958 11 3.49786e-08
3251.079299187021 3 9.72299e-08
3256.729299035243 3 3.57339e-07
3257.959868440625 6 7.09734e-08
3258.206560467616 10 3.30977e-07
3258.856994961255 11 7.09712e-09
3260.410602811552 5 2.34319e-08
3263.829299258461 3 1.64575e-07
3264.656560764497 10 6.5833e-08
3265.359868106332 6 2.26792e-07
3265.456994740897 11 1.26202e-07
3266.210197248576 5 1.1364e-07
3269.479299420533 3 2.59544e-08
3270.306560275594 10 3.02707e-06
3271.159868500781 6 2.86507e-08
3275.279299400381 3 4.46315e-08
3276.616164776121 8 3.70983e-08
3280.106560583659 10 7.25317e-08
3280.929299288871 3 5.66576e-08
3281.65699478032 11 3.94511e-09
3281.759868128154 6 2.07607e-07
3282.410197521215 5 5.68992e-08
3286.57929892577 3 8.13269e-07
3291.856560576201 10 1.02566e-07
3292.209868225114 6 5.00393e-08
3292.379299314531 3 5.92418e-08
3293.010197522946 5 2.79539e-08
3293.056994851697 11 6.67496e-08
3298.416164462804 8 7.06248e-08
3300.579299430981 3 3.90139e-08
3306.316164432995 8 9.94956e-08
3309.559868424033 6 6.52015e-08
3309.57929914579 3 1.30116e-07
3314.956561086898 10 1.07809e-08
3315.379299134298 3 2.17985e-07
3318.995695308098 4 2.46744e-08
3321.266164458505 8 7.46694e-08
3327.654517713644 9 2.24743e-07
3334.904517875748 9 3.95575e-08
3335.716164296183 8 1.49902e-07
3341.17929935511 3 8.35822e-08
3341.309868216274 6 1.67665e-07
3342.010197272514 5 1.95611e-07
3342.056994667908 11 1.51942e-07
3342.206560544359 10 2.51696e-07
3346.95986797639 6 7.65985e-07
3347.810197405638 5 1.68197e-07
3347.856994683992 11 1.3128e-07
3350.256560602599 10 8.16767e-08
3353.379299146049 3 2.69325e-07
3357.409868189791 6 1.39638e-07
3357.656560602129 10 7.18681e-08
3357.657487264477 11 7.47872e-09
3358.260197399882 5 4.29695e-08
3359.029299290446 3 7.02175e-08
3363.059868282745 6 1.03197e-07
3363.45656090258 10 2.08518e-08
3363.457415449092 11 5.89384e-08
3364.679299333208 3 7.45785e-08
3365.360197396447 5 7.77294e-08
3370.329298992305 3 2.78494e-07
3372.456560715536 10 7.41781e-08
3372.559868451951 6 1.98042e-08
3376.45699474646 11 8.17102e-08
3376.610197358366 5 7.10749e-08
3377.429299451483 3 2.42605e-08
3378.209868411332 6 3.29807e-08
3378.256560368693 10 7.86279e-07
3383.860197234272 5 1.1948e-07
3384.009868151344 6 2.02437e-07
3384.056560555161 10 2.3968e-07
3384.656994777515 11 7.22479e-08
3386.929298984742 3 1.40637e-07
3390.9661643485 8 8.45369e-08
3392.404517778001 9 6.24264e-08
3398.204518141992 9 4.18691e-08
3408.766164296201 8 1.0652e-07
3416.504517561197 9 4.36665e-07
3417.76616475573 8 4.9318e-08
3425.704517478329 9 9.12344e-07
3428.366164524678 8 6.17595e-08
3431.504517715079 9 1.25707e-07
3444.504517951861 9 6.75778e-08
3450.954517696526 9 1.04192e-07
3451.766164624047 8 4.69946e-08
3456.754517455059 9 1.24534e-06
3470.554517907513 9 3.02197e-08
3470.866164789149 8 2.21763e-08
3476.354517542717 9 9.14108e-07
3485.35451779286 9 1.2712e-07
3509.466164541276 8 3.99572e-08
3513.404517700319 9 4.70116e-08
3517.666164417532 8 1.95687e-07
3519.204518084523 9 8.46209e-09
3523.466164334968 8 1.90848e-07
3533.690948811748 7 3.5679e-07
3573.299960310212 2 6.01285e-08
3579.099960317469 2 2.59681e-08
3584.899960059499 2 3.64603e-07
3592.94996001582 2 7.95994e-07
3600.349960135735 2 9.69073e-08
3601.295695086021 4 2.57972e-08
3605.999959982102 2 2.2899e-07
3606.945695009604 4 7.60255e-08
3611.799960277019 2 4.17403e-08
3614.84569519705 4 2.23986e-08
3617.599960289175 2 1.5895e-08
3623.399960288157 2 7.2189e-08
3630.799960223394 2 5.11293e-08
3642.140948710988 7 1.45121e-07
3662.890949226802 7 5.98026e-08
3674.849960352269 2 3.30832e-08
3677.266164459811 8 4.13264e-08
3680.254517716602 9 2.08421e-07
3686.054517750268 9 4.09814e-08
3686.916164693657 8 2.70376e-08
3702.166164203199 8 1.43861e-07
3707.554517569937 9 2.69618e-07
3707.966164663505 8 6.91101e-08
3728.490949094293 7 8.65901e-08
3744.290948919695 7 9.9332e-08
3752.490949166343 7 4.74472e-08
3758.140948773739 7 4.85071e-07
3788.490949031964 7 1.48638e-07
3801.590948991314 7 1.31919e-07
3846.116164525341 8 4.26302e-08
3849.299960266388 2 9.23341e-08
3855.099960045496 2 2.12296e-07
3859.916164305478 8 1.11966e-07
3861.70451755366 9 3.47105e-07
3867.354518030497 9 4.89431e-08
3873.004517705766 9 1.43421e-07
3878.654517413643 9 7.71623e-06
3880.116164737798 8 4.79357e-08
3884.056994693362 11 5.39629e-08
3884.859868507294 6 2.10265e-08
3884.860197772469 5 1.63378e-08
3890.554517981074 9 1.0329e-07
3892.25699483281 11 6.11459e-08
3899.554517916408 9 3.29304e-08
3900.966164785774 8 1.62043e-08
3906.766164068157 8 3.17078e-06
3908.404517649743 9 1.77716e-07
3912.566164303333 8 2.8872e-07
3914.054517698342 9 2.19457e-07
3919.85451762089 9 2.49533e-07
3920.766164489248 8 6.26344e-08
3925.6545176774 9 1.99628e-07
3926.566164323681 8 3.01922e-07
3931.329299375857 3 5.73169e-08
3935.459868102043 6 4.59638e-07
3935.46019734695 5 1.16998e-07
3935.506994747956 11 8.9957e-08
3936.106560345141 10 7.70471e-07
3940.179299153776 3 1.06974e-07
3941.259868367445 6 6.08853e-08
3941.260197646619 5 8.03363e-09
3945.979299553169 3 2.82218e-08
3957.699960527754 2 4.73855e-08
3963.39094894273 7 5.77493e-08
3976.149960228217 2 1.28545e-07
3985.379299289849 3 8.95834e-08
3988.19569497027 4 5.92014e-08
3991.029299136216 3 6.53829e-08
3993.799960066489 2 1.3629e-07
3993.845694848514 4 1.28625e-07
3996.829298975282 3 1.03841e-06
4000.445695149969 4 1.23381e-08
4002.629298925652 3 1.15874e-06
4008.156560746659 10 7.39387e-08
4008.429299135874 3 4.92794e-08
4012.659868287919 6 7.13735e-08
4012.660197539936 5 5.25757e-08
4013.006994968404 11 3.75565e-08
4014.079299389548 3 7.36191e-08
4016.216164818477 8 1.98334e-08
4019.729299453061 3 5.54194e-08
4020.059868203202 6 2.63551e-07
4020.060197490472 5 5.56536e-08
4021.006560569151 10 1.38332e-07
4021.056994692248 11 1.04377e-07
4025.379299398539 3 5.44671e-08
4026.806560520954 10 1.13371e-07
4037.216164266216 8 3.78078e-07
4042.379299063862 3 3.2437e-07
4045.059868113664 6 1.72623e-07
4045.106560523317 10 1.96617e-07
4045.860197181425 5 2.1029e-07
4045.906994679708 11 1.71476e-08
4048.17929904487 3 1.57395e-07
4051.516164330445 8 3.5986e-07
4052.954517815809 9 6.85912e-08
4057.316164297669 8 5.19196e-07
4067.904517652964 9 3.20558e-07
4073.704517711723 9 4.88228e-08
4076.41616445125 8 1.07707e-07
4086.066164475335 8 2.37039e-08
4086.104517698994 9 1.58041e-07
4092.099960343463 2 3.63456e-08
4095.745695019149 4 3.37541e-08
4097.899960240661 2 6.44019e-08
4105.97929911358 3 3.3091e-07
4111.779299216701 3 9.8598e-08
4112.595694731863 4 1.05856e-06
4118.229299409383 3 2.60516e-08
4118.245694895044 4 7.15964e-08
4118.899960329727 2 6.06386e-08
4124.029299563459 3 1.42722e-08
4124.045694948783 4 7.92816e-08
4124.69996019918 2 1.38177e-07
4129.82929965264 3 1.91455e-08
4129.845695109134 4 4.92829e-08
4135.645694822608 4 2.13556e-08
4139.629299280183 3 8.02702e-08
4143.66019741685 5 1.18895e-07
4144.459867886147 6 6.18075e-06
4144.506560720681 10 2.56696e-08
4144.507258944559 11 7.64889e-07
4149.310197567439 5 2.72931e-08
4150.079299206086 3 2.06991e-07
4150.306560706318 10 7.50589e-08
4154.116164358344 8 1.39855e-07
4166.316164168036 8 1.44013e-07
4168.554517548148 9 1.04921e-06
4174.354517875518 9 6.59086e-08
4174.366164429879 8 2.80339e-08
4180.954517664068 9 3.24714e-07
4182.56616475952 8 8.27302e-08
4186.604517700791 9 4.04539e-08
4188.366164400677 8 2.41621e-07
4192.254517896605 9 1.07262e-07
4194.966164365055 8 5.38209e-08
4197.904517851922 9 6.18565e-08
4203.554517879607 9 7.77309e-08
4203.966164139205 8 5.13131e-07
4223.06616439259 8 7.65031e-08
4228.299960336193 2 3.30546e-08
4236.390949044728 7 7.94983e-08
4242.190948867265 7 2.45478e-07
4266.240948743174 7 1.76799e-07
4276.74094916294 7 5.63109e-08
4284.790949106406 7 5.60206e-08
4292.690949120087 7 7.06552e-08
4304.640949212864 7 4.8528e-08
4320.640949000991 7 9.28761e-08
4331.090949158112 7 5.90579e-08
4339.940948700476 7 4.30739e-07
4351.916164555068 8 4.49014e-08
4362.366164219937 8 2.73287e-07
4363.154517778949 9 1.39842e-07
4368.679299478845 3 1.97787e-08
4369.616164385186 8 1.08254e-07
4375.859868211739 6 1.16655e-07
4376.706994872799 11 5.92286e-08
4376.710294903043 5 2.01699e-08
4376.756560733213 10 3.93201e-08
4377.67929905552 3 1.48497e-07
4381.509868382486 6 6.34806e-08
4382.556560416365 10 4.51954e-07
4383.310197481681 5 6.04453e-08
4384.106994879548 11 4.11082e-08
4384.129299306602 3 5.91207e-08
4391.11616439279 8 8.37178e-08
4401.716164234282 8 2.26608e-07
4402.304517759625 9 1.08837e-07
4412.166164437919 8 1.32215e-07
4416.104517745288 9 1.46979e-07
4420.216164386256 8 5.88934e-08
4421.754517603761 9 2.69518e-07
4427.554517589624 9 6.21029e-07
4429.066164121347 8 2.29815e-06
4433.354518095536 9 1.67126e-08
4440.016164449755 8 1.59915e-08
4440.754517744601 9 1.57146e-07
4458.466164559964 8 6.30255e-08
4460.154518116874 9 6.62501e-08
4475.316164461602 8 1.05066e-07
4478.4292993612 3 7.50905e-08
4481.116164095608 8 9.08422e-07
4487.266164407082 8 1.6769e-07
4496.05451771629 9 8.44217e-08
4501.704517721356 9 1.06628e-07
4502.516164576144 8 4.28929e-08
4514.554517802388 9 4.76077e-08
4515.366164380088 8 1.24195e-07
4520.204517844836 9 9.15153e-08
4525.854517867983 9 4.19117e-08
4531.266164172016 8 9.79888e-07
4533.754517698147 9 1.37776e-07
4537.716164208447 8 1.3186e-07
4542.299960120262 2 1.42825e-07
4543.095694995193 4 1.30471e-07
4548.099960289562 2 8.33098e-08
4553.749959971598 2 2.47478e-07
4555.29569513761 4 3.64021e-08
4556.879299623529 3 1.53235e-08
4559.549960265022 2 4.38815e-08
4565.199960105035 2 1.83947e-07
4570.999960296669 2 7.94492e-08
4576.929299262238 3 1.29104e-07
4578.545695160984 4 7.14724e-08
4585.629298958504 3 4.36299e-07
4591.159867942206 6 1.45577e-06
4591.20699457857 11 2.64335e-07
4591.210197159228 5 8.24978e-07
4591.256560578692 10 4.23841e-08
4596.079299354656 3 8.06973e-08
4596.959868475635 6 3.43311e-08
4597.010197789122 5 1.51354e-08
4601.879299187928 3 1.16248e-07
4602.656560418451 10 2.58502e-07
4603.559868043508 6 6.57892e-07
4603.610197161056 5 3.985e-07
4604.056994529873 11 5.22683e-07
4608.306560620361 10 1.63167e-07
4609.359868180449 6 1.11845e-07
4609.410197369343 5 4.40797e-08
4609.706994687096 11 1.19075e-07
4613.629299025103 3 3.35497e-07
4615.25656050244 10 7.40457e-08
4615.959868237216 6 1.80903e-07
4616.010197375398 5 1.05356e-07
4616.806994782144 11 9.82735e-08
4620.8161642345 8 7.67668e-07
4620.854517995834 9 6.37751e-08
4626.616164426967 8 2.32976e-08
4631.999960191524 2 4.66458e-08
4634.445695205994 4 2.22744e-08
4637.799960108116 2 3.10985e-07
4640.879299469219 3 4.01026e-08
4641.845695024924 4 2.77401e-08
4643.599960308729 2 1.51999e-08
4649.249960158671 2 5.24713e-08
4658.666164491105 8 5.02815e-08
4661.079299330889 3 3.22004e-08
4661.759868229715 6 8.00176e-08
4662.606994920984 11 3.8682e-08
4662.610197647837 5 2.1502e-08
4665.266164413032 8 6.33766e-08
4665.904517672496 9 2.43855e-07
4673.166164858563 8 2.37767e-08
4682.754517608862 9 1.2202e-07
4684.416164619224 8 2.48031e-08
4688.404517874148 9 1.75707e-08
4690.066164502198 8 3.74094e-08
4693.129299394461 3 4.94834e-08
4695.716164570109 8 4.06579e-08
4703.549960125103 2 2.1677e-07
4708.416164323767 8 3.25996e-08
4711.559868369748 6 4.00361e-08
4712.37929919878 3 2.80081e-08
4712.410197589027 5 6.84162e-08
4713.106560548374 10 8.4492e-08
4713.206995180598 11 3.23716e-08
4717.359868212487 6 1.66344e-07
4718.179299180762 3 7.5877e-08
4721.895694815173 4 1.19873e-07
4727.695694960632 4 2.94792e-08
4731.79996022789 2 5.12034e-08
4733.495694877258 4 2.3586e-07
4739.945694871597 4 4.02021e-08
4741.449960165827 2 1.64698e-08
4745.59569476163 4 1.90718e-07
4747.099960173566 2 1.0067e-07
4748.629299323447 3 5.73192e-08
4751.245695039081 4 5.14083e-08
4756.029299202385 3 1.21602e-07
4756.895695228079 4 3.85539e-08
4762.999960174438 2 1.51476e-07
4768.799960250657 2 4.48169e-08
4775.899960012636 2 3.26803e-07
4778.245695255808 4 2.02074e-08
4781.54996009284 2 1.4729e-07
4787.095695303815 4 1.14406e-08
4787.349960257626 2 3.0697e-08
4790.866164463099 8 5.81555e-08
4798.266164230984 8 2.63171e-07
4800.504517839248 9 7.60657e-08
4803.916524771877 8 2.30071e-08
4806.207283997097 11 1.88263e-07
4806.20986801213 6 6.05155e-07
4806.210197285961 5 8.31768e-08
4806.906560438834 10 1.49126e-07
4811.479299252362 3 1.13038e-08
4813.716164391661 8 1.64031e-07
4819.36616445599 8 4.07221e-08
4826.466164509679 8 6.67384e-08
4826.504517680573 9 4.00847e-07
4832.266164083702 8 5.69385e-06
4840.004517713663 9 2.36565e-07
4840.816164587843 8 5.60488e-08
4845.654517668732 9 1.19595e-07
4851.304517629773 9 2.36996e-07
4852.066164359713 8 1.26304e-07
4856.954517919695 9 6.01089e-09
4857.71616430763 8 1.8855e-07
4870.416164478261 8 4.46597e-08
4876.066164699569 8 9.73714e-09
4883.254517633196 9 1.12991e-07
4884.916164423961 8 1.33365e-07
4893.76616439653 8 6.02601e-08
4898.406995010606 11 4.14397e-08
4899.229299111566 3 1.92398e-07
4902.466164620273 8 3.01101e-08
4908.116164095855 8 2.33519e-06
4912.079299338991 3 1.65444e-08
4915.106560506496 10 1.46602e-07
4916.009868406353 6 5.12679e-08
4916.010197530425 5 3.88183e-08
4917.65699473381 11 3.2031e-08
4920.966164394575 8 1.2341e-07
4926.616164450057 8 4.90676e-08
4933.010197435205 5 9.01749e-08
4933.809867926416 6 6.19511e-07
4933.856994575659 11 6.94723e-07
4934.506560503277 10 2.86927e-07
4935.979299000639 3 6.70413e-07
4940.409868448164 6 8.09309e-08
4941.779299086424 3 1.96793e-07
4943.945694851722 4 7.90541e-08
4947.579299099757 3 2.59719e-07
4948.30656059979 10 6.72935e-08
4949.106994555237 11 2.0103e-07
4949.109867907573 6 1.82297e-06
4949.110197131559 5 2.7744e-07
4954.906994668805 11 2.4845e-07
4954.909868296389 6 3.61204e-08
4954.910197439396 5 4.03604e-08
4958.906560624187 10 3.95707e-08
4960.70699494001 11 6.43261e-08
4960.710015871664 6 1.0206e-07
4960.710946775092 5 2.13363e-08
4961.729299346648 3 4.46357e-08
4964.556560598255 10 3.65682e-08
4966.509868173221 6 1.54e-07
4966.510197288146 5 9.63965e-08
4967.306994534746 11 3.17594e-07
4970.356560792292 10 4.74958e-08
4970.579298948071 3 2.13023e-06
4976.116164277942 8 2.04868e-07
4976.904517803153 9 2.61763e-08
4980.306994743332 11 1.13025e-07
4980.309868302382 6 3.95769e-08
4981.11019773438 5 4.45769e-09
4988.304517787423 9 5.6458e-08
4989.916164260938 8 2.91525e-07
4994.104517823972 9 4.46559e-08
5002.116164187839 8 4.52296e-07
5003.754517664281 9 1.60277e-07
5009.404517657299 9 1.88078e-07
5015.854517807583 9 4.61872e-08
5018.166164377192 8 1.00327e-07
5021.654517747464 9 1.93478e-07
5026.906994846985 11 4.30687e-08
5030.354517887606 9 1.94598e-08
5030.366164420379 8 9.94821e-08
5036.154517990626 9 2.2843e-08
5036.166164684319 8 2.5291e-08
5041.954517760259 9 5.85007e-08
5057.966164317288 8 6.17896e-08
5067.579299375259 3 7.26299e-08
5067.706560484392 10 1.19257e-07
5067.709868167048 6 1.8075e-07
5067.710197380249 5 6.37844e-08
5067.756994816776 11 5.86468e-08
5073.50656070213 10 5.05285e-08
5073.509868325468 6 8.88177e-08
5074.17929923172 3 7.88296e-08
5074.310197744949 5 2.89318e-08
5080.099960230641 2 8.09063e-08
5085.749960342657 2 8.81929e-08
5089.36616464741 8 2.17336e-08
5093.054518115003 9 4.14779e-08
5095.166164515702 8 8.86882e-08
5098.704517683794 9 1.96315e-07
5102.566164641352 8 2.44277e-08
5104.354517632816 9 7.56408e-08
5110.004517906633 9 7.27006e-08
5123.26616445722 8 9.84102e-08
5124.154517620596 9 2.09839e-07
5133.804517926168 9 2.80027e-08
5137.7161645651 8 4.31778e-08
5148.904517730689 9 1.59763e-07
5164.154517805487 9 4.63496e-08
5164.966164488131 8 1.74132e-07
5169.804517653607 9 1.40004e-07
5171.416164379545 8 1.13056e-07
5175.454517853144 9 1.65215e-07
5177.71616439531 8 4.33811e-08
5184.779299154677 3 3.41677e-08
5187.306560313929 10 2.73801e-07
5187.310197452197 5 4.63722e-08
5188.109868195774 6 6.31763e-08
5188.156994808262 11 2.47636e-08
5190.579299374753 3 3.60235e-08
5193.106560628665 10 7.83083e-08
5193.110197317212 5 4.85781e-08
5193.909868335522 6 4.9591e-08
5193.956994974147 11 3.32549e-08
5197.029299165309 3 3.38102e-08
5199.706560506539 10 7.98539e-08
5201.309867911535 6 2.47042e-06
5201.310197177555 5 3.88501e-07
5201.356994555889 11 1.89248e-07
5207.109868005956 6 2.38205e-07
5207.110197237329 5 1.36192e-07
5207.156994655316 11 6.60043e-08
5207.906560370867 10 7.99535e-07
5208.129299382105 3 2.99118e-08
5212.910197777951 5 2.33742e-08
5213.706560957708 10 2.17087e-08
5213.779298957143 3 6.45955e-07
5216.109868318727 6 5.28426e-08
5219.506560682034 10 4.84919e-08
5219.579299180469 3 2.37134e-07
5220.806994939389 11 6.31151e-08
5223.210197298846 5 1.07363e-07
5224.009867900506 6 1.22277e-06
5225.306560646711 10 4.48969e-08
5226.029298970028 3 7.99265e-07
5228.860197578837 5 4.86074e-08
5229.659868565169 6 5.36873e-08
5231.106560700385 10 4.20326e-08
5231.679299494221 3 2.76096e-08
5234.51019728433 5 2.78191e-07
5235.25699446601 11 2.27669e-07
5235.309867872179 6 6.19272e-06
5240.160197254694 5 2.56182e-07
5240.906560699882 10 1.06534e-07
5241.056994515467 11 3.745e-07
5241.109867918798 6 1.51917e-06
5243.07929909204 3 1.90688e-07
5246.416164472742 8 5.64442e-08
5248.879299299588 3 6.0715e-08
5252.866164486502 8 6.54467e-08
5258.516164465301 8 4.25392e-08
5258.904518222655 9 4.42282e-08
5265.766164296218 8 1.50109e-07
5266.954517698157 9 4.677e-07
5271.566164603361 8 2.63915e-08
5272.754517539064 9 1.1644e-06
5277.366164262217 8 6.23763e-07
5283.166164533005 8 3.92957e-08
5283.354517668782 9 9.78532e-08
5289.766164501799 8 5.6667e-08
5290.604517592462 9 3.22983e-07
5294.109868229832 6 1.44993e-07
5294.706994957435 11 2.11283e-08
5295.260197888766 5 6.70171e-09
5297.016164313095 8 1.41878e-07
5302.66616424658 8 1.99465e-07
5303.30451779382 9 6.76251e-08
5310.716164789254 8 1.81861e-08
5315.504517905646 9 1.01825e-07
5316.366164405501 8 1.28435e-07
5321.154517974405 9 3.5025e-08
5322.016164255975 8 2.68765e-07
5327.666164322367 8 1.2075e-07
5328.254517705324 9 2.40027e-07
5335.654517788204 9 1.00305e-07
5336.366164413755 8 1.27693e-07
5341.30451776328 9 1.09513e-07
5342.016164746813 8 2.77598e-08
5344.206994894935 11 1.81085e-08
5345.059868702182 6 3.27225e-08
5356.104518014162 9 2.93981e-08
5361.76616423233 8 3.90499e-07
5361.904517917974 9 4.24923e-08
5368.366164662889 8 3.30886e-08
5377.954517640214 9 4.28605e-07
5379.466164208563 8 3.43816e-07
5383.604517688573 9 3.97007e-08
5387.51616457886 8 3.97831e-08
5392.304517833408 9 1.40206e-08
5393.166164488097 8 5.20036e-08
5398.816164436034 8 8.10084e-08
5401.954517900771 9 7.37063e-08
5408.256994694272 11 1.06313e-07
5408.309868271317 6 1.0283e-07
5408.910197730885 5 2.22645e-08
5411.604517871828 9 4.0844e-08
5412.316164139065 8 1.21075e-06
5418.116164407461 8 9.13659e-08
5423.916164618909 8 2.57787e-08
5428.12929910052 3 2.02279e-07
5430.516164661828 8 5.27934e-08
5433.929299179937 3 9.19046e-08
5439.709868458128 6 1.95509e-08
5439.729299319152 3 2.42111e-08
5443.995694946231 4 8.70257e-08
5444.049960157401 2 2.1692e-07
5449.795694810173 4 3.86729e-08
5452.249960010065 2 1.67905e-07
5455.595694768989 4 3.823e-07
5457.529299312804 3 5.75345e-08
5459.049960272471 2 3.86408e-08
5461.39569493201 4 6.10342e-08
5467.195694833696 4 8.26146e-08
5469.579299449534 3 3.78229e-08
5472.995694749418 4 2.89613e-07
5478.579299132794 3 3.89852e-08
5479.595695085989 4 5.27295e-08
5484.379299183887 3 8.34225e-08
5487.109868578995 6 1.104e-08
5487.856560798182 10 3.85517e-08
5490.179299150625 3 7.23114e-08
5491.995694781818 4 4.52198e-07
5496.779299457722 3 1.33872e-08
5497.549960280227 2 5.69349e-08
5497.795694683526 4 2.92592e-07
5504.179299325635 3 5.94786e-08
5504.395694823388 4 1.48109e-07
5510.195694765783 4 2.43486e-07
5515.995695241325 4 3.27585e-08
5523.245695138177 4 3.96903e-08
5525.179299491721 3 5.95589e-08
5529.045694884564 4 1.22407e-07
5536.445695034733 4 1.47538e-08
5540.579299321429 3 5.50938e-08
5543.045694956821 4 4.61385e-08
5546.379299281948 3 9.80093e-08
5550.299960164656 2 2.37983e-07
5555.866164366222 8 8.1112e-08
5556.704517781014 9 4.49239e-08
5562.504517513683 9 7.04184e-07
5564.866164497323 8 6.03649e-08
5568.154517611971 9 3.02556e-07
5571.466164555546 8 3.76627e-08
5576.179299315085 3 2.54658e-08
5577.559868195319 6 4.7284e-08
5577.65656045555 10 2.24962e-07
5577.906994867793 11 6.09534e-08
5577.910197396395 5 6.07094e-08
5583.359868368085 6 4.86616e-08
5583.456560821099 10 3.07958e-08
5583.579299178254 3 1.37943e-07
5583.710197735454 5 7.29855e-09
5585.956994571928 11 2.35079e-07
5589.25658854423 10 2.80089e-07
5589.379299424277 3 4.80078e-08
5589.959868234476 6 6.54818e-08
5590.160197374406 5 5.43851e-08
5594.806994670068 11 1.55092e-07
5595.056560643023 10 5.34328e-08
5595.609868183458 6 4.55331e-07
5595.960197559806 5 2.67001e-08
5597.579299143142 3 2.41743e-07
5603.379299296849 3 2.85145e-08
5608.056560558729 10 2.33665e-07
5608.309867999063 6 6.31783e-07
5608.960197037623 5 6.98167e-06
5609.106994461148 11 4.50447e-07
5615.516164366339 8 1.91375e-07
5616.354517789177 9 1.25334e-07
5621.966164451889 8 5.83353e-08
5622.004517726656 9 1.30546e-07
5625.829299129452 3 3.19566e-07
5627.456560384639 10 3.09144e-07
5627.556994762147 11 1.90004e-08
5627.559868124622 6 4.71107e-07
5627.560197280692 5 1.42609e-07
5633.256560692449 10 4.44615e-08
5633.35699508518 11 3.30735e-08
5633.359868442107 6 8.43892e-08
5633.360197679282 5 5.8489e-08
5633.879298930211 3 1.1717e-06
5637.366164605039 8 2.74162e-08
5661.566164373794 8 2.63958e-07
5664.804518008829 9 4.91404e-08
5667.366164731169 8 5.42611e-08
5672.854517845456 9 8.4002e-08
5673.016164401382 8 8.77892e-08
5684.254517661614 9 1.22946e-07
5688.26616445278 8 7.30034e-08
5693.604517817742 9 2.24279e-08
5693.916164309883 8 2.30401e-07
5699.56616464277 8 3.70812e-08
5701.556994798034 11 5.26641e-08
5701.559868217653 6 6.94572e-08
5702.360197391712 5 5.47443e-08
5703.229299147068 3 4.79536e-08
5703.556560778751 10 4.02174e-08
5707.35699451535 11 3.22958e-07
5707.359868136483 6 3.58796e-07
5708.160197478062 5 9.13519e-08
5710.506560685765 10 1.23782e-07
5713.156994394261 11 6.79324e-06
5713.159868002717 6 7.70729e-07
5713.810558261544 5 1.47732e-06
5716.879299433859 3 6.93106e-09
5717.756560441969 10 6.08166e-07
5718.956994834935 11 1.2448e-07
5718.959868185205 6 4.11262e-08
5719.460197546024 5 2.75405e-08
5722.529299070942 3 4.34898e-07
5728.756995009873 11 1.63775e-08
5728.759868417869 6 6.19231e-08
5728.960197764919 5 1.93565e-08
5729.779299269939 3 1.00562e-07
5735.429299263233 3 3.434e-08
5736.959868147159 6 1.83151e-07
5737.757033994441 11 4.74561e-07
5737.810197149473 5 4.67651e-07
5739.256560545167 10 2.42341e-07
5741.079298959764 3 9.36524e-07
5744.916164802998 8 2.25517e-08
5764.19094900593 7 2.34777e-07
5777.690948852742 7 1.44216e-07
5790.79094906638 7 1.16583e-07
5801.090949128518 7 7.7593e-08
5808.340948991316 7 1.65301e-07
5814.790948938239 7 1.64424e-07
5839.516164322812 8 2.84324e-07
5843.679299173567 3 1.20833e-07
5844.209868334358 6 5.45625e-08
5844.256560554929 10 1.24009e-07
5845.156994879775 11 3.23175e-08
5845.210197542395 5 3.15429e-08
5850.129299208422 3 3.36514e-08
5855.56616444701 8 6.0546e-08
5861.366164514841 8 9.88706e-08
5867.016164714005 8 1.46808e-08
5869.379298925619 3 5.96151e-07
5870.856560835159 10 9.28394e-09
5871.609868369285 6 9.66252e-08
5871.756994938309 11 5.40745e-08
5874.060197709013 5 2.25062e-08
5875.029299282365 3 9.00247e-08
5876.656560408749 10 1.82083e-07
5877.40986819282 6 1.69975e-07
5878.206994635642 11 4.01005e-08
5879.710197678896 5 1.16781e-08
5880.679299091883 3 5.50912e-08
5885.466164544165 8 1.39414e-07
5887.854517749828 9 8.1748e-08
5891.11616438558 8 9.39607e-08
5896.766164342273 8 6.71296e-08
5897.504517717922 9 1.85095e-07
5905.616164319352 8 1.63341e-07
5907.154517644541 9 3.1045e-07
5915.204517551206 9 3.21387e-07
5915.916164651904 8 2.45466e-08
5931.166164630422 8 8.24105e-08
5931.904517745605 9 2.85069e-08
5936.816164175463 8 9.26103e-07
5942.616164403601 8 1.54858e-07
5949.216164547815 8 2.77264e-08
5951.929299088177 3 1.56029e-07
5953.356560428062 10 1.39146e-07
5953.459868234522 6 8.74847e-08
5953.510197407886 5 2.6392e-08
5954.256994927128 11 1.40985e-08
5957.579299460236 3 4.7645e-08
5959.156560558561 10 6.03647e-08
5959.310197754038 5 1.92018e-08
5963.229298989998 3 6.70311e-07
5964.956560950338 10 4.89195e-09
5968.859868246128 6 7.63175e-08
5969.029299343708 3 9.17098e-08
5969.610197293241 5 1.69871e-07
5969.656994732041 11 9.4195e-08
5970.756560358253 10 5.56957e-07
5974.509868180406 6 1.49646e-07
5975.410197281126 5 6.63821e-08
5975.456994689817 11 1.75929e-07
5976.406560758838 10 5.29012e-08
5976.429299315302 3 1.5107e-07
5980.159868254316 6 3.40193e-08
5981.210197688343 5 4.09595e-08
5981.25699509197 11 3.41995e-08
5982.206560758331 10 4.43413e-08
5982.229299070959 3 9.88904e-09
5985.959868407854 6 8.73423e-08
5988.61616424554 8 1.24007e-07
5995.866164315277 8 1.78951e-07
5997.40451764811 9 2.56626e-07
6017.516164301574 8 2.9049e-07
6019.054517800451 9 7.1021e-08
6027.816164561657 8 5.41953e-08
6028.70451790256 9 3.74687e-08
6033.466164363613 8 1.13523e-07
6034.354517535474 9 4.95418e-07
6039.11616428695 8 2.44263e-07
6045.4545177576 9 1.48652e-07
6046.366164501214 8 6.96273e-08
6063.904517853234 9 1.44746e-07
6069.554517569848 9 5.62475e-07
6070.266164541282 8 6.57719e-08
6075.204517904829 9 6.39786e-08
6075.916164817315 8 3.50129e-08
6081.504517719946 9 1.35877e-07
6081.566164478464 8 9.40996e-08
6087.079299301148 3 2.27237e-08
6089.359867945028 6 9.2923e-07
6089.410197175227 5 7.56735e-07
6089.45656061364 10 6.80589e-08
6089.456994565987 11 1.68552e-07
6092.879299380054 3 4.05487e-08
6095.159868346041 6 5.72794e-08
6095.210197506944 5 2.85673e-08
6095.25656032709 10 8.65621e-07
6095.256995005444 11 2.95339e-08
6100.959868245448 6 9.73386e-08
6101.010197358442 5 3.92644e-08
6101.056560282829 10 1.55262e-06
6101.856994582807 11 2.58463e-07
6104.279299278752 3 1.95964e-07
6106.75986803017 6 7.5917e-07
6106.810197270877 5 1.29446e-07
6106.856560486797 10 3.90838e-08
6107.656994980231 11 2.3558e-08
6112.559868443972 6 3.12037e-08
6112.610197588943 5 3.63519e-08
6113.456994980181 11 2.9279e-08
6119.959868058329 6 1.76682e-07
6120.01019714785 5 2.67697e-07
6120.056994441766 11 7.36775e-07
6125.759868522617 6 2.66317e-08
6125.810197717622 5 1.70579e-08
6125.856994922686 11 6.49856e-08
6129.306560645303 10 2.91982e-08
6130.079299104079 3 3.02413e-08
6133.99569485568 4 4.81063e-08
6135.729299182068 3 2.15863e-07
6140.166164340847 8 2.01428e-07
6145.966164318301 8 2.56712e-07
6151.766587646772 8 1.0881e-08
6157.41616443051 8 8.2887e-08
6163.866164212824 8 4.35922e-07
6169.516164778356 8 3.99295e-08
6172.579299070395 3 4.24468e-07
6174.156560656738 10 6.25186e-08
6178.86616424778 8 5.00407e-07
6181.254517613423 9 3.84139e-07
6198.766164363218 8 5.42694e-08
6201.154517862374 9 7.12169e-08
6206.966164345138 8 1.56207e-07
6210.079299205783 3 5.37027e-08
6212.616164633128 8 5.39957e-08
6218.266164336862 8 1.57822e-07
6220.529299252833 3 4.17184e-08
6222.695695244228 4 1.2165e-08
6226.179299060952 3 1.23515e-07
6227.559868175366 6 7.87336e-09
6227.656560554092 10 1.76127e-07
6228.410197176143 5 2.28627e-07
6228.456994516509 11 1.10994e-06
6233.279299353524 3 2.74803e-08
6233.359868405455 6 3.20626e-08
6233.456560472557 10 6.00464e-08
6235.810197295944 5 6.2213e-08
6236.506994815781 11 9.00423e-08
6239.079299303989 3 7.09243e-08
6242.016164384894 8 6.85601e-08
6245.704517908811 9 4.44914e-08
6247.666164685151 8 1.52225e-08
6251.504517612527 9 3.36789e-07
6253.316164786314 8 4.11531e-08
6257.154517656436 9 1.51056e-07
6274.316164426302 8 1.53972e-08
6285.704517733357 9 8.77747e-09
6286.51616429056 8 1.55925e-07
6295.516164237355 8 2.82095e-07
6300.879299141316 3 2.18958e-07
6306.679298963002 3 3.99647e-07
6308.856560924858 10 1.18988e-08
6317.099960300567 2 8.51884e-08
6321.016164908135 8 1.73102e-08
6323.549960001212 2 4.20247e-07
6326.745695240607 4 6.54459e-09
6329.199960314766 2 2.83664e-08
6332.545695112829 4 1.59832e-08
6334.999960036958 2 1.51888e-07
6339.945695051441 4 5.6244e-08
6340.799959893347 2 1.08384e-06
6346.545695164 4 5.91593e-08
6346.599960193277 2 1.60948e-07
6349.566164391984 8 4.46012e-08
6355.21616434063 8 1.03424e-07
6356.004517658182 9 3.03708e-07
6362.60451771084 9 6.91662e-08
6363.416164534188 8 5.91911e-08
6368.404517771034 9 1.51322e-07
6374.016164261141 8 2.01312e-07
6375.504517893666 9 3.24391e-08
6381.26616450916 8 1.80363e-08
6381.304517579014 9 2.32801e-07
6398.266164535309 8 8.30931e-08
6398.304517616498 9 1.81841e-07
6404.104517877246 9 4.65172e-08
6407.11616423755 8 2.16253e-07
6409.904517545887 9 1.15818e-07
6412.916164177578 8 9.22885e-07
6415.554517667941 9 6.20329e-08
6423.604517688106 9 9.77892e-08
6426.716164396737 8 6.72325e-08
6429.404517707002 9 1.50348e-07
6436.706994963895 11 3.70421e-08
6439.959868244264 6 1.80938e-07
6440.810197764087 5 1.50192e-08
6444.906995016009 11 2.82011e-08
6449.154517915344 9 3.56372e-08
6449.966164233533 8 8.3727e-08
6455.616164776396 8 3.96611e-08
6462.866164457559 8 5.34731e-08
6465.20451808069 9 2.99736e-08
6468.516164260627 8 4.38289e-07
6472.159868110321 6 1.60778e-07
6472.306994731565 11 8.44203e-08
6473.010197722859 5 2.19567e-08
6476.329299332342 3 7.57023e-08
6477.056560644893 10 1.01072e-07
6477.959867996404 6 6.07687e-07
6478.10699442191 11 9.48287e-07
6478.810197173389 5 3.94779e-07
6481.979299416887 3 4.96685e-08
6485.106560391608 10 7.63991e-07
6485.35699479317 11 4.17489e-08
6485.359868154923 6 2.22105e-07
6485.410197304764 5 9.79086e-08
6491.956994522592 11 6.005e-07
6491.959868102334 6 2.30702e-07
6492.010197320715 5 3.99686e-08
6493.306560522682 10 1.40623e-07
6494.029299339331 3 6.65051e-08
6499.466164413144 8 6.08019e-08
6500.304517581184 9 4.25997e-07
6505.266164595548 8 1.80084e-08
6506.104517758691 9 5.90011e-08
6511.359868419713 6 8.94283e-08
6512.1569947372 11 9.79074e-08
6513.01019781868 5 7.17911e-09
6514.954517938643 9 9.96757e-08
6517.956994754869 11 9.01546e-08
6518.759868473553 6 3.4438e-08
6518.810197768466 5 2.57422e-08
6521.404517930373 9 2.14955e-08
6523.716164386906 8 8.90642e-08
6530.079299135828 3 1.89569e-07
6530.959868674588 6 2.65161e-08
6532.716164287216 8 9.22916e-08
6535.854517608221 9 3.62766e-07
6542.366164496618 8 4.26785e-08
6542.454517751194 9 1.61412e-07
6550.566164699424 8 3.28142e-08
6550.654517799049 9 3.57995e-08
6556.366164164793 8 8.28358e-07
6556.454517952978 9 6.22729e-08
6560.556994996703 11 2.73179e-08
6570.35699508639 11 2.10138e-08
6571.854517794932 9 1.16364e-07
6572.566164674203 8 3.12201e-08
6575.959868112805 6 3.68984e-07
6576.00699456479 11 1.56384e-07
6576.610197548091 5 3.03957e-08
6582.454517795892 9 1.12011e-07
6583.966164199132 8 1.12987e-06
6596.166164362618 8 1.51952e-07
6597.854517667952 9 1.85221e-07
6604.810197796741 5 1.19602e-08
6606.854517802903 9 4.02013e-08
6608.366164516437 8 5.52478e-08
6612.654517703649 9 1.11591e-07
6618.816164569009 8 8.69315e-08
6636.616164393965 8 6.30304e-08
6641.854517618284 9 4.98134e-07
6643.216164346135 8 4.96568e-08
6655.50451776105 9 3.881e-08
6656.216164290135 8 1.37621e-07
6661.154517961217 9 2.80838e-08
6662.016164268334 8 2.09605e-07
6670.066164242299 8 7.56503e-08
6675.579299085217 3 1.92513e-07
6677.14569469046 4 7.04058e-07
6678.649960493109 2 3.20966e-08
6682.795694907772 4 1.20042e-07
6686.849960379935 2 6.56037e-08
6688.445694988162 4 8.32021e-08
6691.629299470296 3 4.58348e-08
6693.949960151482 2 2.10759e-07
6694.095694970957 4 6.42739e-08
6699.89569499646 4 3.75491e-08
6702.149960215232 2 1.17154e-07
6705.695694644487 4 7.30471e-07
6710.049960137222 2 1.27241e-07
6711.495694859281 4 2.03554e-07
6718.745694747382 4 2.78746e-07
6720.349960235994 2 1.07259e-07
6724.395694835532 4 1.45249e-07
6732.445694958993 4 5.17403e-08
6738.095694571119 4 4.39836e-06
6740.329299244944 3 5.76369e-08
6743.745695061976 4 3.7087e-08
6746.79996032308 2 2.03097e-08
6748.379299152235 3 1.88577e-07
6751.416164445229 8 5.85466e-08
6752.254517714122 9 1.17318e-07
6763.466164365547 8 1.92594e-07
6764.304517625401 9 3.01974e-07
6775.516164160537 8 3.76255e-07
6777.954517828582 9 5.50172e-08
6781.966164340438 8 1.27026e-07
6783.604517821446 9 6.62439e-08
6788.159868429642 6 2.14647e-08
6788.206994939425 11 7.73208e-08
6796.304518000549 9 3.23684e-08
6798.806995098638 11 5.26654e-08
6801.954517950322 9 7.18718e-08
6804.21019742776 5 3.72011e-08
6804.359868215433 6 2.5079e-07
6804.456994655161 11 1.17356e-07
6809.854517681123 9 1.09262e-07
6810.66616477428 8 1.9037e-08
6815.654517574122 9 4.20895e-07
6820.466164366502 8 1.18236e-07
6821.454518119489 9 5.74544e-08
6831.866164280651 8 1.61962e-07
6832.704517839219 9 5.34892e-08
6843.954517843026 9 1.6673e-08
6848.566164765682 8 1.35092e-08
6854.216164675421 8 3.15452e-08
6854.254517590762 9 3.92719e-07
6861.654517837241 9 8.71344e-08
6874.916164718542 8 1.41438e-08
6879.004518266034 9 1.82569e-08
6884.716164670725 8 3.29389e-08
6890.366164168093 8 9.2803e-07
6895.479299087278 3 2.57765e-07
6896.295695143405 4 3.46973e-08
6902.095694819751 4 1.08242e-07
6907.849960130331 2 1.58192e-07
6907.895694973357 4 9.38488e-08
6910.879299349213 3 4.97285e-08
6918.959868171542 6 2.00836e-07
6919.056994789276 11 8.84407e-08
6919.460197394189 5 3.24119e-08
6920.156560403374 10 2.89363e-07
6920.679299219164 3 1.99967e-07
6928.049960312068 2 6.93667e-08
6933.849960118733 2 1.00335e-07
6943.066164348629 8 2.5734e-07
6948.86616439981 8 1.38678e-07
6951.854517905371 9 4.11269e-08
6957.654517564798 9 4.66461e-07
6959.316164311641 8 2.22159e-07
6963.454517878183 9 8.44716e-08
6964.966164324721 8 1.07163e-07
6969.104517616312 9 2.44066e-07
6974.754517880424 9 9.05302e-08
6984.216164211211 8 2.04814e-07
6985.854517537936 9 1.29624e-06
6990.479299103518 3 1.30307e-07
6992.095694816467 4 8.58244e-08
6999.479299333789 3 9.56295e-08
7000.295694707853 4 5.86536e-07
7005.945694887221 4 2.08345e-07
7011.59569470119 4 7.38686e-07
7015.399960191576 2 8.54835e-08
7017.245695082959 4 2.13939e-08
7017.779299216287 3 1.37796e-07
7021.006560755903 10 3.63019e-08
7021.559868353112 6 3.53728e-08
7023.25699463345 11 3.46347e-07
7023.360197232742 5 2.68991e-07
7027.359868094431 6 4.32527e-07
7029.056994644761 11 1.38886e-07
7029.16019737883 5 1.09378e-07
7029.206561016594 10 8.55392e-09
7033.009868134205 6 4.44024e-07
7034.85699458821 11 2.13173e-07
7034.960197341829 5 5.41269e-08
7036.306560766019 10 3.23936e-08
7037.829299063442 3 2.1138e-07
7046.516164433812 8 8.66565e-08
7052.316164658645 8 3.73158e-08
7055.354517733735 9 4.91517e-08
7058.116164615595 8 4.0673e-08
7060.109868288478 6 7.67787e-08
7060.610197745471 5 2.41284e-08
7060.656995051115 11 2.0319e-08
7063.479299213695 3 1.49106e-07
7065.006560667109 10 4.07799e-08
7065.909867993952 6 1.4189e-06
7066.41019711324 5 1.42417e-06
7066.456994409757 11 2.10406e-06
7070.656560335528 10 1.28328e-06
7071.559868454518 6 3.92837e-08
7073.810197167937 5 3.23071e-07
7074.656994772406 11 4.69015e-08
7076.30656048252 10 1.46114e-07
7077.20986820156 6 9.87415e-08
7077.779299444623 3 8.55195e-08
7079.460197392298 5 2.10321e-08
7080.306994647601 11 2.50953e-07
7081.956560681034 10 5.88474e-08
7082.859867982407 6 7.72259e-07
7085.110197140022 5 5.82552e-07
7085.956994621881 11 1.30281e-07
7087.606560564382 10 6.20893e-08
7088.229299272114 3 4.08912e-08
7093.86616439825 8 4.57538e-08
7099.516164172998 8 1.9772e-07
7100.204517826773 9 1.20734e-07
7105.31616466015 8 5.63086e-08
7112.266164291334 8 6.62963e-08
7114.654517778481 9 1.02772e-07
7121.916164374409 8 5.46633e-08
7131.566164520292 8 8.99457e-08
7132.304517726553 9 9.62947e-08
7140.09996000815 2 1.1236e-07
7148.266164594926 8 4.44392e-08
7197.079299043639 3 2.97766e-07
7199.395694640482 4 7.55256e-07
