0.876836949016 2 3.66497e-08
1.098628871061 7 3.2255e-08
6.485763829851 4 2.34202e-07
8.348628943907 7 7.87037e-08
12.28576380738 4 1.83612e-07
19.535763897584 4 1.81772e-07
25.18576382054 4 7.31831e-09
27.394870811345 11 1.77258e-07
28.820657383023 5 3.74164e-08
39.485763855165 4 1.50795e-07
47.535763696692 4 6.18722e-07
49.848628760918 7 1.65478e-07
50.676837087947 2 4.07345e-08
53.185763925005 4 6.27569e-08
55.498628859693 7 5.34132e-08
58.835763976132 4 1.89331e-07
60.326837052587 2 7.6662e-08
61.148629079908 7 4.32218e-08
64.485763710032 4 8.07467e-07
69.026836920093 2 1.4832e-07
69.048628687887 7 2.16492e-07
69.805401452642 6 6.70644e-08
69.852338218763 8 2.06889e-07
74.826836791256 2 1.35202e-07
75.605401339255 6 6.51378e-07
75.648628763175 7 2.86745e-07
75.652338138238 8 1.07598e-07
78.644870940254 11 6.11179e-08
80.870657338297 5 8.02195e-08
84.294870787304 11 1.83247e-07
87.285763854821 4 2.96769e-07
90.89487095138 11 1.00418e-07
92.120657150354 5 6.26001e-08
99.985763872808 4 9.72796e-08
101.494870674634 11 4.32743e-07
102.420657325245 5 2.33697e-08
108.07065738858 5 8.39695e-08
116.607593097796 3 5.40648e-08
123.942808457787 10 1.70282e-07
128.657593131676 3 5.8633e-08
134.392808573756 10 9.76683e-08
136.707592998067 3 1.04387e-07
140.042808289929 10 1.7633e-07
148.7428086544 10 2.23085e-08
152.757593146508 3 1.81676e-08
154.39280853444 10 4.035e-08
160.007592687358 3 7.53509e-07
163.242808381861 10 1.43785e-07
168.057592849366 3 1.61765e-07
174.342808728004 10 2.47072e-08
176.757593036226 3 2.72153e-08
181.570657093563 5 2.81474e-07
182.344871098049 11 1.81709e-08
183.944326526823 9 1.05928e-07
185.442808736828 10 6.88272e-09
187.220657542946 5 1.73254e-08
191.892808249711 10 2.9175e-07
194.320657029371 5 3.47644e-07
195.844870840685 11 4.37589e-07
198.244326386807 9 2.41166e-08
202.444871128754 11 1.61575e-08
203.170657476101 5 5.87569e-09
204.044326405416 9 1.49173e-07
210.344871062388 11 4.40342e-08
210.420657226333 5 8.96885e-08
211.944326429274 9 1.47028e-07
217.744326307324 9 4.08333e-07
222.62065722176 5 4.6125e-08
223.394326711901 9 5.29995e-08
223.994870945976 11 4.78095e-08
231.294326299871 9 1.29864e-07
236.944326551375 9 7.47202e-08
242.444871053973 11 2.11216e-08
243.170657468467 5 3.36055e-08
244.044326379481 9 5.0115e-08
252.094326341445 9 2.31558e-07
259.944871135632 11 3.90663e-08
260.820657512638 5 4.63622e-08
262.244326743118 9 1.8307e-08
269.49432662455 9 6.16589e-08
275.944326652925 9 8.09545e-08
276.720657266256 5 6.54405e-08
281.59432628871 9 2.34784e-07
288.044326369682 9 1.11544e-07
292.64487084422 11 1.00422e-07
293.570656877291 5 2.48348e-06
299.220657287301 5 5.99018e-08
299.842808402033 10 1.09832e-07
302.994326809931 9 1.2621e-08
305.020657163237 5 5.70181e-08
307.894870877751 11 3.89625e-08
311.085764003992 4 1.89824e-07
316.735763920107 4 8.89557e-08
319.048628786919 7 4.18112e-08
319.876836964758 2 6.7624e-08
323.185764019719 4 1.17417e-07
324.848628829084 7 1.1941e-07
326.252338380167 8 3.62353e-08
326.326836881916 2 1.84559e-08
327.005401910986 6 3.37355e-08
328.835764121365 4 4.48706e-08
330.498628829086 7 9.72218e-08
332.126836582332 2 9.85245e-07
332.805401695781 6 7.45058e-08
332.852338451638 8 5.88387e-08
336.735763917142 4 6.10076e-08
339.944870961277 11 3.23439e-08
342.535764127119 4 3.71763e-08
345.744870920326 11 5.71246e-08
349.935763820844 4 3.28492e-07
351.544870931675 11 1.02349e-07
352.770657329756 5 1.39127e-08
356.205401428333 6 1.66337e-07
356.25233817734 8 8.34212e-08
356.79862842629 7 6.60013e-06
356.826836627008 2 1.46356e-07
362.005401736139 6 4.89247e-08
362.052338533272 8 2.84381e-08
362.494870956326 11 1.12733e-07
364.820657077538 5 1.31624e-07
367.892808386714 10 1.95111e-07
370.62065690684 5 1.121e-07
370.694871016255 11 6.90865e-08
376.420657259412 5 1.18417e-07
376.494870805679 11 1.54068e-07
384.69487121067 11 3.62237e-08
385.294326451967 9 7.42557e-08
385.420657555099 5 1.62966e-08
391.094326563979 9 1.91702e-08
392.89487116296 11 4.2865e-08
393.470657264806 5 6.56364e-08
396.744326365569 9 2.05637e-07
402.544326430722 9 6.77436e-08
403.770657126958 5 2.59238e-07
404.294870933848 11 1.00068e-07
409.085764018859 4 9.7304e-08
410.598628815471 7 5.7574e-08
411.852338427484 8 5.0679e-08
411.926836558158 2 2.37825e-06
412.605401562712 6 2.31255e-07
415.685763824271 4 2.30755e-07
417.726836981923 2 8.66254e-08
417.998628861043 7 3.40274e-08
420.805401563668 6 4.23696e-08
420.852338368571 8 2.24085e-08
423.798628741814 7 2.05154e-07
424.826836663194 2 2.14893e-07
426.60540160107 6 2.65038e-08
426.652338365253 8 2.84909e-08
429.448628587166 7 1.04405e-07
430.626836747651 2 2.7214e-07
434.005401407451 6 2.60197e-07
434.052338161209 8 3.46153e-07
435.248628924521 7 4.21375e-08
439.805401300617 6 6.54217e-07
439.852338083505 8 5.29761e-07
441.048629049568 7 3.56858e-08
441.944870931482 11 8.03822e-08
445.60540150727 6 9.8024e-08
445.652338304808 8 1.21201e-07
447.744870908736 11 9.74944e-08
453.394870924767 11 9.80165e-08
454.635763785559 4 2.10215e-07
458.698628664446 7 6.25581e-08
459.405401519233 6 2.10228e-07
459.476836903135 2 1.79991e-07
460.252338157408 8 2.29446e-07
464.498628761325 7 1.36642e-07
465.205401510478 6 8.55278e-08
465.276836653739 2 7.63291e-08
466.052338561803 8 5.56917e-08
470.035764018006 4 1.21908e-07
471.544871311857 11 1.55234e-08
471.852338257544 8 1.50675e-07
471.876836897096 2 3.67647e-08
472.248628572142 7 2.86396e-07
472.455401513761 6 1.34459e-07
477.676836796307 2 1.24489e-07
478.048628794196 7 1.58774e-07
478.105401348105 6 1.83131e-07
478.30233821971 8 1.40967e-07
483.476836780174 2 1.44232e-07
483.848628677905 7 9.77366e-08
483.905401801341 6 7.09119e-08
483.952338550237 8 9.02256e-09
487.594870802544 11 6.63891e-08
494.757592984584 3 5.47922e-08
500.407593139888 3 1.53617e-08
505.942808205551 10 6.64934e-07
509.107593137215 3 1.42314e-08
515.557592862517 3 2.99699e-07
523.52065712346 5 1.25504e-07
524.294870889997 11 2.45316e-08
540.407592913895 3 1.92832e-07
545.970657494833 5 4.31535e-08
548.392808355585 10 1.16883e-07
553.157592785426 3 3.49939e-07
558.042808702271 10 6.68757e-08
563.457592869819 3 1.8113e-07
567.692808656613 10 6.97982e-08
573.107592821291 3 2.22873e-07
578.757592942547 3 1.35269e-07
581.992808193528 10 4.06949e-07
588.40759294708 3 4.46847e-08
605.257592830409 3 7.61019e-08
610.042808527904 10 1.3116e-08
613.957592923453 3 3.17445e-08
623.544870903782 11 5.7494e-08
626.505401303701 6 4.51468e-07
626.552338080552 8 4.18879e-07
627.098628760151 7 1.32389e-07
627.526836819488 2 1.18047e-07
631.535763735234 4 4.08897e-07
639.73576367958 4 1.19584e-06
642.198628904407 7 5.00929e-08
643.552338302553 8 3.97731e-08
643.726836783156 2 5.59231e-08
644.305401391239 6 1.42995e-07
646.144870944043 11 5.26801e-08
648.435763878089 4 1.03176e-07
654.235763965825 4 1.18657e-07
659.885763758418 4 9.12304e-07
660.594871102751 11 1.81472e-08
662.820657424096 5 5.01738e-08
665.535763882713 4 1.24289e-07
668.644870825774 11 7.98638e-08
670.220657147761 5 8.33277e-08
672.6357638225 4 2.2464e-07
678.285763994112 4 8.49127e-08
686.185763846378 4 2.33035e-07
699.035763804361 4 1.93376e-07
715.735763972742 4 8.29102e-08
721.385763797034 4 2.63273e-07
722.94487080753 11 1.57327e-07
724.52065705987 5 1.5882e-07
728.492808430222 10 1.83905e-07
730.320657194825 5 7.99881e-08
730.794326716587 9 2.27648e-08
735.970656923209 5 1.3185e-06
736.594871235596 11 3.35557e-08
738.994326811374 9 2.55182e-08
739.892808471522 10 1.08999e-07
743.870657178248 5 1.07895e-07
745.542808540413 10 4.25883e-08
751.044326837947 9 7.07103e-09
752.720657437178 5 2.45156e-08
752.792808443176 10 7.9381e-08
756.694326578366 9 4.24417e-08
758.520656914434 5 5.84504e-07
759.044870804435 11 2.40924e-07
764.635764038406 4 5.22261e-08
764.844871064063 11 1.9879e-08
772.035763930906 4 1.29919e-07
781.685763938385 4 1.36977e-07
787.335764084326 4 9.85368e-08
792.498628911667 7 7.58862e-08
792.576837139938 2 2.40128e-08
792.985763965642 4 1.44649e-07
797.694870761698 11 5.16016e-08
798.420657295819 5 8.53852e-08
803.494870944323 11 3.01936e-08
804.070657442276 5 3.34426e-08
809.294870647949 11 7.11163e-07
812.270657079794 5 1.26539e-07
821.544326090688 9 0.000223395
824.470657264587 5 1.26321e-07
825.494871170302 11 3.54962e-08
830.094326504514 9 1.24617e-08
836.74487111789 11 9.00059e-08
838.294326476436 9 5.9099e-08
845.694326391505 9 7.34593e-08
855.194326559559 9 8.19617e-08
859.994870817318 11 1.06142e-07
860.52065746908 5 3.72171e-08
864.54432633067 9 9.72592e-08
870.34432634013 9 6.31464e-08
878.320657449221 5 3.83381e-08
878.394326301377 9 2.32756e-07
884.194326307636 9 1.93979e-07
889.994326823845 9 1.72079e-08
895.170657122727 5 2.89857e-08
895.894870877444 11 1.32496e-07
898.194326437452 9 2.66409e-08
905.594326492023 9 7.1765e-08
918.420657468762 5 2.43432e-08
918.444326480063 9 5.21269e-08
926.345654403427 11 1.25393e-07
929.044326188504 9 6.67221e-07
934.394870920798 11 5.30994e-08
935.120657194677 5 9.66177e-08
938.335763959084 4 2.34718e-07
940.044870632445 11 1.0556e-06
940.770657381868 5 1.95271e-08
945.585763847757 4 3.01915e-07
945.844871319564 11 1.39526e-08
947.898628625136 7 4.32928e-07
947.976836828436 2 1.93177e-08
948.552338490828 8 4.54126e-08
951.235764070501 4 7.59739e-08
951.494870956148 11 5.41231e-08
953.470657244262 5 8.02048e-08
959.844326893116 9 1.33529e-08
962.470657315835 5 7.55128e-08
962.594871091034 11 2.32144e-08
972.694326535292 9 6.15175e-08
978.494326369491 9 1.81587e-07
984.294326628505 9 4.33776e-08
996.994326482043 9 7.11251e-08
998.670657472658 5 3.47257e-08
1002.644326541591 9 3.84054e-08
1008.294326391141 9 2.07104e-07
1013.944326170492 9 1.64417e-06
1016.244871066372 11 1.70721e-08
1016.320657301995 5 4.30239e-08
1019.594326282281 9 3.68293e-07
1026.19432642549 9 4.08223e-08
1031.994785741744 9 1.03117e-08
1036.444871092032 11 2.39991e-08
1036.520657288292 5 7.86856e-08
1038.444326615478 9 4.87241e-08
1047.294326402672 9 7.45204e-08
1056.944326267222 9 3.4163e-07
1058.320657394585 5 3.44595e-08
1062.594326777684 9 7.97213e-09
1072.094326732863 9 2.13477e-08
1072.120657085047 5 9.32644e-08
1072.644871285583 11 2.54003e-08
1080.294326522501 9 5.92773e-08
1090.594326716315 9 6.78274e-09
1104.24432634494 9 8.71966e-08
1112.044870668172 11 1.0319e-06
1112.170657314002 5 3.60176e-08
1117.757592796763 3 3.85908e-07
1124.207592768706 3 2.17122e-07
1126.542808605867 10 7.70178e-08
1129.857593274358 3 1.61747e-08
1135.50759272593 3 4.16407e-07
1138.592808572137 10 4.24742e-08
1141.157593165741 3 1.23321e-08
1146.80759315051 3 1.88982e-08
1154.707593073933 3 2.86048e-08
1174.6075928912 3 1.76416e-08
1188.220657220559 5 4.55841e-08
1189.04487090824 11 2.47259e-08
1190.485763965868 4 1.90549e-07
1196.285763818768 4 1.21326e-07
1197.698628743107 7 1.92525e-07
1198.305401488927 6 9.18451e-08
1198.35233824898 8 9.10974e-08
1198.57683705213 2 3.45505e-08
1201.894870968753 11 9.42688e-08
1202.73576401478 4 1.78809e-07
1204.298629036552 7 2.80746e-08
1207.544871014181 11 5.11081e-08
1208.905401468538 6 1.90271e-07
1208.952338220157 8 1.96446e-07
1209.826836575944 2 2.46022e-07
1209.948628526014 7 4.33416e-07
1214.705401304619 6 4.92998e-07
1214.752338073322 8 5.01592e-07
1215.598628767841 7 1.49444e-07
1215.626836974984 2 6.22462e-08
1220.505401684304 6 2.36199e-08
1220.552338433699 8 2.87339e-08
1221.398628806498 7 3.0991e-08
1221.426837016189 2 2.29175e-08
1222.635764067036 4 1.35246e-08
1225.0448708903 11 1.21472e-07
1228.705401693175 6 1.44422e-07
1230.694870906026 11 1.12282e-07
1231.485763943882 4 7.4058e-08
1235.998628836658 7 1.4478e-07
1236.826836814707 2 1.64551e-07
1237.402338567139 8 2.35284e-08
1241.135764255937 4 2.30847e-08
1241.798628942762 7 6.98479e-08
1243.426836787977 2 1.31049e-07
1244.305401485212 6 2.57327e-07
1244.502338171035 8 1.84228e-07
1247.598628772995 7 2.09467e-07
1249.226836802222 2 1.31696e-07
1249.955401406844 6 4.3208e-07
1250.152338236169 8 8.05586e-08
1255.755401621276 6 6.74313e-08
1255.802338475153 8 2.56767e-08
1258.848628725594 7 3.53439e-07
1258.876836957544 2 4.50966e-08
1260.38576419127 4 6.2157e-08
1261.602338364907 8 3.40595e-08
1262.205401498511 6 9.34092e-08
1264.648629016708 7 4.13038e-08
1267.402338098074 8 6.69161e-07
1268.005401273744 6 4.2716e-07
1269.176836618578 2 3.88868e-07
1270.448628523551 7 9.46808e-07
1273.202338393761 8 4.9685e-08
1273.805401832233 6 4.37989e-08
1274.835764025133 4 4.8698e-08
1276.248629033439 7 7.40625e-08
1276.426837230795 2 3.31887e-08
1281.902338075215 8 2.3241e-07
1282.005401292034 6 9.57479e-07
1282.048628659663 7 2.57773e-07
1282.076836806348 2 1.67902e-07
1287.702338620052 8 1.49996e-08
1287.805401904817 6 3.03628e-08
1287.848628921755 7 3.78301e-08
1287.876837150068 2 2.19963e-08
1288.33576398319 4 5.37317e-08
1293.985764100467 4 7.52384e-08
1300.957593240997 3 2.46235e-08
1310.757593231884 3 4.25388e-08
1318.594870914804 11 1.15558e-07
1320.70233855971 8 3.46832e-08
1320.805401822533 6 3.50233e-08
1320.848629070147 7 2.82691e-08
1323.485764009562 4 6.12139e-08
1325.844870819374 11 1.46369e-07
1329.702338174695 8 1.57911e-07
1329.80540131732 6 6.12582e-07
1330.676837218792 2 1.65793e-08
1334.648628624846 7 6.25809e-07
1335.502338385708 8 4.45093e-08
1335.605401664914 6 4.42253e-08
1336.326836597622 2 9.58435e-07
1340.298628828961 7 3.67469e-08
1341.135763923581 4 7.00817e-08
1347.470657465508 5 2.07064e-08
1350.057592988502 3 1.62364e-07
1352.092808543452 10 1.21837e-07
1357.742808572383 10 1.99574e-08
1359.707592782663 3 1.64819e-07
1365.357593072828 3 6.21765e-08
1369.492808570014 10 3.94486e-08
1376.592808519616 10 6.48274e-08
1379.657593089937 3 4.53471e-08
1391.692808592133 10 6.74953e-08
1394.070657364455 5 2.04281e-08
1395.694870704478 11 3.5765e-07
1399.720657400047 5 5.53483e-08
1401.344870854851 11 4.25612e-08
1406.898629129345 7 4.31031e-08
1406.902338706734 8 2.37658e-08
1407.794870784671 11 1.03398e-07
1413.357592984331 3 7.58542e-08
1418.970657432548 5 6.27204e-08
1419.1948709583 11 6.51405e-08
1420.535763974421 4 1.94087e-07
1423.898629059728 7 3.87981e-08
1425.255401478049 6 2.60962e-07
1425.50233817657 8 3.21024e-07
1426.126836694582 2 1.49031e-07
1430.348628855181 7 8.00368e-08
1431.05540163467 6 7.90984e-08
1431.152338421524 8 4.18154e-08
1431.926836709356 2 8.67451e-08
1436.69487063255 11 8.47442e-07
1438.22065689796 5 5.54493e-07
1439.694326669882 9 1.5356e-08
1442.49487090114 11 1.14535e-07
1444.020657528525 5 2.9631e-08
1446.335764063303 4 8.53769e-08
1449.75759284235 3 7.47346e-08
1457.807592872088 3 1.34071e-07
1462.694870923878 11 2.04873e-08
1463.335763952923 4 9.83298e-08
1465.598628913347 7 1.97955e-08
1466.526837166344 2 8.08963e-09
1469.135763994781 4 4.4685e-08
1472.994870858142 11 2.44386e-07
1474.620657198057 5 8.17116e-08
1485.84432653044 9 1.05552e-07
1485.870657210263 5 2.33737e-08
1491.644326207935 9 4.79791e-07
1493.920657549969 5 3.41832e-08
1499.544326361332 9 1.4092e-07
1501.170657245622 5 1.02863e-07
1502.644870810861 11 1.55298e-07
1506.82065696911 5 5.26127e-07
1508.294870798283 11 2.27876e-07
1513.944870976923 11 5.30256e-08
1517.035764262228 4 1.8828e-08
1518.455401668977 6 5.1906e-08
1518.552338444767 8 6.00386e-08
1520.198628989897 7 4.26717e-08
1522.835763894017 4 1.44903e-07
1525.176836669531 2 1.47523e-07
1525.855401538026 6 1.3559e-07
1525.952338298901 8 1.10606e-07
1525.998663338543 7 8.72349e-07
1531.655401716038 6 1.38361e-07
1531.752338585149 8 3.24882e-08
1534.976836738428 2 2.33018e-07
1534.998628599444 7 3.65218e-07
1537.455401430567 6 4.49904e-07
1537.55233821662 8 1.08797e-07
1540.776836888382 2 6.77985e-08
1540.798628660737 7 1.33542e-07
1542.735764292341 4 4.78383e-09
1542.794871272236 11 1.12147e-08
1543.255401554855 6 6.00924e-08
1543.352338290615 8 1.28496e-07
1548.535763965444 4 2.18825e-07
1551.644870777471 11 2.74554e-07
1553.95233829234 8 8.63356e-08
1554.655401307072 6 9.49496e-07
1555.376836718854 2 4.09959e-07
1555.398628612946 7 2.74825e-07
1558.685764326956 4 2.36676e-08
1559.602338261644 8 4.57523e-08
1560.30540139428 6 2.86045e-07
1561.176836953028 2 8.83424e-08
1561.198628849689 7 1.37921e-07
1564.344870999337 11 5.52482e-08
1565.252338244681 8 1.20166e-07
1565.955401329225 6 9.04519e-07
1566.976837046597 2 1.90805e-08
1566.99862883692 7 1.59595e-07
1570.735764069035 4 4.74006e-08
1576.385763901748 4 2.8929e-07
1578.398628934517 7 2.24235e-08
1578.752338261872 8 1.05235e-07
1578.794871296013 11 7.58311e-09
1578.805401486732 6 4.38022e-08
1579.676836702102 2 9.91546e-08
1582.835764003941 4 1.35887e-07
1585.498628667764 7 1.74682e-07
1586.152338381784 8 3.9485e-08
1586.205401665125 6 4.60602e-08
1586.276836731258 2 3.56645e-07
1591.298628772958 7 1.79068e-07
1591.952338453601 8 5.60646e-08
1592.005401665898 6 1.03462e-07
1592.076837024586 2 4.37077e-08
1597.094870932708 11 1.55235e-07
1598.735764329212 4 2.24468e-08
1600.205401711707 6 9.32246e-08
1602.74546848648 11 3.66306e-08
1606.785764366013 4 1.99518e-08
1608.152338291944 8 6.77746e-08
1608.405538652061 6 3.76173e-07
1609.09862879733 7 7.29493e-08
1609.876836755933 2 3.73603e-08
1614.898628796282 7 2.21352e-08
1615.676836725519 2 1.72408e-07
1618.035763804899 4 3.86435e-07
1620.352338520211 8 3.0276e-08
1620.548628779315 7 5.06675e-08
1623.685763898978 4 5.70911e-08
1625.194870824182 11 9.06756e-08
1629.485763852801 4 2.69064e-07
1634.198628849153 7 1.63906e-07
1634.926836944632 2 1.47216e-08
1636.585763894927 4 1.39354e-07
1640.648628720551 7 2.22984e-07
1641.376836723862 2 5.93131e-08
1642.15233848201 8 3.68584e-08
1642.855401851502 6 1.02798e-08
1644.485763960658 4 4.57578e-08
1647.494870975584 11 8.03309e-08
1654.935764000287 4 7.32952e-08
1656.494870887016 11 1.49248e-07
1658.852338244466 8 2.16983e-07
1658.905401471367 6 1.79883e-07
1659.598628578682 7 2.94013e-07
1659.676836766822 2 1.11668e-07
1665.398628604689 7 8.90699e-08
1665.476836616182 2 7.20443e-07
1666.252338527899 8 3.38074e-08
1667.485763947675 4 8.84963e-08
1671.198629028844 7 6.67064e-08
1671.276837222649 2 3.38092e-08
1673.285764188813 4 3.05261e-08
1676.9986288562 7 1.47081e-07
1677.076837065913 2 4.00582e-08
1677.194871256304 11 2.26426e-08
1678.002338145159 8 1.41165e-07
1678.005401334163 6 5.39625e-07
1683.598628651207 7 1.82299e-07
1683.802338138439 8 1.7705e-07
1683.805401382742 6 2.42495e-07
1684.476836742602 2 1.25054e-07
1689.248629138625 7 1.8223e-08
1689.835764039708 4 5.12146e-08
1689.894870980597 11 1.1625e-07
1696.435764082295 4 1.12234e-07
1705.435763715683 4 4.08838e-07
1711.048628828194 7 7.90762e-08
1711.076837020045 2 4.17953e-08
1712.035764084279 4 5.21542e-08
1716.802338384824 8 5.37876e-08
1716.805401623469 6 1.59037e-07
1716.84862852647 7 2.2771e-07
1716.876836506669 2 8.92927e-06
1722.602338366167 8 9.57805e-08
1722.605401569381 6 1.06206e-07
1722.676837282648 2 1.59199e-08
1724.344870710896 11 7.28612e-07
1726.635764241521 4 1.55876e-08
1730.657593069378 3 2.38798e-08
1733.120657196347 5 6.02442e-08
1734.794870973209 11 5.9004e-08
1737.235764160647 4 4.33037e-08
1740.448628780884 7 1.83001e-07
1741.276836892361 2 2.97585e-08
1742.0023380925 8 2.43651e-07
1742.005401329226 6 2.81091e-07
1744.635764011511 4 8.61592e-08
1750.435764000757 4 3.72739e-08
1755.848628666257 7 2.86459e-07
1755.876836739909 2 1.45418e-07
1757.405401728812 6 3.56124e-08
1759.135764037557 4 7.83074e-08
1761.648628904004 7 8.05556e-08
1763.794870766596 11 2.1302e-07
1768.520657354168 5 3.8561e-08
1769.594870871924 11 8.26419e-08
1771.035764527898 4 1.57319e-08
1771.802338298776 8 6.30301e-08
1771.855401489827 6 3.99406e-08
1773.398628691417 7 1.53741e-07
1774.176836597434 2 5.84676e-07
1776.685764125419 4 1.20185e-07
1777.344870757858 11 6.65157e-08
1780.802338290401 8 1.01975e-07
1780.855401483028 6 9.84726e-08
1782.398628783842 7 7.31512e-08
1783.17683679412 2 2.0222e-07
1788.198628637765 7 2.41032e-07
1788.202338219906 8 1.22343e-07
1788.255401469912 6 8.77444e-08
1788.82683681705 2 6.65474e-08
1793.998628563078 7 3.15362e-07
1794.002338174251 8 1.9825e-07
1794.055401413615 6 1.31314e-07
1794.476836556523 2 3.60233e-06
1799.79862881992 7 3.43089e-08
1800.126837108397 2 3.2028e-08
1800.585763989717 4 3.134e-08
1802.994871227553 11 8.15106e-09
1804.602338248348 8 3.94749e-08
1804.655401494074 6 6.36204e-08
1805.448628720167 7 3.33565e-07
1805.776836824259 2 1.15046e-07
1810.402338160804 8 4.05565e-07
1810.455401316734 6 5.07755e-07
1814.298628907811 7 4.65055e-08
1814.326837043327 2 7.16512e-08
1815.844871169941 11 4.82028e-08
1816.202338650148 8 2.89947e-08
1819.835763973029 4 7.26262e-08
1821.255401674279 6 7.62475e-08
1821.698628933966 7 2.07311e-08
1821.852338312212 8 6.86402e-08
1822.44487136056 11 1.40441e-08
1826.226836662647 2 3.28871e-07
1827.055401327087 6 5.29188e-07
1827.348628803784 7 1.21313e-07
1827.652338242727 8 1.64773e-07
1828.744870940096 11 9.5884e-08
1830.135764150363 4 1.12406e-07
1835.398628712695 7 1.94659e-07
1835.426836704535 2 1.53365e-07
1837.355401280349 6 9.64342e-07
1837.452338018306 8 1.43141e-06
1840.644870970667 11 3.62531e-08
1843.155401529631 6 6.73226e-08
1843.252338361133 8 4.57009e-08
1846.026836966411 2 4.44891e-08
1847.59862876958 7 1.71609e-07
1848.955401420961 6 9.73095e-08
1849.052338294577 8 9.98115e-08
1854.755401344018 6 4.21192e-07
1854.852338163187 8 4.2428e-07
1856.598628857941 7 9.41557e-08
1857.344871335908 11 2.15491e-08
1858.185763977666 4 7.94895e-08
1859.676836802637 2 1.75107e-07
1861.355401473342 6 2.09597e-07
1861.452338194977 8 1.38749e-07
1862.248628721026 7 9.44189e-08
1864.594870934366 11 5.06419e-08
1864.635764087925 4 1.34467e-07
1870.435763891742 4 2.56602e-07
1871.194871039307 11 4.33623e-08
1872.852338337259 8 6.54081e-08
1873.555401358019 6 1.52157e-07
1873.648628893094 7 6.64433e-08
1874.176837057106 2 8.90809e-08
1876.585764278611 4 3.55785e-08
1876.844870732137 11 2.54771e-07
1878.17065715587 5 3.22505e-08
1882.644870897255 11 1.44814e-07
1890.857593219982 3 3.61442e-08
1892.620657336307 5 4.33232e-08
1895.494870816023 11 4.21557e-08
1898.270657472839 5 3.78242e-08
1898.694326270715 9 2.08968e-07
1910.894326649143 9 3.29584e-08
1912.494871102397 11 5.78551e-08
1912.570657363033 5 5.57215e-08
1918.294326425101 9 3.49723e-08
1925.544326368033 9 5.9142e-08
1927.970657332161 5 4.25633e-08
1928.69487087367 11 2.52879e-07
1938.494871076525 11 7.80307e-08
1939.370657145736 5 1.07401e-07
1948.370657274812 5 6.90971e-08
1950.807592802405 3 2.39261e-07
1958.642808772128 10 3.72009e-08
1961.907592621817 3 1.0722e-06
1980.507593093547 3 1.10683e-07
1984.294870604655 11 6.28957e-07
1984.57065744617 5 4.38163e-08
1986.202338450452 8 3.82573e-08
1986.555401783205 6 6.18515e-08
1990.220657094756 5 1.98248e-07
1991.594326666419 9 6.16518e-08
1995.870657131114 5 1.17348e-07
1996.49487076056 11 2.34863e-07
2002.144871010136 11 4.48188e-08
2004.444326634644 9 3.76442e-08
2007.770657044418 5 3.34964e-07
2007.794870845263 11 1.22315e-07
2013.570657539235 5 3.02901e-08
2013.594870994072 11 8.10532e-08
2016.344326561332 9 7.5548e-08
2019.370657328297 5 5.52674e-08
2019.394870864047 11 1.76424e-07
2028.307592956912 3 1.54737e-07
2032.394870825468 11 1.55117e-07
2034.648629108192 7 2.08207e-08
2034.752338639353 8 1.79783e-08
2034.755401872397 6 1.82802e-08
2035.535764125236 4 3.55333e-08
2038.044871011827 11 7.87279e-08
2041.335764199189 4 2.1132e-08
2041.35233867869 8 9.7883e-09
2043.844870964814 11 1.29481e-08
2044.370657079211 5 2.67311e-07
2054.757592977222 3 1.09021e-07
2064.292808433311 10 3.85824e-08
2074.444870990336 11 5.49975e-08
2075.135764003985 4 4.21354e-08
2078.155401487846 6 1.48114e-07
2078.202338267961 8 1.01368e-07
2079.648628687826 7 1.96438e-07
2080.426837019942 2 1.639e-08
2081.69487093055 11 3.3058e-08
2083.955401434042 6 2.42787e-07
2084.002338163768 8 2.60315e-07
2085.29862869498 7 2.22259e-07
2086.076837110866 2 2.39198e-08
2086.085764160943 4 9.09773e-08
2098.935764285559 4 2.02869e-08
2108.585763930516 4 9.08427e-08
2111.494870787781 11 1.48359e-07
2114.235763799588 4 4.09575e-07
2117.348628810114 7 7.71671e-08
2118.126836766156 2 2.45822e-07
2119.355401888422 6 4.21033e-08
2120.035763968433 4 2.00333e-07
2121.294871125834 11 6.03253e-08
2123.620657157662 5 6.46163e-08
2126.635764166244 4 2.6431e-08
2126.944870776718 11 1.78997e-07
2132.594870778355 11 2.92627e-07
2135.555401969797 6 3.5424e-08
2138.035764134066 4 2.01902e-08
2138.048628830859 7 7.90299e-08
2138.802338344784 8 8.12079e-08
2139.626836568368 2 5.88145e-07
2143.848628633071 7 2.10427e-07
2144.555401535171 6 7.32145e-08
2144.60243651618 8 1.33618e-07
2145.426836807981 2 4.64028e-08
2147.685764227944 4 4.05482e-08
2147.694870802376 11 1.23069e-07
2149.270657049064 5 3.98579e-07
2153.494871317783 11 1.37133e-08
2162.544326564859 9 1.13015e-07
2166.270657162695 5 1.21949e-07
2166.494871133894 11 3.94589e-08
2168.194326411505 9 1.40891e-07
2173.844326255208 9 4.27982e-07
2179.494326729851 9 4.20775e-08
2194.47065723716 5 3.08419e-08
2194.544871123396 11 3.82899e-08
2196.044326396683 9 8.14988e-08
2201.844326788293 9 1.94983e-08
2201.870657125301 5 1.99289e-07
2202.594870805008 11 2.82884e-07
2204.68576408934 4 6.79967e-08
2212.39487126135 11 2.7045e-08
2212.470657385993 5 3.24705e-08
2222.007592912421 3 9.68298e-08
2224.542808520646 10 1.13397e-08
2230.207592975803 3 5.06713e-08
2236.742808672803 10 2.20129e-08
2238.257592997945 3 4.59837e-08
2242.542808350578 10 2.34247e-07
2246.307592808269 3 3.7013e-07
2249.642808188967 10 1.50711e-07
2255.957592773895 3 3.20865e-07
2259.942808346197 10 1.42291e-07
2262.407592849726 3 2.04385e-07
2267.992808324564 10 9.67172e-08
2271.307593054922 3 4.06051e-08
2273.792808272673 10 3.98175e-07
2280.657593035995 3 4.43942e-08
2288.057592674227 3 1.23012e-06
2293.692808372333 10 2.29284e-07
2301.592808435011 10 2.43271e-08
2304.607593006626 3 6.16861e-08
2310.40759301256 3 9.78577e-08
2316.207593181645 3 6.63658e-08
2338.507593092425 3 6.70897e-08
2347.207592691942 3 5.28896e-07
2352.857593131758 3 1.72105e-08
2355.242808435349 10 1.10757e-07
2358.507592777395 3 4.0864e-07
2364.157592785832 3 1.85295e-07
2366.492808596405 10 3.88361e-08
2372.057592757458 3 2.69023e-07
2375.992808362633 10 1.945e-07
2383.957593051598 3 1.09556e-07
2388.04280842968 10 3.66158e-08
2391.05759300522 3 5.22775e-08
2396.092808149764 10 9.58893e-07
2398.307593027499 3 1.28853e-07
2410.357592893926 3 1.0987e-07
2416.157593140763 3 8.27279e-08
2426.457592961127 3 1.50198e-07
2434.357593000969 3 8.11257e-08
2438.485764156617 4 3.14687e-08
2439.994870977071 11 7.17517e-08
2440.670657182939 5 5.20117e-08
2448.794326482478 9 1.52422e-07
2456.194871139122 11 3.38609e-08
2460.044326326216 9 2.62246e-07
2465.694326661588 9 1.6864e-08
2468.094870649484 11 1.12673e-06
2468.870657083991 5 2.61536e-07
2472.642808542483 10 7.63438e-08
2474.670657286737 5 1.28282e-08
2480.320657262607 5 1.65352e-07
2480.794326817576 9 5.69711e-08
2482.442808375787 10 1.37853e-07
2487.420657178767 5 1.47069e-07
2488.944871026752 11 1.1194e-07
2493.707592924037 3 1.22146e-07
2500.135763987607 4 4.77151e-08
2503.226836932052 2 6.02939e-08
2503.298628710715 7 1.03085e-07
2503.955401299397 6 5.34533e-07
2504.002338045779 8 9.04438e-07
2509.026837247638 2 2.97657e-08
2509.098629058178 7 3.62001e-08
2509.755401817141 6 6.00205e-08
2509.944870902675 11 4.89821e-08
2511.40233823549 8 1.02378e-07
2513.935763966809 4 4.13852e-08
2515.6986286977 7 4.14391e-07
2516.426836901729 2 4.8652e-08
2519.58576432832 4 5.50593e-08
2519.602338330465 8 3.6729e-08
2520.355401499448 6 1.41133e-07
2521.34862898642 7 3.36468e-08
2521.844870912208 11 8.18997e-08
2524.27065720563 5 4.00935e-08
2527.755401376609 6 1.94768e-07
2527.80233811229 8 4.14183e-07
2528.676836800031 2 4.77327e-08
2528.748628685597 7 1.17316e-07
2533.555401761642 6 5.20793e-08
2533.602338595402 8 4.80884e-08
2534.844871229181 11 2.63089e-08
2539.276836885143 2 2.72427e-08
2539.348628789415 7 1.06069e-08
2539.355401169263 6 8.59224e-06
2539.40233794697 8 1.37044e-05
2542.535764125231 4 2.34734e-08
2545.076836573697 2 8.14693e-07
2545.148628638835 7 3.43484e-07
2545.202338375183 8 2.04267e-08
2545.805401485585 6 9.50768e-08
2550.876836709643 2 1.76246e-07
2550.948628622806 7 1.53871e-07
2551.455401648006 6 6.58311e-08
2551.652338367996 8 4.94497e-08
2555.385763827326 4 1.78965e-07
2558.348628731938 7 2.56569e-07
2559.076836764761 2 1.32749e-07
2559.355401432055 6 9.48747e-08
2559.702338106181 8 4.20281e-07
2564.148628868717 7 4.89717e-08
2564.876836856954 2 1.1171e-07
2567.405401527935 6 1.40262e-07
2568.252338202219 8 2.82879e-08
2569.798628810618 7 9.86186e-08
2570.67683687626 2 7.2331e-08
2573.055401655831 6 8.23621e-08
2573.902338476595 8 9.07072e-08
2574.5948712135 11 4.13403e-08
2580.394871089091 11 9.38054e-09
2581.035764387307 4 3.01977e-08
2583.505401376184 6 5.77296e-07
2583.552338177087 8 1.94736e-07
2584.248628841536 7 6.58423e-08
2584.976837048591 2 3.89397e-08
2586.685764005247 4 1.33856e-07
2586.694871054711 11 6.70483e-09
2592.485763678629 4 7.64736e-07
2598.285764039048 4 6.09726e-08
2602.105401514557 6 7.5958e-08
2602.152338286434 8 1.47984e-07
2602.848628675898 7 1.39294e-07
2603.576836707982 2 3.92873e-07
2606.485763940765 4 7.50166e-08
2612.135763936341 4 1.97881e-07
2613.448628785276 7 1.80014e-07
2614.176836933267 2 5.82829e-08
2617.785764011582 4 2.1017e-08
2618.444871135531 11 4.54056e-08
2622.407593010383 3 9.29128e-08
2628.020657231295 5 3.44776e-08
2628.094870846251 11 5.69139e-08
2633.644326544831 9 6.34852e-08
2633.820657199488 5 1.74975e-07
2635.344870908709 11 8.70722e-08
2639.992808206877 10 4.11992e-07
2642.494326680189 9 2.62483e-08
2644.120657278363 5 8.54195e-08
2646.444870793187 11 1.92002e-07
2650.305401402843 6 3.78391e-07
2650.352338182011 8 5.75436e-08
2651.176836789679 2 1.41222e-07
2651.248628602592 7 2.87053e-07
2654.485764149287 4 2.79043e-08
2656.105401300297 6 1.22158e-06
2656.152338049193 8 2.49822e-07
2656.976836941546 2 7.33641e-08
2657.048628893671 7 1.53078e-07
2661.905401371515 6 2.18537e-07
2661.952338121069 8 7.65043e-07
2662.776836988677 2 7.55387e-08
2662.848628866113 7 7.36537e-08
2667.705401666696 6 7.70312e-08
2667.752338468551 8 2.87244e-08
2668.576836959641 2 7.9284e-08
2669.298628974302 7 3.06186e-08
2673.505401798165 6 5.82008e-08
2673.552338565791 8 3.72619e-08
2674.376836792839 2 1.65769e-07
2674.948628699581 7 5.16975e-08
2677.735763885829 4 1.50189e-07
2681.548628764092 7 4.89196e-08
2681.705401433221 6 4.06519e-07
2681.752338190467 8 2.704e-07
2682.576837022561 2 4.08622e-08
2687.348628654601 7 9.14981e-08
2687.505401822339 6 3.98718e-08
2687.552338571264 8 6.4825e-08
2688.226837029735 2 4.33861e-08
2691.29487086066 11 1.45188e-07
2695.370657249117 5 3.53125e-08
2697.094871044793 11 2.87012e-08
2700.035763988262 4 4.01849e-08
2708.235763979974 4 1.54209e-07
2714.035763959436 4 1.2586e-07
2716.494871162586 11 2.98829e-08
2718.770657463418 5 4.76028e-08
2723.707592788964 3 2.71467e-07
2726.942808563358 10 6.19414e-08
2733.357592717524 3 7.30178e-07
2738.992808712368 10 5.57567e-08
2739.807592889353 3 8.57873e-08
2745.442808241518 10 1.40643e-07
2749.457592789024 3 1.76856e-07
2755.107592800362 3 2.06598e-07
2758.942808788115 10 1.71963e-08
2761.407593166848 3 3.38314e-08
2766.992808547271 10 3.76755e-08
2770.25759286177 3 1.68687e-07
2772.642808619412 10 3.37908e-08
2775.907592962154 3 1.76504e-07
2779.742808660588 10 1.55265e-08
2781.557593131668 3 1.08575e-08
2785.392808829138 10 6.62081e-09
2788.657592958266 3 1.30188e-07
2791.04280859903 10 4.54308e-08
2800.557593068379 3 1.41368e-08
2802.142808560551 10 8.17671e-08
2810.192808614472 10 3.30706e-08
2811.80759288131 3 1.14002e-07
2817.457593148941 3 5.12189e-08
2819.042808684008 10 3.72037e-08
2823.107592931639 3 2.85364e-08
2825.492808530098 10 4.04902e-08
2831.142808309657 10 1.86267e-07
2836.792808315013 10 8.08811e-08
2839.007592745438 3 5.61259e-07
2848.570657450809 5 3.46667e-09
2855.707592799684 3 3.76123e-07
2861.507593165375 3 2.81612e-08
2872.607593251952 3 6.98332e-09
2875.820657413069 5 7.59735e-08
2878.144870726425 11 3.90958e-07
2880.505401418422 6 3.29749e-07
2880.55233817932 8 1.57109e-07
2881.22683686309 2 1.46268e-07
2881.348628746789 7 2.53742e-07
2886.305401472875 6 1.26e-07
2886.352338222176 8 1.86421e-07
2886.998628632989 7 3.11499e-07
2887.026836880146 2 7.20471e-08
2888.485763905986 4 1.34251e-07
2894.285763816325 4 4.86657e-07
2895.794870930981 11 1.47038e-07
2898.120657319066 5 1.40805e-08
2902.157592924888 3 6.64471e-08
2920.885764288398 4 2.55979e-08
2921.59487102931 11 2.7029e-08
2922.32065704229 5 2.18553e-07
2927.394871208607 11 2.66494e-08
2928.135764103413 4 8.58933e-08
2930.520657020654 5 3.90489e-07
2933.644326886041 9 1.05503e-08
2933.692808516954 10 3.8249e-08
2936.320657214479 5 1.40615e-07
2941.044870977583 11 8.85881e-08
2941.970657207457 5 6.23949e-08
2948.244326650027 9 3.73e-08
2949.070657133147 5 5.21747e-08
2949.094870993782 11 1.5293e-08
2954.894871083293 11 3.80404e-08
2956.170657174106 5 1.02455e-07
2960.90540159089 6 9.79665e-08
2960.952338357885 8 8.06644e-08
2961.598628867084 7 6.79771e-08
2962.43576413725 4 5.00959e-08
2963.894870749494 11 3.82936e-07
2966.705401418996 6 2.73899e-07
2966.752338168654 8 6.74139e-08
2967.398628475459 7 1.62781e-06
2967.426836493182 2 1.44161e-05
2973.198628715139 7 1.56247e-07
2973.226836726896 2 9.14538e-08
2973.305401373823 6 6.97678e-07
2973.352338161669 8 3.22109e-07
2978.998628676119 7 2.79727e-07
2979.026836585395 2 1.3171e-06
2979.152338383292 8 4.00737e-08
2979.755401682734 6 5.62772e-08
2983.2948706963 11 5.54823e-07
2984.220657262783 5 6.35374e-08
2988.14432672356 9 3.0947e-08
2993.794326651949 9 2.79955e-08
3000.24432658131 9 6.57952e-08
3011.344326559715 9 1.30228e-07
3015.320657232152 5 7.45027e-08
3016.944871312236 11 1.1954e-08
3016.994326533537 9 3.47452e-08
3022.794326441209 9 1.43845e-08
3028.444326359885 9 2.75786e-07
3028.970657545152 5 4.87195e-08
3034.244326356554 9 1.045e-07
3036.870657497599 5 3.55789e-08
3042.444326840218 9 1.12549e-08
3047.244870778659 11 1.30115e-07
3048.120657166824 5 1.30025e-07
3052.894870999826 11 6.27901e-08
3053.770656965551 5 4.99474e-07
3057.592808728824 10 4.31519e-08
3059.344870890308 11 8.31488e-08
3059.420657104309 5 1.17003e-07
3065.607592937067 3 1.77511e-07
3068.420657332339 5 1.08718e-07
3074.442808408119 10 8.87437e-08
3076.857592950812 3 1.96895e-07
3082.492808395605 10 6.43806e-08
3088.108015771994 3 9.68155e-08
3090.5428085761 10 5.7691e-08
3095.207593013484 3 7.82105e-08
3098.442808612828 10 8.43875e-08
3100.857593084731 3 2.78317e-08
3108.092808544293 10 4.96712e-08
3114.357592776679 3 1.95436e-07
3117.592808435626 10 7.37813e-08
3120.157592957913 3 8.09616e-08
3123.242808386965 10 1.07509e-07
3128.88576427231 4 3.57841e-08
3132.707592834272 3 1.96643e-07
3151.957592810291 3 4.33572e-07
3157.60759299093 3 1.58307e-07
3160.620657306762 5 4.03461e-08
3161.644871071263 11 2.14301e-08
3163.185763793185 4 1.33963e-07
3165.598628738966 7 1.37969e-07
3165.626836960458 2 1.02969e-07
3166.355401387263 6 6.26014e-07
3166.402338159717 8 1.15068e-07
3171.39862877632 7 9.72092e-08
3171.426837030507 2 2.16753e-08
3172.185763963222 4 4.51405e-08
3173.755401473888 6 1.06332e-07
3173.802886116667 8 3.22803e-07
3177.198628656907 7 8.38467e-08
3177.226836853081 2 8.87434e-08
3179.55540126444 6 3.01679e-07
3179.602338131539 8 3.75079e-07
3182.998628793 7 1.9432e-07
3183.026837044982 2 2.78376e-08
3184.894871212347 11 1.16701e-08
3185.355401368339 6 1.90625e-07
3185.402338099759 8 5.65799e-07
3188.798628846104 7 8.76137e-08
3189.685763973043 4 1.28034e-07
3191.344871195026 11 3.1977e-08
3195.257592910528 3 9.67717e-08
3201.057593057817 3 4.71108e-08
3204.935763792308 4 4.61109e-07
3208.044870764351 11 1.54692e-07
3210.402338604185 8 3.10897e-08
3210.426837084116 2 5.15768e-08
3210.448628856044 7 9.06718e-08
3210.585764055144 4 1.08647e-07
3217.592808303375 10 1.53039e-07
3225.657592921938 3 1.20021e-07
3234.50759305795 3 7.05349e-08
3240.235764048456 4 8.68388e-08
3252.820657467185 5 8.51072e-09
3253.694871234305 11 9.63165e-08
3254.685764228422 4 4.94517e-08
3258.307592962834 3 1.56994e-07
3262.694871206197 11 2.14501e-08
3262.73576428699 4 4.026e-08
3270.507593011526 3 6.72522e-08
3280.307592848805 3 1.04109e-07
3291.407593091102 3 1.50544e-08
3294.78576431381 4 5.07277e-09
3301.820657165532 5 1.44641e-07
3301.944870738701 11 2.84416e-07
3305.885764000947 4 1.61843e-07
3317.220657518794 5 3.35079e-08
3321.194870977366 11 2.81759e-08
3322.73576416502 4 1.81868e-08
3324.202338296128 8 9.15013e-08
3325.048628632177 7 3.76254e-07
3325.105401572197 6 1.4335e-07
3325.676836761302 2 1.35326e-07
3329.335764220902 4 2.10875e-08
3330.802338444539 8 2.41169e-08
3330.848628541594 7 4.56136e-07
3331.326836619655 2 5.27627e-07
3336.444870898482 11 2.20062e-08
3336.505401947282 6 1.92223e-08
3336.648629242587 7 3.00401e-08
3338.070657244058 5 5.34574e-08
3343.657592815244 3 1.70617e-07
3371.857593029818 3 7.32297e-08
3378.30759297291 3 1.6597e-07
3386.357592931619 3 1.75059e-07
3390.244870808773 11 1.25424e-07
3390.270657359932 5 4.68867e-08
3391.785763847994 4 3.21177e-07
3394.202338431074 8 3.33684e-08
3394.276836927398 2 1.29255e-08
3394.298628694921 7 1.77157e-07
3398.955401381539 6 4.21812e-07
3400.002338287575 8 1.66935e-07
3400.076837074703 2 4.46882e-08
3400.098629037804 7 5.46527e-08
3404.755401478231 6 2.78112e-07
3405.802338536 8 2.87484e-08
3408.844870848993 11 1.78509e-07
3410.385764121415 4 8.58673e-08
3412.252338305064 8 1.13829e-07
3412.955401328209 6 3.16113e-07
3413.098628735625 7 2.87694e-07
3413.726836746278 2 1.76587e-07
3416.835763934462 4 1.16443e-07
3421.926836867747 2 1.02322e-07
3421.948628871568 7 2.98838e-08
3424.002338314825 8 9.40281e-08
3424.205401638183 6 8.00447e-08
3425.535763886509 4 6.71145e-08
3428.526836924241 2 9.3558e-08
3428.548628693348 7 6.13394e-08
3431.985764019372 4 1.23941e-07
3434.326836736733 2 1.93514e-07
3434.348628653305 7 4.86871e-07
3437.502338271157 8 4.54892e-08
3437.555401512326 6 6.90716e-08
3441.726836769658 2 2.41501e-07
3442.398628670246 7 8.93529e-08
3443.302338283641 8 9.06956e-08
3443.355401532934 6 1.34352e-07
3447.376836790564 2 2.43312e-07
3448.048628992746 7 3.56863e-08
3449.102338204584 8 1.72805e-07
3449.155401434973 6 1.39527e-07
3452.035763794999 4 1.73858e-07
3457.685764074839 4 6.49982e-08
3460.726836650682 2 6.49281e-07
3460.748628524657 7 1.44961e-06
3461.355401496413 6 1.40022e-07
3461.952338064382 8 6.42793e-08
3466.526836744555 2 1.83188e-07
3466.548628682822 7 2.83657e-07
3467.15540152156 6 1.00383e-07
3467.752338490411 8 4.61501e-08
3472.326836719508 2 4.02769e-07
3472.348628733768 7 9.3493e-08
3475.985763828382 4 1.01632e-07
3479.726836662028 2 2.36544e-07
3479.748628450498 7 8.03919e-06
3480.75233820665 8 1.59974e-07
3480.80540143663 6 1.94735e-07
3485.526837001758 2 4.40513e-08
3485.548628844418 7 2.83087e-08
3487.235764290799 4 4.17522e-09
3488.152338162139 8 4.74263e-07
3488.205401388824 6 1.57029e-07
3491.326836848735 2 1.81877e-07
3491.348628742832 7 1.67217e-07
3493.952338371458 8 1.18641e-07
3494.005401569724 6 1.36954e-07
3498.726836775435 2 5.31711e-08
3498.748628662505 7 2.13255e-07
3499.752338391499 8 6.41206e-08
3499.805401658868 6 6.19811e-08
3504.526836708563 2 3.80591e-07
3504.548628513424 7 1.6104e-06
3505.552338502467 8 1.06943e-07
3505.605401775546 6 6.55529e-08
3509.54487104746 11 1.86626e-08
3512.73576393966 4 1.05697e-07
3515.926836727444 2 1.59709e-07
3515.948628608013 7 5.91202e-07
3518.535763982808 4 1.98026e-08
3519.344870974689 11 1.2369e-07
3524.994870743901 11 3.07947e-07
3526.320657225419 5 4.69011e-09
3528.694326318792 9 3.89561e-07
3536.094326249644 9 2.42764e-07
3549.89432640893 9 3.1147e-08
3552.244871072532 11 4.72531e-08
3552.920657366432 5 6.25975e-08
3555.694326491224 9 3.98018e-08
3560.320657367216 5 3.27033e-08
3561.344326232098 9 4.7413e-07
3566.994326287519 9 1.99185e-07
3568.370657227278 5 5.46512e-08
3569.094870824824 11 1.96637e-07
3573.14432655768 9 6.70247e-08
3576.192808547485 10 3.28245e-08
3576.270657304512 5 5.02346e-08
3582.07065720929 5 2.50232e-08
3585.042808537281 10 1.56185e-08
3588.220657106592 5 1.42902e-07
3590.594870981626 11 8.00706e-08
3593.892808330405 10 9.98843e-08
3596.270657145643 5 2.24885e-07
3598.644871049476 11 3.87198e-08
3600.992808373497 10 1.87005e-07
3606.792808252022 10 2.00091e-07
3609.120657565545 5 1.46515e-08
3612.244326530748 9 4.54674e-08
3614.69280842013 10 1.23171e-07
3618.770657088249 5 8.92329e-08
3618.844326872048 9 5.32285e-09
3621.79280841928 10 7.84059e-08
3624.570657009476 5 6.44512e-08
3624.644326781915 9 2.53395e-08
3630.370657207387 5 3.99872e-08
3631.44280852194 10 1.19168e-07
3635.494870820074 11 2.51526e-07
3636.170657372413 5 4.04244e-08
3640.094326254536 9 5.25464e-07
3645.894326212593 9 1.11339e-06
3656.194870920992 11 4.15791e-08
3657.020657375754 5 1.89025e-08
3658.594326504547 9 3.49852e-08
3664.244326540458 9 8.60777e-08
3670.644870829909 11 1.59427e-07
3672.270656907667 5 6.77053e-07
3676.294870901661 11 7.54241e-08
3677.920657563832 5 2.15046e-08
3679.3857640821 4 9.97503e-08
3680.148628776151 7 1.95548e-07
3680.926837240424 2 1.06455e-08
3685.835764047988 4 1.64589e-08
3687.398629122866 7 2.90191e-08
3690.576836640607 2 4.9213e-07
3691.352338341583 8 4.67296e-08
3691.405401554145 6 1.52035e-07
3696.248628614982 7 4.67015e-07
3696.376836750064 2 9.1618e-08
3697.152338226106 8 1.64353e-07
3697.205401454293 6 2.73838e-07
3702.594871034647 11 3.83826e-08
3703.752338362902 8 5.14712e-08
3703.805401558889 6 1.24482e-07
3707.48576381597 4 1.61609e-07
3709.248629014205 7 3.06218e-08
3710.794870828239 11 2.02447e-07
3712.22065716365 5 1.95372e-07
3715.34432646438 9 4.9124e-08
3721.144326199884 9 9.01611e-07
3723.470657132104 5 1.06456e-07
3724.594870976811 11 3.3635e-08
3726.794326189638 9 1.38036e-06
3732.594326351517 9 3.33166e-07
3742.39432646299 9 4.79631e-08
3748.044326696363 9 1.73299e-08
3753.694326592105 9 9.5949e-08
3760.794326483155 9 3.87804e-08
3771.2443266433 9 3.98376e-08
3772.794871054552 11 2.08202e-08
3772.820657307813 5 2.45389e-08
3776.89432650969 9 3.61446e-08
3783.494326450141 9 5.07723e-08
3790.594326468864 9 8.11037e-08
3796.220657313509 5 5.18239e-08
3796.244326663938 9 3.00847e-08
3802.04432650298 9 8.4605e-08
3805.644870959517 11 5.26983e-08
3808.120657231485 5 1.02476e-07
3808.644326724685 9 2.38652e-08
3811.294871003689 11 8.55808e-08
3814.444326174495 9 1.60182e-06
3820.094326532804 9 3.85435e-08
3825.744326239816 9 8.51212e-07
3831.394326324755 9 1.40184e-07
3836.020657090026 5 2.47644e-07
3837.044326330413 9 1.81727e-07
3844.794870817754 11 1.41302e-07
3845.670657251337 5 7.88906e-08
3849.594326559287 9 6.04561e-08
3852.792808472107 10 1.16314e-07
3856.120657330051 5 4.64406e-08
3858.444870850854 11 9.42104e-08
3860.835763860355 4 9.1303e-08
3867.176836774899 2 1.73245e-07
3867.848628562475 7 7.11335e-07
3868.752338571625 8 4.67799e-08
3868.805401845826 6 2.28969e-08
3873.685764017448 4 4.17522e-08
3878.448629114249 7 4.87922e-08
3879.485763676049 4 1.96252e-06
3885.935764023789 4 1.61366e-08
3891.585764264911 4 3.87631e-08
3899.485763818099 4 1.23499e-07
3905.13576410455 4 1.11729e-07
3905.694870811438 11 1.96196e-07
3909.776836842581 2 7.89337e-08
3909.848628592295 7 4.16593e-07
3910.552338462371 8 8.12562e-08
3910.605401727139 6 6.44914e-08
3912.235763989081 4 1.00042e-07
3912.94487136066 11 5.65492e-09
3918.035764193331 4 2.57653e-08
3921.95233824981 8 2.12093e-07
3921.976836657485 2 3.05082e-07
3922.005401480543 6 1.99743e-07
3922.048628457859 7 4.42864e-06
3926.435763975822 4 2.57666e-08
3928.844871258642 11 3.80623e-08
3937.60759272336 3 2.47716e-07
3948.020657095515 5 2.26049e-07
3948.094871029306 11 4.26945e-08
3952.044326411716 9 7.66415e-08
3957.844326472512 9 6.18196e-08
3958.620657339313 5 3.19002e-08
3963.644326712765 9 1.89018e-08
3972.794870925464 11 7.23809e-08
3974.370656867333 5 1.19541e-06
3976.644326651817 9 3.69806e-08
3978.444871084192 11 3.94164e-08
3980.020657285358 5 1.29274e-07
3984.094870912794 11 7.07387e-08
3989.507592844443 3 2.35105e-07
3993.492808313077 10 3.66919e-07
4008.00759266763 3 1.11521e-06
4015.994871039547 11 5.11544e-08
4016.720657357668 5 3.12805e-08
4023.907592905915 3 1.00604e-07
4031.170657058057 5 3.55645e-07
4031.894870895745 11 1.34725e-07
4036.820657379831 5 3.62721e-08
4037.544870825229 11 2.61353e-07
4051.785763963387 4 6.00017e-08
4051.99487106809 11 1.23182e-08
4054.248628676973 7 6.8455e-08
4054.976837145223 2 2.39225e-08
4057.585764267197 4 4.38043e-08
4058.152338286912 8 8.97461e-08
4058.294871312623 11 3.74144e-08
4059.005401581863 6 6.31122e-08
4059.898628590006 7 2.2922e-07
4060.776836560248 2 1.74226e-06
4063.952338215527 8 2.31955e-07
4064.805401126217 6 0.00119857
4065.548628613122 7 7.81203e-07
4066.426836543721 2 5.9247e-06
4068.685763962969 4 1.32433e-08
4073.026837347076 2 2.15295e-08
4074.485763987968 4 2.16867e-07
4076.948629244952 7 8.58178e-09
4084.935763816135 4 3.56958e-07
4087.94487075078 11 8.64551e-08
4089.520657029503 5 1.83841e-07
4091.744326513411 9 5.34087e-08
4095.320657516375 5 1.72795e-08
4095.642808264999 10 3.28938e-07
4100.294326501092 9 1.19873e-07
4101.770657138262 5 1.48751e-07
4103.344870894916 11 5.85473e-08
4108.157592753165 3 1.46448e-07
4113.792808633255 10 5.28194e-08
4116.057592801349 3 3.15993e-07
4119.442808442251 10 1.3533e-07
4122.657593115086 3 6.56449e-08
4125.092808345034 10 1.67612e-07
4129.757592967508 3 1.362e-07
4132.192808404024 10 9.14291e-08
4138.607593003528 3 1.54092e-08
4150.657592977386 3 1.98669e-07
4154.585764168557 4 6.79109e-08
4154.594870865208 11 2.42189e-08
4157.60233833904 8 7.91978e-08
4158.455401356989 6 2.88375e-07
4159.39862871801 7 2.3269e-07
4160.126836766411 2 2.17303e-07
4163.402338229209 8 9.61341e-08
4164.255401576316 6 6.4936e-08
4165.994870763883 11 2.85582e-07
4167.585763862237 4 1.7017e-07
4173.198628804624 7 6.24231e-08
4173.926837107772 2 4.71112e-09
4174.035764180071 4 1.57654e-08
4174.802338545792 8 1.13131e-08
4182.085763845243 4 1.59586e-07
4182.698629230112 7 2.68924e-08
4186.926836964391 2 8.76122e-08
4188.498628872696 7 3.20771e-08
4188.602338642924 8 2.25001e-08
4189.185763866673 4 1.78297e-07
4192.305401673186 6 4.28027e-08
4192.576836945119 2 6.81929e-08
4194.252338391712 8 2.42318e-08
4194.298629086938 7 9.00344e-09
4195.494871035598 11 3.70052e-08
4197.085764106092 4 8.15286e-08
4198.226836776891 2 1.12951e-07
4200.052338573812 8 1.60091e-08
4200.098628913909 7 1.79724e-07
4204.185764109741 4 6.58623e-08
4204.99487088003 11 2.50857e-08
4209.020657271491 5 4.82476e-08
4210.794870859627 11 7.14619e-08
4214.594326732085 9 5.0638e-09
4222.020657187754 5 1.1857e-07
4222.044870702373 11 1.07202e-06
4224.385764075304 4 2.36815e-08
4227.820657058901 5 1.99284e-07
4230.094870756261 11 4.95867e-07
4236.394326521371 9 5.99111e-08
4242.19472279466 9 1.49561e-08
4247.994326162659 9 5.74045e-07
4253.794326784024 9 1.2882e-08
4259.894870759709 11 9.52942e-08
4260.670657327884 5 4.51227e-08
4263.294326197859 9 9.77799e-07
4269.094326215254 9 6.17227e-07
4274.744326366971 9 1.53853e-07
4280.394326574468 9 3.85635e-08
4286.044326155316 9 3.73887e-06
4291.694326511449 9 2.34438e-08
4297.344326380035 9 1.72828e-07
4303.14432657998 9 3.97544e-08
4308.944326347447 9 1.01871e-07
4310.470657223258 5 3.21628e-08
4312.094870761601 11 1.22889e-07
4315.544326412959 9 7.71027e-08
4321.344326446583 9 1.38733e-07
4328.294326499809 9 1.02602e-07
4336.344326645794 9 4.32558e-08
4345.194336385236 9 1.12645e-07
4350.694870773951 11 3.33336e-07
4351.470657218977 5 2.04461e-08
4354.652338368927 8 3.62789e-08
4355.405401491632 6 1.44135e-07
4355.498628582324 7 3.99931e-07
4356.226836553969 2 2.675e-06
4360.302338062294 8 1.1416e-06
4361.205401575139 6 3.57397e-08
4361.298628865407 7 6.98052e-08
4361.944870999598 11 7.78123e-08
4363.485764017242 4 8.61571e-08
4370.085764064933 4 1.00552e-07
4370.144870936523 11 1.08555e-07
4372.320657167299 5 1.12651e-07
4378.307593020634 3 1.02152e-07
4385.407592914719 3 5.60655e-08
4391.144870698404 11 5.02872e-07
4393.952338216731 8 8.61948e-08
4394.205401368128 6 3.35403e-07
4394.576837142614 2 5.5539e-08
4395.098629116259 7 2.13767e-08
4399.752338082896 8 3.81536e-07
4400.005401391525 6 2.72754e-07
4400.226837091557 2 9.05584e-09
4400.898628887576 7 7.56962e-08
4402.285763921492 4 8.88528e-08
4402.544871305937 11 3.88701e-08
4407.32683663809 2 2.94338e-07
4407.348628676858 7 1.82723e-07
4408.752338214205 8 2.01089e-07
4408.855401386098 6 1.76035e-07
4412.044870930691 11 4.43176e-08
4413.926836778353 2 6.63269e-08
4413.948628552992 7 8.11256e-07
4414.5054016973 6 6.19452e-08
4414.552338447106 8 6.24107e-08
4418.485763826818 4 1.42925e-07
4424.28576366624 4 1.59721e-06
4429.694870921595 11 1.31387e-07
4431.68576405744 4 9.79902e-08
4433.105401629539 6 8.25325e-08
4433.326837019906 2 2.01449e-08
4433.348628797003 7 2.85403e-08
4433.802338255395 8 1.15652e-07
4438.755401510761 6 2.11128e-07
4439.452338365982 8 8.80083e-08
4439.94862879439 7 1.05199e-07
4441.376836985921 2 3.11941e-08
4445.055401541819 6 5.4309e-08
4445.102338325704 8 7.3353e-08
4445.748628792349 7 1.73123e-08
4447.176836592594 2 1.31447e-06
4451.548628859155 7 4.21922e-08
4451.655401590801 6 7.96715e-09
4452.352338377519 8 8.87046e-08
4452.976836717034 2 1.25309e-07
4457.348628552078 7 6.67645e-07
4457.455401412641 6 1.97179e-07
4458.002338321833 8 1.41222e-08
4458.626836974315 2 9.09994e-08
4460.144870911565 11 4.36159e-08
4460.235764223165 4 4.14714e-08
4463.255401676272 6 7.84702e-08
4466.744871234474 11 3.30848e-08
4468.905401687526 6 1.05325e-07
4474.944870718951 11 2.40024e-07
4476.07065731007 5 9.50966e-08
4479.985763899679 4 2.23614e-07
4481.544870944254 11 3.43274e-08
4483.002338341266 8 8.59052e-08
4483.205401559916 6 1.87879e-07
4483.648628567163 7 6.34928e-07
4483.976836698222 2 2.25068e-07
4487.194871104105 11 1.29066e-08
4489.602338289939 8 8.52801e-08
4489.655401496633 6 3.02819e-07
4491.698628988221 7 2.2448e-08
4492.826836835496 2 6.92974e-08
4497.635763720614 4 1.06989e-06
4501.848628874618 7 6.92072e-08
4503.426836766004 2 1.98407e-07
4505.802338368139 8 2.87201e-08
4505.855401564099 6 9.47041e-08
4507.49862866073 7 4.41752e-07
4509.076836635953 2 4.86589e-07
4511.602338266597 8 1.08663e-07
4511.655401474324 6 3.72598e-07
4513.148628514858 7 7.02757e-07
4514.726836961229 2 2.56851e-08
4515.285764098266 4 7.03483e-08
4516.844871280214 11 1.16617e-08
4523.985764139925 4 5.56787e-08
4529.326836925689 2 3.5056e-08
4529.348628738782 7 3.36957e-07
4531.944870796557 11 1.08872e-07
4533.635763982533 4 7.20998e-08
4538.394870794877 11 2.5733e-07
4539.970656981252 5 2.37573e-07
4543.142808228197 10 5.60554e-07
4547.220657258358 5 4.93399e-08
4548.942808484267 10 4.11111e-08
4551.994326705889 9 1.42649e-08
4552.87065719014 5 7.77093e-08
4554.592808445524 10 7.59391e-09
4560.120657081025 5 2.38723e-07
4564.092808199818 10 4.87003e-07
4565.770657118966 5 2.67637e-07
4568.04487068329 11 4.29513e-07
4571.094326607217 9 7.53339e-08
4571.420657456038 5 1.4267e-08
4575.944871114939 11 7.5443e-08
4577.070657364032 5 3.45246e-08
4581.594870967598 11 2.69085e-08
4582.870656952608 5 4.35983e-07
4594.207592812862 3 2.68975e-07
4601.607592850957 3 1.28506e-07
4615.107593030977 3 1.27536e-07
4619.935763949332 4 1.69919e-07
4621.644870977109 11 4.54983e-08
4625.585764253841 4 1.745e-08
4627.294870887321 11 8.41909e-08
4627.870657314469 5 4.4989e-08
4631.794326656678 9 1.47948e-08
4633.442808497651 10 1.13453e-07
4634.470657242418 5 5.34854e-08
4636.794871247496 11 1.19233e-08
4641.642808413225 10 9.99639e-08
4644.12065714177 5 9.2358e-08
4645.594326806041 9 2.36471e-08
4647.292808587464 10 8.83901e-08
4652.020657134742 5 1.42744e-07
4653.644870908362 11 9.56869e-08
4657.820657500935 5 3.67156e-08
4658.435764192732 4 6.10995e-08
4659.294871150157 11 2.81655e-08
4664.88576387897 4 1.61233e-07
4667.148628940331 7 9.0263e-08
4668.602338160313 8 2.74043e-07
4668.655401391067 6 6.26519e-07
4669.376836851816 2 1.22871e-07
4672.948628576034 7 7.38485e-07
4674.402338165673 8 9.35629e-08
4674.455401358891 6 3.92094e-07
4675.176837004666 2 1.94702e-08
4678.598628745045 7 3.26998e-07
4680.255402016474 6 5.55641e-08
4680.976837065839 2 8.03943e-08
4684.135763912885 4 9.27582e-08
4684.248629020118 7 5.6648e-08
4689.744870871677 11 7.19048e-08
4689.935764327488 4 1.79195e-08
4691.320657253869 5 3.39698e-08
4695.544870682566 11 7.16779e-07
4697.120657543847 5 2.51106e-08
4701.194871092654 11 4.8353e-08
4702.770657170174 5 2.58539e-07
4704.844326651057 9 7.62128e-08
4706.844870769545 11 2.53287e-07
4709.835764121577 4 6.36805e-08
4713.757592703204 3 3.26314e-07
4722.757593210611 3 4.99202e-08
4725.742808404824 10 1.34835e-07
4728.407592946381 3 1.61597e-07
4731.542808369078 10 2.18083e-07
4734.057592868091 3 2.72761e-08
4741.042808296732 10 4.80942e-08
4746.842808391586 10 2.16129e-07
4751.607592799124 3 1.03729e-07
4757.870657281993 5 1.76066e-08
4759.544870831153 11 1.48521e-07
4763.520657376517 5 1.65933e-08
4765.044326844833 9 1.34265e-08
4768.34280869212 10 1.99152e-08
4769.970657000616 5 3.48608e-07
4775.770657390902 5 4.81347e-08
4776.542808517323 10 1.828e-08
4781.570657357396 5 5.92466e-08
4782.342808429263 10 9.44282e-08
4787.370657136813 5 7.43177e-08
4789.994870680367 11 4.58092e-07
4793.002338644882 8 2.50981e-08
4795.57065708034 5 6.87475e-08
4795.644870913883 11 8.44458e-08
4800.28576375686 4 5.27806e-07
4801.44487090655 11 2.35058e-08
4802.820657584872 5 1.00685e-08
4813.644870972773 11 8.87625e-09
4814.735764367504 4 2.28478e-08
4815.520657061759 5 2.00871e-07
4819.444871101808 11 4.58277e-08
4820.155401422486 6 3.10071e-07
4820.252338189697 8 1.13523e-07
4821.026836844748 2 1.09789e-07
4821.098628635393 7 5.83841e-07
4825.95540172707 6 3.55461e-08
4826.052338512408 8 2.69252e-08
4826.898628982985 7 5.04996e-08
4827.5857637548 4 3.66182e-07
4830.826837134013 2 5.27767e-08
4832.444870916955 11 4.39063e-08
4834.252338199326 8 1.00643e-07
4834.298628932351 7 2.95096e-08
4834.955401455045 6 2.10674e-07
4838.876836888811 2 1.29822e-07
4840.052338629631 8 3.31993e-08
4840.098628788101 7 2.72768e-08
4841.23576375439 4 2.92134e-07
4846.885763836437 4 1.67382e-07
4849.098629207483 7 3.40037e-08
4852.535763988009 4 1.47051e-07
4853.852338265955 8 6.58667e-08
4854.055401439281 6 8.76396e-08
4854.126836980413 2 6.5839e-08
4854.898628799485 7 1.87853e-07
4857.944870997576 11 5.1841e-08
4859.65233810155 8 5.08774e-07
4859.855401263546 6 3.4733e-07
4860.698628769424 7 3.91766e-08
4860.726836817821 2 7.72029e-08
4865.505401452666 6 2.02045e-07
4866.102338081761 8 4.95915e-07
4866.498628909209 7 8.94554e-08
4866.526837031219 2 7.01292e-08
4869.994870736426 11 8.43319e-08
4871.902338516288 8 4.48728e-08
4873.255401710443 6 3.88985e-08
4875.644870733019 11 2.42813e-07
4876.37065719175 5 1.12518e-07
4879.49862876782 7 6.63988e-08
4879.502338144281 8 1.93295e-07
4879.55540138504 6 3.19828e-07
4880.326836762728 2 3.56749e-07
4884.285763895635 4 8.6451e-08
4885.298628793257 7 2.21739e-07
4886.102338186791 8 1.76126e-07
4886.126836995 2 4.88004e-08
4886.155401422702 6 4.69996e-07
4890.948628887597 7 7.84268e-09
4891.902338434568 8 6.57156e-08
4891.955401622586 6 5.01828e-08
4893.144870896049 11 2.11516e-07
4895.535763986508 4 3.79181e-08
4904.42065730859 5 4.63457e-08
4905.344871174611 11 3.81196e-08
4906.935763973575 4 1.22522e-07
4914.807592900266 3 4.54893e-08
4921.23576413977 4 7.55277e-08
4921.244870910401 11 7.88676e-08
4924.102338286258 8 9.1174e-08
4924.155401486037 6 1.21024e-07
4927.044870698202 11 4.88443e-07
4927.6706569869 5 5.08373e-07
4931.68576420319 4 4.99079e-08
4936.307593101028 3 1.94076e-08
4961.307592864575 3 1.45726e-07
4974.935764041696 4 6.2071e-08
4988.585763736705 4 2.62283e-07
4992.302338413662 8 3.2059e-08
4992.544871126787 11 3.9938e-08
4993.155401642622 6 2.0941e-07
4994.048628739726 7 1.51296e-07
4994.676836810605 2 7.47072e-08
4998.902338338004 8 4.26283e-08
4999.755401233247 6 1.17274e-06
5000.648628804654 7 8.73037e-08
5001.276837093091 2 5.01479e-08
5003.685763707877 4 1.97625e-06
5009.485764186193 4 4.11985e-08
5009.498628924474 7 8.10404e-08
5010.276836954488 2 3.39961e-08
5011.8054016245 6 8.37095e-08
5012.55233829163 8 1.14043e-07
5015.148628747341 7 1.70976e-07
5016.076837117945 2 1.54989e-08
5018.185763829208 4 3.83265e-07
5023.985763969979 4 1.24653e-07
5029.635763803686 4 2.07173e-07
5035.285764135075 4 4.37857e-08
5035.95233837503 8 9.66104e-08
5035.998628550601 7 7.96704e-07
5036.626836959144 2 5.39035e-08
5036.655401685534 6 6.5786e-08
5038.194871025912 11 2.62483e-08
5040.935763951007 4 2.79096e-07
5042.426836783843 2 1.62952e-07
5042.59862856192 7 1.47437e-07
5043.352338187097 8 1.29349e-07
5044.055401197071 6 3.30774e-06
5048.248628820157 7 9.70206e-08
5048.726836846649 2 4.44833e-08
5049.002338396268 8 1.43526e-08
5049.705401832285 6 6.00125e-08
5054.802338258529 8 1.15884e-07
5055.505401207907 6 3.28816e-06
5056.29862872636 7 3.19959e-07
5056.7768369321 2 5.9046e-08
5059.044870775657 11 2.96082e-07
5060.520657185929 5 1.06753e-07
5064.694871153624 11 3.28556e-08
5071.757592860703 3 1.87695e-07
5077.370656933131 5 7.56065e-07
5077.394871053341 11 6.03394e-08
5080.49432661759 9 5.64142e-09
5083.170657264891 5 1.5414e-07
5084.54280851129 10 6.74346e-08
5087.844870770626 11 1.09336e-07
5088.820657176531 5 1.02077e-07
5092.535763960788 4 1.16102e-07
5093.494870778777 11 2.89665e-07
5095.770657332937 5 2.63969e-08
5098.185763732471 4 1.356e-06
5103.835764049825 4 4.03101e-08
5106.098628790539 7 9.48505e-08
5110.126836790023 2 1.60675e-07
5111.705401282731 6 9.86527e-07
5111.802338013104 8 1.02512e-06
5111.898628694294 7 1.50424e-07
5116.726836764718 2 2.55122e-07
5117.505401499735 6 7.7469e-08
5117.60233832867 8 6.33705e-08
5117.698628811502 7 9.3637e-08
5122.994871297677 11 2.03208e-08
5123.305401777433 6 1.79645e-08
5123.402338556324 8 5.9945e-08
5123.498628810571 7 1.52648e-07
5123.885764043081 4 7.58331e-08
5123.97683710931 2 2.83152e-08
5129.298628855119 7 1.00089e-07
5129.776836883456 2 1.02166e-07
5131.602338364847 8 8.62286e-08
5132.155401570736 6 1.07699e-07
5135.935763891011 4 6.14388e-08
5137.498628837229 7 9.55812e-08
5138.32683680682 2 1.12642e-07
5139.002338404697 8 5.14372e-08
5139.105401655578 6 1.01057e-07
5143.798628904162 7 4.63192e-08
5144.755401256752 6 1.50038e-07
5144.802338000127 8 4.1953e-06
5145.426836701111 2 4.20851e-08
5150.235764045794 4 3.23786e-08
5152.648628748172 7 3.57462e-08
5152.826836736891 2 1.25312e-07
5159.426836983741 2 3.49089e-08
5160.155401498268 6 2.72812e-07
5160.20233831534 8 8.22836e-08
5161.498628720928 7 2.04782e-07
5165.076837012297 2 1.54328e-08
5165.955401449059 6 1.07403e-07
5166.002338248003 8 8.80166e-08
5167.948628867597 7 1.07625e-07
5168.685763880653 4 9.88385e-08
5174.335764072344 4 7.42108e-08
5175.048628826266 7 1.57246e-07
5175.876836724678 2 2.00573e-07
5178.155401921658 6 3.7419e-08
5179.044870909877 11 1.11484e-07
5182.220657297363 5 2.03285e-08
5186.257592867218 3 6.8038e-08
5196.844871410825 11 2.42151e-08
5199.257592973467 3 1.05582e-07
5208.107593034633 3 6.50552e-08
5213.757592963395 3 3.12651e-08
5219.407593125976 3 8.4979e-08
5227.307592975041 3 1.3335e-07
5232.957592825886 3 6.25756e-08
5246.235764077245 4 4.58609e-08
5246.494871038738 11 9.49925e-08
5248.820657627515 5 1.19545e-08
5252.794870984593 11 3.77505e-08
5254.435764019516 4 6.18652e-08
5258.20233843798 8 9.25281e-08
5259.098628854952 7 2.62436e-08
5259.155401457317 6 7.92372e-08
5259.92683720055 2 2.79066e-08
5261.644870877909 11 2.85979e-07
5263.270657229077 5 1.23877e-07
5266.335763890785 4 2.26007e-07
5270.644871198813 11 4.15946e-09
5272.135763956575 4 6.92606e-08
5276.120657117707 5 5.21726e-08
5276.294870822793 11 7.92818e-08
5278.585763967149 4 9.82601e-08
5282.59487120625 11 6.75541e-08
5284.235763771035 4 5.61062e-07
5287.298628828495 7 1.42944e-07
5288.002338053433 8 8.97519e-07
5288.126836932005 2 4.64596e-08
5288.155401312618 6 5.44439e-07
5290.835763761509 4 1.23014e-07
5296.485763819955 4 8.20435e-07
5297.994870940048 11 6.99487e-08
5303.498628776103 7 1.05558e-07
5304.326836779062 2 1.9919e-07
5305.502338197457 8 3.43276e-07
5305.805401396592 6 5.65475e-07
5309.298628751084 7 1.45986e-07
5310.126836774492 2 2.02279e-07
5311.152337959898 8 2.14682e-06
5311.605401208784 6 2.32982e-06
5314.948629073355 7 4.63131e-08
5315.735763886711 4 1.57118e-07
5315.794871133299 11 1.74817e-08
5321.535764148067 4 6.64866e-08
5321.5948709783 11 8.24233e-08
5323.052338444092 8 2.29014e-08
5323.798628617201 7 5.27492e-07
5323.805401742646 6 2.04712e-08
5324.47683682421 2 2.31546e-07
5328.135763735164 4 8.82662e-07
5329.598628745762 7 1.85934e-07
5330.276836879475 2 6.47016e-08
5330.405401712549 6 3.19006e-08
5330.452338462386 8 7.32344e-08
5333.935764014126 4 4.29867e-08
5339.735764026072 4 1.144e-07
5346.335764020544 4 7.40731e-08
5352.135763840419 4 4.65361e-07
5360.335763865451 4 6.38736e-08
5365.676836849769 2 8.23888e-08
5365.998628748384 7 1.58782e-07
5367.405401568879 6 1.21066e-07
5367.452338318005 8 4.68486e-08
5371.476836591423 2 6.33059e-07
5371.79862861869 7 6.69084e-07
5373.252338452281 8 2.83308e-08
5374.005401758985 6 2.99466e-08
5377.27683684083 2 6.3784e-08
5377.448628734747 7 5.78664e-08
5378.935764015305 4 7.98207e-08
5380.544871055569 11 4.60753e-08
5385.476836761234 2 1.20951e-07
5385.498628542939 7 9.35808e-07
5386.102338227055 8 2.38625e-07
5386.205401467218 6 6.00092e-08
5388.744870842637 11 1.49872e-07
5390.920657567359 5 4.15798e-08
5393.235763731085 4 2.90477e-07
5396.94487092372 11 1.01264e-07
5397.502338554392 8 3.85671e-08
5400.63576396093 4 2.90134e-08
5406.435764064928 4 9.5395e-08
5412.2357639951 4 1.21385e-07
5412.99487104265 11 6.62747e-08
5414.40540164107 6 5.69477e-08
5414.49862902163 7 9.82903e-08
5414.502338452465 8 3.21598e-08
5420.205401807737 6 1.94884e-08
5420.244871031414 11 4.41794e-08
5421.102338601861 8 6.93782e-09
5424.270657167505 5 8.72709e-08
5426.044871155181 11 5.95591e-08
5426.685764310002 4 1.96177e-08
5432.470657443882 5 2.61985e-08
5438.107592969331 3 1.52411e-07
5444.692808380914 10 1.30341e-07
5447.907592954766 3 3.71677e-08
5451.142808252204 10 4.66245e-07
5456.457593120732 3 1.60605e-08
5456.942808655445 10 4.95263e-08
5464.542808502613 10 3.8152e-08
5469.307592828139 3 1.54697e-07
5474.192808570667 10 2.95156e-08
5477.357592886391 3 1.68283e-07
5482.092808486673 10 1.11916e-07
5487.657592859673 3 1.59733e-07
5495.707592956477 3 1.92665e-07
5498.142808238258 10 1.9826e-07
5501.357592569978 3 2.53709e-06
5505.392808558354 10 8.50355e-08
5511.042808821576 10 2.91212e-08
5511.657592949139 3 8.72202e-08
5517.307593172076 3 4.37345e-08
5523.757592875265 3 4.41503e-08
5526.142808429071 10 2.17406e-07
5529.407593261524 3 3.89217e-08
5535.05759305317 3 5.44805e-08
5540.707592927141 3 1.33562e-07
5546.920657159604 5 5.63322e-08
5548.494871094686 11 3.88529e-08
5550.842808814379 10 9.64126e-09
5552.570656925928 5 2.02513e-07
5554.144871112944 11 4.04272e-08
5555.68576392742 4 6.7188e-08
5561.485763911442 4 1.92512e-07
5565.898628753073 7 8.93434e-08
5566.676837082489 2 4.57286e-08
5567.135763935821 4 6.71265e-08
5570.902338759101 8 4.21457e-09
5572.785763728853 4 1.15722e-06
5574.994871282806 11 1.28174e-08
5589.307593082951 3 1.07955e-07
5600.535764183576 4 3.93966e-08
5603.670657212046 5 1.11362e-07
5614.985763901837 4 7.57342e-08
5618.076836756764 2 2.11791e-07
5618.098628550749 7 3.1158e-07
5618.952338764502 8 1.66716e-08
5621.435763770135 4 2.91643e-07
5630.157592756101 3 5.54461e-07
5636.52065714008 5 6.24095e-08
5637.294870709425 11 4.06576e-07
5654.29487100524 11 9.34304e-08
5654.320657300265 5 3.38219e-08
5655.394326639172 9 4.85118e-09
5660.094871066205 11 1.47349e-08
5660.120657295423 5 5.31439e-08
5663.95233845046 8 6.93755e-08
5663.955401698865 6 1.00617e-07
5664.676837178474 2 6.46131e-08
5664.69862894628 7 1.34138e-07
5665.894870747795 11 1.5277e-07
5667.220657189399 5 4.62035e-08
5671.694871022676 11 4.87309e-08
5672.385763950064 4 1.30106e-07
5673.698628645524 7 1.10561e-07
5674.476836690596 2 3.28477e-07
5674.552338141261 8 2.37959e-07
5674.5554013863 6 5.33466e-07
5680.352338368937 8 2.93138e-08
5680.355401552768 6 1.68378e-07
5680.926836768385 2 5.3713e-08
5681.448628717732 7 1.8619e-07
5685.385764429686 4 1.61423e-08
5686.152338100195 8 3.11329e-07
5686.155401348607 6 5.83677e-07
5686.5768368641 2 1.22779e-07
5687.098628826762 7 9.69583e-08
5688.544871120341 11 1.27797e-08
5691.952338285664 8 8.92176e-08
5691.955401536184 6 1.62052e-07
5692.226836908765 2 1.14492e-07
5692.748628839117 7 6.47779e-08
5693.435763948253 4 1.19333e-07
5699.235763949388 4 2.18418e-07
5704.407593072101 3 3.91537e-08
5719.807593130288 3 8.7731e-08
5731.770657191076 5 5.42738e-08
5731.794870782136 11 3.26845e-07
5743.970657128852 5 1.06209e-07
5743.994870765041 11 2.78705e-07
5748.944326635645 9 7.61551e-08
5756.194326406203 9 1.09797e-07
5758.594871223244 11 3.35124e-08
5762.644326455667 9 1.05455e-07
5768.170657396585 5 4.85789e-08
5768.294326710643 9 4.26208e-08
5772.244870896761 11 4.93834e-08
5774.094326357533 9 2.19055e-07
5779.744326581302 9 4.78329e-08
5783.644870795841 11 2.38967e-07
5784.370657207779 5 1.57274e-07
5786.044326507813 9 2.24939e-08
5795.544871062375 11 2.01397e-08
5799.69432671091 9 7.71062e-08
5805.344326312699 9 1.5115e-07
5812.294326367201 9 1.51234e-07
5821.944326693247 9 2.62749e-08
5827.594326188793 9 1.93528e-07
5832.244870977942 11 6.1773e-08
5834.694326464135 9 7.42083e-08
5837.070657171044 5 1.30863e-07
5838.694870684144 11 5.1638e-07
5841.835764354705 4 3.92849e-08
5844.307593095024 3 3.28115e-08
5848.344871106557 11 2.83273e-08
5849.120657319932 5 1.11341e-07
5854.79521321638 11 1.53359e-07
5855.570657340691 5 5.98647e-08
5860.444870645368 11 7.86892e-07
5862.020657320577 5 2.82057e-08
5866.094870605316 11 1.51747e-06
5867.6706572446 5 2.8231e-08
5875.407592796415 3 1.57449e-07
5882.007592864956 3 4.0364e-08
5885.735764000418 4 1.11919e-07
5888.148628766914 7 7.10099e-08
5888.926837224482 2 4.38916e-08
5890.644870768492 11 4.48796e-07
5892.955401689062 6 3.43193e-08
5893.752338436465 8 1.99883e-08
5896.348628906223 7 1.15599e-07
5896.444871166825 11 1.02229e-08
5897.935763856603 4 2.55028e-07
5901.155401714632 6 7.07821e-08
5903.552338149972 8 1.94225e-07
5904.326836940419 2 4.87883e-08
5904.548628768863 7 1.74114e-07
5906.9357640156 4 1.30611e-07
5910.126836490234 2 1.54052e-05
5910.198628552192 7 4.24784e-07
5910.952338076353 8 7.12716e-07
5910.955401307516 6 1.27964e-07
5915.78576378752 4 3.60537e-07
5917.598628782438 7 1.60773e-07
5918.352338336258 8 1.07218e-07
5919.126836549758 2 1.98926e-06
5919.155401632375 6 8.07548e-08
5923.398628798251 7 7.52993e-08
5924.002338536383 8 2.46351e-08
5924.92683662875 2 2.09582e-07
5925.605401581294 6 1.19047e-07
5929.198628757439 7 1.90794e-07
5929.802338151726 8 3.28334e-07
5931.405401770339 6 4.03098e-08
5931.526836881598 2 1.82842e-07
5932.335764289797 4 3.02398e-08
5934.848628764193 7 1.69011e-07
5935.602338395561 8 5.93261e-08
5937.144870807352 11 8.11072e-08
5937.985764184118 4 5.80059e-08
5939.570657023207 5 2.03922e-07
5942.944871083632 11 2.37396e-08
5943.785764212578 4 6.80107e-08
5946.820657058767 5 3.48554e-07
5948.74487066316 11 2.8167e-07
5955.20759283808 3 1.72956e-07
5960.857593084937 3 5.2596e-08
5971.807592626817 3 2.70368e-06
5982.257592877441 3 2.793e-07
5988.48576409375 4 4.16589e-08
5988.644870942759 11 1.0645e-07
5990.805401577939 6 8.94776e-08
5990.852338328073 8 5.6919e-08
5990.898628654795 7 1.11227e-07
5991.426836676811 2 1.74667e-07
5996.698628857319 7 3.45364e-08
5997.485764130316 4 7.28047e-08
5997.576837040558 2 3.5859e-08
6001.4054016086 6 1.37663e-07
6002.252338313301 8 1.06051e-07
6002.348628968821 7 9.37586e-08
6005.776836945723 2 6.89313e-08
6007.20540161449 6 1.86522e-07
6008.05233865145 8 2.266e-08
6008.148628765532 7 1.94571e-07
6011.426837111705 2 3.95942e-08
6012.855401268271 6 7.54153e-07
6013.852338283467 8 4.64752e-09
6018.294871010763 11 4.71406e-08
6019.135764061564 4 8.99825e-08
6019.898628823725 7 7.45604e-08
6020.776836869716 2 4.30085e-08
6021.405401493054 6 2.0602e-07
6021.602338184534 8 1.49256e-07
6025.548628630234 7 2.29758e-07
6026.426836913323 2 1.03077e-07
6027.205401653449 6 3.61422e-08
6027.252338403346 8 6.63635e-08
6028.785764305387 4 2.47962e-08
6031.198628793806 7 9.19351e-08
6032.74487113524 11 3.04516e-08
6033.005401737672 6 6.07794e-08
6034.435763903469 4 3.32952e-07
6040.235764078894 4 2.84744e-08
6040.944871011237 11 4.14829e-08
6043.126836779455 2 2.11424e-07
6043.248628575743 7 1.30757e-07
6043.305401751577 6 3.89997e-08
6043.802338596192 8 2.02572e-08
6046.535764177003 4 2.55155e-08
6048.926836763256 2 2.49971e-07
6049.048628856177 7 9.79127e-09
6049.105401731643 6 3.20515e-08
6049.452338594611 8 2.80736e-08
6054.905401469968 6 1.98269e-07
6055.103337359064 8 3.62901e-08
6058.698628734614 7 2.08688e-07
6058.726836736321 2 1.15282e-07
6065.485763835321 4 2.33643e-07
6070.098628896473 7 5.86497e-08
6071.285764018889 4 1.59276e-07
6076.935763742398 4 1.12812e-06
6082.585763934971 4 5.44925e-08
6083.894870761847 11 3.34628e-07
6085.420657290365 5 6.67742e-08
6092.707593123096 3 4.05137e-08
6100.107592828883 3 1.04384e-07
6108.007592870728 3 1.5431e-07
6130.457593167108 3 3.73346e-08
6137.620656884349 5 9.61595e-07
6139.144870707253 11 8.60831e-07
6142.305401664841 6 6.46657e-08
6142.352338472815 8 9.51511e-08
6143.926836975882 2 7.61219e-08
6144.698628938275 7 6.25031e-08
6145.744870751726 11 1.29164e-07
6148.105842554031 6 1.28352e-07
6148.152338310394 8 1.35959e-07
6151.394870870986 11 1.95243e-07
6157.194870814994 11 2.47584e-07
6159.270657119849 5 9.89734e-08
6163.935764087982 4 5.84725e-08
6164.444870826165 11 1.32043e-07
6169.870657011544 5 4.35225e-07
6170.244871125595 11 4.19033e-08
6174.407592943136 3 1.53185e-07
6179.185763993666 4 1.09069e-07
6180.044871148963 11 6.5254e-08
6180.748628882959 7 9.8456e-08
6183.976836682323 2 3.88273e-07
6184.305401476145 6 6.2891e-08
6184.352338232979 8 6.48667e-08
6190.905401489473 6 1.73071e-07
6191.37683681818 2 2.78961e-07
6191.602338060872 8 2.76389e-07
6192.148628741551 7 4.00362e-08
6196.705401203057 6 1.9003e-06
6197.026836919287 2 4.36616e-08
6197.252338055555 8 4.87195e-07
6197.798628933135 7 8.22624e-08
6200.094871015914 11 4.77965e-08
6200.835764068046 4 4.32787e-08
6202.67683673157 2 3.17892e-07
6203.052338067538 8 9.65303e-07
6203.305401227608 6 3.1743e-06
6203.448628745848 7 1.76306e-07
6206.544870891577 11 2.51573e-08
6208.820657274232 5 5.60941e-08
6212.344870859083 11 4.55643e-08
6215.420657026729 5 1.19893e-07
6217.994870978211 11 1.10102e-07
6218.485764128702 4 3.00836e-08
6226.307592901561 3 4.97789e-08
6234.057592703518 3 3.1322e-07
6239.470657204279 5 4.64225e-08
6240.294871015949 11 1.75297e-08
6244.05233829049 8 5.35535e-08
6244.298628707295 7 1.61753e-07
6244.305401630524 6 1.35819e-07
6244.976837162042 2 2.44255e-08
6245.885763944774 4 1.71194e-07
6249.85233834452 8 1.93347e-07
6250.09862848691 7 1.82077e-06
6250.776836926426 2 7.02213e-08
6250.90540181754 6 3.28577e-09
6252.485763893643 4 7.02514e-08
6258.148628675011 7 4.14901e-08
6258.976836624335 2 8.33624e-07
6259.652338191963 8 3.15531e-07
6259.755401409363 6 2.23176e-07
6265.398628565731 7 3.72135e-07
6265.405401460755 6 1.47914e-07
6265.426836588884 2 5.98166e-07
6265.452338223482 8 1.2415e-07
6271.198629208687 7 3.68144e-08
6271.205401593005 6 1.15668e-07
6271.252338417271 8 2.17753e-08
6274.894871227839 11 3.17671e-08
6275.726836803541 2 1.57366e-07
6276.998628493353 7 1.21896e-06
6277.005401704812 6 5.14884e-08
6277.05233845973 8 5.11845e-08
6281.376836773058 2 1.90638e-07
6282.798628596322 7 6.08099e-07
6282.805401377244 6 3.28847e-07
6282.85233813313 8 3.3931e-07
6286.785763880431 4 1.2465e-07
6289.270657227054 5 3.55309e-08
6289.344870883306 11 6.41483e-08
6291.894326539612 9 4.48985e-08
6295.070657371062 5 4.71899e-08
6295.144870705019 11 4.77204e-07
6296.58576396937 4 1.23484e-07
6300.870657500173 5 5.13868e-08
6307.907592927941 3 9.58741e-08
6312.644871026535 11 6.3111e-09
6313.570657036642 5 5.23424e-08
6316.594326598371 9 4.7432e-08
6319.220656942604 5 6.73826e-07
6320.04487076835 11 5.60522e-08
6324.742808444341 10 1.85202e-08
6327.270657181349 5 1.2288e-07
6328.794326819384 9 2.17766e-08
6331.842808224503 10 5.59026e-07
6334.370657292946 5 6.67701e-08
6334.594326715611 9 5.43711e-08
6337.642808653456 10 6.36221e-08
6342.27065712179 5 1.11184e-07
6344.59432669025 9 5.55737e-08
6346.342808545891 10 9.58834e-08
6348.070656895404 5 3.39422e-07
6349.394870626012 11 2.73952e-06
6351.798628779102 7 5.70833e-08
6352.605401699623 6 8.1692e-08
6352.626837117907 2 3.42347e-08
6352.652338457912 8 3.83857e-08
6355.044871126327 11 1.30602e-08
6355.835763619528 4 1.06497e-05
6358.248628676901 7 1.1727e-07
6358.426836898717 2 6.26032e-08
6358.452338286008 8 1.26681e-07
6359.055401354847 6 4.36389e-07
6363.885763659045 4 1.52999e-06
6366.298628672316 7 1.77719e-07
6366.626836936387 2 8.76166e-08
6366.652338597101 8 3.77977e-08
6371.105401401723 6 2.7347e-07
6371.948628812893 7 9.8867e-08
6372.426836961038 2 2.36842e-08
6372.452338077021 8 4.73466e-07
6375.135763825405 4 2.13672e-07
6380.785763635421 4 7.36228e-06
6383.026837038756 2 1.63821e-08
6383.198628815525 7 8.02269e-08
6383.852338357448 8 7.64044e-08
6383.955401584437 6 9.1087e-08
6384.69487130082 11 2.22029e-08
6388.826836977143 2 1.05167e-07
6389.605401631586 6 5.37164e-08
6389.648629047676 7 6.66665e-08
6389.652698450293 8 3.28459e-08
6394.476836694301 2 2.64706e-07
6395.405401267902 6 6.26431e-07
6395.448628687707 7 2.79433e-07
6395.452338037786 8 1.49001e-06
6398.285764012647 4 1.37074e-07
6403.935764211301 4 2.7574e-08
6408.594871004645 11 1.44013e-07
6409.585763810132 4 3.97775e-07
6414.048628856188 7 6.50742e-08
6415.235764114887 4 5.39865e-08
6418.076836926587 2 9.48895e-08
6419.848628925732 7 3.7919e-08
6421.205401483075 6 1.91644e-07
6422.052338251883 8 2.65032e-07
6423.876837097721 2 3.74396e-08
6425.535763909796 4 5.67463e-08
6427.044871387534 11 2.35354e-08
6427.098628784495 7 2.59826e-07
6427.852338424744 8 4.56601e-08
6428.605401751362 6 6.73748e-08
6429.526837184334 2 7.58511e-09
6431.185763698072 4 1.39729e-06
6442.435763922447 4 9.65342e-08
6448.085763944316 4 1.06116e-07
6450.444871008471 11 4.25074e-08
6452.005401508489 6 1.27379e-07
6452.052338264608 8 7.76099e-08
6452.748628966475 7 5.04813e-08
6455.820657047961 5 1.87272e-07
6456.094871093161 11 4.48764e-08
6458.235764053356 4 6.16313e-08
6463.494870922808 11 1.00824e-07
6464.035764065592 4 7.18055e-08
6469.144871101676 11 4.91118e-08
6469.835764002117 4 9.9455e-08
6498.794871072034 11 6.56984e-08
6499.635763732993 4 9.86055e-07
6501.748628762902 7 1.24653e-07
6502.72683698379 2 4.13985e-08
6505.285764085783 4 6.63852e-08
6510.935764241848 4 2.29187e-08
6522.035763866479 4 1.30818e-07
6526.044870752191 11 3.74256e-07
6527.570657459906 5 9.87805e-09
6532.335764041999 4 7.67898e-08
6533.144870945068 11 5.66102e-08
6538.135764413376 4 1.95766e-08
6538.748628561859 7 2.18408e-07
6538.776836717853 2 2.22757e-07
6539.405401494105 6 1.07541e-07
6540.252338116117 8 9.64457e-08
6544.548628668955 7 1.25996e-07
6544.576836835377 2 5.27915e-08
6545.205401431553 6 1.96839e-07
6546.052338468122 8 4.40121e-08
6550.348628781613 7 9.12018e-08
6550.376836987626 2 4.65224e-08
6550.835764322872 4 3.17907e-08
6551.702338513344 8 4.59127e-08
6556.148629039014 7 5.8606e-08
6557.285763823672 4 4.46095e-07
6557.99487137582 11 2.75704e-08
6571.735763683385 4 1.81416e-06
6578.335764029046 4 8.82117e-08
6583.985763984588 4 3.14045e-08
6585.394870805503 11 1.27134e-07
6589.502338180849 8 5.21055e-08
6589.905401300359 6 4.78448e-07
6590.126836954039 2 3.04467e-08
6590.748628926231 7 6.27731e-08
6595.302338284279 8 9.08252e-08
6595.705401609289 6 7.56684e-08
6595.926837148215 2 2.57517e-08
6596.398628886092 7 6.25221e-08
6598.435764038634 4 8.87755e-08
6607.435763640038 4 4.02409e-06
6613.235763848589 4 1.9711e-07
6616.59862882129 7 1.3564e-07
6616.626836900613 2 9.1708e-08
6618.955401471636 6 2.25788e-07
6619.052338236108 8 8.94928e-08
6623.226837022654 2 2.44006e-08
6626.24862854027 7 6.49505e-07
6626.355401489192 6 2.0725e-07
6626.452338241017 8 1.58044e-07
6629.376836908578 2 8.3357e-08
6632.048628672869 7 4.8436e-07
6632.155401238178 6 6.50815e-07
6632.252337964093 8 2.83138e-06
6636.494870748031 11 1.87099e-07
6638.052338319269 8 1.05788e-07
6638.648628606573 7 3.96732e-07
6638.755401491271 6 2.54037e-08
6638.876836755263 2 1.23688e-07
6641.935764085197 4 7.07505e-08
6644.394871064581 11 3.50227e-08
6644.44862899861 7 7.04502e-08
6645.15233825804 8 1.57369e-07
6645.355401428091 6 1.86473e-07
6647.12683705997 2 3.82002e-08
6650.248628487243 7 3.19673e-06
6650.952338353711 8 9.3793e-08
6651.005401584584 6 4.36404e-08
6652.776836806701 2 9.43169e-08
6655.898628920085 7 1.48004e-07
6656.385763997469 4 1.16487e-07
6657.244870887177 11 2.09554e-07
6662.035764345117 4 2.96602e-08
6663.044871181768 11 2.82851e-08
6664.098629039824 7 9.26653e-08
6667.152338261395 8 1.83479e-07
6668.005401236525 6 1.14548e-06
6670.444870904328 11 7.53338e-08
6671.535763962801 4 1.51796e-07
6674.82065740311 5 2.70984e-08
6677.942808302062 10 1.61494e-07
6682.607593081966 3 6.26509e-08
6685.342808352575 10 1.24208e-07
6689.207592837698 3 2.11163e-07
6693.242808268838 10 2.63234e-07
6698.892808377486 10 9.22898e-08
6706.142808277363 10 2.35728e-07
6708.457593094787 3 5.5646e-08
6711.792808647007 10 3.66355e-08
6715.557592602534 3 2.13125e-06
6719.542808358519 10 1.08276e-07
6725.192808580233 10 8.11741e-08
6728.257592829219 3 1.85071e-07
6733.892808498176 10 8.6281e-08
6737.10759318136 3 2.54004e-08
6741.942808418566 10 7.52159e-08
6744.35759286895 3 1.33256e-07
6747.59280874096 10 7.43861e-08
6749.120657477002 5 1.67716e-08
6751.585763796514 4 1.59122e-07
6753.898628732093 7 1.47719e-07
6754.552338094213 8 5.59794e-07
6754.605401305435 6 5.88871e-07
6754.776836888455 2 9.58245e-08
6759.548629026489 7 3.18236e-08
6760.352338291236 8 1.1618e-07
6760.405401414843 6 3.4308e-07
6762.026837026339 2 3.35838e-08
6764.285763924718 4 1.82263e-07
6765.998628871022 7 6.1404e-08
6767.826836784433 2 1.58616e-07
6769.352338135737 8 2.15914e-07
6769.405401309087 6 4.85861e-07
6774.644870814789 11 6.82491e-08
6776.335764032509 4 4.62927e-08
6777.898628771454 7 8.18903e-08
6782.135763812099 4 2.26579e-07
6790.335764188251 4 2.86167e-08
6796.135763942069 4 1.70677e-07
6801.935763948404 4 1.4003e-07
6809.335763793293 4 3.37851e-07
6815.135763908692 4 2.60297e-07
6816.348628961869 7 5.1232e-08
6820.935764250619 4 1.83854e-08
6821.605401451167 6 1.19769e-07
6821.998628749043 7 4.12355e-08
6822.326836839927 2 1.49793e-07
6822.352338108669 8 4.34176e-07
6827.648628888965 7 6.85675e-08
6828.126836991922 2 6.10073e-08
6828.152338139089 8 4.54819e-07
6828.205401278489 6 5.47283e-07
6833.135764258193 4 6.77769e-09
6833.298628640577 7 3.16133e-07
6833.926836748921 2 9.90954e-08
6834.752338354465 8 3.9375e-08
6835.605401385811 6 2.71064e-07
6840.552338337542 8 5.04734e-08
6841.326836733051 2 2.67179e-07
6841.348628782727 7 7.62097e-08
6841.405401634416 6 1.59236e-07
6847.126836576243 2 1.81523e-06
6847.148628419013 7 3.91569e-06
6847.205401529237 6 2.21531e-07
6847.652338239548 8 1.19039e-07
6852.926836820205 2 1.9827e-07
6852.948628589943 7 2.33888e-07
6853.005401591727 6 1.01815e-07
6853.302338445383 8 4.55404e-08
6854.785764022535 4 1.30859e-07
6858.7268367544 2 2.20229e-07
6858.748628572407 7 2.43629e-07
6859.602338298618 8 9.24733e-08
6859.605401535354 6 1.59209e-07
6864.526836514455 2 8.20841e-06
6864.548628575999 7 3.27927e-07
6865.402338329342 8 1.17571e-07
6865.405401579626 6 1.00261e-07
6870.326836944686 2 8.85278e-08
6871.948628838085 7 1.19447e-07
6872.00233810895 8 6.43059e-07
6872.005401286208 6 9.27674e-07
6875.976836723156 2 6.05366e-08
6877.74862866413 7 3.65809e-07
6877.802338627567 8 2.17898e-08
6881.626836752681 2 5.83463e-08
6883.548628700562 7 3.09223e-07
6883.602338374773 8 6.49508e-08
6883.605401622869 6 1.08355e-07
6887.426836724223 2 2.49584e-07
6889.348628936519 7 3.29031e-08
6889.402338488965 8 1.90908e-08
6889.405401725562 6 4.34997e-08
6890.044870877844 11 7.08046e-08
6892.285764146388 4 2.66713e-08
6893.970657107816 5 2.44692e-07
6897.157592834612 3 1.56312e-07
6902.957593184024 3 1.34557e-07
6907.042808291974 10 3.00236e-07
6911.807592627261 3 1.81819e-06
6921.607593069858 3 4.70546e-08
6924.570657166875 5 1.01298e-07
6924.644870965456 11 7.14389e-08
6930.344326635478 9 5.02984e-08
6930.370657304175 5 8.14693e-08
6931.892808496156 10 5.9829e-08
6936.144326759123 9 1.62678e-08
6936.170657078177 5 1.78864e-07
6937.644870886872 11 1.31523e-07
6941.970657083348 5 3.86941e-08
6943.444870881312 11 1.34919e-07
6944.835764208375 4 2.03267e-08
6949.548628776535 7 4.75197e-08
6949.602338130373 8 3.54975e-07
6949.605401368077 6 2.87045e-07
6950.376836927274 2 5.20491e-08
6953.035764092744 4 2.44684e-08
6955.348629248596 7 2.64617e-08
6958.57683702205 2 3.43799e-08
6958.685764105466 4 5.25137e-08
6960.144870992202 11 5.58528e-08
6964.198628850855 7 7.43801e-09
6964.376837102558 2 2.04187e-08
6964.986196022523 4 6.23776e-08
6970.635763779277 4 7.72451e-08
6974.648628658967 7 3.40129e-07
6975.405401477728 6 2.72237e-07
6975.476836763225 2 3.06028e-08
6976.20233808047 8 9.01466e-07
6980.298628916107 7 5.46272e-08
6981.205401310224 6 9.40874e-07
6981.27683691447 2 6.9353e-08
6981.852338089518 8 1.20689e-06
6984.935763994704 4 6.64532e-08
6984.994871211672 11 4.26859e-08
6992.942808458928 10 1.30842e-07
6997.757592651178 3 5.01478e-07
7000.992808521583 10 7.05176e-08
7006.642808514829 10 1.08886e-07
7012.857593230962 3 4.05704e-08
7013.092808585641 10 3.21505e-08
7020.257592962344 3 1.52857e-07
7040.12065721251 5 5.77342e-08
7040.89487087618 11 7.11836e-08
7047.235764296729 4 1.15419e-08
7047.345211812709 11 3.73557e-07
7050.402338376238 8 6.14134e-08
7051.005401653182 6 5.80158e-08
7051.248629125888 7 1.92945e-08
7052.994871145946 11 5.41529e-09
7055.076837061379 2 5.16581e-08
7056.085763790938 4 2.84492e-07
7072.057592749042 3 2.12472e-07
7088.107592656018 3 1.27563e-06
7093.620657382922 5 1.42702e-07
7093.694870698218 11 9.5079e-07
7096.805401763365 6 4.36211e-08
7096.852338532902 8 3.86855e-08
7096.876837288771 2 2.31772e-08
7096.898629066722 7 8.68757e-08
7099.494871053927 11 1.35119e-08
7100.785764115228 4 6.64881e-08
7105.098628673094 7 2.56984e-07
7105.805401301974 6 1.22447e-06
7105.852338051319 8 7.88019e-07
7105.876836797836 2 3.90216e-08
7111.652338622074 8 4.79844e-08
7112.194870793005 11 3.76276e-07
7114.076837136171 2 9.0968e-09
7114.585764160003 4 5.91615e-08
7114.59862875732 7 1.56201e-07
7116.90540175851 6 2.35747e-08
7117.302338592957 8 3.41792e-08
7119.726836528017 2 2.94137e-06
7120.39862840393 7 4.24116e-05
7123.102338091988 8 2.90122e-07
7123.355401267562 6 1.41494e-07
7128.902338091263 8 4.79868e-07
7129.005401254197 6 5.12608e-07
7129.526837096315 2 4.4734e-08
7130.048628984742 7 5.43178e-08
7132.885763992462 4 6.0071e-08
7134.494870879335 11 1.21591e-07
7136.070657178766 5 5.95289e-08
7139.244326692478 9 2.99782e-08
7140.842808651905 10 7.81342e-08
7141.870657010131 5 6.0544e-07
7147.494870812555 11 6.04945e-08
7147.520657138946 5 4.5686e-08
7150.644326782356 9 3.53504e-08
7156.444326491558 9 2.16901e-08
7160.494870988952 11 4.32197e-08
7160.520657305952 5 4.65902e-08
7165.144326372871 9 1.54308e-07
7176.720657333786 5 4.96179e-08
7177.044326384119 9 9.68493e-08
7184.394870960324 11 1.43546e-08
7185.720657253756 5 4.54238e-08
7185.894326473762 9 5.17305e-08
7192.494326585083 9 5.93878e-08
7193.120657160375 5 1.08945e-07
7194.044870783923 11 2.29072e-07
7199.492808345566 10 1.04931e-07
