8.157164877572 9 1.5307e-07
12.888886370686 6 4.6174e-08
15.261308789789 3 1.45801e-07
18.688886227075 6 1.32556e-07
21.861308663987 3 2.49891e-07
24.338886367131 6 1.43734e-07
26.607165063477 9 4.89602e-08
29.063433332643 7 8.28434e-08
29.774013708482 10 1.08076e-07
33.761308840914 3 9.55933e-08
37.113433334126 7 8.49784e-08
37.174013856741 10 2.3722e-08
38.638886395305 6 5.77194e-08
43.411308532671 3 8.67127e-07
44.43888653844 6 1.95459e-08
65.288886593343 6 1.1721e-08
69.707164742096 9 1.26191e-06
70.547703096317 11 2.41131e-07
72.474332887543 4 2.06285e-07
76.197702899773 11 1.67308e-06
76.657164926785 9 1.34434e-07
82.913883512263 7 4.30846e-08
86.957165198391 9 4.05582e-08
94.163433060317 7 1.39415e-06
94.174013709424 10 1.32043e-07
98.938886478879 6 1.26755e-07
101.407165103955 9 1.10209e-07
108.76343311869 7 9.11146e-07
109.574013655619 10 5.37428e-09
114.41343322601 7 3.75159e-07
115.224013692375 10 2.15369e-07
120.063433382388 7 1.59082e-07
121.67401359729 10 1.57978e-07
125.863433277785 7 2.3324e-07
127.324013803043 10 8.7666e-08
128.832288410398 2 1.63156e-07
135.432288414531 2 1.6575e-08
142.03228828602 2 1.02376e-07
147.832288447734 2 1.1087e-07
153.632288628493 2 2.35165e-08
159.432288298896 2 1.19564e-07
166.832288173314 2 4.98874e-07
172.48228813418 2 1.12393e-06
180.313433327523 7 1.30004e-07
180.324013736579 10 6.36496e-09
183.635791002604 5 1.2007e-07
190.085791051446 5 7.18242e-08
197.988698859099 8 3.33679e-08
198.135791069623 5 4.65001e-08
203.788698509711 8 8.49938e-07
205.385790942921 5 9.45253e-08
209.438698885436 8 2.68264e-08
212.485790842406 5 4.08891e-07
215.088698427512 8 2.79436e-06
218.135791195762 5 4.98429e-08
220.738698693614 8 1.23506e-07
227.838698968331 8 6.84927e-08
232.585791177097 5 4.4202e-08
233.48869863746 8 1.32417e-07
239.13869876279 8 3.89588e-08
244.788698484673 8 6.71434e-07
250.438698866574 8 4.67373e-08
256.23869869132 8 1.98365e-07
262.038698633791 8 1.01823e-07
267.688698859427 8 2.91728e-08
273.33869841613 8 4.11042e-06
277.285790780432 5 3.36026e-07
278.988698844562 8 4.01347e-08
282.935790994244 5 4.31868e-08
284.638698565657 8 2.7228e-07
290.288699058282 8 1.16029e-08
301.385790978988 5 6.48396e-08
307.035791295444 5 5.0567e-08
309.957164935101 9 1.35713e-07
313.238886390999 6 6.14443e-08
314.113433434916 7 1.39399e-07
314.861309142175 3 3.66355e-08
318.80716518245 9 6.9718e-08
326.207164998982 9 8.6825e-08
326.797703540051 11 2.24947e-08
332.597703239467 11 1.17704e-07
337.288886474094 6 6.60755e-08
339.057165028003 9 9.32178e-08
347.907164801607 9 4.3929e-07
354.207164933742 9 1.44045e-07
356.648031178942 11 5.99031e-08
359.857165016206 9 1.38526e-07
367.735791212157 5 2.37001e-08
382.038698907875 8 4.47478e-08
386.985791307567 5 2.87453e-08
387.838699000099 8 6.96094e-09
394.235790980434 5 1.21367e-07
394.288698859101 8 4.64132e-08
400.035791326271 5 3.43646e-08
400.08869877706 8 3.26483e-08
408.557164969293 9 1.67503e-07
412.547703249336 11 4.64071e-08
414.207164853725 9 2.42349e-07
420.74770311776 11 4.2267e-08
420.774332789459 4 1.83029e-07
423.857164881553 9 1.05801e-07
426.547703221948 11 5.35876e-08
426.574333086349 4 3.05239e-08
433.947703123299 11 1.29329e-07
434.157165078335 9 1.43038e-07
435.424333157681 4 9.79873e-08
439.597703185717 11 5.59559e-08
439.807164870485 9 4.81533e-07
445.457164888333 9 2.95871e-07
446.847703544698 11 1.44763e-08
451.107164906027 9 1.75062e-07
455.738886399307 6 6.88895e-08
459.80716477443 9 5.22536e-07
459.847703233729 11 4.10913e-08
465.374332961795 4 4.19024e-08
465.647703217066 11 1.14043e-08
467.707164959233 9 2.25295e-07
471.9477032385 11 8.04414e-08
473.507165390943 9 7.29125e-08
475.674332877038 4 9.58356e-08
477.597703024687 11 1.71941e-07
481.474332874008 4 1.82768e-08
483.007165071655 9 9.95855e-08
483.397703317254 11 7.35349e-08
490.163433090325 7 7.36211e-07
490.924013683633 10 8.84225e-08
495.813433556772 7 2.62308e-08
498.111308755918 3 2.34905e-07
500.724013686699 10 8.14405e-08
501.613433127007 7 7.05919e-07
508.182288437897 2 7.58823e-08
508.924013696458 10 8.9934e-08
509.81343319637 7 1.803e-07
512.588886451745 6 5.79475e-08
514.724013899241 10 4.67554e-08
520.413433048067 7 1.61096e-06
520.524013559462 10 3.72871e-07
526.174013769543 10 5.26357e-08
526.213433093727 7 4.64025e-07
532.411308963658 3 2.92551e-08
534.374013575521 10 4.3129e-07
534.41343325053 7 2.42859e-07
540.174013972862 10 1.42245e-08
541.813433370188 7 1.49674e-07
543.538886542491 6 6.58679e-08
545.974013714642 10 1.21755e-07
549.98228830594 2 1.54726e-07
552.42401376469 10 7.26059e-08
555.632288526947 2 7.14e-08
562.082288481879 2 5.18859e-08
567.732288590926 2 4.34102e-08
573.382288275757 2 1.05894e-07
575.674013801473 10 6.23599e-08
579.03228840006 2 1.49352e-07
584.682288518854 2 5.30221e-08
587.574013916421 10 6.44771e-08
590.013433431289 7 8.50429e-08
593.224013512994 10 9.86791e-07
595.663433438885 7 6.3437e-08
598.71130901128 3 1.12489e-08
602.07401407058 10 1.11455e-08
602.789099498905 6 3.13296e-08
606.73228863883 2 5.91638e-08
607.563433310634 7 9.8999e-08
607.724013702156 10 2.90148e-08
613.21343323277 7 1.04892e-07
613.374013449719 10 1.83465e-06
618.863433003722 7 3.43062e-06
619.024013638858 10 1.08362e-07
625.157164793415 9 3.55941e-07
626.497703154572 11 6.12723e-08
628.324332964102 4 6.42477e-08
630.957165194015 9 6.33873e-08
632.438886350793 6 1.669e-07
634.961308786701 3 8.70194e-08
638.238886427891 6 5.47527e-08
643.80716496101 9 2.03189e-07
644.147703142454 11 1.39679e-07
649.488886342031 6 9.1256e-08
651.811308545431 3 2.16906e-06
655.288886283316 6 5.92649e-08
657.611308962779 3 4.13213e-08
661.088886714743 6 5.15388e-09
664.507165137608 9 1.11152e-07
674.088886089555 6 2.82198e-07
675.761308623942 3 3.03464e-07
679.738886434885 6 1.26235e-07
681.411308883652 3 4.41593e-08
685.38888629024 6 9.31298e-08
687.861308640138 3 1.76772e-07
691.038886262862 6 2.8658e-07
693.511308816964 3 7.56143e-08
696.838886343243 6 8.02821e-08
699.161309217251 3 4.54109e-08
702.638886307947 6 3.67741e-07
704.961308749871 3 3.88518e-08
708.438886422046 6 4.4861e-08
711.261308784533 3 6.63907e-08
714.238886476458 6 3.52874e-08
716.911308842939 3 1.33917e-07
719.888886058316 6 1.7796e-06
726.635791024682 5 4.53265e-08
734.035791054766 5 8.36033e-08
739.835791320752 5 2.89345e-08
745.485790982417 5 3.40208e-08
751.13579106187 5 6.12253e-08
756.785790938568 5 1.31805e-07
762.913433605043 7 8.97488e-08
765.357165163415 9 4.41677e-08
767.789237236734 6 1.00616e-06
769.311308830185 3 1.23332e-07
773.588886364162 6 9.34637e-08
774.961308835128 3 1.08431e-07
779.238886514391 6 7.03791e-08
783.811308801127 3 1.45798e-07
784.88888633389 6 1.22242e-07
790.53888660345 6 4.16286e-08
796.338886624192 6 5.042e-08
799.763433354419 7 1.0773e-07
800.524013881372 10 8.31929e-08
805.413433334917 7 1.26512e-07
806.174013802765 10 8.59768e-08
810.557165026804 9 1.77079e-07
816.038698649532 8 2.37451e-07
821.838698812446 8 7.51924e-08
822.335790878252 5 1.69532e-07
829.888698580801 8 4.06964e-07
837.788698649681 8 4.86511e-08
839.9857907808 5 4.83038e-07
843.438698807466 8 4.68603e-08
846.435791030176 5 9.29311e-08
849.088698660922 8 1.1705e-07
854.888698535974 8 1.89585e-07
863.088698748526 8 1.06522e-07
864.885790884381 5 2.82295e-07
868.888698631296 8 2.3898e-08
871.33579102594 5 3.96556e-08
874.538698727729 8 4.29317e-08
879.235790800409 5 3.6937e-07
880.18869912792 8 2.56051e-08
884.885791350741 5 5.9105e-08
885.838698962297 8 1.89214e-08
891.488698632774 8 5.23941e-08
894.385791051464 5 2.36864e-08
897.638698761379 8 8.29284e-08
903.288698690351 8 7.32897e-08
911.338698759561 8 6.88988e-08
917.138698632307 8 4.60739e-08
922.788698744837 8 9.97035e-08
928.438698601238 8 3.38408e-07
929.635790954744 5 4.37128e-08
938.788886763327 6 4.04363e-08
944.057164984374 9 8.02899e-08
949.707165288359 9 6.09719e-08
950.539345581597 6 5.16643e-08
956.038698767515 8 7.50371e-08
963.288698748412 8 8.06031e-08
968.938698927309 8 1.49225e-08
974.588698702051 8 8.66887e-08
975.935790927723 5 2.05796e-07
980.238698726226 8 8.36647e-08
985.888698828735 8 5.69701e-08
992.038698834446 8 4.23825e-08
997.688698765215 8 1.55527e-07
999.185791201537 5 4.60267e-08
1003.338698676006 8 2.37858e-07
1008.988698606744 8 1.16978e-07
1009.635791060827 5 7.84085e-08
1014.638698768417 8 1.63062e-07
1015.285791281038 5 2.52838e-08
1020.288698818153 8 5.19184e-08
1025.938698683775 8 9.94648e-08
1027.185791419121 5 2.22411e-08
1031.588698843974 8 7.8235e-08
1037.738698635926 8 1.74317e-07
1046.438698622686 8 1.05372e-07
1048.835791298343 5 4.22509e-08
1052.088698882816 8 1.11985e-08
1057.685791045478 5 1.10222e-07
1057.738698812271 8 3.08512e-08
1063.538699040621 8 2.25685e-08
1069.188698896404 8 4.21148e-08
1073.585791151221 5 2.9154e-08
1074.83869853118 8 5.47232e-07
1080.638698445381 8 9.28116e-07
1090.43869873113 8 6.01992e-08
1097.688698771368 8 6.80539e-08
1103.338698559106 8 3.08353e-07
1105.63579083357 5 2.25329e-07
1108.988698608709 8 1.49548e-07
1114.413433269084 7 9.02227e-08
1115.174013690552 10 1.05616e-07
1117.58228822392 2 1.28991e-07
1123.232288236137 2 2.19814e-07
1124.824013986886 10 4.88606e-08
1128.882288301871 2 2.04892e-07
1132.874014122178 10 2.88875e-08
1134.532288066557 2 1.28884e-06
1140.182288121775 2 3.12584e-07
1144.063433276614 7 4.90078e-07
1144.124013754046 10 9.61433e-08
1153.924013912517 10 3.19889e-08
1159.463433312693 7 1.17759e-07
1159.574013738993 10 8.40477e-08
1164.838886746528 6 8.9832e-09
1165.22401357245 10 3.31917e-07
1165.263433036402 7 3.73986e-06
1171.024013559431 10 9.71938e-08
1171.06343301887 7 3.68464e-06
1177.624013671102 10 1.29371e-07
1177.66343347123 7 1.81072e-08
1183.424013744558 10 5.81654e-08
1183.463433264579 7 2.19648e-07
1197.60716490888 9 9.58856e-08
1199.248801379703 11 1.33417e-08
1203.257165190536 9 7.6263e-08
1209.057164903465 9 1.79526e-07
1209.847703117993 11 1.52116e-07
1210.474333175091 4 2.55678e-08
1215.6477031723 11 8.77745e-08
1215.657164810966 9 2.74777e-07
1219.174333157757 4 1.74092e-08
1223.858262900266 9 1.93771e-07
1229.658262814087 9 1.65461e-07
1235.307164963901 9 1.75207e-07
1244.497703168302 11 1.00345e-07
1244.95716508452 9 1.31937e-07
1246.474332904506 4 1.2314e-07
1250.147702996687 11 3.20589e-07
1252.207165187107 9 3.46926e-08
1255.947703460344 11 6.94571e-09
1258.007164742959 9 7.08389e-07
1262.54770311132 11 6.68535e-08
1262.724333268325 4 6.59491e-08
1263.657164754779 9 7.68772e-08
1268.347702896297 11 8.69507e-07
1268.374333109356 4 1.30947e-08
1269.307165145996 9 1.03739e-07
1274.957165226193 9 6.6172e-08
1278.488886443192 6 5.16696e-08
1281.997703059266 11 2.21618e-07
1282.357165090152 9 1.05669e-07
1283.174332985035 4 3.45444e-08
1288.157165164069 9 8.61394e-08
1293.588886529364 6 1.64248e-08
1294.863433193784 7 3.35964e-07
1295.62401356138 10 2.87041e-07
1302.613433434762 7 1.13293e-07
1305.124013619221 10 1.2168e-07
1308.263433332031 7 4.92551e-08
1310.774013546279 10 2.01783e-07
1313.913433350177 7 1.11383e-07
1316.424013957956 10 4.02288e-08
1316.989219557421 6 2.3081e-08
1319.407164889563 9 4.33334e-07
1325.207164898747 9 1.32009e-07
1329.747703049677 11 7.19899e-08
1333.90716488302 9 8.64297e-08
1335.547703286318 11 3.84855e-08
1339.557164881909 9 1.97373e-07
1342.638886390178 6 4.18849e-08
1344.063433436452 7 6.97756e-08
1347.374013753628 10 8.60937e-08
1349.682288318787 2 5.05244e-08
1359.482288280496 2 2.46046e-07
1361.824013811468 10 9.11178e-08
1365.132288485358 2 3.24547e-08
1367.474014067936 10 2.44968e-08
1374.632288387237 2 1.45502e-07
1380.282288667314 2 2.85187e-08
1380.974013769125 10 8.90719e-08
1381.713433298219 7 9.86156e-08
1386.624013663617 10 6.44487e-08
1387.363433356366 7 8.22791e-08
1389.782288475122 2 3.7853e-08
1392.924013810351 10 1.82998e-08
1393.813510588656 7 1.83137e-07
1401.707165008651 9 9.14072e-08
1407.507165140404 9 9.54993e-08
1409.863433218124 7 1.97946e-07
1410.574013667895 10 1.14596e-07
1415.513433350648 7 1.4406e-07
1416.93888660566 6 4.80876e-08
1417.824013880816 10 4.04518e-08
1424.05716482001 9 3.5791e-07
1425.697703156246 11 9.4736e-08
1430.574332850421 4 9.83421e-08
1431.497703311287 11 5.74215e-08
1434.507164730129 9 8.09574e-07
1440.085790886486 5 1.31965e-07
1444.957165187984 9 4.00848e-08
1447.263433276263 7 1.59466e-07
1448.274013657323 10 2.00902e-07
1453.063433219286 7 5.87684e-07
1453.924013914321 10 1.8854e-08
1459.363433203822 7 1.77217e-07
1459.57401341096 10 2.08579e-06
1468.189273475693 6 9.08231e-08
1471.407165214045 9 4.25781e-08
1480.088698756776 8 1.18896e-07
1485.888698974067 8 1.57803e-08
1486.535791136388 5 3.88114e-08
1491.538698572401 8 6.30809e-07
1492.335791111871 5 4.83228e-08
1499.438698790746 8 7.70616e-08
1500.235790938286 5 1.26822e-07
1513.857164831731 9 2.61925e-07
1519.507165039871 9 5.32792e-08
1521.838886424057 6 8.46142e-08
1525.797703175172 11 1.00921e-07
1525.957165278103 9 5.41686e-08
1531.597703425798 11 1.98985e-08
1534.658263080619 9 7.97638e-08
1537.247703053327 11 1.35483e-07
1538.574332972522 4 1.15336e-07
1541.908262870019 9 2.26979e-07
1544.3477032632 11 3.19491e-08
1549.08888646849 6 4.47324e-08
1552.3571650467 9 9.28329e-08
1553.997703327927 11 2.63834e-08
1558.157165117151 9 6.22494e-08
1559.647703127929 11 1.48455e-07
1561.074333198209 4 5.36164e-08
1563.8071648003 9 5.6639e-07
1565.947703079963 11 8.71134e-08
1569.607165013689 9 1.4906e-07
1573.938886465245 6 4.25368e-08
1577.80716469149 9 9.27154e-07
1579.597703187456 11 4.6485e-08
1583.457165278075 9 3.03506e-08
1585.038886969257 6 8.19106e-09
1590.857165272117 9 3.79905e-08
1590.997703048759 11 3.66658e-07
1591.624332791793 4 1.33882e-07
1596.6571648201 9 2.55464e-07
1602.458263273705 9 5.33143e-08
1604.214531372222 7 1.41088e-07
1608.257164809934 9 2.37849e-07
1609.447702899749 11 1.92671e-06
1614.724332995287 4 4.89503e-08
1615.597703453759 11 2.76684e-08
1618.688886701532 6 4.32537e-08
1620.30716507539 9 8.56599e-08
1625.957165074538 9 1.75619e-07
1629.138886423019 6 6.29982e-08
1641.057165163346 9 4.30949e-08
1642.697703469227 11 1.49576e-08
1646.857165336275 9 2.74164e-08
1649.063433312613 7 1.77069e-07
1649.074013962952 10 2.49753e-08
1649.989300327911 6 2.29886e-07
1654.863433571318 7 3.52999e-08
1655.638886651973 6 1.71478e-08
1657.957164738689 9 6.34634e-07
1659.548801224373 11 1.31582e-07
1661.924332947868 4 1.4919e-07
1665.197703358093 11 8.15667e-08
1676.407164831323 9 1.61139e-07
1678.047703149339 11 9.47733e-08
1682.057165000719 9 1.47584e-07
1683.697703028112 11 4.57402e-07
1687.707164809839 9 2.31287e-07
1691.538886256127 6 8.64267e-08
1693.911308637175 3 2.5793e-07
1697.189081008229 6 1.64924e-07
1699.561308898597 3 4.97543e-08
1703.638886157893 6 8.09217e-07
1705.211309202385 3 3.29207e-08
1713.207165392637 9 4.86204e-08
1716.397703212977 11 3.72573e-08
1718.97433278021 4 3.18286e-07
1722.047703190462 11 8.30399e-08
1722.057164908808 9 7.52937e-08
1728.324013604923 10 2.64591e-07
1728.363433076442 7 6.60238e-07
1736.563433599544 7 5.15452e-08
1738.257164961329 9 1.28595e-07
1742.247703168627 11 5.3436e-08
1743.907165205282 9 2.96517e-08
1748.488886438556 6 6.61316e-08
1758.507165129964 9 1.88943e-08
1766.213433154463 7 5.14966e-07
1766.924014006667 10 2.80032e-08
1769.607164982789 9 3.10361e-08
1772.047703299236 11 1.06231e-07
1775.257164949327 9 1.45372e-07
1781.057164912376 9 5.48674e-08
1781.697703014433 11 2.94001e-07
1788.297703224039 11 8.11622e-08
1788.457164926111 9 1.6099e-07
1791.174332680041 4 2.24898e-08
1793.947703056419 11 8.59937e-08
1803.057164996461 9 1.01799e-07
1805.347702993299 11 2.2207e-07
1805.974332852026 4 1.2932e-07
1809.657165140278 9 9.40422e-08
1811.147703302114 11 1.66252e-08
1815.457164931671 9 1.22273e-07
1821.107164767369 9 8.52759e-07
1823.197703120115 11 1.3054e-07
1826.324333156742 4 4.17508e-08
1826.75716498845 9 3.98375e-08
1832.688886659052 6 5.03636e-08
1836.847703045311 11 1.92164e-07
1836.924333062742 4 6.43423e-08
1838.50716480574 9 3.75301e-07
1844.247703161713 11 1.09739e-07
1845.924332637293 4 1.08751e-06
1848.157164992447 9 5.01794e-08
1849.897703444558 11 2.13609e-08
1853.807165245313 9 2.4234e-08
1855.547703247174 11 7.02796e-08
1861.197703201918 11 6.49949e-08
1862.507164776657 9 3.24084e-07
1866.413433512285 7 5.94961e-08
1869.107165295226 9 6.09324e-08
1870.489219552489 6 1.80241e-08
1873.597703178193 11 1.06968e-07
1874.757164744563 9 2.2393e-07
1884.063433282576 7 1.86301e-07
1885.524013461395 10 1.33824e-06
1889.86343320402 7 3.11366e-07
1891.324013679187 10 8.39478e-08
1898.388698666162 8 1.10561e-07
1899.185791100086 5 8.3452e-08
1905.788698671606 8 7.9274e-08
1911.438698904353 8 5.60694e-08
1914.585791293076 5 3.31099e-08
1917.088698788364 8 9.11137e-08
1922.738698627564 8 5.80461e-07
1926.635791220531 5 2.21613e-08
1933.913433360851 7 5.31273e-08
1935.524013671199 10 1.46334e-07
1941.963433151495 7 2.05238e-07
1942.924013756865 10 8.32189e-08
1947.613433380868 7 1.6223e-07
1949.524013640188 10 2.04092e-07
1951.282288262275 2 2.4559e-07
1956.932288509497 2 1.67751e-08
1959.324013636361 10 1.44645e-07
1960.313433153538 7 7.72788e-07
1962.582288492132 2 1.16321e-08
1965.124013512401 10 6.49337e-07
1966.113433511747 7 4.011e-08
1971.211309063842 3 6.51611e-08
1971.913433432987 7 9.03435e-08
1971.988886387552 6 8.91691e-08
1975.72401343302 10 7.53986e-07
1977.713433491775 7 1.0279e-07
1981.374013571891 10 3.63213e-07
1983.513433678728 7 1.16671e-08
1985.857164684901 9 2.01867e-06
1991.485790826613 5 2.31887e-07
2001.038699008194 8 4.85423e-08
2015.638698737392 8 2.0863e-07
2021.163433736599 7 2.72878e-08
2025.788886594822 6 1.00189e-07
2025.92401380948 10 2.26716e-08
2026.813433172709 7 1.941e-07
2033.907164680975 9 3.07057e-06
2039.707165033794 9 6.8285e-08
2049.988886376569 6 1.1456e-07
2050.063433498969 7 7.0397e-08
2051.574013731902 10 1.14819e-07
2055.86343315957 7 1.26538e-07
2057.224013512515 10 3.86391e-07
2061.663433134083 7 3.64111e-07
2062.87401386435 10 5.50907e-08
2067.463433100636 7 1.02394e-06
2068.524013836438 10 3.53578e-08
2069.088886649176 6 7.14993e-09
2073.113433327575 7 1.65321e-07
2076.257164954465 9 2.03726e-07
2077.79770333587 11 6.7659e-08
2082.057165009422 9 8.91575e-08
2084.397703251721 11 1.22953e-07
2089.138886260125 6 2.15053e-07
2090.661308754938 3 5.08891e-08
2096.461308622915 3 5.608e-07
2097.338886240636 6 1.25983e-07
2102.111308996756 3 6.29475e-08
2102.988886317085 6 7.12798e-08
2107.761308825527 3 3.96103e-08
2108.638886188797 6 4.16268e-07
2111.707165145569 9 6.74536e-08
2118.957165082063 9 4.06621e-08
2122.913433422756 7 1.47852e-07
2128.607164887257 9 4.722e-08
2134.257165010404 9 6.54086e-08
2139.797703122677 11 1.40048e-07
2139.907165261456 9 8.90257e-08
2140.574333155968 4 4.4881e-08
2145.597703332151 11 3.28028e-08
2146.35716490023 9 3.93617e-07
2152.657165233767 9 1.7017e-08
2155.738698777791 8 3.48662e-08
2161.388698829431 8 3.94407e-08
2167.838698505641 8 2.69293e-07
2173.488698457943 8 1.6669e-06
2178.135791162469 5 5.35324e-08
2179.138698666519 8 1.92874e-07
2184.788698715164 8 5.53262e-08
2190.438698674666 8 1.56864e-07
2196.088698440305 8 4.34003e-06
2204.557165267522 9 1.5124e-08
2206.138886354118 6 1.10164e-07
2206.963433429763 7 7.44464e-08
2208.461309108149 3 7.87196e-08
2209.224013629898 10 1.11526e-07
2212.613433213134 7 2.83964e-07
2215.024013785839 10 1.6543e-07
2216.589327435967 6 6.65033e-08
2218.263433218656 7 1.89906e-07
2220.674013809584 10 6.89689e-08
2221.982288185639 2 3.78068e-07
2227.782288815742 2 2.12118e-08
2227.924013858732 10 6.43599e-08
2233.582288114348 2 6.09646e-07
2239.232288434946 2 9.79835e-08
2244.882288301272 2 2.03279e-07
2247.974013911639 10 3.20179e-08
2255.182288273723 2 1.7377e-07
2262.282288260535 2 2.43423e-07
2270.332288266595 2 1.28225e-07
2271.87401378172 10 5.46487e-08
2272.713757680156 7 2.70198e-08
2276.632288560586 2 3.1274e-08
2283.232288173612 2 1.43719e-07
2288.882288326271 2 1.74916e-07
2289.524013695071 10 9.85697e-08
2290.213433433725 7 1.88268e-07
2296.782288358999 2 1.16483e-07
2304.032288270008 2 9.89384e-08
2307.974013663247 10 1.59559e-07
2308.013433146806 7 2.80839e-07
2312.63888669022 6 2.47908e-08
2316.174013425272 10 2.6866e-06
2316.213433111363 7 4.34109e-08
2321.974014073586 10 1.92368e-08
2322.01343367537 7 6.02908e-08
2322.911308971274 3 5.83889e-08
2323.738886349633 6 6.60241e-08
2328.711308837132 3 1.06976e-07
2331.813433357989 7 1.22491e-07
2332.574013956084 10 1.19677e-08
2332.589210476979 6 1.46904e-07
2337.46343330828 7 1.38286e-07
2338.374013765831 10 7.12017e-08
2343.113433051569 7 1.52234e-06
2344.024013855918 10 4.02954e-08
2347.382288290853 2 1.95475e-07
2353.18228829277 2 1.53092e-07
2358.17401390689 10 4.23497e-08
2358.982288041188 2 1.52948e-06
2364.632288180632 2 4.35949e-07
2370.282288437194 2 6.09785e-08
2378.063433337686 7 1.38743e-07
2378.074013645281 10 9.08054e-08
2381.382288260942 2 1.01307e-07
2387.832288620993 2 5.43134e-08
2390.274013727359 10 3.17274e-08
2393.482288534198 2 2.39185e-08
2399.132288190486 2 5.23546e-07
2403.124013715722 10 9.64335e-08
2403.863433260313 7 1.65333e-07
2415.024013779513 10 5.69103e-08
2415.763433281464 7 1.38243e-07
2420.461308902552 3 1.29054e-08
2425.474013820779 10 4.70496e-08
2430.213433489613 7 3.48996e-08
2431.124014006022 10 2.16322e-08
2437.288886401004 6 7.37471e-08
2437.31130902687 3 3.80625e-08
2439.863433519239 7 6.15337e-08
2442.207165277535 9 9.53761e-08
2444.488698904586 8 3.82056e-08
2450.288698951524 8 4.04943e-08
2459.288698531835 8 3.85292e-07
2461.635791405657 5 1.39311e-08
2465.08869854396 8 2.93995e-07
2468.807165474628 9 2.47466e-08
2472.235791031574 5 8.89294e-08
2479.635791068817 5 3.65012e-08
2491.913433072452 7 1.25908e-06
2492.324013512357 10 2.02555e-07
2498.311309018593 3 2.91359e-08
2499.08888637032 6 2.51e-07
2499.163433427298 7 1.89351e-08
2503.107164855 9 7.88191e-08
2504.397703065585 11 4.47701e-07
2507.224792228345 4 4.66263e-08
2508.907164752813 9 3.88329e-07
2511.797703187253 11 5.4849e-08
2514.557165108773 9 1.24929e-07
2520.357164892513 9 2.69269e-07
2520.797703349604 11 5.41273e-08
2526.00716499166 9 1.04945e-07
2528.197703058588 11 2.34481e-07
2529.82433284684 4 2.40398e-07
2532.307164894798 9 1.10222e-07
2536.247703232286 11 2.9603e-08
2537.874332873892 4 5.99334e-08
2540.207164813147 9 5.90117e-07
2545.747703054962 11 2.88597e-07
2545.774332928642 4 2.87861e-08
2547.457164941402 9 2.44021e-07
2552.34770313497 11 1.73876e-07
2552.374333074828 4 8.85571e-08
2553.90716522463 9 2.06653e-08
2556.888886581269 6 2.21846e-08
2559.707165107786 9 1.50236e-07
2559.747703004641 11 5.16994e-07
2560.42433295456 4 1.7924e-07
2566.224332704842 4 3.36162e-07
2567.147703168364 11 2.16139e-07
2568.40716522615 9 4.16827e-08
2574.057164802686 9 2.39474e-07
2576.147703302556 11 2.11255e-08
2579.707164910414 9 1.60756e-07
2584.347703094279 11 1.64047e-07
2585.357164690446 9 2.09819e-06
2588.288886267524 6 2.14535e-07
2589.911308876908 3 6.14966e-08
2593.938886172287 6 3.60442e-07
2599.58888656259 6 7.78421e-08
2601.907164617186 9 3.09634e-05
2602.647703258159 11 1.84922e-08
2607.638886386702 6 8.47393e-08
2613.307165269185 9 2.62439e-08
2617.139282514509 6 3.88713e-08
2620.163433261954 7 3.22473e-07
2621.074013754888 10 7.48604e-08
2625.963433233794 7 3.31502e-07
2626.788886689324 6 2.20727e-08
2631.535790812309 5 2.66352e-07
2639.735791274374 5 5.20287e-08
2649.207164738036 9 1.2378e-06
2650.848801103794 11 1.91716e-07
2655.657164979207 9 1.85247e-07
2656.497702955879 11 6.29523e-07
2661.457164855601 9 4.21147e-07
2662.297703108317 11 1.14633e-07
2667.107165339029 9 7.22592e-09
2667.62478274936 4 4.80269e-07
2667.947703265513 11 5.67487e-08
2672.757165231483 9 3.44821e-08
2673.59880139438 11 1.60791e-08
2681.307164775374 9 3.59403e-07
2681.997703151052 11 6.88234e-08
2686.957165034116 9 3.95958e-08
2690.848801603826 11 1.02833e-08
2694.014531167617 7 7.27801e-07
2694.724014001532 10 1.98841e-08
2701.238886300328 6 2.30865e-07
2702.76130899132 3 1.96384e-08
2706.8888863395 6 1.15526e-07
2708.561308959139 3 5.08028e-08
2712.539228326321 6 8.35486e-08
2714.857165280695 9 2.41822e-08
2717.263433345874 7 1.13734e-07
2718.924013708561 10 1.23661e-07
2722.913433650399 7 2.62042e-08
2723.382288282884 2 1.80775e-07
2728.424013862232 10 3.77144e-08
2728.563433601361 7 2.87844e-08
2731.582288297904 2 8.6337e-08
2737.382288424868 2 9.34113e-08
2744.61343383081 7 4.3181e-08
2749.432288148236 2 3.35514e-07
2755.082288161469 2 1.9133e-07
2756.624014103658 10 3.51066e-08
2760.732288207079 2 4.25304e-07
2767.68228854955 2 4.32773e-08
2774.113433257679 7 2.12557e-07
2774.124013658892 10 8.71362e-08
2776.532288328125 2 2.33318e-07
2782.332288309579 2 3.05345e-07
2787.982288001742 2 2.86863e-06
2792.713433667412 7 1.36366e-08
2792.724013981287 10 4.05335e-08
2796.533386240386 2 1.99129e-07
2803.633386458456 2 4.33453e-08
2808.924014049173 10 3.10676e-08
2809.282288551144 2 5.79486e-08
2815.732288091613 2 1.71519e-06
2820.324013727041 10 3.74989e-08
2821.382288266822 2 5.76867e-08
2827.032288333344 2 1.14675e-07
2834.132288378895 2 1.10383e-07
2839.782288254083 2 3.76584e-07
2844.524013671439 10 6.76638e-08
2845.263433187373 7 2.32448e-07
2850.174013448535 10 2.64546e-06
2850.913432970827 7 9.00627e-06
2855.824013764916 10 5.62207e-08
2857.363433320289 7 1.83167e-07
2861.474013604903 10 1.08037e-07
2863.013433382068 7 1.00768e-07
2867.124013879125 10 4.96191e-08
2868.438886561443 6 7.47695e-09
2868.663433235792 7 1.89782e-07
2872.774013665576 10 1.69886e-07
2874.313433254341 7 1.11238e-07
2874.888886711155 6 3.92998e-08
2878.907164972922 9 2.33847e-07
2881.147703005485 11 1.37464e-07
2882.624332934248 4 7.28198e-08
2886.307164936579 9 3.73803e-07
2886.947703406672 11 8.82567e-09
2890.288886104472 6 1.79512e-06
2891.911308860461 3 6.43327e-08
2893.413433647791 7 4.46133e-08
2896.607165248154 9 2.70733e-08
2899.063433123726 7 5.11474e-07
2899.724013596639 10 1.63413e-07
2905.411308728715 3 2.98132e-07
2911.21130893858 3 3.78662e-08
2918.313433136332 7 5.97537e-07
2918.324013659644 10 1.14209e-07
2919.788886471942 6 8.38268e-08
2928.113433477433 7 5.4974e-08
2928.788886602007 6 3.71485e-08
2933.235791023847 5 9.81645e-08
2939.035790939009 5 1.21651e-07
2944.638698726348 8 3.52741e-08
2952.163433163267 7 6.17958e-07
2952.774013832278 10 3.71501e-08
2959.057164904075 9 9.18252e-08
2964.857164791453 9 3.61234e-07
2966.197703203537 11 9.27889e-08
2968.574333037002 4 2.9648e-08
2970.5071652266 9 5.82724e-08
2971.99770334385 11 4.26365e-08
2977.774332764362 4 1.3509e-07
2977.797703217588 11 6.975e-08
2981.757164790445 9 3.15324e-07
2987.888698693232 8 1.32394e-07
2992.885791278512 5 5.29558e-08
2993.688698572036 8 1.51756e-07
2999.488698672117 8 1.35405e-07
3005.288698739262 8 8.81795e-08
3011.088698570859 8 1.09483e-07
3014.385790919818 5 1.82247e-07
3017.688698570621 8 2.73039e-07
3023.488698622403 8 1.69452e-07
3024.035791264355 5 4.30279e-08
3029.138698597223 8 3.21443e-07
3029.835791292664 5 3.43141e-08
3034.788698623585 8 2.4664e-07
3035.635790937425 5 1.38616e-07
3041.238698711323 8 3.26774e-08
3050.43579124487 5 7.87171e-08
3056.235790963164 5 9.47295e-08
3061.663433209353 7 3.17163e-07
3062.424013643227 10 2.12612e-07
3066.782288843362 2 2.07643e-08
3067.463433243846 7 2.61135e-07
3068.22401389132 10 4.88395e-08
3072.432288339507 2 1.57727e-07
3077.874013807936 10 4.12043e-08
3078.232288411232 2 5.99881e-08
3084.682288419976 2 2.18703e-08
3091.632288136703 2 2.98032e-07
3097.432288483547 2 4.4672e-08
3103.232288193114 2 3.52131e-07
3113.032288227613 2 2.42037e-07
3114.724013831856 10 5.35242e-08
3120.524014001398 10 3.01801e-08
3121.232288489609 2 8.55785e-08
3125.913433104954 7 9.08515e-07
3126.324013577488 10 2.16455e-07
3128.038940304591 6 1.76708e-07
3131.713433278039 7 1.04805e-07
3132.124013567046 10 4.63471e-07
3137.363433586932 7 4.70996e-08
3139.411308754022 3 5.85593e-08
3146.011309072255 3 9.97508e-09
3151.524013888356 10 4.05685e-08
3156.31343330306 7 8.71236e-08
3157.324013461631 10 7.74388e-07
3162.113433635319 7 7.99914e-08
3165.957164787812 9 4.38479e-07
3165.997703246041 11 9.52784e-08
3171.7571651692 9 2.44844e-08
3173.897703151535 11 1.7058e-07
3177.407165060497 9 1.37355e-07
3179.69770308351 11 5.47321e-08
3183.207164688857 9 2.93881e-06
3185.997702974957 11 5.507e-07
3189.807165102786 9 3.82473e-08
3192.238886541927 6 2.06977e-08
3193.213432990206 7 1.10422e-05
3193.224013628325 10 2.44438e-07
3199.013433328824 7 2.4563e-07
3199.024013567832 10 1.97962e-07
3205.239219588602 6 6.19635e-08
3207.607165099631 9 4.35268e-08
3214.413433120118 7 3.25801e-07
3214.424013716358 10 5.49311e-08
3220.332288306256 2 1.3237e-07
3223.413433232648 7 3.97989e-07
3223.424013560843 10 3.3095e-08
3230.813433024932 7 3.61412e-06
3230.824013470315 10 7.9684e-07
3238.738886359307 6 1.62024e-07
3239.013433459239 7 5.97225e-08
3242.074013654744 10 4.29664e-08
3245.161308697112 3 3.67546e-07
3250.113433170293 7 1.35559e-07
3250.274013694048 10 9.19089e-08
3254.788886546895 6 2.01386e-08
3255.763432991694 7 2.36359e-06
3255.924013565739 10 2.05892e-07
3261.563433413452 7 1.10048e-07
3264.124013706237 10 1.46843e-07
3268.163433132862 7 4.35474e-07
3269.924014064227 10 3.53271e-08
3273.963433109142 7 3.29383e-07
3275.724014056161 10 2.65665e-08
3279.613433515427 7 8.4405e-08
3281.3740138064 10 2.11132e-08
3285.41343305734 7 2.86938e-06
3287.024013566172 10 2.06741e-07
3291.213433242464 7 5.10685e-07
3292.824013812488 10 5.65463e-08
3294.68888649578 6 5.51801e-08
3297.013433492626 7 7.61226e-08
3300.224013878426 10 5.65712e-08
3304.413433268685 7 7.92808e-08
3307.538886312347 6 1.02648e-07
3310.024013512428 10 5.37142e-07
3310.063433226584 7 2.34952e-07
3315.824013841536 10 2.26465e-08
3315.863433237901 7 8.54038e-08
3323.507164723285 9 5.72956e-07
3325.097703304951 11 4.03797e-08
3331.547703314447 11 1.18275e-08
3332.374332956875 4 3.28217e-08
3334.757165055571 9 1.21401e-07
3340.0634332148 7 2.94467e-07
3340.824013798153 10 1.17264e-07
3345.863433560164 7 3.20767e-08
3347.56130894683 3 1.18549e-07
3351.624013926467 10 3.10362e-08
3351.663433349607 7 8.88114e-08
3352.388886518284 6 6.0275e-08
3357.424013812982 10 9.50348e-08
3357.463433397024 7 1.34437e-07
3363.224013733981 10 8.5012e-08
3363.263433249697 7 1.37966e-07
3368.439219662479 6 3.62464e-08
3369.02401363458 10 2.02835e-07
3369.063433004583 7 3.21093e-06
3374.824013678541 10 1.43988e-07
3374.863433068957 7 1.88163e-07
3380.624013680333 10 8.72633e-08
3380.663433327512 7 1.95388e-07
3386.424013602518 10 1.87121e-07
3386.463433369656 7 5.72671e-08
3394.007164925053 9 1.24757e-07
3394.797703571268 11 1.82431e-08
3399.65716528183 9 6.03651e-08
3400.324773967438 4 1.48736e-07
3400.447702974069 11 2.31944e-07
3407.707164845578 9 2.70807e-07
3412.497703281432 11 6.66534e-08
3413.357164992793 9 9.79397e-08
3414.624333196356 4 1.51317e-08
3418.08888635162 6 1.35695e-07
3424.457165027889 9 1.41371e-07
3426.788886761797 6 7.38962e-09
3432.507165068457 9 1.58451e-07
3436.397703315271 11 1.42782e-08
3436.424332853237 4 1.71262e-07
3438.807164955757 9 1.85046e-07
3442.197703094109 11 1.04237e-07
3442.224332949283 4 1.12075e-07
3444.457165123041 9 1.04384e-07
3447.997703115329 11 4.05148e-08
3448.02433278978 4 2.36393e-07
3450.107165108381 9 4.53172e-08
3453.088886279043 6 2.96881e-07
3461.797703016622 11 3.55413e-07
3462.008263107246 9 9.05351e-08
3463.425430677604 4 8.42063e-07
3467.597703245578 11 2.53269e-08
3469.907165054069 9 7.33524e-08
3476.338886544932 6 1.02349e-07
3480.507165178662 9 5.40762e-08
3480.597703078225 11 1.41102e-07
3481.774332778826 4 3.1101e-07
3487.907164942821 9 2.08072e-07
3487.997703214702 11 2.79069e-08
3490.024332776146 4 4.2969e-07
3493.707165381126 9 1.1035e-08
3493.79770304765 11 1.48349e-07
3499.507165292033 9 5.64806e-08
3499.59770315974 11 5.05152e-08
3500.024333071424 4 6.7483e-08
3505.307165309591 9 5.97804e-08
3505.397703316065 11 2.80708e-08
3511.107165007004 9 2.12343e-07
3517.707165051332 9 7.6259e-08
3523.507165329609 9 3.66578e-08
3528.338698556069 8 4.1225e-07
3529.885791123259 5 2.5893e-08
3533.988699023898 8 2.26302e-08
3539.639022829153 8 5.40856e-08
3549.138698555337 8 7.55255e-08
3554.735791150594 5 3.93084e-08
3554.788698577996 8 1.92474e-07
3560.588698784077 8 1.58199e-07
3561.985790816237 5 4.92683e-07
3566.388698795789 8 7.8545e-08
3567.635791241941 5 5.46546e-08
3573.285790811516 5 2.56283e-07
3580.385791082664 5 1.07776e-07
3586.035791232296 5 1.70005e-08
3592.485790931238 5 1.67117e-07
3603.585790918644 5 1.63044e-07
3610.835791013676 5 6.61056e-08
3616.485790896293 5 9.08807e-08
3622.135791064109 5 2.96663e-08
3628.435791129436 5 7.60007e-08
3638.638698745916 8 4.35058e-08
3644.438698588986 8 2.90533e-07
3646.735791183193 5 4.01695e-08
3650.088698989052 8 4.16354e-08
3655.738699126829 8 3.33459e-08
3661.388698716419 8 1.3043e-07
3665.985790924273 5 3.41709e-07
3667.038698512341 8 8.92603e-07
3670.757165231406 9 2.01262e-08
3673.885791176299 5 4.80835e-08
3678.807165001169 9 1.95163e-07
3682.638886619488 6 1.96731e-08
3686.707165338525 9 1.08649e-08
3691.547703110745 11 1.13282e-07
3692.324674900014 4 9.31707e-08
3695.557164968511 9 1.27029e-07
3697.197702963659 11 2.05391e-07
3697.974332696899 4 6.84648e-07
3701.207164669156 9 1.773e-06
3705.097703445468 11 4.38526e-08
3706.857165108506 9 6.02046e-08
3714.638698617138 8 3.15753e-07
3720.438698498571 8 6.59736e-07
3721.935790936102 5 1.30721e-07
3726.738698660124 8 2.31912e-07
3727.585791259459 5 1.13815e-08
3732.388698685981 8 1.31385e-07
3733.23579101003 5 5.16194e-08
3738.038699007135 8 4.33885e-08
3743.688698701472 8 9.05033e-08
3745.935790947411 5 1.21936e-07
3749.338698637453 8 1.38355e-07
3754.988698817906 8 4.0795e-08
3760.638698688476 8 1.70044e-07
3764.385791127706 5 3.55504e-08
3766.288698789873 8 1.13037e-07
3775.638698504462 8 8.32776e-07
3782.888698723089 8 1.03402e-07
3788.538698716356 8 1.87278e-07
3793.885790770417 5 3.45338e-07
3794.188699013154 8 6.16772e-09
3799.83869894057 8 2.78811e-08
3803.535791118139 5 4.91941e-08
3808.388698986167 8 1.97536e-08
3813.18579097894 5 1.07214e-07
3814.038698928438 8 3.04996e-08
3819.6357908212 5 1.70348e-07
3821.938698755864 8 1.4956e-07
3825.935790803836 5 1.63337e-07
3827.588698838292 8 4.43358e-08
3831.585790978956 5 6.77342e-08
3834.038698422337 8 4.87135e-06
3837.235791036926 5 5.57003e-08
3839.688698670152 8 1.58205e-07
3849.135790873196 5 1.41789e-07
3854.785790892087 5 1.12088e-07
3861.957165333499 9 1.8872e-08
3864.288886619742 6 2.04565e-08
3868.347703324658 11 3.41396e-08
3873.289300662744 6 5.48811e-08
3879.588886373432 6 5.22369e-08
3881.861308934889 3 3.41738e-08
3885.238886160579 6 5.23446e-07
3887.661308667295 3 3.79008e-07
3890.88888599442 6 0.000161884
3893.311308981997 3 4.52558e-08
3897.988886190606 6 5.96653e-07
3898.961309075151 3 5.87553e-09
3903.638886362044 6 2.27073e-07
3906.007164986654 9 9.9484e-08
3910.797703486401 11 1.71592e-08
3911.657165034039 9 1.85265e-07
3917.139318580738 6 5.23837e-08
3921.157165036411 9 1.26174e-07
3922.698045359786 11 5.52898e-08
3929.063433417032 7 5.89824e-08
3929.988886469251 6 5.50646e-08
3930.624013864382 10 5.02447e-08
3934.863433406302 7 3.62801e-08
3936.425111962327 10 6.36622e-08
3938.932288558164 2 8.5202e-08
3940.663433246501 7 2.654e-07
3942.188886397353 6 1.36715e-07
3943.024013703054 10 1.50157e-07
3946.313433407164 7 1.84685e-07
3951.788698711239 8 1.02612e-07
3955.835790908702 5 1.29591e-07
3957.438698953873 8 3.79627e-08
3962.435791170156 5 4.07686e-08
3963.08869873507 8 1.38814e-07
3968.735791516078 5 8.45062e-09
3968.738698570496 8 4.81005e-08
3976.135790870205 5 2.8713e-07
3982.735791380695 5 1.92885e-08
3985.563433134196 7 4.65166e-07
3986.274013600131 10 2.16019e-07
3990.132288274737 2 6.81415e-08
3991.924013812067 10 1.12876e-07
3996.663433289351 7 1.68305e-07
3997.574013568599 10 1.46974e-07
4002.31343302007 7 4.13698e-06
4003.374013601458 10 2.00722e-07
4007.963433596015 7 1.16908e-07
4008.632288586218 2 4.00146e-08
4009.174013513818 10 4.90922e-07
4013.61343319275 7 1.31213e-07
4014.974013909439 10 4.54873e-08
4015.038886785595 6 3.82764e-08
4019.26343323539 7 4.16167e-07
4020.838886785952 6 2.69906e-08
4021.211309210661 3 8.21398e-09
4023.674013610247 10 1.36343e-07
4025.06343362176 7 3.35476e-08
4029.324013665087 10 1.63252e-07
4030.863433584425 7 6.70485e-08
4038.007165035773 9 7.48066e-08
4042.174013753282 10 8.98968e-08
4042.263433347705 7 3.13486e-08
4047.97401356343 10 4.04652e-07
4048.063433247582 7 1.63184e-08
4050.838886618926 6 5.83321e-09
4053.257165034728 9 1.09829e-08
4058.747703281149 11 6.02972e-09
4058.907165022245 9 8.82174e-08
4061.974332751997 4 3.13463e-07
4064.397703089478 11 5.46902e-08
4064.557165030174 9 1.14634e-07
4074.738886572522 6 4.75013e-08
4079.511308765321 3 1.35478e-07
4080.538886357394 6 1.11832e-07
4086.188886591005 6 5.92157e-08
4088.457165180744 9 7.81718e-08
4091.585790870275 5 1.13305e-07
4098.185791188412 5 4.34226e-08
4105.863433247268 7 2.5968e-07
4106.424013580766 10 1.26208e-07
4111.663433532701 7 3.28134e-08
4113.982288544077 2 9.09048e-08
4117.824013982395 10 2.98095e-08
4121.382288415664 2 7.49532e-08
4129.224014088974 10 1.82865e-08
4129.28228825541 2 1.41013e-07
4135.732288676097 2 4.80864e-08
4141.274013655375 10 1.22441e-07
4141.313433153414 7 1.36169e-07
4145.161308906879 3 3.96495e-08
4149.474013732821 10 6.03931e-08
4150.313433431277 7 4.12105e-08
4155.707165053032 9 1.81945e-07
4158.84770311884 11 1.64053e-07
4161.507165265861 9 5.43349e-08
4162.274432743646 4 3.75887e-08
4164.647703457457 11 6.30916e-09
4167.157165121665 9 7.26585e-08
4169.488886507698 6 1.81696e-08
4174.407165001965 9 1.08093e-07
4187.907164924962 9 8.74343e-08
4188.697703652378 11 2.02015e-08
4190.988886714189 6 3.31449e-08
4193.707164720083 9 1.60603e-06
4194.497703443784 11 6.34789e-09
4199.724332896023 4 1.32604e-07
4200.297703304666 11 2.89352e-08
4203.057165035513 9 7.81751e-08
4213.988698656851 8 1.23902e-07
4219.788698905812 8 5.14785e-08
4228.485791226654 5 4.01112e-08
4234.238698750062 8 1.24489e-07
4239.888698536015 8 4.26172e-07
4240.685791278077 5 4.12473e-08
4245.538698790968 8 8.18773e-08
4248.585791222598 5 2.56654e-08
4251.188698535621 8 3.23531e-07
4256.635791281423 5 3.08214e-08
4256.83869868142 8 7.32423e-08
4262.488698596035 8 3.32802e-07
4263.885791051441 5 7.27038e-08
4269.438698507465 8 5.38511e-07
4269.535791225946 5 1.08785e-07
4275.238698646402 8 2.98275e-07
4278.235790959099 5 1.5949e-07
4280.888698601169 8 3.10069e-07
4286.135790955584 5 1.47264e-07
4286.539796619738 8 3.87997e-07
4292.338698690603 8 5.93532e-08
4298.138698629975 8 3.49886e-07
4303.788698775309 8 9.50768e-08
4309.438698648611 8 9.63757e-08
4310.18579106871 5 1.25306e-08
4315.088698534252 8 2.2867e-07
4320.738698658565 8 1.59788e-07
4327.838698742645 8 5.74994e-08
4333.488698973314 8 6.10755e-08
4338.235791123881 5 2.38918e-08
4339.138698819477 8 6.63273e-08
4344.788698610051 8 3.74821e-08
4354.157164748344 9 1.07825e-06
4355.697703205093 11 4.80462e-08
4357.074332888351 4 1.32265e-07
4360.607164836852 9 9.04003e-07
4361.497703441574 11 1.75987e-08
4367.813433193206 7 3.18799e-07
4368.574013954954 10 9.92458e-09
4373.613433433482 7 3.72962e-08
4375.038886430791 6 1.23002e-07
4375.761309022619 3 3.03901e-08
4377.424013575963 10 2.48239e-07
4379.413433498923 7 2.73442e-08
4384.024013783597 10 4.67682e-08
4385.213433514164 7 9.52584e-08
4389.674013991674 10 1.66877e-08
4391.857165130387 9 3.69723e-08
4394.347703177763 11 5.87095e-08
4398.374332934424 4 1.21682e-07
4400.057164815773 9 3.46461e-07
4400.147703229649 11 1.05981e-07
4404.038886511956 6 5.88564e-08
4408.34770310167 11 9.40493e-08
4408.37433288999 4 4.51574e-08
4411.007164819984 9 1.28404e-07
4414.147703272058 11 3.83145e-08
4418.988886475467 6 8.18453e-08
4425.588886499717 6 4.25324e-08
4429.457164918883 9 6.22479e-08
4434.19770324823 11 1.53262e-07
4435.107165102996 9 9.61096e-08
4436.474333164308 4 5.44837e-08
4439.847703467789 11 3.94321e-08
4440.757165201186 9 5.83939e-08
4445.497703183163 11 9.24398e-08
4446.324674864872 4 3.29227e-07
4447.857164989919 9 1.12691e-07
4451.947703109714 11 1.59029e-07
4451.974332783654 4 1.22652e-07
4457.747703189246 11 1.15661e-07
4458.307164960145 9 1.35341e-07
4465.707165068857 9 1.16509e-07
4471.357165200125 9 5.35665e-08
4478.21343314869 7 1.70895e-07
4478.224013799696 10 7.23145e-08
4480.688886678291 6 3.07347e-08
4482.307164753715 9 4.92725e-07
4483.897703250174 11 8.57764e-08
4488.107164916307 9 1.931e-07
4489.697703317649 11 2.59289e-08
4492.474332801005 4 2.47989e-07
4498.488886444977 6 7.04157e-08
4502.557165107869 9 5.72094e-08
4505.747703100792 11 2.0123e-07
4505.824332801397 4 8.91233e-08
4509.657164932707 9 7.3416e-08
4511.54770299888 11 1.44908e-07
4511.624332927068 4 1.07387e-07
4515.307165022182 9 2.45064e-07
4518.38888653343 6 5.09206e-08
4530.407164954868 9 1.17863e-07
4536.038886159904 6 2.23132e-07
4538.457165201363 9 4.70218e-08
4546.135790858585 5 4.16068e-08
4551.935791165218 5 1.16549e-08
4556.824014249017 10 1.21972e-08
4558.535791135974 5 9.05564e-08
4564.985791272581 5 5.21454e-08
4570.635791001321 5 1.1607e-07
4576.813433384885 7 2.47932e-07
4577.674013840613 10 7.47347e-08
4584.213433362331 7 1.37346e-07
4585.074013709315 10 9.72284e-08
4589.863433292339 7 9.29635e-08
4590.488886665885 6 2.49722e-08
4590.724013964843 10 1.44987e-08
4596.463433276859 7 1.48312e-07
4596.5240137775 10 4.69069e-08
4602.263433565334 7 4.21137e-08
4602.324013814341 10 6.02212e-08
4605.711309034113 3 2.88653e-08
4606.538886552258 6 1.04264e-08
4611.361308835211 3 1.94444e-07
4613.663433180955 7 3.103e-07
4613.724013456584 10 1.07125e-06
4618.438886483346 6 8.56157e-08
4619.463433512401 7 5.81413e-08
4622.207164905761 9 3.52951e-07
4624.238886520105 6 6.05368e-08
4628.313433455151 7 1.35898e-07
4631.335790848881 5 1.31675e-07
4640.513433595676 7 2.87267e-08
4643.535791042052 5 1.72748e-07
4649.335790966162 5 4.3814e-08
4659.763433222974 7 3.47817e-07
4660.324013744907 10 3.35265e-08
4662.661309047588 3 7.16653e-08
4663.338886417553 6 3.52965e-08
4667.707164683152 9 1.81941e-06
4669.347702960208 11 4.88182e-07
4670.074332985944 4 4.5292e-08
4673.507165191631 9 7.4594e-08
4674.997702882881 11 9.33607e-07
4677.974332884076 4 2.04238e-07
4687.538886475075 6 3.16465e-08
4691.813433378918 7 4.93279e-08
4693.324013972844 10 3.6411e-08
4697.407165147248 9 6.64498e-08
4704.435790906793 5 7.58641e-08
4710.938886587532 6 3.97722e-08
4711.063433202623 7 3.05335e-07
4711.924013667474 10 7.14543e-08
4717.513433313613 7 2.00339e-07
4717.574013741664 10 6.75326e-08
4722.932288386799 2 1.1243e-07
4728.732288286781 2 1.33111e-07
4734.532288302306 2 1.14959e-07
4744.982288696482 2 6.34761e-08
4748.974014021286 10 1.15128e-08
4751.132288206275 2 3.58411e-07
4756.724013793853 10 7.86756e-08
4757.563433358166 7 1.38217e-07
4763.835790884728 5 4.6129e-08
4769.635791156028 5 4.07423e-08
4776.085791034255 5 5.22878e-08
4781.735791370248 5 1.76357e-08
4787.38579115973 5 1.94195e-08
4791.857164853996 9 3.22272e-07
4798.457165016412 9 9.32664e-08
4801.538886832591 6 2.10639e-08
4805.613433500483 7 2.92414e-08
4806.261309061796 3 4.62407e-08
4807.174013954096 10 3.65008e-08
4811.339228660461 6 4.14336e-08
4811.41343311673 7 6.3075e-07
4812.974014062142 10 2.74497e-08
4819.307164691515 9 1.75247e-06
4820.047703258554 11 7.17755e-08
4825.107164870791 9 2.02082e-07
4825.847703437114 11 1.54614e-08
4828.338886510645 6 7.70896e-08
4830.907165019606 9 6.68831e-08
4834.047703254757 11 4.23116e-08
4837.507164969205 9 1.32788e-07
4842.788886509936 6 3.92395e-08
4850.838886410097 6 1.25338e-07
4852.907164954416 9 8.78929e-08
4854.097703236708 11 6.28626e-08
4858.707164694786 9 1.57429e-06
4859.897703051334 11 2.11559e-07
4862.074693104457 4 4.55198e-08
4865.697702949028 11 1.84472e-07
4866.907165058145 9 8.40143e-08
4872.707164904808 9 1.08869e-07
4878.357164821095 9 9.08556e-07
4880.297703024507 11 3.68772e-07
4885.457164860076 9 2.53577e-07
4886.897703143537 11 9.16949e-08
4891.257164887604 9 3.70651e-07
4895.688886564591 6 4.03554e-08
4897.213433379879 7 6.7477e-08
4898.774013676962 10 1.17062e-07
4904.613433364077 7 1.36113e-07
4907.088886681923 6 4.46195e-08
4908.757165196745 9 7.65703e-08
4911.213433316746 7 1.1875e-07
4913.574013452828 10 1.27006e-06
4918.361309074403 3 2.39334e-08
4919.113433348813 7 2.03095e-07
4919.138886440953 6 1.01908e-07
4922.257165010109 9 6.5974e-08
4924.697703442116 11 3.26455e-08
4931.313433421167 7 5.39699e-08
4932.13888641478 6 3.9695e-08
4933.611309054722 3 3.3102e-08
4936.024013491624 10 4.84039e-07
4936.963433011437 7 6.57078e-07
4941.824013688676 10 1.59884e-07
4942.613433368411 7 5.275e-08
4947.474013535482 10 2.52402e-07
4948.263433405982 7 1.08159e-07
4951.261308901842 3 2.56096e-08
4957.06130882567 3 2.77768e-07
4960.963433504873 7 3.75299e-08
4960.974013783669 10 3.36991e-08
4968.811309098469 3 1.36602e-08
4969.963433320926 7 1.36112e-07
4969.974013617069 10 4.26026e-08
4975.238886530005 6 7.17687e-08
4979.261308791695 3 8.17327e-08
4980.888886486417 6 3.89929e-08
4984.911308470935 3 1.72203e-06
4987.338886310651 6 1.06157e-07
4991.257164810455 9 3.60163e-07
4995.297703100474 11 1.49252e-07
5000.107164983511 9 6.9594e-08
5000.947703265208 11 2.14337e-08
5004.838886463585 6 1.70325e-07
5012.657165033101 9 1.32262e-07
5012.697703254624 11 3.0729e-08
5019.138886359172 6 1.87165e-07
5024.661308783771 3 1.53647e-07
5024.938886264958 6 3.44611e-07
5031.238886244549 6 1.93191e-07
5036.057165071869 9 1.06205e-07
5040.088886445394 6 1.00761e-07
5044.097702924214 11 7.21726e-07
5044.107165054384 9 1.06157e-07
5049.37433268585 4 3.28426e-07
5049.897703400445 11 9.56403e-08
5054.257165069051 9 1.1185e-07
5055.697702996337 11 3.42123e-07
5065.363433293461 7 5.48102e-08
5066.239210530707 6 2.43116e-08
5067.774013876038 10 4.80474e-08
5071.163433407526 7 4.91138e-08
5073.574013672032 10 3.93532e-08
5078.985791005623 5 7.68757e-08
5084.785791134026 5 2.76537e-08
5092.688886721632 6 2.00173e-08
5094.307165168964 9 8.82424e-08
5096.66343347928 7 4.83041e-08
5099.138886419289 6 1.19597e-07
5111.897702943475 11 3.45924e-07
5111.95716507133 9 2.08457e-07
5117.697703072949 11 9.13424e-08
5118.32433276756 4 1.86983e-07
5121.607164810688 9 7.96969e-07
5123.347703531396 11 2.44701e-08
5127.874332737139 4 3.88657e-07
5132.047703289095 11 2.31436e-08
5132.857165241049 9 8.57082e-09
5136.78888673039 6 4.21001e-08
5138.507165131232 9 8.85558e-08
5139.947703358639 11 2.00592e-08
5139.974666014162 4 1.05635e-07
5144.157164784222 9 5.08023e-07
5145.747703029013 11 1.25858e-07
5146.424333047905 4 3.97602e-08
5154.474332900171 4 1.02034e-07
5159.247703161127 11 1.13677e-07
5160.124332968473 4 1.03172e-07
5163.907165089308 9 4.16867e-08
5165.697703275713 11 4.1167e-08
5170.439282402018 6 1.57287e-07
5177.707165051789 9 4.20768e-08
5183.113433249434 7 3.73003e-07
5183.87401384348 10 1.13101e-07
5189.674013742131 10 9.23065e-08
5189.713433298495 7 1.22776e-07
5191.961308907769 3 2.01921e-08
5195.474013829032 10 2.94338e-08
5195.513433209346 7 4.17611e-07
5202.411308699059 3 6.84415e-08
5209.275111518236 10 6.60636e-07
5209.963433242457 7 2.66255e-07
5215.074013427125 10 8.65308e-07
5215.763433198221 7 5.98875e-07
5220.874013778984 10 4.53725e-08
5221.56343368589 7 1.6469e-08
5226.524013648509 10 1.63993e-07
5227.213433615458 7 3.57902e-08
5232.032288461017 2 1.2512e-07
5233.624013840434 10 1.10102e-07
5234.463433559163 7 4.19638e-08
5235.911308816323 3 1.32943e-07
5242.474013674044 10 1.84413e-07
5242.513433235013 7 1.05585e-07
5248.274013840219 10 8.0025e-08
5248.313433224759 7 4.28266e-07
5255.207165065862 9 1.99041e-07
5259.997703236699 11 7.29575e-08
5260.857164775133 9 5.14894e-07
5269.707165078707 9 1.21678e-07
5278.407165241245 9 5.09721e-08
5279.938886378343 6 1.06928e-07
5286.457164927346 9 1.37656e-07
5288.047703093905 11 1.70926e-07
5292.638886075676 6 2.44186e-06
5293.411308890892 3 3.87527e-08
5298.357164919221 9 4.03333e-08
5304.007165247592 9 3.56499e-08
5305.54770304907 11 4.44566e-08
5307.024333300458 4 2.5581e-08
5309.657164906837 9 8.20143e-08
5311.19770296946 11 1.97574e-07
5315.307165152338 9 1.82925e-08
5320.039345424996 6 3.79507e-08
5321.75716492226 9 1.08675e-07
5327.557165190014 9 7.40679e-08
5330.447703457769 11 4.42684e-08
5333.388886203472 6 2.78363e-07
5334.911309236052 3 2.13118e-08
5340.557165184955 9 6.71335e-08
5342.23888612826 6 1.08108e-06
5343.761308573656 3 9.46235e-07
5347.889291229937 6 6.68472e-07
5349.411308743029 3 8.31467e-08
5353.538886356731 6 9.01473e-08
5355.061308925689 3 2.88501e-08
5359.188886109186 6 5.88367e-07
5367.797703278515 11 5.97899e-08
5367.807164913394 9 1.40018e-07
5370.724332962148 4 1.44669e-07
5373.597703213827 11 4.35823e-08
5376.524333259043 4 1.43714e-08
5379.707164988511 9 8.6121e-08
5382.938886746946 6 4.77436e-08
5386.15716492985 9 2.11047e-07
5386.947703297273 11 3.70109e-08
5391.80716495488 9 8.44825e-08
5394.188886407638 6 1.33454e-07
5397.4571648333 9 3.11393e-07
5402.23888617166 6 5.92819e-07
5403.761308782745 3 8.48574e-08
5407.889219451022 6 5.16657e-08
5409.411308856322 3 1.11365e-07
5413.357164757592 9 2.87911e-07
5419.157164702766 9 6.70217e-07
5426.913433268274 7 2.63188e-07
5427.674013725341 10 1.53355e-07
5432.713433119679 7 4.57205e-07
5433.474013601625 10 2.30816e-07
5438.363433268475 7 3.12015e-07
5439.124013605801 10 3.45052e-07
5447.282288141557 2 7.26329e-07
5456.932288584078 2 6.14784e-08
5462.58228832533 2 1.0314e-07
5469.832288117207 2 6.48039e-07
5475.632288292672 2 8.91364e-08
5478.524013765817 10 5.19311e-08
5484.674013706651 10 1.91346e-07
5485.46343297774 7 4.00753e-06
5488.632288612921 2 1.62419e-08
5490.324013768912 10 6.97205e-08
5491.113433591784 7 3.4652e-08
5494.282288336768 2 1.45554e-07
5500.624436832693 10 5.46084e-08
5501.382288291509 2 5.52413e-08
5507.832288242224 2 1.51683e-07
5513.482288416844 2 1.25178e-07
5519.132288103115 2 5.44036e-07
5524.782288302872 2 1.25824e-07
5531.882288539335 2 5.99969e-08
5537.532287956574 2 6.36995e-05
5539.874013841713 10 3.95838e-08
5543.182288278829 2 1.8598e-07
5545.413433290872 7 2.54715e-07
5545.524013697552 10 3.49562e-08
5555.213433659478 7 7.25127e-08
5556.588886419251 6 8.26851e-08
5563.988886606855 6 3.81593e-08
5570.257165101674 9 5.87934e-08
5572.838886472236 6 5.00894e-08
5576.063433213382 7 3.59127e-07
5576.77401374535 10 4.11745e-08
5579.861308911916 3 1.11204e-07
5583.163433282262 7 1.92505e-07
5583.224013660161 10 2.15045e-07
5588.963433475866 7 8.216e-08
5589.024013804376 10 1.03445e-07
5592.582288570557 2 2.02499e-08
5596.36343333582 7 5.26974e-08
5596.588886564358 6 5.20751e-08
5597.224013681362 10 6.12678e-08
5602.163432988531 7 6.58942e-07
5603.024013772704 10 1.97142e-08
5607.813433459063 7 1.02844e-07
5608.674014111783 10 1.16454e-08
5611.761309086907 3 1.22427e-08
5613.438886437668 6 8.7975e-08
5613.463433357144 7 1.26201e-07
5617.357165087505 9 1.07318e-07
5624.038886717883 6 2.50002e-08
5624.064003636545 7 2.18274e-08
5625.674013617507 10 1.39164e-07
5633.074013672822 10 6.89575e-08
5633.863433145612 7 5.7455e-07
5640.438698964517 8 5.77428e-08
5646.088698775026 8 8.98223e-08
5652.538698767094 8 6.62489e-08
5658.188699185263 8 8.952e-09
5660.463433587244 7 6.38326e-08
5662.857164840059 9 7.30689e-07
5671.707165161062 9 5.5927e-08
5674.84770298168 11 6.13881e-07
5675.674332912838 4 4.01907e-08
5678.157165050945 9 1.02629e-07
5680.497703080328 11 1.22221e-07
5681.324332931827 4 9.31708e-08
5685.407165049791 9 6.48775e-08
5686.147703055477 11 7.49344e-08
5691.05716492314 9 4.4945e-07
5691.797703221722 11 9.8098e-08
5695.638886092351 6 3.01029e-06
5696.461309078348 3 4.29384e-08
5700.513433333386 7 9.83855e-08
5701.274013929229 10 8.71388e-08
5701.438886543864 6 4.17818e-08
5707.71130889079 3 6.21054e-08
5713.361308981389 3 5.13915e-08
5716.524013855447 10 4.14828e-08
5716.563433388242 7 1.3132e-07
5722.324013771313 10 4.88332e-08
5722.363433421395 7 3.87011e-08
5728.124013943758 10 1.72425e-08
5728.163433432027 7 1.28094e-07
5728.538886569546 6 2.81106e-08
5728.611309180708 3 3.216e-08
5733.963433313653 7 1.90519e-07
5734.574013727844 10 2.13999e-08
5736.738886565415 6 1.81095e-08
5738.261390830969 3 6.3692e-08
5739.76343339112 7 1.18718e-07
5740.37401353413 10 2.06216e-07
5746.738698668184 8 1.68438e-07
5752.53869872179 8 1.14264e-07
5761.538698745602 8 1.39098e-07
5765.535790952844 5 2.19419e-07
5767.188698773336 8 6.62723e-08
5770.957165213275 9 7.91276e-08
5773.638698744786 8 4.48344e-08
5779.288723902765 8 3.48869e-07
5786.38869863105 8 2.99641e-07
5787.985790714693 5 6.09808e-07
5792.0386989229 8 2.858e-08
5795.157165306934 9 4.01878e-08
5797.688698857779 8 9.59598e-08
5802.43579106496 5 7.83634e-08
5803.338698518847 8 6.21783e-07
5808.988698710593 8 8.07883e-08
5814.63869878143 8 1.11003e-07
5820.288698742215 8 3.4e-08
5825.938698651502 8 1.86077e-07
5828.73579113602 5 3.27146e-08
5831.738699102665 8 2.44151e-08
5835.985790914901 5 1.11269e-07
5842.36343310048 7 1.39424e-06
5842.374013727899 10 3.5745e-08
5847.188886586171 6 2.57804e-08
5848.16343344593 7 1.63998e-07
5850.424013733152 10 8.02703e-08
5853.813433411373 7 3.43838e-08
5856.807165086698 9 1.47239e-07
5868.113433309903 7 1.25186e-07
5868.874013588033 10 1.22162e-07
5872.039300317398 6 1.10818e-07
5873.763433204606 7 4.32746e-07
5874.524013651994 10 1.04509e-07
5879.413433288705 7 2.43126e-07
5880.174013724476 10 1.13664e-07
5880.738886874074 6 3.80168e-08
5885.063433427 7 7.79927e-08
5887.907165125466 9 9.70989e-08
5893.707165191137 9 5.94783e-08
5895.047703256013 11 3.66238e-08
5899.357164880547 9 1.7779e-07
5903.897703061865 11 2.31368e-07
5905.157164744752 9 4.93896e-07
5910.424657108243 4 3.7238e-08
5911.297702908915 11 4.46335e-07
5911.757165052842 9 2.6778e-08
5916.788886735076 6 2.79644e-08
5918.357165025676 9 6.83865e-08
5919.347703288886 11 7.71752e-08
5920.724333070526 4 2.35193e-08
5924.997703144274 11 7.21706e-08
5926.407165150677 9 6.10466e-08
5927.974332930988 4 6.24139e-08
5930.647703310684 11 6.94825e-08
5933.657165078692 9 7.20371e-08
5944.813433262307 7 1.9849e-07
5945.524013975631 10 4.14366e-08
5951.263433067277 7 3.2368e-07
5951.324013687776 10 3.91416e-08
5957.124013854294 10 4.53993e-08
5960.113433475825 7 1.0572e-07
5962.924013541439 10 4.96711e-07
5965.913433395506 7 1.11164e-07
5968.724013753685 10 8.90774e-08
5972.682288568709 2 6.62285e-08
5976.863433201929 7 3.4808e-07
5976.924013595896 10 3.05371e-07
5982.66343343651 7 5.99168e-08
5982.724013693897 10 7.73637e-08
5986.288886523572 6 7.77776e-08
5990.207164818229 9 5.36208e-08
5991.648801233281 11 8.95928e-08
5996.007164916892 9 4.05711e-07
6001.447703151188 11 1.73525e-07
6001.524332809493 4 2.83283e-07
6006.308262970933 9 2.70204e-07
6007.24770324653 11 1.01429e-07
6009.575430833623 4 1.74719e-07
6011.957164976056 9 5.90568e-08
6012.897703021299 11 3.25406e-07
6015.224333259652 4 2.09311e-08
6017.607164817672 9 9.8713e-07
6022.397703099068 11 8.2355e-08
6023.257165212625 9 7.3294e-08
6028.907165082361 9 7.1998e-08
6030.447703015755 11 3.42941e-07
6041.607164968045 9 2.50996e-07
6047.947703241555 11 5.41579e-08
6048.057165295345 9 4.24724e-08
6049.575430663912 4 6.29451e-07
6053.74770295335 11 6.81326e-07
6057.557165099161 9 1.62644e-08
6059.074332887158 4 1.6285e-07
6059.547703263487 11 7.49379e-08
6075.938886207477 6 1.87582e-07
6081.738886590862 6 6.55561e-08
6083.207165039114 9 8.24156e-09
6086.863433190532 7 6.7787e-07
6087.72401379056 10 7.80841e-08
6088.839318691927 6 1.19345e-08
6092.663433481596 7 5.88368e-08
6093.524014084662 10 1.87098e-08
6100.124013941301 10 4.75947e-08
6104.863433524263 7 7.28564e-08
6106.361309041189 3 6.80199e-08
6108.174013901147 10 5.17901e-08
6112.161309051996 3 2.19365e-08
6117.811309006098 3 5.56987e-08
6125.711308820321 3 1.0334e-07
6129.824013637138 10 2.01714e-07
6130.513433118583 7 4.86791e-07
6135.474013769047 10 4.08534e-08
6136.163433283402 7 8.03582e-08
6140.857164952103 9 2.41275e-07
6143.297703326072 11 4.38476e-08
6146.657164918282 9 1.53526e-07
6152.307164987417 9 8.62843e-08
6156.213433376111 7 6.01198e-08
6161.774013912693 10 4.84986e-08
6162.013433282294 7 4.14127e-07
6165.007164974589 9 1.27624e-07
6171.813433118684 7 4.0247e-07
6172.074013728687 10 8.9191e-08
6177.613433487895 7 2.31088e-08
6180.107164897993 9 3.40201e-07
6184.947703052894 11 1.0043e-07
6185.774332707349 4 8.28737e-07
6190.747703089255 11 1.6841e-08
6191.57433307614 4 1.96185e-08
6192.307165032335 9 1.5595e-07
6196.397702888722 11 1.54254e-06
6197.957164727628 9 9.78966e-07
6203.347702936072 11 5.97282e-07
6203.75716513568 9 1.74748e-08
6209.813433304133 7 1.13295e-07
6210.524013914516 10 4.72544e-08
6220.263433356235 7 2.34251e-07
6221.124013719783 10 1.01691e-07
6225.913433396405 7 9.32364e-08
6226.774013642505 10 1.57985e-07
6228.961308869869 3 9.18105e-08
6233.874013888701 10 5.5844e-08
6237.013433227848 7 1.16836e-07
6239.52401404153 10 1.01429e-08
6243.157164728297 9 1.64737e-06
6244.847703565851 11 1.96907e-08
6250.557165058411 9 3.25645e-08
6250.647703446298 11 2.98434e-08
6252.738886827411 6 2.47028e-08
6259.557165186816 9 5.68642e-08
6259.647703041501 11 3.3525e-07
6260.424332871824 4 1.0039e-07
6265.357165194846 9 7.54888e-08
6265.447703093279 11 2.13831e-07
6268.174332613007 4 3.29379e-06
6271.157165064823 9 5.56956e-08
6271.247703384387 11 1.33659e-08
6277.047703358567 11 3.98333e-08
6280.47433282656 4 2.14266e-07
6282.557165043256 9 9.09115e-08
6282.697703004559 11 3.3267e-07
6288.91343359141 7 5.27429e-08
6292.235790966074 5 2.09071e-07
6297.157165502465 9 7.82937e-08
6297.738886342111 6 2.61815e-07
6299.424013964556 10 8.31081e-08
6299.513433330082 7 7.75291e-08
6305.224013726503 10 6.31809e-08
6305.313433247378 7 2.77041e-07
6311.02401384646 10 2.10369e-08
6311.113433264336 7 3.87856e-07
6316.285790833956 5 2.68987e-07
6323.535791016382 5 3.27141e-08
6329.185791269316 5 3.93348e-08
6334.835790976708 5 7.86211e-08
6343.385790903403 5 2.4657e-07
6350.657164907392 9 4.35067e-07
6352.197703342872 11 6.53955e-08
6356.338886550723 6 3.00136e-08
6357.757165023502 9 4.80916e-08
6359.297703116148 11 8.18089e-08
6363.407165360032 9 5.97771e-08
6364.239309487304 6 1.25597e-07
6371.347703002263 11 2.84631e-07
6371.457165067574 9 3.75037e-08
6376.138886302104 6 2.04594e-07
6377.761308727095 3 2.13572e-07
6383.357164786408 9 5.41352e-07
6385.147703278282 11 1.80524e-08
6389.007165348408 9 1.66748e-08
6389.224332901205 4 7.16883e-08
6390.797703092209 11 9.23746e-08
6394.874332997405 4 4.87867e-08
6396.257164889652 9 1.22332e-07
6396.447703145739 11 8.21411e-08
6402.588886542861 6 5.67022e-08
6411.507165049924 9 1.32185e-07
6420.197703270808 11 3.60027e-08
6420.224332752958 4 2.82534e-07
6422.607165142154 9 2.14875e-08
6431.439107986782 6 3.57286e-07
6433.011308747801 3 1.00534e-07
6437.238886470914 6 1.09186e-07
6438.661308640481 3 3.75159e-07
6442.88888600533 6 2.32912e-05
6444.461308574357 3 6.33782e-07
6448.688886274461 6 1.21021e-07
6451.607164783011 9 7.22932e-07
6457.713433634763 7 3.31401e-08
6459.288886367243 6 1.48976e-07
6464.4571652117 9 6.35042e-08
6466.688886555094 6 3.00856e-08
6466.713433589858 7 4.32446e-08
6472.061308909017 3 6.77161e-08
6472.488886483319 6 2.94976e-08
6472.513433507559 7 6.44755e-08
6476.024013695974 10 1.65355e-07
6478.511308983678 3 4.85658e-08
6479.91343330919 7 1.06827e-07
6481.824013909016 10 4.15803e-08
6488.311308655862 3 9.68096e-08
6494.824013769326 10 7.64018e-08
6495.313433323698 7 7.59249e-08
6496.388886437089 6 9.04048e-08
6504.357165106875 9 1.07357e-07
6509.238886267781 6 1.96168e-07
6511.561308721472 3 3.86022e-07
6514.888886143815 6 1.01408e-06
6517.361308654441 3 2.2681e-07
6520.538886301168 6 6.23498e-08
6525.207164911026 9 1.83059e-07
6529.113433155284 7 1.35913e-07
6529.924013615544 10 9.02752e-08
6532.438886652821 6 2.11115e-08
6534.057164843371 9 2.58019e-07
6539.707165001514 9 8.38615e-08
6540.397703156623 11 2.11905e-07
6545.357164722498 9 9.92617e-07
6546.197703465671 11 4.73789e-08
6551.847703370059 11 5.50589e-08
6555.807164910903 9 8.73332e-08
6558.888886073785 6 2.38952e-07
6559.711308754076 3 1.78284e-07
6565.361308703687 3 2.44525e-07
6566.138886224586 6 5.07778e-07
6571.011309099303 3 4.4429e-08
6571.788886366847 6 1.36575e-07
6576.661308785708 3 8.53733e-08
6577.438886136174 6 1.58804e-06
6583.08888650188 6 2.4672e-08
6584.507164967563 9 1.8003e-07
6589.347703116087 11 1.39039e-07
6590.157165256369 9 4.32853e-08
6590.874332804964 4 2.16103e-07
6594.997703228336 11 9.57245e-08
6595.807164722019 9 8.24983e-07
6601.389108011324 6 9.40916e-08
6603.761308896999 3 1.06093e-07
6607.038886293398 6 1.8224e-07
6612.688886375369 6 8.39961e-08
6618.257164916028 9 1.60605e-07
6619.047703276352 11 3.97861e-08
6623.024332717493 4 2.89917e-07
6625.497703188747 11 6.52268e-08
6628.674332774562 4 1.27073e-07
6631.147703104825 11 1.43351e-07
6632.557164958731 9 2.12233e-07
6638.207164798363 9 3.50221e-07
6639.047703207733 11 4.34968e-08
6643.857164843732 9 2.63706e-07
6646.147703141679 11 1.42485e-07
6648.374332780083 4 3.4463e-07
6650.957165392935 9 1.30533e-08
6651.797703260981 11 2.82276e-08
6656.607165062175 9 1.10609e-07
6660.589327610582 6 3.57907e-08
6662.407164882677 9 2.56586e-07
6667.997703058769 11 1.98332e-07
6668.057165018754 9 1.58154e-07
6671.838886557508 6 4.60755e-08
6674.113433385647 7 6.9791e-08
6674.924013773523 10 9.45176e-08
6681.282288265585 2 1.7881e-07
6688.532288207349 2 1.34019e-07
6696.582288599396 2 6.12507e-08
6704.632288555336 2 3.42087e-08
6713.332288425952 2 3.28018e-08
6718.982288545698 2 5.59238e-08
6727.032288188361 2 3.99324e-07
6732.682288293784 2 6.80753e-08
6739.78228835582 2 1.45968e-07
6740.57401388325 10 4.69833e-08
6745.432288563992 2 5.79576e-08
6748.563433264508 7 7.5842e-08
6748.624013744721 10 4.89609e-08
6751.738886523068 6 1.95767e-08
6753.85716485354 9 4.63208e-07
6755.397702926627 11 1.98852e-07
6756.074333134791 4 3.9521e-08
6761.197702972948 11 5.96296e-07
6761.907164787395 9 4.28258e-07
6768.024332835057 4 1.75397e-07
6769.39770290594 11 1.46725e-06
6770.757165099142 9 1.06946e-07
6777.057165038325 9 1.21604e-07
6781.538886573857 6 5.6854e-09
6785.611308670531 3 2.22858e-07
6787.338886350704 6 1.90705e-07
6791.261308855509 3 1.39152e-07
6793.138886335621 6 1.06012e-07
6797.561308554091 3 1.20439e-06
6798.788886546892 6 4.68091e-08
6803.211308718568 3 1.67195e-07
6807.788886270947 6 2.49947e-07
6808.8613090181 3 4.88157e-08
6813.588886270209 6 7.7594e-08
6819.388886596977 6 4.61817e-08
6820.80716491191 9 9.74904e-08
6822.397703120703 11 8.69436e-08
6826.224332709074 4 1.74214e-07
6828.197702919092 11 1.16761e-06
6828.857165028682 9 9.73892e-08
6835.447702991159 11 1.74259e-07
6836.224333040161 4 3.88601e-08
6837.85716518864 9 8.67781e-08
6841.09770310347 11 1.17018e-07
6841.874332965753 4 1.04407e-07
6847.547703201721 11 1.2468e-07
6848.30716498619 9 1.41912e-07
6851.424333172477 4 7.00224e-08
6853.197703358405 11 5.83537e-08
6860.297703109836 11 1.13607e-07
6865.074333243301 4 3.86726e-08
6865.807165008924 9 6.36996e-08
6865.9477033939 11 3.85853e-08
6870.724332729574 4 5.09182e-07
6871.597702969689 11 8.05051e-07
6873.057164875964 9 2.32057e-07
6876.375431027244 4 5.29958e-08
6877.397703364871 11 2.02601e-08
6884.15716475081 9 9.64842e-07
6884.797703179285 11 1.13682e-07
6889.957164868531 9 1.78939e-07
6892.738886796323 6 5.52688e-09
6893.563433496508 7 1.17544e-07
6895.224013753236 10 9.97935e-08
6897.232288287022 2 1.07287e-07
6903.032288281889 2 1.7563e-07
6911.23228831425 2 6.50774e-08
6913.024013705597 10 6.46376e-08
6913.763433443708 7 7.71184e-08
6918.238886483053 6 7.13783e-08
6919.563433495766 7 3.00977e-08
6919.62401386022 10 2.29206e-08
6930.53579095882 5 5.39448e-08
6936.186889122845 5 2.69953e-08
6944.557165224751 9 4.86226e-08
6950.297703096161 11 1.62686e-07
6950.357164861117 9 4.58237e-07
6956.688886596115 6 4.09147e-08
6959.357164960772 9 1.13987e-07
6965.00716509331 9 3.32668e-08
6966.988886488914 6 3.21515e-08
6975.307165001125 9 1.47185e-07
6976.097703019948 11 1.63667e-07
6979.474332869415 4 2.2678e-07
6981.747702961866 11 5.1344e-07
6982.407164918885 9 1.43878e-07
6989.363433289137 7 5.86045e-08
6990.224013691893 10 4.09565e-08
6995.882288294063 2 5.24465e-08
7008.082288197381 2 2.96407e-07
7018.363433247056 7 4.77773e-07
7018.424013618128 10 2.17896e-07
7023.761309132307 3 2.73076e-08
7029.561308913452 3 3.3662e-08
7035.361308802722 3 7.02291e-08
7037.763433152555 7 2.4612e-07
7037.82401352446 10 2.50274e-07
7045.163433445771 7 6.81922e-08
7048.857164910416 9 1.31889e-07
7053.647703274408 11 5.84902e-08
7054.507164900111 9 2.32794e-07
7057.639309536193 6 2.88295e-08
7059.613433309149 7 1.72072e-07
7060.424013835439 10 2.88284e-08
7065.413433737041 7 3.42633e-08
7065.861308931545 3 2.85397e-08
7068.62401384046 10 4.08204e-08
7076.824013843563 10 4.19824e-08
7077.613433510375 7 5.34045e-08
7079.511308648608 3 2.01227e-08
7085.161308922068 3 4.83595e-08
7089.024013587015 10 1.83558e-07
7089.032288624037 2 4.52377e-08
7089.813433253411 7 1.10892e-07
7095.507164737105 9 7.1735e-07
7101.307164969603 9 1.94811e-07
7105.847703038868 11 3.42609e-07
7107.107164749433 9 6.76679e-07
7112.907164908631 9 2.94423e-07
7116.147703369953 11 2.5067e-08
7117.474332737849 4 2.10204e-07
7120.307165159062 9 2.79654e-08
7121.947703470971 11 2.1234e-08
7126.107165056558 9 2.64841e-08
7127.747703062403 11 3.86721e-07
7128.474333171065 4 3.78391e-08
7131.757165071952 9 1.50863e-07
7138.98579092132 5 7.46142e-08
7144.63579081468 5 7.59729e-07
7150.688698858248 8 6.26801e-08
7156.488698519115 8 1.11415e-06
7164.688698894049 8 8.30352e-08
7165.335790848071 5 1.19723e-07
7171.788698571308 8 4.93996e-07
7177.438698897775 8 1.11705e-07
7178.035790699355 5 2.13951e-06
7186.235791021681 5 8.13032e-08
7187.08869858268 8 1.97031e-07
7192.738698960042 8 5.02937e-08
7196.41343318725 7 2.04235e-07
7197.224013664995 10 1.27157e-07
