15.28187418674 3 2.45684e-08
16.179316237102 6 1.77911e-07
22.531874143965 3 1.00651e-07
31.429316152768 6 3.11015e-07
32.889952635887 7 1.99499e-07
32.981874197377 3 2.15956e-07
33.684958765083 10 2.06341e-07
33.713418405464 9 2.79687e-07
37.079316084949 6 1.51296e-06
42.879316442695 6 9.24505e-08
43.58187389533 3 3.43306e-07
80.035781318961 5 1.43658e-07
85.835781702352 5 1.43184e-08
92.285781508591 5 7.49664e-08
95.079316268976 6 2.17731e-07
97.089952976919 7 4.42646e-08
101.935781299436 5 1.32373e-07
107.735781773362 5 2.02664e-08
109.679316329124 6 2.51167e-07
114.595788081536 2 3.99707e-08
115.479316427372 6 5.16739e-08
116.145121241861 8 2.98747e-08
116.339952607462 7 2.25448e-07
122.795787998974 2 9.15303e-08
128.595787920639 2 1.54433e-07
129.150399697749 11 2.97145e-08
135.695787810573 2 2.72532e-07
135.750399661237 11 5.37899e-08
142.350399546344 11 1.16919e-07
147.745787926732 2 1.08272e-07
148.150399721083 11 5.97365e-08
153.395788186465 2 4.74339e-08
156.350399391433 11 3.1591e-07
159.04578777535 2 2.46353e-07
160.345120975342 8 2.08523e-07
162.150399777232 11 4.09741e-08
165.345788111266 2 8.16624e-08
167.800399300958 11 1.53794e-06
168.545121065756 8 6.19173e-08
171.795787924061 2 1.96151e-07
173.450399589114 11 2.70725e-07
176.595121161213 8 8.97219e-08
177.44578801958 2 1.9465e-07
182.68578152722 5 3.34738e-08
195.685781280512 5 2.2594e-07
201.485781327268 5 7.67825e-08
204.515587698248 4 2.74833e-07
209.535781341648 5 5.69129e-08
213.365587650494 4 2.29517e-07
219.165587852396 4 4.44834e-08
223.985781122137 5 2.18005e-06
229.365587808202 4 1.05452e-07
235.165587816697 4 6.71045e-08
241.485781402387 5 1.49474e-07
244.365587837865 4 1.0296e-07
251.765587659738 4 4.13932e-07
258.185781657277 5 8.81953e-09
267.865587704736 4 3.07424e-07
273.515587812587 4 8.38326e-08
275.835781433706 5 3.81741e-08
279.965587956172 4 1.16934e-07
287.865587826821 4 2.07089e-07
291.885781239908 5 2.93715e-07
297.535781463251 5 5.61545e-08
307.185781395436 5 2.80277e-08
313.27931628306 6 1.57625e-07
314.681874493038 3 4.71023e-08
347.8857815956 5 2.68151e-08
353.685781367801 5 1.90619e-07
362.685781468099 5 9.88339e-08
370.885781316443 5 1.6226e-07
376.685781128314 5 3.61309e-07
383.935781194265 5 3.56469e-07
386.365587838308 4 1.01008e-07
389.58578169898 5 6.22486e-08
395.115587851489 4 8.47147e-08
400.915587661839 4 1.36787e-07
403.385781427465 5 7.87357e-08
442.335781485041 5 3.92822e-08
451.835781316058 5 2.71325e-08
487.735781624106 5 5.66705e-08
490.279316513903 6 1.3394e-07
492.539952785745 7 6.04125e-08
494.295787948685 2 1.02335e-07
497.113418602059 9 1.49312e-07
497.529316267508 6 2.28524e-07
498.684959145917 10 7.29665e-08
498.731874318175 3 9.20956e-08
499.139952568991 7 6.41826e-08
504.595788152387 2 4.42595e-08
508.550399804201 11 3.40368e-08
510.245788245404 2 1.63843e-08
512.629316208536 6 1.91496e-07
514.239952596625 7 8.79374e-09
515.845120841217 8 4.41998e-07
518.113418525517 9 1.11578e-07
519.079316220615 6 1.60608e-07
519.889952905307 7 3.60222e-08
524.585781640458 5 6.69056e-09
527.895788077757 2 3.80515e-08
529.529316491576 6 6.09394e-08
531.139952608355 7 1.70261e-07
531.913418423391 9 1.97811e-07
532.484959080274 10 2.11534e-08
532.531874335471 3 5.29468e-08
535.145788170929 2 7.41153e-08
535.17931655027 6 6.03928e-08
538.389952754461 7 1.71023e-08
539.895120935497 8 5.24139e-08
541.779316215228 6 3.69673e-07
547.9957882451 2 9.27355e-09
550.20039950571 11 8.04929e-08
553.645787881281 2 1.74916e-07
553.695120879665 8 9.04178e-08
556.000399914236 11 3.52995e-08
559.445788089111 2 1.03457e-07
561.800399723318 11 9.63417e-08
564.145120874028 8 1.93547e-07
565.095787756091 2 5.07006e-07
572.900399563816 11 8.13058e-08
572.995787711634 2 1.32925e-06
573.645120856361 8 3.94598e-07
578.700399544197 11 1.06045e-07
578.795787777735 2 4.22157e-07
580.095121411373 8 2.63529e-08
584.500399729848 11 9.0821e-08
584.595787843953 2 9.67343e-08
588.945121287026 8 2.30427e-08
590.395788079554 2 6.80586e-08
594.479316294797 6 1.78978e-07
596.039952617966 7 2.77613e-07
597.563418461738 9 2.79929e-07
598.331874214322 3 2.17891e-07
599.084959121024 10 3.47663e-08
600.84512138622 8 1.01018e-08
601.689952719986 7 1.15752e-07
601.729316081162 6 5.21093e-07
603.213418664825 9 9.37552e-08
606.300399797578 11 4.67518e-08
606.445787813011 2 6.1079e-07
606.495121067363 8 6.87851e-08
612.245788175345 2 1.04073e-08
614.695121150482 8 4.18855e-08
614.729316446565 6 1.58693e-07
615.489952533247 7 1.21549e-07
616.213418590059 9 1.07676e-07
622.129316536769 6 8.43071e-08
635.33187403607 3 1.26273e-07
636.57931659369 6 2.53362e-08
646.885781609392 5 3.87647e-08
651.029316442187 6 1.88973e-07
651.531874024127 3 4.03299e-07
652.413418858244 9 1.81677e-08
657.331874230535 3 8.17548e-08
670.135781484084 5 2.74909e-08
675.93187395059 3 4.53381e-07
680.029316549696 6 5.66683e-08
681.731874378442 3 4.84339e-08
688.181873996932 3 9.00634e-08
688.229316477343 6 6.11793e-08
693.981874278869 3 9.19997e-08
696.584959149264 10 3.67319e-08
702.029316234294 6 3.94316e-07
703.781873831662 3 2.55278e-06
708.463418875697 9 3.27525e-08
708.479316577916 6 2.86757e-08
709.431874208972 3 8.89988e-08
715.231874314203 3 1.31169e-08
720.679316662476 6 6.26531e-08
723.635781405605 5 8.56075e-08
732.635781747884 5 2.61536e-08
758.435781424069 5 1.05348e-07
769.681874170264 3 1.17338e-07
775.331874320996 3 2.50972e-08
784.181874119242 3 2.14457e-07
786.479316438324 6 4.82591e-08
798.485781568901 5 4.18868e-08
800.279316540585 6 8.29169e-08
807.685781472125 5 6.804e-08
813.485781250857 5 5.36071e-07
816.365588120459 4 4.17172e-08
822.16558779792 4 9.36625e-08
824.585781307982 5 1.03136e-07
830.415587706837 4 3.04113e-07
832.48578145965 5 1.15146e-07
838.135781747642 5 2.30739e-08
839.265587875143 4 8.60682e-08
844.585781450986 5 2.43305e-08
846.865587656105 4 4.22554e-07
854.885781823056 5 1.85387e-08
855.71558774978 4 8.80478e-08
860.535781264105 5 7.67008e-08
866.265587976819 4 9.18556e-08
872.065587753453 4 1.93864e-07
874.985781536164 5 1.4988e-08
878.515587930308 4 9.80963e-08
884.315587511528 4 3.23799e-06
890.115587853305 4 1.61434e-07
895.685781187219 5 9.28881e-07
898.815587747548 4 8.46299e-08
904.615587894672 4 2.06859e-08
910.91558799599 4 5.01285e-08
918.165588038167 4 3.36705e-08
918.935781572454 5 4.5952e-08
924.585781489758 5 3.48386e-08
929.315587751971 4 1.26496e-07
934.085781284226 5 2.22482e-07
940.685781506006 5 7.4029e-08
952.885781346277 5 1.17228e-07
958.535781378707 5 1.35368e-07
972.335781614221 5 1.57754e-08
974.115587580349 4 5.08887e-07
979.765587971506 4 3.57436e-08
985.415587517238 4 6.80481e-07
996.51558787115 4 1.75364e-07
998.135781427414 5 5.22368e-08
1002.165588178805 4 3.97947e-08
1003.935781813577 5 9.25723e-09
1007.815587868092 4 1.41014e-07
1013.465587731518 4 1.49627e-07
1015.685781320228 5 1.07413e-07
1019.115587757184 4 5.28412e-08
1026.285781652249 5 2.60002e-08
1026.865587857875 4 1.19913e-07
1032.665587611984 4 1.24192e-06
1035.785781263006 5 2.62217e-07
1039.765587878724 4 1.09061e-07
1047.015587831537 4 9.45102e-08
1052.485781549119 5 2.28235e-08
1056.36558766771 4 3.23755e-07
1058.935781869919 5 1.44153e-08
1062.165588114519 4 5.28731e-08
1066.985781832641 5 1.93393e-08
1072.635781478507 5 1.35766e-07
1074.865587806015 4 4.06202e-08
1080.665587725093 4 3.45678e-07
1082.285781498133 5 8.82951e-08
1090.185781591166 5 2.7792e-08
1095.83578162379 5 5.91154e-08
1104.515587828802 4 5.8881e-08
1110.935781331955 5 7.68995e-08
1116.645787712653 2 1.97613e-06
1118.095120971386 8 1.03783e-07
1118.200399359269 11 3.81999e-07
1122.295788141415 2 5.59055e-08
1123.85039952255 11 1.45604e-07
1123.895120953569 8 1.03574e-07
1127.945787955222 2 8.76826e-08
1129.650399825804 11 4.38425e-08
1131.795120972785 8 8.06248e-08
1133.595788127699 2 6.36613e-08
1135.450399418161 11 3.15037e-07
1139.245787867602 2 4.821e-07
1140.495121166821 8 2.19339e-08
1141.250399762569 11 3.87455e-08
1145.845788060676 2 6.62256e-08
1147.679316248502 6 2.49989e-07
1147.68995256151 7 1.04111e-07
1148.513418641392 9 9.88373e-08
1150.145120935355 8 7.95078e-08
1153.479316566168 6 5.12135e-08
1153.489952586717 7 1.47756e-07
1156.413418601444 9 5.4233e-08
1158.045120918785 8 1.48261e-07
1158.845788262175 2 5.46081e-08
1159.279316298805 6 1.56631e-07
1159.289952786185 7 2.18052e-08
1165.879316441171 6 8.63083e-08
1170.689952988536 7 9.72984e-09
1171.679316531387 6 6.39696e-08
1174.095787907429 2 2.47328e-07
1174.89512102732 8 8.43051e-08
1176.489952604438 7 5.52177e-08
1179.745788147534 2 3.26466e-08
1182.929316703265 6 4.10805e-08
1226.23578129189 5 1.1784e-07
1294.979316538663 6 6.36006e-08
1298.863418703193 9 6.40367e-08
1298.939952544005 7 9.26521e-08
1301.429316171092 6 4.15144e-07
1304.545121058065 8 2.29518e-07
1304.73995276376 7 5.27984e-08
1306.195788139416 2 5.3514e-08
1307.079316580221 6 4.07066e-08
1312.729316171899 6 1.33047e-07
1314.845121360357 8 4.24343e-08
1314.895788240009 2 4.65957e-08
1322.78578168497 5 4.0912e-08
1343.679316358957 6 8.53602e-08
1348.695787827253 2 3.93858e-07
1350.000399451704 11 1.97879e-07
1350.245121229476 8 1.35142e-08
1358.195787952791 2 5.1132e-08
1359.800399427833 11 4.109e-07
1359.895120942895 8 1.24286e-07
1363.84578786768 2 2.46809e-07
1365.600399897978 11 2.51289e-08
1365.695121348722 8 3.18372e-08
1369.495787978049 2 9.87161e-08
1374.600399606732 11 3.90345e-08
1379.495121258553 8 7.5598e-08
1379.645787812372 2 3.51073e-07
1385.295121481301 8 2.15606e-08
1385.295788163334 2 4.4808e-08
1390.000399737153 11 3.81048e-08
1391.095788024053 2 7.93069e-08
1395.636114403724 5 6.93431e-08
1401.285781406962 5 8.05658e-08
1410.779316551219 6 4.09749e-08
1412.445787924695 2 9.50211e-08
1413.99512115304 8 4.79698e-08
1414.739952751955 7 5.5992e-08
1416.429316323323 6 9.44078e-08
1437.185781301785 5 9.99096e-08
1442.985781323989 5 6.52547e-08
1448.629316354612 6 1.61233e-07
1450.095788077596 2 7.52393e-08
1450.19512089544 8 9.8072e-08
1454.279316258814 6 1.00925e-07
1454.763418967909 9 3.96565e-08
1454.78995279798 7 6.10786e-08
1456.695788122494 2 2.59278e-08
1457.945120968871 8 1.36919e-07
1462.735781739472 5 2.70959e-08
1474.135781314177 5 2.75351e-07
1479.935781543261 5 2.50441e-08
1485.585781472145 5 1.03251e-07
1490.01558775786 4 1.59985e-07
1494.285781481362 5 6.53932e-08
1499.935781758962 5 2.3931e-08
1505.735781366764 5 1.281e-07
1511.535781418645 5 6.50182e-08
1552.535781508188 5 2.84677e-08
1564.585781754832 5 1.48945e-08
1597.435781660146 5 5.67919e-08
1607.085781620346 5 4.76062e-08
1626.335781392007 5 7.82089e-08
1650.179316297865 6 1.72193e-07
1680.635781524278 5 3.92767e-08
1693.181874145242 3 1.65819e-07
1697.429316342671 6 1.70662e-07
1698.163418667427 9 1.7681e-08
1698.981874137439 3 8.15613e-08
1704.679316587523 6 1.07196e-08
1704.781874446555 3 5.53329e-08
1724.685781380575 5 8.29863e-08
1729.679316562183 6 1.34695e-07
1730.145121084052 8 4.75942e-08
1730.195788087248 2 1.26584e-08
1734.485781532749 5 8.47103e-08
1768.785781485548 5 5.89676e-08
1778.435781344451 5 6.79395e-08
1816.73578139942 5 8.85049e-08
1841.58578165148 5 1.83462e-08
1852.835781854538 5 1.0959e-08
1868.735781658299 5 3.7437e-08
1877.585781326043 5 3.77129e-08
1883.235781723466 5 1.80938e-08
1884.77931650268 6 3.76994e-08
1890.395788018748 2 8.51484e-08
1896.085781286961 5 6.01747e-08
1899.115587686041 4 1.18633e-07
1907.185781528282 5 2.8116e-08
1912.835781403868 5 7.92561e-08
1914.415587904191 4 8.04092e-08
1918.485781641054 5 5.60849e-08
1920.065587470054 4 4.62351e-06
1925.715587747723 4 1.80216e-07
1927.335781380817 5 7.73272e-08
1932.985781681254 5 3.09526e-08
1936.845788337671 2 4.60459e-09
1940.885781671899 5 2.85486e-08
1945.695788075805 2 3.47124e-08
1951.145120945887 8 3.7479e-08
1951.345787809989 2 2.96069e-07
1951.850399337224 11 3.59133e-07
1956.995787950626 2 5.877e-08
1961.595120911545 8 2.5648e-07
1962.645787873199 2 1.33404e-07
1963.250399894585 11 4.03223e-08
1965.629316543822 6 3.35076e-08
1966.989952912415 7 2.39625e-08
1970.363418769048 9 6.78593e-08
1971.429316297064 6 2.40274e-07
1974.390319322588 7 5.81265e-08
1976.945788292289 2 3.04142e-08
1977.729316221389 6 6.43134e-08
1980.045121104584 8 7.89404e-08
1984.785781455494 5 1.19862e-07
1990.585781788965 5 1.79066e-08
1996.385781418807 5 6.35438e-08
2002.185781295491 5 2.34451e-07
2007.985781375104 5 4.07438e-08
2013.785781402303 5 7.9807e-08
2019.4357816324 5 7.67615e-09
2025.779316239462 6 2.46801e-07
2028.19578785816 2 6.60331e-08
2028.245121115288 8 4.09347e-08
2031.429316824608 6 2.88732e-08
2036.135781758139 5 1.6814e-08
2042.735781429256 5 1.76617e-08
2048.535781757125 5 2.98493e-08
2050.829316503985 6 1.06448e-07
2053.195788070175 2 4.71635e-08
2053.895121035641 8 5.4583e-08
2057.42931639453 6 5.62666e-08
2058.439952789888 7 9.26209e-08
2062.995788043418 2 1.43562e-07
2068.029316166503 6 9.83444e-07
2073.679316731053 6 2.37605e-08
2082.335781641398 5 2.52632e-08
2090.529316439105 6 7.34765e-08
2091.231873985634 3 2.99999e-07
2093.484959111592 10 3.72616e-08
2093.613418683914 9 6.51135e-08
2094.489952822367 7 4.84536e-08
2096.881874016167 3 2.174e-07
2101.629316728728 6 2.32317e-08
2103.331874030662 3 2.59911e-07
2104.884958995835 10 5.68921e-08
2105.663418640348 9 6.7101e-08
2107.4293165373 6 3.22496e-08
2112.785781627515 5 1.23908e-08
2124.985781625202 5 1.93128e-08
2132.235781347764 5 1.78565e-07
2148.285781497806 5 6.03072e-08
2157.115588068321 4 2.22849e-08
2158.735781864094 5 4.62825e-08
2162.765587595281 4 2.32541e-07
2165.835781254465 5 2.67035e-07
2168.415587726263 4 2.24832e-07
2174.06558780297 4 7.77472e-08
2176.13578177106 5 2.73839e-08
2179.715587926007 4 7.96892e-08
2186.585781606009 5 4.38343e-08
2190.515587984539 4 8.44671e-08
2193.035781339946 5 1.30664e-07
2196.815587997557 4 7.90176e-08
2201.885781245522 5 2.55818e-07
2207.479316068283 6 4.06343e-06
2208.939952815712 7 3.13286e-08
2211.195788269628 2 2.6761e-08
2214.72931635617 6 1.15577e-07
2219.395788009341 2 5.64846e-08
2222.350399462776 11 2.35453e-07
2222.445121221668 8 4.38592e-08
2225.995787822433 2 1.68354e-07
2229.750399573408 11 4.0962e-08
2234.045787869191 2 8.08525e-08
2234.645121232484 8 3.4377e-08
2235.550399765398 11 3.69415e-08
2245.200399414758 11 1.17309e-07
2245.94578792604 2 2.01308e-07
2246.045120935067 8 2.5142e-07
2253.345788114707 2 4.09373e-08
2254.050399897587 11 4.72117e-08
2256.345120998663 8 2.57816e-08
2259.645788201096 2 3.61927e-08
2261.950399573864 11 1.12473e-07
2262.795121084511 8 1.51418e-07
2265.295787977971 2 7.30849e-08
2270.000399462002 11 3.08308e-07
2270.945787778641 2 1.00566e-07
2276.45039974253 11 2.37463e-08
2277.245788172949 2 1.19592e-07
2281.095121333312 8 4.47043e-08
2282.100399790839 11 6.80681e-08
2284.495788032346 2 1.25608e-07
2287.545120900782 8 9.48305e-08
2287.750399390742 11 2.20374e-07
2290.145787848006 2 1.37739e-07
2293.400399912028 11 2.29615e-08
2298.045787912873 2 1.79352e-07
2299.200399635677 11 5.57379e-08
2303.695787760317 2 6.43022e-07
2304.395121107881 8 6.35371e-08
2305.000399788199 11 5.13656e-08
2309.345788057056 2 9.7192e-08
2309.979316614772 6 2.08898e-08
2310.045120994776 8 2.24134e-07
2311.539952821365 7 7.28717e-08
2313.86341868227 9 1.05136e-07
2315.779316467446 6 5.41387e-08
2321.579316177743 6 9.0137e-08
2322.13995262323 7 1.11298e-07
2322.581874327434 3 8.69433e-08
2322.863418834208 9 3.18191e-08
2327.379316506899 6 2.12353e-08
2327.684958781045 10 1.31197e-07
2327.789952841461 7 5.20616e-08
2328.381874065812 3 2.4832e-07
2328.513418422647 9 4.63247e-07
2333.17931660191 6 4.95316e-08
2338.89512125598 8 3.46943e-08
2338.979316407613 6 1.1128e-07
2339.039952493242 7 1.59444e-07
2339.913418461536 9 3.90101e-07
2340.53495914431 10 7.02317e-08
2346.045787818566 2 2.19031e-07
2347.095120967027 8 5.84935e-08
2347.350399545228 11 5.85152e-08
2351.845788168839 2 4.77348e-09
2352.89512126958 8 2.65097e-08
2353.000399479082 11 1.17995e-07
2357.645787610025 2 2.63473e-05
2358.6503993927 11 3.7362e-07
2358.695120963671 8 8.50574e-08
2363.295787950045 2 1.77723e-07
2364.450399391431 11 3.00392e-07
2364.495121062463 8 7.09588e-08
2368.945787925058 2 8.16651e-08
2370.250399658505 11 1.07243e-07
2372.695121077911 8 1.21023e-07
2376.195788170675 2 3.68065e-08
2380.850399534456 11 1.17812e-07
2383.295788045513 2 3.66131e-08
2386.65039972178 11 3.56174e-08
2388.945787937445 2 1.37795e-07
2391.295121200579 8 5.32269e-08
2392.300399507485 11 1.59888e-07
2394.595787972962 2 3.94267e-08
2398.600399448449 11 2.84877e-07
2401.695787896438 2 7.63007e-08
2402.545121221697 8 1.39733e-08
2405.579316299256 6 1.8776e-07
2407.239952426601 7 7.64848e-07
2407.313418546064 9 1.91442e-07
2408.734959287705 10 2.9921e-08
2410.545788303497 2 1.85398e-08
2410.595121034933 8 2.19725e-07
2411.379316406236 6 1.04672e-07
2413.039952456306 7 3.31775e-07
2413.113418807875 9 4.22304e-08
2416.345788201495 2 8.98479e-08
2417.179316545248 6 9.79454e-08
2417.99512103531 8 1.44499e-07
2418.839952389513 7 2.58845e-06
2419.713418489893 9 1.60785e-08
2421.134958676089 10 2.53714e-07
2421.181874242276 3 1.10597e-07
2424.639952445521 7 5.9075e-07
2425.363418914669 9 1.74553e-08
2425.379316465662 6 7.83808e-08
2426.195121008796 8 1.06355e-07
2430.289952787814 7 6.75201e-08
2431.179316481793 6 6.45339e-08
2431.963418514118 9 2.31843e-07
2434.245121096664 8 2.97788e-08
2435.939952603371 7 5.62274e-08
2436.829316071487 6 1.54835e-06
2437.381874418413 3 2.781e-08
2441.285781240283 5 2.57497e-07
2447.915587837776 4 4.88877e-08
2456.535781517314 5 5.91534e-08
2459.715587746955 4 2.323e-07
2462.33578138876 5 1.92505e-07
2465.515588090721 4 8.58542e-08
2467.985781236733 5 6.22434e-08
2489.485781494984 5 7.71806e-08
2492.729316542279 6 5.58179e-08
2493.34578809953 2 6.59399e-08
2494.14512100971 8 1.27774e-07
2495.039952451767 7 1.7744e-07
2495.713418554021 9 2.59885e-07
2498.379316116803 6 9.68528e-07
2499.031874548877 3 4.68981e-08
2510.985781742311 5 3.58562e-08
2523.036146413657 5 9.40078e-08
2534.285781489179 5 3.55111e-08
2579.135781697231 5 3.0924e-08
2590.281874286139 3 4.70522e-08
2594.279316414745 6 1.23955e-07
2619.929316263576 6 2.01584e-07
2621.489952689695 7 4.30556e-08
2621.51341889622 9 4.25642e-08
2623.795787991933 2 8.42545e-08
2626.229316507467 6 4.77019e-08
2629.435781585856 5 5.63347e-08
2635.235781240284 5 2.17162e-07
2646.485781273255 5 1.82534e-07
2692.78578169772 5 2.32327e-08
2705.381874048845 3 1.81585e-07
2708.02931677531 6 2.36957e-08
2711.181874278105 3 6.11089e-08
2720.079316344641 6 7.03889e-08
2721.595787987175 2 1.31931e-07
2723.700399395218 11 1.77202e-08
2723.795120963654 8 2.6774e-07
2727.395787922716 2 8.85902e-08
2731.900399432165 11 4.38132e-07
2733.045788034915 2 3.55276e-08
2733.595120768644 8 5.14299e-07
2737.700399762341 11 3.91537e-08
2739.495787888232 2 1.81544e-07
2740.195121052203 8 1.06292e-07
2745.145788205334 2 5.5e-08
2749.100399487436 11 1.44722e-07
2749.195121030881 8 5.62994e-08
2750.79578816436 2 2.3657e-08
2754.90039938743 11 2.78649e-07
2754.995120944872 8 2.43504e-07
2756.595787860225 2 2.74132e-07
2760.700399445141 11 2.07819e-07
2760.795121171183 8 3.31175e-08
2762.395788032805 2 1.2667e-07
2768.100399778515 11 1.84916e-08
2769.795788022611 2 1.17117e-07
2770.595121089237 8 7.40391e-08
2775.595787696064 2 1.99152e-06
2776.300399567567 11 1.60878e-07
2781.245788060868 2 3.70534e-08
2781.845121312702 8 7.45876e-08
2781.950399468525 11 1.14128e-07
2787.600399228887 11 4.52725e-06
2788.345787951326 2 6.79846e-08
2788.445121062209 8 1.08938e-07
2795.745787961625 2 1.20426e-07
2796.300399447897 11 3.24555e-07
2796.495121267205 8 2.27661e-08
2801.545788250029 2 4.28561e-08
2801.950399896058 11 3.74356e-08
2807.345787939136 2 1.63848e-07
2810.650399542856 11 1.90696e-07
2812.245121018022 8 2.46683e-07
2813.145788230286 2 1.01356e-08
2816.450399232258 11 4.16661e-06
2818.795787931 2 8.45416e-08
2821.895120951873 8 1.58187e-07
2822.100399307498 11 1.10155e-06
2824.445787883906 2 8.22762e-08
2827.750399461473 11 2.58248e-07
2833.145788077291 2 9.5266e-08
2833.550399701436 11 4.80859e-08
2838.945787756398 2 9.29768e-07
2839.350399479905 11 3.72826e-07
2839.545120774548 8 8.07688e-07
2844.745787968152 2 1.51878e-07
2846.679316516678 6 3.88914e-08
2854.079316207932 6 3.13221e-07
2856.145787982349 2 1.74888e-07
2856.395120928909 8 2.76937e-07
2861.979316258253 6 9.82013e-08
2862.489952872115 7 5.69786e-08
2863.645120916615 8 2.75287e-07
2864.345788065286 2 3.31482e-08
2867.629316371568 6 1.34677e-07
2870.79578812728 2 6.98025e-08
2873.089952960998 7 5.02071e-08
2873.279316235348 6 2.42132e-07
2878.385781545681 5 3.39269e-08
2891.579316222698 6 3.94649e-07
2892.181874245306 3 1.39829e-07
2899.629316471278 6 8.15651e-08
2901.795120987027 8 1.54202e-07
2901.895788260285 2 5.98268e-08
2902.739952488399 7 1.56199e-07
2904.113418378664 9 3.70614e-07
2905.03495876168 10 1.88287e-07
2905.279316663444 6 4.60314e-08
2905.831874025992 3 3.78719e-07
2908.389952614034 7 1.83375e-07
2909.913418775173 9 4.75635e-08
2910.83495862544 10 2.52129e-07
2911.631874349587 3 8.53212e-08
2915.5793164867 6 6.7516e-08
2915.713418366013 9 1.1557e-06
2916.439952507031 7 2.58724e-07
2916.484959163008 10 6.66271e-08
2923.385781145324 5 1.75987e-06
2930.785781451833 5 6.57081e-08
2940.585781488336 5 7.86988e-08
2948.635781272357 5 1.25598e-07
2958.135781374874 5 2.37051e-08
2964.585781526886 5 7.30062e-08
2983.036928652795 5 4.41311e-08
2989.01558785361 4 3.69193e-08
2996.535781542975 5 8.0177e-08
3003.785781582363 5 3.94941e-08
3005.315588095541 4 1.02119e-07
3011.115587712798 4 1.47693e-07
3015.835807585168 5 1.74068e-07
3018.06558776021 4 8.30435e-08
3023.715588059907 4 2.62648e-08
3024.535781651168 5 5.10457e-08
3029.365587772795 4 1.29428e-07
3035.015587774222 4 1.25411e-07
3037.385781735553 5 2.94211e-08
3040.665587881362 4 1.27569e-07
3046.885781241492 5 1.24359e-07
3052.685781470106 5 1.1194e-07
3059.935781475098 5 7.68272e-08
3062.979316325401 6 1.85065e-07
3064.639952807685 7 3.89465e-08
3065.945787819865 2 3.47261e-07
3065.995121140789 8 1.13542e-07
3071.745788041465 2 1.0207e-07
3071.800399486057 11 1.17818e-07
3077.545787674643 2 3.44497e-06
3077.600399613305 11 6.1776e-08
3078.195121033303 8 6.39716e-08
3084.200399602684 11 5.96541e-08
3085.445788146196 2 5.74731e-08
3088.645121136519 8 7.67314e-08
3091.095787946333 2 7.02488e-08
3091.600399372775 11 1.6068e-07
3096.695121222153 8 2.77945e-08
3096.745788042507 2 9.64766e-08
3097.400399710551 11 4.75899e-08
3102.545787988219 2 1.23242e-07
3103.200399423763 11 1.27369e-07
3104.745121081023 8 6.65381e-08
3111.545788180192 2 3.23525e-08
3112.200399655039 11 1.14309e-07
3114.245120946094 8 1.91684e-07
3117.345788130026 2 2.68474e-08
3119.600399682721 11 9.96717e-08
3120.695121268434 8 6.44033e-08
3123.945788191663 2 9.48512e-08
3127.829316437069 6 8.98282e-08
3131.995787898445 2 2.43066e-07
3132.745120983759 8 4.94633e-08
3134.289952599606 7 8.13744e-08
3134.929316504225 6 6.54964e-08
3138.163418475862 9 2.75402e-07
3138.934958862097 10 9.44714e-08
3139.681874010573 3 4.37707e-07
3140.08995303383 7 4.04969e-08
3141.529316307726 6 9.11898e-08
3143.96341845986 9 1.44937e-07
3144.734958817412 10 1.061e-07
3145.739952500555 7 1.07475e-07
3147.32931659308 6 5.75735e-08
3147.881874166315 3 2.57332e-07
3149.61341853411 9 1.35262e-07
3151.389952641475 7 1.65739e-08
3151.995120881217 8 3.22113e-07
3152.695788374452 2 2.64838e-08
3153.629316668107 6 4.71169e-08
3155.413418740519 9 7.07459e-08
3158.49578791364 2 1.05e-07
3193.029316525414 6 1.66666e-08
3194.695788010042 2 1.09644e-07
3196.19512098156 8 4.88127e-08
3196.239952738507 7 1.25738e-07
3199.479316550779 6 3.59173e-08
3201.795788210247 2 2.06701e-08
3216.395787973444 2 1.04519e-07
3220.050399480757 11 2.29489e-07
3222.045788065409 2 1.40594e-07
3225.279316538631 6 2.74369e-08
3225.995120995835 8 1.59644e-07
3226.039952684078 7 9.60842e-08
3227.313418600161 9 1.66374e-07
3228.784959234431 10 3.88732e-08
3228.881874442695 3 6.21935e-08
3230.929316571785 6 2.6596e-08
3232.995788060945 2 5.72788e-08
3234.99512124455 8 5.39818e-08
3235.839952355109 7 1.12597e-06
3236.163418489453 9 5.40153e-08
3236.984959218724 10 6.10129e-08
3237.379316061982 6 1.11757e-06
3237.731874368666 3 1.05757e-08
3243.179316114768 6 1.05473e-06
3243.889952554812 7 7.02903e-08
3244.363418479999 9 3.19711e-07
3245.131874015493 3 1.57982e-07
3245.184958880578 10 2.93867e-07
3248.829316212951 6 1.93394e-07
3249.539952812261 7 3.6951e-08
3255.779316464018 6 6.5839e-08
3257.439952812237 7 5.67535e-08
3257.995788218689 2 7.84131e-08
3258.095120975891 8 2.33275e-07
3261.429316670652 6 2.28406e-08
3265.489952559284 7 1.92225e-07
3266.163418672454 9 9.90716e-08
3267.079316272966 6 3.04509e-07
3271.095120979348 8 8.63042e-08
3271.13995282027 7 6.78656e-08
3271.79578792112 2 1.82611e-07
3274.179316333523 6 1.50398e-07
3279.979316738271 6 4.27672e-08
3279.99578809485 2 5.03579e-08
3280.095120849749 8 1.40849e-07
3281.439952676413 7 4.0671e-08
3286.595788138441 2 6.45095e-08
3287.379316364636 6 1.3124e-07
3292.839952805592 7 6.93429e-08
3293.179316080381 6 1.83271e-06
3302.135781352705 5 8.26593e-08
3304.57931668329 6 6.77689e-08
3310.379316430389 6 2.3946e-08
3310.795788313585 2 4.42212e-08
3318.19578791841 2 1.8676e-07
3337.535781476654 5 1.15282e-07
3340.829316186845 6 1.0482e-07
3342.21341875638 9 3.66409e-08
3342.339952588471 7 2.20276e-07
3343.845120886545 8 1.16186e-07
3344.645788157073 2 3.97827e-08
3346.479316313251 6 6.59615e-08
3346.931874274632 3 2.18492e-08
3347.634958712997 10 3.7465e-07
3347.989952786906 7 9.89092e-08
3348.013418477414 9 1.16793e-07
3352.129316308967 6 5.21492e-08
3354.445121287174 8 1.75816e-08
3357.779316282266 6 9.41573e-08
3357.789952652466 7 4.20288e-08
3363.579316239744 6 3.08929e-07
3366.463418710212 9 1.15483e-07
3366.489952606519 7 1.75815e-07
3369.379316661193 6 1.83536e-08
3370.445788070051 2 9.28364e-08
3372.895121349976 8 2.98424e-08
3375.979316053923 6 3.7758e-06
3377.089952570197 7 2.19057e-07
3378.695121098047 8 4.97637e-08
3381.779316699356 6 1.49842e-08
3382.645788346231 2 5.94993e-08
3382.88995257297 7 1.03888e-07
3383.963418560881 9 8.27462e-08
3386.095120986473 8 7.4751e-08
3387.929316557321 6 5.43045e-08
3391.08578179093 5 9.62523e-09
3510.835781462364 5 6.1097e-08
3521.435781436434 5 8.10744e-08
3527.235781351812 5 7.92147e-08
3529.565587578015 4 6.41409e-07
3535.215587606621 4 2.8921e-07
3538.335781734979 5 3.2022e-08
3550.265587914005 4 9.18137e-08
3551.835781335264 5 7.39311e-08
3555.915587771119 4 1.19888e-07
3560.035781389342 5 1.4859e-07
3562.215587881565 4 5.57459e-08
3567.935781365835 5 1.13745e-07
3578.385781496449 5 2.54629e-08
3584.03578180168 5 3.21503e-09
3589.685781337968 5 1.15509e-07
3597.735781330876 5 1.13501e-07
3627.88578158542 5 6.18136e-08
3635.135781224158 5 1.68353e-07
3639.865587781144 4 1.48787e-07
3645.665587643871 4 5.15978e-07
3648.78578186489 5 1.50986e-08
3655.23578139063 5 5.65355e-08
3658.315587966924 4 6.03775e-08
3663.965588095276 4 2.99748e-08
3669.535781407249 5 3.4653e-08
3675.985781312807 5 1.84124e-07
3711.885781356585 5 2.04122e-07
3715.815587688821 4 2.2263e-07
3721.615587922175 4 9.02384e-08
3723.136101740655 5 1.6729e-08
3727.265587664313 4 8.71378e-08
3732.915587610215 4 6.99368e-07
3740.785781437872 5 7.71513e-08
3742.46558787601 4 1.57724e-08
3748.115587696864 4 3.22549e-07
3753.915588169344 4 3.33506e-08
3759.565587531899 4 7.79144e-07
3765.365587789409 4 1.72055e-07
3771.085781417353 5 1.23456e-07
3775.86558781672 4 5.21334e-08
3778.335781424228 5 1.1489e-07
3783.915587749008 4 7.99329e-08
3789.565587937694 4 8.78209e-08
3795.98578139173 5 3.7596e-08
3801.565587629458 4 4.60072e-07
3805.48578121706 5 4.33256e-07
3811.13578116712 5 6.56447e-07
3814.015587817047 4 8.57594e-08
3819.815587984775 4 7.60953e-08
3824.635781672429 5 4.27419e-08
3825.615587859528 4 3.4776e-08
3831.265587662567 4 3.94742e-07
3835.885781428278 5 4.35448e-08
3838.215587617952 4 2.9531e-07
3843.935781278102 5 1.65544e-07
3858.385781412399 5 1.20183e-07
3882.33187419723 3 3.42615e-08
3883.979316351432 6 8.6331e-08
3884.663418935427 9 2.65061e-08
3887.981874057833 3 2.14564e-07
3891.879316243367 6 3.32349e-07
3893.631874447546 3 1.87353e-08
3898.32931648138 6 4.31231e-08
3902.33187431043 3 7.06882e-08
3907.085781815375 5 1.58811e-08
3930.379316302738 6 8.58575e-08
3935.88995252287 7 2.13645e-07
3936.02931645385 6 5.18726e-08
3936.713418986984 9 2.79942e-08
3937.495120785292 8 6.43572e-07
3938.150399647383 11 8.46734e-08
3939.345788109095 2 9.09299e-08
3941.679316214192 6 2.63152e-07
3949.535781129124 5 2.34343e-06
3953.415587518374 4 2.59359e-06
3959.335781565749 5 2.18272e-08
3961.61558767102 4 1.6715e-07
3968.215587835179 4 4.23875e-08
3972.18578136078 5 2.94679e-08
3977.8357813721 5 5.3685e-08
3983.635781467065 5 7.32536e-08
3986.529316661682 6 7.78177e-08
3987.245788081884 2 9.90778e-08
3989.695121015329 8 6.90925e-08
3990.350399582955 11 5.85617e-08
3993.045788193184 2 2.71741e-08
3998.579316588665 6 4.71867e-08
4000.145787987752 2 1.40906e-07
4005.945788318607 2 5.58791e-08
4006.629316465375 6 1.32961e-07
4008.145120858648 8 1.13627e-07
4011.745788263085 2 3.26199e-08
4012.279316353522 6 4.90298e-08
4012.889952857357 7 5.73411e-08
4018.195788146347 2 2.47026e-08
4019.529316099959 6 1.10531e-06
4020.631874434159 3 2.49001e-08
4020.913418728073 9 7.46599e-08
4021.089952576221 7 6.77068e-08
4022.595121088202 8 8.01328e-08
4023.995787903766 2 1.5575e-07
4026.73995278088 7 8.04242e-08
4028.229316579877 6 6.39539e-08
4028.395121295035 8 5.73287e-08
4031.885781291307 5 2.71948e-07
4037.68578166415 5 2.41036e-08
4042.595788078923 2 4.48413e-08
4044.429316232663 6 2.88741e-07
4045.339952504572 7 2.02708e-07
4045.463418688466 9 9.01757e-08
4050.229316653171 6 2.40532e-08
4079.229316484848 6 6.44739e-08
4079.881874059478 3 2.06716e-07
4088.635781349401 5 1.70127e-07
4102.435781394381 5 2.42719e-08
4107.145787887277 2 3.84924e-07
4108.595121083391 8 6.78044e-08
4108.700399942657 11 2.57808e-08
4112.795787970429 2 9.13288e-08
4115.150399503502 11 1.75382e-07
4116.795121205414 8 5.96063e-08
4118.445788088459 2 3.19445e-08
4121.600399662824 11 3.11082e-08
4127.945787855313 2 1.97384e-07
4129.500399404825 11 3.56168e-07
4130.295121186387 8 1.05981e-07
4135.150399776911 11 4.0175e-08
4137.595787887857 2 7.0869e-08
4139.145121349468 8 5.61586e-08
4143.129316169457 6 3.35772e-07
4143.939952662634 7 1.85343e-07
4144.713418444452 9 2.30433e-08
4145.484958772752 10 3.64101e-07
4145.531874230592 3 2.33479e-08
4148.92931635298 6 1.68709e-07
4149.739952848096 7 1.06327e-08
4150.445788032213 2 7.98936e-08
4150.54512110282 8 7.11214e-08
4156.135781391419 5 6.97759e-08
4165.935781514918 5 8.39828e-08
4206.63578144195 5 9.23628e-08
4212.435781188758 5 2.01773e-07
4214.61558819528 4 4.3602e-08
4221.135781135282 5 8.62791e-07
4226.935781432697 5 1.19182e-07
4232.735781634989 5 1.92077e-08
4235.515587635237 4 2.26012e-07
4241.16558767169 4 3.63136e-07
4246.815587472231 4 6.15604e-06
4252.465587701295 4 2.84852e-07
4257.735781612795 5 7.14932e-08
4263.615587645472 4 7.02277e-07
4269.265587710185 4 4.54295e-07
4275.065587578311 4 6.31335e-07
4280.865587555353 4 2.63242e-06
4286.665587701595 4 1.63626e-07
4292.315587617596 4 6.10328e-07
4297.965587962825 4 4.82297e-08
4303.615587878671 4 5.28048e-08
4309.265587857706 4 6.21541e-08
4311.235781259656 5 4.45343e-07
4315.565587770456 4 3.95855e-08
4321.215587712391 4 7.04878e-08
4328.235781582239 5 3.08601e-08
4329.915587584973 4 6.38459e-07
4337.165587720481 4 3.15517e-07
4343.615587645742 4 3.31546e-07
4349.885781247741 5 5.88937e-08
4372.335781621372 5 3.54387e-08
4375.379316180686 6 4.606e-08
4376.989952822897 7 8.63902e-08
4378.645788221276 2 6.19095e-08
4378.745121232526 8 6.75403e-08
4380.113418610615 9 1.74473e-07
4381.029316504839 6 4.59724e-08
4383.439952710671 7 1.42901e-07
4386.145120840869 8 7.16002e-07
4387.64578806653 2 5.96323e-08
4391.43578142453 5 4.73364e-08
4430.685781768936 5 3.43361e-08
4466.735781679209 5 1.68542e-08
4474.785825497297 5 1.59714e-07
4532.285781633287 5 4.79859e-08
4539.535781347623 5 3.42508e-08
4552.385781606847 5 3.63345e-08
4567.635781408779 5 6.10187e-08
4574.735781513725 5 6.88842e-08
4577.945788011196 2 5.04643e-08
4582.135781299059 5 1.14336e-07
4585.995787988473 2 1.04726e-07
4589.879316162346 6 2.56691e-07
4591.489952421967 7 7.06566e-07
4591.513418532351 9 2.48622e-07
4593.895120886893 8 2.66074e-07
4595.529316322011 6 1.60563e-07
4601.095787941922 2 4.08511e-08
4602.095120928076 8 5.61311e-08
4603.689952376638 7 5.70119e-07
4603.729316438811 6 2.18524e-07
4604.363418513287 9 2.05565e-07
4607.531874430682 3 3.9622e-09
4609.489952773313 7 5.40501e-08
4609.529316643697 6 1.50055e-08
4609.884958680564 10 1.09276e-07
4610.013418620137 9 4.35288e-08
4614.745788165685 2 3.77938e-08
4615.329316477847 6 7.09497e-08
4616.089952465875 7 2.23841e-07
4616.46341878516 9 4.42834e-08
4626.685781473513 5 2.01643e-08
4635.685781541176 5 3.61622e-08
4653.985781150316 5 2.08252e-07
4661.129316216806 6 2.26769e-07
4662.113418825886 9 6.47629e-08
4662.689953019641 7 3.60701e-08
4695.63578134234 5 1.56556e-07
4701.285781564226 5 6.85173e-08
4706.935781263998 5 2.95039e-07
4710.929316283949 6 2.42095e-07
4713.195788146438 2 4.25697e-08
4713.289952824535 7 7.93011e-08
4713.995120705504 8 1.11105e-06
4714.8003999845 11 4.19667e-08
4716.563418697153 9 1.25508e-07
4717.379316219167 6 4.57526e-07
4720.595788006775 2 7.0387e-08
4723.000399620168 11 5.92557e-08
4727.195787906825 2 2.19065e-07
4728.59512116335 8 4.02472e-08
4728.800399540993 11 8.99265e-08
4732.995787918348 2 1.01359e-07
4734.600399561097 11 6.09066e-08
4735.195121413664 8 1.58618e-08
4743.595788041629 2 4.73869e-08
4744.400399758579 11 7.80536e-08
4749.395788002214 2 4.5795e-08
4751.000399475148 11 8.94948e-08
4752.195120870963 8 4.79871e-07
4755.195787924104 2 6.1525e-08
4759.985781147925 5 7.31443e-07
4770.435781540371 5 2.54438e-08
4780.735781813474 5 2.39836e-08
4788.935781336049 5 1.66937e-07
4796.33578142989 5 6.38493e-08
4802.785781790136 5 1.4687e-08
4804.779316266416 6 1.08348e-07
4807.089952516126 7 1.39642e-08
4807.163418798382 9 3.71724e-08
4808.245121044805 8 1.71663e-07
4810.579316039242 6 3.79638e-06
4815.335781474992 5 9.33956e-08
4858.735781830976 5 1.95813e-08
4869.985781403146 5 1.91477e-07
4875.785781411459 5 4.81217e-08
4893.585781411316 5 6.75569e-09
4897.179316363861 6 1.63168e-07
4913.645788023696 2 7.10182e-08
4914.829316598737 6 5.21483e-08
4915.495121008018 8 1.64473e-07
4916.089952579774 7 1.85707e-07
4918.413418954921 9 3.78529e-08
4922.435781552984 5 5.11009e-08
4928.235781400904 5 1.48161e-07
4932.479316155122 6 3.65842e-07
4933.181874395759 3 2.13281e-08
4933.813418604184 9 1.27057e-07
4933.889952513193 7 3.33704e-07
4936.495121308988 8 5.65351e-08
4936.595788116811 2 5.17136e-08
4940.37931629763 6 1.49491e-07
4943.045787953638 2 3.00114e-07
4947.779316336394 6 6.27291e-08
4949.213418532065 9 3.56626e-07
4949.289952464433 7 5.83758e-07
4950.784958645178 10 3.68372e-07
4950.831874192517 3 7.3774e-08
4955.013418497844 9 2.64435e-07
4955.089952858301 7 4.41794e-08
4956.584958747182 10 3.34592e-07
4956.631874014112 3 2.70266e-07
4959.829316206825 6 3.70232e-07
4960.813418969668 9 2.4773e-08
4960.889952698404 7 1.25334e-07
4962.145120752612 8 6.8634e-07
4962.945788138055 2 9.43067e-09
4965.629316594442 6 1.48814e-08
4966.689952336313 7 2.24766e-06
4967.263418540416 9 1.16522e-07
4968.831874460211 3 4.93029e-08
4971.145788108545 2 3.91679e-08
4974.479316542245 6 3.93145e-08
4979.431874150081 3 2.67723e-08
4980.279316368716 6 8.20376e-08
4981.063418847676 9 3.46888e-08
4985.081873857272 3 1.36937e-06
5024.979316565242 6 2.41291e-08
5024.981874076977 3 2.40951e-07
5026.563418811601 9 7.28666e-08
5059.235781578559 5 1.95836e-08
5066.779316116986 6 3.81042e-07
5067.389952696084 7 1.01971e-07
5067.563418837983 9 5.37417e-08
5070.545788086265 2 5.55104e-08
5071.945120933142 8 9.32945e-08
5073.0399527489 7 1.07823e-07
5074.179316254917 6 2.77745e-07
5077.835781510695 5 8.56502e-08
5087.635781203474 5 2.99574e-07
5094.235781411438 5 8.25296e-08
5180.535781307579 5 1.10714e-07
5184.479316295777 6 1.04858e-07
5186.745788193531 2 3.62402e-08
5186.895121044203 8 2.06737e-07
5187.639952466311 7 4.3916e-07
5188.413418721287 9 5.57407e-08
5190.129316215877 6 2.57119e-07
5192.231874266716 3 1.46031e-07
5192.984959266554 10 3.53363e-08
5193.43995269815 7 5.43792e-08
5195.779316546938 6 3.94594e-08
5198.945788062635 2 3.48711e-08
5200.545121258966 8 2.31241e-08
5200.689952528399 7 1.12842e-07
5201.263418618806 9 1.14851e-07
5201.429316272543 6 1.44276e-07
5202.784958887163 10 1.46943e-07
5202.831873926461 3 1.20611e-06
5206.339952675667 7 4.03225e-08
5207.063418657972 9 9.10885e-08
5207.229316313066 6 4.97694e-08
5208.745121108959 8 6.9083e-08
5209.545788005121 2 1.40748e-07
5212.789952872517 7 4.40381e-08
5215.345788242359 2 5.99384e-08
5216.079316175378 6 7.2477e-07
5217.745120925447 8 1.0461e-07
5220.039952847238 7 7.21146e-08
5221.729316734556 6 2.45059e-08
5223.913418597191 9 1.62785e-07
5225.689952904051 7 3.88359e-08
5226.295121126159 8 8.29262e-08
5226.295788051373 2 6.31618e-08
5230.279316697397 6 6.69617e-08
5232.095120738177 8 1.20463e-06
5232.095788249903 2 2.18211e-08
5232.550399806849 11 5.45092e-08
5234.239952601894 7 1.53901e-07
5235.813418409052 9 4.49589e-07
5235.831874162072 3 1.31054e-07
5235.929316477899 6 1.0827e-07
5236.43495873441 10 1.82151e-07
5241.189952572515 7 2.98359e-07
5241.613418761886 9 1.1153e-07
5241.729316218115 6 2.96439e-07
5249.929316277353 6 1.28091e-07
5256.335781434675 5 4.22942e-08
5261.985781501086 5 5.99416e-08
5275.635781484895 5 5.842e-08
5293.979316146756 6 1.01134e-07
5293.981874260929 3 1.23659e-07
5294.613419001046 9 1.64041e-08
5301.135781555161 5 3.92996e-08
5343.779316545486 6 9.83532e-08
5343.781873967362 3 4.30851e-07
5344.413418953081 9 4.20116e-08
5349.579316788234 6 1.81283e-08
5349.582252124435 3 4.57885e-08
5355.381874360456 3 2.34317e-08
5389.035781354245 5 5.62953e-08
5398.685781547668 5 2.49448e-08
5403.581874189753 3 8.61108e-08
5407.379316304363 6 1.6846e-07
5408.313418774884 9 8.24453e-08
5409.231874197743 3 1.13867e-07
5415.535781456018 5 3.52348e-08
5421.18578160585 5 3.4977e-08
5434.779316526836 6 6.45926e-08
5437.095788033825 2 5.86411e-08
5438.695121291959 8 3.60907e-08
5440.429316328805 6 1.3965e-07
5442.745788001445 2 1.08585e-07
5446.700399529295 11 3.06126e-07
5448.395788113877 2 2.36552e-08
5449.145121147563 8 4.57571e-08
5454.845787989989 2 9.72445e-08
5456.350399651744 11 1.26825e-07
5462.000399400756 11 3.43948e-07
5467.545787927572 2 1.67451e-07
5467.6503997422 11 8.53656e-08
5469.995120852963 8 1.71304e-07
5474.14578798274 2 8.88374e-08
5475.550399529764 11 8.95408e-08
5478.045121033735 8 1.15626e-07
5479.795788117744 2 1.4699e-08
5485.929316396301 6 1.17245e-07
5487.695787940955 2 9.62202e-08
5488.495121052611 8 7.78497e-08
5492.400399609496 11 3.11319e-08
5493.345788197275 2 5.70219e-09
5496.395121238363 8 2.6893e-08
5499.645851907406 2 3.72225e-07
5501.250399550882 11 1.65962e-07
5502.045120668832 8 3.14161e-06
5505.29578813468 2 5.6352e-08
5507.700399456523 11 1.00559e-07
5510.945788057296 2 1.37977e-07
5512.345121047318 8 7.16001e-08
5513.350399619796 11 3.0288e-08
5516.595788015709 2 6.56885e-08
5519.000399350851 11 6.39613e-07
5519.595121035708 8 5.2252e-08
5524.345787832277 2 1.46085e-07
5524.650399518063 11 9.23679e-08
5528.445121081393 8 8.50471e-08
5531.600399730011 11 2.09414e-08
5534.095120914917 8 3.94489e-07
5535.59578819698 2 6.7042e-08
5537.250399272104 11 1.58718e-06
5539.745121156542 8 5.31799e-08
5541.245787912523 2 2.47541e-07
5542.900399455632 11 1.81794e-07
5548.285781424692 5 1.57047e-07
5554.085781807378 5 7.22974e-09
5576.379316206368 6 3.08145e-07
5577.889952554618 7 2.39919e-07
5577.96341883667 9 5.21337e-08
5580.334958902749 10 6.30045e-08
5582.179316482363 6 1.38874e-08
5582.845121295712 8 5.82832e-08
5586.089952507103 7 4.65989e-07
5586.963418879824 9 2.94078e-08
5587.829316474264 6 9.56131e-08
5590.245121197292 8 3.17862e-08
5591.739952966479 7 3.59728e-08
5592.495788052866 2 6.59653e-08
5592.550399823136 11 2.59832e-08
5595.013418730397 9 4.43058e-08
5595.079316186182 6 2.55674e-07
5601.679316462325 6 7.92219e-08
5606.295788049566 2 3.52038e-08
5607.329316343146 6 1.31264e-07
5608.58995248952 7 1.51819e-07
5608.663418569322 9 1.42986e-07
5610.134958753372 10 1.936e-07
5610.931874318928 3 3.21641e-08
5612.979316124196 6 5.72376e-07
5625.6793163673 6 1.59086e-07
5627.189952562838 7 2.33661e-07
5627.913418663213 9 9.43397e-08
5630.145120740955 8 6.41334e-07
5632.779316383938 6 1.26985e-07
5632.83995272367 7 1.4487e-07
5634.195788119009 2 1.50596e-07
5637.335781261638 5 5.54875e-08
5648.73578174915 5 3.31666e-08
5654.535781283706 5 1.86863e-07
5660.335781649153 5 2.00385e-08
5666.935781531668 5 4.46175e-08
5696.73187457939 3 3.03752e-08
5700.829316244896 6 3.22585e-07
5702.489952733199 7 4.48663e-08
5704.795788223539 2 3.04272e-08
5705.545121367848 8 1.70304e-08
5706.363418545356 9 9.23049e-08
5706.479316338011 6 2.69517e-07
5707.934958592661 10 8.51019e-07
5707.981874192566 3 2.16681e-07
5708.139952848974 7 4.49295e-08
5712.163418589291 9 4.2768e-08
5712.279316625929 6 1.14436e-08
5713.73495909609 10 2.34119e-08
5713.781874445209 3 3.48127e-08
5713.789952383791 7 8.18771e-07
5717.929316526506 6 1.06851e-07
5717.963418618255 9 4.89179e-08
5719.589952803004 7 6.41954e-08
5721.795788057926 2 8.74547e-09
5724.529316483662 6 4.75729e-08
5732.285781394409 5 9.32629e-08
5735.779316325832 6 3.99925e-08
5738.163418469055 9 5.4179e-07
5738.18995252657 7 2.39011e-07
5738.73495925998 10 3.36738e-08
5738.781874468815 3 4.05099e-08
5741.045788180862 2 2.36944e-08
5741.42931663458 6 5.50609e-08
5744.335781181056 5 4.17891e-07
5748.215587825791 4 1.46554e-07
5756.415587858841 4 1.39204e-07
5757.985781322121 5 6.76421e-08
5763.365587699546 4 2.45841e-07
5768.435781386236 5 8.47846e-08
5774.235781694998 5 2.27933e-08
5775.615588064569 4 8.99795e-08
5783.235781232531 5 5.47384e-07
5789.015587661933 4 3.41602e-07
5795.435781323602 5 1.65503e-07
5800.165587751014 4 2.45947e-07
5805.965587971742 4 5.62093e-08
5812.265587850473 4 1.30249e-07
5820.815587963763 4 3.35604e-08
5822.385781621581 5 1.16477e-08
5827.265587809482 4 3.97448e-08
5832.185781195939 5 6.44544e-07
5834.865587922597 4 1.33691e-07
5837.985781139768 5 1.26756e-06
5843.229316348127 6 2.18963e-07
5844.945121427631 8 3.69042e-08
5846.389953145105 7 3.85481e-08
5850.695788135995 2 5.46306e-08
5852.229316396786 6 9.20735e-08
5856.285781270932 5 2.5906e-07
5862.085781735807 5 3.3526e-08
5870.095788155019 2 9.02542e-08
5870.829316230149 6 3.42897e-07
5875.545120850522 8 2.59692e-07
5875.739952828965 7 4.60937e-08
5878.229316339082 6 6.64494e-08
5878.863418799674 9 2.21829e-08
5882.145787873387 2 2.1412e-07
5882.945121327135 8 4.1251e-09
5884.679316580392 6 5.07243e-08
5890.935781493774 5 7.55205e-09
5937.535781666036 5 3.24153e-08
5944.729316633359 6 4.31224e-08
5947.185781338602 5 1.78652e-07
5951.979316402251 6 6.40324e-08
5954.189952485502 7 1.69371e-07
5954.263418856473 9 1.75898e-08
5955.145120966799 8 1.45002e-07
5955.945787885701 2 1.82655e-07
5960.945121316756 8 4.10175e-08
5961.745788186665 2 8.18916e-08
5964.179316348523 6 1.02938e-07
5969.979316427587 6 5.76963e-08
5970.389952479021 7 2.88803e-07
5970.463418819641 9 4.1563e-08
5971.54512083608 8 5.42483e-07
5972.345788056933 2 8.87254e-08
5972.450399758484 11 3.95724e-08
5975.629316201263 6 1.8513e-07
5976.189952767668 7 1.11823e-07
5976.263418875403 9 3.81792e-08
5978.945788273642 2 3.893e-08
5981.279316436243 6 1.19963e-07
5982.795121069597 8 8.13449e-08
5983.589952562671 7 2.8376e-07
5984.463418718486 9 1.19072e-07
5987.07931655912 6 3.61895e-08
6080.57931668688 6 6.55571e-08
6084.585781473797 5 1.56823e-08
6088.629316053161 6 1.75333e-06
6089.389952559432 7 2.71645e-07
6090.263418521826 9 1.34563e-07
6093.395121344686 8 3.79208e-08
6094.279316525371 6 3.15881e-08
6095.039952488414 7 7.05849e-07
6098.163418518804 9 6.39534e-08
6099.845120924038 8 2.63694e-07
6101.4899523443 7 1.05378e-06
6101.529316489987 6 6.44507e-08
6102.784959280297 10 2.02102e-08
6104.595788301404 2 1.26779e-08
6106.213418591823 9 7.68066e-08
6107.031874638429 3 3.49749e-08
6107.28995254783 7 1.86733e-07
6107.32931647457 6 1.13744e-07
6108.545121114927 8 7.77159e-08
6111.984958616134 10 1.33029e-07
6112.013418505586 9 3.60657e-07
6113.48187411965 3 1.65652e-07
6116.32931649793 6 1.26594e-07
6117.784958638359 10 3.7173e-07
6117.813418788133 9 1.75007e-08
6119.28187418331 3 2.01545e-07
6120.789952783878 7 5.66277e-08
6123.58495869536 10 3.0107e-07
6123.613418356455 9 2.51219e-07
6125.731874088051 3 2.08214e-07
6128.039952679918 7 7.93824e-08
6128.079316295656 6 1.60013e-07
6129.413418918051 9 4.03637e-08
6131.195788233671 2 2.97985e-08
6138.435781345846 5 1.66039e-07
6145.835781490527 5 1.90722e-08
6151.485781436191 5 9.0835e-08
6157.935781419167 5 4.00722e-08
6165.335781438277 5 3.85934e-08
6173.07931648428 6 5.94805e-08
6174.345121072006 8 9.26866e-08
6174.595788049597 2 1.0565e-07
6207.33578146085 5 3.51386e-08
6216.185781291035 5 1.48232e-07
6221.695787957326 2 6.80579e-08
6226.545121092087 8 1.81992e-07
6227.495788395297 2 1.76188e-08
6228.089952577448 7 1.78902e-07
6228.179316239384 6 1.31736e-07
6228.813418472419 9 3.00223e-07
6229.584958814708 10 3.93126e-08
6229.631874065636 3 2.03305e-07
6233.495120991673 8 9.80292e-08
6233.889952845624 7 8.49645e-08
6234.745788240837 2 3.81468e-08
6234.750400021392 11 7.10036e-09
6236.229316206668 6 4.52743e-07
6241.035781342879 5 7.99981e-08
6274.035781619402 5 2.73523e-08
6290.085781406099 5 4.46498e-08
6295.885781712758 5 9.88759e-09
6298.829316598315 6 2.93706e-08
6302.145787967244 2 1.21223e-07
6307.945788075529 2 1.07808e-07
6308.095121067268 8 6.08737e-08
6314.485781545014 5 3.84833e-08
6320.285781147501 5 1.20683e-06
6349.135781376937 5 5.99078e-08
6377.831874084841 3 2.61056e-07
6378.729316605361 6 3.11723e-08
6433.081874110764 3 1.9276e-07
6436.379316484036 6 3.59941e-08
6438.58495911027 10 7.45582e-08
6438.731873930245 3 5.1726e-07
6444.279316446974 6 4.78363e-08
6444.381873978727 3 6.37085e-07
6455.435781493213 5 3.05635e-08
6460.479316315101 6 3.04438e-07
6462.685781740912 5 3.57988e-08
6471.579316109446 6 5.13249e-07
6472.213418778595 9 6.27113e-08
6472.281874294861 3 7.93662e-08
6472.989953067397 7 4.70072e-08
6477.229316270799 6 1.8855e-07
6478.013418307155 9 1.73905e-06
6478.081874279873 3 1.26137e-07
6478.634959105997 10 2.12642e-08
6478.789952538314 7 2.62052e-07
6483.529316338294 6 1.02429e-07
6485.389952446126 7 4.43433e-07
6486.213418647762 9 1.70543e-07
6488.381874001565 3 2.78798e-07
6489.084958900073 10 1.40857e-07
6492.013418563239 9 1.36358e-07
6492.379316273562 6 1.27894e-07
6493.139952554941 7 7.24105e-08
6511.48187411093 3 1.65669e-07
6511.629316321951 6 1.14797e-07
6512.21341884445 9 7.45794e-08
6517.281874051809 3 5.96432e-08
6518.079316254173 6 1.92731e-07
6526.585781468672 5 3.01603e-08
6529.979316366645 6 1.16492e-07
6546.785781894632 5 2.24226e-08
6560.381874064236 3 2.53691e-07
6560.413418990241 9 3.52089e-08
6560.429316551096 6 5.34611e-08
6566.181874199226 3 1.75126e-07
6575.03187402765 3 1.54764e-07
6575.829316272542 6 1.6431e-07
6576.389952867907 7 5.03436e-08
6576.463418769142 9 5.54714e-08
6580.831874115378 3 1.52452e-07
6585.885781376935 5 1.29854e-07
6603.431874265211 3 9.95945e-08
6603.879316270262 6 2.81794e-07
6636.185781301589 5 1.41197e-07
6658.635781687944 5 1.55039e-08
6676.145787878009 2 1.95698e-07
6680.250399726765 11 7.86595e-08
6681.945787808186 2 3.6471e-07
6682.695121257442 8 3.97774e-08
6687.745788172885 2 2.54907e-08
6688.45039946825 11 1.25931e-07
6690.095120721695 8 1.36135e-06
6696.650399838264 11 4.99827e-08
6707.945787926557 2 1.60555e-07
6708.050399434935 11 5.10069e-07
6713.700399682373 11 7.19879e-08
6713.745787880682 2 2.10223e-07
6715.095120931935 8 1.09488e-07
6719.545788198639 2 2.77032e-08
6722.550399680475 11 4.12113e-08
6727.745787890307 2 7.35976e-08
6728.095120957045 8 9.29686e-08
6728.200399377695 11 1.4169e-07
6733.545788221563 2 5.40175e-08
6735.450399469396 11 3.59592e-07
6739.345787726422 2 7.1494e-07
6740.145120993015 8 1.37969e-07
6741.250399820429 11 1.87976e-08
6744.995787833813 2 3.4518e-07
6774.385781444677 5 9.76581e-08
6785.731873977291 3 6.85915e-07
6786.584959024584 10 8.09256e-08
6788.079316321803 6 1.71285e-07
6791.531874259731 3 5.31773e-08
6797.331874004709 3 5.54229e-07
6798.634959141321 10 9.18066e-08
6803.131874134242 3 6.8256e-08
6803.479316347656 6 1.19508e-07
6804.589952941789 7 1.6228e-08
6804.663418688144 9 1.51581e-07
6805.084958960853 10 6.66684e-08
6808.931874444029 3 2.70357e-08
6896.245787812724 2 4.17045e-07
6897.795120985823 8 1.38006e-07
6897.800399322401 11 6.33025e-07
6902.695788084199 2 9.01848e-08
6903.600399575486 11 9.11146e-08
6910.745787749752 2 1.15825e-06
6911.650399575485 11 1.39237e-07
6912.395120882299 8 1.95786e-07
6917.929316193537 6 3.09896e-07
6919.989952580713 7 1.1164e-07
6920.445121140622 8 6.45182e-08
6921.995788011201 2 4.41206e-08
6925.985781331173 5 3.97098e-07
6937.235781431809 5 5.30538e-08
6942.885781499336 5 2.77642e-08
6992.44578804174 2 3.44324e-08
6995.550399532684 11 4.29451e-08
6997.145120966151 8 3.81512e-07
6998.095787989263 2 3.14567e-08
7003.745787951251 2 1.36326e-07
7007.600399556797 11 1.28813e-07
7009.395788299199 2 2.58862e-08
7013.250399757255 11 5.12692e-08
7019.545788008338 2 9.64124e-08
7021.179316282207 6 4.24178e-07
7021.195121404861 8 3.94697e-08
7021.789952971134 7 4.97577e-08
7023.613418591278 9 1.11192e-07
7025.931873897318 3 1.19466e-06
7025.934958867336 10 7.5912e-08
7027.589952502615 7 2.64376e-07
7029.263418411087 9 3.71023e-07
7031.731874244612 3 8.59095e-08
7031.734959036992 10 4.64978e-08
7032.429316386868 6 2.13843e-07
7033.239952727799 7 1.3241e-07
7034.913418403141 9 7.01907e-07
7038.229316506767 6 1.52583e-07
7041.985781180014 5 2.46553e-07
7047.785781400128 5 5.41594e-08
7059.229316318983 6 3.32485e-07
7065.029316194947 6 3.82375e-07
7065.439952559008 7 1.2452e-07
7065.513418494808 9 1.03786e-07
7066.334959009595 10 2.97253e-08
7067.131874447188 3 1.09942e-08
7071.239952582227 7 1.25576e-07
7071.313418961135 9 5.9571e-08
7071.645120939919 8 2.25031e-07
7075.629316681323 6 5.94304e-08
7077.039952629961 7 1.20863e-07
7077.295121255503 8 8.97572e-08
7078.713418583948 9 7.70954e-08
7079.681873948866 3 5.89567e-07
7080.48495889237 10 1.85674e-07
7081.279316278971 6 1.762e-07
7082.83995267295 7 1.46813e-07
7084.513418450404 9 5.08847e-07
7085.331874315694 3 4.16673e-08
7086.929316567906 6 2.5939e-08
7087.595120906111 8 7.86958e-08
7089.150399900573 11 2.41904e-08
7089.195787878934 2 2.7286e-07
7093.935781415083 5 9.51341e-08
7102.135781410608 5 1.82169e-07
7112.585781647536 5 3.20925e-08
7135.83578167806 5 2.6625e-08
7146.93578128991 5 2.97369e-07
7155.465587849315 4 1.17016e-07
7159.785781205524 5 1.67659e-07
7167.715587988121 4 2.76046e-08
7169.435781732447 5 2.36109e-08
7175.735781401261 5 6.76001e-08
7178.865587805403 4 1.0039e-07
7183.785781273663 5 1.79301e-07
7187.715587845 4 9.12179e-08
7191.83578153491 5 3.14152e-08
7198.195787824002 2 1.34123e-07
