4.997219254939 10 4.02083e-08
10.64721897119 10 1.63857e-07
12.258550083699 6 2.02198e-07
16.18670499225 7 9.48257e-08
19.508550094256 6 1.93647e-07
24.947218957558 10 1.33555e-07
25.158550229922 6 2.71757e-08
30.636704705399 7 5.51233e-07
32.089379483145 2 7.10651e-08
36.286704877215 7 2.07886e-07
38.65854995385 6 2.3767e-06
40.197218970604 10 2.36028e-07
42.736705131605 7 8.49127e-08
48.308550235579 6 3.39183e-08
48.3972189702 10 1.63812e-07
54.197218880906 10 2.86394e-07
59.997219002701 10 5.81362e-08
65.158550510683 6 2.03734e-08
65.797219438105 10 2.31914e-08
77.997219013849 10 1.65865e-07
82.008550160824 6 1.03347e-07
82.786705210301 7 2.60554e-08
86.697218834081 10 4.33612e-07
89.908550022197 6 8.45558e-07
94.686704678946 7 8.54047e-07
96.289379511142 2 6.03613e-08
98.758549936749 6 1.24463e-06
100.197218950013 10 1.5504e-07
104.40855044179 6 4.1034e-08
108.986704838578 7 3.66099e-07
111.508550237754 6 1.71673e-07
114.636704906765 7 1.48682e-07
116.189379427456 2 1.74308e-07
120.208550149135 6 1.41155e-07
120.286704957605 7 8.52658e-08
122.766578661331 11 4.78973e-08
126.886705249183 7 4.04716e-08
128.416578372179 11 1.14547e-07
135.516578380242 11 1.91079e-07
142.616578609752 11 5.06731e-08
148.26657846456 11 3.38502e-08
156.316578419295 11 1.48672e-07
161.966578671936 11 5.76899e-08
167.616578323408 11 1.82064e-07
173.266578487061 11 3.46459e-08
184.885670480236 5 1.33118e-08
197.885670034192 5 1.07478e-07
199.31777716242 9 4.9296e-07
200.061128028103 3 7.28869e-08
200.206153515092 4 8.34075e-08
203.685669832081 5 1.06212e-06
208.40615351177 4 1.18562e-07
209.117777276305 9 1.10933e-07
209.335670082978 5 5.2397e-08
214.706153371616 4 3.01763e-07
214.985669945143 5 1.6166e-07
215.417777172869 9 2.45824e-07
216.911128344601 3 5.11554e-08
220.785669924543 5 4.20559e-07
221.006153724209 4 1.99601e-08
221.067777392931 9 7.8566e-08
225.111127914026 3 2.07715e-07
226.867777173503 9 4.06728e-07
228.256153307408 4 1.6373e-07
228.909652728386 8 3.40086e-08
231.385669976249 5 6.51052e-08
233.90615331172 4 3.79845e-07
234.709652860467 8 6.14181e-08
235.417777237496 9 1.25643e-07
237.035670061745 5 1.26899e-07
239.556153409512 4 1.61175e-07
240.061127863892 3 2.29182e-07
241.067777154945 9 2.87281e-07
243.485669952364 5 1.72342e-07
245.206153128022 4 5.23599e-06
246.209652840474 8 9.47206e-08
246.7177772725 9 1.41484e-07
248.111127830228 3 2.91324e-07
249.785670489073 5 2.32593e-08
250.856153091109 4 1.07685e-05
252.009653002702 8 4.23923e-08
256.067777132461 9 4.05594e-07
256.235670162581 5 6.17475e-08
256.50615347469 4 9.16018e-08
256.961127877827 3 2.98303e-07
261.867777131017 9 4.97928e-07
261.885670091592 5 1.0549e-07
262.306153371524 4 2.32491e-07
263.261191791974 3 1.88861e-07
267.20965265047 8 1.39532e-07
267.685670389222 5 3.7682e-08
268.106153534949 4 7.39154e-08
269.917777229614 9 3.5917e-08
273.335669961517 5 3.65793e-07
273.906153394168 4 3.51262e-08
274.511128242448 3 2.4208e-08
275.56777752568 9 5.95906e-09
278.985670060497 5 1.53873e-07
280.356153660272 4 4.01217e-08
284.785670094601 5 9.02375e-08
285.067777158656 9 8.79374e-08
285.91112816587 3 3.57352e-08
286.006153439236 4 5.31668e-08
290.717777164678 9 3.94619e-07
291.38567039854 5 3.32183e-08
291.711128115848 3 5.09297e-08
296.367777588776 9 2.98421e-08
302.785670449741 5 3.12936e-08
309.697219183109 10 2.43722e-08
311.308550103227 6 1.59907e-07
313.036704855292 7 2.4548e-08
317.097218992583 10 1.37984e-07
317.108550214771 6 8.50166e-08
322.897218915428 10 1.0647e-07
328.547219148891 10 4.59837e-08
337.247219129751 10 4.04672e-08
337.958550198485 6 2.23372e-07
343.547218861181 10 6.6069e-07
343.608550324047 6 3.20424e-08
349.347218894053 10 4.7611e-07
350.708550144887 6 1.35361e-07
355.497219256462 10 1.07614e-08
361.147219250877 10 5.69777e-08
362.661128261061 3 3.19666e-08
375.485670415181 5 4.19674e-08
377.067777828671 9 1.54256e-08
381.111143202091 3 1.33121e-07
382.70615367809 4 5.88573e-08
382.717777055235 9 3.66453e-07
383.535670232856 5 5.83095e-08
387.56112822379 3 3.48403e-08
388.51777732923 9 1.85231e-07
389.335669861182 5 5.70268e-07
389.956153513773 4 2.11624e-07
395.135669759895 5 2.71909e-05
395.756153361951 4 2.80244e-07
395.917777279831 9 8.37154e-08
400.50965301213 8 4.48271e-08
400.935670074872 5 1.58103e-07
401.406153827137 4 3.29598e-08
407.558550453625 6 6.0711e-08
407.597219194667 10 7.94235e-08
414.197219031548 10 1.7038e-07
427.997219087788 10 6.99751e-08
433.797219346493 10 1.68742e-08
438.011127780038 3 4.01441e-07
443.661127786073 3 1.5264e-07
443.967777455511 9 4.5507e-08
447.297219091293 10 1.35531e-07
450.911128323445 3 3.69493e-08
453.74721891167 10 3.50673e-07
455.308550297177 6 4.81299e-08
459.547219212605 10 2.31162e-08
469.347218945778 10 2.50568e-07
470.558550474114 6 4.06605e-08
483.947219065084 10 7.34064e-08
489.008550206872 6 4.61069e-08
490.536704720497 7 7.86571e-07
492.139379494154 2 1.55337e-07
494.966578561928 11 4.08665e-08
496.336705025502 7 3.80008e-08
497.78937945674 2 1.39995e-08
502.136704746431 7 4.32087e-07
502.358550381831 6 6.47358e-08
508.66657841759 11 7.43519e-08
511.136704802462 7 2.20553e-07
511.208550277654 6 1.0485e-07
513.58937955974 2 1.35994e-07
516.416578651612 11 6.51673e-08
519.336704770312 7 1.22376e-07
519.389379533666 2 4.13407e-08
525.508550289926 6 8.51568e-08
526.736704910061 7 4.99313e-08
529.266578677003 11 1.1394e-08
531.139379386176 2 1.44191e-07
533.336704899347 7 1.91018e-07
538.389379573388 2 8.42421e-08
539.136705006571 7 1.04748e-07
540.666578655297 11 5.36214e-08
543.958550087487 6 3.70202e-08
544.936704994938 7 6.86647e-08
550.96657833285 11 2.88218e-07
556.766578514003 11 5.38392e-08
563.366578218856 11 4.45891e-07
572.866578228144 11 2.76669e-07
578.516578231415 11 5.63865e-07
584.316578379026 11 1.93497e-07
589.966578791226 11 6.72937e-08
593.636704675496 7 1.18793e-06
596.089379518744 2 1.66375e-07
601.686704866588 7 1.15667e-07
601.739379518829 2 8.96276e-08
606.366578335709 11 2.18202e-07
613.886705021696 7 4.45712e-08
614.566578645454 11 4.72488e-08
615.239379440253 2 2.0671e-07
619.058550512105 6 3.05564e-08
619.686705093614 7 1.50559e-08
625.497219240984 10 4.19132e-08
631.29721884051 10 9.9536e-07
631.908550170637 6 2.08904e-07
640.108550081719 6 3.83179e-07
640.147219079229 10 7.15189e-08
647.547218999676 10 1.66588e-07
649.758549987726 6 1.29574e-06
655.558550592641 6 2.64395e-08
659.747219084639 10 1.24082e-07
661.358550240452 6 5.27347e-08
665.547218932526 10 2.05372e-07
667.958550306669 6 5.48654e-08
672.147219042886 10 2.52974e-07
673.758550125252 6 8.01228e-08
679.558550587423 6 3.36668e-08
686.158550264491 6 5.4385e-08
699.958550071971 6 3.4962e-07
700.047219065004 10 2.8014e-08
702.486704986399 7 1.65241e-07
716.158550122379 6 1.83574e-07
720.936705268514 7 1.25403e-08
721.697219014837 10 1.36043e-07
721.958550224107 6 1.15904e-07
737.485670281802 5 3.81302e-08
765.097218860455 10 2.28973e-07
765.858550460025 6 1.69305e-08
771.658550220919 6 1.56811e-07
777.458550500291 6 1.49387e-08
783.258550546758 6 3.10557e-08
789.858550075133 6 2.36174e-07
790.747218853697 10 1.1333e-06
795.658550117072 6 1.76348e-07
796.39721908196 10 9.9017e-08
800.836704994164 7 4.24659e-08
801.458550558955 6 5.01186e-08
810.19721912744 10 5.27978e-08
814.011127953261 3 1.78292e-07
814.767777138366 9 5.14325e-07
815.556153497349 4 8.02462e-08
815.635670159995 5 6.38834e-08
819.811128072916 3 2.98574e-08
820.567777293958 9 1.06669e-07
821.35615367518 4 7.76503e-08
821.435669941558 5 3.57191e-07
826.261127761985 3 7.71067e-07
826.36777716299 9 1.77095e-07
827.235670455487 5 2.18446e-08
827.956153504438 4 1.1732e-07
832.167777426241 9 6.04124e-08
833.035670108771 5 4.14741e-08
833.661127901286 3 1.86758e-07
833.7561535958 4 9.94906e-08
837.96777716399 9 1.24707e-07
838.835669771861 5 5.026e-06
839.556153824256 4 2.94798e-08
843.767777113734 9 5.30844e-07
843.81112794396 3 8.8866e-08
844.635670136552 5 8.27624e-08
849.356153290317 4 3.48799e-07
849.409652857825 8 4.4711e-08
850.367777218085 9 1.07154e-07
850.435670238244 5 5.92446e-08
851.061128073155 3 6.75064e-08
855.156153286807 4 3.90604e-07
856.167777532815 9 3.0846e-08
856.235670205348 5 5.3774e-08
856.509652885873 8 7.21568e-08
861.361127891808 3 1.04927e-07
861.817777066794 9 8.35585e-07
863.635669944938 5 1.71837e-07
868.656153507337 4 5.92537e-08
868.70965291927 8 4.38074e-08
869.435669906837 5 6.51099e-07
870.017777284634 9 1.42837e-07
875.235670111178 5 7.37034e-08
875.811127872997 3 2.9276e-07
875.817777027662 9 1.14062e-06
876.856153634823 4 4.46995e-08
881.535670137212 5 4.07304e-08
884.906153483376 4 3.09749e-08
885.659652539514 8 2.75117e-07
890.556153248917 4 1.11215e-07
891.185670218232 5 2.32707e-08
891.30965294651 8 6.09841e-08
892.017777033524 9 1.88774e-06
897.78566994242 5 3.23836e-07
897.817777307033 9 1.11029e-07
899.256153333732 4 4.28179e-07
899.859652708798 8 8.17188e-08
903.061128259414 3 2.57575e-08
903.585670327582 5 4.96506e-08
903.617777429843 9 4.4001e-08
904.906153141083 4 2.86266e-06
905.509653041996 8 1.66768e-08
908.711128234016 3 1.82101e-08
909.417777524673 9 6.10784e-08
910.556153222034 4 7.0042e-07
911.159652927307 8 2.72871e-08
911.785670270056 5 2.64941e-08
915.067777339657 9 5.49032e-08
916.206153455263 4 6.97907e-08
916.611128078853 3 4.21129e-08
917.585669879557 5 2.77709e-07
920.717777116143 9 5.90761e-07
922.006153274929 4 1.24092e-07
922.659652900148 8 4.67681e-08
923.861128066083 3 2.74145e-08
923.885670113867 5 1.01086e-07
927.817777228065 9 6.16743e-08
929.406153718989 4 6.33858e-08
929.685670081828 5 1.91781e-07
933.511128059973 3 2.33707e-08
933.617777275742 9 8.74114e-08
938.158550060089 6 4.10246e-07
938.247219107781 10 8.05279e-08
944.047219244165 10 3.3179e-08
946.208550322935 6 2.33254e-07
949.697218827136 10 8.92871e-07
952.008550358372 6 5.89107e-08
954.46777734058 9 1.25598e-07
955.035670195367 5 9.91853e-08
955.311127987942 3 7.6113e-08
956.656153534385 4 5.99663e-08
960.267777018793 9 1.20618e-06
960.685670279326 5 3.77802e-08
961.111128037147 3 4.88609e-08
964.706153338024 4 1.01758e-07
966.067777397091 9 5.61499e-08
966.91112831167 3 4.49655e-08
967.759652656949 8 1.87863e-07
970.356153549577 4 1.23802e-07
971.867777091059 9 1.71784e-07
971.935670090578 5 8.57794e-08
972.711128252485 3 3.32374e-08
977.735669904869 5 3.54687e-07
979.206153343078 4 1.49489e-07
979.267777216474 9 1.62721e-07
981.609652631944 8 1.22983e-07
983.385670159938 5 8.51131e-08
985.006153330447 4 4.10788e-08
985.067777505282 9 2.80198e-08
987.259652586879 8 2.09184e-07
990.361127909312 3 1.1222e-07
990.867777097006 9 1.11563e-06
991.45615361525 4 4.13698e-08
992.735670280286 5 4.41904e-08
996.667777241511 9 1.60743e-07
997.256153602915 4 3.45861e-08
998.385669980649 5 1.16269e-07
1003.117777158948 9 1.38227e-07
1003.856153444042 4 1.67752e-07
1003.861128054602 3 7.76713e-08
1004.035670223267 5 8.94876e-08
1006.109652593509 8 2.44906e-07
1008.767777495861 9 3.83809e-08
1009.656153736173 4 6.02437e-08
1009.685670187669 5 4.0955e-08
1011.759652809139 8 1.22251e-07
1015.485670094619 5 5.25764e-08
1015.867777394225 9 3.85234e-08
1021.285670216452 5 5.60909e-08
1021.406153231499 4 9.95469e-07
1021.409652756115 8 8.12002e-08
1022.317777345749 9 8.24768e-08
1023.761127805921 3 4.25277e-07
1027.085669970378 5 2.15562e-07
1027.206153293485 4 3.56855e-07
1027.967777422952 9 1.37886e-07
1028.659652882622 8 9.33061e-08
1032.856153388189 4 1.2077e-07
1033.685669974636 5 9.65969e-08
1034.41777728901 9 1.74517e-07
1035.011128311403 3 1.90981e-08
1038.656153208871 4 6.54712e-07
1039.485670347833 5 1.86321e-08
1039.509652651604 8 9.54965e-08
1040.067777750307 9 1.19787e-08
1043.061127775849 3 1.91185e-08
1045.717777114547 9 4.34179e-07
1046.056153269626 4 2.0709e-07
1046.885670013475 5 1.05747e-07
1051.367777056228 9 6.79296e-07
1051.856153711887 4 1.41366e-08
1051.911128105562 3 5.61852e-08
1052.685670197224 5 1.95293e-08
1055.809652872945 8 4.65914e-08
1057.656153799906 4 5.46992e-08
1057.667777554877 9 6.13887e-08
1058.335670001706 5 8.62675e-08
1062.361128045713 3 9.54867e-08
1063.456153556123 4 7.88003e-08
1063.467777205769 9 2.61724e-07
1066.385670149241 5 5.35935e-08
1068.161128213527 3 3.61024e-08
1069.2561535383 4 1.17555e-07
1069.267777038729 9 6.67518e-07
1072.035670283137 5 4.04524e-08
1075.056153170471 4 2.27286e-06
1075.068200333375 9 6.14854e-08
1075.959652870016 8 1.07108e-07
1077.511128026282 3 2.1024e-08
1077.685670156034 5 1.08376e-07
1080.856153406592 4 2.1459e-07
1081.667777324908 9 1.11309e-07
1083.161128076464 3 1.72536e-08
1083.485670188363 5 4.07075e-08
1087.317777192056 9 1.68576e-07
1088.811127782042 3 3.36705e-07
1090.085669972142 5 3.58236e-07
1090.356153581708 4 1.27524e-07
1093.117776984671 9 1.46916e-06
1095.111127886178 3 1.80204e-07
1098.285670242938 5 6.90505e-08
1098.556153423612 4 1.37971e-07
1098.917777019206 9 2.15218e-06
1100.761127747229 3 7.64085e-07
1104.085669818312 5 8.17807e-07
1104.206153588089 4 7.89477e-08
1104.717777559245 9 1.66688e-08
1109.461127996755 3 1.16881e-07
1109.885670292539 5 3.95931e-08
1110.517777242032 9 1.13262e-07
1114.308550417084 6 2.92332e-08
1114.986705069497 7 8.51982e-08
1117.366578137348 11 4.16161e-07
1123.166578270087 11 1.3426e-07
1128.966578303939 11 6.09951e-07
1134.616578350967 11 1.02194e-07
1140.416578290305 11 5.21685e-07
1145.586704936481 7 2.39959e-08
1147.239379438199 2 1.15337e-07
1152.836705093109 7 4.70589e-08
1152.889379317734 2 2.2782e-07
1158.689379646822 2 1.21287e-07
1159.286704776911 7 6.00658e-07
1163.958550224143 6 4.2797e-08
1165.086704714636 7 4.48324e-07
1169.389379689709 2 9.62841e-08
1170.886704725029 7 3.36868e-07
1172.808550568198 6 2.55663e-08
1174.716578517014 11 3.43392e-08
1175.839379508927 2 7.92029e-08
1178.936705168146 7 4.22087e-08
1182.308550351431 6 5.94493e-08
1186.336704718991 7 7.54399e-07
1189.558550274042 6 4.18196e-08
1190.247219042723 10 1.65067e-07
1196.047218954726 10 1.07142e-07
1200.711128202644 3 4.55932e-08
1202.497218878454 10 3.05284e-07
1205.608550108892 6 6.22241e-08
1208.147219149608 10 8.9474e-08
1220.847219158602 10 7.43949e-08
1227.867777527865 9 8.38665e-08
1227.961127900962 3 1.17599e-07
1230.497219116651 10 8.4369e-08
1232.058550002096 6 4.89038e-07
1236.147218979263 10 4.43992e-08
1243.397219233264 10 4.51154e-08
1252.161127976945 3 2.7279e-07
1259.147219007549 10 2.10237e-07
1264.797219415321 10 1.54795e-08
1265.961127941426 3 9.80684e-08
1270.447219229611 10 3.18062e-08
1276.097219336772 10 2.7575e-08
1278.358550290429 6 7.00201e-08
1281.747219363486 10 1.25902e-08
1287.54721892369 10 3.59174e-07
1293.347219163704 10 1.08168e-07
1293.608549972517 6 5.64313e-07
1295.186704837734 7 2.09154e-07
1298.13937955552 2 7.21867e-08
1301.78670475654 7 5.38481e-07
1303.789379515308 2 1.42877e-07
1307.586704979 7 8.57122e-08
1308.558550313938 6 9.34563e-08
1312.639379609793 2 1.02427e-07
1313.386704804811 7 1.38106e-07
1316.608550094164 6 1.80424e-07
1318.997219001358 10 8.99966e-08
1323.858550453612 6 2.9518e-08
1324.647218861094 10 3.99605e-07
1327.761127860736 3 3.66754e-07
1328.567777627593 9 1.89928e-08
1333.561128272497 3 3.09725e-08
1340.697218819688 10 5.08682e-07
1341.508550198393 6 7.9888e-08
1343.836704839253 7 1.35273e-07
1349.516578295806 11 1.43117e-07
1359.316578193576 11 1.22639e-06
1364.966578313075 11 2.24081e-07
1375.266578718476 11 7.70404e-08
1383.236705073973 7 5.84133e-08
1384.916578677719 11 1.88826e-08
1395.158550498895 6 2.55974e-08
1403.061128333043 3 3.56608e-08
1403.947219420644 10 3.39817e-08
1408.158550344831 6 8.92654e-08
1410.486704807476 7 1.87861e-07
1412.816578532951 11 6.4054e-08
1414.389379544074 2 4.32531e-08
1416.136704783839 7 3.73931e-07
1416.858550221738 6 7.64606e-08
1420.797218868237 10 2.33358e-07
1435.397219185807 10 7.06153e-08
1445.047219197719 10 9.03596e-08
1445.858550059018 6 1.72164e-07
1447.386704804808 7 2.37084e-07
1450.516578477185 11 6.68061e-08
1453.186704708679 7 6.57842e-07
1454.139379415228 2 1.54607e-07
1457.916578543082 11 1.80245e-07
1459.78670498875 7 4.12153e-08
1463.197219155889 10 1.88283e-08
1463.658550119826 6 2.76594e-07
1469.49721913422 10 6.71899e-08
1472.658550258075 6 1.36084e-07
1475.817777308414 9 1.30561e-07
1476.485670224082 5 5.21797e-08
1477.361127697171 3 2.94923e-06
1481.406153495706 4 2.3e-08
1481.467777149061 9 3.64996e-07
1483.16112782932 3 2.08089e-07
1483.885670300016 5 4.99101e-08
1488.067777019364 9 4.49706e-07
1488.806153286466 4 3.10045e-07
1488.811128257114 3 2.97239e-08
1489.53567020723 5 1.04443e-08
1490.809652913966 8 8.38629e-08
1493.717777213256 9 1.73867e-07
1494.611127800832 3 1.5849e-07
1498.535670019522 5 2.56275e-07
1499.367777499384 9 3.40138e-08
1504.708550638238 6 3.60646e-08
1506.735670534189 5 1.88038e-08
1515.797219166129 10 1.01093e-07
1516.608550414081 6 3.59178e-08
1521.447219248813 10 2.68147e-08
1528.697219387338 10 2.69559e-08
1532.26112802719 3 4.3664e-08
1536.897219401207 10 1.36251e-08
1542.697219046205 10 2.22261e-07
1549.29721912913 10 1.21023e-07
1550.258550138253 6 1.48555e-07
1558.29721902394 10 5.98723e-08
1564.897219208575 10 9.50506e-08
1570.697218943594 10 2.61722e-07
1571.908550205265 6 2.31869e-07
1576.497218747631 10 4.11245e-06
1582.297218974533 10 1.97228e-07
1584.108550496919 6 6.72262e-08
1588.09721931898 10 4.09484e-08
1596.311128164629 3 4.67066e-08
1598.697219130706 10 3.7431e-08
1602.708550203125 6 1.63728e-07
1604.486705067155 7 6.19479e-08
1606.897219224452 10 6.31415e-08
1617.347219104413 10 9.62787e-08
1622.997218966467 10 9.0227e-08
1623.70855038908 6 7.32179e-08
1628.647218989954 10 1.36389e-07
1629.358549933102 6 9.41784e-07
1635.897218857893 10 1.11271e-06
1641.697219371989 10 3.07086e-08
1646.208550276232 6 1.58274e-07
1647.497219432464 10 2.63733e-08
1650.136704850555 7 2.18151e-07
1653.608550163606 6 6.90107e-08
1656.997219132426 10 4.6279e-08
1667.447219006571 10 1.72246e-07
1668.20855045549 6 4.56152e-08
1673.097219224037 10 5.67415e-08
1682.6111283223 3 9.66351e-09
1688.347219015047 10 4.59429e-08
1690.658550035184 6 5.12348e-07
1696.308550199789 6 1.61496e-07
1698.289379655359 2 6.95197e-08
1698.336705108564 7 3.37551e-08
1704.208550223124 6 1.90058e-07
1704.936705277909 7 2.03388e-08
1705.84721908616 10 1.05182e-07
1711.497218973019 10 1.55086e-07
1723.461128185916 3 5.76648e-08
1726.658550187434 6 8.74887e-08
1728.336704960116 7 9.01567e-08
1730.566578613977 11 2.88791e-08
1736.308550125611 6 1.86584e-07
1736.386705200696 7 4.2987e-08
1737.94721914587 10 5.36394e-08
1743.747218979237 10 1.21325e-07
1747.708550267679 6 1.01952e-07
1752.597219012192 10 9.92245e-08
1753.358550518241 6 1.4887e-08
1758.24721887943 10 2.67111e-07
1763.897219321241 10 1.84984e-08
1765.408550342405 6 1.00502e-07
1766.986705185704 7 4.6672e-08
1770.497219115172 10 8.79991e-08
1772.31112825811 3 6.85548e-08
1776.297218877281 10 6.60507e-07
1778.758550709071 6 2.56381e-08
1780.211128078507 3 6.03819e-08
1783.69721917578 10 9.83526e-08
1800.547218971503 10 2.08571e-07
1802.158550314634 6 6.90891e-08
1812.261127876322 3 2.90487e-07
1819.6472189097 10 1.00068e-07
1820.45855049274 6 3.23756e-08
1829.297219157721 10 1.05929e-07
1830.908550152028 6 1.84696e-07
1840.547219262901 10 5.89437e-08
1841.911127926548 3 2.24271e-07
1850.911127955396 3 7.43995e-08
1856.597219079734 10 4.37279e-08
1863.847218983435 10 1.9405e-07
1865.358550167266 6 1.30641e-07
1869.497219155146 10 4.26304e-08
1871.008550252203 6 7.04171e-08
1876.097219019041 10 2.00383e-07
1880.508550265105 6 1.10932e-07
1885.286704764422 7 2.52603e-07
1888.408550367606 6 7.6039e-08
1890.8165786904 11 2.60099e-08
1890.936705048299 7 1.2423e-07
1894.208550140394 6 1.48024e-07
1897.835669993417 5 1.14519e-07
1901.006153349859 4 2.11306e-07
1901.759652757506 8 7.49658e-08
1902.617777277906 9 1.90154e-07
1903.461127936865 3 4.92014e-08
1906.235669961815 5 1.35294e-07
1906.656153660762 4 5.63347e-08
1908.417777177804 9 6.85826e-08
1909.261127970487 3 1.27927e-07
1911.885670287157 5 1.57768e-08
1914.217777400088 9 8.14748e-08
1914.856153532692 4 9.07664e-08
1916.661128004648 3 8.42324e-08
1917.535669996823 5 1.93662e-07
1920.656153422559 4 1.43064e-07
1922.267777054443 9 6.35099e-07
1922.311128097912 3 1.53839e-08
1923.185670183539 5 9.3332e-08
1924.409652768594 8 9.30453e-08
1926.30615363647 4 3.50089e-08
1928.067777456657 9 4.85782e-08
1932.647219273989 10 2.88382e-08
1934.258550241946 6 1.51423e-07
1934.986704989971 7 4.02176e-08
1940.058550797693 6 2.27362e-08
1942.236704975104 7 1.10288e-07
1950.866578191412 11 3.9915e-07
1956.516578454603 11 7.92051e-08
1960.836705027596 7 1.29922e-07
1962.166578299799 11 3.28299e-07
1966.636704885983 7 9.97423e-08
1970.589379634093 2 1.2784e-07
1972.108550058202 6 3.89225e-07
1972.436704834753 7 1.38624e-07
1977.989379386587 2 2.27213e-07
1978.086704944366 7 5.05916e-08
1980.366578554492 11 2.59917e-08
1982.558550294772 6 1.17029e-07
1986.447219264742 10 1.24065e-08
1990.585670447778 5 1.27033e-08
1998.63567033653 5 1.41718e-08
1998.66777720774 9 2.76456e-07
1999.311127806193 3 3.49547e-07
2000.90615373621 4 2.21239e-08
2004.435670040478 5 2.26642e-08
2004.467777090828 9 3.23835e-07
2005.111128008646 3 1.03044e-07
2014.111127923204 3 1.29819e-07
2014.117777370057 9 8.0106e-08
2015.685670032543 5 1.01322e-07
2020.208550263975 6 1.70612e-07
2025.336704724712 7 4.55813e-08
2026.008550447676 6 4.16393e-08
2028.566578539227 11 5.59764e-08
2031.136705095346 7 4.5152e-08
2031.808550234597 6 1.10544e-07
2032.747219168032 10 2.01052e-08
2038.397219249175 10 3.21544e-08
2049.586705029381 7 1.03864e-07
2049.608550001957 6 6.12156e-07
2054.416578516427 11 1.35489e-07
2056.186705034246 7 7.97318e-08
2058.489379613175 2 1.3889e-07
2060.708550376186 6 6.23288e-08
2061.986705101129 7 1.79565e-08
2067.786704590686 7 1.72079e-06
2067.958550376942 6 1.86006e-07
2073.586705081981 7 1.00543e-07
2073.758550123293 6 2.3539e-07
2075.097219043562 10 1.12719e-07
2080.897218955309 10 2.84358e-07
2086.697219016597 10 7.32844e-08
2088.20855010494 6 3.88258e-07
2094.539379601391 2 5.32742e-08
2094.586705079199 7 2.10165e-08
2098.808550503841 6 9.31665e-08
2105.939379524688 2 7.68401e-08
2106.786705073829 7 5.19323e-08
2108.60855025625 6 5.86539e-08
2109.947218953858 10 1.60456e-07
2114.408550364913 6 1.38028e-07
2115.747219327091 10 1.61342e-08
2120.858550105376 6 4.73181e-07
2121.547219341483 10 4.14661e-08
2122.986705190299 7 4.57852e-08
2126.658550306831 6 1.23068e-07
2127.347219281477 10 1.19019e-08
2134.311128021055 3 9.94104e-08
2137.147219006718 10 3.31834e-08
2145.99721903395 10 1.09342e-07
2152.761128002353 3 2.21995e-08
2153.517777136978 9 6.37569e-07
2155.506153161325 4 7.92732e-07
2156.309652837195 8 6.59201e-08
2156.385670309237 5 3.25592e-08
2158.561127967736 3 9.23951e-08
2159.16777717911 9 3.73178e-07
2161.156153303863 4 3.25882e-07
2162.10965270094 8 1.66237e-07
2163.485670043731 5 1.11406e-07
2164.967777263983 9 1.70603e-07
2168.406153359479 4 3.79143e-08
2169.285670244536 5 6.12199e-08
2170.009652498484 8 1.45221e-07
2172.367777135798 9 4.18422e-07
2174.056153649295 4 4.91174e-08
2174.935669913479 5 3.72764e-07
2176.361128024462 3 7.99618e-08
2178.167777559806 9 1.52226e-08
2179.559652692054 8 1.87016e-07
2179.706153241491 4 3.15023e-07
2182.035670193117 5 4.73152e-08
2183.817777367213 9 5.38299e-08
2185.356153495158 4 3.45545e-08
2185.861128065677 3 1.64927e-08
2189.467777279026 9 1.79657e-07
2190.209652888915 8 5.9349e-08
2190.235670237386 5 8.17972e-09
2191.00615339614 4 2.09876e-07
2191.511127895064 3 2.27932e-07
2195.617777306501 9 5.95933e-08
2196.035669868398 5 8.80793e-07
2196.806153311767 4 1.32515e-07
2197.311128094186 3 7.19846e-08
2201.267777443341 9 7.42671e-08
2201.835670293685 5 3.63876e-08
2205.097219221556 10 7.56895e-08
2205.108550043266 6 1.02083e-07
2206.73670483147 7 2.49851e-07
2209.039379658694 2 4.10598e-08
2214.136704777036 7 2.31674e-07
2216.508550156917 6 2.39104e-07
2218.839379975972 2 3.09814e-08
2219.786705201402 7 4.78508e-08
2221.266578303584 11 2.32766e-07
2226.91657840281 11 8.8069e-09
2234.166578197263 11 4.18803e-07
2239.816578847701 11 1.71154e-08
2245.466578297656 11 1.93125e-07
2254.966578324419 11 1.37422e-07
2261.26657838043 11 2.68238e-07
2270.116578375673 11 1.22742e-07
2276.566578634968 11 5.78979e-08
2282.216578717743 11 2.18473e-08
2287.866578176337 11 6.66614e-07
2297.366578479892 11 1.12132e-07
2303.666578256917 11 4.78654e-07
2309.286704938526 7 1.27815e-07
2310.116578562455 11 1.30839e-07
2311.689379625746 2 6.77942e-08
2315.586704865004 7 2.08666e-07
2318.008550197033 6 2.67977e-07
2321.236704789559 7 2.1332e-07
2321.989379363302 2 9.11716e-08
2323.808550152159 6 9.36935e-08
2327.789379638625 2 8.17133e-08
2331.036704804494 7 1.9513e-07
2332.65855013701 6 5.3753e-07
2336.836704609816 7 2.22498e-06
2337.589379656719 2 4.24958e-08
2342.636704659073 7 1.11604e-07
2342.808550395411 6 2.66247e-08
2346.816578198453 11 3.58097e-07
2352.466578447891 11 6.64702e-08
2358.116578114113 11 5.10428e-07
2363.766578170653 11 1.46933e-06
2369.416578520147 11 1.28625e-07
2378.116578598801 11 2.20007e-08
2383.766627203235 11 1.45315e-07
2389.41657851031 11 1.04024e-07
2398.916578413588 11 1.17953e-07
2405.236704708588 7 1.67674e-07
2406.789379378549 2 1.49542e-07
2410.816578762033 11 5.8195e-08
2412.439379251987 2 9.69901e-07
2412.486705062747 7 4.17395e-08
2418.239379549323 2 2.27783e-07
2423.88937926472 2 5.18855e-07
2425.186705009484 7 1.02563e-07
2426.716578731661 11 4.08251e-08
2429.539379595077 2 4.90421e-08
2430.836705059089 7 1.30599e-07
2434.766578783565 11 5.33426e-08
2435.189379445082 2 1.04872e-07
2436.486704899205 7 1.60159e-07
2438.708550072264 6 1.31261e-07
2443.461127845699 3 2.53789e-07
2443.567777097156 9 1.28417e-07
2443.635670353235 5 7.68673e-08
2445.006153343066 4 4.99021e-07
2446.409652786278 8 5.98138e-08
2449.435670316965 5 5.07596e-08
2450.806153288853 4 6.93963e-07
2451.617777424061 9 9.80176e-08
2452.059652985382 8 1.57872e-08
2453.261127905224 3 2.09131e-07
2457.185670294619 5 3.6153e-08
2457.26777698231 9 3.80427e-06
2458.056153455883 4 2.33448e-07
2459.061128234697 3 4.81884e-08
2462.9856698922 5 5.59963e-07
2463.067777368863 9 9.59633e-08
2464.506153541947 4 2.5317e-08
2466.161127972091 3 1.61969e-07
2491.558550464293 6 8.26017e-08
2492.386704885504 7 9.5798e-08
2494.516578714683 11 3.71962e-08
2495.289379329089 2 1.72307e-07
2498.036704791398 7 1.70618e-07
2499.308550037027 6 4.75985e-07
2501.697218766968 10 2.50396e-06
2513.597218863787 10 6.46967e-07
2518.408550449668 6 3.78376e-08
2519.247219013663 10 1.2372e-08
2526.497219050071 10 1.06119e-07
2534.36112803336 3 9.62216e-08
2540.947219110535 10 2.25382e-08
2548.197219069731 10 9.07686e-08
2553.847219118547 10 9.7515e-08
2556.85855038372 6 8.82417e-08
2559.498317392068 10 4.39922e-09
2572.197218966427 10 1.09004e-07
2575.361128137777 3 4.84812e-08
2580.097218851455 10 2.89762e-07
2583.261128245452 3 1.43808e-08
2585.747219060719 10 7.93123e-08
2587.308550088741 6 3.58376e-07
2592.197219062935 10 7.41779e-08
2592.958550094382 6 3.38551e-07
2599.408550326746 6 1.0549e-07
2600.097218831863 10 7.09556e-07
2605.747219251686 10 1.08934e-08
2608.108550040892 6 1.87872e-07
2611.397218907753 10 1.85039e-07
2616.808550119607 6 4.1497e-08
2617.047219050294 10 1.57756e-07
2619.236704902827 7 1.75327e-07
2621.589379524943 2 2.60925e-07
2624.886704859057 7 1.17721e-07
2626.458550174969 6 2.07877e-07
2635.185670412449 5 2.70218e-08
2648.9472191628 10 1.53746e-08
2654.747219087317 10 4.41819e-08
2660.111128037566 3 5.67599e-08
2673.047219488186 10 1.42126e-08
2678.658550314225 6 6.6035e-08
2678.697219110886 10 7.5108e-08
2687.697219079515 10 8.89326e-08
2693.108550241619 6 6.10367e-08
2694.686705120673 7 5.73406e-08
2698.758550102903 6 1.68305e-07
2700.397219073917 10 4.88368e-08
2708.558874423739 6 7.0764e-08
2713.397218928509 10 1.79905e-07
2715.1585500975 6 1.43434e-07
2716.986705119747 7 7.441e-08
2722.316578479229 11 1.15537e-07
2728.116578601948 11 4.20686e-08
2733.916578295861 11 3.59398e-08
2739.566578283212 11 3.88654e-07
2748.266578407268 11 4.00818e-08
2753.916578370417 11 5.04485e-08
2759.566578370483 11 1.31173e-07
2765.216578419662 11 7.8166e-08
2770.866578287986 11 2.25831e-07
2774.636705216472 7 4.0662e-08
2776.516578373797 11 1.19291e-07
2782.166578596448 11 7.13264e-08
2787.816578260557 11 2.49421e-07
2796.016578327216 11 1.60823e-07
2807.416578564191 11 6.94094e-08
2813.066578511826 11 4.51267e-08
2818.716578482242 11 5.57323e-08
2824.36657852615 11 7.37808e-08
2834.666578642538 11 4.45945e-08
2840.3165782265 11 3.34443e-07
2846.686704815584 7 3.26091e-07
2852.336705027861 7 2.41976e-08
2856.216578356917 11 1.37432e-07
2861.83670467471 7 8.10213e-07
2863.439379798171 2 3.36175e-08
2864.116578370691 11 1.60995e-07
2867.486704755776 7 2.90343e-07
2868.158550060445 6 2.7613e-07
2873.089379766877 2 5.90746e-08
2873.136704530463 7 7.88085e-05
2874.75855028299 6 1.64623e-07
2879.39721911922 10 2.75618e-08
2887.597219038886 10 1.01976e-07
2890.158550098139 6 1.02051e-07
2891.736704921272 7 1.36919e-07
2895.497219040514 10 6.07517e-08
2895.80855037182 6 1.20591e-07
2899.63670476564 7 6.37819e-07
2902.739379439457 2 1.94136e-07
2902.766578836046 11 3.24693e-08
2908.539379520135 2 6.58161e-08
2915.639379380001 2 3.49102e-07
2917.936704666496 7 9.46776e-07
2919.558550110746 6 2.32246e-07
2924.985670572469 5 1.65647e-08
2926.808550188013 6 9.10665e-08
2928.23670500655 7 9.41321e-08
2937.185670419283 5 1.74103e-08
2944.267777269586 9 8.97725e-08
2944.435670048666 5 6.41242e-08
2945.856153258561 4 6.53065e-07
2945.911128204585 3 2.96227e-08
2953.236705057953 7 1.00866e-08
2953.258550256366 6 1.56756e-07
2954.747219542517 10 2.09001e-08
2962.147218866429 10 2.81747e-07
2980.747219148921 10 3.16743e-08
2986.867777078007 9 1.18522e-07
2986.911127937698 3 2.77065e-08
2987.685670168828 5 2.47105e-08
2988.456153155304 4 2.32918e-06
2989.809652442696 8 3.25754e-07
2993.485670076882 5 5.87305e-08
2994.256153274498 4 3.85474e-07
2994.267777171594 9 4.17461e-07
2995.111128031076 3 6.20135e-08
2999.935669934974 5 1.05929e-07
3000.056153590637 4 3.94055e-08
3000.067777240238 9 3.7499e-08
3001.56112775839 3 1.1187e-07
3005.73567040624 5 4.09606e-08
3005.856153344676 4 2.51164e-07
3005.867777312274 9 1.02637e-07
3007.209652656356 8 1.70263e-07
3011.535670227966 5 5.98491e-08
3011.656153373057 4 1.60505e-07
3011.667777625388 9 1.45242e-08
3012.859652969882 8 4.15577e-08
3017.335669850972 5 1.13038e-06
3017.467777359802 9 6.05202e-08
3018.256153474915 4 2.74329e-07
3019.861127841537 3 1.61432e-07
3023.11777730141 9 1.16286e-07
3023.135669833504 5 1.01253e-06
3023.906153776476 4 5.07535e-08
3028.935669833897 5 4.41471e-07
3029.706153439554 4 1.07839e-07
3030.367777516656 9 5.59712e-08
3034.585669993885 5 3.27704e-07
3038.406153196931 4 5.49523e-07
3038.417777287844 9 1.27199e-07
3039.909652456841 8 5.37589e-07
3042.335670247525 5 3.16619e-08
3043.111127921825 3 2.02528e-07
3044.217777455008 9 5.4772e-08
3061.458550328573 6 6.87233e-08
3062.236704795989 7 2.62562e-07
3064.539379642388 2 6.87128e-08
3065.816578421229 11 8.99453e-08
3071.466578403127 11 1.05957e-07
3077.116578185653 11 3.53506e-07
3087.266578325978 11 2.30412e-07
3092.916578344612 11 5.94996e-08
3100.016578494939 11 3.92673e-08
3105.666578321355 11 1.47592e-07
3112.916578344032 11 1.14222e-07
3120.01657829764 11 3.22809e-07
3126.436704837307 7 4.8603e-07
3128.058550032598 6 3.88049e-07
3132.086705110962 7 1.04126e-07
3132.716578460209 11 1.06994e-07
3134.989379588195 2 7.52058e-08
3137.736705089533 7 1.49643e-08
3141.58937941708 2 3.6035e-07
3146.586705120226 7 6.08367e-08
3147.389379517251 2 1.78768e-07
3152.236705270169 7 2.48516e-08
3153.689379365366 2 2.70494e-07
3157.886705129914 7 3.66927e-08
3158.516578584686 11 1.79258e-08
3161.708550145776 6 2.51072e-07
3163.247218922653 10 1.03015e-07
3168.111128010538 3 3.18562e-08
3171.44721894262 10 3.51694e-07
3177.097219052307 10 8.56713e-08
3183.397219172041 10 7.73746e-08
3189.047218853725 10 4.17233e-07
3190.558550176471 6 1.21393e-07
3192.986704824384 7 1.97094e-07
3195.366578534151 11 4.62293e-08
3196.989379794776 2 4.68788e-08
3199.436705013047 7 1.22101e-07
3201.016578668589 11 4.13375e-08
3203.408550114092 6 1.67299e-07
3204.947219005604 10 1.75984e-07
3210.597218852854 10 5.21731e-07
3212.108550044573 6 1.57418e-07
3213.736704973532 7 4.58429e-08
3220.316578429033 11 9.1048e-08
3224.336704863586 7 1.4179e-07
3226.689379437881 2 1.9263e-07
3229.986704699509 7 4.13532e-07
3233.516578597113 11 5.54921e-08
3235.539379260803 2 8.55122e-07
3235.636705109666 7 6.21513e-08
3239.508549920032 6 1.29484e-06
3241.4367047796 7 1.82812e-07
3244.089379274678 2 7.39732e-07
3249.63670465627 7 1.33063e-06
3249.889379710389 2 4.16344e-08
3251.408550468084 6 2.79599e-08
3255.436704769364 7 2.33981e-07
3257.666578597152 11 1.26361e-07
3258.439379620477 2 7.81603e-08
3260.908550178553 6 9.0427e-08
3261.086704906133 7 2.37245e-07
3264.889379583459 2 9.18026e-08
3266.736704929525 7 8.15705e-08
3270.539379547961 2 8.64188e-08
3272.116578338483 11 1.24406e-07
3273.036704887547 7 1.74603e-07
3274.558550338244 6 3.18426e-08
3278.836704847161 7 1.68853e-07
3280.316578532313 11 9.07064e-08
3281.989379506501 2 5.54084e-08
3284.208550268173 6 1.12911e-07
3284.486704851468 7 2.73318e-07
3290.28670502634 7 2.74181e-08
3292.789379588727 2 4.5556e-08
3294.50855018413 6 6.73087e-08
3296.086705126975 7 1.62521e-07
3298.49721923976 10 6.59902e-08
3300.15855040943 6 2.49111e-08
3305.086705133065 7 4.61978e-08
3305.958550102526 6 3.16969e-07
3306.547219222139 10 2.86262e-08
3310.736704712123 7 3.27044e-07
3312.258550221516 6 1.38514e-07
3317.03670515881 7 6.36991e-08
3318.566578694267 11 1.83544e-08
3320.958550241639 6 1.20466e-07
3322.597219029293 10 7.07314e-08
3329.997219186319 10 1.28216e-08
3335.647219006334 10 1.46994e-07
3339.55855020821 6 4.02244e-08
3340.286704730778 7 2.64163e-07
3341.789379473954 2 1.98954e-07
3344.066578346353 11 1.06267e-07
3345.936704926364 7 1.79281e-07
3347.439379472491 2 1.21281e-07
3351.586704695422 7 6.43645e-07
3352.258550250977 6 9.80348e-08
3357.236704699169 7 7.78392e-07
3357.739379484353 2 1.1207e-07
3360.958550551838 6 6.57715e-08
3363.036704666064 7 6.88296e-07
3363.389379744515 2 3.59094e-08
3368.35855031354 6 5.2371e-08
3368.836704807948 7 1.08392e-07
3374.636704753213 7 2.88272e-07
3376.739379439755 2 1.74061e-07
3380.286704659027 7 1.16179e-06
3382.51657864989 11 1.08869e-07
3383.339379395018 2 6.01109e-07
3385.936705090282 7 5.0596e-08
3389.708550407643 6 1.11994e-08
3392.0472190393 10 7.71842e-08
3397.847219330264 10 1.95801e-08
3406.561127980266 3 1.32643e-07
3409.097219179365 10 3.47302e-08
3410.708550456505 6 6.1818e-08
3416.197219072599 10 1.45694e-07
3418.608550498445 6 6.12305e-08
3425.047218919578 10 6.77051e-08
3430.697219134137 10 1.01361e-07
3438.747660442226 10 1.23284e-08
3444.397219162543 10 4.99729e-08
3450.697219073438 10 9.91313e-08
3453.058550103277 6 1.60875e-07
3454.636705216043 7 2.99411e-08
3456.347218929499 10 3.96483e-07
3469.847219050252 10 4.24254e-08
3475.497219233262 10 1.7822e-08
3476.958550657464 6 5.06829e-08
3485.947219151729 10 1.11744e-07
3497.011128182303 3 6.64117e-08
3508.397219179584 10 4.93285e-08
3510.661128306269 3 4.02523e-08
3513.158550258222 6 5.58327e-08
3514.047218978982 10 3.64943e-08
3519.458550190772 6 5.56356e-08
3519.697219254453 10 2.76061e-08
3525.258550549911 6 6.53403e-08
3527.31777733496 9 7.02672e-08
3527.33567009923 5 8.21492e-08
3528.85615354564 4 8.0365e-08
3533.117777516921 9 2.66519e-08
3533.135670324963 5 2.22719e-08
3533.759652512667 8 2.71999e-07
3534.656153357699 4 4.88628e-07
3537.761127992309 3 6.44144e-08
3538.917777099065 9 3.7875e-07
3538.935670271252 5 4.83486e-08
3540.359652926485 8 9.54699e-09
3540.456153256673 4 5.94324e-07
3543.561128218085 3 1.52974e-08
3545.517777437023 9 7.08985e-08
3547.856153328407 4 2.85966e-07
3548.559652911169 8 4.58664e-08
3549.385670032841 5 3.37272e-08
3551.317777227562 9 2.02228e-07
3551.611128078815 3 9.1086e-08
3555.035669850141 5 2.71403e-08
3555.60615330128 4 2.72124e-07
3556.309652894659 8 5.76436e-08
3560.317777399348 9 8.22157e-08
3560.685669937543 5 3.48404e-07
3566.48567001267 5 1.53891e-07
3568.517777550629 9 3.36236e-08
3591.485670353864 5 5.04464e-08
3597.285670468679 5 1.77138e-08
3612.53567041149 5 2.24641e-08
3637.367777209007 9 4.821e-07
3637.911127820127 3 1.11776e-07
3638.985670038071 5 2.62832e-07
3639.656153487944 4 1.56071e-07
3641.809652517246 8 7.94739e-07
3644.467777215064 9 7.97534e-08
3644.511128276974 3 1.50641e-08
3644.635670061264 5 4.91957e-08
3645.306153446655 4 1.42259e-07
3650.267777467381 9 6.42618e-08
3651.10615360181 4 7.87613e-08
3651.91112799322 3 1.23928e-07
3654.435670113233 5 4.09712e-08
3656.067777509336 9 2.73957e-08
3659.30615348185 4 5.242e-08
3660.111127924202 3 4.73897e-08
3660.235670392237 5 3.95156e-08
3661.867777503844 9 3.71812e-08
3662.159652712113 8 9.32621e-08
3665.756153748837 4 6.97007e-08
3665.885670060076 5 1.68025e-07
3668.317777019725 9 1.1722e-06
3669.11112795047 3 1.77412e-07
3678.6472189682 10 1.36791e-07
3679.408550570927 6 5.14697e-08
3686.047218849202 10 3.99722e-07
3702.097219010086 10 1.01514e-07
3704.511128194336 3 6.36887e-08
3707.747218984838 10 1.38898e-07
3714.735669915718 5 2.40137e-07
3714.767777214251 9 1.93065e-07
3714.8111282687 3 2.66537e-08
3715.556153323433 4 1.20828e-07
3716.209652819175 8 3.75489e-08
3720.535669966073 5 2.81192e-07
3721.35615369298 4 4.94616e-08
3721.367777550608 9 3.95617e-08
3726.185670010705 5 2.60757e-07
3727.956153382982 4 4.17652e-08
3727.967777575949 9 4.77051e-08
3729.109652972535 8 4.20023e-08
3730.711128209098 3 8.24772e-08
3731.835670114136 5 8.15478e-08
3736.156153382132 4 1.61934e-07
3736.967777181865 9 1.86979e-07
3737.635670349381 5 1.48534e-08
3738.761127747165 3 9.28304e-07
3742.756153362843 4 1.94274e-07
3742.767777325932 9 6.14954e-08
3743.435670178385 5 8.0565e-08
3744.10965263875 8 7.24756e-08
3748.556153383586 4 2.90589e-07
3749.235670011083 5 1.15855e-07
3752.309652872 8 1.13355e-07
3753.067777218779 9 1.88388e-07
3754.206153663503 4 4.11962e-08
3754.885670213869 5 6.39688e-08
3755.46112794981 3 1.01379e-07
3757.959652557155 8 4.51317e-07
3759.856153596057 4 6.51331e-08
3760.535670185593 5 9.71089e-08
3762.717777346291 9 1.8532e-08
3765.656153141745 4 2.72519e-08
3765.859652875191 8 4.88325e-08
3766.185670323841 5 5.27156e-08
3767.51112796011 3 5.90537e-08
3769.167777067793 9 1.56403e-06
3771.835670260228 5 6.88646e-08
3773.961127890144 3 1.33839e-07
3774.817777086782 9 7.35408e-07
3776.256153526536 4 7.01801e-08
3777.635670190676 5 4.64593e-08
3779.611127692245 3 2.03361e-06
3780.467777244428 9 1.43971e-07
3783.435669866326 5 1.33212e-06
3783.656153460657 4 1.42187e-07
3785.911127919156 3 2.6033e-07
3786.267777189626 9 2.82618e-07
3788.15965267568 8 1.37422e-07
3789.30615330152 4 1.9067e-07
3789.885669981835 5 2.35713e-07
3792.06777772203 9 2.23287e-08
3795.685670051836 5 1.28122e-07
3797.86777712756 9 4.38041e-07
3797.961127731161 3 1.32461e-06
3799.606153333452 4 3.56946e-07
3800.759652744976 8 7.9714e-09
3801.98567024491 5 6.69073e-08
3805.267777400201 9 5.24629e-08
3806.961128254636 3 2.38498e-08
3807.785670102772 5 6.91376e-08
3812.667777486773 9 4.91174e-08
3813.585670051985 5 1.33946e-07
3816.606153522057 4 7.21549e-08
3816.611128342257 3 3.18283e-08
3818.459652962446 8 4.68226e-08
3819.385670246562 5 5.20846e-08
3823.206153489327 4 1.41681e-07
3823.467777332751 9 9.18227e-08
3824.361128361514 3 2.30098e-08
3825.185669930234 5 2.10165e-07
3829.117777337467 9 7.75907e-08
3829.806153403048 4 2.0051e-07
3830.835670089847 5 8.97013e-08
3834.767777390783 9 6.00893e-08
3835.456153863803 4 1.1788e-08
3836.48567010566 5 6.36691e-08
3840.159652940987 8 3.08609e-08
3840.417777249477 9 2.47565e-07
3841.061127984134 3 3.51129e-08
3841.106153530956 4 9.79796e-08
3860.258550189105 6 2.34291e-07
3861.097218842786 10 1.43938e-07
3874.897219334363 10 3.80505e-08
3880.308550166164 6 1.98794e-07
3880.547219373543 10 2.81251e-08
3890.108550224004 6 1.09256e-07
3892.286704956575 7 1.20781e-07
3898.808550120806 6 3.58347e-07
3900.297219123213 10 6.36019e-08
3904.458550156995 6 1.05544e-07
3905.947219251805 10 3.83798e-08
3911.597218831581 10 6.28634e-07
3912.35855039147 6 7.24708e-08
3917.247219208461 10 1.47235e-08
3920.408550539028 6 1.93102e-08
3925.947218914341 10 1.05815e-07
3927.50855019225 6 1.30977e-07
3929.786704775707 7 2.68004e-07
3933.15855019992 6 1.19577e-07
3935.239379486012 2 1.17591e-07
3935.586704905603 7 7.15082e-08
3938.616578399422 11 1.45961e-07
3941.236704570936 7 4.02728e-06
3942.808550353208 6 4.89263e-08
3946.886705129219 7 4.6813e-08
3950.711128182823 3 1.89556e-08
3951.517777302694 9 1.49739e-07
3952.235669769106 5 3.96318e-06
3953.956153515338 4 1.56809e-07
3954.459652890756 8 6.30422e-08
3958.035670142412 5 3.09329e-08
3959.717777110852 9 1.42282e-07
3959.756153561504 4 7.79348e-08
3960.511128239016 3 1.70308e-08
3963.359652702657 8 7.09568e-08
3963.835670444672 5 1.6456e-08
3965.556153284522 4 1.36038e-07
3966.317777285151 9 1.74148e-07
3966.961128210042 3 3.05723e-08
3969.635670357811 5 3.54479e-08
3971.967777341124 9 1.11712e-07
3972.61112820092 3 3.18921e-08
3978.335670492506 5 1.00341e-08
3986.136704830616 7 2.22903e-07
3989.216578294268 11 1.65979e-07
3997.536704868915 7 1.18941e-07
4003.186705077431 7 5.75737e-08
4004.466578594294 11 5.94044e-08
4010.266578724922 11 4.32754e-08
4010.436704970797 7 6.50653e-08
4012.48937959444 2 5.16941e-08
4014.858550271668 6 1.85685e-07
4018.486704784409 7 1.51134e-07
4020.539379494782 2 1.8367e-07
4024.13670511798 7 4.5055e-08
4024.466578396481 11 1.3744e-07
4029.78670505892 7 2.12794e-08
4038.497219093015 10 5.89872e-08
4040.058550544056 6 2.68509e-08
4043.136704904261 7 1.51861e-07
4044.739379528168 2 4.31479e-08
4048.936704726924 7 4.61645e-07
4050.358550144496 6 1.49806e-07
4051.997218992369 10 1.26663e-07
4056.008550161444 6 1.69834e-07
4057.647219073152 10 5.67442e-08
4068.097218969982 10 5.18613e-08
4076.14721885567 10 8.86226e-07
4076.858550257045 6 1.84124e-07
4084.908550138028 6 2.72898e-07
4086.44721887602 10 3.80897e-07
4100.785670263314 5 5.89654e-08
4104.808550515846 6 2.82678e-08
4106.436705094176 7 1.24624e-07
4107.916578297226 11 9.58721e-08
4113.716578676611 11 6.61252e-08
4121.916578277321 11 4.86556e-07
4127.566578507918 11 1.33964e-07
4138.666578321995 11 8.87566e-08
4142.608550457499 6 8.40164e-08
4142.636704617944 7 3.50968e-06
4144.089379411197 2 3.10664e-07
4149.236704951008 7 1.80687e-07
4149.889379789545 2 2.58019e-08
4150.61657855739 11 6.326e-09
4153.058550160603 6 1.3887e-07
4154.49721920462 10 5.80703e-08
4160.947219540033 10 2.10381e-08
4164.811128198537 3 1.14099e-08
4166.597219086404 10 4.84417e-08
4168.008550306073 6 6.76652e-08
4173.047219012694 10 2.19285e-07
4181.897219002148 10 1.62471e-07
4187.547219010452 10 1.98882e-07
4190.608550346531 6 3.49718e-08
4193.197219218869 10 3.51223e-08
4194.611128371071 3 2.34298e-08
4196.258550436498 6 7.96562e-08
4202.547219039544 10 1.04879e-07
4204.958550674371 6 5.57361e-08
4206.661128276745 3 9.36884e-09
4208.197219178685 10 4.37156e-08
4213.617777185377 9 2.32769e-07
4213.785670022056 5 3.96811e-07
4214.606153566146 4 9.56394e-08
4215.361127755873 3 6.10838e-07
4219.417776945452 9 1.10919e-05
4219.435670257594 5 8.01062e-09
4221.011128217558 3 3.14303e-08
4224.20855010945 6 1.84685e-07
4224.247219208329 10 5.2362e-08
4231.611128023063 3 9.88555e-08
4232.417777227674 9 2.74152e-07
4234.656153171513 4 2.94853e-06
4234.835670172206 5 8.51599e-08
4235.909652805423 8 6.67694e-08
4238.067777204641 9 4.06545e-07
4239.661128413049 3 3.08273e-08
4240.485669896978 5 1.28242e-07
4241.256153277337 4 5.19058e-07
4241.559652723385 8 9.44454e-08
4243.717777369755 9 4.70289e-08
4246.13567044371 5 1.56496e-08
4246.906153499673 4 8.51966e-08
4247.209652977448 8 4.23567e-08
4249.367777103772 9 4.23143e-07
4250.761128179814 3 8.70617e-09
4251.785670102171 5 8.18069e-08
4252.556153270229 4 2.20022e-07
4253.009653015121 8 2.4255e-08
4255.167777215234 9 3.5746e-07
4257.585670169334 5 7.7752e-08
4258.011127822985 3 1.72244e-07
4261.617777257161 9 2.55013e-08
4262.856153572281 4 8.66204e-08
4263.385669937484 5 3.80062e-07
4265.409652654808 8 2.05492e-07
4269.185669929174 5 3.41215e-07
4270.317777167925 9 2.81516e-07
4270.906153304631 4 2.23347e-07
4272.461128191864 3 4.5247e-08
4274.985670037797 5 5.89179e-08
4275.609652786261 8 6.55698e-08
4277.05615361683 4 9.98434e-08
4279.667777536302 9 2.95327e-08
4280.78567010259 5 7.20045e-08
4281.259653064063 8 2.62548e-08
4283.656153590845 4 3.22754e-08
4286.435669942134 5 2.79244e-07
4287.717777322808 9 9.9263e-08
4289.306153552649 4 2.20625e-08
4292.235670252898 5 2.49778e-08
4292.859652939162 8 3.62668e-08
4294.017777387331 9 1.06525e-07
4295.606153343734 4 1.73448e-07
4298.035669854799 5 7.79487e-07
4299.611128141 3 2.09727e-08
4299.817777209264 9 2.23671e-07
4301.256153321097 4 2.6183e-07
4303.685670305097 5 2.47441e-08
4303.709652760142 8 7.90774e-08
4305.467777242134 9 5.19847e-08
4306.061127867088 3 1.19734e-07
4306.906153384398 4 1.17702e-07
4309.485669808726 5 1.6326e-06
4313.667777258945 9 7.75524e-08
4314.761128172998 3 6.80547e-08
4314.806153505711 4 1.10996e-07
4315.285669911234 5 2.87704e-07
4319.467777521207 9 1.78039e-08
4320.00965253879 8 4.88328e-07
4320.606153264312 4 3.05486e-07
4321.085670105046 5 2.36867e-08
4325.267777213058 9 2.65358e-07
4326.011127783289 3 7.38192e-07
4327.206153614769 4 3.07563e-08
4327.535670065464 5 4.2011e-08
4331.159652913605 8 1.94566e-08
4331.867777226413 9 4.07388e-08
4332.461128222067 3 3.34648e-08
4333.006153264536 4 4.30299e-07
4336.885669974215 5 2.95517e-07
4337.667777581332 9 2.61041e-08
4339.306153498447 4 4.01389e-08
4339.859652507466 8 6.47271e-07
4343.467777596959 9 2.9633e-08
4343.485670276312 5 3.12781e-08
4345.106153391378 4 1.74435e-07
4347.261127838829 3 2.87039e-07
4349.267777254473 9 5.78619e-08
4353.208550510686 6 5.13825e-08
4354.047219163166 10 1.96478e-08
4361.297219185926 10 4.24695e-08
4366.05855011575 6 2.37583e-07
4367.097219436247 10 1.36037e-08
4368.036704854218 7 1.61041e-07
4371.858550595972 6 7.67996e-08
4374.186705021847 7 1.18567e-07
4376.589379590487 2 1.51929e-08
4379.98670497519 7 4.62754e-09
4382.389379671797 2 3.14095e-08
4385.636705168855 7 7.25431e-08
4387.016578509424 11 8.20181e-08
4390.30855025421 6 1.24232e-07
4393.397219363727 10 3.88513e-08
4401.597218937872 10 1.07719e-07
4403.808550446882 6 6.59891e-08
4413.497219194575 10 6.13e-08
4419.058550294021 6 1.18047e-07
4419.147219020848 10 1.12252e-07
4424.858550312193 6 9.6737e-08
4424.947219158379 10 4.39142e-08
4431.547218848975 10 1.21261e-06
4439.747219032479 10 5.64942e-08
4458.997219003929 10 1.08086e-07
4463.011128029422 3 7.93348e-08
4468.661127972288 3 5.98586e-08
4474.311128144025 3 2.29379e-08
4477.408550316626 6 1.62767e-07
4478.18670485965 7 7.81881e-08
4480.497219064886 10 6.05749e-08
4487.897219049522 10 1.0273e-07
4496.747219077597 10 7.21948e-08
4498.258946274715 6 6.36802e-08
4502.397218947825 10 1.0479e-07
4510.297219361282 10 1.68107e-08
4515.94721889028 10 1.22849e-07
4516.70855031414 6 4.64826e-08
4524.647219280746 10 7.71771e-08
4530.297218993739 10 2.65779e-07
4535.808550093931 6 3.48734e-07
4535.947219311673 10 1.20343e-08
4562.885670585941 5 1.99843e-08
4571.885670465897 5 1.05191e-08
4587.036704981512 7 1.86206e-07
4588.808550230305 6 8.7551e-08
4591.739379160411 2 1.99569e-05
4595.88670476879 7 4.27728e-07
4597.658550185685 6 2.25496e-07
4601.366578468417 11 1.31415e-07
4601.536705077509 7 7.46585e-08
4603.789379178665 2 4.59448e-06
4607.18670486786 7 1.8798e-07
4609.439379577923 2 5.93689e-08
4612.986704736015 7 9.08933e-07
4615.889379452555 2 1.40954e-07
4618.78670481423 7 2.58093e-07
4619.008550065613 6 3.82128e-07
4620.647219066685 10 9.88607e-08
4624.808550192025 6 1.57538e-07
4630.98567036915 5 5.13267e-08
4644.635670377964 5 5.86713e-08
4658.458550227264 6 1.45403e-07
4658.94721945425 10 7.05964e-09
4660.936704629831 7 6.35809e-07
4662.489379722069 2 3.49181e-08
4664.108549981855 6 7.44943e-07
4665.397218997692 10 1.12221e-07
4672.647219272294 10 2.34665e-08
4683.747218958625 10 1.89509e-08
4688.308550118513 6 4.41511e-07
4689.397219227863 10 4.01034e-08
4693.936705135456 7 3.4897e-08
4694.108550124881 6 4.74633e-07
4697.411128009492 3 4.44319e-08
4698.117777398542 9 6.33184e-08
4705.335670323743 5 2.05968e-08
4708.708550191037 6 2.43453e-07
4709.297219330427 10 4.68986e-08
4710.93670464905 7 5.8128e-07
4712.489379657999 2 5.71494e-08
4713.76657843853 11 1.10783e-07
4717.536704695565 7 5.78304e-07
4722.316578439866 11 9.6285e-08
4727.966578155237 11 7.58685e-07
4733.616578290904 11 2.49354e-07
4744.066578503139 11 2.18467e-08
4749.866578600382 11 4.84878e-08
4755.516578518348 11 4.15729e-08
4770.335670349595 5 2.04867e-08
4793.497219175087 10 1.29254e-08
4795.158550531468 6 2.20947e-08
4799.29721890275 10 6.80742e-07
4800.958550204681 6 1.47872e-07
4804.786704823339 7 2.05332e-07
4806.489379380747 2 6.48982e-07
4810.586704700517 7 2.84602e-07
4812.358550309399 6 9.56929e-08
4814.697219396423 10 2.74095e-08
4822.897219356434 10 1.79232e-08
4828.408550373611 6 1.19142e-08
4828.697219035435 10 4.02027e-08
4836.661128146846 3 6.8397e-08
4839.797219037362 10 2.98328e-08
4842.208550288381 6 1.20731e-07
4845.597219297182 10 1.87507e-08
4851.397219038181 10 1.33513e-07
4851.558550253657 6 5.22839e-08
4857.197561525962 10 9.91768e-08
4859.261128337469 3 2.2401e-08
4868.261127936559 3 1.82451e-07
4874.847219324114 10 2.5336e-08
4883.697218965947 10 2.15735e-07
4892.31112806278 3 7.85264e-08
4894.797219224634 10 2.4327e-08
4895.608550022168 6 5.02954e-07
4897.986704645052 7 1.70832e-06
4898.689379851935 2 2.26495e-08
4901.40855012084 6 5.03207e-07
4902.847219523596 10 3.41268e-08
4907.208550231556 6 1.37592e-07
4908.497218997846 10 6.61332e-08
4914.036705004054 7 7.55428e-08
4914.766578536938 11 4.92198e-08
4915.689379600256 2 4.32436e-08
4919.408550110992 6 1.99943e-07
4919.68670493042 7 1.05883e-07
4921.847219214736 10 3.40215e-08
4930.658550076747 6 3.72565e-07
4930.697219344813 10 3.71881e-08
4931.886704842531 7 2.44333e-07
4933.539379394602 2 4.19642e-07
4937.686704977393 7 1.16874e-07
4938.858550387664 6 6.43826e-08
4944.516578502231 11 2.13324e-07
4946.536704939991 7 4.39186e-08
4948.489379474299 2 2.02021e-07
4954.139379486517 2 1.76445e-07
4959.789379389441 2 1.4604e-07
4960.336704857891 7 1.30871e-07
4962.016578359968 11 1.88018e-07
4965.439379429586 2 1.95866e-07
4967.736705084051 7 7.20861e-08
4973.386704868708 7 1.1973e-07
4974.108550118077 6 7.67005e-08
4976.347219007101 10 8.64672e-08
4979.908550507822 6 7.50101e-08
4984.539379750062 2 5.71248e-08
4988.908550162248 6 1.03423e-07
4989.197219039939 10 1.92288e-07
4994.847219244442 10 2.58177e-08
4998.761128206861 3 5.13681e-08
5001.947219066606 10 7.28042e-08
5003.50855026141 6 9.63911e-08
5008.247219001861 10 1.25123e-07
5017.247218976886 10 1.38603e-07
5018.608550153004 6 1.76821e-07
5020.986705327678 7 3.20022e-08
5022.89721907703 10 1.25883e-07
5024.258550276848 6 1.97748e-07
5028.236705038713 7 1.1282e-07
5029.908550141075 6 1.04891e-07
5030.64721914732 10 4.44785e-08
5036.447219098031 10 1.09392e-07
5038.758550255292 6 8.24304e-08
5042.247219215332 10 3.19349e-08
5046.661128173464 3 4.03224e-08
5054.861128205576 3 4.19044e-08
5057.647219167835 10 8.25692e-09
5060.558550530259 6 3.05443e-08
5066.208550348386 6 5.73485e-08
5066.236704658615 7 1.50059e-06
5067.689379462831 2 3.20261e-08
5073.489379650328 2 6.3866e-08
5073.636704715127 7 3.87534e-07
5075.208550311367 6 2.35681e-07
5089.808550392909 6 9.08942e-08
5090.636705171681 7 2.8498e-08
5092.29721903936 10 1.26957e-07
5096.40855026129 6 9.55447e-08
5098.747219112921 10 7.67345e-08
5102.058550012061 6 5.67485e-07
5105.197219107464 10 7.89913e-08
5114.761128085482 3 1.18447e-07
5123.647218914364 10 4.04711e-07
5132.347219190107 10 3.73914e-08
5137.008550562387 6 4.77024e-08
5137.997219041512 10 1.03015e-07
5164.297218955784 10 3.3038e-08
5169.708550361513 6 6.8905e-08
5169.947219275553 10 2.33126e-08
5175.597219295489 10 2.34424e-08
5179.358550640109 6 2.42906e-08
5184.136704661117 7 7.66199e-07
5186.516578546927 11 6.67889e-08
5187.789379408752 2 2.8576e-07
5189.936704627421 7 2.05793e-06
5193.439379511773 2 1.21962e-07
5195.5867048437 7 1.60058e-07
5196.358550227067 6 1.17825e-07
5199.216578586494 11 3.31648e-08
5200.389379478055 2 1.12645e-07
5201.236704998796 7 8.76484e-08
5206.039379515711 2 1.30578e-07
5206.886704975677 7 9.47841e-08
5209.816578573933 11 6.84631e-08
5212.33937967616 2 8.32065e-08
5212.536705098489 7 8.35089e-08
5217.866578369926 11 1.78003e-07
5218.186705241919 7 3.56944e-08
5221.039379572116 2 5.75112e-09
5223.836705011749 7 1.2079e-07
5226.716578581984 11 6.70083e-08
5228.289379533228 2 1.7772e-07
5229.986705037872 7 1.66397e-07
5232.366578482263 11 1.27019e-07
5233.939379525177 2 4.79526e-08
5235.63670517719 7 8.60351e-08
5240.389379413522 2 2.04006e-07
5241.936704818611 7 1.57716e-07
5245.058550215105 6 1.08489e-07
5246.697219381623 10 2.75311e-08
5249.036704847709 7 2.5811e-07
5250.708550153167 6 7.5176e-08
5253.9472190101 10 2.60992e-07
5262.797219409116 10 4.47839e-08
5265.958550182888 6 1.94922e-07
5268.447218964998 10 2.03164e-07
5271.608550500409 6 1.47316e-07
5274.097219026645 10 1.36689e-07
5277.258550387387 6 1.02473e-07
5280.936705243224 7 4.0896e-08
5281.847218997158 10 4.2692e-08
5282.908550194848 6 3.27266e-07
5287.497219232235 10 2.32719e-08
5291.908550107062 6 2.04665e-07
5293.636704924228 7 1.54209e-07
5295.039379981283 2 3.50834e-08
5297.147219012103 10 1.11819e-07
5297.70855038091 6 7.58653e-08
5300.261128054265 3 4.52151e-08
5302.797218863358 10 3.71379e-07
5314.697218932435 10 1.90393e-07
5316.158550084892 6 1.47162e-07
5320.34721906794 10 6.25137e-08
5325.997219184562 10 1.97664e-08
5328.358550301975 6 1.17459e-07
5331.647218821058 10 1.57102e-07
5334.008550298003 6 9.17296e-08
5337.297219066202 10 8.49309e-08
5341.908550059636 6 3.71198e-07
5347.558550326409 6 2.68103e-08
5348.086705000915 7 6.48205e-08
5353.20855045817 6 7.79608e-08
5359.808550088442 6 6.54395e-08
5361.047219080268 10 6.61885e-08
5367.64721920878 10 5.10125e-08
5378.747218841826 10 6.53608e-07
5381.15855026471 6 4.52312e-08
5385.997219240366 10 1.01402e-07
5391.647218984629 10 9.37949e-08
5393.858550307128 6 3.14243e-08
5397.297219316848 10 3.95766e-08
5401.108550077644 6 2.84667e-07
5406.758550193817 6 1.14872e-07
5411.447219035136 10 9.16973e-08
5412.408550377479 6 7.20348e-08
5417.097219109185 10 3.82248e-08
5420.311128156686 3 5.47092e-08
5422.747219202142 10 5.68624e-08
5423.508550588225 6 7.97375e-08
5427.486704997301 7 1.66666e-07
5429.958549979378 6 9.28997e-07
5433.286704819528 7 1.52364e-07
5438.716578744204 11 1.10702e-08
5438.936704718237 7 5.40377e-07
5440.408550368392 6 4.47124e-08
5447.566578393193 11 1.31202e-07
5456.416578421146 11 7.48533e-08
5462.066578484235 11 4.82348e-08
5467.716578497979 11 6.20512e-08
5475.616578492985 11 1.95873e-08
5485.236704929916 7 1.21201e-07
5488.466578360192 11 1.12952e-07
5494.116578683068 11 2.66672e-08
5500.416578247783 11 2.29904e-07
5507.516578591432 11 1.20331e-08
5513.166578378616 11 3.83074e-07
5519.61657826603 11 3.07229e-07
5525.266578457574 11 1.31839e-07
5533.966578394197 11 7.07111e-08
5539.616578265031 11 1.73475e-07
5555.508550067767 6 2.59174e-07
5556.247219023648 10 1.33449e-07
5561.158550414389 6 5.08336e-08
5562.047219385535 10 5.11068e-08
5567.69721907888 10 2.70446e-08
5568.408550354046 6 1.07408e-07
5573.347219152872 10 3.96499e-08
5574.058550179034 6 2.1623e-07
5575.536704790855 7 3.67884e-07
5577.83937945128 2 6.24654e-08
5582.136705056716 7 2.67625e-08
5583.639379811002 2 4.00187e-08
5587.936704863784 7 2.67284e-07
5589.439379465409 2 1.14345e-07
5591.916578287971 11 1.95209e-07
5595.239379479994 2 1.8809e-07
5595.336704806643 7 5.56569e-08
5596.658550365576 6 9.63661e-08
5601.13670480394 7 5.5506e-07
5606.93670481373 7 4.88976e-07
5608.239379359262 2 5.52237e-07
5612.586704697986 7 1.67031e-06
5613.858550092532 6 1.84634e-07
5615.497219054066 10 3.2189e-08
5621.297219047506 10 1.4262e-07
5622.058550233418 6 3.02633e-08
5625.13670476997 7 2.29312e-07
5627.489379349361 2 6.76785e-07
5630.616578565198 11 3.90332e-08
5633.186704847287 7 3.51302e-08
5633.289379722948 2 1.04231e-07
5639.467777206953 9 1.21902e-07
5639.56112782731 3 9.2958e-08
5641.00615344964 4 7.03258e-08
5644.93567028783 5 3.23207e-08
5645.267777138514 9 4.45914e-07
5645.361128138663 3 3.53236e-08
5646.806153319108 4 2.94196e-07
5651.067777206505 9 1.8572e-07
5651.161127853987 3 3.71138e-07
5652.335670141556 5 5.19286e-08
5652.456153558513 4 1.35103e-07
5656.867777203789 9 1.16647e-07
5656.961128185059 3 6.68645e-08
5658.135670378726 5 3.83535e-08
5663.597219005917 10 3.7263e-08
5665.958550469115 6 2.6484e-08
5670.997219188251 10 6.66723e-08
5672.558550446953 6 7.0784e-08
5678.761128364745 3 1.97175e-08
5683.847219055747 10 1.39567e-07
5692.697218961335 10 1.67687e-07
5694.20855013072 6 1.67728e-07
5698.347218941688 10 1.84809e-08
5699.858550005532 6 8.79526e-07
5700.586704793422 7 1.61988e-07
5702.939379638613 2 6.85664e-08
5704.46657865248 11 8.4617e-08
5706.386705057408 7 4.45377e-08
5708.739379483514 2 8.69459e-08
5714.286705117182 7 5.06875e-08
5714.389379229336 2 1.33441e-06
5720.039379827936 2 3.98425e-08
5720.086704810757 7 2.22193e-07
5720.716578657361 11 6.83815e-08
5725.886704959375 7 1.59259e-07
5726.308550268917 6 1.102e-07
5728.739379824019 2 2.40342e-08
5735.686704693973 7 2.51648e-07
5736.458550410016 6 4.54173e-08
5737.289379482704 2 1.18522e-07
5741.486704929389 7 8.24531e-08
5746.161128035004 3 6.32972e-08
5746.217777103815 9 4.12879e-07
5746.985670044965 5 8.76875e-08
5747.706153197689 4 1.87631e-06
5748.359652932027 8 6.75682e-08
5751.961128370379 3 3.55693e-08
5752.017777409164 9 6.72616e-08
5753.506153540587 4 6.29474e-08
5755.185670084411 5 3.19561e-08
5757.81777728649 9 1.4632e-07
5758.411127995448 3 9.55716e-08
5760.756153580987 4 7.77813e-08
5761.635670069899 5 9.71407e-08
5763.617777507248 9 1.64346e-08
5765.009653053299 8 1.66129e-08
5767.285669931543 5 2.24939e-07
5769.417777231113 9 4.23722e-07
5769.511127772312 3 2.83222e-07
5773.585669967701 5 8.60102e-08
5775.056153370186 4 4.69578e-07
5775.217777143077 9 2.59e-07
5775.961128151962 3 2.00166e-08
5777.609652598032 8 1.06262e-07
5779.235670138966 5 6.08269e-08
5780.706153548421 4 8.30837e-08
5780.867776949646 9 6.14233e-06
5781.611127766878 3 8.94849e-07
5785.685670015038 5 8.34047e-08
5786.517777407544 9 5.98196e-08
5789.706153494896 4 1.9048e-07
5790.509652790667 8 1.23887e-07
5791.335670284925 5 4.21671e-08
5792.167777265323 9 1.37425e-07
5792.711127907897 3 1.58683e-07
5796.98567019859 5 1.89284e-08
5797.817776985238 9 2.88167e-06
5798.256153453934 4 7.32065e-08
5798.361128025053 3 9.32905e-08
5800.209652690607 8 8.84582e-08
5802.635670083851 5 7.32892e-08
5804.05615315675 4 2.60797e-06
5804.117777310521 9 4.3833e-08
5808.285670255907 5 4.58399e-08
5808.759652797571 8 4.67872e-08
5809.856153386672 4 1.78649e-07
5809.917777273877 9 1.51662e-07
5810.261128080954 3 7.78753e-08
5813.935670322674 5 4.1411e-08
5814.409652734905 8 7.07002e-08
5815.656153178796 4 1.58395e-06
5816.517777291724 9 7.4289e-08
5817.511127899826 3 2.48366e-07
5819.735670299759 5 1.57142e-08
5820.709652993223 8 2.85262e-08
5821.306153409602 4 1.19631e-07
5822.317777010536 9 1.5863e-06
5823.161127792884 3 4.76305e-07
5826.335670013578 5 1.72535e-07
5827.106153556087 4 8.0018e-08
5827.967777673343 9 5.91421e-08
5831.211128055132 3 8.71324e-08
5832.13567041115 5 3.32702e-08
5833.767777055443 9 4.70754e-07
5834.506153490786 4 9.74725e-08
5837.785670327248 5 3.78236e-08
5840.658550140426 6 3.49422e-07
5840.697219297652 10 3.84505e-08
5842.336704707971 7 3.426e-07
5844.739379606498 2 5.11881e-08
5846.458550198323 6 2.05104e-07
5848.136705209315 7 6.40096e-08
5853.858550198302 6 9.39104e-08
5853.936705144895 7 3.88943e-08
5857.661127895128 3 4.03018e-08
5857.667777436612 9 9.59457e-08
5862.936705528859 7 2.41507e-08
5869.536704861402 7 1.36361e-07
5871.339379759288 2 1.9569e-08
5872.958550444011 6 5.95851e-08
5875.336705229044 7 4.23965e-08
5876.11657857339 11 5.38674e-08
5876.98937955037 2 1.04286e-07
5881.136704858676 7 9.45228e-08
5881.916578410118 11 1.22477e-07
5885.158550056664 6 2.34112e-07
5886.497218970219 10 1.08797e-07
5890.808550613191 6 3.27659e-08
5893.061127984094 3 9.07271e-08
5897.097218890013 10 1.74195e-07
5901.111128064176 3 7.461e-08
5902.667777633861 9 1.587e-08
5905.947218932511 10 4.23213e-07
5913.997219180614 10 1.78224e-08
5916.308550377789 6 1.14453e-07
5930.697219162329 10 6.24556e-08
5936.347219193166 10 7.45198e-08
5937.958550219521 6 1.71016e-07
5942.797219282129 10 3.33215e-08
5943.608550065819 6 5.59452e-07
5944.236704868789 7 9.4173e-08
5950.858550330677 6 1.47595e-08
5951.636704740613 7 2.94603e-07
5953.689379449229 2 2.92409e-07
5955.46657845605 11 8.80604e-08
5959.489379841202 2 4.07759e-08
5959.536705155135 7 5.51452e-08
5961.116578635993 11 5.11542e-08
5965.336705055123 7 1.21721e-07
5969.13937951553 2 1.46239e-07
5972.366578359951 11 4.9651e-08
5974.789379319172 2 8.72475e-07
5976.436704675121 7 8.67057e-07
5980.439379666326 2 6.22184e-08
5982.086705109302 7 6.40886e-08
5982.666578555079 11 3.60821e-08
5986.758550142571 6 1.23504e-07
5987.736705191339 7 4.2656e-08
5989.097219035101 10 6.68215e-08
5996.347218880911 10 2.26978e-07
6005.161128360884 3 1.64424e-08
6006.797219395257 10 1.97373e-08
6018.197219023622 10 9.1887e-08
6027.997218970623 10 2.61936e-07
6033.79721882883 10 2.72834e-07
6039.30855015097 6 1.55929e-07
6039.597219118129 10 6.74477e-08
6045.247219105061 10 3.17224e-08
6056.411128092956 3 3.44747e-08
6065.797218997586 10 2.11251e-07
6071.597219293024 10 2.42212e-08
6075.358549967663 6 1.58869e-07
6077.247219154429 10 4.48384e-08
6081.15855008437 6 6.42246e-07
6082.897218901293 10 1.05212e-07
6087.336704774595 7 3.25097e-07
6087.608550330292 6 9.80732e-08
6088.889379514906 2 1.07212e-07
6093.136705014138 7 9.45813e-08
6094.689379337787 2 1.48585e-07
6100.489379623502 2 7.74141e-08
6104.536704998214 7 9.70623e-08
6106.139379355593 2 4.41819e-07
6110.18670496166 7 1.84889e-07
6111.789379593161 2 1.11107e-07
6117.439379858817 2 3.07232e-08
6123.739379502722 2 1.41614e-07
6129.286704793019 7 1.61645e-07
6129.389379547154 2 1.41019e-07
6134.766578700679 11 1.16842e-08
6141.911127959615 3 8.16042e-08
6144.397219105943 10 8.51352e-08
6150.197219270514 10 2.58118e-08
6152.361207045988 3 2.88174e-08
6155.858550337598 6 6.02048e-08
6156.686705279227 7 7.66445e-09
6162.308550098403 6 7.88436e-07
6162.486705029402 7 4.60186e-08
6164.647219195826 10 3.427e-08
6166.811128361435 3 7.5028e-09
6168.608550409343 6 7.87459e-08
6171.986704889703 7 6.84407e-08
6174.016578493834 11 4.28606e-08
6177.608550048183 6 3.98561e-07
6177.786705142275 7 2.4648e-08
6178.447219142189 10 1.20898e-07
6184.24721939707 10 1.73098e-08
6199.647218994796 10 1.21121e-07
6214.786705312886 7 3.04141e-08
6218.608550204426 6 6.87367e-08
6218.747219360038 10 3.31086e-08
6222.566578610614 11 3.37127e-08
6223.48670497027 7 3.51052e-08
6227.68937945974 2 8.98779e-08
6232.486704966445 7 8.05417e-08
6233.339379636453 2 5.8073e-08
6234.766578624118 11 1.49101e-08
6238.136704887511 7 2.0332e-07
6243.597219124018 10 2.71036e-08
6246.008550203893 6 1.31139e-07
6249.247219134642 10 6.64678e-08
6258.097219163681 10 3.02941e-08
6272.311127828785 3 2.88602e-07
6278.147219496913 10 1.39405e-08
6285.397219009441 10 7.17854e-08
6287.658550046343 6 2.77621e-07
6292.235670229291 5 4.1189e-08
6295.70855035792 6 1.95029e-08
6296.497219053966 10 6.08165e-08
6298.036705015006 7 6.62965e-08
6303.686704928036 7 1.41929e-07
6304.408550370225 6 3.76823e-08
6308.266578543196 11 7.81882e-08
6309.486705080447 7 5.27993e-08
6312.608550379435 6 5.26233e-08
6316.435670304896 5 2.96321e-08
6345.13567065835 5 8.84196e-09
6350.797219083792 10 4.71492e-08
6355.858550202533 6 3.57136e-07
6356.59721891925 10 1.56768e-07
6362.247219013408 10 1.07727e-07
6363.758550288917 6 1.17596e-07
6368.047219392674 10 3.89261e-08
6373.847218961933 10 1.51122e-07
6375.808549951639 6 8.48363e-07
6380.447219098142 10 8.7426e-08
6381.45855043484 6 4.98356e-08
6386.247219310133 10 6.66218e-08
6397.347219047849 10 4.68578e-08
6402.958550463554 6 2.45802e-08
6402.997219231569 10 3.5288e-08
6408.758550219689 6 6.88508e-08
6408.797219002024 10 1.53419e-07
6414.597219048885 10 1.8633e-07
6423.597219204961 10 3.23516e-08
6426.108550380181 6 1.48553e-08
6429.397218867991 10 8.09605e-07
6431.758550243453 6 8.98319e-08
6440.489379805807 2 2.26153e-08
6441.408550153562 6 1.96183e-07
6443.047219605163 10 1.20106e-08
6448.508550017994 6 4.53305e-07
6449.647219052805 10 7.01029e-08
6458.158550083673 6 3.64194e-07
6460.436704807854 7 1.90425e-07
6463.447219143405 10 3.3982e-08
6463.808550334874 6 5.66286e-08
6466.886705243523 7 1.6463e-08
6469.247219230628 10 6.30464e-08
6469.608549892307 6 2.85888e-06
6472.239379589308 2 6.76108e-08
6472.536704822615 7 2.44063e-07
6475.408550413842 6 9.66354e-08
6478.039379356995 2 2.01391e-07
6479.936704696213 7 6.48069e-07
6482.008550269344 6 1.14582e-07
6485.139379392612 2 2.52682e-07
6485.736705251198 7 5.15417e-08
6492.53937939062 2 1.02726e-07
6493.13670494744 7 1.64914e-08
6496.458550173504 6 1.14324e-07
6499.59721902121 10 9.11323e-08
6504.508550464615 6 1.08006e-08
6505.397219019062 10 9.4769e-08
6510.158550499115 6 4.87174e-08
6513.336705079695 7 3.01114e-08
6515.808550622439 6 2.25739e-08
6518.986705279394 7 5.53434e-08
6521.608550109351 6 2.38854e-07
6523.547218808856 10 1.18811e-06
6528.208550190294 6 6.13476e-08
6529.286704817839 7 3.70102e-07
6533.19721905856 10 5.91402e-08
6534.008550615389 6 4.44233e-08
6541.247219020358 10 6.41105e-08
6549.29721912724 10 7.95121e-08
6554.947218873453 10 9.70688e-07
6558.058549999516 6 1.30659e-06
6570.908550159025 6 1.6539e-07
6572.447219155953 10 5.29538e-08
6576.289379594599 2 1.45e-07
6577.186705020123 7 2.60898e-08
6578.008550087523 6 2.7425e-07
6582.747219099767 10 6.68741e-08
6583.658550283318 6 1.26027e-07
6587.517777485959 9 9.05999e-08
6587.561127849507 3 7.88417e-08
6595.597219151275 10 1.21353e-07
6600.508550107787 6 2.73307e-07
6601.397219327239 10 3.1415e-08
6604.436704997678 7 1.56903e-07
6606.958550262723 6 1.16457e-07
6607.847219003931 10 1.17111e-07
6612.60855021428 6 2.05991e-07
6613.647219324436 10 1.20391e-08
6619.447219408199 10 2.64477e-08
6620.561128201784 3 3.35779e-08
6634.061127964757 3 1.42398e-08
6638.047219175196 10 3.05921e-08
6643.697218971058 10 1.10907e-07
6655.597218927473 10 4.14977e-07
6658.758550268108 6 3.76469e-08
6661.247218951467 10 1.64179e-07
6666.897219270236 10 2.74588e-08
6671.608550094384 6 3.30955e-07
6672.547219331585 10 2.0001e-08
6677.116578641 11 5.01793e-08
6682.916578478799 11 1.05081e-07
6689.216578206192 11 5.07832e-07
6707.666578386632 11 1.19364e-07
6714.116578361379 11 8.32096e-08
6722.016578481192 11 1.22726e-07
6727.666578211263 11 5.26385e-07
6733.316578621307 11 3.3228e-08
6738.966578424691 11 8.60575e-08
6744.61657828277 11 1.98317e-07
6749.936704999718 7 6.94662e-08
6750.058550177741 6 9.82861e-08
6751.647219038843 10 1.52814e-07
6762.897219069856 10 6.15299e-08
6772.361127878142 3 3.44712e-07
6775.747219117325 10 8.84309e-08
6777.308550542484 6 3.12565e-08
6781.397218961948 10 2.86563e-07
6782.958550168499 6 8.57357e-08
6788.608550362446 6 1.28409e-07
6796.658550368636 6 2.47217e-08
6802.308550240867 6 1.13305e-07
6804.536705273818 7 4.40794e-08
6808.608550249747 6 1.17824e-07
6810.097219051442 10 7.54829e-08
6814.408550260358 6 4.71107e-08
6815.747219141095 10 2.43158e-08
6820.058550440033 6 1.52744e-07
6821.397219158039 10 5.28198e-08
6830.811128347472 3 2.63028e-08
6831.697219030271 10 6.25836e-08
6839.011128386391 3 1.27541e-08
6853.497219076783 10 5.32279e-08
6859.29721938885 10 1.71814e-08
6865.897219127935 10 2.37075e-08
6874.097219201937 10 6.14977e-08
6883.097219143872 10 3.12663e-08
6888.89721910832 10 3.81829e-08
6891.808550059892 6 5.82801e-08
6897.366578114617 11 1.11393e-06
6903.166578558214 11 8.4116e-08
6910.566578356331 11 2.10894e-07
6916.808550232045 6 7.40291e-08
6917.386704757162 7 1.20015e-07
6919.189379517497 2 5.71848e-08
6921.716578599022 11 5.98059e-08
6923.186705045016 7 1.0524e-07
6944.058550185733 6 8.23736e-08
6944.797219186566 10 1.09691e-07
6951.397219037563 10 1.52949e-07
6957.847219112384 10 7.36411e-08
6961.708550450314 6 8.78275e-08
6963.497218927516 10 2.37571e-07
6969.797219078363 10 6.52538e-08
6970.558550341785 6 8.29776e-08
6975.447219281871 10 8.2321e-09
6984.297219010284 10 8.66279e-08
6987.408550126641 6 1.93891e-07
6989.63670503726 7 4.70268e-08
6992.016578655143 11 3.59685e-08
6997.816578194098 11 4.97422e-07
7005.066578711794 11 2.29437e-08
7012.316578438192 11 2.25817e-08
7019.436704991622 7 1.38397e-07
7020.216578582922 11 5.50747e-08
7021.839379777659 2 3.48203e-08
7022.65855054867 6 6.61657e-08
7027.489379370594 2 2.3728e-07
7033.139379514608 2 1.38531e-07
7037.086704703111 7 5.73056e-07
7045.908550035842 6 6.63118e-07
7046.597219290705 10 2.29316e-08
7052.811128242455 3 3.54498e-08
7054.79721901263 10 1.36212e-07
7056.508550210163 6 1.51337e-07
7058.886704877475 7 1.82565e-07
7062.158550222761 6 9.54445e-08
7064.536704765914 7 2.68271e-07
7065.189379365212 2 2.54117e-07
7070.839379434306 2 8.05022e-08
7072.966578784634 11 4.04352e-08
7077.13937949691 2 1.76635e-07
7077.886704866394 7 1.22775e-07
7082.789379419607 2 1.54482e-07
7087.53670520745 7 3.94914e-08
7088.36657833275 11 1.41868e-07
7092.308550164477 6 1.35104e-07
7095.497219122836 10 1.16127e-07
7101.297219124202 10 4.50857e-08
7107.59721909337 10 5.61161e-08
7111.411128296732 3 1.41789e-08
7113.247218918862 10 1.38459e-07
7121.947219110525 10 2.70915e-08
7125.861128018387 3 7.35241e-08
7131.597219016872 10 7.76707e-08
7133.958550272851 6 1.75386e-07
7138.635670327316 5 4.33071e-08
7149.817777293141 9 9.95792e-08
7150.035670023516 5 6.75487e-08
7150.711127972933 3 1.28483e-07
7153.756153384829 4 2.00234e-07
7155.617777296758 9 1.0114e-07
7155.685669970585 5 1.16837e-07
7158.1111277491 3 4.53599e-07
7161.417777347225 9 4.10466e-08
7163.585670183812 5 9.98412e-08
7163.761128302073 3 2.65324e-08
7168.367777167216 9 1.59206e-07
7169.235670296053 5 2.51204e-08
7169.41112781126 3 3.94374e-07
7171.556153378091 4 1.44019e-07
7174.167777208827 9 3.70657e-07
7175.061127944957 3 9.14153e-08
7175.685670127141 5 4.27381e-08
7180.406153310746 4 7.41248e-07
7180.467777220742 9 1.94705e-07
7181.335670280052 5 4.33241e-08
7182.011127735002 3 6.05838e-07
7187.0677773919 9 4.57743e-08
7187.135669763929 5 5.82943e-06
7187.806153326215 4 2.36524e-07
7189.411127811201 3 6.54047e-07
7192.867777490262 9 1.07964e-07
7192.935670221841 5 4.47411e-08
7197.186705166215 7 6.3186e-08
7198.666578572259 11 1.0314e-07
