0
781.958 531.419
2
781.958 531.419
4
625.054 667.813
6
813.921 591.506
8
625.711 519.259
10
790.852 403.626
12
660.68 230.881
14
846.187 333.709
16
646.668 422.54
18
794.185 264.349
20
685.127 438.877
22
639.305 637.356
24
472.171 524.623
26
428.946 321.266
28
587.435 183.493
30
765.525 72.2104
32
558.676 135.45
34
569.337 338.871
36
653.852 537.976
38
653.852 334.276
40
818.685 200.798
42
877.013 391.58
44
687.833 496.445
46
793.883 680.129
48
875.936 486.823
50
719.032 623.217
52
928.972 683.417
54
857.868 476.915
56
754.968 655.143
58
912.589 513.221
60
698.91 528.163
62
907.114 487.692
64
784.289 644.9
66
622.63 785.428
68
703.774 967.68
70
907.131 924.455
72
694.329 875.326
74
644.033 673.602
76
440.778 599.623
78
521.018 401.02
80
384.896 569.117
82
587.821 586.87
84
799.405 572.075
86
611.397 488.368
88
415.588 544.516
90
464.867 346.867
92
558.299 163.497
94
554.817 362.967
96
637.669 549.056
98
452.167 656.156
100
473.679 451.484
102
289.995 557.534
104
439.813 422.637
106
515.333 235.717
108
497.946 434.457
110
385.461 247.252
112
524.384 98.2754
114
403.059 259.28
116
545.611 401.833
118
371.021 301.033
120
165.503 311.804
122
367.072 315.322
124
223.564 176.738
126
24.5495 190.654
128
146.75 22.4596
130
36.9508 191.536
132
251.02 199.011
134
90.5026 73.6008
136
65.4219 277.867
138
102.982 64.8529
140
59.3205 270.264
142
59.3205 62.3639
144
192.956 221.625
146
11.1509 112.385
148
210.165 126.301
150
31.9369 229.201
152
145.844 60.3264
154
160.933 276.1
156
274.84 107.225
158
69.1269 174.065
160
174.127 355.93
162
98.6062 169.01
164
240.512 5.76636
166
38.5783 83.2813
168
245.339 105.013
170
48.9064 150.363
172
249.402 129.29
174
117.116 286.942
176
334.685 305.977
178
349.334 515.465
180
160.587 607.523
182
259.176 422.104
184
53.836 389.581
186
197.164 548.763
188
37.0898 409.613
190
230.479 480.001
192
390.552 619.151
194
199.77 677.479
196
277.721 861.12
198
339.369 671.384
200
178.5 806.369
202
16.0221 670.034
204
180.851 813.317
206
352.873 692.866
208
145.162 625.377
210
89.7228 832.278
212
291.904 807.454
214
82.416 792.805
216
287.089 814.317
218
173.858 639.957
220
368.999 681.435
222
405.465 888.245
224
229.055 990.095
226
41.7821 890.52
228
164.372 727.838
230
89.1146 923.89
232
254.81 784.855
234
116.226 928.363
236
327.519 909.878
238
397.906 716.489
240
195.074 778.501
242
167.017 978.139
244
343.326 867.969
246
186.422 1004.36
248
125.638 805.548
250
50.9038 990.521
252
234.069 871.572
254
432.81 854.184
256
295.367 684.455
258
225.697 875.871
260
436.655 932.397
262
218.787 947.632
264
17.9714 893.823
266
217.198 883.382
268
26.8734 794.632
270
235.076 835.103
272
265.18 620.908
274
47.0789 632.338
276
217.695 747.42
278
15.9758 681.877
280
203.181 794.362
282
261.509 985.145
284
179.456 791.839
286
362.621 910.788
288
403.092 702.585
290
314.261 503.066
292
379.212 691.697
294
311.526 495.124
296
133.77 404.553
298
177.868 612.018
300
220.22 412.769
302
184.483 615.443
304
391.948 571.345
306
584.71 649.225
308
599.359 439.737
310
595.693 229.769
312
573.084 444.884
314
674.631 635.865
316
875.236 671.238
318
664.298 649.067
320
860.871 581.382
322
718.949 739.003
324
776.832 537.138
326
926.81 687.115
328
763.566 829.02
330
892.855 663.538
332
881.974 455.923
334
677.459 526.344
336
563.085 702.464
338
500.138 508.734
340
695.819 595.857
342
509.73 513.005
344
550.601 723.269
346
671.555 543.949
348
462.845 495.764
350
487.669 697.946
352
688.219 778.973
354
891.423 764.764
356
704.503 689.243
358
512.275 778.88
360
475.809 572.071
362
277.272 537.063
364
108.196 427.264
366
266.685 565.036
368
464.334 614.316
370
291.562 514.566
372
390.151 699.985
374
422.017 498.793
376
415.054 698.171
378
316.856 890.896
380
345.79 685.019
382
154.808 786.566
384
354.781 709.804
386
160.69 784.308
388
367.539 721.068
390
181.289 649.574
392
188.618 859.446
394
167.326 656.862
396
54.0954 831.221
398
128.6 637.13
400
335.994 651.632
402
448.727 484.498
404
568.789 643.826
406
762.363 595.563
408
819.089 793.39
410
626.253 690.858
412
772.392 528.555
414
894.592 696.75
416
863.383 893.794
418
680.299 983.09
420
669.858 783.863
422
854.831 858.597
424
704.577 703.004
426
891.782 815.488
428
826.831 626.857
430
739.376 806.167
432
639.626 978.939
434
454.119 876.111
436
662.04 816.49
438
482.731 729.035
440
450.537 932.302
442
604.969 777.869
444
573.76 580.826
446
602.402 784.623
448
450.94 633.16
450
654.737 604.519
452
795.265 442.86
454
806.255 652.572
456
637.463 784.447
458
850.848 765.778
460
669.043 875.018
462
874.06 857.081
464
677.404 777.627
466
609.719 581.054
468
696.693 767.572
470
894.706 743.259
472
929.714 941.796
474
725.952 890.992
476
916.766 968.086
478
735.056 871.469
480
760.136 667.203
482
562.199 759.503
484
541.345 561.096
486
470.241 354.595
488
557.216 168.076
490
356.666 249.104
492
494.373 96.1647
494
693.682 168.707
496
489.064 121.467
498
517.414 323.185
500
305.298 352.996
502
97.43 349.368
504
237.947 193.307
506
386.205 326.799
508
598.808 352.903
510
534.954 144.046
512
391.446 5.46183
514
603.359 58.2976
516
516.236 253.979
518
322.473 340.248
520
414.772 538.185
522
507.072 340.248
524
306.577 319.175
526
482.697 204.801
528
678.732 113.388
530
465.929 162.518
532
395.542 355.906
534
545.092 211.487
536
422.503 48.8049
538
549.206 210.978
540
542.023 416.652
542
341.474 335.625
544
142.004 339.106
546
126.769 121.239
548
294.866 257.361
550
255.597 55.3416
552
232.768 272.545
554
69.6705 154.048
556
193.735 331.23
558
85.0796 163.916
560
272 88.3948
562
174.397 271.96
564
18.3535 141.024
566
18.3535 348.924
568
181.036 226.334
570
319.62 82.8258
572
261.157 286.709
574
184.063 95.895
576
288.927 285.075
578
94.3398 352.077
580
195.132 170.244
582
237.047 367.438
584
244.522 153.369
586
309.416 353.091
588
371.065 163.355
590
519.86 317.437
592
490.634 109.481
594
702.217 124.276
596
515.297 48.7558
598
627.384 221.354
600
529.646 45.0308
602
344.227 143.62
604
333.237 353.332
606
160.432 249.5
608
334.53 366.931
610
403.583 166.386
612
606.415 104.374
614
534.591 301.71
616
340.8 357.278
618
541.909 371.341
620
530.919 581.053
622
604.898 784.309
624
769.73 917.788
626
739.335 701.513
628
698.063 489.187
630
877.934 376.791
632
744.295 223.057
634
859.928 388.198
636
665.519 483.018
638
816.083 613.902
640
701.709 790.022
642
492.999 741.838
644
644.377 605.536
646
674.481 391.341
648
746.728 203.131
650
746.728 406.831
652
768.898 195.893
654
814.306 409.521
656
638.158 503.18
658
432.281 474.246
660
599.142 591.084
662
797.883 573.696
664
594.214 577.251
666
396.565 527.972
668
597.061 549.044
670
729.218 385.844
672
841.305 213.245
674
770.917 406.634
676
763.735 200.96
678
717.912 399.439
680
892.334 268.002
682
754.891 437.731
684
726.541 236.013
686
865.464 384.99
688
706.975 247.218
690
921.362 288.89
692
734.251 193.552
694
832.84 378.971
696
658.742 496.402
698
633.15 287.967
700
815.861 202.767
702
815.861 410.667
704
749.67 206.951
706
864.098 370.372
708
669.689 275.552
710
875.831 315.622
712
687.621 387.869
714
865.201 268.09
716
673.356 353.505
718
628.822 563.024
720
430.926 601.491
722
216.731 571.388
724
70.8256 435.329
726
175.826 617.194
728
323.266 479.704
730
124.04 490.145
732
307.71 591.955
734
104.041 595.51
736
177.793 403.379
738
58.0141 580.959
740
232.374 467.728
742
29.5292 522.08
744
236.378 458.84
746
43.6533 557.038
748
223.524 444.643
750
7.75115 429.554
752
109.601 605.964
754
299.043 537.012
756
490.416 618.245
758
366.981 448.352
760
538.574 573.021
762
745.335 594.752
764
679.017 402.15
766
862.449 287.529
768
689.644 391.36
770
852.327 268.771
772
697.827 407.883
774
762.72 208.161
776
925.023 354.299
778
726.207 415.083
780
870.245 271.046
782
659.726 296.894
784
835.874 390.554
786
648.669 503.038
788
774.218 658.079
790
837.458 451.23
792
636.634 512.628
794
438.155 558.451
796
548.476 374.845
798
336.361 404.656
800
505.751 532.301
802
372.272 367.469
804
379.381 571.044
806
580.42 656.38
808
376.526 578.113
810
424.238 784.776
812
235.816 872.639
814
425.987 945.638
816
271.555 791.206
818
73.9548 703.229
820
276.526 656.462
822
395.773 826.763
824
278.935 993.625
826
124.436 854.512
828
259.421 693.643
830
333.4 896.899
832
418.6 714.187
834
227.618 815.734
836
113.711 646.859
838
157.372 852.27
840
368.33 795.744
842
176.102 706.106
844
0.639976 828.966
846
193.342 880.601
848
352.205 1004.72
850
292.006 794.779
852
110.141 899.779
854
217.217 721.574
856
423.359 681.504
858
341.305 874.81
860
224.644 695.166
862
37.1748 626.933
864
19.0552 834.042
866
213.786 781.864
868
18.9865 722.308
870
219.819 704.738
872
348.056 857.564
874
211.754 706.185
876
5.95388 654.873
878
223.157 632.044
880
63.8297 752.106
882
56.2076 970.373
884
10.7997 756.746
886
62.9776 951.477
888
262.496 862.645
890
177.081 670.801
892
384.546 626.703
894
227.642 763.097
896
68.3816 896.733
898
264.416 805.321
900
146.985 979.418
902
195.249 785.844
904
302.081 956.811
906
98.2835 985.453
908
289.137 888.208
910
87.2721 946.092
912
289.844 899.324
914
215.339 705.233
916
341.243 878.525
918
155.736 981.353
920
286.571 819.784
922
443.78 696.96
924
251.649 770.712
926
50.8247 709.314
928
207.497 836.185
930
391.062 738.581
932
412.355 535.997
934
625.368 498.437
936
438.047 606.587
938
581.267 453.003
940
531.987 650.652
942
707.826 532.047
944
732.907 736.313
946
692.036 526.049
948
478.357 511.107
950
377.797 700.234
952
270.697 885.737
954
282.127 667.636
956
331.256 880.439
958
367.358 675.697
960
209.737 817.62
962
312.565 1003.13
964
98.3697 973.024
966
313.847 991.875
968
291.457 778.849
970
99.6121 864.263
972
3.8718 667.967
974
199.483 716.738
976
213.986 924.132
978
17.5166 889.489
980
222.815 875.133
982
18.1976 827.893
984
137.977 1005.47
986
344.738 983.742
988
310.095 787.273
990
335.432 993.623
992
174.033 876.36
994
277.983 696.313
996
101.293 824.685
998
253.865 677.348
1000
271.619 880.273
1002
66.2081 923.935
1004
214.465 790.443
1006
12.741 740.148
1008
150.426 904.234
1010
135.777 694.746
1012
351.254 713.598
1014
169.002 632.454
1016
28.6465 782.966
1018
162.282 942.227
1020
374.195 889.391
1022
226.858 736.819
1024
152.124 921.792
1026
120.258 720.6
1028
13.1579 906.103
1030
193.205 802.153
1032
333.56 651.64
1034
239.175 836.881
1036
74.3426 970.359
1038
279.641 984.715
1040
440.511 849.73
1042
232.8 917.219
1044
144.938 728.798
1046
201.085 924.607
1048
316.718 759.466
1050
301.483 977.334
1052
127.741 855.678
1054
204.503 655.705
1056
52.4549 797.493
1058
270.722 805.115
1060
335.615 1004.84
1062
308.999 788.065
1064
242.159 993.778
1066
357.792 828.637
1068
287.371 624.121
1070
153.736 783.382
1072
196.524 984.685
1074
310.033 803.033
1076
110.724 875.575
1078
262.437 718.472
1080
277.233 930.055
1082
336.175 737.264
1084
414.056 930.025
1086
259.623 775.593
1088
372.019 955.464
1090
227 815.421
1092
433.351 840.758
1094
226.502 903.998
1096
426.459 865.13
1098
244.808 978.639
1100
211.956 771.224
1102
28.3511 660.903
1104
144.085 846.117
1106
358.155 838.641
1108
439.388 647.268
1110
461.778 434.242
1112
322.628 274.168
1114
224.43 81.4431
1116
262.897 279.339
1118
88.3685 170.282
1120
289.671 127.494
1122
135.937 261.133
1124
220.249 80.3243
1126
190.731 290.36
1128
310.463 125.563
1130
122.041 37.7011
1132
309.153 133.039
1134
180.78 309.728
1136
195.576 98.1451
1138
168.959 314.917
1140
376.88 374.538
1142
420.542 169.127
1144
623.215 133.39
1146
427.181 41.9774
1148
630.025 96.3294
1150
423.264 74.5979
1152
629.406 114.668
1154
418.468 92.4973
1156
558.985 248.558
1158
345.971 286.118
1160
513.286 394.773
1162
447.094 191.057
1164
625.997 316.326
1166
462.754 174.421
1168
473.305 375.744
1170
367.586 206.559
1172
505.029 36.83
1174
352.981 178.617
1176
311.066 375.812
1178
512.783 347.462
1180
305.39 361.965
1182
492.663 262.39
1184
391.116 453.371
1186
571.163 557.321
1188
788.367 580.15
1190
897.022 412.836
1192
733.821 544.993
1194
680.556 743.781
1196
489.184 825.014
1198
601.668 637.808
1200
801.355 588.021
1202
605.32 496.608
1204
605.32 706.608
1206
788.486 825.557
1208
589.368 794.02
1210
787.306 886.32
1212
616.69 771.238
1214
679.636 964.968
1216
741.034 764.144
1218
840.784 591.372
1220
653.511 690.947
1222
450.927 669.655
1224
491.798 879.919
1226
552.583 681.104
1228
636.277 483.931
1230
537.688 669.35
1232
739.87 644.526
1234
892.442 791.863
1236
722.713 654.419
1238
924.282 657.938
1240
731.521 735.818
1242
716.286 953.686
1244
885.362 843.887
1246
699.855 946.715
1248
504.244 897.944
1250
686.955 983.144
1252
503.39 885.54
1254
650.398 738.533
1256
809.726 618.471
1258
798.515 832.377
1260
618.51 724.219
1262
497.544 890.715
1264
711.744 890.715
1266
801.04 707.631
1268
633.327 834.012
1270
654.619 631.428
1272
872.487 616.193
1274
741.905 449.056
1276
815.166 650.338
1278
701.259 819.213
1280
894.989 882.16
1282
701.198 826.591
1284
701.198 608.191
1286
913.524 649.463
1288
702.566 592.937
1290
556.428 430.634
1292
415.9 268.975
1294
614.688 215.71
1296
504.367 32.1052
1298
585.394 232.655
1300
470.312 62.0392
1302
415.322 253.811
1304
503.698 435.008
1306
397.816 243.991
1308
607.016 225.688
1310
403.254 174.885
1312
554.316 320.763
1314
543.215 532.572
1316
664.169 711.893
1318
493.202 605.061
1320
711.569 608.873
1322
508.313 682.852
1324
462.963 879.285
1326
671.166 919.755
1328
471.528 947.813
1330
643.121 823.143
1332
847.637 752.723
1334
681.941 891.758
1336
696.004 690.649
1338
620.747 494.597
1340
606.83 295.583
1342
463.87 443.623
1344
294.141 306.18
1346
187.309 135.213
1348
0.389 210.734
1350
150.207 345.631
1352
46.3753 172.826
1354
222.214 291.431
1356
254.08 90.2384
1358
276.031 299.088
1360
198.08 115.447
1362
282.392 296.256
1364
172.222 119.946
1366
197.815 328.381
1368
5.05317 250.5
1370
109.917 61.3202
1372
38.8115 256.682
1374
137.01 63.9576
1376
234.254 254.811
1378
396.557 400.949
1380
340.575 192.02
1382
441.367 373.853
1384
258.201 254.904
1386
67.3474 157.659
1388
233.043 296.694
1390
416.476 411.316
1392
451.483 609.853
1394
383.797 413.279
1396
512.706 584.347
1398
471.228 779.488
1400
471.228 579.988
1402
648.808 699.767
1404
508.765 554.748
1406
512.43 344.78
1408
330.177 263.636
1410
484.677 124.524
1412
603.282 300.363
1414
428.922 413.593
1416
567.845 562.57
1418
779.419 607.541
1420
576.163 681.52
1422
742.199 806.637
1424
584.991 929.462
1426
796.575 944.257
1428
860.17 748.53
1430
656.915 822.509
1432
556.115 647.918
1434
349.614 576.814
1436
142.505 558.694
1438
354.078 513.723
1440
497.298 667.307
1442
585.275 469.707
1444
515.605 278.292
1446
394.652 98.9711
1448
426.846 302.237
1450
556.135 136.755
1452
423.978 299.956
1454
427.533 96.2867
1456
382.125 309.914
1458
459.64 511.848
1460
675.643 523.168
1462
852.333 651.54
1464
817.325 453.003
1466
810.216 656.579
1468
637.618 544.492
1470
435.599 583.761
1472
307.954 753.151
1474
441.433 917.984
1476
284.529 781.589
1478
306.699 992.527
1480
358.519 784.69
1482
212.435 628.034
1484
284.259 825.369
1486
93.9344 914.119
1488
162.987 713.575
1490
356.718 776.522
1492
403.485 979.093
1494
316.51 792.575
1496
154.851 652.047
1498
353.331 697.87
1500
464.733 512.464
1502
283.235 604.942
1504
470.742 525.35
1506
306.915 653.346
1508
482.377 530.486
1510
541.997 738.407
1512
552.438 539.181
1514
577.263 741.362
1516
727.081 606.465
1518
822.713 426.609
1520
773.583 639.411
1522
794.656 839.907
1524
609.149 737.079
1526
685.912 937.052
1528
486.274 965.109
1530
696.213 904.91
1532
752.361 709.101
1534
774.531 920.039
1536
806.397 718.847
1538
615.614 660.519
1540
768.44 788.755
1542
714.631 587.939
1544
876.03 470.676
1546
671.95 510.345
1548
500.945 613.095
1550
596.576 792.952
1552
802.479 851.993
1554
738.234 654.268
1556
789.038 858.03
1558
576.922 887.841
1560
555.191 681.08
1562
705.755 811.964
1564
555.937 677.067
1566
764.372 702.66
1568
666.634 526.337
1570
846.631 426.563
1572
696.813 561.459
1574
580.557 733.816
1576
779.344 787.081
1578
610.763 669.039
1580
782.355 544.37
1582
764.236 751.479
1584
866.086 575.07
1586
771.266 769.479
1588
792.998 976.24
1590
591.674 986.791
1592
507.113 796.865
1594
597.638 602.733
1596
518.184 799.389
1598
543.777 590.954
1600
540.112 380.986
1602
540.112 597.286
1604
569.046 803.163
1606
765.701 882.617
1608
878.932 708.258
1610
904.524 916.692
1612
850.716 715.876
1614
776.019 510.647
1616
716.463 705.447
1618
832.197 520.233
1620
649.485 605.433
1622
461.478 689.139
1624
648.821 585.293
1626
645.266 381.624
1628
741.883 563.335
1630
900.372 701.107
1632
699.823 620.08
1634
859.896 480.93
1636
711.404 629.422
1638
834.229 786.63
1640
820.312 587.616
1642
616.736 580.507
1644
447.944 448.632
1646
622.366 317.196
1648
408.688 302.254
1650
616.153 346.352
1652
572.492 551.763
1654
557.843 761.252
1656
767.843 761.252
1658
723.745 968.717
1660
920.4 889.263
1662
797.811 726.581
1664
762.439 525.975
1666
873.841 711.381
1668
825.184 500.624
1670
853.534 702.342
1672
653.688 645.037
1674
614.419 847.056
1676
505.219 657.916
1678
551.514 858.441
1680
758.178 810.729
1682
577.37 895.042
1684
687.54 718.732
1686
572.918 535.3
1688
732.855 405.785
1690
833.655 231.195
1692
705.419 384.021
1694
698.456 184.642
1696
716.21 387.567
1698
890.697 290.847
1700
681.496 309.15
1702
737.478 518.08
1704
920.847 424.649
1706
890.744 638.844
1708
691.366 645.806
1710
899.801 620.213
1712
739.058 764.946
1714
919.867 849.259
1716
765.432 978.845
1718
602.954 842.51
1720
453.403 698.09
1722
557.25 510.746
1724
411.166 354.091
1726
421.826 150.67
1728
436.036 353.873
1730
345.465 531.629
1732
529.029 434.026
1734
557.671 637.823
1736
762.97 623.467
1738
659.02 803.514
1740
759.82 628.923
1742
900.888 487.856
1744
689.942 525.051
1746
824.839 375.233
1748
669.798 500.782
1750
868.614 561.567
1752
851.043 762.399
1754
678.238 658.568
1756
868.164 574.007
1758
674.776 644.395
1760
486.029 552.337
1762
453.835 349.071
1764
432.323 553.743
1766
612.179 649.375
1768
564.467 856.039
1770
768.547 816.369
1772
664.597 636.323
1774
459.724 581.427
1776
496.555 790.305
1778
685.735 895.169
1780
724.203 697.273
1782
917.993 752.842
1784
699.892 741.411
1786
696.337 945.08
1788
906.856 970.929
1790
752.774 822.133
1792
900.29 663.941
1794
758.367 821.562
1796
816.83 617.679
1798
603.203 572.271
1800
757.635 726.703
1802
768.955 942.707
1804
813.833 748.32
1806
678.847 909.189
1808
463.37 890.337
1810
671.239 886.709
1812
477.108 796.184
1814
463.191 597.17
1816
664.76 593.652
1818
596.527 781.12
1820
630.036 992.683
1822
768.959 843.706
1824
580.951 760
1826
536.853 552.535
1828
745.563 504.35
1830
904.824 637.986
1832
856.639 846.696
1834
648.866 853.952
1836
581.864 659.364
1838
481.303 848.491
1840
646.132 991.775
1842
846.089 952.907
1844
664.224 847.907
1846
526.733 995.348
1848
482.635 787.883
1850
612.807 960.627
1852
612.807 742.227
1854
754.309 595.698
1856
882.502 754.002
1858
679.658 808.354
1860
599.417 609.752
1862
499.643 429.755
1864
506.679 631.232
1866
618.765 458.634
1868
604.41 663.932
1870
632.467 863.57
1872
606.362 650.967
1874
401.49 596.072
1876
590.932 527.12
1878
381.412 571.655
1880
498.843 397.557
1882
428.422 193.041
1884
487.464 398.944
1886
402.049 207.099
1888
339.103 400.829
1890
538.741 428.887
1892
387.027 585.99
1894
238.05 724.914
1896
31.2017 788.154
1898
163.487 945.805
1900
379.261 930.717
1902
238.876 763.413
1904
424.45 842.184
1906
213.157 860.67
1908
368.75 710.416
1910
168.792 749.283
1912
346.882 860.566
1914
234.487 680.695
1916
80.7522 814.335
1918
288.367 803.454
1920
143.634 964.196
1922
162.12 752.903
1924
363.845 702.608
1926
371.393 486.44
1928
522.772 622.741
1930
515.15 404.474
1932
335.84 317.019
1934
521.054 432.754
1936
348.456 544.841
1938
455.556 359.338
1940
247.656 359.338
1942
431.089 244.716
1944
334.797 433.699
1946
327.761 232.222
1948
237.19 54.4658
1950
296.746 249.265
1952
135.348 132.002
1954
217.162 334.499
1956
409.864 282.865
1958
352.559 83.0182
1960
348.894 292.986
1962
461.29 113.115
1964
457.808 312.585
1966
626.6 180.71
1968
588.533 376.545
1970
592.272 162.377
1972
406.867 273.78
1974
577.313 140.613
1976
377.626 190.4
1978
482.54 365.005
1980
459.93 580.12
1982
593.409 744.953
1984
438.977 590.521
1986
238.161 536.712
1988
38.0636 561.281
1990
238.669 596.653
1992
430.8 522.901
1994
386.265 732.42
1996
323.639 937.261
1998
404.666 736.711
2000
225.04 828.235
2002
414.482 759.284
2004
373.61 549.02
2006
183.875 487.371
2008
360.184 597.541
2010
436.194 795.553
2012
237.786 774.7
2014
404.924 644.118
2016
504.075 449.522
2018
366.631 619.251
2020
496.804 446.506
2022
551.794 254.734
2024
347.278 184.314
2026
507.215 313.828
2028
522.303 529.601
2030
592.04 732.131
2032
559.188 524.717
2034
548.198 734.429
2036
722.789 633.629
2038
523.562 644.07
2040
388.545 488.751
2042
417.479 694.627
2044
434.867 495.887
2046
605.483 380.805
2048
407.587 342.338
2050
419.017 124.237
2052
377.102 321.431
2054
507.684 154.294
2056
550.035 353.543
2058
351.556 307.721
2060
153.998 335.486
2062
359.516 324.715
2064
567.353 272.895
2066
456.07 450.985
2068
551.701 271.129
2070
525.853 481.648
2072
663.344 629.089
2074
573.127 814.061
2076
734.132 692.735
2078
543.349 634.407
2080
685.902 776.959
2082
834.85 617.232
2084
641.544 535.178
2086
663.934 322.151
2088
847.604 220.341
2090
630.832 193.725
2092
849.099 201.347
2094
735.191 370.222
2096
855.254 210.894
2098
756.498 389.054
2100
850.882 203.814
2102
650.387 182.741
2104
779.296 353.809
2106
678.504 535.642
2108
479.399 620.158
2110
679.245 562.853
2112
894.722 544.001
2114
802.244 725.499
2116
634.94 585.114
2118
541.28 408.966
2120
363.524 499.537
2122
571.393 503.165
2124
483.017 684.362
2126
683.85 666.792
2128
473.814 637.273
2130
502.748 843.15
2132
495.273 629.08
2134
700.613 661.603
2136
789.909 844.687
2138
891.719 661.017
2140
819.472 849.227
2142
689.958 689.29
2144
508.306 575.782
2146
308.349 536.914
2148
437.638 702.396
2150
346.5 889.255
2152
146.654 946.56
2154
328.459 837.321
2156
189.347 991.821
2158
19.0453 872.574
2160
232.682 838.737
2162
323.207 644.606
2164
186.812 801.51
2166
36.2479 932.394
2168
253.817 913.359
2170
154.067 740.587
2172
307.801 874.226
2174
118.621 769.362
2176
130.051 987.463
2178
57.0516 797.293
2180
206 957.02
2182
311 775.155
2184
357.295 975.68
2186
160.487 915.51
2188
369.344 851.656
2190
345.031 653.643
2192
184.289 798.376
2194
297.798 980.028
2196
200.553 789.174
2198
331.489 633.131
2200
545.126 599.294
2202
601.652 388.336
2204
608.761 184.76
2206
409.512 227.112
2208
398.522 436.824
2210
444.344 238.345
2212
606.647 384.483
2214
487.698 201.317
2216
298.558 310.517
2218
205.58 119.883
2220
34.9637 234.965
2222
225.817 137.72
2224
283.701 339.585
2226
207.691 141.573
2228
27.6446 37.6228
2230
222.353 116.29
2232
49.5483 220.122
2234
189.904 69.6093
2236
4.39668 172.437
2238
150.535 334.74
2240
51.7791 156.58
2242
239.248 88.3472
2244
246.723 302.417
2246
46.2276 323.49
2248
31.1393 107.717
2250
164.775 266.977
2252
242.29 65.0438
2254
43.1719 96.5809
2256
117.677 290.672
2258
269.725 148.885
2260
87.4727 67.7409
2262
203.729 240.098
2264
1.71 279.366
2266
154.657 126.419
2268
293.58 275.396
2270
98.3412 358.27
2272
91.0856 150.497
2274
147.612 361.455
2276
264.273 181.812
2278
46.0064 174.189
2280
208.309 28.0514
2282
182.461 238.57
2284
277.28 44.1612
2286
325.937 254.917
2288
169.265 128.047
2290
38.3289 284.09
2292
56.9976 70.7048
2294
193.12 238.802
2296
40.5476 91.4645
2298
96.1161 285.255
2300
255.298 141.927
2302
178.99 330.794
2304
397.257 338.416
2306
423.618 123.729
2308
599.08 246.589
2310
546.902 51.8582
2312
429.472 225.956
2314
506.566 416.77
2316
426.974 229.264
2318
616.9 144.703
2320
606.019 352.318
2322
583.19 135.115
2324
785.372 110.29
2326
581.575 81.648
2328
581.575 300.048
2330
510.08 486.297
2332
598.057 288.697
2334
449.081 149.774
2336
626.836 59.2032
2338
552.332 253.295
2340
406.809 398.817
2342
259.802 251.81
2344
312.637 39.8971
2346
224.262 221.094
2348
183.39 10.8294
2350
52.8087 177.967
2352
204.522 335.07
2354
283.293 149.497
2356
137.771 3.97396
2358
61.7611 201.986
2360
249.105 98.1402
2362
61.9932 193.478
2364
263.47 186.442
2366
63.513 147.575
2368
247.078 49.9715
2370
48.2902 103.236
2372
123.024 288.21
2374
328.793 284.618
2376
138.623 211.618
2378
98.152 3.41525
2380
194.769 185.126
2382
24.8757 61.691
2384
102.827 245.332
2386
311.676 267.283
2388
148.432 125.377
2390
283.329 275.195
2392
89.9404 345.583
2394
201.499 180.19
2396
84.0689 6.09194
2398
217.236 176.539
2400
367.491 332.132
2402
541.233 210.476
2404
627.321 25.8614
2406
412.239 63.7862
2408
611.054 124.57
2410
434.745 14.4
2412
456.696 223.25
2414
467.357 19.8288
2416
651.027 121.639
2418
810.355 1.57672
2420
629.158 89.9523
2422
414.771 131.625
2424
612.598 74.8989
2426
423.967 139.85
2428
613.095 39.2889
2430
427.588 142.117
2432
626.966 149.079
2434
604.137 366.283
2436
438.101 491.4
2438
406.235 692.593
2440
339.233 887.18
2442
161.351 1002.7
2444
192.56 805.654
2446
22.2583 924.901
2448
228.922 972.613
2450
442.829 961.403
2452
368.85 758.147
2454
285.143 946.155
2456
142.183 798.115
2458
327.156 723.381
2460
119.741 756.232
2462
315.469 819.828
2464
449.929 647.726
2466
297.357 500.389
2468
95.7878 503.907
2470
284.535 411.849
2472
85.2859 454.201
2474
298.3 416.641
2476
176.974 577.646
2478
113.378 381.918
2480
263.356 531.896
2482
104.867 394.123
2484
255.431 525.007
2486
465.431 525.007
2488
423.08 325.759
2490
430.482 113.788
2492
620.408 29.2272
2494
606.345 230.336
2496
587.493 445.813
2498
717.666 618.558
2500
655.04 823.398
2502
847.642 757.08
2504
655.414 846.717
2506
484.346 717.809
2508
684.896 798.836
2510
646.971 583.754
2512
813.467 704.72
2514
645.754 578.339
2516
722.061 767.206
2518
545.652 665.356
2520
414.716 509.313
2522
592.598 624.831
2524
653.382 823.647
2526
842.249 899.954
2528
648.675 851.691
2530
455.95 753.493
2532
568.037 926.091
2534
766.516 971.914
2536
648.019 808.816
2538
730.893 613.577
2540
891.762 748.562
2542
768.938 905.77
2544
681.815 710.089
2546
885.081 677.895
2548
795.785 860.979
2550
778.031 658.054
2552
778.031 454.354
2554
721.884 650.163
2556
736.826 863.841
2558
913.149 961.579
2560
920.331 755.904
2562
913.222 959.48
2564
746.361 842.643
2566
923.544 718.578
2568
731.772 663.588
2570
539.544 753.226
2572
574.916 953.831
2574
484.391 759.7
2576
657.683 633.796
2578
468.543 742.996
2580
653.757 858.731
2582
609.222 649.212
2584
642.73 437.649
2586
826.414 331.599
2588
712.04 507.72
2590
685.936 295.116
2592
667.084 510.593
2594
855.951 434.286
2596
690.469 563.575
2598
605.954 762.68
2600
807.063 748.617
2602
851.597 539.098
2604
666.624 464.364
2606
861.011 509.241
2608
660.461 590.269
2610
852.983 684.168
2612
758.337 506.166
2614
548.465 498.837
2616
555.794 288.965
2618
490.843 100.334
2620
362.847 264.161
2622
542.157 351.616
2624
441.357 526.207
2626
225.09 522.432
2628
12.2872 571.561
2630
221.165 608.392
2632
424.741 615.501
2634
233.368 534.268
2636
70.8898 397.933
2638
11.9477 590.724
2640
177.43 461.435
2642
351.852 592.871
2644
555.273 582.211
2646
592.468 793.156
2648
798.345 822.09
2650
802.01 612.122
2652
699.477 804.958
2654
675.164 1002.97
2656
521.43 869.332
2658
705.601 787.334
2660
538.467 900.067
2662
709.304 789.124
2664
840.74 963.546
2666
643.182 935.781
2668
728.597 743.937
2670
918.921 832.686
2672
805.014 663.811
2674
801.495 462.242
2676
635.459 587.359
2678
669.624 803.071
2680
552.194 977.169
2682
689.966 818.68
2684
795.849 627.663
2686
621.427 759.099
2688
516.427 577.234
2690
479.596 368.356
2692
416 564.083
2694
501.336 363.045
2696
594.995 539.193
2698
725.931 383.15
2700
926.764 365.579
2702
806.313 193.557
2704
750.33 402.487
2706
908.819 264.715
2708
752.164 410.799
2710
677.659 604.89
2712
563.23 441.469
2714
352.711 415.621
2716
498.616 279.562
2718
290.748 283.19
2720
231.128 75.2696
2722
93.6841 244.998
2724
301.149 289.096
2726
94.3881 267.365
2728
129.031 70.8957
2730
328.669 42.8384
2732
131.474 0.923421
2734
50.2414 192.296
2736
247 139.575
2738
45.7183 212.836
2740
238.42 264.47
2742
45.0318 334.858
2744
240.713 247.735
2746
240.713 48.2348
2748
26.5132 48.2348
2750
241.595 10.31
2752
245.114 211.879
2754
46.3728 194.492
2756
200.807 64.9058
2758
149.173 257.608
2760
138.732 58.3814
2762
191.568 270.294
2764
32.7047 146.177
2766
219.625 70.6559
2768
156.029 266.383
2770
360.87 329.009
2772
227.231 175.275
2774
19.2742 146.049
2776
210.647 227.282
2778
105.647 45.4164
2780
50.7516 250.289
2782
21.8176 44.4125
2784
230.252 70.0051
2786
98.095 233.206
2788
303.808 300.046
2790
90.4236 318.715
2792
176.511 134.1
2794
1.90595 29.1867
2796
197.633 92.7824
2798
34.2125 207.211
2800
55.505 4.62679
2802
77.456 213.476
2804
278.006 294.504
2806
101.683 196.766
2808
223.338 23.024
2810
27.3037 114.436
2812
203.613 4.26614
2814
107.322 193.249
2816
307.294 270.011
2818
227.054 71.4083
2820
266.322 273.427
2822
77.6912 208.476
2824
121.353 3.06529
2826
25.6124 199.362
2828
159.252 353.096
2830
117.98 140.77
2832
61.2535 338.598
2834
218.462 215.773
2836
315.079 34.0629
2838
139.24 152.668
2840
274.257 307.987
2842
460.775 221.012
2844
401.155 428.933
2846
434.992 215.296
2848
449.64 424.784
2850
525.161 237.864
2852
374.597 106.98
2854
334.527 313.122
2856
364.63 98.9271
2858
516.008 235.229
2860
364.947 89.3508
2862
547.659 174.551
2864
580.181 379.891
2866
371.978 339.42
2868
469.716 163.097
2870
570.516 337.688
2872
376.942 385.951
2874
497.895 565.272
2876
631.374 730.105
2878
726.712 917.216
2880
901.317 812.303
2882
692.468 790.352
2884
793.259 608.518
2886
700.96 410.581
2888
640.176 211.765
2890
670.279 425.96
2892
564.229 609.644
2894
431.967 457.495
2896
476.845 263.108
2898
439.65 52.1619
2900
642.323 87.8987
2902
853.896 132.87
2904
676.316 13.0909
2906
849.608 138.994
2908
685.521 1.30939
2910
843.826 129.502
2912
637.016 93.0358
2914
490.487 234.538
2916
581.058 412.294
2918
386.349 490.961
2920
359.989 705.649
2922
456.606 523.938
2924
601.625 383.895
2926
422.304 504.848
2928
242.448 600.48
2930
94.4076 457.519
2932
221.279 614.192
2934
34.4193 523.054
2936
244.938 548.903
2938
441.982 580.111
2940
300.48 726.641
2942
220.239 925.244
2944
281.888 735.508
2946
381.638 562.736
2948
393.069 344.635
2950
552.396 464.697
2952
351.204 432.832
2954
472.158 612.152
2956
559.281 807.834
2958
690.116 646.265
2960
483.766 671.602
2962
654.771 774.352
2964
856.074 817.14
2966
668.567 896.732
2968
884.867 896.732
2970
678.057 860.266
2972
857.7 743.604
2974
829.351 945.322
2976
811.048 736.121
2978
610.523 689.826
2980
451.195 569.764
2982
401.407 769.451
2984
234.546 886.288
2986
33.9963 967.316
2988
71.9211 752.234
2990
215.141 905.818
2992
351.199 759.913
2994
314.733 966.723
2996
240.981 774.592
2998
437.016 866.004
3000
248.594 778.142
3002
241.412 983.816
3004
47.8379 935.553
3006
245.85 859.543
3008
45.0174 877.114
3010
126.045 676.564
3012
333.818 669.308
3014
163.202 784.39
3016
355.047 869.805
3018
142.979 873.507
3020
257.408 710.086
3022
60.2355 793.78
3024
207.243 646.773
3026
135.749 833.022
3028
64.6445 626.521
3030
92.7018 826.159
3032
178.789 641.544
3034
220.462 855.931
3036
59.4569 977.257
3038
232.229 877.507
3040
405.52 1003.41
3042
405.52 803.911
3044
428.349 586.707
3046
213.962 545.035
3048
429.673 510.869
3050
231.114 579.239
3052
42.4833 514.288
3054
256.39 503.077
3056
468.302 555.913
3058
468.302 341.713
3060
523.871 147.923
3062
330.141 210.87
3064
393.995 419.727
3066
233.125 284.741
3068
131.275 108.332
3070
138.604 318.204
3072
123.662 104.526
3074
311.872 176.773
3076
123.125 84.7146
3078
86.6593 291.524
3080
75.6687 81.8121
3082
124.948 279.461
3084
277.52 132.124
3086
138.936 275.633
3088
194.375 68.7312
3090
168.526 279.25
3092
204.628 74.5087
3094
49.5077 219.161
3096
151.054 28.179
3098
147.353 240.247
3100
172.433 35.9807
3102
250.701 239.875
3104
35.619 201.95
3106
155.681 361.278
3108
78.9187 161.305
3110
288.438 116.77
3112
247.166 329.096
3114
65.3607 219.856
3116
272.122 198.125
3118
54.2539 213.36
3120
207.838 356.579
3122
407.684 299.274
3124
615.395 366.764
3126
408.731 414.476
3128
360.074 203.72
3130
473.583 22.0678
3132
469.808 238.335
3134
604.609 71.8702
3136
810.511 130.912
3138
607.927 152.204
3140
748.282 1.69153
3142
592.963 136.708
3144
792.272 64.166
3146
599.75 158.065
3148
407.228 64.166
3150
604.036 3.99591
3152
531.789 192.206
3154
330.071 220.555
3156
357.836 418.114
3158
557.682 475.419
3160
739.548 580.419
3162
657.494 773.725
3164
513.986 912.309
3166
692.076 801.026
3168
739.316 596.408
3170
731.987 806.28
3172
698.479 594.718
3174
765.481 789.305
3176
591.121 902.536
3178
739.378 769.044
3180
553.129 697.55
3182
705.701 844.887
3184
813.859 664.882
3186
624.992 588.574
3188
563.594 387.75
3190
376.388 275.266
3192
446.125 72.736
3194
397.94 281.446
3196
459.952 78.6138
3198
445.597 283.912
3200
570.866 462.815
3202
746.328 585.675
3204
532.422 596.886
3206
733.46 682.221
3208
623.29 505.912
3210
467.97 370.895
3212
282.397 292.124
3214
77.6551 328.225
3216
137.275 120.304
3218
215.943 315.013
3220
422.085 274.943
3222
451.019 69.0664
3224
648.577 96.8314
3226
489.714 220.949
3228
346.206 359.533
3230
431.621 167.689
3232
611.617 67.9148
3234
608.026 273.683
3236
583.457 473.781
3238
497.188 280.018
3240
617.25 120.69
3242
819.923 156.427
3244
631.056 80.1194
3246
525.061 256.524
3248
393.187 425.316
3250
592.687 425.316
3252
451.619 284.249
3254
441.178 85.0219
3256
548.278 270.525
3258
514.769 482.087
3260
514.769 278.387
3262
559.304 68.8682
3264
489.635 260.284
3266
523.143 48.7207
3268
339.71 163.342
3270
510.326 278.424
3272
479.117 475.468
3274
486.153 273.991
3276
395.936 89.019
3278
583.28 192.865
3280
515.047 380.334
3282
377.556 232.893
3284
562.171 318.98
3286
364.158 294.667
3288
500.46 143.289
3290
616.093 308.43
3292
425.111 409.977
3294
612.223 505.315
3296
447.863 381.461
3298
419.222 585.258
3300
453.387 369.547
3302
597.806 519.098
3304
618.66 320.691
3306
446.061 208.604
3308
521.582 395.524
3310
417.736 208.181
3312
435.673 413.198
3314
277.184 275.425
3316
436.365 418.753
3318
582.27 554.812
3320
606.839 754.909
3322
809.512 719.172
3324
910.304 537.339
3326
781.396 708.406
3328
883.246 884.816
3330
800.372 689.577
3332
601.358 675.66
3334
446.923 546.074
3336
528.737 343.577
3338
571.089 144.329
3340
368.415 108.592
3342
583.497 146.517
3344
763.368 34.1208
3346
574.621 126.179
3348
581.657 327.656
3350
437.005 172.536
3352
580.333 331.717
3354
520.713 123.797
3356
542.005 326.381
3358
522.97 108.812
3360
530.373 320.782
3362
582.192 112.945
3364
553.55 316.742
3366
341.967 331.538
3368
462.921 152.217
3370
440.97 361.066
3372
580.12 200.993
3374
453.739 33.2791
3376
531.254 235.213
3378
399.379 66.4206
3380
604.79 22.7592
3382
417.446 126.605
3384
454.277 335.483
3386
461.386 539.059
3388
659.923 504.052
3390
701.195 716.377
3392
848.712 558.186
3394
796.892 766.023
3396
698.694 958.748
3398
873.053 845.517
3400
716.381 972.388
3402
507.531 950.437
3404
536.465 744.561
3406
564.523 544.923
3408
589.859 751.273
3410
753.28 865.701
3412
781.922 661.904
3414
767.419 454.511
3416
924.628 577.335
3418
920.889 791.502
3420
716.016 736.607
3422
765.146 523.805
3424
675.508 716.032
3426
872.681 632.338
3428
660.871 621.237
3430
840.181 708.692
3432
887.893 915.356
3434
739.4 766.864
3436
586.453 919.811
3438
802.728 889.416
3440
727.207 702.495
3442
907.204 802.269
3444
774.918 959.921
3446
759.683 742.053
3448
763.348 532.085
3450
644.102 361.783
3452
701.986 563.648
3454
897.348 492.542
3456
860.881 699.352
3458
717.662 852.936
3460
875.314 985.222
3462
688.108 872.738
3464
879.88 817.748
3466
720.699 674.42
3468
870.676 824.398
3470
921.988 618.598
3472
776.969 478.555
3474
914.412 648.283
3476
753.894 773.694
3478
792.762 973.651
3480
900.912 786.33
3482
812.537 605.133
3484
703.881 772.448
3486
777.633 964.579
3488
654.198 794.685
3490
710.924 992.513
3492
505.156 996.104
3494
640.053 846.286
3496
852.656 820.182
3498
727.987 991.774
3500
681.219 789.203
3502
892.512 770.717
3504
685.703 734.251
3506
481.905 762.893
3508
551.642 560.363
3510
751.021 553.4
3512
831.433 742.84
3514
668.751 620.251
3516
515.017 486.611
3518
493.066 695.461
3520
538.037 483.888
3522
401.642 640.792
3524
238.442 772.949
3526
34.7727 769.394
3528
217.025 850.538
3530
60.1209 986.933
3532
123.975 778.076
3534
330.824 841.316
3536
182.566 974.807
3538
360.448 859.289
3540
193.144 999.674
3542
411.411 1007.3
3544
199.296 977.485
3546
188.855 778.259
3548
386.413 750.494
3550
182.697 684.302
3552
150.831 885.494
3554
79.727 678.993
3556
289.992 719.864
3558
75.6042 678.192
3560
281.373 674.6
3562
80.1807 706.466
3564
298.448 698.844
3566
461.648 566.686
3568
258.445 580.896
3570
55.0237 591.557
3572
184.313 426.074
3574
290.307 602.479
3576
113.898 500.629
3578
310.554 421.175
3580
171.969 564.684
3582
8.87162 446.186
3584
223.987 468.796
3586
387.187 600.953
3588
173.55 567.116
3590
9.46365 429.431
3592
184.054 530.231
3594
374.837 588.559
3596
230.104 427.817
3598
11.7375 424.005
3600
165.82 572.801
3602
23.8975 415.18
3604
239.013 392.571
3606
26.8971 422.381
3608
111.458 612.308
3610
179.143 415.734
3612
6.54489 527.821
3614
195.176 592.772
3616
273.843 398.063
3618
75.8308 474.073
3620
220.85 614.116
3622
329.505 446.801
3624
217.946 612.194
3626
295.827 419.433
3628
89.3257 490.537
3630
285.795 525.18
3632
422.097 676.558
3634
343.325 862.132
3636
149.194 771.607
3638
31.7637 945.705
3640
237.175 902.044
3642
95.3872 749.995
3644
285.123 811.644
3646
193.065 1000.39
3648
403.033 1004.06
3650
254.237 849.973
3652
406.286 708.186
3654
205.094 740.052
3656
322.899 921.456
3658
110.831 917.754
3660
273.134 771.616
3662
81.4012 709.318
3664
250.193 841.193
3666
449.711 752.362
3668
365.151 562.436
3670
169.469 475.313
3672
334.952 604.602
3674
548.858 593.391
3676
746.871 669.401
3678
771.183 471.388
3680
913.089 634.632
3682
709.389 634.632
3684
883.487 517.201
3686
848.844 713.67
3688
786.218 918.511
3690
582.861 961.736
3692
703.827 795.24
3694
804.388 984.367
3696
643.519 849.382
3698
608.147 648.777
3700
542.604 850.496
3702
602.16 655.697
3704
773.228 526.788
3706
621.849 663.09
3708
424.677 579.395
3710
294.505 752.14
3712
118.384 866.514
3714
280.862 1002.85
3716
128.29 855.512
3718
170.205 658.318
3720
388.306 646.888
3722
185.381 664.641
3724
94.856 858.772
3726
288.586 921.719
3728
94.8232 835.45
3730
1.16362 659.302
3732
141.681 815.363
3734
314.426 945.535
3736
442.618 787.231
3738
234.845 779.975
3740
71.6445 912.132
3742
119.829 703.422
3744
83.7275 908.164
3746
125.4 693.776
3748
125.4 893.276
3750
294.791 765.631
3752
306.111 981.635
3754
88.9075 1004.46
3756
37.0878 796.627
3758
186.906 931.523
3760
133.641 732.736
3762
183.428 932.423
3764
392.358 988.405
3766
262.844 828.469
3768
306.069 625.112
3770
372.387 817.714
3772
159.373 780.154
3774
369.409 750.635
3776
397.759 952.353
3778
344.923 740.44
3780
154.752 813.44
3782
328.044 939.343
3784
123.027 957.28
3786
251.22 798.975
3788
55.608 847.747
3790
73.3616 644.822
3792
285.688 686.094
3794
376.825 872.953
3796
197.504 993.907
3798
54.1764 834.725
3800
226.278 700.265
3802
432.628 725.601
3804
238.838 670.033
3806
428.764 585.472
3808
268.827 714.986
3810
62.0663 693.255
3812
265.783 759.446
3814
69.1269 838.9
3816
34.9616 623.189
3818
61.5778 839.961
3820
255.341 753.692
3822
73.0885 672.548
3824
286.115 694.938
3826
137.858 828.43
3828
0.366842 680.989
3830
159.627 814.625
3832
274.249 631.192
3834
105.457 763.067
3836
200.103 941.069
3838
399.481 934.106
3840
354.51 722.533
3842
466.596 549.935
3844
255.658 527.764
3846
57.646 603.774
3848
151.306 427.626
3850
6.65369 582.746
3852
169.132 446.411
3854
358.312 551.275
3856
569.605 532.789
3858
773.488 591.252
3860
891.294 409.848
3862
877.084 613.051
3864
818.622 816.935
3866
900.436 614.438
3868
915.524 398.665
3870
812.624 576.893
3872
894.622 392.722
3874
827.62 587.31
3876
696.737 436.745
3878
874.827 325.462
3880
696.622 218.386
3882
796.395 398.383
3884
696.622 218.386
3886
745.751 431.188
3888
651.366 245.948
3890
748.969 429.513
3892
926.549 309.734
3894
712.871 294.792
3896
656.145 492.62
3898
789.78 333.359
3900
653.658 501.456
3902
522.723 657.499
3904
693.024 538.252
3906
775.078 731.558
3908
620.578 592.446
3910
828.415 644.266
3912
684.907 505.681
3914
892.016 523.801
3916
700.283 586.099
3918
755.179 790.972
3920
927.28 656.511
3922
722.263 638.575
3924
547.841 507.138
3926
578.237 290.864
3928
443.34 440.682
3930
598.46 296.03
3932
528.723 93.4998
3934
333.484 10.6257
3936
458.894 171.144
3938
603.314 320.694
3940
407.702 271.923
3942
565.354 404.208
3944
384.157 492.584
3946
417.994 706.221
3948
217.469 752.516
3950
41.0594 854.366
3952
9.19373 653.174
3954
220.777 638.379
3956
276.346 832.169
3958
82.5826 745.9
3960
57.7578 948.082
3962
256.295 983.089
3964
177.524 797.515
3966
304.395 954.188
3968
411.495 768.685
3970
326.979 569.58
3972
127.753 559.139
3974
328.358 594.511
3976
244.046 413.703
3978
251.228 619.378
3980
425.756 510.32
3982
463.823 314.486
3984
249.753 321.961
3986
278.98 114.005
3988
290.19 327.911
3990
75.5024 354.272
3992
280.343 291.645
3994
487.104 313.377
3996
268.837 305.755
3998
481.851 268.195
4000
263.983 283.43
4002
482.35 279.618
4004
361.899 107.596
4006
369.008 311.172
4008
494.911 137.881
4010
543.175 331.455
4012
408.278 481.273
4014
408.278 271.273
4016
612.358 231.603
4018
513.602 53.4433
4020
361.554 195.231
4022
428.556 0.643054
4024
410.436 207.752
4026
424.792 413.051
4028
354.404 606.439
4030
332.673 399.678
4032
391.136 603.562
4034
607.304 611.111
4036
418.321 514.819
4038
306.919 329.414
4040
502.953 238.002
4042
581.724 52.4278
4044
446.828 202.246
4046
505.156 393.029
4048
619.063 561.904
4050
752.555 710.161
4052
648.605 530.114
4054
641.13 744.184
4056
849.03 744.184
4058
797.718 949.984
4060
592.877 887.358
4062
802.817 827.158
4064
759.592 623.801
4066
880.043 451.78
4068
826.778 650.567
4070
856.005 442.611
4072
733.145 618.073
4074
633.993 423.477
4076
754.959 256.982
4078
927.707 364.926
4080
726.514 333.06
4082
701.69 535.242
4084
522.063 626.767
4086
321.247 572.958
4088
104.972 603.354
4090
255.537 472.47
4092
66.0969 392.057
4094
231.238 507.69
4096
53.0099 610.59
4098
258.779 614.182
4100
442.148 520.751
4102
363.376 335.177
4104
345.989 136.436
4106
419.968 339.692
4108
232.499 271.459
4110
52.628 159.063
4112
250.187 131.298
4114
231.884 340.499
4116
73.5792 212.306
4118
276.163 191.014
4120
187.788 372.21
4122
61.0845 210.038
4124
265.957 264.933
4126
168.713 74.0798
4128
83.5128 256.791
4130
42.2408 44.4655
4132
60.1775 249.482
4134
227.311 136.749
4136
252.904 345.184
4138
466.289 326.515
4140
594.285 162.688
4142
765.353 33.7787
4144
605.416 163.293
4146
390.334 125.368
4148
471.361 325.918
4150
563.839 507.416
4152
478.639 690.128
4154
575.884 880.981
4156
726.449 750.097
4158
722.71 964.265
4160
544.505 857.188
4162
525.471 639.62
4164
712.582 544.282
4166
884.604 423.83
4168
863.311 626.415
4170
662.009 669.203
4172
871.721 680.193
4174
905.229 468.631
4176
919.438 671.834
4178
752.124 563.179
4180
920.22 427.057
4182
873.453 629.628
4184
680.851 695.947
4186
721.322 487.743
4188
742.175 686.151
4190
553.035 795.351
4192
634.268 603.978
4194
830.565 699.718
4196
870.234 903.798
4198
791.966 699.904
4200
614.21 609.333
4202
470.991 762.917
4204
555.303 582.109
4206
354.753 501.082
4208
433.525 686.655
4210
246.203 794.805
4212
416.65 927.973
4214
216.693 966.841
4216
354.465 808.352
4218
418.319 599.495
4220
587.505 493.776
4222
413.018 590.495
4224
211.736 517.235
4226
400.157 605.097
4228
427.922 802.655
4230
253.824 920.086
4232
63.0099 842.992
4234
249.528 929.967
4236
165.216 749.158
4238
96.1627 949.703
4240
189.594 766.334
4242
15.1719 897.77
4244
147.329 734.569
4246
299.901 881.907
4248
101.364 846.899
4250
297.199 884.965
4252
187.028 708.656
4254
348.687 849.184
4256
439.212 655.053
4258
263.373 773.658
4260
54.9384 748.065
4262
13.46 943.206
4264
16.9418 743.736
4266
225.652 791.921
4268
247.164 996.593
4270
205.491 782.206
4272
19.4019 865.058
4274
132.632 690.698
4276
106.016 907.471
4278
106.016 689.071
4280
9.72474 878.053
4282
112.475 707.048
4284
187.732 903.1
4286
147.662 696.958
4288
73.1575 891.05
4290
214.945 739.001
4292
70.212 899.743
4294
225.805 749.489
4296
246.659 947.896
4298
133.15 766.244
4300
154.003 964.651
4302
359.521 953.88
4304
154.292 879.183
4306
202.005 672.519
4308
398.578 604.834
4310
325.578 795.004
4312
119.228 820.341
4314
278.091 944.458
4316
76.5217 940.94
4318
198.722 772.745
4320
164.557 988.456
4322
357.946 918.068
4324
261.226 743.582
4326
88.8692 859.838
4328
271.954 949.134
4330
73.1378 1009.92
4332
249.827 881.546
4334
78.7594 752.637
4336
22.6121 948.446
4338
234.68 944.745
4340
36.6674 868.735
4342
236.186 779.903
4344
401.014 923.187
4346
374.398 706.415
4348
464.035 514.187
4350
584.989 693.508
4352
770.229 787.892
4354
831.627 988.716
4356
704.756 832.044
4358
586.259 668.946
4360
789.091 606.934
4362
598.766 518.184
4364
486.033 351.05
4366
574.01 548.65
4368
378.398 499.878
4370
566.406 416.172
4372
602.508 211.43
4374
403.767 194.043
4376
605.632 136.159
4378
423.766 31.159
4380
539.501 216.373
4382
403.106 59.4686
4384
413.987 267.084
4386
508.806 461.493
4388
473.07 664.166
4390
615.622 806.719
4392
576.354 1008.74
4394
778.851 926.924
4396
611.717 814.19
4398
652.989 601.865
4400
813.994 480.539
4402
896.868 675.778
4404
833.014 884.635
4406
623.813 902.937
4408
529.428 717.697
4410
735.57 757.767
4412
893.191 615.844
4414
802.054 428.985
4416
674.058 592.813
4418
890.332 562.417
4420
675.25 524.492
4422
871.302 449.235
4424
689.804 541.713
4426
543.926 692.774
4428
740.499 625.089
4430
613.628 781.761
4432
686.889 983.043
4434
558.893 819.216
4436
697.477 675.708
4438
902.817 643.185
4440
731.851 750.017
4442
860.087 902.843
4444
701.782 774.65
4446
911.271 789.299
4448
775.149 957.396
4450
884.948 788.32
4452
753.073 957.112
4454
738.132 743.433
4456
577.614 618.023
4458
602.95 824.373
4460
457.045 960.432
4462
467.596 759.108
4464
525.925 949.891
4466
482.7 746.534
4468
490.322 964.801
4470
459.113 767.757
4472
466.515 555.787
4474
473.917 343.816
4476
623.735 478.713
4478
576.496 683.33
4480
760.666 765.328
4482
579.858 849.641
4484
602.248 636.614
4486
576.911 842.964
4488
744.048 973.546
4490
910.513 838.746
4492
826.807 650.738
4494
733.828 460.104
4496
895.397 590.94
4498
694.581 644.748
4500
883.721 753.948
4502
781.188 946.784
4504
876.526 759.673
4506
659.323 782.502
4508
807.58 915.993
4510
807.58 701.793
4512
624.868 616.593
4514
770.773 480.535
4516
921.835 626.413
4518
921.835 416.413
4520
833.858 614.013
4522
889.426 420.222
4524
923.263 633.859
4526
727.454 690.007
4528
535.323 616.255
4530
745.323 616.255
4532
697.611 409.591
4534
567.438 582.336
4536
353.76 567.394
4538
210.541 413.809
4540
6.74336 385.168
4542
125.693 568.333
4544
239.6 399.458
4546
65.1135 496.178
4548
257.838 594.376
4550
86.2457 469.707
4552
289.501 395.728
4554
84.2723 470.425
4556
283.499 459.984
4558
125.847 592.27
4560
87.7806 396.435
4562
269.279 488.913
4564
457.286 572.619
4566
253.586 572.619
4568
49.8863 572.619
4570
253.09 586.829
4572
406.029 449.122
4574
260.507 303.599
4576
429.299 435.474
4578
314.677 618.906
4580
426.764 446.308
4582
355.269 260.059
4584
486.706 434.481
4586
566.298 246.974
4588
611.706 33.3465
4590
401.834 40.6754
4592
545.161 199.857
4594
527.042 406.966
4596
345.544 314.488
4598
407.556 111.656
4600
621.193 77.819
4602
591.966 285.775
4604
591.966 84.1753
4606
803.259 102.661
4608
599.376 161.124
4610
410.508 237.431
4612
516.503 61.0261
4614
562.798 261.551
4616
606.896 469.017
4618
596.345 670.34
4620
624.695 468.623
4622
500.841 632.982
4624
426.862 429.726
4626
268.67 577.243
4628
55.6438 554.853
4630
204.136 406.36
4632
339.033 556.178
4634
145.727 474.125
4636
321.875 380.465
4638
118.609 412.659
4640
222.455 600.003
4642
59.3571 481.505
4644
259.853 460.432
4646
89.0155 571.375
4648
257.89 457.468
4650
378.844 636.789
4652
368.403 437.562
4654
541.001 549.649
4656
467.249 357.518
4658
615.289 214.557
4660
562.962 424.432
4662
706.999 568.47
4664
596.829 744.779
4666
744.166 897.351
4668
669.432 712.378
4670
777.582 899.699
4672
576.105 892.663
4674
778.287 917.488
4676
913.303 762.169
4678
927.513 558.965
4680
729.617 597.432
4682
899.919 478.186
4684
686.282 512.022
4686
476.793 526.671
4688
340.734 380.766
4690
537.308 448.452
4692
411.404 621.743
4694
448.964 834.757
4696
382.124 629.044
4698
280.577 438.062
4700
109.611 544.894
4702
313.327 611.085
4704
523.363 581.567
4706
579.51 385.758
4708
492.387 190.076
4710
361.551 28.5075
4712
568.313 50.239
4714
508.692 258.16
4716
329.383 345.615
4718
184.963 196.064
4720
10.6037 82.8337
4722
91.8367 274.207
4724
251.097 140.571
4726
43.6322 184.669
4728
173.218 339.104
4730
233.388 142.296
4732
49.2175 224.294
4734
41.8887 14.4223
4736
41.8887 213.922
4738
172.724 375.491
4740
132.654 169.349
4742
81.8509 373.111
4744
286.523 351.599
4746
121.691 218.121
4748
262.046 67.6079
4750
85.7228 165.346
4752
266.785 287.473
4754
400.276 435.731
4756
375.451 637.912
4758
277.848 454.347
4760
87.214 547.326
4762
283.87 467.872
4764
85.3108 536.241
4766
285.855 605.294
4768
119.819 480.177
4770
315.431 528.948
4772
104.485 491.753
4774
297.32 389.22
4776
214.446 584.459
4778
174.777 380.379
4780
96.1098 575.088
4782
163.112 380.5
4784
237.091 583.756
4786
438.414 594.306
4788
536.613 787.031
4790
555.281 573.646
4792
344.525 524.989
4794
519.987 647.849
4796
701.793 538.61
4798
494.684 556.73
4800
610.202 378.848
4802
603.093 175.272
4804
454.116 36.3485
4806
611.22 188.062
4808
467.936 352.891
4810
552.497 542.817
4812
336.724 527.728
4814
520.895 609.726
4816
602.948 803.032
4818
791.158 730.785
4820
640.097 876.664
4822
724.612 677.558
4824
759.619 479.021
4826
766.655 680.498
4828
570.621 589.086
4830
619.9 786.735
4832
524.16 983.032
4834
638.588 819.611
4836
763.706 653.575
4838
738.625 449.309
4840
929.642 555.191
4842
764.249 443.632
4844
809.599 640.065
4846
821.029 421.965
4848
675.124 558.023
4850
652.734 771.05
4852
715.681 577.32
4854
565.863 712.216
4856
643.814 895.857
4858
844.852 810.521
4860
893.115 1004.1
4862
707.613 896.995
4864
496.675 874.825
4866
492.936 660.658
4868
503.927 870.37
4870
565.325 669.546
4872
403.756 538.71
4874
585.562 647.95
4876
687.372 831.62
4878
865.6 728.72
4880
736.086 568.783
4882
651.57 767.888
4884
562.739 967.407
4886
727.572 833.928
4888
517.604 837.593
4890
487.501 623.398
4892
620.668 452.951
4894
564.686 244.021
4896
391.881 347.853
4898
589.818 440.153
4900
371.551 432.531
4902
587.818 428.756
4904
602.321 636.149
4906
580.37 427.3
4908
362.502 412.065
4910
390.267 214.506
4912
480.792 20.3753
4914
582.338 211.357
4916
575.229 414.933
4918
527.99 619.551
4920
579.809 827.388
4922
526.974 615.475
4924
324.129 561.123
4926
531.544 528.272
4928
591.743 318.332
4930
595.481 104.165
4932
406.499 200.457
4934
450.597 407.922
4936
522.091 221.672
4938
365.187 358.067
4940
214.622 227.183
4942
384.013 354.828
4944
503.26 184.526
4946
679.949 56.1542
4948
886.71 77.8856
4950
693.919 18.9435
4952
844.432 159.299
4954
682.773 18.7709
4956
553.187 173.205
4958
362.17 67.3231
4960
517.763 217.578
4962
510.654 14.0018
4964
660.472 148.898
4966
450.983 182.078
4968
349.173 365.748
4970
560.757 350.953
4972
609.528 546.565
4974
762.354 418.329
4976
689.354 228.158
4978
902.381 205.768
4980
686.377 194.448
4982
897.336 250.974
4984
765.178 414.175
4986
636.986 572.479
4988
552.673 753.288
4990
745.979 671.234
4992
693.144 883.147
4994
522.307 994.09
4996
668.212 858.031
4998
600.526 661.458
5000
725.936 500.94
5002
924.539 420.699
5004
731.703 523.232
5006
882.765 669.11
5008
688.034 721.288
5010
853.427 832.847
5012
882.069 629.05
5014
687.338 576.872
5016
650.507 367.994
5018
686.609 572.736
5020
722.71 367.994
5022
800.661 184.353
5024
653.324 336.925
5026
639.408 535.939
5028
664.744 329.589
5030
727.984 536.438
5032
749.496 741.11
5034
602.489 594.103
5036
773.326 483.16
5038
814.804 678.3
5040
696.2 854.139
5042
507.072 954.7
5044
704.797 890.455
5046
894.237 970.868
5048
675.87 974.679
5050
501.342 865.622
5052
700.568 855.181
5054
594.849 685.995
5056
478.593 513.639
5058
273.182 557.3
5060
482.039 493.446
5062
571.676 301.218
5064
514.371 101.372
5066
414.621 274.144
5068
433.29 60.759
5070
518.49 243.471
5072
461.964 454.429
5074
280.131 555.221
5076
76.9267 569.43
5078
275.941 555.514
5080
85.1263 478.42
5082
284.596 474.938
5084
408.031 644.832
5086
453.002 433.258
5088
641.212 505.505
5090
494.682 647.007
5092
446.498 438.297
5094
653.347 501.537
5096
860.812 457.439
5098
661.798 471.355
5100
871.51 482.346
5102
745.606 655.637
5104
884.529 506.661
5106
838.234 707.186
5108
695.015 860.77
5110
478.243 887.387
5112
663.483 793.002
5114
823.557 932.152
5116
624.769 985.417
5118
620.958 767.05
5120
751.842 616.486
5122
915.669 744.482
5124
879.932 947.155
5126
929.061 734.353
5128
714.992 741.828
5130
921.493 670.724
5132
794.79 508.551
5134
729.839 697.182
5136
878.332 845.675
5138
710.235 981.797
5140
609.443 799.963
5142
800.06 865.598
5144
919.839 688.018
5146
843.531 499.151
5148
885.204 713.538
5150
881.686 915.107
5152
892.127 715.881
5154
922.23 930.076
5156
710.656 975.047
5158
853.617 827.007
5160
723.445 654.262
5162
591.159 811.914
5164
707.415 639.557
5166
787.007 452.05
5168
619.294 578.432
5170
829.813 552.583
5172
826.294 754.152
5174
672.56 620.513
5176
472.015 689.566
5178
428.791 486.209
5180
548.57 308.629
5182
387.827 163.896
5184
547.088 30.2609
5186
513.908 239.75
5188
671.56 107.464
5190
484.449 202.802
5192
528.11 408.213
5194
371.206 271.818
5196
472.006 97.2275
5198
672.822 151.036
5200
878.591 154.628
5202
673.574 172.564
5204
488 93.7929
5206
364.147 258.152
5208
459.778 78.2957
5210
332.907 234.968
5212
534.507 234.968
5214
357.324 110.904
5216
526.51 216.623
5218
427.359 22.0268
5220
610.791 136.648
5222
403.943 199.888
5224
499.574 20.0319
5226
384.056 197.914
5228
352.847 0.870109
5230
504.226 137.172
5232
710.987 115.441
5234
918.908 55.8202
5236
712.244 103.532
5238
522.802 172.484
5240
423.028 352.48
5242
577.46 506.912
5244
404.655 403.081
5246
600.952 307.34
5248
446.52 461.773
5250
630.161 539.723
5252
470.9 673.359
5254
680.868 677.024
5256
581.094 857.021
5258
519.696 656.197
5260
390.407 490.714
5262
603.21 539.844
5264
802.025 600.628
5266
600.425 600.628
5268
811.371 563.432
5270
606.354 545.496
5272
398.581 538.24
5274
603.454 593.136
5276
595.832 374.869
5278
613.219 573.61
5280
778.36 457.977
5282
625.788 605.314
5284
659.297 816.876
5286
734.031 631.903
5288
704.804 423.947
5290
637.802 229.359
5292
655.556 432.284
5294
584.45 627.646
5296
470.543 796.521
5298
588.348 615.117
5300
792.864 685.537
5302
753.996 885.495
5304
550.639 842.27
5306
736.146 739.442
5308
653.294 925.531
5310
645.818 711.461
5312
624.306 506.789
5314
822.031 571.033
5316
645.707 473.296
5318
583.695 676.128
5320
797.332 709.965
5322
591.658 717.147
5324
684.636 526.513
5326
738.445 727.329
5328
634.495 547.282
5330
743.695 358.142
5332
656.72 544.66
5334
872.431 578.826
5336
677.632 638.382
5338
692.867 420.514
5340
773.107 221.911
5342
817.985 416.298
5344
673.947 272.26
5346
875.139 304.126
5348
693.735 421.931
5350
868.326 321.131
5352
681.406 396.652
5354
841.342 267.138
5356
666.352 394.276
5358
627.083 596.295
5360
827.609 550
5362
883.048 756.901
5364
681.939 742.838
5366
703.451 947.511
5368
847.488 803.473
5370
809.422 999.308
5372
897.284 810.886
5374
790.184 625.384
5376
578.084 625.384
5378
749.152 496.475
5380
886.859 649.414
5382
716.022 760.357
5384
512.818 774.566
5386
442.43 581.178
5388
649.279 644.418
5390
766.71 470.32
5392
609.805 606.715
5394
497.41 786.586
5396
575.36 602.945
5398
688.591 428.585
5400
835.12 287.083
5402
649.715 398.486
5404
696.01 197.961
5406
751 389.732
5408
616.199 556.197
5410
612.461 770.364
5412
473.426 604.669
5414
674.464 690.005
5416
484.14 778.754
5418
606.964 621.546
5420
406.359 586.174
5422
554.616 452.683
5424
387.755 335.845
5426
580.591 438.378
5428
379.399 406.512
5430
506.27 249.839
5432
331.848 381.276
5434
400.901 180.731
5436
561.418 306.142
5438
356.677 270.04
5440
185.672 372.79
5442
76.4719 183.65
5444
201.141 12.0577
5446
182.106 229.627
5448
38.0687 373.664
5450
245.937 370.036
5452
168.422 168.103
5454
259.947 347.729
5456
76.3058 269.779
5458
133.611 69.9323
5460
35.4127 262.657
5462
107.237 65.3215
5464
198.649 261.356
5466
260.661 58.5237
5468
64.9339 122.119
5470
198.569 281.38
5472
106.27 83.4424
5474
287.078 167.755
5476
283.486 373.523
5478
132.922 242.64
5480
307.912 369.778
5482
494.43 282.803
5484
350.393 138.765
5486
335.744 348.254
5488
185.926 213.357
5490
71.5515 37.236
5492
230.812 170.871
5494
101.298 330.808
5496
275.826 221.751
5498
322.594 19.1792
5500
237.258 220.217
5502
26.7389 194.369
5504
132.621 3.35205
5506
76.6388 212.282
5508
214.346 59.3426
5510
134.754 246.849
5512
258.189 76.9559
5514
44.1193 69.4804
5516
251.893 62.2248
5518
42.6918 43.9221
5520
239.499 104.092
5522
131.555 276.84
5524
254.144 114.158
5526
55.0393 198.673
5528
27.2743 1.11419
5530
241.442 4.85249
5532
68.1502 130.756
5534
246.378 27.8561
5536
267.451 228.352
5538
157.13 44.7465
5540
219.142 247.579
5542
400.546 365.384
5544
345.651 570.257
5546
193.603 428.47
5548
314.556 607.79
5550
446.431 438.998
5552
645.536 523.514
5554
799.618 374.718
5556
656.658 522.758
5558
870.825 519.02
5560
668.643 543.844
5562
823.143 682.957
5564
750.601 483.648
5566
743.125 697.717
5568
735.943 492.043
5570
532.274 495.598
5572
539.456 289.923
5574
506.605 82.5086
5576
710.181 89.6176
5578
502.281 89.6176
5580
498.689 295.386
5582
602.521 122.581
5584
426.198 220.319
5586
535.398 31.179
5588
340.036 102.285
5590
548.239 61.8144
5592
601.504 260.602
5594
415.93 339.373
5596
602.448 426.348
5598
442.72 277.4
5600
333.52 466.54
5602
375.872 267.291
5604
547.894 146.84
5606
720.492 34.7533
5608
559.623 169.739
5610
592.146 375.079
5612
651.088 567.87
5614
777.959 724.543
5616
890.355 544.672
5618
684.68 537.489
5620
508.532 443.83
5622
482.428 231.226
5624
562.668 32.6237
5626
354.712 3.39733
5628
542.72 87.1037
5630
410.845 255.896
5632
407.18 465.864
5634
425.849 679.249
5636
362.902 872.979
5638
206.859 1003.91
5640
368.518 863.387
5642
176.387 937.139
5644
338.559 810.436
5646
420.613 1003.74
5648
271.636 864.819
5650
357.051 672.974
5652
236.6 844.996
5654
342.482 653.979
5656
437.302 459.57
5658
505.671 658.129
5660
704.208 693.136
5662
509.613 593.985
5664
363.734 442.923
5666
454.872 629.783
5668
645.488 564.148
5670
730.003 763.253
5672
758.061 962.891
5674
564.298 876.623
5676
749.805 979.451
5678
873.869 802.268
5680
772.059 618.598
5682
729.707 817.847
5684
549.702 709.689
5686
613.556 918.546
5688
715.366 734.876
5690
643.542 537.54
5692
728.742 354.828
5694
672.759 563.758
5696
562.438 380.153
5698
600.905 182.257
5700
400.948 221.125
5702
584.032 131.828
5704
781.368 60.0042
5706
586.227 101.483
5708
784.764 136.49
5710
584.22 67.4371
5712
556.455 264.996
5714
571.69 47.1276
5716
450.034 220.87
5718
281.453 338.912
5720
429.945 190.419
5722
478.602 401.176
5724
597.207 225.337
5726
458.095 379.837
5728
426.229 581.029
5730
376.441 381.342
5732
561.056 295.254
5734
647.144 110.64
5736
457.408 172.288
5738
400.103 372.135
5740
407.725 590.402
5742
324.851 785.641
5744
148.446 891.636
5746
339.08 798.657
5748
165.789 924.561
5750
360.175 879.683
5752
157.343 817.671
5754
353.999 738.217
5756
353.999 948.217
5758
263.782 763.245
5760
83.9111 875.641
5762
83.9111 669.841
5764
295.824 722.677
5766
437.611 874.725
5768
399.144 676.829
5770
203.417 740.425
5772
246.641 943.782
5774
38.6851 914.555
5776
226.154 846.322
5778
427.631 839.287
5780
405.68 630.437
5782
240.851 773.72
5784
97.3432 635.136
5786
78.3083 852.705
5788
252.837 961.762
5790
448.871 870.35
5792
342.039 699.383
5794
307.032 897.921
5796
104.448 919.213
5798
43.6636 720.397
5800
181.107 890.126
5802
184.626 688.557
5804
79.7613 877.737
5806
279.28 966.568
5808
208.892 773.179
5810
19.1561 834.828
5812
182.4 976.734
5814
357.39 849.596
5816
159.453 941.896
5818
295.511 795.991
5820
390.331 990.4
5822
229.813 864.99
5824
127.963 688.58
5826
256.872 859.648
5828
395.984 705.148
5830
243.936 846.936
5832
158.521 655.091
5834
362.097 647.982
5836
558.131 556.57
5838
512.723 342.942
5840
460.396 133.067
5842
606.48 289.723
5844
472.019 461.825
5846
302.834 356.106
5848
477.32 259.386
5850
508.529 456.43
5852
452.96 650.221
5854
456.625 860.189
5856
511.615 668.417
5858
444.126 460.706
5860
256.92 573.191
5862
465.77 595.141
5864
374.358 399.107
5866
444.094 196.577
5868
629.601 299.405
5870
451.599 204.76
5872
396.031 10.9693
5874
582.12 93.8216
5876
524.236 295.687
5878
353.62 180.605
5880
481.856 333.431
5882
601.635 511.01
5884
749.151 669.202
5886
563.911 574.818
5888
467.62 763.8
5890
555.075 943.109
5892
609.97 738.237
5894
733.405 568.343
5896
574.224 711.671
5898
456.961 873.07
5900
664.917 843.843
5902
635.983 637.967
5904
833.541 610.202
5906
819.625 809.216
5908
617.128 891.03
5910
750.295 720.583
5912
753.997 508.515
5914
709.026 720.089
5916
885.147 834.463
5918
678.796 809.126
5920
836.417 951.049
5922
776.797 743.128
5924
737.528 945.147
5926
643.869 768.999
5928
820.178 658.828
5930
719.386 840.662
5932
567.237 708.4
5934
526.766 500.197
5936
329.572 542.112
5938
543.767 572.215
5940
555.197 354.115
5942
376.992 461.191
5944
412.364 661.796
5946
475.31 468.066
5948
471.536 251.799
5950
516.07 42.28
5952
351.273 162.012
5954
513.956 39.4221
5956
344.062 162.857
5958
351.611 379.025
5960
490.646 213.33
5962
301.778 289.637
5964
515.946 285.899
5966
555.615 81.8186
5968
337.348 89.4406
5970
529.192 4.02594
5972
577.456 197.6
5974
372.227 272.297
5976
581.716 239.117
5978
372.859 175.263
5980
554.357 82.7855
5982
557.985 290.654
5984
540.415 491.487
5986
634.314 684.008
5988
810.434 798.383
5990
622.225 870.63
5992
644.834 655.514
5994
859.522 629.154
5996
925.156 819.771
5998
767.948 942.595
6000
573.561 987.473
6002
675.108 796.491
6004
893.475 792.68
6006
757.14 955.158
6008
568.012 854.597
6010
758.866 951.842
6012
578.869 852.068
6014
586.418 635.9
6016
800.487 643.375
6018
657.16 802.557
6020
869.13 795.155
6022
651.561 814.189
6024
753.411 637.78
6026
749.856 841.449
6028
568.66 753.073
6030
729.402 608.34
6032
881.974 461.003
6034
719.496 597.339
6036
548.491 494.589
6038
670.619 675.65
6040
873.874 749.629
6042
709.077 629.897
6044
808.827 802.67
6046
889.24 992.109
6048
860.306 786.233
6050
718.4 949.476
6052
500.033 953.288
6054
702.53 871.474
6056
899 906.117
6058
927.641 702.32
6060
927.641 502.82
6062
713.254 544.492
6064
926.281 566.882
6066
727.465 627.666
6068
890.886 513.238
6070
694.312 580.923
6072
645.655 370.167
6074
773.3 539.558
6076
659.393 370.683
6078
701.744 569.931
6080
514.276 638.164
6082
428.007 444.401
6084
551.442 274.508
6086
618.931 66.7972
6088
442.522 168.647
6090
611.707 62.9283
6092
401.768 2.72908
6094
610.697 58.7116
6096
411.319 65.6741
6098
629.686 69.4857
6100
429.16 115.781
6102
632.427 147.975
6104
435.091 76.1506
6106
614.948 171.782
6108
762.464 13.5902
6110
902.507 158.609
6112
700.907 158.609
6114
878.997 47.326
6116
674.256 83.4275
6118
889.371 60.818
6120
676.357 23.2579
6122
861.776 121.847
6124
660.584 153.713
6126
458.565 192.981
6128
406.93 385.683
6130
212.335 286.532
6132
393.833 379.01
6134
309.52 559.818
6136
504.882 630.924
6138
490.38 838.318
6140
677.701 730.168
6142
499.473 627.268
6144
670.089 742.349
6146
518.376 585.246
6148
472.081 785.771
6150
553.314 594.398
6152
453.54 414.401
6154
491.465 629.483
6156
353.692 470.994
6158
533.689 371.221
6160
577.787 578.686
6162
458.008 756.265
6164
540.882 561.026
6166
339.163 495.484
6168
471.425 343.334
6170
411.225 133.395
6172
418.261 334.872
6174
583.743 464.161
6176
642.785 670.063
6178
829.303 583.088
6180
752.996 771.956
6182
820.485 979.666
6184
610.613 986.995
6186
824.291 1001.94
6188
693.709 834.8
6190
573.647 994.128
6192
755.452 884.888
6194
582.647 781.057
6196
604.379 574.296
6198
748.798 723.846
6200
679.129 915.262
6202
539.979 755.188
6204
486.714 556.4
6206
372.092 372.967
6208
484.179 545.566
6210
382.329 369.156
6212
374.707 587.423
6214
581.608 531.984
6216
401.612 432.211
6218
289.216 252.34
6220
465.525 362.51
6222
371.626 169.988
6224
575.892 144.907
6226
779.972 105.238
6228
576.706 137.432
6230
384.973 75.1346
6232
574.415 144.086
6234
438.08 306.564
6236
348.442 498.792
6238
497.391 658.519
6240
699.888 740.334
6242
617.834 547.027
6244
825.249 579.879
6246
744.105 762.131
6248
728.87 544.263
6250
857.779 715.331
6252
928.166 521.942
6254
795.881 679.594
6256
753.966 876.789
6258
927.257 1002.69
6260
724.686 955.925
6262
786.983 764.192
6264
842.422 971.093
6266
662.551 858.697
6268
450.989 892.206
6270
551.781 710.372
6272
728.09 820.542
6274
899.157 691.634
6276
876.767 904.66
6278
665.194 859.689
6280
843.399 752.612
6282
697.494 616.554
6284
554.166 457.372
6286
359.757 552.192
6288
170.021 613.841
6290
374.894 558.945
6292
591.666 585.561
6294
620.893 377.605
6296
419.028 435.489
6298
367.716 229.689
6300
499.153 404.111
6302
300.55 323.871
6304
425.219 152.278
6306
335.582 344.506
6308
511.991 446.356
6310
323.124 522.663
6312
136.012 618.001
6314
272.314 466.623
6316
400.687 643.312
6318
262.979 490.373
6320
59.5587 501.034
6322
242.991 386.412
6324
171.885 581.774
6326
294.71 424.566
6328
81.696 387.006
6330
178.941 577.86
6332
42.5461 420.955
6334
234.677 494.708
6336
54.8205 399.076
6338
250.183 470.182
6340
84.1463 595.299
6342
172.978 395.781
6344
340.282 536.166
6346
531.655 617.399
6348
693.054 734.662
6350
532.98 595.512
6352
725.704 497.314
6354
711.202 704.707
6356
615.571 884.564
6358
730.192 701.131
6360
730.192 486.931
6362
726.381 705.298
6364
889.478 586.8
6366
864.654 788.982
6368
655.797 852.836
6370
648.614 647.161
6372
645.023 441.393
6374
781.145 273.296
6376
677.313 446.101
6378
756.905 633.608
6380
595.506 750.871
6382
794.733 740.43
6384
634.659 879.58
6386
813.98 1000.53
6388
637.656 902.796
6390
851.334 887.854
6392
659.563 832.864
6394
721.575 630.032
6396
922.613 544.696
6398
721.013 544.696
6400
901.018 436.538
6402
736.19 579.822
6404
536.232 540.954
6406
750.427 571.057
6408
541.717 619.242
6410
740.458 636.629
6412
924.142 530.579
6414
924.142 740.579
6416
853.754 933.968
6418
729.085 762.375
6420
858.671 607.941
6422
643.194 589.089
6424
790.71 747.281
6426
683.634 569.076
6428
754.74 373.714
6430
884.254 213.777
6432
702.002 294.921
6434
897.729 231.325
6436
688.017 220.335
6438
702.812 431.918
6440
713.253 232.691
6442
909.909 312.145
6444
708.627 385.406
6446
592.37 557.763
6448
665.37 747.933
6450
519.465 611.875
6452
356.783 489.285
6454
562.301 500.056
6456
621.342 294.154
6458
459.04 440.292
6460
607.988 600.019
6462
582.395 391.585
6464
538.297 599.05
6466
614.307 401.037
6468
628.81 193.644
6470
594.644 409.355
6472
511.77 214.116
6474
674.971 81.9585
6476
513.402 212.794
6478
484.76 416.591
6480
495.421 213.171
6482
553.884 9.28697
6484
684.72 170.856
6486
890.488 167.264
6488
684.72 163.672
6490
480.102 116.432
6492
593.611 298.084
6494
496.993 479.795
6496
709.319 521.067
6498
829.77 693.089
6500
640.643 592.528
6502
835.352 671.195
6504
688.344 524.188
6506
816.34 360.361
6508
661.021 225.344
6510
668.203 431.018
6512
864.5 335.278
6514
675.372 234.717
6516
854.693 355.671
6518
666.062 420.621
6520
701.434 621.227
6522
503.785 670.506
6524
510.968 464.832
6526
486.143 262.65
6528
566.383 461.253
6530
595.61 669.209
6532
735.965 518.696
6534
869.133 689.143
6536
691.95 813.208
6538
724.473 607.867
6540
742.959 819.16
6542
539.196 768.357
6544
731.799 834.675
6546
753.53 627.914
6548
862.77 809.719
6550
817.362 596.092
6552
617.64 660.985
6554
669.46 453.148
6556
721.637 258.417
6558
884.319 381.007
6560
901.707 182.266
6562
770.823 332.831
6564
921.336 192.475
6566
741.331 300.633
6568
679.933 501.457
6570
807.578 332.067
6572
664.617 184.027
6574
685.69 384.522
6576
808.28 221.84
6578
728.826 418.496
6580
634.441 603.736
6582
458.32 718.11
6584
479.832 922.783
6586
696 915.234
6588
900.516 985.655
6590
803.899 803.944
6592
613.045 706.699
6594
819.546 635.595
6596
651.833 509.214
6598
814.515 386.624
6600
632.71 277.385
6602
815.421 362.584
6604
676.386 528.28
6606
872.196 472.133
6608
670.626 468.614
6610
869.033 489.468
6612
927.975 682.259
6614
719.098 719.089
6616
542.688 820.939
6618
690.025 973.511
6620
895.794 977.103
6622
791.962 804.298
6624
720.468 990.547
6626
912.313 905.133
6628
707.797 834.712
6630
509.26 869.72
6632
453.277 660.79
6634
647.368 735.295
6636
848.651 808.555
6638
798.355 606.831
6640
595.825 676.568
6642
599.527 888.635
6644
773.886 1001.87
6646
781.435 785.698
6648
844.382 979.428
6650
836.833 763.26
6652
688.341 614.767
6654
491.297 583.558
6656
676.537 489.174
6658
568.387 676.495
6660
751.952 578.892
6662
571.143 663.204
6664
642.247 869.706
6666
568.987 668.423
6668
607.053 472.589
6670
406.448 437.217
6672
293.715 270.083
6674
77.7109 281.403
6676
18.1548 86.6037
6678
224.656 157.708
6680
20.3901 132.627
6682
30.8311 331.854
6684
110.423 144.347
6686
292.288 39.3468
6688
171.322 205.843
6690
26.3033 345.886
6692
43.6908 147.145
6694
125.689 331.316
6696
19.8065 140.299
6698
121.657 316.708
6700
54.6546 122.12
6702
111.96 321.967
6704
185.712 129.836
6706
105.471 328.439
6708
26.6996 142.865
6710
216.87 215.864
6712
314.115 25.0107
6714
125.132 121.302
6716
114.142 331.014
6718
128.498 125.716
6720
35.0663 309.085
6722
50.1546 93.3116
6724
248.562 114.165
6726
39.7048 50.3111
6728
224.678 125.045
6730
37.4048 224.62
6732
173.74 62.142
6734
118.301 269.043
6736
293.763 146.183
6738
153.379 313.487
6740
278.048 141.895
6742
109.951 278.017
6744
318.808 341.871
6746
514.536 405.467
6748
687.827 531.37
6750
680.351 745.44
6752
669.361 955.152
6754
855.61 883.657
6756
688.295 992.313
6758
636.476 784.476
6760
703.478 589.888
6762
886.189 675.088
6764
874.759 893.188
6766
668.409 867.852
6768
474.278 958.377
6770
477.979 746.309
6772
577.554 559.036
6774
736.417 683.153
6776
841.417 501.288
6778
647.03 546.165
6780
797.285 390.572
6782
857.484 180.633
6784
673.8 286.683
6786
859.374 365.454
6788
666.672 313.82
6790
861.38 235.152
6792
740.414 401.648
6794
795.853 194.747
6796
926.737 345.311
6798
730.304 390.661
6800
689.833 182.458
6802
905.837 193.779
6804
727.609 296.679
6806
727.609 506.679
6808
771.707 299.213
6810
685.438 492.976
6812
835.416 642.954
6814
801.25 427.243
6816
691.08 603.552
6818
662.73 805.269
6820
854.861 731.517
6822
906.681 939.355
6824
695.388 920.869
6826
519.079 810.699
6828
656.764 646.612
6830
839.476 731.812
6832
730.276 920.952
6834
528.706 917.433
6836
729.53 978.831
6838
870.598 837.764
6840
908.523 622.682
6842
879.297 830.638
6844
693.723 751.867
6846
887.112 822.254
6848
679.243 825.883
6850
771.301 637.136
6852
897.205 463.844
6854
798.616 649.263
6856
787.735 856.878
6858
791.29 653.21
6860
843.11 861.047
6862
714.917 702.742
6864
700.708 905.946
6866
906.048 938.469
6868
708.152 900.002
6870
608.402 727.23
6872
765.506 878.943
6874
859.166 702.795
6876
917.049 904.66
6878
854.103 710.93
6880
648.334 714.521
6882
659.764 932.622
6884
753.424 756.474
6886
557.389 665.062
6888
564.645 457.288
6890
352.836 468.389
6892
323.317 258.353
6894
211.914 72.9477
6896
10.6116 30.1594
6898
167.715 181.873
6900
56.7724 11.0356
6902
141.972 193.747
6904
16.0687 367.039
6906
169.008 229.332
6908
328.945 99.8175
6910
293.572 300.423
6912
456.993 414.851
6914
606.811 279.955
6916
497.572 98.1494
6918
374.982 260.831
6920
446.088 456.194
6922
305.57 612.254
6924
249.423 416.445
6926
150.667 594.605
6928
185.675 396.068
6930
13.5733 530.528
6932
211.98 551.382
6934
428.248 547.607
6936
224.364 489.144
6938
400.687 586.882
6940
614.315 541.474
6942
417.741 609.159
6944
618.574 626.73
6946
666.286 833.394
6948
655.186 621.585
6950
854.435 663.936
6952
827.818 447.164
6954
799.176 650.961
6956
591.276 650.961
6958
774.646 557.53
6960
649.096 712.571
6962
712.692 516.843
6964
900.902 444.596
6966
706.314 511.598
6968
917.877 478.09
6970
784.241 637.35
6972
697.266 823.869
6974
886.134 747.561
6976
827.806 938.344
6978
633.075 886.166
6980
598.91 670.455
6982
755.582 543.584
6984
553.865 515.234
6986
407.727 352.932
6988
207.88 295.627
6990
33.2896 194.827
6992
111.24 11.1859
6994
307.049 67.3332
6996
198.891 247.338
6998
1.16678 183.094
7000
210.024 246.948
7002
10.6453 253.91
7004
148.136 106.469
7006
15.9789 269.67
7008
227.552 224.699
7010
27.5947 185.831
7012
130.127 378.667
7014
346.899 352.05
7016
417.32 147.535
7018
569.469 279.796
7020
595.574 67.1928
7022
777.072 159.671
7024
632.652 10.1199
7026
824.068 79.7894
7028
624.221 137.094
7030
802.224 42.4489
7032
645.015 165.273
7034
444.466 246.301
7036
401.241 449.658
7038
422.533 652.242
7040
356.215 459.64
7042
568.186 452.237
7044
464.339 639.581
7046
668.855 710.001
7048
472.282 777.687
7050
679.675 763.185
7052
727.387 556.521
7054
554.64 448.576
7056
569.582 234.898
7058
497.758 432.233
7060
508.858 220.424
7062
679.926 91.5153
7064
500.605 212.469
7066
600.18 25.1956
7068
397.507 60.9324
7070
609.316 49.8319
7072
408.82 70.9048
7074
581.592 170.655
7076
784.176 149.362
7078
577.068 167.482
7080
777.673 132.11
7082
575.948 81.8144
7084
365.98 85.4794
7086
354.88 297.289
7088
522.195 405.944
7090
478.097 613.409
7092
659.501 731.215
7094
470.754 639.157
7096
687.029 608.761
7098
485.304 659.057
7100
690.046 622.955
7102
705.134 838.729
7104
609.503 658.872
7106
574.131 859.478
7108
515.803 668.695
7110
719.16 625.47
7112
850.095 781.513
7114
885.832 984.187
7116
798.857 797.668
7118
617.147 701.051
7120
702.347 883.763
7122
500.328 844.494
7124
683.493 963.443
7126
591.969 783.817
7128
755.796 655.821
7130
568.523 556.246
7132
388.667 460.614
7134
235.719 613.561
7136
65.1035 498.48
7138
262.931 555.206
7140
48.7638 551.467
7142
245.808 582.676
7144
440.948 624.154
7146
277.121 752.151
7148
417.638 908.211
7150
217.088 989.238
7152
178.22 789.281
7154
372.929 867.948
7156
327.521 654.321
7158
437.32 823.397
7160
279.699 681.474
7162
77.9748 631.179
7164
245.112 761.76
7166
384.224 916.26
7168
196.717 836.668
7170
390.448 899.615
7172
287.619 714.108
7174
103.979 636.157
7176
165.377 836.981
7178
367.907 906.718
7180
396.256 705
7182
195.44 651.192
7184
191.775 861.16
7186
410.142 864.972
7188
240.752 737.327
7190
394.336 594.107
7192
427.844 382.544
7194
270.192 250.258
7196
68.4731 315.801
7198
137.526 115.256
7200
11.1449 282.97