20.072614 40.982283 27.709730 23.635083 34.557503 28.509445 28.684414 24.025649 30.573808 41.945784 17.078819 19.007363 49.528424 24.087991 26.910045 23.969070 32.750088 47.919656 20.587287 25.037413 20.296473 27.258334 23.853827 26.168688 27.438692 21.611108 15.789698 28.801514 28.905270 24.858508 
23.399037 35.735976 12.491317 17.957559 19.582161 23.946713 19.360695 23.041857 26.569901 39.753464 22.834746 12.940424 37.601206 25.491796 26.297596 19.407801 18.916592 31.735907 18.628543 24.040435 22.451884 20.298418 18.668355 30.289230 32.892876 38.872430 21.592061 17.788664 34.384459 24.658457 
27.459452 36.238888 24.305809 20.657848 25.528251 15.745269 29.649258 19.056208 32.702069 28.323817 19.281507 20.747766 46.847028 22.936743 18.025671 19.361813 22.471585 26.256053 15.141295 17.369375 19.037793 20.570577 22.141364 30.008544 30.741672 26.582348 28.235375 28.672482 18.153800 22.523542 
25.260311 35.816985 9.606327 21.065657 33.397770 16.040022 27.550355 22.213163 25.861209 32.148954 16.731178 24.540744 42.812384 22.277414 31.199275 24.294472 22.847470 27.806847 26.612509 17.542905 22.431042 20.525190 22.040258 32.127644 27.881327 19.177008 23.531419 35.133781 18.012243 16.419163 
22.036802 30.778555 20.738540 15.597583 22.149657 18.333360 19.109484 16.838131 26.002002 30.624010 18.514742 21.627793 46.752152 23.130804 18.906431 19.718579 19.063545 19.587331 25.209413 17.379477 19.881981 20.256888 19.852075 15.747745 32.609243 29.619419 17.857851 16.382637 38.687852 16.175902 
15.289357 24.155826 23.713212 15.807834 25.225645 27.794003 24.082446 19.910024 14.337191 27.296693 25.282251 15.685848 39.769541 28.981721 17.293270 21.244402 18.104033 17.579031 23.817318 19.768521 14.727112 24.882971 25.717650 20.347734 33.218617 15.433666 20.940400 25.742609 23.006360 17.253248 
26.064147 22.913857 14.929126 27.055403 28.202865 13.549039 22.313571 19.374241 19.930246 33.585878 23.251024 12.987851 37.678839 34.117972 26.480378 28.671126 18.020893 24.089178 26.863495 30.684993 18.086760 22.542358 18.506582 15.618393 20.153949 26.492492 21.454733 20.335772 12.066822 27.288602 
14.127327 22.919615 18.015687 18.833694 19.803325 21.224150 22.145086 21.443761 16.112862 22.309964 17.141430 18.602465 45.869752 22.633611 25.488228 20.937942 24.667585 26.901832 27.324964 18.220900 26.527658 22.577517 10.509626 28.932952 28.634489 16.425674 17.645435 16.615995 25.564216 20.951529 
23.203131 28.334788 18.225285 18.912700 22.130200 29.250442 18.619269 27.108263 20.356408 37.923037 10.702834 20.380456 37.890162 23.171566 17.175369 14.641390 16.398173 18.892578 17.410713 14.789569 13.623159 31.099144 24.009117 18.227714 25.464341 17.681684 15.823635 14.551688 21.074339 14.011941 
23.267842 15.575565 18.096766 12.990157 20.262560 16.043312 21.312892 19.151989 22.085572 21.305408 12.623730 21.894745 38.185086 19.312967 27.638471 16.864324 30.901773 22.388137 26.920615 18.034144 20.179829 22.591394 19.311392 21.498257 24.070271 17.065558 13.875877 22.055258 26.097065 14.515011 
19.643749 29.181282 17.450709 10.440438 32.613618 14.219875 18.372268 23.585588 12.308272 27.461579 26.958518 32.054509 48.765524 16.461018 18.272130 23.807509 25.715996 16.858863 18.876124 22.822279 19.246312 17.655138 21.660665 11.237484 26.949493 19.335554 15.527989 16.082031 24.053312 20.183201 
16.069029 33.222665 14.134890 20.585655 24.429360 19.765015 20.456013 21.022290 20.174167 27.225234 22.446239 23.939729 45.331392 15.675324 22.953788 22.519484 24.601624 19.151524 23.253336 28.050473 15.113827 24.523189 11.743520 15.469229 24.840088 22.776153 18.114118 20.573435 17.606354 20.625028 