95.232989 53.861309 55.746066 82.391703 87.249655 66.764651 59.156338 53.247811 64.292765 82.969089 75.115777 91.789037 124.669197 121.804991 73.079155 66.751366 57.406838 70.888775 53.842529 84.250992 51.434558 79.773704 81.387318 52.839151 58.046258 135.023835 32.060557 84.619724 79.948808 61.450618 
45.305959 140.477714 54.820770 64.677867 93.079470 64.731101 70.004752 40.669213 60.812505 77.731368 67.049156 75.985986 98.528277 46.269794 61.893286 50.541553 72.197480 61.524248 55.567234 79.300821 58.959196 77.776598 82.916277 136.489560 73.837170 57.972685 50.851958 75.108744 67.713243 58.023185 
73.765582 147.303679 41.445394 72.633204 86.340521 48.411500 46.743740 41.227666 62.879100 67.283229 62.501404 81.167044 80.273185 61.781283 52.483761 61.732712 54.419025 69.292430 61.023456 63.423573 64.617905 72.959682 68.479026 60.683491 58.072284 54.018034 50.669049 52.763418 72.891881 69.224800 
63.061967 59.817634 60.831553 50.866081 54.517813 70.968095 54.445004 47.360048 54.049792 76.985783 58.588741 77.243950 82.666598 41.724783 47.225330 88.628850 59.818328 55.194708 44.896818 58.521070 62.235081 72.909352 78.157889 69.451536 55.516802 59.187689 40.878506 49.674491 64.464054 47.371859 
60.885960 45.201672 52.812629 56.545710 62.718047 71.605299 54.529344 40.818388 60.219575 64.156299 70.620544 76.548646 56.445061 36.442000 54.740713 55.117548 62.300450 57.279549 71.861095 60.527692 52.875428 68.756791 64.005667 62.211834 64.783667 72.917237 38.820329 61.343943 64.724378 55.306025 
37.629112 46.743486 41.913813 59.910458 69.731557 59.653256 44.548215 51.444545 51.172297 69.521129 46.028576 64.178845 59.257600 51.664220 59.148847 79.415960 48.372138 55.209732 58.506113 71.660358 50.637238 79.970751 52.254392 53.690878 58.476185 64.723424 35.776115 57.000498 48.139280 81.221604 
54.079226 35.594089 36.738227 76.697338 49.127997 56.948031 47.722997 39.883755 34.949728 66.212580 64.917093 95.237641 57.804354 45.727281 47.485428 67.030332 55.389675 66.054755 65.392206 52.654355 52.200236 74.323541 64.588818 73.441588 43.379532 58.218526 37.159632 67.780863 69.456516 42.474666 
49.561056 47.475406 45.010448 60.988804 73.422402 62.778365 50.529799 43.499697 47.474982 67.895207 38.064357 80.854135 60.377031 37.887283 50.778197 55.408817 59.323916 53.870700 60.500694 66.475727 60.680822 37.537727 59.520389 70.223737 44.001220 59.314546 46.345793 55.065384 68.608974 50.616357 
58.232947 59.006666 51.858567 46.393924 47.577147 65.995122 36.784044 47.600876 65.097150 56.283403 78.219091 68.746283 46.791381 48.418691 78.019454 65.971829 72.431061 57.379302 38.783621 56.512784 81.963444 44.392316 59.370162 44.321999 36.324145 56.965649 38.383920 68.893993 43.876367 45.850182 
55.423221 36.484273 41.941328 46.071192 66.505042 51.103184 39.055600 43.568196 49.574867 50.140632 54.203744 62.800532 43.534942 34.972613 39.574008 75.843421 68.276181 63.379482 50.987513 63.649333 61.614213 40.397736 58.427135 52.001829 40.401263 39.928671 50.350131 38.805350 45.795083 49.092292 
49.582670 36.978347 53.275814 51.064802 42.376811 55.779352 51.605897 49.013494 44.965996 39.071101 49.903847 68.418748 61.177421 51.164803 44.412391 49.626651 50.143104 57.770415 48.476592 57.818912 37.713457 51.357088 54.314199 67.064417 58.072423 38.514971 37.744515 47.427011 52.973614 50.868144 
47.482832 39.094645 38.412994 36.548631 64.558173 52.180608 45.378216 47.186270 41.307492 41.979445 65.019605 63.843565 59.734908 55.662592 48.075393 62.456376 51.497960 59.041660 49.422431 52.787122 51.061826 43.680865 60.491547 52.283486 46.903432 48.059289 27.509712 57.518417 47.018098 51.683173 

64.564675 68.136337 47.521179 68.617278 52.979850 62.461559 40.099187 34.640823 55.971384 53.577401 54.864216 59.177340 82.564126 45.352118 48.333804 46.352659 61.044107 75.809561 56.802856 49.049200 45.380458 55.120717 52.070239 52.701129 69.215853 39.534520 47.848314 49.695875 41.742843 43.807377 
47.366008 59.666837 45.068563 46.062478 44.608405 42.960702 42.424704 29.510990 55.946532 51.113588 40.993368 55.282939 44.032404 36.028629 51.766227 44.752335 46.531300 63.246092 39.558266 46.102731 40.001256 36.630573 43.346989 59.644668 41.065578 46.660629 49.146300 37.618971 43.422586 37.113496 
45.206641 53.889348 31.030778 41.387788 31.888475 40.260933 37.193182 38.999077 42.448918 57.992829 44.381462 51.299972 56.842015 33.244946 45.859116 38.655995 49.262980 55.050029 44.867946 45.947605 39.032901 43.952989 41.155898 54.389524 45.736388 43.098550 38.773848 39.387004 34.135665 30.262802 
41.941117 56.930793 33.005765 41.257296 39.074481 33.362290 33.135281 28.602069 37.879815 38.076324 26.978794 52.586154 36.623582 26.554176 35.382293 43.492539 41.397965 56.914852 42.473438 45.581827 26.426778 32.526303 26.158493 41.674273 30.785834 38.682454 32.933782 44.757853 28.844082 29.767172 
37.780341 42.716776 20.764933 36.871945 27.571823 21.680046 36.499756 30.026062 42.729610 40.818562 18.702816 30.797949 37.851181 26.880976 37.477206 27.767571 37.581853 31.149586 28.643631 33.226169 24.511755 32.368075 32.097140 45.597434 43.142962 36.708354 27.219093 35.445888 27.415306 34.803247 
37.584543 46.279312 31.356116 26.275632 42.890615 24.629588 23.289690 29.712249 24.718920 30.444479 28.989172 40.566529 36.735277 22.775866 40.172528 25.179722 20.868694 37.788150 29.098445 35.171585 26.366809 24.739313 34.603358 31.208864 33.255803 41.022806 33.849887 29.173240 37.787104 26.268060 
38.366766 27.071126 33.669945 25.558683 32.131410 28.896430 29.298513 22.305542 33.343155 33.388604 20.053931 32.407412 32.110317 23.018827 25.047512 24.319488 38.450660 28.893724 32.894650 32.148017 36.632757 37.223653 28.766143 28.911872 37.292732 26.272154 36.299800 22.833619 37.413905 19.993691 
30.212959 41.715983 20.846497 31.831443 35.630283 30.279321 23.340174 25.411316 27.756495 27.549055 29.132977 31.192367 34.103810 27.782707 28.803528 30.538029 26.994229 39.992817 32.913243 26.371851 16.636500 25.531829 31.223100 33.782433 34.856085 26.462537 24.742780 26.950199 28.361672 25.086021 
30.180636 37.612704 21.672907 34.032300 30.727884 30.620080 31.038796 32.763526 24.250606 37.274718 22.203056 30.017823 48.687993 29.755934 28.758869 25.094281 34.206683 23.855958 24.708202 26.439814 27.347328 31.591008 24.727247 26.909744 39.814256 29.970377 26.854997 30.500842 30.890402 22.393440 
19.818176 32.808517 19.104268 23.648023 32.568300 21.029257 19.584045 23.915793 30.039734 23.229018 16.423719 22.530525 37.875948 28.323954 27.043813 34.010032 37.109222 28.417711 28.732417 28.803058 23.543707 27.151934 29.269596 21.984573 35.248495 24.192928 18.942767 27.742510 31.724125 26.794739 
31.614732 34.591308 19.923635 28.942890 34.975328 34.421374 34.744075 19.807933 33.258074 39.530312 23.639374 16.993759 30.365357 33.181784 22.481746 36.126295 25.965518 34.517127 26.279864 23.689547 18.337000 19.997395 24.965218 23.731939 34.652273 31.496708 24.687260 29.318671 30.230842 22.253217 
32.934408 25.871805 23.558375 19.476355 25.117202 23.364980 26.483138 28.509745 22.948293 24.142161 20.010129 27.932944 29.227794 22.214989 35.394144 29.089235 33.605852 32.089527 28.014152 27.429350 24.689620 21.263469 22.078645 23.364948 28.291582 22.864282 29.522296 19.757535 23.431466 29.570462 

75.709150 -1.#IND00 48.280024 96.404463 82.638469 64.847254 69.384420 52.434279 -1.#IND00 77.952255 51.396198 74.941509 -1.#IND00 57.564936 67.189191 55.348245 87.158051 84.964858 59.614538 106.841602 59.966268 68.673314 66.386467 -1.#IND00 81.379187 68.965130 51.022163 79.738918 60.924476 50.934285 
50.189655 -1.#IND00 25.363595 54.247339 39.210254 42.416403 42.086846 32.826698 38.934832 48.247063 61.576744 92.673865 -1.#IND00 46.670716 72.455731 40.789797 42.334427 76.600579 42.078037 58.995637 45.115994 63.772574 35.923668 -1.#IND00 30.386659 53.525608 45.787703 51.754737 51.564959 35.911362 
33.926455 -1.#IND00 30.397686 45.971778 35.888979 33.165698 32.223701 35.415797 40.257110 40.585680 32.258984 42.319466 -1.#IND00 31.263231 43.809530 35.596281 36.841237 80.355346 26.263643 44.017844 27.823899 42.238299 43.934425 -1.#IND00 32.504193 39.049794 47.834554 35.765551 44.339445 28.918806 
33.537256 47.112586 24.534564 35.856536 33.512949 39.725528 33.617886 23.240085 31.178902 27.957669 20.399827 45.287720 -1.#IND00 35.391361 28.670146 29.733806 31.307414 61.365928 30.573113 22.951157 36.991210 28.143593 25.506367 45.126098 35.031588 29.844682 26.491503 28.844572 40.867196 25.930000 
32.883531 35.528437 23.449845 31.589055 37.676209 30.165680 37.704832 21.993146 27.032212 27.525770 25.009281 42.258116 29.025436 26.319388 23.116489 36.016902 40.104448 36.781858 34.257597 23.133375 29.402680 25.149780 40.987049 40.060048 33.036812 26.332684 24.157998 31.913269 31.441814 19.585422 
21.646417 33.942420 23.667234 19.079963 36.995206 25.822819 28.905845 25.076180 32.558866 39.681652 27.133155 29.301467 30.829757 23.316151 26.502374 21.554578 42.204271 38.221144 19.096561 34.041372 17.321537 22.054922 32.465389 26.897054 49.997114 29.225516 31.787861 29.945485 35.030502 21.447948 
21.426091 43.445687 16.508198 22.438629 27.145023 26.668793 22.076457 20.289188 27.058215 30.186967 13.469882 29.349614 36.092929 24.314491 25.361695 24.957560 28.020180 35.625755 32.063599 24.264609 22.519461 31.480483 34.892708 37.271834 33.122194 19.184536 28.901216 21.223782 34.195163 25.928004 
21.628425 31.994552 16.860492 18.216625 36.105605 18.081391 18.884399 14.106273 26.984732 30.184917 21.441591 26.966603 35.792722 16.336100 19.968660 25.931852 29.352670 29.446439 23.770113 28.167725 13.338400 26.579102 25.473514 25.352217 39.892187 21.027000 21.220700 20.336631 25.960515 15.769806 
26.851824 23.231966 19.739153 11.646394 31.148195 18.741764 20.508043 14.568995 35.145473 19.328075 21.511836 26.164680 32.006850 18.360233 24.981083 18.225843 23.677005 29.648506 26.957754 28.358323 21.660418 26.928043 27.246410 29.407778 32.315204 12.661498 14.645580 17.171791 26.943249 14.092912 
20.447415 24.040153 18.390771 23.261334 24.408404 17.266035 23.831375 18.043650 24.400974 37.303245 13.606412 26.469610 42.916656 12.732476 12.491162 24.254894 31.249385 33.873646 19.006538 30.993354 22.088749 23.330496 28.758883 23.652765 35.023539 19.645483 20.363779 24.690879 25.239989 18.593092 
23.372867 21.832736 20.113795 11.989439 28.985155 15.864787 18.813072 16.785755 21.918526 20.504323 17.615302 32.093127 24.953973 16.351988 22.804811 19.992700 27.803791 22.811969 19.587822 19.096532 13.247599 35.667162 29.282302 18.984527 31.582461 19.070072 13.934529 20.312552 24.177314 17.298109 
18.559622 28.772876 18.068129 13.980817 28.046925 18.367998 27.944767 11.125461 27.097085 22.128783 19.098141 18.018395 23.794052 20.766431 19.091872 20.779357 16.597511 28.761889 24.455873 30.170084 20.003891 12.267262 17.318201 21.641122 36.900642 28.102842 17.266910 17.614168 19.485232 14.075585 

