48.004112 28.018468 22.669877 45.348864 34.705447 44.259537 40.997336 26.586025 36.898460 44.563315 44.329960 65.770005 48.311474 30.855669 37.035226 46.804302 40.250600 31.113924 36.297352 46.771611 35.625188 44.379173 54.579394 53.247376 30.957190 48.445745 32.954815 26.955683 54.523168 41.501213 
38.685152 35.326874 39.352688 35.354988 36.598154 47.146492 34.276556 26.965037 33.889907 35.412619 38.970001 53.832641 41.909929 32.923586 39.849474 59.416670 50.348817 40.730942 43.372620 68.749319 41.209098 60.686923 43.942497 46.064828 27.594146 31.248449 40.094248 36.039981 52.921545 36.771539 
49.801487 34.078095 53.074401 63.506771 43.460587 59.496538 44.011543 34.352272 45.189172 40.461179 40.481552 71.675226 54.896346 49.071269 40.353781 57.849578 39.675799 44.169476 42.317475 45.221089 55.257261 42.827024 45.034257 53.518724 36.743499 42.287430 57.747960 47.540420 55.104259 46.953637 
65.275699 52.057187 34.777114 51.662611 66.740261 60.839652 54.111596 42.233429 51.277485 78.749124 59.624668 77.934623 50.834399 38.882413 58.197850 52.429401 58.349215 57.871388 55.671866 66.666135 55.233850 50.780373 58.047737 60.556983 56.577865 51.517094 34.343935 58.223770 75.731759 58.468576 
78.273276 64.401189 38.656156 41.264105 60.166620 77.139847 56.346550 43.697288 50.567870 83.832554 60.848668 90.308912 60.730439 60.290811 50.973985 52.531680 61.829409 53.339305 45.395888 63.387523 71.610164 77.916494 84.572994 80.692588 49.320436 82.624748 40.206302 57.307713 59.854426 55.502924 
109.420699 48.137199 92.839270 65.349506 78.880783 68.330007 68.281764 69.263522 59.746887 93.109133 79.835692 75.410631 75.871500 54.241389 54.352504 89.039076 79.533436 53.245993 65.858737 75.616518 59.758224 80.305413 78.998680 67.198680 69.916788 59.645261 63.707515 59.189568 63.851239 81.741882 
83.800005 42.522531 81.777471 59.078073 97.421444 67.981466 65.647861 62.686286 65.436587 76.115678 72.153354 71.278379 94.002268 56.612737 70.212404 62.465127 68.397050 63.059886 58.744552 74.823070 78.253791 80.493529 83.248557 78.249742 99.331496 71.013238 58.852784 91.051706 72.120855 76.865108 
85.543572 60.913165 75.639514 62.700929 88.101679 55.342506 76.171477 58.940372 66.766152 112.842539 72.857518 82.281047 77.342242 74.782188 63.156882 90.870985 115.335021 89.949248 49.676955 55.806163 74.454014 138.511356 104.527666 78.424165 78.597100 73.516272 67.406848 49.731916 65.974215 84.575724 
102.533856 40.847028 116.735000 69.816863 100.674956 72.604865 73.344407 54.431058 67.419214 101.961294 109.473215 111.737321 91.693063 85.433145 69.546458 95.936037 74.164272 79.733726 77.527574 86.837151 75.008420 78.500636 84.744022 69.847567 94.421670 86.627931 147.950757 59.896541 85.588195 94.073715 
75.367633 57.601780 59.980367 57.367836 97.174266 121.641783 90.707341 87.546645 59.460355 165.125629 110.965271 104.634113 88.490645 83.033662 71.101461 104.229622 78.467162 82.674531 89.003804 101.018390 91.287715 102.438077 100.128612 64.078204 95.567905 79.538274 83.228101 84.213033 73.497988 80.809053 
96.882891 63.320280 79.731599 79.570334 108.697522 89.992213 82.207079 63.976377 63.511377 160.884481 104.839292 85.654947 105.673146 93.747054 97.455908 83.541340 93.162835 87.710230 73.678497 112.726218 126.382678 104.153816 138.968125 83.776318 138.231890 114.980869 93.878005 81.925105 63.261390 120.165759 

21.069769 21.777033 11.626243 15.472092 19.931630 16.626501 18.728408 15.871918 16.342503 21.639022 12.500907 14.465504 21.919072 13.416712 18.064423 13.122897 15.943699 18.962364 17.636669 19.936262 12.880993 17.833269 12.368255 15.359290 20.190140 15.438499 15.306984 16.549021 17.836776 13.121814 
20.760376 22.196205 14.135991 18.829482 22.912823 18.791252 19.883042 16.222523 21.026718 21.132976 15.868876 15.032087 27.616315 15.475603 19.036416 14.953606 17.922490 22.480010 18.832007 20.610077 18.717298 18.124933 13.259944 16.949219 18.945389 20.469263 18.406184 18.072547 21.497224 15.217182 
28.894994 29.530736 19.968083 19.357365 19.753477 20.913753 29.797847 21.570361 22.894297 26.096875 16.157844 18.667275 24.416043 21.408512 22.365427 21.012375 17.944162 30.331817 23.803208 21.844575 21.825597 25.628273 21.381638 27.941367 23.848316 16.422906 18.375789 26.522899 26.414227 22.825055 
39.387975 29.637253 20.864384 28.007380 34.910262 21.964608 32.218022 30.501059 33.988909 33.197381 20.340784 36.952579 33.852012 32.867666 31.323580 20.503424 35.709773 30.523882 25.815444 25.873120 24.539417 36.245728 22.463930 18.067702 28.879867 34.381369 31.911900 31.658187 39.961098 20.222266 
43.031168 34.703854 44.149740 37.337327 31.711177 30.319005 32.487011 35.481253 39.220038 31.739973 40.239751 35.630192 48.306125 43.815269 42.321116 46.114925 31.211101 39.696349 28.850528 32.095763 36.940407 26.252670 27.199501 51.699641 28.465065 39.400769 44.874406 44.065781 42.247419 33.084893 
59.978216 44.739664 48.431222 46.990511 55.443211 50.737294 42.136271 42.158666 30.042542 40.118324 41.941923 60.007786 44.038046 31.730769 58.808414 41.259168 52.749071 68.859514 54.362111 44.944156 39.692339 44.903572 28.053298 36.034041 58.655618 37.546610 56.798651 30.035827 61.350130 28.343896 
53.976351 57.888909 28.864877 56.547139 59.292201 35.818794 44.916599 56.182902 38.980041 49.919473 58.431217 51.929934 64.201136 45.793496 39.410983 48.514730 75.076934 50.198358 68.876400 43.473065 35.101076 58.229287 43.394803 57.896305 43.542983 30.044421 52.331206 59.050948 50.334050 65.267350 
52.643614 55.989751 80.762245 68.698067 51.107204 70.145781 41.361874 34.736338 64.903375 66.311866 55.690803 67.299076 93.191450 36.377618 55.538223 64.358602 90.112231 49.492338 80.651313 63.406925 86.692352 65.787361 67.865453 65.524398 51.262219 39.222159 48.757376 42.304531 65.292638 52.262658 
69.675297 85.028439 76.735025 60.022251 55.372173 113.184201 87.407312 99.573340 48.459347 68.462798 72.108561 56.188639 56.891737 68.196681 108.572580 47.739191 75.424347 78.728629 65.025258 86.699509 50.480177 49.346955 48.184655 84.056838 75.196422 59.584381 62.617709 40.667432 80.755812 38.395438 
60.770236 115.462665 69.569153 105.602476 78.732296 108.313295 95.528174 70.311050 113.275944 42.655204 79.698618 110.926128 91.775551 62.469127 86.074847 73.660379 57.917508 79.091414 83.806109 74.672622 50.043108 70.762507 100.049168 74.996702 54.901424 66.359562 80.018266 72.344965 101.350348 112.988442 
92.349613 117.971780 100.590627 78.757935 68.740452 66.037704 50.991712 92.445195 57.358770 52.553001 86.940146 104.924519 96.286599 99.863923 85.463607 84.097469 94.622977 133.486972 80.351112 114.421944 61.682927 45.539966 104.372988 71.214929 64.158624 74.738813 75.229412 84.080277 64.296539 85.997527 

10.805604 13.226983 6.315081 8.756776 17.761102 12.233509 8.218034 6.205183 12.702658 16.474696 10.660496 8.791742 17.271894 6.415263 10.197599 10.081894 8.766670 15.818378 9.467804 12.129196 8.997541 9.008410 14.936406 13.296704 16.447418 6.415988 7.416783 8.354815 6.939826 9.146383 
14.210694 26.646548 5.130731 8.606214 16.655777 12.717961 11.128914 7.249958 14.084654 16.357475 12.096960 9.209084 18.724407 9.506482 12.918992 11.709764 12.622780 20.629813 10.337812 16.511233 10.233173 11.611912 16.221362 14.765072 21.054031 6.146908 10.202045 9.696719 10.346561 8.047876 
11.241268 25.493306 12.466904 9.881994 22.413192 23.102662 15.835874 10.443469 21.546154 21.436875 15.451169 15.232763 24.157761 16.761932 18.509145 23.409463 23.161428 27.335727 17.751300 19.957718 13.094128 22.680252 19.845517 16.676784 20.643128 9.283844 13.125035 17.074108 14.037831 14.769978 
26.789939 25.789401 25.406134 22.110225 30.402624 21.800599 13.958959 18.277148 15.755928 29.839961 23.609814 25.501359 34.260631 21.516846 32.273135 22.939006 22.262206 23.033249 22.448710 24.813326 21.521982 28.530766 47.020469 26.371002 56.462661 31.451925 21.812363 20.087557 21.413129 18.759084 
41.502553 28.100560 34.632766 26.186140 40.103146 24.403853 36.954412 22.243756 27.502838 41.684501 25.928154 33.005766 35.504368 33.568676 40.880453 34.317914 47.972765 39.367899 29.089335 43.933386 25.897182 44.142705 35.640105 26.067115 40.099526 26.421150 34.163651 21.407172 45.136047 37.245634 
42.894636 44.486958 46.036732 37.785341 45.133708 51.100693 44.940276 27.096010 47.812542 54.648747 45.266478 39.070457 42.991139 42.124921 34.240251 51.799398 53.301506 54.382136 49.740298 56.329128 54.409759 62.080663 47.774577 35.503450 41.383234 35.036259 43.343639 27.631212 50.700467 23.856636 
54.424031 49.443010 48.342905 38.327861 49.317784 57.644520 58.207759 45.862443 39.256393 91.291474 54.024353 58.219493 58.373419 40.718775 52.438092 44.613035 54.687493 75.776780 34.293334 66.476880 47.335579 67.855379 50.304259 47.272779 69.230942 35.981864 47.393127 52.238021 73.321662 53.076293 
85.583651 50.879544 65.580234 31.256036 70.677353 50.545757 57.754355 55.609851 60.299265 84.796073 72.315821 85.189856 67.616765 45.574553 86.400117 84.403405 67.925548 111.594047 62.601699 65.253550 65.975702 89.869598 60.232027 49.816428 93.734166 53.783560 73.184466 83.836433 79.876275 61.418650 
65.976218 100.300271 50.057221 55.976358 79.137518 113.028630 66.357795 56.387257 75.662879 64.277878 79.374265 86.144332 79.775235 78.726897 93.776936 67.365468 84.266394 96.625346 75.190687 106.891007 73.797786 100.220394 76.997649 74.614800 83.832299 63.042753 103.154103 84.457072 91.593327 59.241961 
64.379821 133.939481 98.995860 66.920508 86.289435 95.908106 100.866679 89.042171 82.200852 87.506707 105.767547 132.889391 109.837055 67.681844 131.210917 87.640884 108.572578 93.234754 76.794636 125.615863 114.988647 93.185484 93.451249 65.413403 125.849544 90.124536 127.203700 80.624709 94.663157 83.806055 
124.133132 125.712231 102.381613 89.984333 87.848841 104.889367 80.076995 72.646158 143.339414 106.813296 139.527316 130.233462 99.522827 124.298135 133.652344 125.635458 93.653948 139.928909 99.956472 115.126206 105.165198 125.235713 101.657009 64.384836 96.928674 99.707072 80.515353 108.833150 102.107850 131.871954 

